 L    0.6291909999999999E+00
 P (  0.0000000000000000E+00,  0.0000000000000000E+00,  0.1066695000000000E+00)
 A (  0.0000000000000000E+00,  0.0000000000000000E+00,  0.0000000000000000E+00)
     I  COEFFICIENT            ORDER EXPONENTS
     1  -.9783287643859762E-04   0   0 0  0 0  0 0  0 0
     2   1.306097372978370       1   1 0  0 0  0 0  0 0
     3  0.7190253463286992       1   0 1  0 0  0 0  0 0
     4  0.5527305280896389E-04   1   0 0  1 0  0 0  0 0
     5  0.1640824405896214E-04   1   0 0  0 1  0 0  0 0
     6  -.2146451718107512E-05   1   0 0  0 0  0 1  0 0
     7  -.2143563124544016E-05   1   0 0  0 0  0 0  1 0
     8  0.4290014842651713E-05   1   0 0  0 0  0 0  0 1
     9  0.1457951045231320E-03   2   2 0  0 0  0 0  0 0
    10  0.1111585623902961E-04   2   1 1  0 0  0 0  0 0
    11  -.6872157770661890E-05   2   0 2  0 0  0 0  0 0
    12  0.8365243650228265E-04   2   1 0  1 0  0 0  0 0
    13  -.2834978382692819E-05   2   0 1  1 0  0 0  0 0
    14  -.1823126003467287E-03   2   0 0  2 0  0 0  0 0
    15  0.8248847338958242E-05   2   1 0  0 1  0 0  0 0
    16  -.3886917246855472E-05   2   0 1  0 1  0 0  0 0
    17  -.3405352164721766E-04   2   0 0  1 1  0 0  0 0
    18  0.7502987164615797E-05   2   0 0  0 2  0 0  0 0
    19  -.1598803846156389       2   1 0  0 0  0 1  0 0
    20  -.4061715576638510       2   0 1  0 0  0 1  0 0
    21  -.2768790406164595E-04   2   0 0  1 0  0 1  0 0
    22  -.1642048988345748E-04   2   0 0  0 1  0 1  0 0
    23  -.1596652251289252       2   1 0  0 0  0 0  1 0
    24  -.4056249511237497       2   0 1  0 0  0 0  1 0
    25  -.2765064298524555E-04   2   0 0  1 0  0 0  1 0
    26  -.1639839196204322E-04   2   0 0  0 1  0 0  1 0
    27  0.3195456097445629       2   1 0  0 0  0 0  0 1
    28  0.9277116245890059E-01   2   0 1  0 0  0 0  0 1
    29  0.5533854704689138E-04   2   0 0  1 0  0 0  0 1
    30  0.1641063778653845E-04   2   0 0  0 1  0 0  0 1
    31  0.1728419795064252E-05   2   0 0  0 0  0 2  0 0
    32  0.1311501483071063E-05   2   0 0  0 0  0 1  1 0
    33  0.1725211290752248E-05   2   0 0  0 0  0 0  2 0
    34  -.2621857547319750E-05   2   0 0  0 0  0 1  0 1
    35  -.2618329174996513E-05   2   0 0  0 0  0 0  1 1
    36  0.4750852841895565E-06   2   0 0  0 0  0 0  0 2
    37  0.1691975440442283       3   3 0  0 0  0 0  0 0
    38   1.139760635850626       3   2 1  0 0  0 0  0 0
    39   1.018347297497286       3   1 2  0 0  0 0  0 0
    40  0.5733823787353942       3   0 3  0 0  0 0  0 0
    41  0.1595949882041517E-03   3   2 0  1 0  0 0  0 0
    42  0.2251648647440397E-03   3   1 1  1 0  0 0  0 0
    43  0.1392741303124385E-03   3   0 2  1 0  0 0  0 0
    44  -.3210790692210692       3   1 0  2 0  0 0  0 0
    45  0.5138771458707615       3   0 1  2 0  0 0  0 0
    46  -.2510751247655480E-04   3   0 0  3 0  0 0  0 0
    47  0.2145758377430035E-03   3   2 0  0 1  0 0  0 0
    48  0.1843538056477075E-03   3   1 1  0 1  0 0  0 0
    49  0.7143151933823756E-04   3   0 2  0 1  0 0  0 0
    50  -.5201437091408521       3   1 0  1 1  0 0  0 0
    51  -.5868728508101524E-01   3   0 1  1 1  0 0  0 0
    52  0.1961862901567660E-04   3   0 0  2 1  0 0  0 0
    53  0.1938691524196119       3   1 0  0 2  0 0  0 0
    54  0.3990828491590175       3   0 1  0 2  0 0  0 0
    55  0.5228205687564131E-04   3   0 0  1 2  0 0  0 0
    56  0.2299043974515425E-04   3   0 0  0 3  0 0  0 0
    57  -.6930418268660509E-04   3   2 0  0 0  0 1  0 0
    58  -.9104598580071678E-05   3   1 1  0 0  0 1  0 0
    59  0.9897289973852627E-05   3   0 2  0 0  0 1  0 0
    60  -.4672347141781504E-04   3   1 0  1 0  0 1  0 0
    61  0.1747508514717225E-05   3   0 1  1 0  0 1  0 0
    62  0.1060910204995819E-03   3   0 0  2 0  0 1  0 0
    63  -.9783521022669600E-05   3   1 0  0 1  0 1  0 0
    64  0.5326582037776128E-05   3   0 1  0 1  0 1  0 0
    65  0.4122020423262002E-04   3   0 0  1 1  0 1  0 0
    66  -.1088875445295783E-04   3   0 0  0 2  0 1  0 0
    67  -.6921091638373423E-04   3   2 0  0 0  0 0  1 0
    68  -.9092346040387114E-05   3   1 1  0 0  0 0  1 0
    69  0.9883970667446985E-05   3   0 2  0 0  0 0  1 0
    70  -.4666059317198191E-04   3   1 0  1 0  0 0  1 0
    71  0.1745156800115566E-05   3   0 1  1 0  0 0  1 0
    72  0.1059482482040903E-03   3   0 0  2 0  0 0  1 0
    73  -.9770354821158721E-05   3   1 0  0 1  0 0  1 0
    74  0.5319413774702789E-05   3   0 1  0 1  0 0  1 0
    75  0.4116473202440571E-04   3   0 0  1 1  0 0  1 0
    76  -.1087410088038418E-04   3   0 0  0 2  0 0  1 0
    77  0.1385150990703343E-03   3   2 0  0 0  0 0  0 1
    78  0.7081088381428656E-05   3   1 1  0 0  0 0  0 1
    79  -.6036945099978512E-05   3   0 2  0 0  0 0  0 1
    80  0.9338406458981475E-04   3   1 0  1 0  0 0  0 1
    81  -.6576869321174874E-06   3   0 1  1 0  0 0  0 1
    82  -.2120392687036730E-03   3   0 0  2 0  0 0  0 1
    83  0.1130502850485803E-04   3   1 0  0 1  0 0  0 1
    84  -.2872161318783053E-05   3   0 1  0 1  0 0  0 1
    85  -.4833141460980747E-04   3   0 0  1 1  0 0  0 1
    86  0.6756881004110040E-05   3   0 0  0 2  0 0  0 1
    87  0.1233082759689462       3   1 0  0 0  0 2  0 0
    88  0.3285299326936177       3   0 1  0 0  0 2  0 0
    89  0.2079584663898635E-04   3   0 0  1 0  0 2  0 0
    90  0.1641152134764185E-04   3   0 0  0 1  0 2  0 0
    91  0.8683434228480368E-01   3   1 0  0 0  0 1  1 0
    92  0.2510966305578838       3   0 1  0 0  0 1  1 0
    93  0.1392060839688027E-04   3   0 0  1 0  0 1  1 0
    94  0.1641408629063930E-04   3   0 0  0 1  0 1  1 0
    95  0.1230839047197223       3   1 0  0 0  0 0  2 0
    96  0.3279188555874635       3   0 1  0 0  0 0  2 0
    97  0.2075849371934836E-04   3   0 0  1 0  0 0  2 0
    98  0.1637839084378004E-04   3   0 0  0 1  0 0  2 0
    99  -.1735706323859427       3   1 0  0 0  0 1  0 1
   100  -.9581373563121298E-01   3   0 1  0 0  0 1  0 1
   101  -.2781926314484234E-04   3   0 0  1 0  0 1  0 1
   102  -.1644421351443580E-04   3   0 0  0 1  0 1  0 1
   103  -.1733370492089782       3   1 0  0 0  0 0  1 1
   104  -.9568479402134514E-01   3   0 1  0 0  0 0  1 1
   105  -.2778182529157847E-04   3   0 0  1 0  0 0  1 1
   106  -.1642208366687699E-04   3   0 0  0 1  0 0  1 1
   107  0.1368106882838243E-01   3   1 0  0 0  0 0  0 2
   108  0.2978119881732696E-02   3   0 1  0 0  0 0  0 2
   109  0.1289108969614460E-06   3   0 0  1 0  0 0  0 2
   110  0.2309168163145279E-07   3   0 0  0 1  0 0  0 2
   111  -.1520896707124832E-05   3   0 0  0 0  0 3  0 0
   112  -.1106139337279931E-05   3   0 0  0 0  0 2  1 0
   113  -.1106972447080722E-05   3   0 0  0 0  0 1  2 0
   114  -.1517083288904178E-05   3   0 0  0 0  0 0  3 0
   115  0.2212040238608159E-05   3   0 0  0 0  0 2  0 1
   116  0.1803321207434198E-05   3   0 0  0 0  0 1  1 1
   117  0.2207849966790099E-05   3   0 0  0 0  0 0  2 1
   118  -.4918449235270765E-06   3   0 0  0 0  0 1  0 2
   119  -.4911830218088587E-06   3   0 0  0 0  0 0  1 2
   120  0.1095245898047309E-07   3   0 0  0 0  0 0  0 3
   121  -.7905566847796087E-04   4   4 0  0 0  0 0  0 0
   122  0.5891072622551101E-03   4   3 1  0 0  0 0  0 0
   123  0.9711155476272388E-03   4   2 2  0 0  0 0  0 0
   124  0.7028151059417269E-03   4   1 3  0 0  0 0  0 0
   125  0.3559648766088532E-03   4   0 4  0 0  0 0  0 0
   126  -.2455818993989929E-04   4   3 0  1 0  0 0  0 0
   127  0.4674079016187737E-04   4   2 1  1 0  0 0  0 0
   128  -.4068225533239122E-04   4   1 2  1 0  0 0  0 0
   129  -.5855513977059385E-04   4   0 3  1 0  0 0  0 0
   130  -.7147187271512861E-03   4   2 0  2 0  0 0  0 0
   131  -.1617681305686586E-03   4   1 1  2 0  0 0  0 0
   132  0.1899274548859063E-03   4   0 2  2 0  0 0  0 0
   133  -.8817949656829558E-04   4   1 0  3 0  0 0  0 0
   134  0.3932766697297758E-04   4   0 1  3 0  0 0  0 0
   135  -.3258792194579454E-04   4   0 0  4 0  0 0  0 0
   136  -.7464278136393015E-04   4   3 0  0 1  0 0  0 0
   137  -.8514292112142439E-04   4   2 1  0 1  0 0  0 0
   138  0.8146229547572729E-05   4   1 2  0 1  0 0  0 0
   139  0.3499281071761326E-04   4   0 3  0 1  0 0  0 0
   140  -.7347095145244985E-03   4   2 0  1 1  0 0  0 0
   141  -.9400554163006314E-03   4   1 1  1 1  0 0  0 0
   142  -.1458168804315332E-03   4   0 2  1 1  0 0  0 0
   143  -.2035148208113477E-03   4   1 0  2 1  0 0  0 0
   144  -.1388140980963673E-03   4   0 1  2 1  0 0  0 0
   145  0.1957155637301485E-04   4   0 0  3 1  0 0  0 0
   146  0.4877543132753862E-03   4   2 0  0 2  0 0  0 0
   147  0.3889236927732745E-03   4   1 1  0 2  0 0  0 0
   148  0.3549477398716719E-03   4   0 2  0 2  0 0  0 0
   149  -.6943630534776482E-04   4   1 0  1 2  0 0  0 0
   150  -.1241179000379084E-03   4   0 1  1 2  0 0  0 0
   151  0.7345384174632511E-04   4   0 0  2 2  0 0  0 0
   152  0.4710271053676645E-04   4   1 0  0 3  0 0  0 0
   153  0.3023252385546127E-04   4   0 1  0 3  0 0  0 0
   154  -.1458512051706236E-04   4   0 0  1 3  0 0  0 0
   155  0.4837472644534912E-04   4   0 0  0 4  0 0  0 0
   156  -.2463514330839927       4   3 0  0 0  0 1  0 0
   157  -1.546919102230747       4   2 1  0 0  0 1  0 0
   158  -1.745647834891290       4   1 2  0 0  0 1  0 0
   159  -1.022920488375592       4   0 3  0 0  0 1  0 0
   160  -.1758869028503713E-03   4   2 0  1 0  0 1  0 0
   161  -.3522280925320161E-03   4   1 1  1 0  0 1  0 0
   162  -.2398807796905667E-03   4   0 2  1 0  0 1  0 0
   163  0.2646393298412331       4   1 0  2 0  0 1  0 0
   164  -.5299955007186874       4   0 1  2 0  0 1  0 0
   165  0.1618439754240480E-04   4   0 0  3 0  0 1  0 0
   166  -.2816476034553646E-03   4   2 0  0 1  0 1  0 0
   167  -.3410482625249824E-03   4   1 1  0 1  0 1  0 0
   168  -.1566730275168415E-03   4   0 2  0 1  0 1  0 0
   169  0.7547821535585602       4   1 0  1 1  0 1  0 0
   170  0.1424720578162039       4   0 1  1 1  0 1  0 0
   171  0.9973560717053688E-05   4   0 0  2 1  0 1  0 0
   172  -.2439680951838024       4   1 0  0 2  0 1  0 0
   173  -.6275000557074237       4   0 1  0 2  0 1  0 0
   174  -.5997925871906241E-04   4   0 0  1 2  0 1  0 0
   175  -.4300505105149650E-04   4   0 0  0 3  0 1  0 0
   176  -.2460199049354939       4   3 0  0 0  0 0  1 0
   177  -1.544837331406756       4   2 1  0 0  0 0  1 0
   178  -1.743298624304633       4   1 2  0 0  0 0  1 0
   179  -1.021543890190907       4   0 3  0 0  0 0  1 0
   180  -.1756502025457792E-03   4   2 0  1 0  0 0  1 0
   181  -.3517540805650253E-03   4   1 1  1 0  0 0  1 0
   182  -.2395579594424492E-03   4   0 2  1 0  0 0  1 0
   183  0.2642831907031524       4   1 0  2 0  0 0  1 0
   184  -.5292822577516433       4   0 1  2 0  0 0  1 0
   185  0.1616261734293649E-04   4   0 0  3 0  0 0  1 0
   186  -.2812685753842280E-03   4   2 0  0 1  0 0  1 0
   187  -.3405892958463254E-03   4   1 1  0 1  0 0  1 0
   188  -.1564621843401529E-03   4   0 2  0 1  0 0  1 0
   189  0.7537664033079516       4   1 0  1 1  0 0  1 0
   190  0.1422803256352670       4   0 1  1 1  0 0  1 0
   191  0.9960138769078263E-05   4   0 0  2 1  0 0  1 0
   192  -.2436397744191217       4   1 0  0 2  0 0  1 0
   193  -.6266555957055062       4   0 1  0 2  0 0  1 0
   194  -.5989854145940314E-04   4   0 0  1 2  0 0  1 0
   195  -.4294717688054928E-04   4   0 0  0 3  0 0  1 0
   196  0.4923713380194827       4   3 0  0 0  0 0  0 1
   197   1.951995797786884       4   2 1  0 0  0 0  0 1
   198   1.452251864201351       4   1 2  0 0  0 0  0 1
   199  0.3243172423603182       4   0 3  0 0  0 0  0 1
   200  0.3515371053961486E-03   4   2 0  1 0  0 0  0 1
   201  0.4788173083529807E-03   4   1 1  1 0  0 0  0 1
   202  0.2008904785081132E-03   4   0 2  1 0  0 0  0 1
   203  -.5289225205443830       4   1 0  2 0  0 0  0 1
   204  0.5454006125995725       4   0 1  2 0  0 0  0 1
   205  -.3234701488534116E-04   4   0 0  3 0  0 0  0 1
   206  0.3483403410965892E-03   4   2 0  0 1  0 0  0 1
   207  0.3129299470759070E-03   4   1 1  0 1  0 0  0 1
   208  0.9884065384229947E-04   4   0 2  0 1  0 0  0 1
   209  -.9884048477256566       4   1 0  1 1  0 0  0 1
   210  -.1673778132894417       4   0 1  1 1  0 0  0 1
   211  -.3955232850180787E-04   4   0 0  2 1  0 0  0 1
   212  0.9986956476369926E-01   4   1 0  0 2  0 0  0 1
   213  0.5690710393587808E-01   4   0 1  0 2  0 0  0 1
   214  0.1531368642718278E-04   4   0 0  1 2  0 0  0 1
   215  0.1698090869658301E-04   4   0 0  0 3  0 0  0 1
   216  0.3689747245055317E-03   4   2 0  0 0  0 2  0 0
   217  0.5239468955646003E-03   4   1 1  0 0  0 2  0 0
   218  0.4565651071431673E-03   4   0 2  0 0  0 2  0 0
   219  0.6105122958504415E-05   4   1 0  1 0  0 2  0 0
   220  -.1947935976536558E-04   4   0 1  1 0  0 2  0 0
   221  0.7509181674528286E-04   4   0 0  2 0  0 2  0 0
   222  0.6122162343397659E-04   4   1 0  0 1  0 2  0 0
   223  0.6193492413769910E-04   4   0 1  0 1  0 2  0 0
   224  -.1429241266010263E-04   4   0 0  1 1  0 2  0 0
   225  0.1239538159537861E-03   4   0 0  0 2  0 2  0 0
   226  0.3945870395568049E-03   4   2 0  0 0  0 1  1 0
   227  0.6570092321979446E-03   4   1 1  0 0  0 1  1 0
   228  0.5727702704632729E-03   4   0 2  0 0  0 1  1 0
   229  -.7915300626702163E-05   4   1 0  1 0  0 1  1 0
   230  -.2255068204079422E-04   4   0 1  1 0  0 1  1 0
   231  0.9384562221542435E-04   4   0 0  2 0  0 1  1 0
   232  0.7110757986872122E-04   4   1 0  0 1  0 1  1 0
   233  0.7573436940917846E-04   4   0 1  0 1  0 1  1 0
   234  -.2951402918157929E-04   4   0 0  1 1  0 1  1 0
   235  0.1497852716954038E-03   4   0 0  0 2  0 1  1 0
   236  0.3682126673896879E-03   4   2 0  0 0  0 0  2 0
   237  0.5227997064948844E-03   4   1 1  0 0  0 0  2 0
   238  0.4555652797210306E-03   4   0 2  0 0  0 0  2 0
   239  0.6102232991032692E-05   4   1 0  1 0  0 0  2 0
   240  -.1943797153845796E-04   4   0 1  1 0  0 0  2 0
   241  0.7492761520947178E-04   4   0 0  2 0  0 0  2 0
   242  0.6109138764352789E-04   4   1 0  0 1  0 0  2 0
   243  0.6180061516312366E-04   4   0 1  0 1  0 0  2 0
   244  -.1425331930996443E-04   4   0 0  1 1  0 0  2 0
   245  0.1236862177702619E-03   4   0 0  0 2  0 0  2 0
   246  -.4690682559914120E-03   4   2 0  0 0  0 1  0 1
   247  -.4812790697514522E-03   4   1 1  0 0  0 1  0 1
   248  -.1274836149966468E-03   4   0 2  0 0  0 1  0 1
   249  -.1167101316844522E-05   4   1 0  1 0  0 1  0 1
   250  0.2592315210181338E-04   4   0 1  1 0  0 1  0 1
   251  -.4112729766200075E-04   4   0 0  2 0  0 1  0 1
   252  -.5075616519731537E-04   4   1 0  0 1  0 1  0 1
   253  -.1021495591294423E-04   4   0 1  0 1  0 1  0 1
   254  0.2820565406699787E-04   4   0 0  1 1  0 1  0 1
   255  -.1547898937134488E-04   4   0 0  0 2  0 1  0 1
   256  -.4684370060389199E-03   4   2 0  0 0  0 0  1 1
   257  -.4806313870612774E-03   4   1 1  0 0  0 0  1 1
   258  -.1273120535556788E-03   4   0 2  0 0  0 0  1 1
   259  -.1165530686895875E-05   4   1 0  1 0  0 0  1 1
   260  0.2588826594543061E-04   4   0 1  1 0  0 0  1 1
   261  -.4107195048306959E-04   4   0 0  2 0  0 0  1 1
   262  -.5068785994224799E-04   4   1 0  0 1  0 0  1 1
   263  -.1020120910669076E-04   4   0 1  0 1  0 0  1 1
   264  0.2816769622704095E-04   4   0 0  1 1  0 0  1 1
   265  -.1545815847694837E-04   4   0 0  0 2  0 0  1 1
   266  0.7184818403517211E-04   4   2 0  0 0  0 0  0 2
   267  0.4041509675369483E-04   4   1 1  0 0  0 0  0 2
   268  0.6194089820184983E-05   4   0 2  0 0  0 0  0 2
   269  -.1288616093415537E-04   4   1 0  1 0  0 0  0 2
   270  -.6252989519120575E-05   4   0 1  1 0  0 0  0 2
   271  -.1050297283671561E-04   4   0 0  2 0  0 0  0 2
   272  -.1047030623615887E-05   4   1 0  0 1  0 0  0 2
   273  -.1073262833201039E-05   4   0 1  0 1  0 0  0 2
   274  -.1043265614474692E-04   4   0 0  1 1  0 0  0 2
   275  -.1937089102091948E-05   4   0 0  0 2  0 0  0 2
   276  -.1050639684908586       4   1 0  0 0  0 3  0 0
   277  -.2901134811161450       4   0 1  0 0  0 3  0 0
   278  -.1735456479960062E-04   4   0 0  1 0  0 3  0 0
   279  -.1643144840531574E-04   4   0 0  0 1  0 3  0 0
   280  -.6859987960272777E-01   4   1 0  0 0  0 2  1 0
   281  -.2133313774838181       4   0 1  0 0  0 2  1 0
   282  -.1047836323760245E-04   4   0 0  1 0  0 2  1 0
   283  -.1645878872306309E-04   4   0 0  0 1  0 2  1 0
   284  -.6867320166695190E-01   4   1 0  0 0  0 1  2 0
   285  -.2134855839731234       4   0 1  0 0  0 1  2 0
   286  -.1049219659468770E-04   4   0 0  1 0  0 1  2 0
   287  -.1645868889581494E-04   4   0 0  0 1  0 1  2 0
   288  -.1048057862893876       4   1 0  0 0  0 0  3 0
   289  -.2893844974142658       4   0 1  0 0  0 0  3 0
   290  -.1731249123242783E-04   4   0 0  1 0  0 0  3 0
   291  -.1638721959478193E-04   4   0 0  0 1  0 0  3 0
   292  0.1371750760318915       4   1 0  0 0  0 2  0 1
   293  0.9808165020441395E-01   4   0 1  0 0  0 2  0 1
   294  0.2095515346426729E-04   4   0 0  1 0  0 2  0 1
   295  0.1646805502941319E-04   4   0 0  0 1  0 2  0 1
   296  0.1008771641815641       4   1 0  0 0  0 1  1 1
   297  0.1003432871489739       4   0 1  0 0  0 1  1 1
   298  0.1410946819241390E-04   4   0 0  1 0  0 1  1 1
   299  0.1649180259354901E-04   4   0 0  0 1  0 1  1 1
   300  0.1369225944127155       4   1 0  0 0  0 0  2 1
   301  0.9788213790858177E-01   4   0 1  0 0  0 0  2 1
   302  0.2091745907770627E-04   4   0 0  1 0  0 0  2 1
   303  0.1643479615171780E-04   4   0 0  0 1  0 0  2 1
   304  -.1404297440549434E-01   4   1 0  0 0  0 1  0 2
   305  -.4532665741171875E-02   4   0 1  0 0  0 1  0 2
   306  -.1930291995134560E-06   4   0 0  1 0  0 1  0 2
   307  -.4606642125768676E-07   4   0 0  0 1  0 1  0 2
   308  -.1402407603236166E-01   4   1 0  0 0  0 0  1 2
   309  -.4526565893234407E-02   4   0 1  0 0  0 0  1 2
   310  -.1927694299138813E-06   4   0 0  1 0  0 0  1 2
   311  -.4600442723897646E-07   4   0 0  0 1  0 0  1 2
   312  0.2349709270301632E-03   4   1 0  0 0  0 0  0 3
   313  0.4162399640259333E-04   4   0 1  0 0  0 0  0 3
   314  0.4265894521709344E-07   4   0 0  1 0  0 0  0 3
   315  0.7598601224328007E-08   4   0 0  0 1  0 0  0 3
   316  0.3297722359208975E-04   4   0 0  0 0  0 4  0 0
   317  0.2106017909904694E-04   4   0 0  0 0  0 3  1 0
   318  0.1947802739703413E-04   4   0 0  0 0  0 2  2 0
   319  0.2109424456056593E-04   4   0 0  0 0  0 1  3 0
   320  0.3287435210491776E-04   4   0 0  0 0  0 0  4 0
   321  -.5461442305812067E-05   4   0 0  0 0  0 3  0 1
   322  -.5518528829790580E-05   4   0 0  0 0  0 2  1 1
   323  -.5518398756838613E-05   4   0 0  0 0  0 1  2 1
   324  -.5446709394128535E-05   4   0 0  0 0  0 0  3 1
   325  0.2668306341975913E-06   4   0 0  0 0  0 2  0 2
   326  0.3269886769006021E-06   4   0 0  0 0  0 1  1 2
   327  0.2662515231299018E-06   4   0 0  0 0  0 0  2 2
   328  -.4297722392738700E-08   4   0 0  0 0  0 1  0 3
   329  -.4291938720487192E-08   4   0 0  0 0  0 0  1 3
   330  0.2545615675814893E-15   4   0 0  0 0  0 0  0 4
   ----------------------------------------------------
     I  COEFFICIENT            ORDER EXPONENTS
     1  -.1874256854877873E-05   0   0 0  0 0  0 0  0 0
     2   1.122766839722184       1   1 0  0 0  0 0  0 0
     3   1.383738956015895       1   0 1  0 0  0 0  0 0
     4  0.1974972684603473E-03   1   0 0  1 0  0 0  0 0
     5  0.6892453252659357E-04   1   0 0  0 1  0 0  0 0
     6  -.1112341877155266E-05   1   0 0  0 0  0 1  0 0
     7  -.1110844939879911E-05   1   0 0  0 0  0 0  1 0
     8  0.3489299621573241E-06   1   0 0  0 0  0 0  0 1
     9  -.8876116480035395E-04   2   2 0  0 0  0 0  0 0
    10  -.3970967265090799E-03   2   1 1  0 0  0 0  0 0
    11  -.1210992087053511E-03   2   0 2  0 0  0 0  0 0
    12  0.9213581040808261E-04   2   1 0  1 0  0 0  0 0
    13  -.4033940224644845E-04   2   0 1  1 0  0 0  0 0
    14  -.2288296270404620E-03   2   0 0  2 0  0 0  0 0
    15  -.5278759369060487E-04   2   1 0  0 1  0 0  0 0
    16  -.4114221433609283E-04   2   0 1  0 1  0 0  0 0
    17  0.1792256584951365E-03   2   0 0  1 1  0 0  0 0
    18  0.9062161714216170E-04   2   0 0  0 2  0 0  0 0
    19  -.3937290211073267E-01   2   1 0  0 0  0 1  0 0
    20  -.2014500291252395       2   0 1  0 0  0 1  0 0
    21  -.3431639274020371E-06   2   0 0  1 0  0 1  0 0
    22  -.3454187314080007E-04   2   0 0  0 1  0 1  0 0
    23  -.3931991591465304E-01   2   1 0  0 0  0 0  1 0
    24  -.2011789271700538       2   0 1  0 0  0 0  1 0
    25  -.3427021135612979E-06   2   0 0  1 0  0 0  1 0
    26  -.3449538831582931E-04   2   0 0  0 1  0 0  1 0
    27   1.201459657747566       2   1 0  0 0  0 0  0 1
    28  0.4026289562952919       2   0 1  0 0  0 0  0 1
    29  0.1981831345013103E-03   2   0 0  1 0  0 0  0 1
    30  0.6903726145662921E-04   2   0 0  0 1  0 0  0 1
    31  0.8520797199459470E-06   2   0 0  0 0  0 2  0 0
    32  0.5925136534668586E-06   2   0 0  0 0  0 1  1 0
    33  0.8505343428047458E-06   2   0 0  0 0  0 0  2 0
    34  -.2296668291630083E-05   2   0 0  0 0  0 1  0 1
    35  -.2293577543681515E-05   2   0 0  0 0  0 0  1 1
    36  0.2295120535711743E-05   2   0 0  0 0  0 0  0 2
    37  -1.196507436647731       3   3 0  0 0  0 0  0 0
    38  -1.534071907454660       3   2 1  0 0  0 0  0 0
    39  -1.176635814502268       3   1 2  0 0  0 0  0 0
    40  -.8264655571824775E-01   3   0 3  0 0  0 0  0 0
    41  0.3408513082323765E-03   3   2 0  1 0  0 0  0 0
    42  0.2245268950981690E-03   3   1 1  1 0  0 0  0 0
    43  0.4056145442219405E-04   3   0 2  1 0  0 0  0 0
    44  -2.213341395565133       3   1 0  2 0  0 0  0 0
    45  -.4365633870441477       3   0 1  2 0  0 0  0 0
    46  -.1548766229468075E-03   3   0 0  3 0  0 0  0 0
    47  0.1385314835062416E-03   3   2 0  0 1  0 0  0 0
    48  -.9821597547401948E-04   3   1 1  0 1  0 0  0 0
    49  -.1526049826882228E-04   3   0 2  0 1  0 0  0 0
    50  -2.225255609300522       3   1 0  1 1  0 0  0 0
    51  -.7244206447822885       3   0 1  1 1  0 0  0 0
    52  -.1701096386840637E-03   3   0 0  2 1  0 0  0 0
    53  0.1500483500972179       3   1 0  0 2  0 0  0 0
    54  0.2202755358245671       3   0 1  0 2  0 0  0 0
    55  -.6466393271179722E-04   3   0 0  1 2  0 0  0 0
    56  0.2590880498831061E-04   3   0 0  0 3  0 0  0 0
    57  0.5467934252836708E-04   3   2 0  0 0  0 1  0 0
    58  0.2504609882290283E-03   3   1 1  0 0  0 1  0 0
    59  0.1302569119598391E-03   3   0 2  0 0  0 1  0 0
    60  -.4726179055675502E-04   3   1 0  1 0  0 1  0 0
    61  0.4381136674814028E-05   3   0 1  1 0  0 1  0 0
    62  0.1128756674631755E-03   3   0 0  2 0  0 1  0 0
    63  0.1551511580307195E-04   3   1 0  0 1  0 1  0 0
    64  0.3625640309375682E-04   3   0 1  0 1  0 1  0 0
    65  -.2500015027526671E-04   3   0 0  1 1  0 1  0 0
    66  -.8306939349851039E-04   3   0 0  0 2  0 1  0 0
    67  0.5460575764614467E-04   3   2 0  0 0  0 0  1 0
    68  0.2501239296348873E-03   3   1 1  0 0  0 0  1 0
    69  0.1300816183465173E-03   3   0 2  0 0  0 0  1 0
    70  -.4719818786639513E-04   3   1 0  1 0  0 0  1 0
    71  0.4375240747553065E-05   3   0 1  1 0  0 0  1 0
    72  0.1127237647095498E-03   3   0 0  2 0  0 0  1 0
    73  0.1549423629142633E-04   3   1 0  0 1  0 0  1 0
    74  0.3620761093517820E-04   3   0 1  0 1  0 0  1 0
    75  -.2496650625124081E-04   3   0 0  1 1  0 0  1 0
    76  -.8295760262366519E-04   3   0 0  0 2  0 0  1 0
    77  -.1980462649748714E-03   3   2 0  0 0  0 0  0 1
    78  -.5005849178639159E-03   3   1 1  0 0  0 0  0 1
    79  -.1392393216010077E-03   3   0 2  0 0  0 0  0 1
    80  0.1865957888312324E-03   3   1 0  1 0  0 0  0 1
    81  -.8756377422366454E-05   3   0 1  1 0  0 0  0 1
    82  -.4544290592131883E-03   3   0 0  2 0  0 0  0 1
    83  -.3100935209449814E-04   3   1 0  0 1  0 0  0 1
    84  -.3132179969284240E-04   3   0 1  0 1  0 0  0 1
    85  0.4996665652650942E-04   3   0 0  1 1  0 0  0 1
    86  0.7540537898001341E-04   3   0 0  0 2  0 0  0 1
    87  0.2999255436688672E-01   3   1 0  0 0  0 2  0 0
    88  0.1558733089056943       3   0 1  0 0  0 2  0 0
    89  0.3496577506781838E-06   3   0 0  1 0  0 2  0 0
    90  0.2594393785463030E-04   3   0 0  0 1  0 2  0 0
    91  0.2063733199540825E-01   3   1 0  0 0  0 1  1 0
    92  0.1104188998682468       3   0 1  0 0  0 1  1 0
    93  0.3512851665859286E-06   3   0 0  1 0  0 1  1 0
    94  0.1737421476453108E-04   3   0 0  0 1  0 1  1 0
    95  0.2993830542632248E-01   3   1 0  0 0  0 0  2 0
    96  0.1555892436768339       3   0 1  0 0  0 0  2 0
    97  0.3489508262453030E-06   3   0 0  1 0  0 0  2 0
    98  0.2589733302605514E-04   3   0 0  0 1  0 0  2 0
    99  -.8062232187577037E-01   3   1 0  0 0  0 1  0 1
   100  -.2207154926582379       3   0 1  0 0  0 1  0 1
   101  -.1036468716122682E-05   3   0 0  1 0  0 1  0 1
   102  -.3473865363771424E-04   3   0 0  0 1  0 1  0 1
   103  -.8051382415458810E-01   3   1 0  0 0  0 0  1 1
   104  -.2204184641501790       3   0 1  0 0  0 0  1 1
   105  -.1035073885371599E-05   3   0 0  1 0  0 0  1 1
   106  -.3469190399482459E-04   3   0 0  0 1  0 0  1 1
   107  0.8056801626309758E-01   3   1 0  0 0  0 0  0 2
   108  0.1925250428127496E-01   3   0 1  0 0  0 0  0 2
   109  0.1028126825799914E-05   3   0 0  1 0  0 0  0 2
   110  0.2004223180502899E-06   3   0 0  0 1  0 0  0 2
   111  -.7230013505337853E-06   3   0 0  0 0  0 3  0 0
   112  -.4650188187551474E-06   3   0 0  0 0  0 2  1 0
   113  -.4655376258219419E-06   3   0 0  0 0  0 1  2 0
   114  -.7212294006357927E-06   3   0 0  0 0  0 0  3 0
   115  0.1781947549069855E-05   3   0 0  0 0  0 2  0 1
   116  0.1268608021055380E-05   3   0 0  0 0  0 1  1 1
   117  0.1778695871642094E-05   3   0 0  0 0  0 0  2 1
   118  -.1267919646928554E-05   3   0 0  0 0  0 1  0 2
   119  -.1266213340422705E-05   3   0 0  0 0  0 0  1 2
   120  0.7967081721322833E-07   3   0 0  0 0  0 0  0 3
   121  0.3356530792166337E-03   4   4 0  0 0  0 0  0 0
   122  0.1755855156364789E-02   4   3 1  0 0  0 0  0 0
   123  0.1431273039183645E-02   4   2 2  0 0  0 0  0 0
   124  0.1580215595359606E-03   4   1 3  0 0  0 0  0 0
   125  -.6993466063300879E-04   4   0 4  0 0  0 0  0 0
   126  0.1552347427222700E-06   4   3 0  1 0  0 0  0 0
   127  0.2504564989415229E-03   4   2 1  1 0  0 0  0 0
   128  0.1635791649708687E-03   4   1 2  1 0  0 0  0 0
   129  0.3107956084617348E-04   4   0 3  1 0  0 0  0 0
   130  -.1519601011713404E-03   4   2 0  2 0  0 0  0 0
   131  0.8038660900197826E-03   4   1 1  2 0  0 0  0 0
   132  -.1003108938529662E-03   4   0 2  2 0  0 0  0 0
   133  0.4507541531215356E-07   4   1 0  3 0  0 0  0 0
   134  0.1545394579414226E-03   4   0 1  3 0  0 0  0 0
   135  -.1955518091526712E-03   4   0 0  4 0  0 0  0 0
   136  -.1429671064717366E-06   4   3 0  0 1  0 0  0 0
   137  0.4382096687431135E-04   4   2 1  0 1  0 0  0 0
   138  0.6981846707934586E-04   4   1 2  0 1  0 0  0 0
   139  0.1227108346082589E-04   4   0 3  0 1  0 0  0 0
   140  0.2457820175663578E-02   4   2 0  1 1  0 0  0 0
   141  0.2764704334078476E-02   4   1 1  1 1  0 0  0 0
   142  0.5858865256388499E-03   4   0 2  1 1  0 0  0 0
   143  0.3094236319070081E-03   4   1 0  2 1  0 0  0 0
   144  0.2435939881970926E-03   4   0 1  2 1  0 0  0 0
   145  -.4723334440964330E-04   4   0 0  3 1  0 0  0 0
   146  0.5804122038751128E-03   4   2 0  0 2  0 0  0 0
   147  -.1912721067105275E-03   4   1 1  0 2  0 0  0 0
   148  0.8299181501894460E-05   4   0 2  0 2  0 0  0 0
   149  0.1594398239184354E-03   4   1 0  1 2  0 0  0 0
   150  0.2722018128584148E-04   4   0 1  1 2  0 0  0 0
   151  0.1003679917066623E-03   4   0 0  2 2  0 0  0 0
   152  0.5950970339525347E-04   4   1 0  0 3  0 0  0 0
   153  0.4897208999322251E-05   4   0 1  0 3  0 0  0 0
   154  -.6203040007069927E-04   4   0 0  1 3  0 0  0 0
   155  0.6064956869874681E-04   4   0 0  0 4  0 0  0 0
   156  0.8007097681283747       4   3 0  0 0  0 1  0 0
   157   1.748026483729079       4   2 1  0 0  0 1  0 0
   158   1.578700499380354       4   1 2  0 0  0 1  0 0
   159  0.1737585291545915       4   0 3  0 0  0 1  0 0
   160  -.9231223876750993E-04   4   2 0  1 0  0 1  0 0
   161  -.1644519414813851E-03   4   1 1  1 0  0 1  0 0
   162  -.4925434300708961E-04   4   0 2  1 0  0 1  0 0
   163  0.9398028217419678       4   1 0  2 0  0 1  0 0
   164  0.3512545878706908       4   0 1  2 0  0 1  0 0
   165  0.7279858829685629E-04   4   0 0  3 0  0 1  0 0
   166  -.1216455224829470E-03   4   2 0  0 1  0 1  0 0
   167  0.6319306368994279E-04   4   1 1  0 1  0 1  0 0
   168  0.1621114640511595E-04   4   0 2  0 1  0 1  0 0
   169   2.174876466032794       4   1 0  1 1  0 1  0 0
   170   1.045002409333155       4   0 1  1 1  0 1  0 0
   171  0.1696615185404550E-03   4   0 0  2 1  0 1  0 0
   172  0.3646615988105635E-01   4   1 0  0 2  0 1  0 0
   173  -.2627015699434944       4   0 1  0 2  0 1  0 0
   174  0.9766310279254969E-04   4   0 0  1 2  0 1  0 0
   175  -.3452266953907186E-04   4   0 0  0 3  0 1  0 0
   176  0.7996322106585674       4   3 0  0 0  0 0  1 0
   177   1.745674072068891       4   2 1  0 0  0 0  1 0
   178   1.576575958649859       4   1 2  0 0  0 0  1 0
   179  0.1735246931150127       4   0 3  0 0  0 0  1 0
   180  -.9218800930710318E-04   4   2 0  1 0  0 0  1 0
   181  -.1642306298088953E-03   4   1 1  1 0  0 0  1 0
   182  -.4918805883354784E-04   4   0 2  1 0  0 0  1 0
   183  0.9385380793958394       4   1 0  2 0  0 0  1 0
   184  0.3507818860003882       4   0 1  2 0  0 0  1 0
   185  0.7270061938760490E-04   4   0 0  3 0  0 0  1 0
   186  -.1214818176717465E-03   4   2 0  0 1  0 0  1 0
   187  0.6310802144301390E-04   4   1 1  0 1  0 0  1 0
   188  0.1618933020828888E-04   4   0 2  0 1  0 0  1 0
   189   2.171949619783186       4   1 0  1 1  0 0  1 0
   190   1.043596094339929       4   0 1  1 1  0 0  1 0
   191  0.1694331960646739E-03   4   0 0  2 1  0 0  1 0
   192  0.3641708544167904E-01   4   1 0  0 2  0 0  1 0
   193  -.2623480385513606       4   0 1  0 2  0 0  1 0
   194  0.9753167239151364E-04   4   0 0  1 2  0 0  1 0
   195  -.3447621055740318E-04   4   0 0  0 3  0 0  1 0
   196  -2.796849415434675       4   3 0  0 0  0 0  0 1
   197  -3.493700555797949       4   2 1  0 0  0 0  0 1
   198  -1.978640643527936       4   1 2  0 0  0 0  0 1
   199  -.1819901108331029       4   0 3  0 0  0 0  0 1
   200  0.5253515563069875E-03   4   2 0  1 0  0 0  0 1
   201  0.3286825712902816E-03   4   1 1  1 0  0 0  0 1
   202  0.5788094741844454E-04   4   0 2  1 0  0 0  0 1
   203  -4.091682296702937       4   1 0  2 0  0 0  0 1
   204  -.7020364738710735       4   0 1  2 0  0 0  0 1
   205  -.3003758306312685E-03   4   0 0  3 0  0 0  0 1
   206  0.2431273401546950E-03   4   2 0  0 1  0 0  0 1
   207  -.2808510965893499E-04   4   1 1  0 1  0 0  0 1
   208  -.1879480075759460E-05   4   0 2  0 1  0 0  0 1
   209  -4.346826085815969       4   1 0  1 1  0 0  0 1
   210  -1.364177858890800       4   0 1  1 1  0 0  0 1
   211  -.3390947146051279E-03   4   0 0  2 1  0 0  0 1
   212  -.2229315954199537       4   1 0  0 2  0 0  0 1
   213  0.8449853684572176E-01   4   0 1  0 2  0 0  0 1
   214  -.1305308424722665E-03   4   0 0  1 2  0 0  0 1
   215  0.1718127011985381E-04   4   0 0  0 3  0 0  0 1
   216  -.2671287444955695E-03   4   2 0  0 0  0 2  0 0
   217  -.7708914007595391E-03   4   1 1  0 0  0 2  0 0
   218  -.2245491458527288E-03   4   0 2  0 0  0 2  0 0
   219  -.6342714876999989E-04   4   1 0  1 0  0 2  0 0
   220  -.5269295265883447E-04   4   0 1  1 0  0 2  0 0
   221  -.4006742103986211E-04   4   0 0  2 0  0 2  0 0
   222  0.3828036815052136E-04   4   1 0  0 1  0 2  0 0
   223  0.4833872186541821E-05   4   0 1  0 1  0 2  0 0
   224  -.9534071332368885E-04   4   0 0  1 1  0 2  0 0
   225  0.1163134780886903E-03   4   0 0  0 2  0 2  0 0
   226  -.2962824757166198E-03   4   2 0  0 0  0 1  1 0
   227  -.8060058232501665E-03   4   1 1  0 0  0 1  1 0
   228  -.2525851673322729E-03   4   0 2  0 0  0 1  1 0
   229  -.7628407724249726E-04   4   1 0  1 0  0 1  1 0
   230  -.5155908371371778E-04   4   0 1  1 0  0 1  1 0
   231  -.1404212060674663E-04   4   0 0  2 0  0 1  1 0
   232  0.4437313556947725E-04   4   1 0  0 1  0 1  1 0
   233  0.1232003587642460E-04   4   0 1  0 1  0 1  1 0
   234  -.1649604914494262E-03   4   0 0  1 1  0 1  1 0
   235  0.1178602936418514E-03   4   0 0  0 2  0 1  1 0
   236  -.2665698937243117E-03   4   2 0  0 0  0 0  2 0
   237  -.7693116291176540E-03   4   1 1  0 0  0 0  2 0
   238  -.2240769995877416E-03   4   0 2  0 0  0 0  2 0
   239  -.6329046174439886E-04   4   1 0  1 0  0 0  2 0
   240  -.5258734807399568E-04   4   0 1  1 0  0 0  2 0
   241  -.4000405158087345E-04   4   0 0  2 0  0 0  2 0
   242  0.3819899459784766E-04   4   1 0  0 1  0 0  2 0
   243  0.4819077127335877E-05   4   0 1  0 1  0 0  2 0
   244  -.9510141025741233E-04   4   0 0  1 1  0 0  2 0
   245  0.1160776434772327E-03   4   0 0  0 2  0 0  2 0
   246  0.5344239439632872E-03   4   2 0  0 0  0 1  0 1
   247  0.1056683300628724E-02   4   1 1  0 0  0 1  0 1
   248  0.2664280192696865E-03   4   0 2  0 0  0 1  0 1
   249  0.1015822964497151E-03   4   1 0  1 0  0 1  0 1
   250  0.7023875181342295E-04   4   0 1  1 0  0 1  0 1
   251  0.9671880871255338E-04   4   0 0  2 0  0 1  0 1
   252  -.2745191752797798E-04   4   1 0  0 1  0 1  0 1
   253  0.5007682564978664E-05   4   0 1  0 1  0 1  0 1
   254  0.1792326676855829E-03   4   0 0  1 1  0 1  0 1
   255  -.7289854681677061E-04   4   0 0  0 2  0 1  0 1
   256  0.5337047414060291E-03   4   2 0  0 0  0 0  1 1
   257  0.1055261266042496E-02   4   1 1  0 0  0 0  1 1
   258  0.2660694729976712E-03   4   0 2  0 0  0 0  1 1
   259  0.1014455917825607E-03   4   1 0  1 0  0 0  1 1
   260  0.7014422781147008E-04   4   0 1  1 0  0 0  1 1
   261  0.9658864909798770E-04   4   0 0  2 0  0 0  1 1
   262  -.2741497403113283E-04   4   1 0  0 1  0 0  1 1
   263  0.5000943461786616E-05   4   0 1  0 1  0 0  1 1
   264  0.1789914648083547E-03   4   0 0  1 1  0 0  1 1
   265  -.7280044338805405E-04   4   0 0  0 2  0 0  1 1
   266  -.2381475918510046E-03   4   2 0  0 0  0 0  0 2
   267  -.2044877239790042E-03   4   1 1  0 0  0 0  0 2
   268  -.3498504282218234E-04   4   0 2  0 0  0 0  0 2
   269  -.2620045017670655E-07   4   1 0  1 0  0 0  0 2
   270  -.5632747236088700E-05   4   0 1  1 0  0 0  0 2
   271  -.9919385147581691E-04   4   0 0  2 0  0 0  0 2
   272  -.8336758596790340E-08   4   1 0  0 1  0 0  0 2
   273  -.9913255264878507E-06   4   0 1  0 1  0 0  0 2
   274  -.9562719878986131E-04   4   0 0  1 1  0 0  0 2
   275  -.1848975720891122E-04   4   0 0  0 2  0 0  0 2
   276  -.2530828383799418E-01   4   1 0  0 0  0 3  0 0
   277  -.1331460761162724       4   0 1  0 0  0 3  0 0
   278  -.3419295134145670E-06   4   0 0  1 0  0 3  0 0
   279  -.2166660347996953E-04   4   0 0  0 1  0 3  0 0
   280  -.1594612388115821E-01   4   1 0  0 0  0 2  1 0
   281  -.8772219681360663E-01   4   0 1  0 0  0 2  1 0
   282  -.3335581456434572E-06   4   0 0  1 0  0 2  1 0
   283  -.1311103956654762E-04   4   0 0  0 1  0 2  1 0
   284  -.1596495385974670E-01   4   1 0  0 0  0 1  2 0
   285  -.8781352908616513E-01   4   0 1  0 0  0 1  2 0
   286  -.3335741154541660E-06   4   0 0  1 0  0 1  2 0
   287  -.1312825121962600E-04   4   0 0  0 1  0 1  2 0
   288  -.2524648049397689E-01   4   1 0  0 0  0 0  3 0
   289  -.1328183569426496       4   0 1  0 0  0 0  3 0
   290  -.3410151435235661E-06   4   0 0  1 0  0 0  3 0
   291  -.2161405642840117E-04   4   0 0  0 1  0 0  3 0
   292  0.6187855399030978E-01   4   1 0  0 0  0 2  0 1
   293  0.1754138173429743       4   0 1  0 0  0 2  0 1
   294  0.1026213469175812E-05   4   0 0  1 0  0 2  0 1
   295  0.2620092123804707E-04   4   0 0  0 1  0 2  0 1
   296  0.4318508905264686E-01   4   1 0  0 0  0 1  1 1
   297  0.1302336720200362       4   0 1  0 0  0 1  1 1
   298  0.1015983947665113E-05   4   0 0  1 0  0 1  1 1
   299  0.1768610528092360E-04   4   0 0  0 1  0 1  1 1
   300  0.6176622251978277E-01   4   1 0  0 0  0 0  2 1
   301  0.1750901225255090       4   0 1  0 0  0 0  2 1
   302  0.1024148807795176E-05   4   0 0  1 0  0 0  2 1
   303  0.2615376070956666E-04   4   0 0  0 1  0 0  2 1
   304  -.4316000838821910E-01   4   1 0  0 0  0 1  0 2
   305  -.1981516587267938E-01   4   0 1  0 0  0 1  0 2
   306  -.1026002171104888E-05   4   0 0  1 0  0 1  0 2
   307  -.2999698501917668E-06   4   0 0  0 1  0 1  0 2
   308  -.4310192568299035E-01   4   1 0  0 0  0 0  1 2
   309  -.1978849955630413E-01   4   0 1  0 0  0 0  1 2
   310  -.1024621425736773E-05   4   0 0  1 0  0 0  1 2
   311  -.2995661649044496E-06   4   0 0  0 1  0 0  1 2
   312  0.1897972602704267E-02   4   1 0  0 0  0 0  0 3
   313  0.3662189554777730E-03   4   0 1  0 0  0 0  0 3
   314  0.3408322573294124E-06   4   0 0  1 0  0 0  0 3
   315  0.6623045981279013E-07   4   0 0  0 1  0 0  0 3
   316  0.1562095620894992E-04   4   0 0  0 0  0 4  0 0
   317  0.9568354524070859E-05   4   0 0  0 0  0 3  1 0
   318  0.8765028538629144E-05   4   0 0  0 0  0 2  2 0
   319  0.9585660969441076E-05   4   0 0  0 0  0 1  3 0
   320  0.1557250079529902E-04   4   0 0  0 0  0 0  4 0
   321  -.1866805142223148E-04   4   0 0  0 0  0 3  0 1
   322  -.1240601160982622E-04   4   0 0  0 0  0 2  1 1
   323  -.1241860163373202E-04   4   0 0  0 0  0 1  2 1
   324  -.1862203109035057E-04   4   0 0  0 0  0 0  3 1
   325  0.9401408147631566E-06   4   0 0  0 0  0 2  0 2
   326  0.1133474890214901E-05   4   0 0  0 0  0 1  1 2
   327  0.9381129290177198E-06   4   0 0  0 0  0 0  2 2
   328  -.4770337009950614E-08   4   0 0  0 0  0 1  0 3
   329  -.4763917315220818E-08   4   0 0  0 0  0 0  1 3
   330  -.7833280513926991E-15   4   0 0  0 0  0 0  0 4
   ----------------------------------------------------
     I  COEFFICIENT            ORDER EXPONENTS
     1  -.2232307797523318E-04   0   0 0  0 0  0 0  0 0
     2  0.5523093373972616E-04   1   1 0  0 0  0 0  0 0
     3  0.1638234342892750E-04   1   0 1  0 0  0 0  0 0
     4  0.7198847079366111       1   0 0  1 0  0 0  0 0
     5  0.5450675875798168       1   0 0  0 1  0 0  0 0
     6  -.9301792958321864E-06   1   0 0  0 0  0 1  0 0
     7  -.9289275043736715E-06   1   0 0  0 0  0 0  1 0
     8  0.1859106800189285E-05   1   0 0  0 0  0 0  0 1
     9  0.3536973183593675E-04   2   2 0  0 0  0 0  0 0
    10  0.8572813657039191E-05   2   1 1  0 0  0 0  0 0
    11  0.1879150852258423E-05   2   0 2  0 0  0 0  0 0
    12  -.2986996475193711E-03   2   1 0  1 0  0 0  0 0
    13  -.3104150097851426E-04   2   0 1  1 0  0 0  0 0
    14  -.3632953888505637E-04   2   0 0  2 0  0 0  0 0
    15  -.9845724075942499E-05   2   1 0  0 1  0 0  0 0
    16  0.1706121992071787E-04   2   0 1  0 1  0 0  0 0
    17  -.2048136108164750E-05   2   0 0  1 1  0 0  0 0
    18  0.5394157278560826E-05   2   0 0  0 2  0 0  0 0
    19  -.2768671358772034E-04   2   1 0  0 0  0 1  0 0
    20  -.1640738413359848E-04   2   0 1  0 0  0 1  0 0
    21  0.1338766217472337       2   0 0  1 0  0 1  0 0
    22  -.2320158940773097       2   0 0  0 1  0 1  0 0
    23  -.2764945411340364E-04   2   1 0  0 0  0 0  1 0
    24  -.1638530384928473E-04   2   0 1  0 0  0 0  1 0
    25  0.1336964568990728       2   0 0  1 0  0 0  1 0
    26  -.2317036580215909       2   0 0  0 1  0 0  1 0
    27  0.5533616770112381E-04   2   1 0  0 0  0 0  0 1
    28  0.1641034455397479E-04   2   0 1  0 0  0 0  0 1
    29  -.2675730786463065       2   0 0  1 0  0 0  0 1
    30  -.8134803548091599E-01   2   0 0  0 1  0 0  0 1
    31  0.6937111982237670E-06   2   0 0  0 0  0 2  0 0
    32  0.4578767866463962E-06   2   0 0  0 0  0 1  1 0
    33  0.6924695398353069E-06   2   0 0  0 0  0 0  2 0
    34  -.9151153668769026E-06   2   0 0  0 0  0 1  0 1
    35  -.9138838477440646E-06   2   0 0  0 0  0 0  1 1
    36  -.1505324489258352E-07   2   0 0  0 0  0 0  0 2
    37  0.6714209478090325E-04   3   3 0  0 0  0 0  0 0
    38  0.2236890800148962E-03   3   2 1  0 0  0 0  0 0
    39  0.1571439636506531E-03   3   1 2  0 0  0 0  0 0
    40  0.3859379401238937E-04   3   0 3  0 0  0 0  0 0
    41  -.5433242096576703       3   2 0  1 0  0 0  0 0
    42  -.6168942559440674       3   1 1  1 0  0 0  0 0
    43  -.4004299775724174       3   0 2  1 0  0 0  0 0
    44  -.1171572862569441E-03   3   1 0  2 0  0 0  0 0
    45  0.1050284582204827E-04   3   0 1  2 0  0 0  0 0
    46  -.5490649410309194E-01   3   0 0  3 0  0 0  0 0
    47  -.6173336311342503       3   2 0  0 1  0 0  0 0
    48  -.2489178734815871       3   1 1  0 1  0 0  0 0
    49  0.1636937362861155       3   0 2  0 1  0 0  0 0
    50  -.1831108626477517E-03   3   1 0  1 1  0 0  0 0
    51  -.2537935889659249E-04   3   0 1  1 1  0 0  0 0
    52  -.2142542291038997       3   0 0  2 1  0 0  0 0
    53  0.3433182768695763E-04   3   1 0  0 2  0 0  0 0
    54  0.2458636169522610E-04   3   0 1  0 2  0 0  0 0
    55  -.4193298475414543       3   0 0  1 2  0 0  0 0
    56  0.1551296594513024       3   0 0  0 3  0 0  0 0
    57  -.1789657956167662E-04   3   2 0  0 0  0 1  0 0
    58  -.1083189816298129E-04   3   1 1  0 0  0 1  0 0
    59  -.3430364888434382E-05   3   0 2  0 0  0 1  0 0
    60  0.1485749967962984E-03   3   1 0  1 0  0 1  0 0
    61  0.3679241376691018E-04   3   0 1  1 0  0 1  0 0
    62  0.1676355276306419E-04   3   0 0  2 0  0 1  0 0
    63  0.7045103178524689E-05   3   1 0  0 1  0 1  0 0
    64  -.2468622950300248E-04   3   0 1  0 1  0 1  0 0
    65  0.4760220619874520E-05   3   0 0  1 1  0 1  0 0
    66  -.7111478976842254E-05   3   0 0  0 2  0 1  0 0
    67  -.1787249518833913E-04   3   2 0  0 0  0 0  1 0
    68  -.1081732110492330E-04   3   1 1  0 0  0 0  1 0
    69  -.3425748465034944E-05   3   0 2  0 0  0 0  1 0
    70  0.1483750515677072E-03   3   1 0  1 0  0 0  1 0
    71  0.3674290027042881E-04   3   0 1  1 0  0 0  1 0
    72  0.1674099316379451E-04   3   0 0  2 0  0 0  1 0
    73  0.7035622210691034E-05   3   1 0  0 1  0 0  1 0
    74  -.2465300793875822E-04   3   0 1  0 1  0 0  1 0
    75  0.4753814539305715E-05   3   0 0  1 1  0 0  1 0
    76  -.7101908683587626E-05   3   0 0  0 2  0 0  1 0
    77  0.3576907475000519E-04   3   2 0  0 0  0 0  0 1
    78  0.1307640561083970E-04   3   1 1  0 0  0 0  0 1
    79  0.3097811648936619E-05   3   0 2  0 0  0 0  0 1
    80  -.2969500483637846E-03   3   1 0  1 0  0 0  0 1
    81  -.4249381305871752E-04   3   0 1  1 0  0 0  0 1
    82  -.3350454592688209E-04   3   0 0  2 0  0 0  0 1
    83  -.4235001313422294E-05   3   1 0  0 1  0 0  0 1
    84  0.1521679760025275E-04   3   0 1  0 1  0 0  0 1
    85  -.7465899050886910E-05   3   0 0  1 1  0 0  0 1
    86  0.3425073103297491E-05   3   0 0  0 2  0 0  0 1
    87  0.2079179083503040E-04   3   1 0  0 0  0 2  0 0
    88  0.1640823262508889E-04   3   0 1  0 0  0 2  0 0
    89  -.9730032667306686E-01   3   0 0  1 0  0 2  0 0
    90  0.1542934591577617       3   0 0  0 1  0 2  0 0
    91  0.1391679140179647E-04   3   1 0  0 0  0 1  1 0
    92  0.1641649497130963E-04   3   0 1  0 0  0 1  1 0
    93  -.6082225973489405E-01   3   0 0  1 0  0 1  1 0
    94  0.7677980658157096E-01   3   0 0  0 1  0 1  1 0
    95  0.2075444594189837E-04   3   1 0  0 0  0 0  2 0
    96  0.1637510492629163E-04   3   0 1  0 0  0 0  2 0
    97  -.9712845861368717E-01   3   0 0  1 0  0 0  2 0
    98  0.1540341549694307       3   0 0  0 1  0 0  2 0
    99  -.2781485131896248E-04   3   1 0  0 0  0 1  0 1
   100  -.1644772662526098E-04   3   0 1  0 0  0 1  0 1
   101  0.1215463673377304       3   0 0  1 0  0 1  0 1
   102  0.7866500692608343E-01   3   0 0  0 1  0 1  0 1
   103  -.2777741940292595E-04   3   1 0  0 0  0 0  1 1
   104  -.1642559204992319E-04   3   0 1  0 0  0 0  1 1
   105  0.1213827959648492       3   0 0  1 0  0 0  1 1
   106  0.7855914326711579E-01   3   0 0  0 1  0 0  1 1
   107  0.1284868711539786E-06   3   1 0  0 0  0 0  0 2
   108  0.2289013664584942E-07   3   0 1  0 0  0 0  0 2
   109  0.1232193426930529E-01   3   0 0  1 0  0 0  0 2
   110  0.2735947051598693E-02   3   0 0  0 1  0 0  0 2
   111  -.5755058441519802E-06   3   0 0  0 0  0 3  0 0
   112  -.3392566996321637E-06   3   0 0  0 0  0 2  1 0
   113  -.3397320355859253E-06   3   0 0  0 0  0 1  2 0
   114  -.5741161411687308E-06   3   0 0  0 0  0 0  3 0
   115  0.6783588298563899E-06   3   0 0  0 0  0 2  0 1
   116  0.4422378669338797E-06   3   0 0  0 0  0 1  1 1
   117  0.6771483550002988E-06   3   0 0  0 0  0 0  2 1
   118  0.1563836178546852E-07   3   0 0  0 0  0 1  0 2
   119  0.1561731641519137E-07   3   0 0  0 0  0 0  1 2
   120  -.3830628051668146E-09   3   0 0  0 0  0 0  0 3
   121  0.5832776344008450E-05   4   4 0  0 0  0 0  0 0
   122  0.7345309389804774E-05   4   3 1  0 0  0 0  0 0
   123  -.2325848206562326E-04   4   2 2  0 0  0 0  0 0
   124  -.9391934423750577E-05   4   1 3  0 0  0 0  0 0
   125  0.5117513040534009E-05   4   0 4  0 0  0 0  0 0
   126  -.1223065574711322E-02   4   3 0  1 0  0 0  0 0
   127  -.1820669943039208E-02   4   2 1  1 0  0 0  0 0
   128  -.1230514086398523E-02   4   1 2  1 0  0 0  0 0
   129  -.4317026676093769E-03   4   0 3  1 0  0 0  0 0
   130  -.1928527890564065E-03   4   2 0  2 0  0 0  0 0
   131  -.1472762670748560E-03   4   1 1  2 0  0 0  0 0
   132  -.6492805295931491E-04   4   0 2  2 0  0 0  0 0
   133  -.2700169673279938E-03   4   1 0  3 0  0 0  0 0
   134  -.2360791949679563E-03   4   0 1  3 0  0 0  0 0
   135  -.6393904284475461E-04   4   0 0  4 0  0 0  0 0
   136  0.7404264699124765E-04   4   3 0  0 1  0 0  0 0
   137  0.7645106663212765E-03   4   2 1  0 1  0 0  0 0
   138  0.4011171963425147E-03   4   1 2  0 1  0 0  0 0
   139  0.1366527089584670E-03   4   0 3  0 1  0 0  0 0
   140  -.2635119224473119E-04   4   2 0  1 1  0 0  0 0
   141  0.9449202101628534E-04   4   1 1  1 1  0 0  0 0
   142  -.4653465888797144E-04   4   0 2  1 1  0 0  0 0
   143  0.5201756206631699E-04   4   1 0  2 1  0 0  0 0
   144  0.1369606917970585E-05   4   0 1  2 1  0 0  0 0
   145  -.5711751526659755E-05   4   0 0  3 1  0 0  0 0
   146  -.5602535214812095E-04   4   2 0  0 2  0 0  0 0
   147  0.1504933465293909E-05   4   1 1  0 2  0 0  0 0
   148  0.3206846879532821E-04   4   0 2  0 2  0 0  0 0
   149  -.1846327132038378E-03   4   1 0  1 2  0 0  0 0
   150  -.2235112935568604E-03   4   0 1  1 2  0 0  0 0
   151  0.1495192417731316E-04   4   0 0  2 2  0 0  0 0
   152  0.7533216317511887E-04   4   1 0  0 3  0 0  0 0
   153  0.1131820017605554E-03   4   0 1  0 3  0 0  0 0
   154  -.4953856187975675E-04   4   0 0  1 3  0 0  0 0
   155  0.2417800479637494E-04   4   0 0  0 4  0 0  0 0
   156  -.7952447831890215E-04   4   3 0  0 0  0 1  0 0
   157  -.2998555838156089E-03   4   2 1  0 0  0 1  0 0
   158  -.2709868431159458E-03   4   1 2  0 0  0 1  0 0
   159  -.8216663954704894E-04   4   0 3  0 0  0 1  0 0
   160  0.5975467195204096       4   2 0  1 0  0 1  0 0
   161  0.9480525072070421       4   1 1  1 0  0 1  0 0
   162  0.6565812009329399       4   0 2  1 0  0 1  0 0
   163  0.1112598618741774E-03   4   1 0  2 0  0 1  0 0
   164  0.2818623381705125E-04   4   0 1  2 0  0 1  0 0
   165  0.9311274137790562E-01   4   0 0  3 0  0 1  0 0
   166  0.6872182586730269       4   2 0  0 1  0 1  0 0
   167  0.4735466357741974       4   1 1  0 1  0 1  0 0
   168  -.1508078395147369       4   0 2  0 1  0 1  0 0
   169  0.2675775832770009E-03   4   1 0  1 1  0 1  0 0
   170  0.8098254201623309E-04   4   0 1  1 1  0 1  0 0
   171  0.1189158319250251       4   0 0  2 1  0 1  0 0
   172  -.2875116680726774E-04   4   1 0  0 2  0 1  0 0
   173  -.3914304168845965E-04   4   0 1  0 2  0 1  0 0
   174  0.5346136423061593       4   0 0  1 2  0 1  0 0
   175  -.1711895166537340       4   0 0  0 3  0 1  0 0
   176  -.7941745802383987E-04   4   3 0  0 0  0 0  1 0
   177  -.2994520523026160E-03   4   2 1  0 0  0 0  1 0
   178  -.2706221617936487E-03   4   1 2  0 0  0 0  1 0
   179  -.8205606355592588E-04   4   0 3  0 0  0 0  1 0
   180  0.5967425693066806       4   2 0  1 0  0 0  1 0
   181  0.9467766628230095       4   1 1  1 0  0 0  1 0
   182  0.6556976048963249       4   0 2  1 0  0 0  1 0
   183  0.1111101335955629E-03   4   1 0  2 0  0 0  1 0
   184  0.2814830211195135E-04   4   0 1  2 0  0 0  1 0
   185  0.9298743463881061E-01   4   0 0  3 0  0 0  1 0
   186  0.6862934327279794       4   2 0  0 1  0 0  1 0
   187  0.4729093590292535       4   1 1  0 1  0 0  1 0
   188  -.1506048894316464       4   0 2  0 1  0 0  1 0
   189  0.2672174899759214E-03   4   1 0  1 1  0 0  1 0
   190  0.8087355952776251E-04   4   0 1  1 1  0 0  1 0
   191  0.1187558006027297       4   0 0  2 1  0 0  1 0
   192  -.2871247484197396E-04   4   1 0  0 2  0 0  1 0
   193  -.3909036482770324E-04   4   0 1  0 2  0 0  1 0
   194  0.5338941844618119       4   0 0  1 2  0 0  1 0
   195  -.1709591378701036       4   0 0  0 3  0 0  1 0
   196  0.1589419363427413E-03   4   3 0  0 0  0 0  0 1
   197  0.3756185561033406E-03   4   2 1  0 0  0 0  0 1
   198  0.2273210776083177E-03   4   1 2  0 0  0 0  0 1
   199  0.4844132106582522E-04   4   0 3  0 0  0 0  0 1
   200  -1.194289288827087       4   2 0  1 0  0 0  0 1
   201  -1.277934914085979       4   1 1  1 0  0 0  0 1
   202  -.5114188506844296       4   0 2  1 0  0 0  0 1
   203  -.2223699954697397E-03   4   1 0  2 0  0 0  0 1
   204  -.6683738175102270E-04   4   0 1  2 0  0 0  0 1
   205  -.1861001760167154       4   0 0  3 0  0 0  0 1
   206  -.7561780602667545       4   2 0  0 1  0 0  0 1
   207  -.4486202478402752       4   1 1  0 1  0 0  0 1
   208  -.1896684799119621       4   0 2  0 1  0 0  0 1
   209  -.3516842106051693E-03   4   1 0  1 1  0 0  0 1
   210  -.1110973837508469E-03   4   0 1  1 1  0 0  0 1
   211  -.2341740342385640E-01   4   0 0  2 1  0 0  0 1
   212  -.1120001372467353E-04   4   1 0  0 2  0 0  0 1
   213  0.4474321430496855E-05   4   0 1  0 2  0 0  0 1
   214  -.2298481316850634       4   0 0  1 2  0 0  0 1
   215  -.1232403238300688       4   0 0  0 3  0 0  0 1
   216  -.2859638394551545E-04   4   2 0  0 0  0 2  0 0
   217  -.1402248735826008E-04   4   1 1  0 0  0 2  0 0
   218  0.1469417208445116E-04   4   0 2  0 0  0 2  0 0
   219  -.1984328169300780E-03   4   1 0  1 0  0 2  0 0
   220  -.2642492176583530E-03   4   0 1  1 0  0 2  0 0
   221  -.1910210268661280E-04   4   0 0  2 0  0 2  0 0
   222  -.1563240756182904E-04   4   1 0  0 1  0 2  0 0
   223  0.1038948418482589E-03   4   0 1  0 1  0 2  0 0
   224  -.6754899572985166E-04   4   0 0  1 1  0 2  0 0
   225  0.4020843562140401E-04   4   0 0  0 2  0 2  0 0
   226  -.3392529392931834E-04   4   2 0  0 0  0 1  1 0
   227  -.1606405722353364E-04   4   1 1  0 0  0 1  1 0
   228  0.1704785500683305E-04   4   0 2  0 0  0 1  1 0
   229  -.1783338020027692E-03   4   1 0  1 0  0 1  1 0
   230  -.3065791600163274E-03   4   0 1  1 0  0 1  1 0
   231  -.8142151065832170E-05   4   0 0  2 0  0 1  1 0
   232  -.3013928495142483E-04   4   1 0  0 1  0 1  1 0
   233  0.1140217335067048E-03   4   0 1  0 1  0 1  1 0
   234  -.7676174179133408E-04   4   0 0  1 1  0 1  1 0
   235  0.4498600853466036E-04   4   0 0  0 2  0 1  1 0
   236  -.2853507274884344E-04   4   2 0  0 0  0 0  2 0
   237  -.1399280743007120E-04   4   1 1  0 0  0 0  2 0
   238  0.1466292626025065E-04   4   0 2  0 0  0 0  2 0
   239  -.1980457787837986E-03   4   1 0  1 0  0 0  2 0
   240  -.2636873136223848E-03   4   0 1  1 0  0 0  2 0
   241  -.1907091731548837E-04   4   0 0  2 0  0 0  2 0
   242  -.1559109018982113E-04   4   1 0  0 1  0 0  2 0
   243  0.1036783025288528E-03   4   0 1  0 1  0 0  2 0
   244  -.6740644030763616E-04   4   0 0  1 1  0 0  2 0
   245  0.4012405497861400E-04   4   0 0  0 2  0 0  2 0
   246  0.2834717338711473E-04   4   2 0  0 0  0 1  0 1
   247  0.1566537264451042E-04   4   1 1  0 0  0 1  0 1
   248  0.5821897858146961E-05   4   0 2  0 0  0 1  0 1
   249  0.2808941771246320E-03   4   1 0  1 0  0 1  0 1
   250  0.2299498251316622E-03   4   0 1  1 0  0 1  0 1
   251  0.6478807367734417E-05   4   0 0  2 0  0 1  0 1
   252  0.3434993184621768E-04   4   1 0  0 1  0 1  0 1
   253  0.6637695905751113E-04   4   0 1  0 1  0 1  0 1
   254  0.4229296409837554E-04   4   0 0  1 1  0 1  0 1
   255  0.1762981099145646E-04   4   0 0  0 2  0 1  0 1
   256  0.2830902509712633E-04   4   2 0  0 0  0 0  1 1
   257  0.1564429092428885E-04   4   1 1  0 0  0 0  1 1
   258  0.5814063022386003E-05   4   0 2  0 0  0 0  1 1
   259  0.2805161629791418E-03   4   1 0  1 0  0 0  1 1
   260  0.2296403694941599E-03   4   0 1  1 0  0 0  1 1
   261  0.6470088494114532E-05   4   0 0  2 0  0 0  1 1
   262  0.3430370532679530E-04   4   1 0  0 1  0 0  1 1
   263  0.6628763207424933E-04   4   0 1  0 1  0 0  1 1
   264  0.4223604822049027E-04   4   0 0  1 1  0 0  1 1
   265  0.1760608562268838E-04   4   0 0  0 2  0 0  1 1
   266  -.3690358250961000E-05   4   2 0  0 0  0 0  0 2
   267  -.1645962367540956E-05   4   1 1  0 0  0 0  0 2
   268  -.7868203284675344E-07   4   0 2  0 0  0 0  0 2
   269  -.2791225931092382E-04   4   1 0  1 0  0 0  0 2
   270  -.2083754666251122E-05   4   0 1  1 0  0 0  0 2
   271  0.1588564409581722E-04   4   0 0  2 0  0 0  0 2
   272  -.1493059641207777E-04   4   1 0  0 1  0 0  0 2
   273  -.2172510501325309E-05   4   0 1  0 1  0 0  0 2
   274  0.7278351424998380E-05   4   0 0  1 1  0 0  0 2
   275  0.5574832910523788E-06   4   0 0  0 2  0 0  0 2
   276  -.1735218599934537E-04   4   1 0  0 0  0 3  0 0
   277  -.1642453649750987E-04   4   0 1  0 0  0 3  0 0
   278  0.7905180555153563E-01   4   0 0  1 0  0 3  0 0
   279  -.1157960944277738       4   0 0  0 1  0 3  0 0
   280  -.1047772448244218E-04   4   1 0  0 0  0 2  1 0
   281  -.1644980287278788E-04   4   0 1  0 0  0 2  1 0
   282  0.4257932157003273E-01   4   0 0  1 0  0 2  1 0
   283  -.3885245861992766E-01   4   0 0  0 1  0 2  1 0
   284  -.1049155433338819E-04   4   1 0  0 0  0 1  2 0
   285  -.1644970725084043E-04   4   0 1  0 0  0 1  2 0
   286  0.4265273124486085E-01   4   0 0  1 0  0 1  2 0
   287  -.3900746472927840E-01   4   0 0  0 1  0 1  2 0
   288  -.1731011766321520E-04   4   1 0  0 0  0 0  3 0
   289  -.1638032767778021E-04   4   0 1  0 0  0 0  3 0
   290  0.7886361729089580E-01   4   0 0  1 0  0 0  3 0
   291  -.1155362374569936       4   0 0  0 1  0 0  3 0
   292  0.2095236960657675E-04   4   1 0  0 0  0 2  0 1
   293  0.1646886690677043E-04   4   0 1  0 0  0 2  0 1
   294  -.8513400939601071E-01   4   0 0  1 0  0 2  0 1
   295  -.7663970272721525E-01   4   0 0  0 1  0 2  0 1
   296  0.1410830792950568E-04   4   1 0  0 0  0 1  1 1
   297  0.1648992050176391E-04   4   0 1  0 0  0 1  1 1
   298  -.4881943539817030E-01   4   0 0  1 0  0 1  1 1
   299  -.7461970717990621E-01   4   0 0  0 1  0 1  1 1
   300  0.2091467974711317E-04   4   1 0  0 0  0 0  2 1
   301  0.1643560820294137E-04   4   0 1  0 0  0 0  2 1
   302  -.8498659061070343E-01   4   0 0  1 0  0 0  2 1
   303  -.7648635478458016E-01   4   0 0  0 1  0 0  2 1
   304  -.1926681603647178E-06   4   1 0  0 0  0 1  0 2
   305  -.4577579238078799E-07   4   0 1  0 0  0 1  0 2
   306  -.1200266453496526E-01   4   0 0  1 0  0 1  0 2
   307  -.4047964296606605E-02   4   0 0  0 1  0 1  0 2
   308  -.1924088766346139E-06   4   1 0  0 0  0 0  1 2
   309  -.4571418947672344E-07   4   0 1  0 0  0 0  1 2
   310  -.1198651191470008E-01   4   0 0  1 0  0 0  1 2
   311  -.4042516737030227E-02   4   0 0  0 1  0 0  1 2
   312  0.4270109836251726E-07   4   1 0  0 0  0 0  0 3
   313  0.7606524010310757E-08   4   0 1  0 0  0 0  0 3
   314  -.2182306963150524E-03   4   0 0  1 0  0 0  0 3
   315  -.3912004038638027E-04   4   0 0  0 1  0 0  0 3
   316  0.5758831248520413E-05   4   0 0  0 0  0 4  0 0
   317  0.2820607106382516E-05   4   0 0  0 0  0 3  1 0
   318  0.2430372661305343E-05   4   0 0  0 0  0 2  2 0
   319  0.2829017099449523E-05   4   0 0  0 0  0 1  3 0
   320  0.5741442278236564E-05   4   0 0  0 0  0 0  4 0
   321  0.8141133866194148E-06   4   0 0  0 0  0 3  0 1
   322  0.9190904753555524E-06   4   0 0  0 0  0 2  1 1
   323  0.9188763539300538E-06   4   0 0  0 0  0 1  2 1
   324  0.8118523924096787E-06   4   0 0  0 0  0 0  3 1
   325  0.1216451198504100E-07   4   0 0  0 0  0 2  0 2
   326  0.1517028376031688E-07   4   0 0  0 0  0 1  1 2
   327  0.1213793383163985E-07   4   0 0  0 0  0 0  2 2
   328  0.8045778949623507E-10   4   0 0  0 0  0 1  0 3
   329  0.8034951319497526E-10   4   0 0  0 0  0 0  1 3
   ----------------------------------------------------
     I  COEFFICIENT            ORDER EXPONENTS
     1  0.1038926731094893E-04   0   0 0  0 0  0 0  0 0
     2  0.1974880798310001E-03   1   1 0  0 0  0 0  0 0
     3  0.6888175215073045E-04   1   0 1  0 0  0 0  0 0
     4  -.9727024356476154       1   0 0  1 0  0 0  0 0
     5  0.6526203770551213       1   0 0  0 1  0 0  0 0
     6  0.1139897190314988E-06   1   0 0  0 0  0 1  0 0
     7  0.1138363170397526E-06   1   0 0  0 0  0 0  1 0
     8  0.1016144127472238E-04   1   0 0  0 0  0 0  0 1
     9  -.2934625622959709E-04   2   2 0  0 0  0 0  0 0
    10  -.8028230241267928E-04   2   1 1  0 0  0 0  0 0
    11  -.1994705191843275E-04   2   0 2  0 0  0 0  0 0
    12  0.1419935341561935E-03   2   1 0  1 0  0 0  0 0
    13  0.2857158313053917E-03   2   0 1  1 0  0 0  0 0
    14  0.2365093681648797E-05   2   0 0  2 0  0 0  0 0
    15  0.3916054901592380E-03   2   1 0  0 1  0 0  0 0
    16  0.2214219766177584E-03   2   0 1  0 1  0 0  0 0
    17  0.7222028995398134E-04   2   0 0  1 1  0 0  0 0
    18  0.2097975197075975E-04   2   0 0  0 2  0 0  0 0
    19  -.3384680939417181E-06   2   1 0  0 0  0 1  0 0
    20  -.3453999814275758E-04   2   0 1  0 0  0 1  0 0
    21  -.3575407707650333E-01   2   0 0  1 0  0 1  0 0
    22  0.1650589663941620       2   0 0  0 1  0 1  0 0
    23  -.3380125995323747E-06   2   1 0  0 0  0 0  1 0
    24  -.3449351584107081E-04   2   0 1  0 0  0 0  1 0
    25  -.3570596092460508E-01   2   0 0  1 0  0 0  1 0
    26  0.1648368378161487       2   0 0  0 1  0 0  1 0
    27  0.1981645605244739E-03   2   1 0  0 0  0 0  0 1
    28  0.6903351398400832E-04   2   0 1  0 0  0 0  0 1
    29  -.9012423976465073       2   0 0  1 0  0 0  0 1
    30  -.3298958042103104       2   0 0  0 1  0 0  0 1
    31  -.7882591079786411E-07   2   0 0  0 0  0 2  0 0
    32  -.4375509353065685E-07   2   0 0  0 0  0 1  1 0
    33  -.7869038889246954E-07   2   0 0  0 0  0 0  2 0
    34  0.2014020861564797E-06   2   0 0  0 0  0 1  0 1
    35  0.2011310487206694E-06   2   0 0  0 0  0 0  1 1
    36  -.2012651158518491E-06   2   0 0  0 0  0 0  0 2
    37  0.1493482421832504E-03   3   3 0  0 0  0 0  0 0
    38  0.1507090123839698E-03   3   2 1  0 0  0 0  0 0
    39  0.5591607187832005E-04   3   1 2  0 0  0 0  0 0
    40  0.4186414145596237E-04   3   0 3  0 0  0 0  0 0
    41  -2.781068175887252       3   2 0  1 0  0 0  0 0
    42  -2.353731380454935       3   1 1  1 0  0 0  0 0
    43  -.8827875444749599       3   0 2  1 0  0 0  0 0
    44  -.5715708295433961E-03   3   1 0  2 0  0 0  0 0
    45  -.1821847832969937E-03   3   0 1  2 0  0 0  0 0
    46  -.5706135411369843       3   0 0  3 0  0 0  0 0
    47  -.7790182244215420       3   2 0  0 1  0 0  0 0
    48  -.8865608137943739       3   1 1  0 1  0 0  0 0
    49  -.5265778015797790       3   0 2  0 1  0 0  0 0
    50  -.4168787949569495E-03   3   1 0  1 1  0 0  0 0
    51  -.3393954098787632E-03   3   0 1  1 1  0 0  0 0
    52  -.8573089669884619       3   0 0  2 1  0 0  0 0
    53  -.7997729862947139E-04   3   1 0  0 2  0 0  0 0
    54  -.6305602911200152E-04   3   0 1  0 2  0 0  0 0
    55  0.1117104014480018       3   0 0  1 2  0 0  0 0
    56  -.5469951069918214E-01   3   0 0  0 3  0 0  0 0
    57  0.1344902887292407E-04   3   2 0  0 0  0 1  0 0
    58  0.4309756304719138E-04   3   1 1  0 0  0 1  0 0
    59  0.1972317755056202E-04   3   0 2  0 0  0 1  0 0
    60  -.5198337972448090E-04   3   1 0  1 0  0 1  0 0
    61  -.1275000880340949E-03   3   0 1  1 0  0 1  0 0
    62  0.5240083192888426E-06   3   0 0  2 0  0 1  0 0
    63  -.2331862928480492E-03   3   1 0  0 1  0 1  0 0
    64  -.2235316595539108E-03   3   0 1  0 1  0 1  0 0
    65  -.3422886758517078E-04   3   0 0  1 1  0 1  0 0
    66  -.2107819740163933E-04   3   0 0  0 2  0 1  0 0
    67  0.1343092980369758E-04   3   2 0  0 0  0 0  1 0
    68  0.4303956437796018E-04   3   1 1  0 0  0 0  1 0
    69  0.1969663502773576E-04   3   0 2  0 0  0 0  1 0
    70  -.5191342294194049E-04   3   1 0  1 0  0 0  1 0
    71  -.1273285044244896E-03   3   0 1  1 0  0 0  1 0
    72  0.5233031335883355E-06   3   0 0  2 0  0 0  1 0
    73  -.2328724817248237E-03   3   1 0  0 1  0 0  1 0
    74  -.2232308411811638E-03   3   0 1  0 1  0 0  1 0
    75  -.3418280398832520E-04   3   0 0  1 1  0 0  1 0
    76  -.2104983135695721E-04   3   0 0  0 2  0 0  1 0
    77  -.5622621490621851E-04   3   2 0  0 0  0 0  0 1
    78  -.8613712742515179E-04   3   1 1  0 0  0 0  0 1
    79  -.1947276065986498E-04   3   0 2  0 0  0 0  0 1
    80  0.2458903368226127E-03   3   1 0  1 0  0 0  0 1
    81  0.2548285924585830E-03   3   0 1  1 0  0 0  0 1
    82  0.1317782228771461E-05   3   0 0  2 0  0 0  0 1
    83  0.4660587745728699E-03   3   1 0  0 1  0 0  0 1
    84  0.2253405241173159E-03   3   0 1  0 1  0 0  0 1
    85  0.6841167157336503E-04   3   0 0  1 1  0 0  0 1
    86  0.2114827678783677E-04   3   0 0  0 2  0 0  0 1
    87  0.3508143157306134E-06   3   1 0  0 0  0 2  0 0
    88  0.2596547822723157E-04   3   0 1  0 0  0 2  0 0
    89  0.2637337302950660E-01   3   0 0  1 0  0 2  0 0
    90  -.1194749459564703       3   0 0  0 1  0 2  0 0
    91  0.3543236389604167E-06   3   1 0  0 0  0 1  1 0
    92  0.1740122785540771E-04   3   0 1  0 0  0 1  1 0
    93  0.1701782066187928E-01   3   0 0  1 0  0 1  1 0
    94  -.7401334378603412E-01   3   0 0  0 1  0 1  1 0
    95  0.3501037903305299E-06   3   1 0  0 0  0 0  2 0
    96  0.2591882623417715E-04   3   0 1  0 0  0 0  2 0
    97  0.2632643009650520E-01   3   0 0  1 0  0 0  2 0
    98  -.1192643603698918       3   0 0  0 1  0 0  2 0
    99  -.1035742162700578E-05   3   1 0  0 0  0 1  0 1
   100  -.3475266510760183E-04   3   0 1  0 0  0 1  0 1
   101  -.6976449091309719E-01   3   0 0  1 0  0 1  0 1
   102  0.1479043548783059       3   0 0  0 1  0 1  0 1
   103  -.1034348309710857E-05   3   1 0  0 0  0 0  1 1
   104  -.3470589660873637E-04   3   0 1  0 0  0 0  1 1
   105  -.6967060514911277E-01   3   0 0  1 0  0 0  1 1
   106  0.1477053121680014       3   0 0  0 1  0 0  1 1
   107  0.1022436382511564E-05   3   1 0  0 0  0 0  0 2
   108  0.1984831453252690E-06   3   0 1  0 0  0 0  0 2
   109  0.6971751823292499E-01   3   0 0  1 0  0 0  0 2
   110  0.1714304128140333E-01   3   0 0  0 1  0 0  0 2
   111  0.6470623432835548E-07   3   0 0  0 0  0 3  0 0
   112  0.3647909926701446E-07   3   0 0  0 0  0 2  1 0
   113  0.3653590367323499E-07   3   0 0  0 0  0 1  2 0
   114  0.6455110367613390E-07   3   0 0  0 0  0 0  3 0
   115  -.1517796917218702E-06   3   0 0  0 0  0 2  0 1
   116  -.1022904917635868E-06   3   0 0  0 0  0 1  1 1
   117  -.1515066049695761E-06   3   0 0  0 0  0 0  2 1
   118  0.1022263998275823E-06   3   0 0  0 0  0 1  0 2
   119  0.1020888283564564E-06   3   0 0  0 0  0 0  1 2
   120  -.1016704110730875E-08   3   0 0  0 0  0 0  0 3
   121  0.7995082610808426E-04   4   4 0  0 0  0 0  0 0
   122  0.1674034831480577E-03   4   3 1  0 0  0 0  0 0
   123  0.1038630008011433E-03   4   2 2  0 0  0 0  0 0
   124  0.2339319994259971E-05   4   1 3  0 0  0 0  0 0
   125  -.2432603466539930E-04   4   0 4  0 0  0 0  0 0
   126  0.3697611221174235E-07   4   3 0  1 0  0 0  0 0
   127  0.1630886723019205E-02   4   2 1  1 0  0 0  0 0
   128  0.7751626452583459E-03   4   1 2  1 0  0 0  0 0
   129  -.6437894933367192E-04   4   0 3  1 0  0 0  0 0
   130  -.3619610954403140E-04   4   2 0  2 0  0 0  0 0
   131  0.4253810461891679E-03   4   1 1  2 0  0 0  0 0
   132  0.9550653754069928E-04   4   0 2  2 0  0 0  0 0
   133  0.1073673061425844E-07   4   1 0  3 0  0 0  0 0
   134  0.4444596657630262E-07   4   0 1  3 0  0 0  0 0
   135  -.4657942875177920E-04   4   0 0  4 0  0 0  0 0
   136  0.8154415545886980E-03   4   3 0  0 1  0 0  0 0
   137  0.1290340960309413E-02   4   2 1  0 1  0 0  0 0
   138  0.7857283400895553E-03   4   1 2  0 1  0 0  0 0
   139  0.6934851932989418E-04   4   0 3  0 1  0 0  0 0
   140  0.4707660659535098E-03   4   2 0  1 1  0 0  0 0
   141  0.7294457247934570E-03   4   1 1  1 1  0 0  0 0
   142  0.3278356160502747E-03   4   0 2  1 1  0 0  0 0
   143  0.5020764515232994E-03   4   1 0  2 1  0 0  0 0
   144  0.8833545088908352E-04   4   0 1  2 1  0 0  0 0
   145  0.1082505613740749E-03   4   0 0  3 1  0 0  0 0
   146  0.3851161054770696E-04   4   2 0  0 2  0 0  0 0
   147  0.1974684436905110E-04   4   1 1  0 2  0 0  0 0
   148  0.2805161536920204E-04   4   0 2  0 2  0 0  0 0
   149  0.3011212092787649E-03   4   1 0  1 2  0 0  0 0
   150  -.9725477362001924E-04   4   0 1  1 2  0 0  0 0
   151  0.1468400802430471E-03   4   0 0  2 2  0 0  0 0
   152  0.3251861909142490E-04   4   1 0  0 3  0 0  0 0
   153  -.2761654904627578E-04   4   0 1  0 3  0 0  0 0
   154  0.7234302265896720E-04   4   0 0  1 3  0 0  0 0
   155  0.1767962342580795E-04   4   0 0  0 4  0 0  0 0
   156  -.6620969082415742E-04   4   3 0  0 0  0 1  0 0
   157  -.1396820754337414E-03   4   2 1  0 0  0 1  0 0
   158  -.7988674438927086E-04   4   1 2  0 0  0 1  0 0
   159  -.6610289485932383E-04   4   0 3  0 0  0 1  0 0
   160   1.503131278367433       4   2 0  1 0  0 1  0 0
   161   2.365368534495817       4   1 1  1 0  0 1  0 0
   162   1.056627964928834       4   0 2  1 0  0 1  0 0
   163  0.3245581769921429E-03   4   1 0  2 0  0 1  0 0
   164  0.1875856365638583E-03   4   0 1  2 0  0 1  0 0
   165  0.1675896033840936       4   0 0  3 0  0 1  0 0
   166  0.8642699289849131       4   2 0  0 1  0 1  0 0
   167   1.368918472037202       4   1 1  0 1  0 1  0 0
   168  0.8747031075333017       4   0 2  0 1  0 1  0 0
   169  0.4539794013637369E-03   4   1 0  1 1  0 1  0 0
   170  0.4182501272492408E-03   4   0 1  1 1  0 1  0 0
   171  0.7263217158870344       4   0 0  2 1  0 1  0 0
   172  0.1282278729668106E-03   4   1 0  0 2  0 1  0 0
   173  0.1108364238009318E-03   4   0 1  0 2  0 1  0 0
   174  0.4525533628296011E-01   4   0 0  1 2  0 1  0 0
   175  0.1036933261965261       4   0 0  0 3  0 1  0 0
   176  -.6612058894260147E-04   4   3 0  0 0  0 0  1 0
   177  -.1394940978796133E-03   4   2 1  0 0  0 0  1 0
   178  -.7977923657360436E-04   4   1 2  0 0  0 0  1 0
   179  -.6601393669874333E-04   4   0 3  0 0  0 0  1 0
   180   1.501108435133131       4   2 0  1 0  0 0  1 0
   181   2.362185332998052       4   1 1  1 0  0 0  1 0
   182   1.055206004810784       4   0 2  1 0  0 0  1 0
   183  0.3241214018934442E-03   4   1 0  2 0  0 0  1 0
   184  0.1873331926547752E-03   4   0 1  2 0  0 0  1 0
   185  0.1673640691940841       4   0 0  3 0  0 0  1 0
   186  0.8631068352461175       4   2 0  0 1  0 0  1 0
   187   1.367076246072430       4   1 1  0 1  0 0  1 0
   188  0.8735259733145108       4   0 2  0 1  0 0  1 0
   189  0.4533684572806902E-03   4   1 0  1 1  0 0  1 0
   190  0.4176872659394346E-03   4   0 1  1 1  0 0  1 0
   191  0.7253442663521513       4   0 0  2 1  0 0  1 0
   192  0.1280553099385424E-03   4   1 0  0 2  0 0  1 0
   193  0.1106872653653197E-03   4   0 1  0 2  0 0  1 0
   194  0.4519443378420038E-01   4   0 0  1 2  0 0  1 0
   195  0.1035537806050278       4   0 0  0 3  0 0  1 0
   196  0.2816785219500083E-03   4   3 0  0 0  0 0  0 1
   197  0.2791761733133550E-03   4   2 1  0 0  0 0  0 1
   198  0.1037499090845542E-03   4   1 2  0 0  0 0  0 1
   199  0.4838854864614275E-04   4   0 3  0 0  0 0  0 1
   200  -5.785307889387805       4   2 0  1 0  0 0  0 1
   201  -4.727553867493853       4   1 1  1 0  0 0  0 1
   202  -1.229046425264655       4   0 2  1 0  0 0  0 1
   203  -.1220250408428981E-02   4   1 0  2 0  0 0  0 1
   204  -.3749188292186315E-03   4   0 1  2 0  0 0  0 1
   205  -.9055672137151616       4   0 0  3 0  0 0  0 1
   206  -1.727376764231028       4   2 0  0 1  0 0  0 1
   207  -1.849433904315245       4   1 1  0 1  0 0  0 1
   208  -.6950734776882522       4   0 2  0 1  0 0  0 1
   209  -.9073478586444246E-03   4   1 0  1 1  0 0  0 1
   210  -.4965419833099106E-03   4   0 1  1 1  0 0  0 1
   211  -1.451665982239185       4   0 0  2 1  0 0  0 1
   212  -.1763058842758804E-03   4   1 0  0 2  0 0  0 1
   213  -.9541163094224804E-04   4   0 1  0 2  0 0  0 1
   214  -.2021601715151619       4   0 0  1 2  0 0  0 1
   215  -.9784808540318941E-01   4   0 0  0 3  0 0  0 1
   216  -.3539344162734894E-04   4   2 0  0 0  0 2  0 0
   217  -.9060622351609553E-04   4   1 1  0 0  0 2  0 0
   218  -.5776295273993279E-04   4   0 2  0 0  0 2  0 0
   219  -.2480568551830967E-03   4   1 0  1 0  0 2  0 0
   220  -.2364452720242678E-03   4   0 1  1 0  0 2  0 0
   221  -.3131898552772921E-04   4   0 0  2 0  0 2  0 0
   222  -.3285118432901437E-04   4   1 0  0 1  0 2  0 0
   223  -.8256391482602218E-04   4   0 1  0 1  0 2  0 0
   224  0.4971741930009709E-04   4   0 0  1 1  0 2  0 0
   225  0.1865636063133253E-04   4   0 0  0 2  0 2  0 0
   226  -.3555291141776223E-04   4   2 0  0 0  0 1  1 0
   227  -.9336276157183903E-04   4   1 1  0 0  0 1  1 0
   228  -.6647767385823262E-04   4   0 2  0 0  0 1  1 0
   229  -.2941424557198018E-03   4   1 0  1 0  0 1  1 0
   230  -.2869123015728667E-03   4   0 1  1 0  0 1  1 0
   231  -.2909707795759908E-04   4   0 0  2 0  0 1  1 0
   232  -.1202890708809358E-03   4   1 0  0 1  0 1  1 0
   233  -.1412413498556513E-03   4   0 1  0 1  0 1  1 0
   234  0.3413204728667354E-04   4   0 0  1 1  0 1  1 0
   235  0.1532318477956266E-04   4   0 0  0 2  0 1  1 0
   236  -.3532188808532441E-04   4   2 0  0 0  0 0  2 0
   237  -.9042146832836648E-04   4   1 1  0 0  0 0  2 0
   238  -.5764048682016197E-04   4   0 2  0 0  0 0  2 0
   239  -.2475251104306794E-03   4   1 0  1 0  0 0  2 0
   240  -.2359340185935829E-03   4   0 1  1 0  0 0  2 0
   241  -.3125725917490988E-04   4   0 0  2 0  0 0  2 0
   242  -.3272603507208507E-04   4   1 0  0 1  0 0  2 0
   243  -.8235776622447045E-04   4   0 1  0 1  0 0  2 0
   244  0.4962754528997840E-04   4   0 0  1 1  0 0  2 0
   245  0.1862094317047887E-04   4   0 0  0 2  0 0  2 0
   246  0.8155175424323900E-04   4   2 0  0 0  0 1  0 1
   247  0.1458979189343544E-03   4   1 1  0 0  0 1  0 1
   248  0.6081953562925560E-04   4   0 2  0 0  0 1  0 1
   249  0.3951312055528697E-03   4   1 0  1 0  0 1  0 1
   250  0.2170727252244792E-03   4   0 1  1 0  0 1  0 1
   251  0.5768921159622370E-04   4   0 0  2 0  0 1  0 1
   252  0.4883434710245647E-04   4   1 0  0 1  0 1  0 1
   253  0.4993956192553912E-04   4   0 1  0 1  0 1  0 1
   254  -.2781867556477439E-04   4   0 0  1 1  0 1  0 1
   255  -.1298214051477708E-04   4   0 0  0 2  0 1  0 1
   256  0.8144200573577942E-04   4   2 0  0 0  0 0  1 1
   257  0.1457015763909833E-03   4   1 1  0 0  0 0  1 1
   258  0.6073768756453110E-04   4   0 2  0 0  0 0  1 1
   259  0.3945994565983252E-03   4   1 0  1 0  0 0  1 1
   260  0.2167805989811552E-03   4   0 1  1 0  0 0  1 1
   261  0.5761157617405588E-04   4   0 0  2 0  0 0  1 1
   262  0.4876862813960896E-04   4   1 0  0 1  0 0  1 1
   263  0.4987235561666979E-04   4   0 1  0 1  0 0  1 1
   264  -.2778123850224804E-04   4   0 0  1 1  0 0  1 1
   265  -.1296466976189938E-04   4   0 0  0 2  0 0  1 1
   266  -.5672552371208856E-04   4   2 0  0 0  0 0  0 2
   267  -.4308115582729215E-04   4   1 1  0 0  0 0  0 2
   268  -.7351063222518711E-05   4   0 2  0 0  0 0  0 2
   269  -.6240811616917096E-08   4   1 0  1 0  0 0  0 2
   270  -.1986075938310443E-08   4   0 1  1 0  0 0  0 2
   271  -.2362746198796424E-04   4   0 0  2 0  0 0  0 2
   272  -.2044415857509843E-04   4   1 0  0 1  0 0  0 2
   273  -.3594753123783058E-05   4   0 1  0 1  0 0  0 2
   274  -.2764508785759714E-04   4   0 0  1 1  0 0  0 2
   275  -.5267032837187788E-05   4   0 0  0 2  0 0  0 2
   276  -.3404859896378889E-06   4   1 0  0 0  0 3  0 0
   277  -.2166711921693431E-04   4   0 1  0 0  0 3  0 0
   278  -.2168879629298335E-01   4   0 0  1 0  0 3  0 0
   279  0.9674049229627500E-01   4   0 0  0 1  0 3  0 0
   280  -.3299604182623505E-06   4   1 0  0 0  0 2  1 0
   281  -.1308957264101310E-04   4   0 1  0 0  0 2  1 0
   282  -.1232600323366019E-01   4   0 0  1 0  0 2  1 0
   283  0.5130216084429509E-01   4   0 0  0 1  0 2  1 0
   284  -.3299807404427730E-06   4   1 0  0 0  0 1  2 0
   285  -.1310682866755915E-04   4   0 1  0 0  0 1  2 0
   286  -.1234484432286175E-01   4   0 0  1 0  0 1  2 0
   287  0.5139362118892826E-01   4   0 0  0 1  0 1  2 0
   288  -.3395769511625562E-06   4   1 0  0 0  0 0  3 0
   289  -.2161458554945629E-04   4   0 1  0 0  0 0  3 0
   290  -.2163673196395883E-01   4   0 0  1 0  0 0  3 0
   291  0.9651073566146887E-01   4   0 0  0 1  0 0  3 0
   292  0.1022389871090976E-05   4   1 0  0 0  0 2  0 1
   293  0.2620042826200855E-04   4   0 1  0 0  0 2  0 1
   294  0.5101910430188280E-01   4   0 0  1 0  0 2  0 1
   295  -.1025736582207069       4   0 0  0 1  0 2  0 1
   296  0.1009071641539136E-05   4   1 0  0 0  0 1  1 1
   297  0.1767114687228027E-04   4   0 1  0 0  0 1  1 1
   298  0.3232404465935615E-01   4   0 0  1 0  0 1  1 1
   299  -.5736470153120873E-01   4   0 0  0 1  0 1  1 1
   300  0.1020335006387155E-05   4   1 0  0 0  0 0  2 1
   301  0.2615327846213408E-04   4   0 1  0 0  0 0  2 1
   302  0.5092869510779875E-01   4   0 0  1 0  0 0  2 1
   303  -.1023970200696947       4   0 0  0 1  0 0  2 1
   304  -.1023232987198511E-05   4   1 0  0 0  0 1  0 2
   305  -.2980256132252566E-06   4   0 1  0 0  0 1  0 2
   306  -.3229892034689782E-01   4   0 0  1 0  0 1  0 2
   307  -.1664837671502933E-01   4   0 0  0 1  0 1  0 2
   308  -.1021855968467587E-05   4   1 0  0 0  0 0  1 2
   309  -.2976245444004211E-06   4   0 1  0 0  0 0  1 2
   310  -.3225545398209030E-01   4   0 0  1 0  0 0  1 2
   311  -.1662597211425704E-01   4   0 0  0 1  0 0  1 2
   312  0.3408841911916046E-06   4   1 0  0 0  0 0  0 3
   313  0.6622795570957707E-07   4   0 1  0 0  0 0  0 3
   314  -.1721047967978857E-02   4   0 0  1 0  0 0  0 3
   315  -.3372445778400475E-03   4   0 0  0 1  0 0  0 3
   316  -.3211107726329766E-05   4   0 0  0 0  0 4  0 0
   317  -.1687876645627859E-05   4   0 0  0 0  0 3  1 0
   318  -.1486356914640234E-05   4   0 0  0 0  0 2  2 0
   319  -.1692234467212754E-05   4   0 0  0 0  0 1  3 0
   320  -.3201334392570005E-05   4   0 0  0 0  0 0  4 0
   321  0.3483402387331665E-05   4   0 0  0 0  0 3  0 1
   322  0.1819864356051014E-05   4   0 0  0 0  0 2  1 1
   323  0.1823212959747033E-05   4   0 0  0 0  0 1  2 1
   324  0.3475147797519702E-05   4   0 0  0 0  0 0  3 1
   325  0.2115177944041047E-06   4   0 0  0 0  0 2  0 2
   326  0.2522819284478688E-06   4   0 0  0 0  0 1  1 2
   327  0.2110633891600484E-06   4   0 0  0 0  0 0  2 2
   328  0.1209306146479277E-08   4   0 0  0 0  0 1  0 3
   329  0.1207678719259969E-08   4   0 0  0 0  0 0  1 3
   330  -.1865066734065375E-15   4   0 0  0 0  0 0  0 4
   ----------------------------------------------------
     I  COEFFICIENT            ORDER EXPONENTS
     1  0.9014174768957237E-09   0   0 0  0 0  0 0  0 0
     2  -.9573279988681248E-06   1   1 0  0 0  0 0  0 0
     3  -.2170392794569678E-05   1   0 1  0 0  0 0  0 0
     4  0.8223657749790621E-06   1   0 0  1 0  0 0  0 0
     5  -.6693157561874169E-06   1   0 0  0 1  0 0  0 0
     6   1.000000000000000       1   0 0  0 0  1 0  0 0
     7  0.1570859944466427       1   0 0  0 0  0 1  0 0
     8  -.1570859944192063       1   0 0  0 0  0 0  1 0
     9  -.2743873350969246E-10   1   0 0  0 0  0 0  0 1
    10  -.6404177734303929E-01   2   2 0  0 0  0 0  0 0
    11  -.1929226027770622       2   1 1  0 0  0 0  0 0
    12  -.2085938650986733       2   0 2  0 0  0 0  0 0
    13  -.2225289741076947E-05   2   1 0  1 0  0 0  0 0
    14  -.2825887483870441E-04   2   0 1  1 0  0 0  0 0
    15  -.5224165371371103E-01   2   0 0  2 0  0 0  0 0
    16  -.2825830671416608E-04   2   1 0  0 1  0 0  0 0
    17  -.1657102715282419E-04   2   0 1  0 1  0 0  0 0
    18  0.1068589976079176       2   0 0  1 1  0 0  0 0
    19  -.1206932969227332       2   0 0  0 2  0 0  0 0
    20  0.1562375414079470E-05   2   1 0  0 0  0 1  0 0
    21  0.3538759757689634E-05   2   0 1  0 0  0 1  0 0
    22  -.1217503991375559E-05   2   0 0  1 0  0 1  0 0
    23  0.8645697792549736E-06   2   0 0  0 1  0 1  0 0
    24  0.6055170855929363E-06   2   1 0  0 0  0 0  1 0
    25  0.1369434528142483E-05   2   0 1  0 0  0 0  1 0
    26  -.3957111136594859E-06   2   0 0  1 0  0 0  1 0
    27  0.1958894790616764E-06   2   0 0  0 1  0 0  1 0
    28  -.2167881030114190E-05   2   1 0  0 0  0 0  0 1
    29  -.2737768195824790E-05   2   0 1  0 0  0 0  0 1
    30  0.1613213470501734E-05   2   0 0  1 0  0 0  0 1
    31  -.3911378595645244E-06   2   0 0  0 1  0 0  0 1
    32  -.1178938238216995       2   0 0  0 0  0 2  0 0
    33  0.7870165315372661E-01   2   0 0  0 0  0 1  1 0
    34  0.3919217062493656E-01   2   0 0  0 0  0 0  2 0
    35  0.4302001857178973E-10   2   0 0  0 0  0 1  0 1
    36  0.1559719256439611E-10   2   0 0  0 0  0 0  1 1
    37  -.1558919468052230E-10   2   0 0  0 0  0 0  0 2
    38  -.3369989850000423E-04   3   3 0  0 0  0 0  0 0
    39  -.6672788889865270E-04   3   2 1  0 0  0 0  0 0
    40  0.8170959014853405E-05   3   1 2  0 0  0 0  0 0
    41  0.6029411327549300E-05   3   0 3  0 0  0 0  0 0
    42  -.1083608500454302E-05   3   2 0  1 0  0 0  0 0
    43  -.3250079537458902E-04   3   1 1  1 0  0 0  0 0
    44  0.5807117948754340E-05   3   0 2  1 0  0 0  0 0
    45  -.1558702638626780E-04   3   1 0  2 0  0 0  0 0
    46  0.1042934094809052E-03   3   0 1  2 0  0 0  0 0
    47  -.5669493873130041E-05   3   0 0  3 0  0 0  0 0
    48  -.9467589714830749E-05   3   2 0  0 1  0 0  0 0
    49  -.1978751596596596E-06   3   1 1  0 1  0 0  0 0
    50  0.3405026840634665E-05   3   0 2  0 1  0 0  0 0
    51  0.1515720500381166E-03   3   1 0  1 1  0 0  0 0
    52  0.4559336843680808E-04   3   0 1  1 1  0 0  0 0
    53  0.2107274968129467E-04   3   0 0  2 1  0 0  0 0
    54  0.6933209015442926E-05   3   1 0  0 2  0 0  0 0
    55  -.9555718436104249E-05   3   0 1  0 2  0 0  0 0
    56  0.5615444545616444E-05   3   0 0  1 2  0 0  0 0
    57  -.1523458997280271E-05   3   0 0  0 3  0 0  0 0
    58  0.9927328890265250E-01   3   2 0  0 0  0 1  0 0
    59  0.3143379424426033       3   1 1  0 0  0 1  0 0
    60  0.3425228343117926       3   0 2  0 0  0 1  0 0
    61  0.4455725181451568E-05   3   1 0  1 0  0 1  0 0
    62  0.4302132022413127E-04   3   0 1  1 0  0 1  0 0
    63  0.7565847979809806E-01   3   0 0  2 0  0 1  0 0
    64  0.4299507436913421E-04   3   1 0  0 1  0 1  0 0
    65  0.3328561956447494E-04   3   0 1  0 1  0 1  0 0
    66  -.1419488710989625       3   0 0  1 1  0 1  0 0
    67  0.1658169793676686       3   0 0  0 2  0 1  0 0
    68  0.3527020330804698E-01   3   2 0  0 0  0 0  1 0
    69  0.1215112714523149       3   1 1  0 0  0 0  1 0
    70  0.1340291190434918       3   0 2  0 0  0 0  1 0
    71  0.2229071209399826E-05   3   1 0  1 0  0 0  1 0
    72  0.1477658261972752E-04   3   0 1  1 0  0 0  1 0
    73  0.2345554794603801E-01   3   0 0  2 0  0 0  1 0
    74  0.1476172252744388E-04   3   1 0  0 1  0 0  1 0
    75  0.1672514126265386E-04   3   0 1  0 1  0 0  1 0
    76  -.3518626219714985E-01   3   0 0  1 1  0 0  1 0
    77  0.4522517217433061E-01   3   0 0  0 2  0 0  1 0
    78  -.1345435794347922       3   2 0  0 0  0 0  0 1
    79  -.2429267826313194       3   1 1  0 0  0 0  0 1
    80  -.5936441691796958E-01   3   0 2  0 0  0 0  0 1
    81  -.6683614159872310E-05   3   1 0  1 0  0 0  0 1
    82  -.2952831307455611E-04   3   0 1  1 0  0 0  0 1
    83  -.9911407986432505E-01   3   0 0  2 0  0 0  0 1
    84  -.2951702536190388E-04   3   1 0  0 1  0 0  0 1
    85  -.1691181340676783E-04   3   0 1  0 1  0 0  0 1
    86  0.7027614126111317E-01   3   0 0  1 1  0 0  0 1
    87  0.3034439907598561E-01   3   0 0  0 2  0 0  0 1
    88  -.2081132095523990E-05   3   1 0  0 0  0 2  0 0
    89  -.4727539715139906E-05   3   0 1  0 0  0 2  0 0
    90  0.1496989545795692E-05   3   0 0  1 0  0 2  0 0
    91  -.9470017806249967E-06   3   0 0  0 1  0 2  0 0
    92  -.1037757803527694E-05   3   1 0  0 0  0 1  1 0
    93  -.2378071423020847E-05   3   0 1  0 0  0 1  1 0
    94  0.5592857740468639E-06   3   0 0  1 0  0 1  1 0
    95  -.1651737130540059E-06   3   0 0  0 1  0 1  1 0
    96  -.5192301984996076E-06   3   1 0  0 0  0 0  2 0
    97  -.1189812315679863E-05   3   0 1  0 0  0 0  2 0
    98  0.2800842189936564E-06   3   0 0  1 0  0 0  2 0
    99  -.8305649680074895E-07   3   0 0  0 1  0 0  2 0
   100  0.3637687599156681E-05   3   1 0  0 0  0 1  0 1
   101  0.4755737148147370E-05   3   0 1  0 0  0 1  0 1
   102  -.2335766447324902E-05   3   0 0  1 0  0 1  0 1
   103  0.3300559285387801E-06   3   0 0  0 1  0 1  0 1
   104  0.1470742078610493E-05   3   1 0  0 0  0 0  1 1
   105  0.2018932665984728E-05   3   0 1  0 0  0 0  1 1
   106  -.7237486641286573E-06   3   0 0  1 0  0 0  1 1
   107  -.6047406331447332E-07   3   0 0  0 1  0 0  1 1
   108  -.1470279957097908E-05   3   1 0  0 0  0 0  0 2
   109  -.6495689662409643E-06   3   0 1  0 0  0 0  0 2
   110  0.7231518448814842E-06   3   0 0  1 0  0 0  0 2
   111  0.2563472298962823E-06   3   0 0  0 1  0 0  0 2
   112  0.9825810203528476E-01   3   0 0  0 0  0 3  0 0
   113  -.5898671748575364E-01   3   0 0  0 0  0 2  1 0
   114  -.1971494871252617E-01   3   0 0  0 0  0 1  2 0
   115  -.1955646853174332E-01   3   0 0  0 0  0 0  3 0
   116  -.6248500129371836E-09   3   0 0  0 0  0 2  0 1
   117  0.1910813782470357E-09   3   0 0  0 0  0 1  1 1
   118  0.9492794723709321E-10   3   0 0  0 0  0 0  2 1
   119  0.8887892436514265E-10   3   0 0  0 0  0 1  0 2
   120  0.5243490788356519E-10   3   0 0  0 0  0 0  1 2
   121  -.2754722627209058E-12   3   0 0  0 0  0 0  0 3
   122  -.1821306127063791       4   4 0  0 0  0 0  0 0
   123  -.6264734669580805       4   3 1  0 0  0 0  0 0
   124  -1.044137119969994       4   2 2  0 0  0 0  0 0
   125  -.6923848791126075       4   1 3  0 0  0 0  0 0
   126  -.2732904979434931       4   0 4  0 0  0 0  0 0
   127  0.6067981969818496E-04   4   3 0  1 0  0 0  0 0
   128  -.5147913100035235E-04   4   2 1  1 0  0 0  0 0
   129  -.1162060987938127E-03   4   1 2  1 0  0 0  0 0
   130  -.7190385847432564E-04   4   0 3  1 0  0 0  0 0
   131  -.6862958038870318       4   2 0  2 0  0 0  0 0
   132  -.5566767702963583       4   1 1  2 0  0 0  0 0
   133  -.4850476927930541       4   0 2  2 0  0 0  0 0
   134  -.8731566760414648E-04   4   1 0  3 0  0 0  0 0
   135  -.3803258748008573E-04   4   0 1  3 0  0 0  0 0
   136  -.1115705965446963       4   0 0  4 0  0 0  0 0
   137  -.3825816768133350E-04   4   3 0  0 1  0 0  0 0
   138  -.2289865149040042E-03   4   2 1  0 1  0 0  0 0
   139  -.1766264599426701E-03   4   1 2  0 1  0 0  0 0
   140  -.5605626619714556E-04   4   0 3  0 1  0 0  0 0
   141  -.2203979247989535       4   2 0  1 1  0 0  0 0
   142  0.1144479759521939       4   1 1  1 1  0 0  0 0
   143  0.7035398995165885E-01   4   0 2  1 1  0 0  0 0
   144  -.5075589197427579E-04   4   1 0  2 1  0 0  0 0
   145  -.7273937381388880E-04   4   0 1  2 1  0 0  0 0
   146  -.1530147962532107       4   0 0  3 1  0 0  0 0
   147  0.1136696793455495       4   2 0  0 2  0 0  0 0
   148  -.1365470640481973       4   1 1  0 2  0 0  0 0
   149  -.2490890167662283       4   0 2  0 2  0 0  0 0
   150  0.4011782131043632E-04   4   1 0  1 2  0 0  0 0
   151  -.3785932453461315E-04   4   0 1  1 2  0 0  0 0
   152  -.4204430638874013E-01   4   0 0  2 2  0 0  0 0
   153  -.2561019311128665E-04   4   1 0  0 3  0 0  0 0
   154  -.2743967900931685E-04   4   0 1  0 3  0 0  0 0
   155  0.1351647207895453       4   0 0  1 3  0 0  0 0
   156  -.5174620159806628E-01   4   0 0  0 4  0 0  0 0
   157  0.2982847411272150E-03   4   3 0  0 0  0 1  0 0
   158  0.9527450672802583E-03   4   2 1  0 0  0 1  0 0
   159  0.7413050125003359E-03   4   1 2  0 0  0 1  0 0
   160  0.3555443574887832E-03   4   0 3  0 0  0 1  0 0
   161  0.3429157800418056E-04   4   2 0  1 0  0 1  0 0
   162  0.5808735096522731E-04   4   1 1  1 0  0 1  0 0
   163  -.2705347032773652E-04   4   0 2  1 0  0 1  0 0
   164  0.9542180520335120E-04   4   1 0  2 0  0 1  0 0
   165  0.2216357830052662E-03   4   0 1  2 0  0 1  0 0
   166  0.2183241989661553E-04   4   0 0  3 0  0 1  0 0
   167  -.2963470808549703E-04   4   2 0  0 1  0 1  0 0
   168  0.2533835789855758E-04   4   1 1  0 1  0 1  0 0
   169  0.4159909252190133E-04   4   0 2  0 1  0 1  0 0
   170  -.2361166342280814E-03   4   1 0  1 1  0 1  0 0
   171  -.7527712655829628E-04   4   0 1  1 1  0 1  0 0
   172  -.2906312408898940E-04   4   0 0  2 1  0 1  0 0
   173  0.1000127787146135E-03   4   1 0  0 2  0 1  0 0
   174  0.2189774494668567E-03   4   0 1  0 2  0 1  0 0
   175  -.7190952077607032E-04   4   0 0  1 2  0 1  0 0
   176  0.2277649327675512E-04   4   0 0  0 3  0 1  0 0
   177  0.1614922829687037E-03   4   3 0  0 0  0 0  1 0
   178  0.5279135712617296E-03   4   2 1  0 0  0 0  1 0
   179  0.4584737345832563E-03   4   1 2  0 0  0 0  1 0
   180  0.2231433257578412E-03   4   0 3  0 0  0 0  1 0
   181  0.1797567097593591E-04   4   2 0  1 0  0 0  1 0
   182  0.1999039731198834E-04   4   1 1  1 0  0 0  1 0
   183  -.1540253146023081E-04   4   0 2  1 0  0 0  1 0
   184  0.5486974520071912E-04   4   1 0  2 0  0 0  1 0
   185  0.1417969725148586E-03   4   0 1  2 0  0 0  1 0
   186  0.7509765673383260E-05   4   0 0  3 0  0 0  1 0
   187  -.1603401797147671E-04   4   2 0  0 1  0 0  1 0
   188  0.1734218963930190E-04   4   1 1  0 1  0 0  1 0
   189  0.2526073656545556E-04   4   0 2  0 1  0 0  1 0
   190  -.7538429090788117E-04   4   1 0  1 1  0 0  1 0
   191  -.4775750566288609E-04   4   0 1  1 1  0 0  1 0
   192  -.4570519019101371E-05   4   0 0  2 1  0 0  1 0
   193  0.5897981774347676E-04   4   1 0  0 2  0 0  1 0
   194  0.1301761331787256E-03   4   0 1  0 2  0 0  1 0
   195  -.3928583691560190E-04   4   0 0  1 2  0 0  1 0
   196  0.1291250982763716E-04   4   0 0  0 3  0 0  1 0
   197  -.3149777753232534E-03   4   3 0  0 0  0 0  0 1
   198  -.6607172482669570E-03   4   2 1  0 0  0 0  0 1
   199  -.3815218927808529E-03   4   1 2  0 0  0 0  0 1
   200  -.6925279330436483E-04   4   0 3  0 0  0 0  0 1
   201  -.3452929132555641E-04   4   2 0  1 0  0 0  0 1
   202  -.3765714992340708E-04   4   1 1  1 0  0 0  0 1
   203  0.1394016345740782E-04   4   0 2  1 0  0 0  0 1
   204  -.6642567588044872E-04   4   1 0  2 0  0 0  0 1
   205  -.8021314086157869E-04   4   0 1  2 0  0 0  0 1
   206  -.2016205271549014E-04   4   0 0  3 0  0 0  0 1
   207  0.7281503626097762E-05   4   2 0  0 1  0 0  0 1
   208  -.1121361267974689E-04   4   1 1  0 1  0 0  0 1
   209  0.1672701474086166E-05   4   0 2  0 1  0 0  0 1
   210  0.1771844022355433E-03   4   1 0  1 1  0 0  0 1
   211  0.3655975217945514E-04   4   0 1  1 1  0 0  0 1
   212  0.2163683532533126E-05   4   0 0  2 1  0 0  0 1
   213  -.3840231514478829E-04   4   1 0  0 2  0 0  0 1
   214  -.1135281234862940E-04   4   0 1  0 2  0 0  0 1
   215  0.2029639127565940E-04   4   0 0  1 2  0 0  0 1
   216  0.6724366268789767E-05   4   0 0  0 3  0 0  0 1
   217  -.1273907765014817       4   2 0  0 0  0 2  0 0
   218  -.4188540235986971       4   1 1  0 0  0 2  0 0
   219  -.4599944221394261       4   0 2  0 0  0 2  0 0
   220  -.6681077425129334E-05   4   1 0  1 0  0 2  0 0
   221  -.5455300868061053E-04   4   0 1  1 0  0 2  0 0
   222  -.9194661762845698E-01   4   0 0  2 0  0 2  0 0
   223  -.5454736921063816E-04   4   1 0  0 1  0 2  0 0
   224  -.5021765805406459E-04   4   0 1  0 1  0 2  0 0
   225  0.1598772417745928       4   0 0  1 1  0 2  0 0
   226  -.1935777859629051       4   0 0  0 2  0 2  0 0
   227  -.5625413861859439E-01   4   2 0  0 0  0 1  1 0
   228  -.2090777782869516       4   1 1  0 0  0 1  1 0
   229  -.2349876386012503       4   0 2  0 0  0 1  1 0
   230  -.4455456595888242E-05   4   1 0  1 0  0 1  1 0
   231  -.2308259545346178E-04   4   0 1  1 0  0 1  1 0
   232  -.3259551976518504E-01   4   0 0  2 0  0 1  1 0
   233  -.2310128787677214E-04   4   1 0  0 1  0 1  1 0
   234  -.3384224656869450E-04   4   0 1  0 1  0 1  1 0
   235  0.3590319232728540E-01   4   0 0  1 1  0 1  1 0
   236  -.5556859315497428E-01   4   0 0  0 2  0 1  1 0
   237  -.2815589463175834E-01   4   2 0  0 0  0 0  2 0
   238  -.1046093244050922       4   1 1  0 0  0 0  2 0
   239  -.1175657470291037       4   0 2  0 0  0 0  2 0
   240  -.2225940901560068E-05   4   1 0  1 0  0 0  2 0
   241  -.1155277507502266E-04   4   0 1  1 0  0 0  2 0
   242  -.1632664370389727E-01   4   0 0  2 0  0 0  2 0
   243  -.1156410973501655E-04   4   1 0  0 1  0 0  2 0
   244  -.1692061682471803E-04   4   0 1  0 1  0 0  2 0
   245  0.1802278735589436E-01   4   0 0  1 1  0 0  2 0
   246  -.2785829048229568E-01   4   0 0  0 2  0 0  2 0
   247  0.2117622089918906       4   2 0  0 0  0 1  0 1
   248  0.4181095486041380       4   1 1  0 0  0 1  0 1
   249  0.1274075737182729       4   0 2  0 0  0 1  0 1
   250  0.1337090203873421E-04   4   1 0  1 0  0 1  0 1
   251  0.4617649373853938E-04   4   0 1  1 0  0 1  0 1
   252  0.1408301804133740       4   0 0  2 0  0 1  0 1
   253  0.4617277537703125E-04   4   1 0  0 1  0 1  0 1
   254  0.3433573510407001E-04   4   0 1  0 1  0 1  0 1
   255  -.7175992257584642E-01   4   0 0  1 1  0 1  0 1
   256  -.5472687661660505E-01   4   0 0  0 2  0 1  0 1
   257  0.7729553110775800E-01   4   2 0  0 0  0 0  1 1
   258  0.1752734927250316       4   1 1  0 0  0 0  1 1
   259  0.6803136984920953E-01   4   0 2  0 0  0 0  1 1
   260  0.6687270830579613E-05   4   1 0  1 0  0 0  1 1
   261  0.1666546066188712E-04   4   0 1  1 0  0 0  1 1
   262  0.4179316454390565E-01   4   0 0  2 0  0 0  1 1
   263  0.1667300465652608E-04   4   1 0  0 1  0 0  1 1
   264  0.1742320189794643E-04   4   0 1  0 1  0 0  1 1
   265  -.1576231557016130E-02   4   0 0  1 1  0 0  1 1
   266  -.2439044585839819E-01   4   0 0  0 2  0 0  1 1
   267  -.7725702561171321E-01   4   2 0  0 0  0 0  0 2
   268  -.5376466178242123E-01   4   1 1  0 0  0 0  0 2
   269  -.8672826400461778E-02   4   0 2  0 0  0 0  0 2
   270  -.6693057355120838E-05   4   1 0  1 0  0 0  0 2
   271  -.1900046922720183E-05   4   0 1  1 0  0 0  0 2
   272  -.4175461109767420E-01   4   0 0  2 0  0 0  0 2
   273  -.1900091724194491E-05   4   1 0  0 1  0 0  0 2
   274  -.5118586805435517E-06   4   0 1  0 1  0 0  0 2
   275  -.3360805991776254E-01   4   0 0  1 1  0 0  0 2
   276  -.5957936415369578E-02   4   0 0  0 2  0 0  0 2
   277  0.6438921235515077E-04   4   1 0  0 0  0 3  0 0
   278  0.1371054066530701E-03   4   0 1  0 0  0 3  0 0
   279  -.1351522082453684E-04   4   0 0  1 0  0 3  0 0
   280  0.2152527788242089E-04   4   0 0  0 1  0 3  0 0
   281  0.3108117288224962E-04   4   1 0  0 0  0 2  1 0
   282  0.6637769223566212E-04   4   0 1  0 0  0 2  1 0
   283  -.5010601366858515E-05   4   0 0  1 0  0 2  1 0
   284  0.7728655272641426E-05   4   0 0  0 1  0 2  1 0
   285  0.1920513109152225E-04   4   1 0  0 0  0 1  2 0
   286  0.4106506252574787E-04   4   0 1  0 0  0 1  2 0
   287  -.2887450985819676E-05   4   0 0  1 0  0 1  2 0
   288  0.4416924075604741E-05   4   0 0  0 1  0 1  2 0
   289  0.1037678398281494E-04   4   1 0  0 0  0 0  3 0
   290  0.2216060055713699E-04   4   0 1  0 0  0 0  3 0
   291  -.1675090254648299E-05   4   0 0  1 0  0 0  3 0
   292  0.2584241476942805E-05   4   0 0  0 1  0 0  3 0
   293  -.5869541498563901E-04   4   1 0  0 0  0 2  0 1
   294  -.2143053258629859E-04   4   0 1  0 0  0 2  0 1
   295  0.1171182403341066E-04   4   0 0  1 0  0 2  0 1
   296  0.4112346269626078E-05   4   0 0  0 1  0 2  0 1
   297  -.2796786019595292E-04   4   1 0  0 0  0 1  1 1
   298  -.1422206445747818E-04   4   0 1  0 0  0 1  1 1
   299  0.3678362583803140E-05   4   0 0  1 0  0 1  1 1
   300  0.2619872206763505E-05   4   0 0  0 1  0 1  1 1
   301  -.1399514341777515E-04   4   1 0  0 0  0 0  2 1
   302  -.7111078414245610E-05   4   0 1  0 0  0 0  2 1
   303  0.1843338628274389E-05   4   0 0  1 0  0 0  2 1
   304  0.1310055184892511E-05   4   0 0  0 1  0 0  2 1
   305  0.2892776085859474E-05   4   1 0  0 0  0 1  0 2
   306  0.1076297358694703E-05   4   0 1  0 0  0 1  0 2
   307  -.6028848231930984E-07   4   0 0  1 0  0 1  0 2
   308  -.2384500687414746E-06   4   0 0  0 1  0 1  0 2
   309  0.1993080829507019E-05   4   1 0  0 0  0 0  1 2
   310  0.7649568376676637E-06   4   0 1  0 0  0 0  1 2
   311  0.2079893412354422E-06   4   0 0  1 0  0 0  1 2
   312  -.9381850474632798E-07   4   0 0  0 1  0 0  1 2
   313  -.1580227802957711E-06   4   1 0  0 0  0 0  0 3
   314  -.5589944035765866E-07   4   0 1  0 0  0 0  0 3
   315  -.4540402538005427E-07   4   0 0  1 0  0 0  0 3
   316  -.1251715671074169E-07   4   0 0  0 1  0 0  0 3
   317  -.8598082692358358E-01   4   0 0  0 0  0 4  0 0
   318  0.4914891574935618E-01   4   0 0  0 0  0 3  1 0
   319  0.1475664966070754E-01   4   0 0  0 0  0 2  2 0
   320  0.9877163568977951E-02   4   0 0  0 0  0 1  3 0
   321  0.1219805170489981E-01   4   0 0  0 0  0 0  4 0
   322  0.1327759498646468E-08   4   0 0  0 0  0 3  0 1
   323  0.1306809860817232E-08   4   0 0  0 0  0 2  1 1
   324  0.1121360205339227E-08   4   0 0  0 0  0 1  2 1
   325  0.4218308183728189E-09   4   0 0  0 0  0 0  3 1
   326  -.5127726148159226E-10   4   0 0  0 0  0 2  0 2
   327  0.7654416457335169E-11   4   0 0  0 0  0 1  1 2
   328  0.3685301935053542E-11   4   0 0  0 0  0 0  2 2
   329  0.2533496617237103E-12   4   0 0  0 0  0 1  0 3
   330  -.2172261074901250E-13   4   0 0  0 0  0 0  1 3
   331  -.1425803272573393E-12   4   0 0  0 0  0 0  0 4
   ----------------------------------------------------
     I  COEFFICIENT            ORDER EXPONENTS
     1   1.000000000000000       1   0 0  0 0  0 1  0 0
     --------------------------------------------------
     I  COEFFICIENT            ORDER EXPONENTS
     1   1.000000000000000       1   0 0  0 0  0 0  1 0
     --------------------------------------------------
     I  COEFFICIENT            ORDER EXPONENTS
     1   1.000000000000000       1   0 0  0 0  0 0  0 1
     --------------------------------------------------
