 L    0.1049906000000000E+01
 P (  0.0000000000000000E+00,  0.0000000000000000E+00,  0.0000000000000000E+00)
 A (  0.0000000000000000E+00,  0.0000000000000000E+00,  0.0000000000000000E+00)
     I  COEFFICIENT            ORDER EXPONENTS
     1  0.9187580592058391E-04   0   0 0  0 0  0 0  0 0
     2   1.153252879159480       1   1 0  0 0  0 0  0 0
     3   1.182398060143890       1   0 1  0 0  0 0  0 0
     4  0.4687139155499215E-05   1   0 0  1 0  0 0  0 0
     5  0.3969201316753014E-05   1   0 0  0 1  0 0  0 0
     6  0.3561718229101712E-06   1   0 0  0 0  0 1  0 0
     7  0.3556925036565175E-06   1   0 0  0 0  0 0  1 0
     8  -.7118643260573383E-06   1   0 0  0 0  0 0  0 1
     9  -.3472622745515853E-01   2   2 0  0 0  0 0  0 0
    10  -.6077774165349607E-01   2   1 1  0 0  0 0  0 0
    11  -.2670953268442673E-01   2   0 2  0 0  0 0  0 0
    12  0.1733993326118862E-03   2   1 0  1 0  0 0  0 0
    13  0.3267840131199493E-04   2   0 1  1 0  0 0  0 0
    14  0.3122876421711081E-01   2   0 0  2 0  0 0  0 0
    15  0.1495553901140468E-03   2   1 0  0 1  0 0  0 0
    16  0.3536295009638711E-04   2   0 1  0 1  0 0  0 0
    17  0.5467814402751688E-01   2   0 0  1 1  0 0  0 0
    18  0.2405969455745504E-01   2   0 0  0 2  0 0  0 0
    19  -.7842492100251057E-01   2   1 0  0 0  0 1  0 0
    20  -.6593020456498896       2   0 1  0 0  0 1  0 0
    21  -.2454772468248792E-05   2   0 0  1 0  0 1  0 0
    22  -.4074076081325405E-05   2   0 0  0 1  0 1  0 0
    23  -.7831938043986388E-01   2   1 0  0 0  0 0  1 0
    24  -.6584147880286838       2   0 1  0 0  0 0  1 0
    25  -.2451468951150439E-05   2   0 0  1 0  0 0  1 0
    26  -.4068593381739727E-05   2   0 0  0 1  0 0  1 0
    27  0.1567443014494309       2   1 0  0 0  0 0  0 1
    28  0.1353187735418478       2   0 1  0 0  0 0  0 1
    29  0.4906237847979198E-05   2   0 0  1 0  0 0  0 1
    30  0.4173464877333332E-05   2   0 0  0 1  0 0  0 1
    31  -.2886648670510233E-06   2   0 0  0 0  0 2  0 0
    32  -.2213258786831943E-06   2   0 0  0 0  0 1  1 0
    33  -.2881274706014774E-06   2   0 0  0 0  0 0  2 0
    34  0.4424320816715931E-06   2   0 0  0 0  0 1  0 1
    35  0.4418366774271302E-06   2   0 0  0 0  0 0  1 1
    36  -.8619969634807505E-07   2   0 0  0 0  0 0  0 2
    37  0.2645554176022407       3   3 0  0 0  0 0  0 0
    38   1.586855529490206       3   2 1  0 0  0 0  0 0
    39   2.396337549987353       3   1 2  0 0  0 0  0 0
    40   1.654514041659720       3   0 3  0 0  0 0  0 0
    41  -.2973545190772753E-02   3   2 0  1 0  0 0  0 0
    42  -.5179475101095102E-02   3   1 1  1 0  0 0  0 0
    43  -.2258154951789730E-02   3   0 2  1 0  0 0  0 0
    44  -.1966884156099344       3   1 0  2 0  0 0  0 0
    45  0.4348381831983953       3   0 1  2 0  0 0  0 0
    46  0.8806193646259489E-03   3   0 0  3 0  0 0  0 0
    47  -.2592507230591576E-02   3   2 0  0 1  0 0  0 0
    48  -.4536964113671426E-02   3   1 1  0 1  0 0  0 0
    49  -.1985186213292245E-02   3   0 2  0 1  0 0  0 0
    50  -.4646280337344908       3   1 0  1 1  0 0  0 0
    51  0.5533963754949331       3   0 1  1 1  0 0  0 0
    52  0.2323627828482252E-02   3   0 0  2 1  0 0  0 0
    53  -.9437577264249815E-01   3   1 0  0 2  0 0  0 0
    54  0.8895834314707153       3   0 1  0 2  0 0  0 0
    55  0.2058701894623978E-02   3   0 0  1 2  0 0  0 0
    56  0.6144179500323846E-03   3   0 0  0 3  0 0  0 0
    57  0.1864567977875510E-01   3   2 0  0 0  0 1  0 0
    58  0.6300322878456019E-01   3   1 1  0 0  0 1  0 0
    59  0.4102929332515913E-01   3   0 2  0 0  0 1  0 0
    60  -.1015118717599969E-03   3   1 0  1 0  0 1  0 0
    61  -.4475394081126408E-04   3   0 1  1 0  0 1  0 0
    62  -.1513644122214175E-01   3   0 0  2 0  0 1  0 0
    63  -.1673803242937939E-03   3   1 0  0 1  0 1  0 0
    64  -.6834842807081320E-04   3   0 1  0 1  0 1  0 0
    65  -.5382237983669151E-01   3   0 0  1 1  0 1  0 0
    66  -.3570943840325469E-01   3   0 0  0 2  0 1  0 0
    67  0.1862058730164952E-01   3   2 0  0 0  0 0  1 0
    68  0.6291844200850176E-01   3   1 1  0 0  0 0  1 0
    69  0.4097407803584602E-01   3   0 2  0 0  0 0  1 0
    70  -.1013752618670714E-03   3   1 0  1 0  0 0  1 0
    71  -.4469371306690077E-04   3   0 1  1 0  0 0  1 0
    72  -.1511607131290077E-01   3   0 0  2 0  0 0  1 0
    73  -.1671550717417208E-03   3   1 0  0 1  0 0  1 0
    74  -.6825644797746544E-04   3   0 1  0 1  0 0  1 0
    75  -.5374994821446824E-01   3   0 0  1 1  0 0  1 0
    76  -.3566138232397914E-01   3   0 0  0 2  0 0  1 0
    77  -.3726627928198778E-01   3   2 0  0 0  0 0  0 1
    78  -.6514394224259502E-01   3   1 1  0 0  0 0  0 1
    79  -.2858430795951675E-01   3   0 2  0 0  0 0  0 1
    80  0.2027020212614691E-03   3   1 0  1 0  0 0  0 1
    81  0.5657771622441108E-04   3   0 1  1 0  0 0  0 1
    82  0.3025251892916936E-01   3   0 0  2 0  0 0  0 1
    83  0.1847958216262954E-03   3   1 0  0 1  0 0  0 1
    84  0.6568868162725919E-04   3   0 1  0 1  0 0  0 1
    85  0.5289418499326187E-01   3   0 0  1 1  0 0  0 1
    86  0.2325142788696911E-01   3   0 0  0 2  0 0  0 1
    87  0.5968480953867936E-01   3   1 0  0 0  0 2  0 0
    88  0.5289525572020795       3   0 1  0 0  0 2  0 0
    89  0.1913585439631672E-05   3   0 0  1 0  0 2  0 0
    90  0.4185017020686979E-05   3   0 0  0 1  0 2  0 0
    91  0.4099505217476102E-01   3   1 0  0 0  0 1  1 0
    92  0.3989528548709603       3   0 1  0 0  0 1  1 0
    93  0.1341981848017244E-05   3   0 0  1 0  0 1  1 0
    94  0.4252375991996200E-05   3   0 0  0 1  0 1  1 0
    95  0.5957690393025625E-01   3   1 0  0 0  0 0  2 0
    96  0.5279722718042231       3   0 1  0 0  0 0  2 0
    97  0.1910107238618585E-05   3   0 0  1 0  0 0  2 0
    98  0.4176523698505272E-05   3   0 0  0 1  0 0  2 0
    99  -.8193994821861542E-01   3   1 0  0 0  0 1  0 1
   100  -.1382544341801150       3   0 1  0 0  0 1  0 1
   101  -.2653245620053170E-05   3   0 0  1 0  0 1  0 1
   102  -.4352197635538752E-05   3   0 0  0 1  0 1  0 1
   103  -.8182967729799917E-01   3   1 0  0 0  0 0  1 1
   104  -.1380683778783016       3   0 1  0 0  0 0  1 1
   105  -.2649675007140839E-05   3   0 0  1 0  0 0  1 1
   106  -.4346340653072821E-05   3   0 0  0 1  0 0  1 1
   107  0.3512724055490836E-02   3   1 0  0 0  0 0  0 2
   108  0.2842700888864932E-02   3   0 1  0 0  0 0  0 2
   109  0.1671451808022479E-06   3   0 0  1 0  0 0  0 2
   110  0.1505554535871666E-06   3   0 0  0 1  0 0  0 2
   111  0.2550775789597748E-06   3   0 0  0 0  0 3  0 0
   112  0.1878213693705886E-06   3   0 0  0 0  0 2  1 0
   113  0.1879564419524983E-06   3   0 0  0 0  0 1  2 0
   114  0.2544364618611117E-06   3   0 0  0 0  0 0  3 0
   115  -.3757065242727032E-06   3   0 0  0 0  0 2  0 1
   116  -.3090608984215321E-06   3   0 0  0 0  0 1  1 1
   117  -.3749929564849270E-06   3   0 0  0 0  0 0  2 1
   118  0.8772058222405734E-07   3   0 0  0 0  0 1  0 2
   119  0.8760253199862110E-07   3   0 0  0 0  0 0  1 2
   120  -.9795213254515682E-09   3   0 0  0 0  0 0  0 3
   121  -3.394804630014356       4   4 0  0 0  0 0  0 0
   122  -12.21329666929854       4   3 1  0 0  0 0  0 0
   123  -16.59164945590813       4   2 2  0 0  0 0  0 0
   124  -10.11512342863438       4   1 3  0 0  0 0  0 0
   125  -2.340356196105589       4   0 4  0 0  0 0  0 0
   126  -.2161539346179021E-02   4   3 0  1 0  0 0  0 0
   127  -.5667469216800777E-02   4   2 1  1 0  0 0  0 0
   128  -.5093777574580577E-02   4   1 2  1 0  0 0  0 0
   129  -.1547324422821790E-02   4   0 3  1 0  0 0  0 0
   130   17.76466490085374       4   2 0  2 0  0 0  0 0
   131   30.96113348876165       4   1 1  2 0  0 0  0 0
   132   13.59826383760719       4   0 2  2 0  0 0  0 0
   133  0.1542848246921079E-02   4   1 0  3 0  0 0  0 0
   134  0.1465803097912955E-02   4   0 1  3 0  0 0  0 0
   135  -2.636506745747738       4   0 0  4 0  0 0  0 0
   136  -.2038304021503460E-02   4   3 0  0 1  0 0  0 0
   137  -.5386948583740491E-02   4   2 1  0 1  0 0  0 0
   138  -.4705484553736178E-02   4   1 2  0 1  0 0  0 0
   139  -.1338807318626698E-02   4   0 3  0 1  0 0  0 0
   140   31.44851323013494       4   2 0  1 1  0 0  0 0
   141   55.11549350805525       4   1 1  1 1  0 0  0 0
   142   24.36499014168656       4   0 2  1 1  0 0  0 0
   143  0.3712763702404920E-02   4   1 0  2 1  0 0  0 0
   144  0.3277328216978841E-02   4   0 1  2 1  0 0  0 0
   145  -9.124373188806901       4   0 0  3 1  0 0  0 0
   146   13.94783791329819       4   2 0  0 2  0 0  0 0
   147   24.54913652722810       4   1 1  0 2  0 0  0 0
   148   10.90876771657913       4   0 2  0 2  0 0  0 0
   149  0.3014017814695726E-02   4   1 0  1 2  0 0  0 0
   150  0.2428082500407403E-02   4   0 1  1 2  0 0  0 0
   151  -11.88112375299043       4   0 0  2 2  0 0  0 0
   152  0.9597807985354905E-03   4   1 0  0 3  0 0  0 0
   153  0.7129828641698433E-03   4   0 1  0 3  0 0  0 0
   154  -6.869796320989894       4   0 0  1 3  0 0  0 0
   155  -1.481543997066268       4   0 0  0 4  0 0  0 0
   156  -.3197789118170109       4   3 0  0 0  0 1  0 0
   157  -2.239248364129845       4   2 1  0 0  0 1  0 0
   158  -4.314848656681524       4   1 2  0 0  0 1  0 0
   159  -3.304205191390991       4   0 3  0 0  0 1  0 0
   160  -.2312838152579883E-03   4   2 0  1 0  0 1  0 0
   161  0.1901713931876615E-02   4   1 1  1 0  0 1  0 0
   162  0.1805044744313969E-02   4   0 2  1 0  0 1  0 0
   163  0.1833719048925899       4   1 0  2 0  0 1  0 0
   164  -.3666406955930021       4   0 1  2 0  0 1  0 0
   165  0.3979734863164863E-04   4   0 0  3 0  0 1  0 0
   166  0.9269800063923653E-03   4   2 0  0 1  0 1  0 0
   167  0.3610105859499382E-02   4   1 1  0 1  0 1  0 0
   168  0.2421386480989913E-02   4   0 2  0 1  0 1  0 0
   169  0.6786507144022637       4   1 0  1 1  0 1  0 0
   170  -.6479456402965140       4   0 1  1 1  0 1  0 0
   171  -.9728948558484274E-03   4   0 0  2 1  0 1  0 0
   172  0.2576775802889564       4   1 0  0 2  0 1  0 0
   173  -1.416048102253296       4   0 1  0 2  0 1  0 0
   174  -.1820661381582265E-02   4   0 0  1 2  0 1  0 0
   175  -.8333005848049386E-03   4   0 0  0 3  0 1  0 0
   176  -.3193485684281455       4   3 0  0 0  0 0  1 0
   177  -2.236234889213518       4   2 1  0 0  0 0  1 0
   178  -4.309041936711131       4   1 2  0 0  0 0  1 0
   179  -3.299758547766211       4   0 3  0 0  0 0  1 0
   180  -.2309725643994428E-03   4   2 0  1 0  0 0  1 0
   181  0.1899154694891768E-02   4   1 1  1 0  0 0  1 0
   182  0.1802615600165884E-02   4   0 2  1 0  0 0  1 0
   183  0.1831251316250042       4   1 0  2 0  0 0  1 0
   184  -.3661472878240501       4   0 1  2 0  0 0  1 0
   185  0.3974379123544422E-04   4   0 0  3 0  0 0  1 0
   186  0.9257325203868169E-03   4   2 0  0 1  0 0  1 0
   187  0.3605247549172062E-02   4   1 1  0 1  0 0  1 0
   188  0.2418127893179788E-02   4   0 2  0 1  0 0  1 0
   189  0.6777374182545235       4   1 0  1 1  0 0  1 0
   190  -.6470736655904203       4   0 1  1 1  0 0  1 0
   191  -.9715855798023724E-03   4   0 0  2 1  0 0  1 0
   192  0.2573308099453283       4   1 0  0 2  0 0  1 0
   193  -1.414142451453318       4   0 1  0 2  0 0  1 0
   194  -.1818211221299730E-02   4   0 0  1 2  0 0  1 0
   195  -.8321791681500041E-03   4   0 0  0 3  0 0  1 0
   196  0.6386278680236452       4   3 0  0 0  0 0  0 1
   197   2.887075723454795       4   2 1  0 0  0 0  0 1
   198   3.829602949142018       4   1 2  0 0  0 0  0 1
   199   1.639860967319614       4   0 3  0 0  0 0  0 1
   200  0.9223634580855418E-04   4   2 0  1 0  0 0  0 1
   201  0.2303059490224420E-03   4   1 1  1 0  0 0  0 1
   202  0.1470838258243873E-03   4   0 2  1 0  0 0  0 1
   203  -.3655568125220778       4   1 0  2 0  0 0  0 1
   204  0.2989258283301246       4   0 1  2 0  0 0  0 1
   205  0.4628432308536263E-05   4   0 0  3 0  0 0  0 1
   206  0.1418536566581070E-03   4   2 0  0 1  0 0  0 1
   207  0.3136522755791570E-03   4   1 1  0 1  0 0  0 1
   208  0.1825180821031021E-03   4   0 2  0 1  0 0  0 1
   209  -.8898799055724715       4   1 0  1 1  0 0  0 1
   210  0.1901732128358346       4   0 1  1 1  0 0  0 1
   211  0.2796231376184561E-04   4   0 0  2 1  0 0  0 1
   212  -.3253205821931908       4   1 0  0 2  0 0  0 1
   213  0.1624079710703040       4   0 1  0 2  0 0  0 1
   214  0.4750194199533401E-04   4   0 0  1 2  0 0  0 1
   215  0.2596051302048380E-04   4   0 0  0 3  0 0  0 1
   216  -.1509296641501353E-01   4   2 0  0 0  0 2  0 0
   217  -.6589939682119282E-01   4   1 1  0 0  0 2  0 0
   218  -.5328072750794433E-01   4   0 2  0 0  0 2  0 0
   219  0.2174575418489435E-04   4   1 0  1 0  0 2  0 0
   220  0.8383802949394990E-04   4   0 1  1 0  0 2  0 0
   221  0.1089447624294711E-01   4   0 0  2 0  0 2  0 0
   222  0.1798348783456300E-03   4   1 0  0 1  0 2  0 0
   223  0.2286926968596763E-03   4   0 1  0 1  0 2  0 0
   224  0.5283296188264524E-01   4   0 0  1 1  0 2  0 0
   225  0.4401946594208388E-01   4   0 0  0 2  0 2  0 0
   226  -.1115068977901504E-01   4   2 0  0 0  0 1  1 0
   227  -.6778244876840375E-01   4   1 1  0 0  0 1  1 0
   228  -.6468789559107770E-01   4   0 2  0 0  0 1  1 0
   229  -.3058296641591706E-05   4   1 0  1 0  0 1  1 0
   230  0.8463066322213718E-04   4   0 1  1 0  0 1  1 0
   231  0.6887517998090053E-02   4   0 0  2 0  0 1  1 0
   232  0.1973291492383919E-03   4   1 0  0 1  0 1  1 0
   233  0.2760946089035781E-03   4   0 1  0 1  0 1  1 0
   234  0.5219383484837489E-01   4   0 0  1 1  0 1  1 0
   235  0.5251794511015975E-01   4   0 0  0 2  0 1  1 0
   236  -.1506515197572380E-01   4   2 0  0 0  0 0  2 0
   237  -.6576510330614409E-01   4   1 1  0 0  0 0  2 0
   238  -.5316549785527241E-01   4   0 2  0 0  0 0  2 0
   239  0.2171854762956904E-04   4   1 0  1 0  0 0  2 0
   240  0.8366825824599630E-04   4   0 1  1 0  0 0  2 0
   241  0.1087518052169610E-01   4   0 0  2 0  0 0  2 0
   242  0.1794600869070588E-03   4   1 0  0 1  0 0  2 0
   243  0.2281991554496984E-03   4   0 1  0 1  0 0  2 0
   244  0.5272674177091044E-01   4   0 0  1 1  0 0  2 0
   245  0.4392488853166252E-01   4   0 0  0 2  0 0  2 0
   246  0.2186372653719993E-01   4   2 0  0 0  0 1  0 1
   247  0.7108358199649238E-01   4   1 1  0 0  0 1  0 1
   248  0.4562882087925848E-01   4   0 2  0 0  0 1  0 1
   249  -.2178150529313088E-04   4   1 0  1 0  0 1  0 1
   250  -.7008020921674494E-04   4   0 1  1 0  0 1  0 1
   251  -.1398331976241262E-01   4   0 0  2 0  0 1  0 1
   252  -.1551569202701283E-03   4   1 0  0 1  0 1  0 1
   253  -.1397608295244202E-03   4   0 1  0 1  0 1  0 1
   254  -.5088766206620279E-01   4   0 0  1 1  0 1  0 1
   255  -.3399344921646070E-01   4   0 0  0 2  0 1  0 1
   256  0.2183430336442821E-01   4   2 0  0 0  0 0  1 1
   257  0.7098792106189518E-01   4   1 1  0 0  0 0  1 1
   258  0.4556741576253120E-01   4   0 2  0 0  0 0  1 1
   259  -.2175219276983419E-04   4   1 0  1 0  0 0  1 1
   260  -.6998589857394689E-04   4   0 1  1 0  0 0  1 1
   261  -.1396450166968741E-01   4   0 0  2 0  0 0  1 1
   262  -.1549481173991211E-03   4   1 0  0 1  0 0  1 1
   263  -.1395727459867459E-03   4   0 1  0 1  0 0  1 1
   264  -.5081917984884661E-01   4   0 0  1 1  0 0  1 1
   265  -.3394770243456099E-01   4   0 0  0 2  0 0  1 1
   266  -.2741529134961416E-02   4   2 0  0 0  0 0  0 2
   267  -.4724060177339600E-02   4   1 1  0 0  0 0  0 2
   268  -.2033317113917423E-02   4   0 2  0 0  0 0  0 2
   269  -.1525158719011641E-04   4   1 0  1 0  0 0  0 2
   270  -.1451988267466540E-04   4   0 1  1 0  0 0  0 2
   271  -.9284187216423537E-03   4   0 0  2 0  0 0  0 2
   272  -.1163176914754244E-04   4   1 0  0 1  0 0  0 2
   273  -.1123928960348890E-04   4   0 1  0 1  0 0  0 2
   274  -.1698418580158812E-02   4   0 0  1 1  0 0  0 2
   275  -.7699811538831178E-03   4   0 0  0 2  0 0  0 2
   276  -.5032517731987288E-01   4   1 0  0 0  0 3  0 0
   277  -.4641811782027051       4   0 1  0 0  0 3  0 0
   278  -.3496851168758162E-05   4   0 0  1 0  0 3  0 0
   279  -.6213992882852055E-05   4   0 0  0 1  0 3  0 0
   280  -.3161602361927850E-01   4   1 0  0 0  0 2  1 0
   281  -.3347222921933662       4   0 1  0 0  0 2  1 0
   282  -.2305070394613305E-05   4   0 0  1 0  0 2  1 0
   283  -.5844624695601682E-05   4   0 0  0 1  0 2  1 0
   284  -.3165365375307767E-01   4   1 0  0 0  0 1  2 0
   285  -.3349823607112390       4   0 1  0 0  0 1  2 0
   286  -.2307466658825184E-05   4   0 0  1 0  0 1  2 0
   287  -.5845353432264600E-05   4   0 0  0 1  0 1  2 0
   288  -.5020234445518448E-01   4   1 0  0 0  0 0  3 0
   289  -.4630192453946536       4   0 1  0 0  0 0  3 0
   290  -.3488243386590447E-05   4   0 0  1 0  0 0  3 0
   291  -.6197521724497141E-05   4   0 0  0 1  0 0  3 0
   292  0.6321720672736156E-01   4   1 0  0 0  0 2  0 1
   293  0.1404027204245968       4   0 1  0 0  0 2  0 1
   294  0.4067645849156172E-05   4   0 0  1 0  0 2  0 1
   295  0.6505720830700024E-05   4   0 0  0 1  0 2  0 1
   296  0.4454372170277925E-01   4   1 0  0 0  0 1  1 1
   297  0.1425439830431689       4   0 1  0 0  0 1  1 1
   298  0.2874877012658250E-05   4   0 0  1 0  0 1  1 1
   299  0.6146443399478747E-05   4   0 0  0 1  0 1  1 1
   300  0.6310215956917427E-01   4   1 0  0 0  0 0  2 1
   301  0.1401178585731434       4   0 1  0 0  0 0  2 1
   302  0.4060237366126930E-05   4   0 0  1 0  0 0  2 1
   303  0.6492829941282485E-05   4   0 0  0 1  0 0  2 1
   304  -.3546963314681712E-02   4   1 0  0 0  0 1  0 2
   305  -.4290853420847138E-02   4   0 1  0 0  0 1  0 2
   306  0.7161062982879778E-08   4   0 0  1 0  0 1  0 2
   307  -.6002885089833675E-07   4   0 0  0 1  0 1  0 2
   308  -.3542189978615582E-02   4   1 0  0 0  0 0  1 2
   309  -.4285078992534453E-02   4   0 1  0 0  0 0  1 2
   310  0.7151425961800772E-08   4   0 0  1 0  0 0  1 2
   311  -.5994806689986500E-07   4   0 0  0 1  0 0  1 2
   312  0.2121660998846080E-04   4   1 0  0 0  0 0  0 3
   313  0.1592967397953188E-04   4   0 1  0 0  0 0  0 3
   314  0.1444844805751816E-08   4   0 0  1 0  0 0  0 3
   315  0.1088957949373517E-08   4   0 0  0 1  0 0  0 3
   316  -.2797712293751662E-04   4   0 0  0 0  0 4  0 0
   317  -.1757318296821138E-04   4   0 0  0 0  0 3  1 0
   318  -.1619149513709520E-04   4   0 0  0 0  0 2  2 0
   319  -.1760292739381302E-04   4   0 0  0 0  0 1  3 0
   320  -.2789004638703952E-04   4   0 0  0 0  0 0  4 0
   321  0.2542085397324052E-05   4   0 0  0 0  0 3  0 1
   322  0.3013616552008769E-05   4   0 0  0 0  0 2  1 1
   323  0.3012657799631883E-05   4   0 0  0 0  0 1  2 1
   324  0.2534928809678704E-05   4   0 0  0 0  0 0  3 1
   325  -.1035591928035776E-07   4   0 0  0 0  0 2  0 2
   326  -.1461960641958918E-07   4   0 0  0 0  0 1  1 2
   327  -.1033214563828946E-07   4   0 0  0 0  0 0  2 2
   328  -.1928312394883364E-09   4   0 0  0 0  0 1  0 3
   329  -.1925717362940544E-09   4   0 0  0 0  0 0  1 3
   ----------------------------------------------------
     I  COEFFICIENT            ORDER EXPONENTS
     1  0.2115203063220143E-04   0   0 0  0 0  0 0  0 0
     2   1.269658557680713       1   1 0  0 0  0 0  0 0
     3   2.168858071692249       1   0 1  0 0  0 0  0 0
     4  0.3622275107306493E-04   1   0 0  1 0  0 0  0 0
     5  0.3320315719729772E-04   1   0 0  0 1  0 0  0 0
     6  0.3735071274008651E-06   1   0 0  0 0  0 1  0 0
     7  0.3730044791113987E-06   1   0 0  0 0  0 0  1 0
     8  0.2040551903030387E-04   1   0 0  0 0  0 0  0 1
     9  -.3020959677906531       2   2 0  0 0  0 0  0 0
    10  -.5557582786259578       2   1 1  0 0  0 0  0 0
    11  -.2571566039860943       2   0 2  0 0  0 0  0 0
    12  0.7987183051240157E-03   2   1 0  1 0  0 0  0 0
    13  0.5285508664792943E-03   2   0 1  1 0  0 0  0 0
    14  0.2438278235435451       2   0 0  2 0  0 0  0 0
    15  0.6385100846417248E-03   2   1 0  0 1  0 0  0 0
    16  0.4121066666253549E-03   2   0 1  0 1  0 0  0 0
    17  0.4489661508146058       2   0 0  1 1  0 0  0 0
    18  0.2084253923643618       2   0 0  0 2  0 0  0 0
    19  -.3642451737239958E-01   2   1 0  0 0  0 1  0 0
    20  -.6157055863013871       2   0 1  0 0  0 1  0 0
    21  -.1181319321566957E-05   2   0 0  1 0  0 1  0 0
    22  -.1777161025315498E-04   2   0 0  0 1  0 1  0 0
    23  -.3637549897354822E-01   2   1 0  0 0  0 0  1 0
    24  -.6148769987405420       2   0 1  0 0  0 0  1 0
    25  -.1179729557697619E-05   2   0 0  1 0  0 0  1 0
    26  -.1774769405762324E-04   2   0 0  0 1  0 0  1 0
    27   1.342458574102201       2   1 0  0 0  0 0  0 1
    28   1.230582585121279       2   0 1  0 0  0 0  0 1
    29  0.3858371578674103E-04   2   0 0  1 0  0 0  0 1
    30  0.3551922301798924E-04   2   0 0  0 1  0 0  0 1
    31  -.2879713651791325E-06   2   0 0  0 0  0 2  0 0
    32  -.2026629999381541E-06   2   0 0  0 0  0 1  1 0
    33  -.2874474597296264E-06   2   0 0  0 0  0 0  2 0
    34  0.7786021587376905E-06   2   0 0  0 0  0 1  0 1
    35  0.7775543526465665E-06   2   0 0  0 0  0 0  1 1
    36  -.7780771075686585E-06   2   0 0  0 0  0 0  0 2
    37  -2.066510625948875       3   3 0  0 0  0 0  0 0
    38  -6.103410866104761       3   2 1  0 0  0 0  0 0
    39  -6.605244317749221       3   1 2  0 0  0 0  0 0
    40  -1.938548569032277       3   0 3  0 0  0 0  0 0
    41  -.2622400206311494E-01   3   2 0  1 0  0 0  0 0
    42  -.4823353602722408E-01   3   1 1  1 0  0 0  0 0
    43  -.2231424897977169E-01   3   0 2  1 0  0 0  0 0
    44  -4.179282420733411       3   1 0  2 0  0 0  0 0
    45  -3.437465481486154       3   0 1  2 0  0 0  0 0
    46  0.6892446385086830E-02   3   0 0  3 0  0 0  0 0
    47  -.2459185846498546E-01   3   2 0  0 1  0 0  0 0
    48  -.4561990788119216E-01   3   1 1  0 1  0 0  0 0
    49  -.2126501818707125E-01   3   0 2  0 1  0 0  0 0
    50  -8.587584261481647       3   1 0  1 1  0 0  0 0
    51  -7.323784230565662       3   0 1  1 1  0 0  0 0
    52  0.1905234771462880E-01   3   0 0  2 1  0 0  0 0
    53  -3.644470370898501       3   1 0  0 2  0 0  0 0
    54  -2.580741959313035       3   0 1  0 2  0 0  0 0
    55  0.1771196999363998E-01   3   0 0  1 2  0 0  0 0
    56  0.5554220762436129E-02   3   0 0  0 3  0 0  0 0
    57  0.2439722057320684E-01   3   2 0  0 0  0 1  0 0
    58  0.3217150267374145       3   1 1  0 0  0 1  0 0
    59  0.2768425257146173       3   0 2  0 0  0 1  0 0
    60  -.3915636513392638E-03   3   1 0  1 0  0 1  0 0
    61  -.5888179831789250E-03   3   0 1  1 0  0 1  0 0
    62  0.5504224367997908E-02   3   0 0  2 0  0 1  0 0
    63  -.7107891779719799E-03   3   1 0  0 1  0 1  0 0
    64  -.7472758830395601E-03   3   0 1  0 1  0 1  0 0
    65  -.2135573888322897       3   0 0  1 1  0 1  0 0
    66  -.2031377107033162       3   0 0  0 2  0 1  0 0
    67  0.2436438794356103E-01   3   2 0  0 0  0 0  1 0
    68  0.3212820778163364       3   1 1  0 0  0 0  1 0
    69  0.2764699640906475       3   0 2  0 0  0 0  1 0
    70  -.3910367034310462E-03   3   1 0  1 0  0 0  1 0
    71  -.5880255796871935E-03   3   0 1  1 0  0 0  1 0
    72  0.5496817042248520E-02   3   0 0  2 0  0 0  1 0
    73  -.7098326313945981E-03   3   1 0  0 1  0 0  1 0
    74  -.7462702343740579E-03   3   0 1  0 1  0 0  1 0
    75  -.2132699933630104       3   0 0  1 1  0 0  1 0
    76  -.2028643375458004       3   0 0  0 2  0 0  1 0
    77  -.3508586734938413       3   2 0  0 0  0 0  0 1
    78  -.6429989319867616       3   1 1  0 0  0 0  0 1
    79  -.2961566402421700       3   0 2  0 0  0 0  0 1
    80  0.1579549882670109E-02   3   1 0  1 0  0 0  0 1
    81  0.1174978939389905E-02   3   0 1  1 0  0 0  0 1
    82  0.2328276463041006       3   0 0  2 0  0 0  0 1
    83  0.1418707741421031E-02   3   1 0  0 1  0 0  0 1
    84  0.1079405100015778E-02   3   0 1  0 1  0 0  0 1
    85  0.4268288277420484       3   0 0  1 1  0 0  0 1
    86  0.1975772515388705       3   0 0  0 2  0 0  0 1
    87  0.2766516626057855E-01   3   1 0  0 0  0 2  0 0
    88  0.4774153504671547       3   0 1  0 0  0 2  0 0
    89  0.8368457119420063E-06   3   0 0  1 0  0 2  0 0
    90  0.1385694723377268E-04   3   0 0  0 1  0 2  0 0
    91  0.1892920186268368E-01   3   1 0  0 0  0 1  1 0
    92  0.3394961180293465       3   0 1  0 0  0 1  1 0
    93  0.5010810221669256E-06   3   0 0  1 0  0 1  1 0
    94  0.9954117287461725E-05   3   0 0  0 1  0 1  1 0
    95  0.2761519876975640E-01   3   1 0  0 0  0 0  2 0
    96  0.4765444284504285       3   0 1  0 0  0 0  2 0
    97  0.8353823588107115E-06   3   0 0  1 0  0 0  2 0
    98  0.1383160131618348E-04   3   0 0  0 1  0 0  2 0
    99  -.7425930514354910E-01   3   1 0  0 0  0 1  0 1
   100  -.6786210606374696       3   0 1  0 0  0 1  0 1
   101  -.2210471170364586E-05   3   0 0  1 0  0 1  0 1
   102  -.1990236462947166E-04   3   0 0  0 1  0 1  0 1
   103  -.7415937047040759E-01   3   1 0  0 0  0 0  1 1
   104  -.6777078043963674       3   0 1  0 0  0 0  1 1
   105  -.2207496422439390E-05   3   0 0  1 0  0 0  1 1
   106  -.1987558096511926E-04   3   0 0  0 1  0 0  1 1
   107  0.7420921105374943E-01   3   1 0  0 0  0 0  0 2
   108  0.6287304283210007E-01   3   0 1  0 0  0 0  0 2
   109  0.2230829862163346E-05   3   0 0  1 0  0 0  0 2
   110  0.2147379766782055E-05   3   0 0  0 1  0 0  0 2
   111  0.2448918424353517E-06   3   0 0  0 0  0 3  0 0
   112  0.1593971248721185E-06   3   0 0  0 0  0 2  1 0
   113  0.1595690417471436E-06   3   0 0  0 0  0 1  2 0
   114  0.2442903866528290E-06   3   0 0  0 0  0 0  3 0
   115  -.6074599161267856E-06   3   0 0  0 0  0 2  0 1
   116  -.4369913701496322E-06   3   0 0  0 0  0 1  1 1
   117  -.6063483840046974E-06   3   0 0  0 0  0 0  2 1
   118  0.4372501804954529E-06   3   0 0  0 0  0 1  0 2
   119  0.4366617498093542E-06   3   0 0  0 0  0 0  1 2
   120  -.3199701584491468E-07   3   0 0  0 0  0 0  0 3
   121  -29.19325775518032       4   4 0  0 0  0 0  0 0
   122  -108.1216794757365       4   3 1  0 0  0 0  0 0
   123  -150.8826074570086       4   2 2  0 0  0 0  0 0
   124  -94.28769307766656       4   1 3  0 0  0 0  0 0
   125  -22.31891924754162       4   0 4  0 0  0 0  0 0
   126  -.1692579263250870E-01   4   3 0  1 0  0 0  0 0
   127  -.4610175384811537E-01   4   2 1  1 0  0 0  0 0
   128  -.4212743747543707E-01   4   1 2  1 0  0 0  0 0
   129  -.1260608687092996E-01   4   0 3  1 0  0 0  0 0
   130   147.0294964659550       4   2 0  2 0  0 0  0 0
   131   268.4751860076392       4   1 1  2 0  0 0  0 0
   132   123.3288828018399       4   0 2  2 0  0 0  0 0
   133  0.1494609660586635E-01   4   1 0  3 0  0 0  0 0
   134  0.1416046657669074E-01   4   0 1  3 0  0 0  0 0
   135  -19.87357903413354       4   0 0  4 0  0 0  0 0
   136  -.1578662137768831E-01   4   3 0  0 1  0 0  0 0
   137  -.4337018526336064E-01   4   2 1  0 1  0 0  0 0
   138  -.3958935707775106E-01   4   1 2  0 1  0 0  0 0
   139  -.1183453979143809E-01   4   0 3  0 1  0 0  0 0
   140   273.7017784268799       4   2 0  1 1  0 0  0 0
   141   503.2373127001721       4   1 1  1 1  0 0  0 0
   142   232.9619714005944       4   0 2  1 1  0 0  0 0
   143  0.4245484376286079E-01   4   1 0  2 1  0 0  0 0
   144  0.4041566227594607E-01   4   0 1  2 1  0 0  0 0
   145  -72.67973234994474       4   0 0  3 1  0 0  0 0
   146   128.1503218434997       4   2 0  0 2  0 0  0 0
   147   236.9513667127910       4   1 1  0 2  0 0  0 0
   148   110.3936742167451       4   0 2  0 2  0 0  0 0
   149  0.4032151324588705E-01   4   1 0  1 2  0 0  0 0
   150  0.3872047520513137E-01   4   0 1  1 2  0 0  0 0
   151  -100.5460844575823       4   0 0  2 2  0 0  0 0
   152  0.1318693425086566E-01   4   1 0  0 3  0 0  0 0
   153  0.1270285705685925E-01   4   0 1  0 3  0 0  0 0
   154  -62.14051069285092       4   0 0  1 3  0 0  0 0
   155  -14.42522353847305       4   0 0  0 4  0 0  0 0
   156   1.319744158563040       4   3 0  0 0  0 1  0 0
   157   6.901873924827202       4   2 1  0 0  0 1  0 0
   158   10.35015613003322       4   1 2  0 0  0 1  0 0
   159   4.106100433302739       4   0 3  0 0  0 1  0 0
   160  -.2434581688969520E-02   4   2 0  1 0  0 1  0 0
   161  0.1626608843602180E-01   4   1 1  1 0  0 1  0 0
   162  0.1699608087280266E-01   4   0 2  1 0  0 1  0 0
   163   1.854241042746197       4   1 0  2 0  0 1  0 0
   164   3.190828645114994       4   0 1  2 0  0 1  0 0
   165  0.6048954875232715E-03   4   0 0  3 0  0 1  0 0
   166  0.8108880488491970E-02   4   2 0  0 1  0 1  0 0
   167  0.3442744225545480E-01   4   1 1  0 1  0 1  0 0
   168  0.2496627828819744E-01   4   0 2  0 1  0 1  0 0
   169   8.227761886005259       4   1 0  1 1  0 1  0 0
   170   10.59597735290678       4   0 1  1 1  0 1  0 0
   171  -.6456440810846964E-02   4   0 0  2 1  0 1  0 0
   172   5.632947397025178       4   1 0  0 2  0 1  0 0
   173   5.563744091055294       4   0 1  0 2  0 1  0 0
   174  -.1343184748759667E-01   4   0 0  1 2  0 1  0 0
   175  -.6514904644236146E-02   4   0 0  0 3  0 1  0 0
   176   1.317968109071833       4   3 0  0 0  0 0  1 0
   177   6.892585708173219       4   2 1  0 0  0 0  1 0
   178   10.33622737769939       4   1 2  0 0  0 0  1 0
   179   4.100574636853414       4   0 3  0 0  0 0  1 0
   180  -.2431305343670364E-02   4   2 0  1 0  0 0  1 0
   181  0.1624419830079880E-01   4   1 1  1 0  0 0  1 0
   182  0.1697320834816157E-01   4   0 2  1 0  0 0  1 0
   183   1.851745692538222       4   1 0  2 0  0 0  1 0
   184   3.186534578302945       4   0 1  2 0  0 0  1 0
   185  0.6040814476839000E-03   4   0 0  3 0  0 0  1 0
   186  0.8097967939288849E-02   4   2 0  0 1  0 0  1 0
   187  0.3438111142617657E-01   4   1 1  0 1  0 0  1 0
   188  0.2493267984749713E-01   4   0 2  0 1  0 0  1 0
   189   8.216689351820060       4   1 0  1 1  0 0  1 0
   190   10.58171778595636       4   0 1  1 1  0 0  1 0
   191  -.6447752037085231E-02   4   0 0  2 1  0 0  1 0
   192   5.625366841889873       4   1 0  0 2  0 0  1 0
   193   5.556256666467732       4   0 1  0 2  0 0  1 0
   194  -.1341377154026891E-01   4   0 0  1 2  0 0  1 0
   195  -.6506137192602751E-02   4   0 0  0 3  0 0  1 0
   196  -4.707493411089880       4   3 0  0 0  0 0  0 1
   197  -13.80489487602394       4   2 1  0 0  0 0  0 1
   198  -14.09233799500752       4   1 2  0 0  0 0  0 1
   199  -4.333614749028800       4   0 3  0 0  0 0  0 1
   200  0.4010508490448023E-03   4   2 0  1 0  0 0  0 1
   201  0.8131918423341626E-03   4   1 1  1 0  0 0  0 1
   202  0.4139027089599492E-03   4   0 2  1 0  0 0  0 1
   203  -7.877032925849565       4   1 0  2 0  0 0  0 1
   204  -6.368813822840427       4   0 1  2 0  0 0  0 1
   205  -.1989304429421487E-03   4   0 0  3 0  0 0  0 1
   206  0.3937369353285951E-03   4   2 0  0 1  0 0  0 1
   207  0.7085148122549966E-03   4   1 1  0 1  0 0  0 1
   208  0.3438457688092233E-03   4   0 2  0 1  0 0  0 1
   209  -16.42677357268457       4   1 0  1 1  0 0  0 1
   210  -13.83532775330078       4   0 1  1 1  0 0  0 1
   211  -.6174001509457222E-03   4   0 0  2 1  0 0  0 1
   212  -7.604293736446218       4   1 0  0 2  0 0  0 1
   213  -5.948386830735839       4   0 1  0 2  0 0  0 1
   214  -.6222490557409829E-03   4   0 0  1 2  0 0  0 1
   215  -.1842524687951095E-03   4   0 0  0 3  0 0  0 1
   216  -.1866377894161843E-01   4   2 0  0 0  0 2  0 0
   217  -.2630849337495190       4   1 1  0 0  0 2  0 0
   218  -.2912565209298735       4   0 2  0 0  0 2  0 0
   219  -.1464521840777315E-03   4   1 0  1 0  0 2  0 0
   220  0.1812622570853728E-03   4   0 1  1 0  0 2  0 0
   221  -.3807779909841591E-02   4   0 0  2 0  0 2  0 0
   222  0.3574621414880860E-03   4   1 0  0 1  0 2  0 0
   223  0.6583621936805021E-03   4   0 1  0 1  0 2  0 0
   224  0.1553004189828470       4   0 0  1 1  0 2  0 0
   225  0.1993612638261289       4   0 0  0 2  0 2  0 0
   226  -.1329797084671487E-01   4   2 0  0 0  0 1  1 0
   227  -.2057888986166620       4   1 1  0 0  0 1  1 0
   228  -.3063447885510142       4   0 2  0 0  0 1  1 0
   229  -.1770276115412308E-03   4   1 0  1 0  0 1  1 0
   230  0.2388789340655774E-03   4   0 1  1 0  0 1  1 0
   231  -.2076828105750952E-02   4   0 0  2 0  0 1  1 0
   232  0.4235501294852637E-03   4   1 0  0 1  0 1  1 0
   233  0.9396796229269080E-03   4   0 1  0 1  0 1  1 0
   234  0.9715133847250625E-01   4   0 0  1 1  0 1  1 0
   235  0.1955844700961469       4   0 0  0 2  0 1  1 0
   236  -.1862971421628528E-01   4   2 0  0 0  0 0  2 0
   237  -.2625924159438109       4   1 1  0 0  0 0  2 0
   238  -.2906584294410000       4   0 2  0 0  0 0  2 0
   239  -.1461359779221569E-03   4   1 0  1 0  0 0  2 0
   240  0.1808575868766356E-03   4   0 1  1 0  0 0  2 0
   241  -.3801258130399797E-02   4   0 0  2 0  0 0  2 0
   242  0.3566960888831606E-03   4   1 0  0 1  0 0  2 0
   243  0.6568439125923542E-03   4   0 1  0 1  0 0  2 0
   244  0.1550260521516689       4   0 0  1 1  0 0  2 0
   245  0.1989613686517032       4   0 0  0 2  0 0  2 0
   246  0.5108935947351568E-01   4   2 0  0 0  0 1  0 1
   247  0.4122866419626257       4   1 1  0 0  0 1  0 1
   248  0.3365288138573621       4   0 2  0 0  0 1  0 1
   249  0.2355347650491055E-03   4   1 0  1 0  0 1  0 1
   250  -.3136442836079843E-03   4   0 1  1 0  0 1  0 1
   251  0.9705297700107052E-02   4   0 0  2 0  0 1  0 1
   252  -.5007085843214934E-03   4   1 0  0 1  0 1  0 1
   253  -.8411640936874950E-03   4   0 1  0 1  0 1  0 1
   254  -.1938984317335672       4   0 0  1 1  0 1  0 1
   255  -.1879788598946346       4   0 0  0 2  0 1  0 1
   256  0.5102060582129519E-01   4   2 0  0 0  0 0  1 1
   257  0.4117318060302707       4   1 1  0 0  0 0  1 1
   258  0.3360759292397272       4   0 2  0 0  0 0  1 1
   259  0.2352177934626716E-03   4   1 0  1 0  0 0  1 1
   260  -.3132221959126474E-03   4   0 1  1 0  0 0  1 1
   261  0.9692236767857037E-02   4   0 0  2 0  0 0  1 1
   262  -.5000347543062917E-03   4   1 0  0 1  0 0  1 1
   263  -.8400320946929010E-03   4   0 1  0 1  0 0  1 1
   264  -.1936374923622570       4   0 0  1 1  0 0  1 1
   265  -.1877258868041253       4   0 0  0 2  0 0  1 1
   266  -.5151893067900629E-01   4   2 0  0 0  0 0  0 2
   267  -.9195383932957200E-01   4   1 1  0 0  0 0  0 2
   268  -.4101085540550763E-01   4   0 2  0 0  0 0  0 2
   269  -.1686870108282570E-05   4   1 0  1 0  0 0  0 2
   270  -.1039831890755684E-04   4   0 1  1 0  0 0  0 2
   271  -.9711341842139076E-02   4   0 0  2 0  0 0  0 2
   272  -.1589393789236930E-05   4   1 0  0 1  0 0  0 2
   273  -.8518519612405516E-05   4   0 1  0 1  0 0  0 2
   274  -.1983013647880280E-01   4   0 0  1 1  0 0  0 2
   275  -.9816450135618483E-02   4   0 0  0 2  0 0  0 2
   276  -.2329992750667605E-01   4   1 0  0 0  0 3  0 0
   277  -.4084735730671699       4   0 1  0 0  0 3  0 0
   278  -.2138700320885798E-05   4   0 0  1 0  0 3  0 0
   279  -.1545064201691622E-04   4   0 0  0 1  0 3  0 0
   280  -.1455299734389042E-01   4   1 0  0 0  0 2  1 0
   281  -.2706573796350670       4   0 1  0 0  0 2  1 0
   282  -.1124701217066915E-05   4   0 0  1 0  0 2  1 0
   283  -.1033844301783421E-04   4   0 0  0 1  0 2  1 0
   284  -.1457059085743902E-01   4   1 0  0 0  0 1  2 0
   285  -.2709344697925870       4   0 1  0 0  0 1  2 0
   286  -.1126742295433166E-05   4   0 0  1 0  0 1  2 0
   287  -.1034872067971306E-04   4   0 0  0 1  0 1  2 0
   288  -.2324311442766880E-01   4   1 0  0 0  0 0  3 0
   289  -.4074671429532246       4   0 1  0 0  0 0  3 0
   290  -.2133627313843872E-05   4   0 0  1 0  0 0  3 0
   291  -.1541250578398329E-04   4   0 0  0 1  0 0  3 0
   292  0.5676430270070845E-01   4   1 0  0 0  0 2  0 1
   293  0.5412165107614749       4   0 1  0 0  0 2  0 1
   294  0.2489689788249484E-05   4   0 0  1 0  0 2  0 1
   295  0.1896163494260381E-04   4   0 0  0 1  0 2  0 1
   296  0.3930040515556914E-01   4   1 0  0 0  0 1  1 1
   297  0.4041642885683542       4   0 1  0 0  0 1  1 1
   298  0.1424181420770361E-05   4   0 0  1 0  0 1  1 1
   299  0.1402937880548045E-04   4   0 0  0 1  0 1  1 1
   300  0.5666146766079476E-01   4   1 0  0 0  0 0  2 1
   301  0.5402162144619672       4   0 1  0 0  0 0  2 1
   302  0.2485380982949105E-05   4   0 0  1 0  0 0  2 1
   303  0.1892667722952160E-04   4   0 0  0 1  0 0  2 1
   304  -.3926763887782164E-01   4   1 0  0 0  0 1  0 2
   305  -.6465766440143868E-01   4   0 1  0 0  0 1  0 2
   306  0.7826580246849531E-08   4   0 0  1 0  0 1  0 2
   307  -.8658087326296528E-06   4   0 0  0 1  0 1  0 2
   308  -.3921479434004019E-01   4   1 0  0 0  0 0  1 2
   309  -.6457065116389814E-01   4   0 1  0 0  0 0  1 2
   310  0.7816047603990465E-08   4   0 0  1 0  0 0  1 2
   311  -.8646435680414539E-06   4   0 0  0 1  0 0  1 2
   312  0.1422990135913263E-02   4   1 0  0 0  0 0  0 3
   313  0.1159474769457419E-02   4   0 1  0 0  0 0  0 3
   314  0.9511691178872221E-07   4   0 0  1 0  0 0  0 3
   315  0.7794396009976449E-07   4   0 0  0 1  0 0  0 3
   316  -.1609927711267424E-04   4   0 0  0 0  0 4  0 0
   317  -.9760126767247281E-05   4   0 0  0 0  0 3  1 0
   318  -.8918343485407208E-05   4   0 0  0 0  0 2  2 0
   319  -.9778254307818522E-05   4   0 0  0 0  0 1  3 0
   320  -.1604940593338335E-04   4   0 0  0 0  0 0  4 0
   321  0.1911000630245844E-04   4   0 0  0 0  0 3  0 1
   322  0.1251680593092074E-04   4   0 0  0 0  0 2  1 1
   323  0.1253006324463250E-04   4   0 0  0 0  0 1  2 1
   324  0.1906301937748153E-04   4   0 0  0 0  0 0  3 1
   325  -.8188911298580078E-06   4   0 0  0 0  0 2  0 2
   326  -.9870556000805750E-06   4   0 0  0 0  0 1  1 2
   327  -.8171249383143577E-06   4   0 0  0 0  0 0  2 2
   328  0.3927880902359100E-08   4   0 0  0 0  0 1  0 3
   329  0.3922594945355319E-08   4   0 0  0 0  0 0  1 3
   330  0.8615116485827780E-14   4   0 0  0 0  0 0  0 4
   ----------------------------------------------------
     I  COEFFICIENT            ORDER EXPONENTS
     1  -.1851156991694372E-04   0   0 0  0 0  0 0  0 0
     2  0.4679191647214570E-05   1   1 0  0 0  0 0  0 0
     3  0.3984130999922393E-05   1   0 1  0 0  0 0  0 0
     4  0.8536440631691931       1   0 0  1 0  0 0  0 0
     5  0.9230026372200032       1   0 0  0 1  0 0  0 0
     6  -.5891497543827703E-05   1   0 0  0 0  0 1  0 0
     7  -.5883569044089885E-05   1   0 0  0 0  0 0  1 0
     8  0.1177506658789403E-04   1   0 0  0 0  0 0  0 1
     9  0.9030356530991495E-04   2   2 0  0 0  0 0  0 0
    10  0.1570768687939110E-03   2   1 1  0 0  0 0  0 0
    11  0.8052602273254215E-04   2   0 2  0 0  0 0  0 0
    12  0.6316344690867969E-01   2   1 0  1 0  0 0  0 0
    13  0.5524507735005824E-01   2   0 1  1 0  0 0  0 0
    14  -.9287143461140410E-04   2   0 0  2 0  0 0  0 0
    15  0.5560476337745239E-01   2   1 0  0 1  0 0  0 0
    16  0.4886675184215334E-01   2   0 1  0 1  0 0  0 0
    17  -.8761025143117016E-04   2   0 0  1 1  0 0  0 0
    18  0.1084351949242505E-04   2   0 0  0 2  0 0  0 0
    19  -.2362506866827189E-05   2   1 0  0 0  0 1  0 0
    20  -.4006650006781001E-05   2   0 1  0 0  0 1  0 0
    21  0.7152348465648106E-01   2   0 0  1 0  0 1  0 0
    22  -.3996994789930773       2   0 0  0 1  0 1  0 0
    23  -.2359327516426908E-05   2   1 0  0 0  0 0  1 0
    24  -.4001258046028773E-05   2   0 1  0 0  0 0  1 0
    25  0.7142723172161554E-01   2   0 0  1 0  0 0  1 0
    26  -.3991615822714321       2   0 0  0 1  0 0  1 0
    27  0.4721831093607464E-05   2   1 0  0 0  0 0  0 1
    28  0.4023773741101690E-05   2   0 1  0 0  0 0  0 1
    29  -.1429507163837890       2   0 0  1 0  0 0  0 1
    30  -.1241415759608299       2   0 0  0 1  0 0  0 1
    31  0.4353765367373942E-05   2   0 0  0 0  0 2  0 0
    32  0.2820161197765303E-05   2   0 0  0 0  0 1  1 0
    33  0.4346008655093131E-05   2   0 0  0 0  0 0  2 0
    34  -.5636191210528757E-05   2   0 0  0 0  0 1  0 1
    35  -.5628606290022116E-05   2   0 0  0 0  0 0  1 1
    36  -.2551314317178291E-06   2   0 0  0 0  0 0  0 2
    37  -.1010075314454239E-02   3   3 0  0 0  0 0  0 0
    38  -.2640007401390283E-02   3   2 1  0 0  0 0  0 0
    39  -.2306219447504549E-02   3   1 2  0 0  0 0  0 0
    40  -.6711821728061895E-03   3   0 3  0 0  0 0  0 0
    41  -.2426367154914376       3   2 0  1 0  0 0  0 0
    42  -.5266172882425427       3   1 1  1 0  0 0  0 0
    43  -.4131841463610192       3   0 2  1 0  0 0  0 0
    44  0.2709810468548827E-02   3   1 0  2 0  0 0  0 0
    45  0.2377179076628308E-02   3   0 1  2 0  0 0  0 0
    46  0.8554294309074301E-01   3   0 0  3 0  0 0  0 0
    47  -.8127514794995320       3   2 0  0 1  0 0  0 0
    48  -1.434407146917145       3   1 1  0 1  0 0  0 0
    49  -.2983092741322771       3   0 2  0 1  0 0  0 0
    50  0.4768004416576198E-02   3   1 0  1 1  0 0  0 0
    51  0.4204920717166925E-02   3   0 1  1 1  0 0  0 0
    52  -.1287276969845671       3   0 0  2 1  0 0  0 0
    53  0.2115679710224657E-02   3   1 0  0 2  0 0  0 0
    54  0.1877453078378820E-02   3   0 1  0 2  0 0  0 0
    55  -.6134848026023583       3   0 0  1 2  0 0  0 0
    56  0.7575850641362410E-01   3   0 0  0 3  0 0  0 0
    57  -.5645815243903241E-04   3   2 0  0 0  0 1  0 0
    58  -.1815973624612999E-03   3   1 1  0 0  0 1  0 0
    59  -.1331306911682632E-03   3   0 2  0 0  0 1  0 0
    60  -.3090137540111212E-01   3   1 0  1 0  0 1  0 0
    61  -.5460824119269887E-01   3   0 1  1 0  0 1  0 0
    62  0.4855179792879794E-04   3   0 0  2 0  0 1  0 0
    63  -.5515858308649212E-01   3   1 0  0 1  0 1  0 0
    64  -.7287124111813743E-01   3   0 1  0 1  0 1  0 0
    65  0.1110043828460269E-03   3   0 0  1 1  0 1  0 0
    66  0.3269929385535164E-05   3   0 0  0 2  0 1  0 0
    67  -.5638217371826052E-04   3   2 0  0 0  0 0  1 0
    68  -.1813529772892868E-03   3   1 1  0 0  0 0  1 0
    69  -.1329515301583210E-03   3   0 2  0 0  0 0  1 0
    70  -.3085978978642859E-01   3   1 0  1 0  0 0  1 0
    71  -.5453475199529893E-01   3   0 1  1 0  0 0  1 0
    72  0.4848645920731223E-04   3   0 0  2 0  0 0  1 0
    73  -.5508435326490828E-01   3   1 0  0 1  0 0  1 0
    74  -.7277317443614327E-01   3   0 1  0 1  0 0  1 0
    75  0.1108549983790479E-03   3   0 0  1 1  0 0  1 0
    76  0.3265528868674491E-05   3   0 0  0 2  0 0  1 0
    77  0.1127328075207462E-03   3   2 0  0 0  0 0  0 1
    78  0.2056549500560767E-03   3   1 1  0 0  0 0  0 1
    79  0.1049185433041528E-03   3   0 2  0 0  0 0  0 1
    80  0.6176116574956017E-01   3   1 0  1 0  0 0  0 1
    81  0.5389790739135884E-01   3   0 1  1 0  0 0  0 1
    82  -.9696558652154600E-04   3   0 0  2 0  0 0  0 1
    83  0.5463816227335434E-01   3   1 0  0 1  0 0  0 1
    84  0.4791089483691831E-01   3   0 1  0 1  0 0  0 1
    85  -.1341081873454746E-03   3   0 0  1 1  0 0  0 1
    86  -.2815489870356160E-04   3   0 0  0 2  0 0  0 1
    87  0.1790043737995791E-05   3   1 0  0 0  0 2  0 0
    88  0.4032257154815583E-05   3   0 1  0 0  0 2  0 0
    89  -.5278355656301540E-01   3   0 0  1 0  0 2  0 0
    90  0.2693175794100340       3   0 0  0 1  0 2  0 0
    91  0.1221480827791957E-05   3   1 0  0 0  0 1  1 0
    92  0.4057745735479436E-05   3   0 1  0 0  0 1  1 0
    93  -.3409397382297173E-01   3   0 0  1 0  0 1  1 0
    94  0.1392858695358948       3   0 0  0 1  0 1  1 0
    95  0.1786812875910222E-05   3   1 0  0 0  0 0  2 0
    96  0.4024100371610918E-05   3   0 1  0 0  0 0  2 0
    97  -.5268958190860686E-01   3   0 0  1 0  0 0  2 0
    98  0.2688614223247088       3   0 0  0 1  0 0  2 0
    99  -.2446988247752543E-05   3   1 0  0 0  0 1  0 1
   100  -.4096541961606016E-05   3   0 1  0 0  0 1  0 1
   101  0.6813771073366129E-01   3   0 0  1 0  0 1  0 1
   102  0.1214779312740676       3   0 0  0 1  0 1  0 1
   103  -.2443695206291275E-05   3   1 0  0 0  0 0  1 1
   104  -.4091029028497417E-05   3   0 1  0 0  0 0  1 1
   105  0.6804601421377497E-01   3   0 0  1 0  0 0  1 1
   106  0.1213144519992155       3   0 0  0 1  0 0  1 1
   107  0.8959447103901868E-07   3   1 0  0 0  0 0  0 2
   108  0.8889554744838270E-07   3   0 1  0 0  0 0  0 2
   109  0.3383463306474044E-02   3   0 0  1 0  0 0  0 2
   110  0.2745345100749396E-02   3   0 0  0 1  0 0  0 2
   111  -.3585725580174736E-05   3   0 0  0 0  0 3  0 0
   112  -.2050462902365617E-05   3   0 0  0 0  0 2  1 0
   113  -.2053552287664807E-05   3   0 0  0 0  0 1  2 0
   114  -.3577109482336351E-05   3   0 0  0 0  0 0  3 0
   115  0.4099685514635334E-05   3   0 0  0 0  0 2  0 1
   116  0.2567226241630981E-05   3   0 0  0 0  0 1  1 1
   117  0.4092440924997501E-05   3   0 0  0 0  0 0  2 1
   118  0.2530657924492803E-06   3   0 0  0 0  0 1  0 2
   119  0.2527252284323806E-06   3   0 0  0 0  0 0  1 2
   120  0.1495566792764774E-08   3   0 0  0 0  0 0  0 3
   121  -.5063539549090850E-03   4   4 0  0 0  0 0  0 0
   122  -.1801509469672332E-02   4   3 1  0 0  0 0  0 0
   123  -.2454548402161912E-02   4   2 2  0 0  0 0  0 0
   124  -.1438686427910552E-02   4   1 3  0 0  0 0  0 0
   125  -.2800643608085323E-03   4   0 4  0 0  0 0  0 0
   126   11.99143124722783       4   3 0  1 0  0 0  0 0
   127   31.79457105623312       4   2 1  1 0  0 0  0 0
   128   28.27588647587257       4   1 2  1 0  0 0  0 0
   129   8.460938833264180       4   0 3  1 0  0 0  0 0
   130  0.2256597333865624E-02   4   2 0  2 0  0 0  0 0
   131  0.3760895242563712E-02   4   1 1  2 0  0 0  0 0
   132  0.1466696806402633E-02   4   0 2  2 0  0 0  0 0
   133  -10.74266876284145       4   1 0  3 0  0 0  0 0
   134  -9.275334081943340       4   0 1  3 0  0 0  0 0
   135  -.6474276390454640E-03   4   0 0  4 0  0 0  0 0
   136   10.73386900296916       4   3 0  0 1  0 0  0 0
   137   28.57695417931369       4   2 1  0 1  0 0  0 0
   138   25.54680852930346       4   1 2  0 1  0 0  0 0
   139   7.691164972889486       4   0 3  0 1  0 0  0 0
   140  0.4045927521745912E-02   4   2 0  1 1  0 0  0 0
   141  0.6977444099360925E-02   4   1 1  1 1  0 0  0 0
   142  0.2679916180871689E-02   4   0 2  1 1  0 0  0 0
   143  -28.35285075723332       4   1 0  2 1  0 0  0 0
   144  -24.59793545444183       4   0 1  2 1  0 0  0 0
   145  -.2142660722796182E-02   4   0 0  3 1  0 0  0 0
   146  0.1726985733744449E-02   4   2 0  0 2  0 0  0 0
   147  0.3172360158153456E-02   4   1 1  0 2  0 0  0 0
   148  0.1329623436107591E-02   4   0 2  0 2  0 0  0 0
   149  -24.98844583540680       4   1 0  1 2  0 0  0 0
   150  -21.75188657761606       4   0 1  1 2  0 0  0 0
   151  -.2675035525836327E-02   4   0 0  2 2  0 0  0 0
   152  -7.325340410234563       4   1 0  0 3  0 0  0 0
   153  -6.388373018024429       4   0 1  0 3  0 0  0 0
   154  -.1650636459699533E-02   4   0 0  1 3  0 0  0 0
   155  -.3749550248957491E-03   4   0 0  0 4  0 0  0 0
   156  -.8858887844723818E-04   4   3 0  0 0  0 1  0 0
   157  0.9095165474003286E-03   4   2 1  0 0  0 1  0 0
   158  0.1765515871848054E-02   4   1 2  0 0  0 1  0 0
   159  0.7860731770931360E-03   4   0 3  0 0  0 1  0 0
   160  0.2524074384356026       4   2 0  1 0  0 1  0 0
   161  0.8028893317338723       4   1 1  1 0  0 1  0 0
   162  0.7555787878617444       4   0 2  1 0  0 1  0 0
   163  0.1742530419653225E-03   4   1 0  2 0  0 1  0 0
   164  -.9446694792925162E-03   4   0 1  2 0  0 1  0 0
   165  -.4988102408712586E-01   4   0 0  3 0  0 1  0 0
   166  0.9311897087638121       4   2 0  0 1  0 1  0 0
   167   2.406757543140708       4   1 1  0 1  0 1  0 0
   168  0.9857505376551523       4   0 2  0 1  0 1  0 0
   169  -.1835157930714672E-02   4   1 0  1 1  0 1  0 0
   170  -.3547251005482871E-02   4   0 1  1 1  0 1  0 0
   171  -.1600027419318652E-02   4   0 0  2 1  0 1  0 0
   172  -.1773065087113015E-02   4   1 0  0 2  0 1  0 0
   173  -.2432583514104357E-02   4   0 1  0 2  0 1  0 0
   174  0.6998968399258096       4   0 0  1 2  0 1  0 0
   175  0.1223928285292768E-01   4   0 0  0 3  0 1  0 0
   176  -.8846965970967312E-04   4   3 0  0 0  0 0  1 0
   177  0.9082925628948669E-03   4   2 1  0 0  0 0  1 0
   178  0.1763139923793602E-02   4   1 2  0 0  0 0  1 0
   179  0.7850153168577496E-03   4   0 3  0 0  0 0  1 0
   180  0.2520677604005063       4   2 0  1 0  0 0  1 0
   181  0.8018088411100892       4   1 1  1 0  0 0  1 0
   182  0.7545619655382360       4   0 2  1 0  0 0  1 0
   183  0.1740185404337069E-03   4   1 0  2 0  0 0  1 0
   184  -.9433981876280147E-03   4   0 1  2 0  0 0  1 0
   185  -.4981389655572019E-01   4   0 0  3 0  0 0  1 0
   186  0.9299365575392087       4   2 0  0 1  0 0  1 0
   187   2.403518642265704       4   1 1  0 1  0 0  1 0
   188  0.9844239610383895       4   0 2  0 1  0 0  1 0
   189  -.1832688261659513E-02   4   1 0  1 1  0 0  1 0
   190  -.3542477282255841E-02   4   0 1  1 1  0 0  1 0
   191  -.1597874177823641E-02   4   0 0  2 1  0 0  1 0
   192  -.1770678979680441E-02   4   1 0  0 2  0 0  1 0
   193  -.2429309857854765E-02   4   0 1  0 2  0 0  1 0
   194  0.6989549517436333       4   0 0  1 2  0 0  1 0
   195  0.1222281180288174E-01   4   0 0  0 3  0 0  1 0
   196  0.3744917297258749E-04   4   3 0  0 0  0 0  0 1
   197  0.1648736962753687E-03   4   2 1  0 0  0 0  0 1
   198  0.2129255507409204E-03   4   1 2  0 0  0 0  0 1
   199  0.8771263010979628E-04   4   0 3  0 0  0 0  0 1
   200  -.5033592203708313       4   2 0  1 0  0 0  0 1
   201  -1.075831600306751       4   1 1  1 0  0 0  0 1
   202  -.6826324466395274       4   0 2  1 0  0 0  0 1
   203  -.3373363562877330E-04   4   1 0  2 0  0 0  0 1
   204  -.1728734656532006E-04   4   0 1  2 0  0 0  0 1
   205  0.9944235558843945E-01   4   0 0  3 0  0 0  0 1
   206  -1.047278093170066       4   2 0  0 1  0 0  0 1
   207  -1.939236652053970       4   1 1  0 1  0 0  0 1
   208  -1.074111667560078       4   0 2  0 1  0 0  0 1
   209  -.9363285642941205E-04   4   1 0  1 1  0 0  0 1
   210  -.5786297228787661E-04   4   0 1  1 1  0 0  0 1
   211  0.1311837016319657       4   0 0  2 1  0 0  0 1
   212  -.4078894334637470E-04   4   1 0  0 2  0 0  0 1
   213  -.2140195046118221E-04   4   0 1  0 2  0 0  0 1
   214  -.1726030044221694       4   0 0  1 2  0 0  0 1
   215  -.2519686821319310       4   0 0  0 3  0 0  0 1
   216  -.4932218788620703E-04   4   2 0  0 0  0 2  0 0
   217  0.1672551045674396E-04   4   1 1  0 0  0 2  0 0
   218  0.9552968852723742E-04   4   0 2  0 0  0 2  0 0
   219  0.2288730302727566E-01   4   1 0  1 0  0 2  0 0
   220  0.5435114198240756E-01   4   0 1  1 0  0 2  0 0
   221  -.4539906620196771E-04   4   0 0  2 0  0 2  0 0
   222  0.5483968869881810E-01   4   1 0  0 1  0 2  0 0
   223  0.9068273372718545E-01   4   0 1  0 1  0 2  0 0
   224  -.2587134805618631E-03   4   0 0  1 1  0 2  0 0
   225  -.9370532437357403E-04   4   0 0  0 2  0 2  0 0
   226  -.5919875215953304E-04   4   2 0  0 0  0 1  1 0
   227  0.2613601235716930E-04   4   1 1  0 0  0 1  1 0
   228  0.1340806432689135E-03   4   0 2  0 0  0 1  1 0
   229  0.1483328928967073E-01   4   1 0  1 0  0 1  1 0
   230  0.5388925410066802E-01   4   0 1  1 0  0 1  1 0
   231  -.2634977229560042E-04   4   0 0  2 0  0 1  1 0
   232  0.5449029379231306E-01   4   1 0  0 1  0 1  1 0
   233  0.1084066402838372       4   0 1  0 1  0 1  1 0
   234  -.2652805743673472E-03   4   0 0  1 1  0 1  1 0
   235  -.1063894382085944E-03   4   0 0  0 2  0 1  1 0
   236  -.4921597896478272E-04   4   2 0  0 0  0 0  2 0
   237  0.1668541574619110E-04   4   1 1  0 0  0 0  2 0
   238  0.9531090946922134E-04   4   0 2  0 0  0 0  2 0
   239  0.2284652140267411E-01   4   1 0  1 0  0 0  2 0
   240  0.5424173796778011E-01   4   0 1  1 0  0 0  2 0
   241  -.4532024013747339E-04   4   0 0  2 0  0 0  2 0
   242  0.5472922279559855E-01   4   1 0  0 1  0 0  2 0
   243  0.9048775290413148E-01   4   0 1  0 1  0 0  2 0
   244  -.2581868151051005E-03   4   0 0  1 1  0 0  2 0
   245  -.9350763321818279E-04   4   0 0  0 2  0 0  2 0
   246  0.4110128716154922E-04   4   2 0  0 0  0 1  0 1
   247  -.2105839985956372E-04   4   1 1  0 0  0 1  0 1
   248  -.5107116511538588E-04   4   0 2  0 0  0 1  0 1
   249  -.2956912326351325E-01   4   1 0  1 0  0 1  0 1
   250  -.5278947683161838E-01   4   0 1  1 0  0 1  0 1
   251  0.2570734953274328E-04   4   0 0  2 0  0 1  0 1
   252  -.5376103313666159E-01   4   1 0  0 1  0 1  0 1
   253  -.7114639572761053E-01   4   0 1  0 1  0 1  0 1
   254  0.1779056967966820E-03   4   0 0  1 1  0 1  0 1
   255  0.1301963934754723E-03   4   0 0  0 2  0 1  0 1
   256  0.4104597498632377E-04   4   2 0  0 0  0 0  1 1
   257  -.2103006045748069E-04   4   1 1  0 0  0 0  1 1
   258  -.5100243594827424E-04   4   0 2  0 0  0 0  1 1
   259  -.2952933053096992E-01   4   1 0  1 0  0 0  1 1
   260  -.5271843524158046E-01   4   0 1  1 0  0 0  1 1
   261  0.2567275379328752E-04   4   0 0  2 0  0 0  1 1
   262  -.5368868407193614E-01   4   1 0  0 1  0 0  1 1
   263  -.7105065026125397E-01   4   0 1  0 1  0 0  1 1
   264  0.1776662796943381E-03   4   0 0  1 1  0 0  1 1
   265  0.1300211813050764E-03   4   0 0  0 2  0 0  1 1
   266  -.4113816462765464E-07   4   2 0  0 0  0 0  0 2
   267  -.7443579497395952E-07   4   1 1  0 0  0 0  0 2
   268  -.3106696995030251E-07   4   0 2  0 0  0 0  0 2
   269  -.1417346795283762E-02   4   1 0  1 0  0 0  0 2
   270  -.1365160246868934E-02   4   0 1  1 0  0 0  0 2
   271  0.2489027633112934E-04   4   0 0  2 0  0 0  0 2
   272  -.9722800411799354E-03   4   1 0  0 1  0 0  0 2
   273  -.9653167646644360E-03   4   0 1  0 1  0 0  0 2
   274  0.4580158455541668E-04   4   0 0  1 1  0 0  0 2
   275  0.2098741806835030E-04   4   0 0  0 2  0 0  0 2
   276  -.3533496277664192E-05   4   1 0  0 0  0 3  0 0
   277  -.6161510650240353E-05   4   0 1  0 0  0 3  0 0
   278  0.4342378512028535E-01   4   0 0  1 0  0 3  0 0
   279  -.2045108723735237       4   0 0  0 1  0 3  0 0
   280  -.2386644187757209E-05   4   1 0  0 0  0 2  1 0
   281  -.5770847490493126E-05   4   0 1  0 0  0 2  1 0
   282  0.2471477081064259E-01   4   0 0  1 0  0 2  1 0
   283  -.7498631539605158E-01   4   0 0  0 1  0 2  1 0
   284  -.2388949657985351E-05   4   1 0  0 0  0 1  2 0
   285  -.5771619356383674E-05   4   0 1  0 0  0 1  2 0
   286  0.2475241941122087E-01   4   0 0  1 0  0 1  2 0
   287  -.7524722189343475E-01   4   0 0  0 1  0 1  2 0
   288  -.3524759707358619E-05   4   1 0  0 0  0 0  3 0
   289  -.6145195010129873E-05   4   0 1  0 0  0 0  3 0
   290  0.4331952104087548E-01   4   0 0  1 0  0 0  3 0
   291  -.2040476523594526       4   0 0  0 1  0 0  3 0
   292  0.4127020462741531E-05   4   1 0  0 0  0 2  0 1
   293  0.6407182862640171E-05   4   0 1  0 0  0 2  0 1
   294  -.4941515751778869E-01   4   0 0  1 0  0 2  0 1
   295  -.1194295963024957       4   0 0  0 1  0 2  0 1
   296  0.2985695424694016E-05   4   1 0  0 0  0 1  1 1
   297  0.6032022314125403E-05   4   0 1  0 0  0 1  1 1
   298  -.3074211650864438E-01   4   0 0  1 0  0 1  1 1
   299  -.1173857620223776       4   0 0  0 1  0 1  1 1
   300  0.4119457509070486E-05   4   1 0  0 0  0 0  2 1
   301  0.6394501572251830E-05   4   0 1  0 0  0 0  2 1
   302  -.4932797128187109E-01   4   0 0  1 0  0 0  2 1
   303  -.1191898874671485       4   0 0  0 1  0 0  2 1
   304  -.1279626819839495E-07   4   1 0  0 0  0 1  0 2
   305  -.4577981806866553E-07   4   0 1  0 0  0 1  0 2
   306  -.3353075095768352E-02   4   0 0  1 0  0 1  0 2
   307  -.4096132371397421E-02   4   0 0  0 1  0 1  0 2
   308  -.1277904758372662E-07   4   1 0  0 0  0 0  1 2
   309  -.4571820974704229E-07   4   0 1  0 0  0 0  1 2
   310  -.3348562685329425E-02   4   0 0  1 0  0 0  1 2
   311  -.4090619989496036E-02   4   0 0  0 1  0 0  1 2
   312  0.1567041295115839E-08   4   1 0  0 0  0 0  0 3
   313  0.1195347686718478E-08   4   0 1  0 0  0 0  0 3
   314  -.2182055671057394E-04   4   0 0  1 0  0 0  0 3
   315  -.1647936979979341E-04   4   0 0  0 1  0 0  0 3
   316  0.7484710254162269E-05   4   0 0  0 0  0 4  0 0
   317  0.3767199782440572E-05   4   0 0  0 0  0 3  1 0
   318  0.3273574467509997E-05   4   0 0  0 0  0 2  2 0
   319  0.3777839259235013E-05   4   0 0  0 0  0 1  3 0
   320  0.7462041934875273E-05   4   0 0  0 0  0 0  4 0
   321  0.8186805460197520E-06   4   0 0  0 0  0 3  0 1
   322  0.9635260372192918E-06   4   0 0  0 0  0 2  1 1
   323  0.9632314238576301E-06   4   0 0  0 0  0 1  2 1
   324  0.8163804730053319E-06   4   0 0  0 0  0 0  3 1
   325  0.4251244046530821E-08   4   0 0  0 0  0 2  0 2
   326  0.6122908090151196E-08   4   0 0  0 0  0 1  1 2
   327  0.4241403043027418E-08   4   0 0  0 0  0 0  2 2
   328  -.5959756199794993E-10   4   0 0  0 0  0 1  0 3
   329  -.5951735840774890E-10   4   0 0  0 0  0 0  1 3
   330  0.2186569922478350E-15   4   0 0  0 0  0 0  0 4
   ----------------------------------------------------
     I  COEFFICIENT            ORDER EXPONENTS
     1  0.1014723602923538E-03   0   0 0  0 0  0 0  0 0
     2  0.3577296425469732E-04   1   1 0  0 0  0 0  0 0
     3  0.3299215232541641E-04   1   0 1  0 0  0 0  0 0
     4  -1.129586039526733       1   0 0  1 0  0 0  0 0
     5  -.4991646432988701E-01   1   0 0  0 1  0 0  0 0
     6  0.2700951343470484E-05   1   0 0  0 0  0 1  0 0
     7  0.2697316530443855E-05   1   0 0  0 0  0 0  1 0
     8  0.9607409241756152E-04   1   0 0  0 0  0 0  0 1
     9  0.2913147490411682E-03   2   2 0  0 0  0 0  0 0
    10  0.4582931603404994E-03   2   1 1  0 0  0 0  0 0
    11  0.2182780966012834E-03   2   0 2  0 0  0 0  0 0
    12  0.4823345063645370       2   1 0  1 0  0 0  0 0
    13  0.4436714417695111       2   0 1  1 0  0 0  0 0
    14  0.2902453648632851E-03   2   0 0  2 0  0 0  0 0
    15  0.4516385335702111       2   1 0  0 1  0 0  0 0
    16  0.4182871585254053       2   0 1  0 1  0 0  0 0
    17  0.7324178992963854E-03   2   0 0  1 1  0 0  0 0
    18  0.3789101446670544E-03   2   0 0  0 2  0 0  0 0
    19  -.1128401349058595E-05   2   1 0  0 0  0 1  0 0
    20  -.1761465184741642E-04   2   0 1  0 0  0 1  0 0
    21  -.3368603114873549E-01   2   0 0  1 0  0 1  0 0
    22  0.4966623369488619       2   0 0  0 1  0 1  0 0
    23  -.1126882799702742E-05   2   1 0  0 0  0 0  1 0
    24  -.1759094687910996E-04   2   0 1  0 0  0 0  1 0
    25  -.3364069807558330E-01   2   0 0  1 0  0 0  1 0
    26  0.4959939521826812       2   0 0  0 1  0 0  1 0
    27  0.3802814926325794E-04   2   1 0  0 0  0 0  0 1
    28  0.3520550121375979E-04   2   0 1  0 0  0 0  0 1
    29  -1.062259310361090       2   0 0  1 0  0 0  0 1
    30  -.9926562891961703       2   0 0  0 1  0 0  0 1
    31  -.2000005232309606E-05   2   0 0  0 0  0 2  0 0
    32  -.1300931452981275E-05   2   0 0  0 0  0 1  1 0
    33  -.1996438353403419E-05   2   0 0  0 0  0 0  2 0
    34  0.5300918355426757E-05   2   0 0  0 0  0 1  0 1
    35  0.5293784629327612E-05   2   0 0  0 0  0 0  1 1
    36  -.5297342055669483E-05   2   0 0  0 0  0 0  0 2
    37  -.8942949182725719E-02   3   3 0  0 0  0 0  0 0
    38  -.2507784294130379E-01   3   2 1  0 0  0 0  0 0
    39  -.2357411101683756E-01   3   1 2  0 0  0 0  0 0
    40  -.7410292190803781E-02   3   0 3  0 0  0 0  0 0
    41  -5.030794434310243       3   2 0  1 0  0 0  0 0
    42  -9.878017206302966       3   1 1  1 0  0 0  0 0
    43  -5.316285140751296       3   0 2  1 0  0 0  0 0
    44  0.2059360657083410E-01   3   1 0  2 0  0 0  0 0
    45  0.1890881286359405E-01   3   0 1  2 0  0 0  0 0
    46  -1.127519626510175       3   0 0  3 0  0 0  0 0
    47  -4.380259017256410       3   2 0  0 1  0 0  0 0
    48  -8.816985017840853       3   1 1  0 1  0 0  0 0
    49  -5.379327628131123       3   0 2  0 1  0 0  0 0
    50  0.3857624717807620E-01   3   1 0  1 1  0 0  0 0
    51  0.3564006311566323E-01   3   0 1  1 1  0 0  0 0
    52  -3.473659573495241       3   0 0  2 1  0 0  0 0
    53  0.1822426501124281E-01   3   1 0  0 2  0 0  0 0
    54  0.1695708875911952E-01   3   0 1  0 2  0 0  0 0
    55  -2.953131899584928       3   0 0  1 2  0 0  0 0
    56  -1.177027380060172       3   0 0  0 3  0 0  0 0
    57  -.1754856115654223E-03   3   2 0  0 0  0 1  0 0
    58  -.5813153034365294E-03   3   1 1  0 0  0 1  0 0
    59  -.3892180801255521E-03   3   0 2  0 0  0 1  0 0
    60  0.1574658698361153E-01   3   1 0  1 0  0 1  0 0
    61  -.2065175460443534       3   0 1  1 0  0 1  0 0
    62  -.8542996270918350E-04   3   0 0  2 0  0 1  0 0
    63  -.2144193427582944       3   1 0  0 1  0 1  0 0
    64  -.4069199566073951       3   0 1  0 1  0 1  0 0
    65  -.5471737378185816E-03   3   0 0  1 1  0 1  0 0
    66  -.4747835396773476E-03   3   0 0  0 2  0 1  0 0
    67  -.1752494512997282E-03   3   2 0  0 0  0 0  1 0
    68  -.5805329966976065E-03   3   1 1  0 0  0 0  1 0
    69  -.3886942887765321E-03   3   0 2  0 0  0 0  1 0
    70  0.1572539596895986E-01   3   1 0  1 0  0 0  1 0
    71  -.2062396244637216       3   0 1  1 0  0 0  1 0
    72  -.8531499509154426E-04   3   0 0  2 0  0 0  1 0
    73  -.2141307873120441       3   1 0  0 1  0 0  1 0
    74  -.4063723429072662       3   0 1  0 1  0 0  1 0
    75  -.5464373771896301E-03   3   0 0  1 1  0 0  1 0
    76  -.4741445983654227E-03   3   0 0  0 2  0 0  1 0
    77  0.6411071209753729E-03   3   2 0  0 0  0 0  0 1
    78  0.1159790645838127E-02   3   1 1  0 0  0 0  0 1
    79  0.5585049646983356E-03   3   0 2  0 0  0 0  0 1
    80  0.4508643586111371       3   1 0  1 0  0 0  0 1
    81  0.4127587279820489       3   0 1  1 0  0 0  0 1
    82  0.4617021052838025E-03   3   0 0  2 0  0 0  0 1
    83  0.4285516886681094       3   1 0  0 1  0 0  0 1
    84  0.3950064538869838       3   0 1  0 1  0 0  0 1
    85  0.1095178795791065E-02   3   0 0  1 1  0 0  0 1
    86  0.5708852867887999E-03   3   0 0  0 2  0 0  0 1
    87  0.8262006108086510E-06   3   1 0  0 0  0 2  0 0
    88  0.1369610524292993E-04   3   0 1  0 0  0 2  0 0
    89  0.2492654347842605E-01   3   0 0  1 0  0 2  0 0
    90  -.3583502798006698       3   0 0  0 1  0 2  0 0
    91  0.5839819523024496E-06   3   1 0  0 0  0 1  1 0
    92  0.9889308283300914E-05   3   0 1  0 0  0 1  1 0
    93  0.1619048600399659E-01   3   0 0  1 0  0 1  1 0
    94  -.2204096879400870       3   0 0  0 1  0 1  1 0
    95  0.8246958012705103E-06   3   1 0  0 0  0 0  2 0
    96  0.1367101938746722E-04   3   0 1  0 0  0 0  2 0
    97  0.2488210431444349E-01   3   0 0  1 0  0 0  2 0
    98  -.3577197203973373       3   0 0  0 1  0 0  2 0
    99  -.2330986764797180E-05   3   1 0  0 0  0 1  0 1
   100  -.1987848943558728E-04   3   0 1  0 0  0 1  0 1
   101  -.6604341286678035E-01   3   0 0  1 0  0 1  0 1
   102  0.4404481301223668       3   0 0  0 1  0 1  0 1
   103  -.2327849832664717E-05   3   1 0  0 0  0 0  1 1
   104  -.1985173790134560E-04   3   0 1  0 0  0 0  1 1
   105  -.6595453475426240E-01   3   0 0  1 0  0 0  1 1
   106  0.4398553957864497       3   0 0  0 1  0 0  1 1
   107  0.2408188119068523E-05   3   1 0  0 0  0 0  0 2
   108  0.2381417707852104E-05   3   0 1  0 0  0 0  0 2
   109  0.6599889404608680E-01   3   0 0  1 0  0 0  0 2
   110  0.5617628612068222E-01   3   0 0  0 1  0 0  0 2
   111  0.1649056024653654E-05   3   0 0  0 0  0 3  0 0
   112  0.9494777371574473E-06   3   0 0  0 0  0 2  1 0
   113  0.9508854466051614E-06   3   0 0  0 0  0 1  2 0
   114  0.1645089172421792E-05   3   0 0  0 0  0 0  3 0
   115  -.3898964983550856E-05   3   0 0  0 0  0 2  0 1
   116  -.2501749207518900E-05   3   0 0  0 0  0 1  1 1
   117  -.3892034572137795E-05   3   0 0  0 0  0 0  2 1
   118  0.2500571433395784E-05   3   0 0  0 0  0 1  0 2
   119  0.2497206282208576E-05   3   0 0  0 0  0 0  1 2
   120  0.9995175343551958E-07   3   0 0  0 0  0 0  0 3
   121  -.3990743044202630E-02   4   4 0  0 0  0 0  0 0
   122  -.1468114455490888E-01   4   3 1  0 0  0 0  0 0
   123  -.2041007441567464E-01   4   2 2  0 0  0 0  0 0
   124  -.1250686945578521E-01   4   1 3  0 0  0 0  0 0
   125  -.2855280536608799E-02   4   0 4  0 0  0 0  0 0
   126   99.45508491889103       4   3 0  1 0  0 0  0 0
   127   276.8932397802926       4   2 1  1 0  0 0  0 0
   128   258.4767374427357       4   1 2  1 0  0 0  0 0
   129   81.10362351004065       4   0 3  1 0  0 0  0 0
   130  0.2237156165897148E-01   4   2 0  2 0  0 0  0 0
   131  0.4276395422364593E-01   4   1 1  2 0  0 0  0 0
   132  0.2041051375560451E-01   4   0 2  2 0  0 0  0 0
   133  -77.69730225527482       4   1 0  3 0  0 0  0 0
   134  -70.89511240678554       4   0 1  3 0  0 0  0 0
   135  -.3416126639519145E-02   4   0 0  4 0  0 0  0 0
   136   93.69891575940403       4   3 0  0 1  0 0  0 0
   137   262.6048051665067       4   2 1  0 1  0 0  0 0
   138   246.9467914633908       4   1 2  0 1  0 0  0 0
   139   78.10252264807684       4   0 3  0 1  0 0  0 0
   140  0.4322848223846545E-01   4   2 0  1 1  0 0  0 0
   141  0.8327271104169148E-01   4   1 1  1 1  0 0  0 0
   142  0.4061090147680110E-01   4   0 2  1 1  0 0  0 0
   143  -216.5356304888672       4   1 0  2 1  0 0  0 0
   144  -199.2519532451521       4   0 1  2 1  0 0  0 0
   145  -.1201970899772471E-01   4   0 0  3 1  0 0  0 0
   146  0.2069590055185063E-01   4   2 0  0 2  0 0  0 0
   147  0.4022554354256505E-01   4   1 1  0 2  0 0  0 0
   148  0.2004031475568473E-01   4   0 2  0 2  0 0  0 0
   149  -202.9343197593444       4   1 0  1 2  0 0  0 0
   150  -188.0690050836043       4   0 1  1 2  0 0  0 0
   151  -.1596948863037920E-01   4   0 0  2 2  0 0  0 0
   152  -63.72367409809289       4   1 0  0 3  0 0  0 0
   153  -59.39963982131582       4   0 1  0 3  0 0  0 0
   154  -.9230093581986756E-02   4   0 0  1 3  0 0  0 0
   155  -.1809957775114068E-02   4   0 0  0 4  0 0  0 0
   156  -.9392831413697879E-03   4   3 0  0 0  0 1  0 0
   157  0.7972033435579206E-02   4   2 1  0 0  0 1  0 0
   158  0.1734293180393479E-01   4   1 2  0 0  0 1  0 0
   159  0.8501126752361147E-02   4   0 3  0 0  0 1  0 0
   160   2.703933333567608       4   2 0  1 0  0 1  0 0
   161   10.16064173011043       4   1 1  1 0  0 1  0 0
   162   7.778043852714285       4   0 2  1 0  0 1  0 0
   163  0.2032294539160158E-02   4   1 0  2 0  0 1  0 0
   164  -.6229874756905237E-02   4   0 1  2 0  0 1  0 0
   165  0.3754912177551332       4   0 0  3 0  0 1  0 0
   166   4.604994455700695       4   2 0  0 1  0 1  0 0
   167   13.58291408286147       4   1 1  0 1  0 1  0 0
   168   10.34636937579623       4   0 2  0 1  0 1  0 0
   169  -.1238754193016557E-01   4   1 0  1 1  0 1  0 0
   170  -.2642399134818521E-01   4   0 1  1 1  0 1  0 0
   171   2.942940309545030       4   0 0  2 1  0 1  0 0
   172  -.1337838950120786E-01   4   1 0  0 2  0 1  0 0
   173  -.1945429507684222E-01   4   0 1  0 2  0 1  0 0
   174   4.230408684352920       4   0 0  1 2  0 1  0 0
   175   2.198383527669038       4   0 0  0 3  0 1  0 0
   176  -.9380190983850118E-03   4   3 0  0 0  0 0  1 0
   177  0.7961305048690531E-02   4   2 1  0 0  0 0  1 0
   178  0.1731959250365710E-01   4   1 2  0 0  0 0  1 0
   179  0.8489686336622043E-02   4   0 3  0 0  0 0  1 0
   180   2.700294507519261       4   2 0  1 0  0 0  1 0
   181   10.14696801732452       4   1 1  1 0  0 0  1 0
   182   7.767576527863819       4   0 2  1 0  0 0  1 0
   183  0.2029559572948077E-02   4   1 0  2 0  0 0  1 0
   184  -.6221490885061218E-02   4   0 1  2 0  0 0  1 0
   185  0.3749858993705671       4   0 0  3 0  0 0  1 0
   186   4.598797271188086       4   2 0  0 1  0 0  1 0
   187   13.56463483722933       4   1 1  0 1  0 0  1 0
   188   10.33244571949779       4   0 2  0 1  0 0  1 0
   189  -.1237087136004059E-01   4   1 0  1 1  0 0  1 0
   190  -.2638843118594841E-01   4   0 1  1 1  0 0  1 0
   191   2.938979839172419       4   0 0  2 1  0 0  1 0
   192  -.1336038549511878E-01   4   1 0  0 2  0 0  1 0
   193  -.1942811440337698E-01   4   0 1  0 2  0 0  1 0
   194   4.224715599717773       4   0 0  1 2  0 0  1 0
   195   2.195425046723726       4   0 0  0 3  0 0  1 0
   196  0.2936438313375847E-03   4   3 0  0 0  0 0  0 1
   197  0.8498610200013586E-03   4   2 1  0 0  0 0  0 1
   198  0.8260048777126420E-03   4   1 2  0 0  0 0  0 1
   199  0.2896957584412277E-03   4   0 3  0 0  0 0  0 1
   200  -10.42666545219799       4   2 0  1 0  0 0  0 1
   201  -20.28949798063963       4   1 1  1 0  0 0  0 1
   202  -10.21944096366918       4   0 2  1 0  0 0  0 1
   203  -.7160061191509834E-03   4   1 0  2 0  0 0  0 1
   204  -.7267653324807558E-03   4   0 1  2 0  0 0  0 1
   205  -1.880173034187749       4   0 0  3 0  0 0  0 1
   206  -9.194452327126637       4   2 0  0 1  0 0  0 1
   207  -18.31020421055811       4   1 1  0 1  0 0  0 1
   208  -9.908995065283223       4   0 2  0 1  0 0  0 1
   209  -.1450633666508042E-02   4   1 0  1 1  0 0  0 1
   210  -.1538800239118170E-02   4   0 1  1 1  0 0  0 1
   211  -5.889014512771609       4   0 0  2 1  0 0  0 1
   212  -.7229154805122030E-03   4   1 0  0 2  0 0  0 1
   213  -.7757820336029466E-03   4   0 1  0 2  0 0  0 1
   214  -5.509786063568870       4   0 0  1 2  0 0  0 1
   215  -2.042624569857679       4   0 0  0 3  0 0  0 1
   216  -.7585720834680513E-04   4   2 0  0 0  0 2  0 0
   217  0.6442289793641960E-04   4   1 1  0 0  0 2  0 0
   218  0.1212635979685667E-03   4   0 2  0 0  0 2  0 0
   219  -.1155909555574226E-01   4   1 0  1 0  0 2  0 0
   220  0.1477603529971525       4   0 1  1 0  0 2  0 0
   221  -.7795401780857884E-04   4   0 0  2 0  0 2  0 0
   222  0.1553953282964160       4   1 0  0 1  0 2  0 0
   223  0.3990873723118106       4   0 1  0 1  0 2  0 0
   224  0.2534036958595256E-03   4   0 0  1 1  0 2  0 0
   225  0.4542864563948492E-03   4   0 0  0 2  0 2  0 0
   226  -.7540377422435585E-04   4   2 0  0 0  0 1  1 0
   227  0.1485929777877471E-03   4   1 1  0 0  0 1  1 0
   228  0.2533672169977372E-03   4   0 2  0 0  0 1  1 0
   229  -.7898526790377464E-02   4   1 0  1 0  0 1  1 0
   230  0.8832057821475339E-01   4   0 1  1 0  0 1  1 0
   231  -.7345825672742853E-04   4   0 0  2 0  0 1  1 0
   232  0.9594534768100266E-01   4   1 0  0 1  0 1  1 0
   233  0.3902833728932146       4   0 1  0 1  0 1  1 0
   234  0.2394423480574061E-03   4   0 0  1 1  0 1  1 0
   235  0.5285672366848355E-03   4   0 0  0 2  0 1  1 0
   236  -.7570438586799109E-04   4   2 0  0 0  0 0  2 0
   237  0.6423621592324246E-04   4   1 1  0 0  0 0  2 0
   238  0.1209299223035245E-03   4   0 2  0 0  0 0  2 0
   239  -.1153822513714969E-01   4   1 0  1 0  0 0  2 0
   240  0.1475020752419150       4   0 1  1 0  0 0  2 0
   241  -.7779968263528960E-04   4   0 0  2 0  0 0  2 0
   242  0.1551216452235419       4   1 0  0 1  0 0  2 0
   243  0.3982876868495788       4   0 1  0 1  0 0  2 0
   244  0.2529015619943962E-03   4   0 0  1 1  0 0  2 0
   245  0.4533194386533021E-03   4   0 0  0 2  0 0  2 0
   246  0.1745621868238608E-03   4   2 0  0 0  0 1  0 1
   247  -.4314860097253689E-04   4   1 1  0 0  0 1  0 1
   248  -.1549660262515789E-03   4   0 2  0 0  0 1  0 1
   249  0.3168562318233075E-01   4   1 0  1 0  0 1  0 1
   250  -.1758806268441776       4   0 1  1 0  0 1  0 1
   251  0.1454286422444225E-03   4   0 0  2 0  0 1  0 1
   252  -.1914133588759689       4   1 0  0 1  0 1  0 1
   253  -.3726069147187336       4   0 1  0 1  0 1  0 1
   254  -.2539923518408199E-03   4   0 0  1 1  0 1  0 1
   255  -.4412392136444432E-03   4   0 0  0 2  0 1  0 1
   256  0.1743272692596643E-03   4   2 0  0 0  0 0  1 1
   257  -.4309053361886987E-04   4   1 1  0 0  0 0  1 1
   258  -.1547574802767453E-03   4   0 2  0 0  0 0  1 1
   259  0.3164298216394339E-01   4   1 0  1 0  0 0  1 1
   260  -.1756439349855381       4   0 1  1 0  0 0  1 1
   261  0.1452329312315043E-03   4   0 0  2 0  0 0  1 1
   262  -.1911557637985931       4   1 0  0 1  0 0  1 1
   263  -.3721054778932612       4   0 1  0 1  0 0  1 1
   264  -.2536505409039578E-03   4   0 0  1 1  0 0  1 1
   265  -.4406454147056045E-03   4   0 0  0 2  0 0  1 1
   266  -.1222485249748531E-03   4   2 0  0 0  0 0  0 2
   267  -.2324812446600358E-03   4   1 1  0 0  0 0  0 2
   268  -.1095383401143891E-03   4   0 2  0 0  0 0  0 2
   269  -.3233196504346141E-01   4   1 0  1 0  0 0  0 2
   270  -.3158993958518159E-01   4   0 1  1 0  0 0  0 2
   271  -.6122084136841603E-04   4   0 0  2 0  0 0  0 2
   272  -.2376566614815471E-01   4   1 0  0 1  0 0  0 2
   273  -.2381361086763452E-01   4   0 1  0 1  0 0  0 2
   274  -.1312395079667917E-03   4   0 0  1 1  0 0  0 2
   275  -.6721474877407048E-04   4   0 0  0 2  0 0  0 2
   276  -.2713691387784921E-05   4   1 0  0 0  0 3  0 0
   277  -.1578513488989074E-04   4   0 1  0 0  0 3  0 0
   278  -.2054570028454529E-01   4   0 0  1 0  0 3  0 0
   279  0.2893828970951502       4   0 0  0 1  0 3  0 0
   280  -.1805547872354205E-05   4   1 0  0 0  0 2  1 0
   281  -.1089017792117167E-04   4   0 1  0 0  0 2  1 0
   282  -.1180418371674034E-01   4   0 0  1 0  0 2  1 0
   283  0.1515231298809923       4   0 0  0 1  0 2  1 0
   284  -.1807373705520345E-05   4   1 0  0 0  0 1  2 0
   285  -.1090001614326246E-04   4   0 1  0 0  0 1  2 0
   286  -.1182177378431581E-01   4   0 0  1 0  0 1  2 0
   287  0.1518006315167217       4   0 0  0 1  0 1  2 0
   288  -.2707000178477722E-05   4   1 0  0 0  0 0  3 0
   289  -.1574595269046024E-04   4   0 1  0 0  0 0  3 0
   290  -.2049629408876716E-01   4   0 0  1 0  0 0  3 0
   291  0.2886969215151095       4   0 0  0 1  0 0  3 0
   292  0.3526288643911166E-05   4   1 0  0 0  0 2  0 1
   293  0.1969291573483732E-04   4   0 1  0 0  0 2  0 1
   294  0.4852875343422303E-01   4   0 0  1 0  0 2  0 1
   295  -.3029496341002963       4   0 0  0 1  0 2  0 1
   296  0.2675452733607906E-05   4   1 0  0 0  0 1  1 1
   297  0.1508700177681210E-04   4   0 1  0 0  0 1  1 1
   298  0.3106959632035135E-01   4   0 0  1 0  0 1  1 1
   299  -.1658108009850786       4   0 0  0 1  0 1  1 1
   300  0.3519742881742831E-05   4   1 0  0 0  0 0  2 1
   301  0.1965626224896982E-04   4   0 1  0 0  0 0  2 1
   302  0.4844253972569773E-01   4   0 0  1 0  0 0  2 1
   303  -.3024303685794592       4   0 0  0 1  0 0  2 1
   304  -.3974097695851491E-06   4   1 0  0 0  0 1  0 2
   305  -.1274443705981639E-05   4   0 1  0 0  0 1  0 2
   306  -.3104997908072216E-01   4   0 0  1 0  0 1  0 2
   307  -.5460437447258904E-01   4   0 0  0 1  0 1  0 2
   308  -.3968749542465318E-06   4   1 0  0 0  0 0  1 2
   309  -.1272728619704604E-05   4   0 1  0 0  0 0  1 2
   310  -.3100819348221025E-01   4   0 0  1 0  0 0  1 2
   311  -.5453089047883892E-01   4   0 0  0 1  0 0  1 2
   312  0.9072857649311787E-07   4   1 0  0 0  0 0  0 3
   313  0.7401111003126247E-07   4   0 1  0 0  0 0  0 3
   314  -.1314684796012492E-02   4   0 0  1 0  0 0  0 3
   315  -.1073445213809008E-02   4   0 0  0 1  0 0  0 3
   316  -.4704056720706775E-05   4   0 0  0 0  0 4  0 0
   317  -.2512317977376563E-05   4   0 0  0 0  0 3  1 0
   318  -.2221093724894168E-05   4   0 0  0 0  0 2  2 0
   319  -.2518589657127960E-05   4   0 0  0 0  0 1  3 0
   320  -.4689712792196761E-05   4   0 0  0 0  0 0  4 0
   321  0.5151575668984692E-05   4   0 0  0 0  0 3  0 1
   322  0.2764076023924119E-05   4   0 0  0 0  0 2  1 1
   323  0.2768881506031372E-05   4   0 0  0 0  0 1  2 1
   324  0.5139319174955254E-05   4   0 0  0 0  0 0  3 1
   325  0.2565435617138421E-06   4   0 0  0 0  0 2  0 2
   326  0.3062195401646904E-06   4   0 0  0 0  0 1  1 2
   327  0.2559922695662023E-06   4   0 0  0 0  0 0  2 2
   328  0.1334060884316217E-08   4   0 0  0 0  0 1  0 3
   329  0.1332265568050210E-08   4   0 0  0 0  0 0  1 3
   330  -.2844613797107087E-14   4   0 0  0 0  0 0  0 4
   ----------------------------------------------------
     I  COEFFICIENT            ORDER EXPONENTS
     1  0.9313892112209888E-08   0   0 0  0 0  0 0  0 0
     2  0.2124504389952072E-07   1   1 0  0 0  0 0  0 0
     3  0.3306469020536656E-06   1   0 1  0 0  0 0  0 0
     4  0.4349313432043349E-05   1   0 0  1 0  0 0  0 0
     5  -.2198892158989333E-05   1   0 0  0 1  0 0  0 0
     6   1.000000000000000       1   0 0  0 0  1 0  0 0
     7  0.2621231481873063       1   0 0  0 0  0 1  0 0
     8  -.2621231478315859       1   0 0  0 0  0 0  1 0
     9  -.3557255167673466E-09   1   0 0  0 0  0 0  0 1
    10  -.2878319273126249E-01   2   2 0  0 0  0 0  0 0
    11  -.1270244223674413       2   1 1  0 0  0 0  0 0
    12  -.3509618192622336       2   0 2  0 0  0 0  0 0
    13  -.2050214933258583E-05   2   1 0  1 0  0 0  0 0
    14  -.4196297997801646E-05   2   0 1  1 0  0 0  0 0
    15  -.2601795087823751E-01   2   0 0  2 0  0 0  0 0
    16  -.4110807290485875E-05   2   1 0  0 1  0 0  0 0
    17  -.5584909690936983E-05   2   0 1  0 1  0 0  0 0
    18  0.2752223159334189E-01   2   0 0  1 1  0 0  0 0
    19  -.2192344679967712       2   0 0  0 2  0 0  0 0
    20  -.5212325067754048E-07   2   1 0  0 0  0 1  0 0
    21  -.5437583544794294E-06   2   0 1  0 0  0 1  0 0
    22  -.6416063373778828E-05   2   0 0  1 0  0 1  0 0
    23  0.1410829311492385E-05   2   0 0  0 1  0 1  0 0
    24  -.3085818975378098E-07   2   1 0  0 0  0 0  1 0
    25  -.2132505296629139E-06   2   0 1  0 0  0 0  1 0
    26  -.2069819978250562E-05   2   0 0  1 0  0 0  1 0
    27  -.7840541929942135E-06   2   0 0  0 1  0 0  1 0
    28  0.8295674531422498E-07   2   1 0  0 0  0 0  0 1
    29  0.4262912035308931E-06   2   0 1  0 0  0 0  0 1
    30  0.8485893906409832E-05   2   0 0  1 0  0 0  0 1
    31  0.1572135369349347E-05   2   0 0  0 1  0 0  0 1
    32  -.1967247327073713       2   0 0  0 0  0 2  0 0
    33  0.1313263167067225       2   0 0  0 0  0 1  1 0
    34  0.6539841547974995E-01   2   0 0  0 0  0 0  2 0
    35  0.5208296409194442E-09   2   0 0  0 0  0 1  0 1
    36  0.1653945190377700E-09   2   0 0  0 0  0 0  1 1
    37  -.1652875013302608E-09   2   0 0  0 0  0 0  0 2
    38  0.1346304915749330E-01   3   3 0  0 0  0 0  0 0
    39  0.5296154034276587E-01   3   2 1  0 0  0 0  0 0
    40  0.6181222118756270E-01   3   1 2  0 0  0 0  0 0
    41  0.2261411944882842E-01   3   0 3  0 0  0 0  0 0
    42  0.1857068114218245E-03   3   2 0  1 0  0 0  0 0
    43  0.2972018389195502E-03   3   1 1  1 0  0 0  0 0
    44  0.1847570102043400E-03   3   0 2  1 0  0 0  0 0
    45  0.1105865138937978E-01   3   1 0  2 0  0 0  0 0
    46  -.5744450844941588E-02   3   0 1  2 0  0 0  0 0
    47  0.2392356118869382E-04   3   0 0  3 0  0 0  0 0
    48  0.1464134826338730E-03   3   2 0  0 1  0 0  0 0
    49  0.2380135290135301E-03   3   1 1  0 1  0 0  0 0
    50  0.1466037591762998E-03   3   0 2  0 1  0 0  0 0
    51  -.1203736049227259E-01   3   1 0  1 1  0 0  0 0
    52  -.3743614244324830E-01   3   0 1  1 1  0 0  0 0
    53  0.1459334856735807E-03   3   0 0  2 1  0 0  0 0
    54  -.1920756369929598E-01   3   1 0  0 2  0 0  0 0
    55  -.2871990299597723E-01   3   0 1  0 2  0 0  0 0
    56  0.1710912712534237E-03   3   0 0  1 2  0 0  0 0
    57  0.4806243430641065E-04   3   0 0  0 3  0 0  0 0
    58  0.4387463422558477E-01   3   2 0  0 0  0 1  0 0
    59  0.2177457726987050       3   1 1  0 0  0 1  0 0
    60  0.5827284136876559       3   0 2  0 0  0 1  0 0
    61  0.3115478538457212E-05   3   1 0  1 0  0 1  0 0
    62  0.7347825964319738E-05   3   0 1  1 0  0 1  0 0
    63  0.3834506818411798E-01   3   0 0  2 0  0 1  0 0
    64  0.7147774974866482E-05   3   1 0  0 1  0 1  0 0
    65  0.1217007471796967E-04   3   0 1  0 1  0 1  0 0
    66  -.1868652759092123E-01   3   0 0  1 1  0 1  0 0
    67  0.3173147329040067       3   0 0  0 2  0 1  0 0
    68  0.1510989159459282E-01   3   2 0  0 0  0 0  1 0
    69  0.9077016083929566E-01   3   1 1  0 0  0 0  1 0
    70  0.2319265148106322       3   0 2  0 0  0 0  1 0
    71  0.1057148256002488E-05   3   1 0  1 0  0 0  1 0
    72  0.3112577868485777E-05   3   0 1  1 0  0 0  1 0
    73  0.1234554992603007E-01   3   0 0  2 0  0 0  1 0
    74  0.3020611995599726E-05   3   1 0  0 1  0 0  1 0
    75  0.6530185064401400E-05   3   0 1  0 1  0 0  1 0
    76  0.8786900280337961E-02   3   0 0  1 1  0 0  1 0
    77  0.9824294793360701E-01   3   0 0  0 2  0 0  1 0
    78  -.5898467845745146E-01   3   2 0  0 0  0 0  0 1
    79  -.1814919647923605       3   1 1  0 0  0 0  0 1
    80  -.1127317543836086       3   0 2  0 0  0 0  0 1
    81  -.4152832665026385E-05   3   1 0  1 0  0 0  0 1
    82  -.6186574710383316E-05   3   0 1  1 0  0 0  0 1
    83  -.5069071727208969E-01   3   0 0  2 0  0 0  0 1
    84  -.6011660494825194E-05   3   1 0  0 1  0 0  0 1
    85  -.7387504777725736E-05   3   0 1  0 1  0 0  0 1
    86  -.1762271964194323E-01   3   0 0  1 1  0 0  0 1
    87  0.2291117448026694E-01   3   0 0  0 2  0 0  0 1
    88  0.8579022150268757E-07   3   1 0  0 0  0 2  0 0
    89  0.7370207644919180E-06   3   0 1  0 0  0 2  0 0
    90  0.7912145563638889E-05   3   0 0  1 0  0 2  0 0
    91  0.7630953156147820E-07   3   0 0  0 1  0 2  0 0
    92  0.6699889030719151E-07   3   1 0  0 0  0 1  1 0
    93  0.3860833315292010E-06   3   0 1  0 0  0 1  1 0
    94  0.2996617430156112E-05   3   0 0  1 0  0 1  1 0
    95  0.2975135669195803E-05   3   0 0  0 1  0 1  1 0
    96  0.3349042655366939E-07   3   1 0  0 0  0 0  2 0
    97  0.1931469672710334E-06   3   0 1  0 0  0 0  2 0
    98  0.1500600125651570E-05   3   0 0  1 0  0 0  2 0
    99  0.1484617157293557E-05   3   0 0  0 1  0 0  2 0
   100  -.1868110468333204E-06   3   1 0  0 0  0 1  0 1
   101  -.7728811679532465E-06   3   0 1  0 0  0 1  0 1
   102  -.1240808102314537E-04   3   0 0  1 0  0 1  0 1
   103  -.5952805556054775E-05   3   0 0  0 1  0 1  0 1
   104  -.1036710872610836E-06   3   1 0  0 0  0 0  1 1
   105  -.3464832274639502E-06   3   0 1  0 0  0 0  1 1
   106  -.3929200818882711E-05   3   0 0  1 0  0 0  1 1
   107  -.4377672590345815E-05   3   0 0  0 1  0 0  1 1
   108  0.1037440682994707E-06   3   1 0  0 0  0 0  0 2
   109  0.1333047758821748E-06   3   0 1  0 0  0 0  0 2
   110  0.3926626474143907E-05   3   0 0  1 0  0 0  0 2
   111  0.3594010586067720E-05   3   0 0  0 1  0 0  0 2
   112  0.1639593930651561       3   0 0  0 0  0 3  0 0
   113  -.9842878420400338E-01   3   0 0  0 0  0 2  1 0
   114  -.3289754792644436E-01   3   0 0  0 0  0 1  2 0
   115  -.3263309949098850E-01   3   0 0  0 0  0 0  3 0
   116  -.8102733410492866E-09   3   0 0  0 0  0 2  0 1
   117  0.2445843109503040E-09   3   0 0  0 0  0 1  1 1
   118  0.1214998075536820E-09   3   0 0  0 0  0 0  2 1
   119  -.1869984426035351E-10   3   0 0  0 0  0 1  0 2
   120  -.1903614386021560E-10   3   0 0  0 0  0 0  1 2
   121  -.2727724940371489E-12   3   0 0  0 0  0 0  0 3
   122  -.3571083738219398       4   4 0  0 0  0 0  0 0
   123  -1.731979057765692       4   3 1  0 0  0 0  0 0
   124  -3.422982127653019       4   2 2  0 0  0 0  0 0
   125  -3.112189029682234       4   1 3  0 0  0 0  0 0
   126  -1.285741077290462       4   0 4  0 0  0 0  0 0
   127  -.6865483646769395E-03   4   3 0  1 0  0 0  0 0
   128  -.1841964656070169E-02   4   2 1  1 0  0 0  0 0
   129  -.1677587760003074E-02   4   1 2  1 0  0 0  0 0
   130  -.5264006811563903E-03   4   0 3  1 0  0 0  0 0
   131  -1.157417020366506       4   2 0  2 0  0 0  0 0
   132  -2.227998020838647       4   1 1  2 0  0 0  0 0
   133  -1.408051862383010       4   0 2  2 0  0 0  0 0
   134  0.6066908753670655E-03   4   1 0  3 0  0 0  0 0
   135  0.5083418643656403E-03   4   0 1  3 0  0 0  0 0
   136  -.1271004411958915       4   0 0  4 0  0 0  0 0
   137  -.6218618990836689E-03   4   3 0  0 1  0 0  0 0
   138  -.1723097678469389E-02   4   2 1  0 1  0 0  0 0
   139  -.1622478698898889E-02   4   1 2  0 1  0 0  0 0
   140  -.5273178681636023E-03   4   0 3  0 1  0 0  0 0
   141  -2.187481312380407       4   2 0  1 1  0 0  0 0
   142  -4.118041985185033       4   1 1  1 1  0 0  0 0
   143  -2.439149956919490       4   0 2  1 1  0 0  0 0
   144  0.1581279285168927E-02   4   1 0  2 1  0 0  0 0
   145  0.1305330696192583E-02   4   0 1  2 1  0 0  0 0
   146  -.6068571783147955       4   0 0  3 1  0 0  0 0
   147  -.7856047074991802       4   2 0  0 2  0 0  0 0
   148  -1.623960301931261       4   1 1  0 2  0 0  0 0
   149  -1.397945118253365       4   0 2  0 2  0 0  0 0
   150  0.1380138339161714E-02   4   1 0  1 2  0 0  0 0
   151  0.1114125918867947E-02   4   0 1  1 2  0 0  0 0
   152  -.8775673246789396       4   0 0  2 2  0 0  0 0
   153  0.3943440405092724E-03   4   1 0  0 3  0 0  0 0
   154  0.3054387971338832E-03   4   0 1  0 3  0 0  0 0
   155  -.4132671538801472       4   0 0  1 3  0 0  0 0
   156  -.1847855682116143       4   0 0  0 4  0 0  0 0
   157  -.2131434432498797E-01   4   3 0  0 0  0 1  0 0
   158  -.1016853047659780       4   2 1  0 0  0 1  0 0
   159  -.1449151652389435       4   1 2  0 0  0 1  0 0
   160  -.6359521555868941E-01   4   0 3  0 0  0 1  0 0
   161  0.5891278675346196E-04   4   2 0  1 0  0 1  0 0
   162  0.2617777505915732E-04   4   1 1  1 0  0 1  0 0
   163  -.5943446264114439E-04   4   0 2  1 0  0 1  0 0
   164  -.1625433463736469E-01   4   1 0  2 0  0 1  0 0
   165  0.3200937406460814E-02   4   0 1  2 0  0 1  0 0
   166  0.6243470443200195E-04   4   0 0  3 0  0 1  0 0
   167  -.9049080574677151E-04   4   2 0  0 1  0 1  0 0
   168  -.1465315401828261E-03   4   1 1  0 1  0 1  0 0
   169  -.6816861570030580E-04   4   0 2  0 1  0 1  0 0
   170  0.8453855985797436E-02   4   1 0  1 1  0 1  0 0
   171  0.6506656009326969E-01   4   0 1  1 1  0 1  0 0
   172  0.2831675824164943E-04   4   0 0  2 1  0 1  0 0
   173  0.3397426596284456E-01   4   1 0  0 2  0 1  0 0
   174  0.6717714149106753E-01   4   0 1  0 2  0 1  0 0
   175  -.2329530012952483E-03   4   0 0  1 2  0 1  0 0
   176  -.1276667377441150E-03   4   0 0  0 3  0 1  0 0
   177  -.7681273904642786E-02   4   3 0  0 0  0 0  1 0
   178  -.4788208340360568E-01   4   2 1  0 0  0 0  1 0
   179  -.8186645080597037E-01   4   1 2  0 0  0 0  1 0
   180  -.4035320513645401E-01   4   0 3  0 0  0 0  1 0
   181  0.3173438966257862E-04   4   2 0  1 0  0 0  1 0
   182  -.7473777530216737E-04   4   1 1  1 0  0 0  1 0
   183  -.1035388554257638E-03   4   0 2  1 0  0 0  1 0
   184  -.5129315796914638E-02   4   1 0  2 0  0 0  1 0
   185  -.2213035212022766E-02   4   0 1  2 0  0 0  1 0
   186  0.2445723723684936E-04   4   0 0  3 0  0 0  1 0
   187  -.8450537119263818E-04   4   2 0  0 1  0 0  1 0
   188  -.2024796301519254E-03   4   1 1  0 1  0 0  1 0
   189  -.1228240382537007E-03   4   0 2  0 1  0 0  1 0
   190  -.3456420727954215E-02   4   1 0  1 1  0 0  1 0
   191  0.2809785799447441E-01   4   0 1  1 1  0 0  1 0
   192  0.3472126827821977E-05   4   0 0  2 1  0 0  1 0
   193  0.1485577086615427E-01   4   1 0  0 2  0 0  1 0
   194  0.3870766801695470E-01   4   0 1  0 2  0 0  1 0
   195  -.1635505516861234E-03   4   0 0  1 2  0 0  1 0
   196  -.9243829121263957E-04   4   0 0  0 3  0 0  1 0
   197  0.2877759621567285E-01   4   3 0  0 0  0 0  0 1
   198  0.9518842316885469E-01   4   2 1  0 0  0 0  0 1
   199  0.1006916636361030       4   1 2  0 0  0 0  0 1
   200  0.3456919276657153E-01   4   0 3  0 0  0 0  0 1
   201  -.4968158791338745E-04   4   2 0  1 0  0 0  0 1
   202  -.1234383308503100E-03   4   1 1  1 0  0 0  0 1
   203  -.4698572975683838E-04   4   0 2  1 0  0 0  0 1
   204  0.2124436316022413E-01   4   1 0  2 0  0 0  0 1
   205  0.4113301090270215E-02   4   0 1  2 0  0 0  0 1
   206  -.6242224392560311E-04   4   0 0  3 0  0 0  0 1
   207  -.2311705470268305E-04   4   2 0  0 1  0 0  0 1
   208  -.9348707275939163E-04   4   1 1  0 1  0 0  0 1
   209  -.4101934263019745E-04   4   0 2  0 1  0 0  0 1
   210  0.6823719456942286E-02   4   1 0  1 1  0 0  0 1
   211  -.1917673207190372E-01   4   0 1  1 1  0 0  0 1
   212  -.1189314509439927E-03   4   0 0  2 1  0 0  0 1
   213  -.1062389045923220E-01   4   1 0  0 2  0 0  0 1
   214  -.2039605886294665E-01   4   0 1  0 2  0 0  0 1
   215  -.4290918461948315E-04   4   0 0  1 2  0 0  0 1
   216  0.1722221281324625E-04   4   0 0  0 3  0 0  0 1
   217  -.5556868091907188E-01   4   2 0  0 0  0 2  0 0
   218  -.3000408271873793       4   1 1  0 0  0 2  0 0
   219  -.7911362771135613       4   0 2  0 0  0 2  0 0
   220  -.7423361466017249E-05   4   1 0  1 0  0 2  0 0
   221  -.1830060868104669E-04   4   0 1  1 0  0 2  0 0
   222  -.4725146751496169E-01   4   0 0  2 0  0 2  0 0
   223  -.1840336536379841E-04   4   1 0  0 1  0 2  0 0
   224  -.3182187359900859E-04   4   0 1  0 1  0 2  0 0
   225  0.1360589529690629E-02   4   0 0  1 1  0 2  0 0
   226  -.3900547356714741       4   0 0  0 2  0 2  0 0
   227  -.2337605874250061E-01   4   2 0  0 0  0 1  1 0
   228  -.1645735303252810       4   1 1  0 0  0 1  1 0
   229  -.4168604168614745       4   0 2  0 0  0 1  1 0
   230  -.2867763954720048E-05   4   1 0  1 0  0 1  1 0
   231  -.8989890739397665E-05   4   0 1  1 0  0 1  1 0
   232  -.1783836589354796E-01   4   0 0  2 0  0 1  1 0
   233  -.9114577805271988E-05   4   1 0  0 1  0 1  1 0
   234  -.2011560139031726E-04   4   0 1  0 1  0 1  1 0
   235  -.3465906909253717E-01   4   0 0  1 1  0 1  1 0
   236  -.1455628547824820       4   0 0  0 2  0 1  1 0
   237  -.1170177204839852E-01   4   2 0  0 0  0 0  2 0
   238  -.8232229836409438E-01   4   1 1  0 0  0 0  2 0
   239  -.2085411169321777       4   0 2  0 0  0 0  2 0
   240  -.1447860890289632E-05   4   1 0  1 0  0 0  2 0
   241  -.4510162165770654E-05   4   0 1  1 0  0 0  2 0
   242  -.8932925510652086E-02   4   0 0  2 0  0 0  2 0
   243  -.4568888933854275E-05   4   1 0  0 1  0 0  2 0
   244  -.1005851492154640E-04   4   0 1  0 1  0 0  2 0
   245  -.1729365627740269E-01   4   0 0  1 1  0 0  2 0
   246  -.7289662935828646E-01   4   0 0  0 2  0 0  2 0
   247  0.9061560914715588E-01   4   2 0  0 0  0 1  0 1
   248  0.3291163308278184       4   1 1  0 0  0 1  0 1
   249  0.2509229983503938       4   0 2  0 0  0 1  0 1
   250  0.6467814007184534E-05   4   1 0  1 0  0 1  0 1
   251  0.1501043506045455E-04   4   0 1  1 0  0 1  0 1
   252  0.7401203551003163E-01   4   0 0  2 0  0 1  0 1
   253  0.1512213420867105E-04   4   1 0  0 1  0 1  0 1
   254  0.2361810420266280E-04   4   0 1  0 1  0 1  0 1
   255  0.6934361065010776E-01   4   0 0  1 1  0 1  0 1
   256  -.2625476952356255E-01   4   0 0  0 2  0 1  0 1
   257  0.3166062192533996E-01   4   2 0  0 0  0 0  1 1
   258  0.1476572770130740       4   1 1  0 0  0 0  1 1
   259  0.1381512879503932       4   0 2  0 0  0 0  1 1
   260  0.2146000533475707E-05   4   1 0  1 0  0 0  1 1
   261  0.6271698808243722E-05   4   0 1  1 0  0 0  1 1
   262  0.2336346140197944E-01   4   0 0  2 0  0 0  1 1
   263  0.6365785974632270E-05   4   1 0  0 1  0 0  1 1
   264  0.1169795620074932E-04   4   0 1  0 1  0 0  1 1
   265  0.5168433346909375E-01   4   0 0  1 1  0 0  1 1
   266  -.3365765702247767E-02   4   0 0  0 2  0 0  1 1
   267  -.3163747482868063E-01   4   2 0  0 0  0 0  0 2
   268  -.5687909129415480E-01   4   1 1  0 0  0 0  0 2
   269  -.2543195213702854E-01   4   0 2  0 0  0 0  0 2
   270  -.4845948037804477E-06   4   1 0  1 0  0 0  0 2
   271  -.4019416043848022E-06   4   0 1  1 0  0 0  0 2
   272  -.2334747100856569E-01   4   0 0  2 0  0 0  0 2
   273  -.4215449386166158E-06   4   1 0  0 1  0 0  0 2
   274  -.3488487610767474E-06   4   0 1  0 1  0 0  0 2
   275  -.4290084750475059E-01   4   0 0  1 1  0 0  0 2
   276  -.1956113335676678E-01   4   0 0  0 2  0 0  0 2
   277  -.6613235614156001E-04   4   1 0  0 0  0 3  0 0
   278  -.1651554955068487E-03   4   0 1  0 0  0 3  0 0
   279  -.1829776065581001E-04   4   0 0  1 0  0 3  0 0
   280  0.9219075340650135E-05   4   0 0  0 1  0 3  0 0
   281  -.3127310268201334E-04   4   1 0  0 0  0 2  1 0
   282  -.7822479827113079E-04   4   0 1  0 0  0 2  1 0
   283  -.6953594274838796E-05   4   0 0  1 0  0 2  1 0
   284  -.1047009446893329E-05   4   0 0  0 1  0 2  1 0
   285  -.1923162755554473E-04   4   1 0  0 0  0 1  2 0
   286  -.4813754523537995E-04   4   0 1  0 0  0 1  2 0
   287  -.4037948439332740E-05   4   0 0  1 0  0 1  2 0
   288  -.1370194852700910E-05   4   0 0  0 1  0 1  2 0
   289  -.1044180976337321E-04   4   1 0  0 0  0 0  3 0
   290  -.2611836776848126E-04   4   0 1  0 0  0 0  3 0
   291  -.2324336060792957E-05   4   0 0  1 0  0 0  3 0
   292  -.3416245041585898E-06   4   0 0  0 1  0 0  3 0
   293  0.5951346572946014E-04   4   1 0  0 0  0 2  0 1
   294  0.5564426708939899E-04   4   0 1  0 0  0 2  0 1
   295  0.1482148422206119E-04   4   0 0  1 0  0 2  0 1
   296  0.2172101997761339E-04   4   0 0  0 1  0 2  0 1
   297  0.2747807490308469E-04   4   1 0  0 0  0 1  1 1
   298  0.2853808243747440E-04   4   0 1  0 0  0 1  1 1
   299  0.4831903890242583E-05   4   0 0  1 0  0 1  1 1
   300  0.1389173680043622E-04   4   0 0  0 1  0 1  1 1
   301  0.1375127617765042E-04   4   1 0  0 0  0 0  2 1
   302  0.1427758060103881E-04   4   0 1  0 0  0 0  2 1
   303  0.2421053526536695E-05   4   0 0  1 0  0 0  2 1
   304  0.6946638332006392E-05   4   0 0  0 1  0 0  2 1
   305  -.2140984543850593E-05   4   1 0  0 0  0 1  0 2
   306  -.1831609523528082E-05   4   0 1  0 0  0 1  0 2
   307  0.6473649625262839E-06   4   0 0  1 0  0 1  0 2
   308  -.1026431496936741E-05   4   0 0  0 1  0 1  0 2
   309  -.1489547430413782E-05   4   1 0  0 0  0 0  1 2
   310  -.1304296229198589E-05   4   0 1  0 0  0 0  1 2
   311  0.4402558632873485E-06   4   0 0  1 0  0 0  1 2
   312  -.1192389481057926E-05   4   0 0  0 1  0 0  1 2
   313  0.3927717569473777E-08   4   1 0  0 0  0 0  0 3
   314  0.2948951784052065E-08   4   0 1  0 0  0 0  0 3
   315  0.1334472863811204E-08   4   0 0  1 0  0 0  0 3
   316  0.1007886974477621E-08   4   0 0  0 1  0 0  0 3
   317  -.1434727825565229       4   0 0  0 0  0 4  0 0
   318  0.8201285002403273E-01   4   0 0  0 0  0 3  1 0
   319  0.2462383938322372E-01   4   0 0  0 0  0 2  2 0
   320  0.1648163334542096E-01   4   0 0  0 0  0 1  3 0
   321  0.2035440600201133E-01   4   0 0  0 0  0 0  4 0
   322  0.1377202747235957E-08   4   0 0  0 0  0 3  0 1
   323  0.1124909208909739E-08   4   0 0  0 0  0 2  1 1
   324  0.1020129339931302E-08   4   0 0  0 0  0 1  2 1
   325  0.3401563900657862E-09   4   0 0  0 0  0 0  3 1
   326  -.4554312862529951E-11   4   0 0  0 0  0 2  0 2
   327  -.2629717980670270E-10   4   0 0  0 0  0 1  1 2
   328  -.3582056546270703E-11   4   0 0  0 0  0 0  2 2
   329  0.1040739195226315E-12   4   0 0  0 0  0 1  0 3
   330  -.1681049575611126E-12   4   0 0  0 0  0 0  1 3
   ----------------------------------------------------
     I  COEFFICIENT            ORDER EXPONENTS
     1   1.000000000000000       1   0 0  0 0  0 1  0 0
     --------------------------------------------------
     I  COEFFICIENT            ORDER EXPONENTS
     1   1.000000000000000       1   0 0  0 0  0 0  1 0
     --------------------------------------------------
     I  COEFFICIENT            ORDER EXPONENTS
     1   1.000000000000000       1   0 0  0 0  0 0  0 1
     --------------------------------------------------
