 L    0.1049906000000000E+01
 P (  0.0000000000000000E+00,  0.0000000000000000E+00,  0.0000000000000000E+00)
 A (  0.0000000000000000E+00,  0.0000000000000000E+00,  0.0000000000000000E+00)
     I  COEFFICIENT            ORDER EXPONENTS
     1  0.9156229231174247E-04   0   0 0  0 0  0 0  0 0
     2   1.219554589865993       1   1 0  0 0  0 0  0 0
     3   1.239603411098822       1   0 1  0 0  0 0  0 0
     4  0.6771842284484038E-05   1   0 0  1 0  0 0  0 0
     5  0.5744066502840713E-05   1   0 0  0 1  0 0  0 0
     6  0.5570840799275527E-06   1   0 0  0 0  0 1  0 0
     7  0.5563343824273693E-06   1   0 0  0 0  0 0  1 0
     8  -.1113418461605058E-05   1   0 0  0 0  0 0  0 1
     9  -.5080728385062579E-01   2   2 0  0 0  0 0  0 0
    10  -.8887380565510589E-01   2   1 1  0 0  0 0  0 0
    11  -.3902972170381233E-01   2   0 2  0 0  0 0  0 0
    12  0.2623363805832630E-03   2   1 0  1 0  0 0  0 0
    13  0.5940784624072640E-04   2   0 1  1 0  0 0  0 0
    14  0.4374782892672932E-01   2   0 0  2 0  0 0  0 0
    15  0.2323534033536484E-03   2   1 0  0 1  0 0  0 0
    16  0.6733451959989539E-04   2   0 1  0 1  0 0  0 0
    17  0.7655266513685262E-01   2   0 0  1 1  0 0  0 0
    18  0.3367084098384870E-01   2   0 0  0 2  0 0  0 0
    19  -.1133868525516864       2   1 0  0 0  0 1  0 0
    20  -.7179930595237625       2   0 1  0 0  0 1  0 0
    21  -.3580030704180127E-05   2   0 0  1 0  0 1  0 0
    22  -.5924444620056986E-05   2   0 0  0 1  0 1  0 0
    23  -.1132342618692591       2   1 0  0 0  0 0  1 0
    24  -.7170268183020949       2   0 1  0 0  0 0  1 0
    25  -.3575212867579435E-05   2   0 0  1 0  0 0  1 0
    26  -.5916471781696697E-05   2   0 0  0 1  0 0  1 0
    27  0.2266211144309360       2   1 0  0 0  0 0  0 1
    28  0.1954164667371278       2   0 1  0 0  0 0  0 1
    29  0.7155238618411618E-05   2   0 0  1 0  0 0  0 1
    30  0.6096845364638109E-05   2   0 0  0 1  0 0  0 1
    31  -.4618122356062039E-06   2   0 0  0 0  0 2  0 0
    32  -.3667816876604769E-06   2   0 0  0 0  0 1  1 0
    33  -.4609439517694132E-06   2   0 0  0 0  0 0  2 0
    34  0.7332664484294241E-06   2   0 0  0 0  0 1  0 1
    35  0.7322796530007466E-06   2   0 0  0 0  0 0  1 1
    36  -.1760603067291170E-06   2   0 0  0 0  0 0  0 2
    37  0.6289353173659897       3   3 0  0 0  0 0  0 0
    38   3.112880970452653       3   2 1  0 0  0 0  0 0
    39   4.335110243880712       3   1 2  0 0  0 0  0 0
    40   2.456848035438047       3   0 3  0 0  0 0  0 0
    41  -.4245075683946257E-02   3   2 0  1 0  0 0  0 0
    42  -.7370849551567221E-02   3   1 1  1 0  0 0  0 0
    43  -.3202446574789114E-02   3   0 2  1 0  0 0  0 0
    44  -.3719360239725736       3   1 0  2 0  0 0  0 0
    45  0.5438922862531494       3   0 1  2 0  0 0  0 0
    46  0.1202354289132427E-02   3   0 0  3 0  0 0  0 0
    47  -.3701610623693427E-02   3   2 0  0 1  0 0  0 0
    48  -.6457412067517178E-02   3   1 1  0 1  0 0  0 0
    49  -.2815758168171187E-02   3   0 2  0 1  0 0  0 0
    50  -.9010749691852024       3   1 0  1 1  0 0  0 0
    51  0.5809166526502572       3   0 1  1 1  0 0  0 0
    52  0.3166205898023819E-02   3   0 0  2 1  0 0  0 0
    53  -.2673182598985357       3   1 0  0 2  0 0  0 0
    54  0.9264308493496503       3   0 1  0 2  0 0  0 0
    55  0.2800592175379506E-02   3   0 0  1 2  0 0  0 0
    56  0.8349814049795704E-03   3   0 0  0 3  0 0  0 0
    57  0.2804350046118531E-01   3   2 0  0 0  0 1  0 0
    58  0.9343807113366151E-01   3   1 1  0 0  0 1  0 0
    59  0.6051645127053308E-01   3   0 2  0 0  0 1  0 0
    60  -.1569386244204625E-03   3   1 0  1 0  0 1  0 0
    61  -.7964048539887701E-04   3   0 1  1 0  0 1  0 0
    62  -.2094980513330245E-01   3   0 0  2 0  0 1  0 0
    63  -.2652907741568309E-03   3   1 0  0 1  0 1  0 0
    64  -.1287578800934843E-03   3   0 1  0 1  0 1  0 0
    65  -.7488321583127354E-01   3   0 0  1 1  0 1  0 0
    66  -.4975845566313183E-01   3   0 0  0 2  0 1  0 0
    67  0.2800576083990884E-01   3   2 0  0 0  0 0  1 0
    68  0.9331232658111320E-01   3   1 1  0 0  0 0  1 0
    69  0.6043501108245454E-01   3   0 2  0 0  0 0  1 0
    70  -.1567274238159789E-03   3   1 0  1 0  0 0  1 0
    71  -.7953330898695360E-04   3   0 1  1 0  0 0  1 0
    72  -.2092161187288416E-01   3   0 0  2 0  0 0  1 0
    73  -.2649337583356916E-03   3   1 0  0 1  0 0  1 0
    74  -.1285846038066031E-03   3   0 1  0 1  0 0  1 0
    75  -.7478244152853149E-01   3   0 0  1 1  0 0  1 0
    76  -.4969149307853517E-01   3   0 0  0 2  0 0  1 0
    77  -.5604928415423275E-01   3   2 0  0 0  0 0  0 1
    78  -.9787662123323940E-01   3   1 1  0 0  0 0  0 1
    79  -.4289202684189822E-01   3   0 2  0 0  0 0  0 1
    80  0.3134017695207829E-03   3   1 0  1 0  0 0  0 1
    81  0.9949384697464674E-04   3   0 1  1 0  0 0  0 1
    82  0.4187142616370305E-01   3   0 0  2 0  0 0  0 1
    83  0.2976073308791964E-03   3   1 0  0 1  0 0  0 1
    84  0.1224023175683714E-03   3   0 1  0 1  0 0  0 1
    85  0.7311299413116666E-01   3   0 0  1 1  0 0  0 1
    86  0.3210826182853786E-01   3   0 0  0 2  0 0  0 1
    87  0.8680515833343545E-01   3   1 0  0 0  0 2  0 0
    88  0.5887370176458676       3   0 1  0 0  0 2  0 0
    89  0.2808181893540263E-05   3   0 0  1 0  0 2  0 0
    90  0.6098459052689305E-05   3   0 0  0 1  0 2  0 0
    91  0.6029488744594846E-01   3   1 0  0 0  0 1  1 0
    92  0.4598277419037475       3   0 1  0 0  0 1  1 0
    93  0.1993198723548855E-05   3   0 0  1 0  0 1  1 0
    94  0.6218212974968446E-05   3   0 0  0 1  0 1  1 0
    95  0.8664776903337257E-01   3   1 0  0 0  0 0  2 0
    96  0.5876353158616719       3   0 1  0 0  0 0  2 0
    97  0.2803061598311549E-05   3   0 0  1 0  0 0  2 0
    98  0.6086067944943626E-05   3   0 0  0 1  0 0  2 0
    99  -.1205186505981277       3   1 0  0 0  0 1  0 1
   100  -.2013163297464822       3   0 1  0 0  0 1  0 1
   101  -.3944238298143821E-05   3   0 0  1 0  0 1  0 1
   102  -.6424643352131622E-05   3   0 0  0 1  0 1  0 1
   103  -.1203564622779991       3   1 0  0 0  0 0  1 1
   104  -.2010454077176185       3   0 1  0 0  0 0  1 1
   105  -.3938930328127685E-05   3   0 0  1 0  0 0  1 1
   106  -.6415997369891280E-05   3   0 0  0 1  0 0  1 1
   107  0.7127093434146511E-02   3   1 0  0 0  0 0  0 2
   108  0.5764504271783980E-02   3   0 1  0 0  0 0  0 2
   109  0.3198046419305739E-06   3   0 0  1 0  0 0  0 2
   110  0.2885603258594167E-06   3   0 0  0 1  0 0  0 2
   111  0.4145941745860822E-06   3   0 0  0 0  0 3  0 0
   112  0.3200434820491646E-06   3   0 0  0 0  0 2  1 0
   113  0.3202332186626556E-06   3   0 0  0 0  0 1  2 0
   114  0.4135422033207321E-06   3   0 0  0 0  0 0  3 0
   115  -.6401613566878293E-06   3   0 0  0 0  0 2  0 1
   116  -.5471730939411857E-06   3   0 0  0 0  0 1  1 1
   117  -.6389316778835371E-06   3   0 0  0 0  0 0  2 1
   118  0.1803710194763722E-06   3   0 0  0 0  0 1  0 2
   119  0.1801282846589550E-06   3   0 0  0 0  0 0  1 2
   120  -.2802232683783441E-08   3   0 0  0 0  0 0  0 3
   121  -5.238086371419776       4   4 0  0 0  0 0  0 0
   122  -18.93431536357809       4   3 1  0 0  0 0  0 0
   123  -25.83229489247240       4   2 2  0 0  0 0  0 0
   124  -15.80473229728705       4   1 3  0 0  0 0  0 0
   125  -3.666121848082531       4   0 4  0 0  0 0  0 0
   126  -.3210009633356874E-02   4   3 0  1 0  0 0  0 0
   127  -.8452074469265785E-02   4   2 1  1 0  0 0  0 0
   128  -.7690508848894309E-02   4   1 2  1 0  0 0  0 0
   129  -.2378109717917670E-02   4   0 3  1 0  0 0  0 0
   130   25.54363167578017       4   2 0  2 0  0 0  0 0
   131   44.47763359930440       4   1 1  2 0  0 0  0 0
   132   19.51253754446995       4   0 2  2 0  0 0  0 0
   133  0.2129095368412813E-02   4   1 0  3 0  0 0  0 0
   134  0.2081725130184950E-02   4   0 1  3 0  0 0  0 0
   135  -3.617901247952060       4   0 0  4 0  0 0  0 0
   136  -.3089263915592207E-02   4   3 0  0 1  0 0  0 0
   137  -.8152988282397503E-02   4   2 1  0 1  0 0  0 0
   138  -.7166303513947384E-02   4   1 2  0 1  0 0  0 0
   139  -.2083962527236579E-02   4   0 3  0 1  0 0  0 0
   140   45.31681587527913       4   2 0  1 1  0 0  0 0
   141   79.35132180910924       4   1 1  1 1  0 0  0 0
   142   35.03915502687135       4   0 2  1 1  0 0  0 0
   143  0.4990611347796057E-02   4   1 0  2 1  0 0  0 0
   144  0.4593060244624352E-02   4   0 1  2 1  0 0  0 0
   145  -12.51375920318268       4   0 0  3 1  0 0  0 0
   146   20.14185996687960       4   2 0  0 2  0 0  0 0
   147   35.42112048935707       4   1 1  0 2  0 0  0 0
   148   15.72175822182711       4   0 2  0 2  0 0  0 0
   149  0.3870448912343464E-02   4   1 0  1 2  0 0  0 0
   150  0.3293455302885253E-02   4   0 1  1 2  0 0  0 0
   151  -16.28923350172790       4   0 0  2 2  0 0  0 0
   152  0.1185004804777279E-02   4   1 0  0 3  0 0  0 0
   153  0.9119279980444544E-03   4   0 1  0 3  0 0  0 0
   154  -9.417256835917993       4   0 0  1 3  0 0  0 0
   155  -2.030884267036955       4   0 0  0 4  0 0  0 0
   156  -.7998015445793932       4   3 0  0 0  0 1  0 0
   157  -4.730932286738053       4   2 1  0 0  0 1  0 0
   158  -8.237563908168953       4   1 2  0 0  0 1  0 0
   159  -5.257405769388649       4   0 3  0 0  0 1  0 0
   160  -.3889060690554207E-03   4   2 0  1 0  0 1  0 0
   161  0.2582124647081838E-02   4   1 1  1 0  0 1  0 0
   162  0.2495252761822752E-02   4   0 2  1 0  0 1  0 0
   163  0.3305802864235379       4   1 0  2 0  0 1  0 0
   164  -.4329250651322740       4   0 1  2 0  0 1  0 0
   165  0.5759099451224867E-04   4   0 0  3 0  0 1  0 0
   166  0.1256259065171290E-02   4   2 0  0 1  0 1  0 0
   167  0.4998533669323197E-02   4   1 1  0 1  0 1  0 0
   168  0.3362798601885843E-02   4   0 2  0 1  0 1  0 0
   169   1.292907456022652       4   1 0  1 1  0 1  0 0
   170  -.5444155162519272       4   0 1  1 1  0 1  0 0
   171  -.1309979319049618E-02   4   0 0  2 1  0 1  0 0
   172  0.6209749707063179       4   1 0  0 2  0 1  0 0
   173  -1.401718089502736       4   0 1  0 2  0 1  0 0
   174  -.2455560590501958E-02   4   0 0  1 2  0 1  0 0
   175  -.1123875956018978E-02   4   0 0  0 3  0 1  0 0
   176  -.7987252093540532       4   3 0  0 0  0 0  1 0
   177  -4.724565621027705       4   2 1  0 0  0 0  1 0
   178  -8.226478182884296       4   1 2  0 0  0 0  1 0
   179  -5.250330600477155       4   0 3  0 0  0 0  1 0
   180  -.3883826975961954E-03   4   2 0  1 0  0 0  1 0
   181  0.2578649745423112E-02   4   1 1  1 0  0 0  1 0
   182  0.2491894768253080E-02   4   0 2  1 0  0 0  1 0
   183  0.3301354070537786       4   1 0  2 0  0 0  1 0
   184  -.4323424549826693       4   0 1  2 0  0 0  1 0
   185  0.5751349126600363E-04   4   0 0  3 0  0 0  1 0
   186  0.1254568450926821E-02   4   2 0  0 1  0 0  1 0
   187  0.4991806878283749E-02   4   1 1  0 1  0 0  1 0
   188  0.3358273106010632E-02   4   0 2  0 1  0 0  1 0
   189   1.291167522100958       4   1 0  1 1  0 0  1 0
   190  -.5436828675075650       4   0 1  1 1  0 0  1 0
   191  -.1308216410619227E-02   4   0 0  2 1  0 0  1 0
   192  0.6201392918562778       4   1 0  0 2  0 0  1 0
   193  -1.399831723358568       4   0 1  0 2  0 0  1 0
   194  -.2452256012785821E-02   4   0 0  1 2  0 0  1 0
   195  -.1122363496723807E-02   4   0 0  0 3  0 0  1 0
   196   1.597723056549915       4   3 0  0 0  0 0  0 1
   197   6.340126439364347       4   2 1  0 0  0 0  0 1
   198   7.791243284574279       4   1 2  0 0  0 0  0 1
   199   3.136300002215565       4   0 3  0 0  0 0  0 1
   200  0.2334506752964634E-03   4   2 0  1 0  0 0  0 1
   201  0.5434131945779784E-03   4   1 1  1 0  0 0  0 1
   202  0.3203667405816973E-03   4   0 2  1 0  0 0  0 1
   203  -.6593788375306000       4   1 0  2 0  0 0  0 1
   204  0.3227568452845062       4   0 1  2 0  0 0  0 1
   205  -.4589755074658668E-06   4   0 0  3 0  0 0  0 1
   206  0.3102083044261462E-03   4   2 0  0 1  0 0  0 1
   207  0.6694343697482851E-03   4   1 1  0 1  0 0  0 1
   208  0.3725475086533256E-03   4   0 2  0 1  0 0  0 1
   209  -1.680317848851991       4   1 0  1 1  0 0  0 1
   210  -.7097138193058369E-01   4   0 1  1 1  0 0  0 1
   211  0.8192591753841666E-05   4   0 0  2 1  0 0  0 1
   212  -.7051378247371803       4   1 0  0 2  0 0  0 1
   213  0.2363506500740800E-01   4   0 1  0 2  0 0  0 1
   214  0.2762723459496856E-04   4   0 0  1 2  0 0  0 1
   215  0.2150640025121348E-04   4   0 0  0 3  0 0  0 1
   216  -.2321672095828153E-01   4   2 0  0 0  0 2  0 0
   217  -.9899896574542101E-01   4   1 1  0 0  0 2  0 0
   218  -.7916222602941739E-01   4   0 2  0 0  0 2  0 0
   219  0.1106363445054393E-04   4   1 0  1 0  0 2  0 0
   220  0.1088636467045352E-03   4   0 1  1 0  0 2  0 0
   221  0.1495214871004635E-01   4   0 0  2 0  0 2  0 0
   222  0.2501151437304898E-03   4   1 0  0 1  0 2  0 0
   223  0.3095367385826880E-03   4   0 1  0 1  0 2  0 0
   224  0.7316852164081053E-01   4   0 0  1 1  0 2  0 0
   225  0.6116755389914343E-01   4   0 0  0 2  0 2  0 0
   226  -.1771108337040235E-01   4   2 0  0 0  0 1  1 0
   227  -.1028734196995367       4   1 1  0 0  0 1  1 0
   228  -.9657555097403743E-01   4   0 2  0 0  0 1  1 0
   229  -.2891295715416827E-04   4   1 0  1 0  0 1  1 0
   230  0.1082250715443200E-03   4   0 1  1 0  0 1  1 0
   231  0.9292130185685294E-02   4   0 0  2 0  0 1  1 0
   232  0.2747796867809015E-03   4   1 0  0 1  0 1  1 0
   233  0.3793349872278673E-03   4   0 1  0 1  0 1  1 0
   234  0.7195323759194237E-01   4   0 0  1 1  0 1  1 0
   235  0.7281403055622544E-01   4   0 0  0 2  0 1  1 0
   236  -.2317355961872892E-01   4   2 0  0 0  0 0  2 0
   237  -.9879651650299184E-01   4   1 1  0 0  0 0  2 0
   238  -.7899070982388645E-01   4   0 2  0 0  0 0  2 0
   239  0.1106820038036900E-04   4   1 0  1 0  0 0  2 0
   240  0.1086443210389886E-03   4   0 1  1 0  0 0  2 0
   241  0.1492577435754221E-01   4   0 0  2 0  0 0  2 0
   242  0.2495936577813063E-03   4   1 0  0 1  0 0  2 0
   243  0.3088649330536768E-03   4   0 1  0 1  0 0  2 0
   244  0.7302163925464292E-01   4   0 0  1 1  0 0  2 0
   245  0.6103624264247480E-01   4   0 0  0 2  0 0  2 0
   246  0.3464648241109229E-01   4   2 0  0 0  0 1  0 1
   247  0.1098548123577751       4   1 1  0 0  0 1  0 1
   248  0.6978885575261171E-01   4   0 2  0 0  0 1  0 1
   249  0.7659585875925264E-06   4   1 0  1 0  0 1  0 1
   250  -.7877619056468452E-04   4   0 1  1 0  0 1  0 1
   251  -.1888214637742114E-01   4   0 0  2 0  0 1  0 1
   252  -.2060860886962868E-03   4   1 0  0 1  0 1  0 1
   253  -.1957991514888424E-03   4   0 1  0 1  0 1  0 1
   254  -.6946896900525208E-01   4   0 0  1 1  0 1  0 1
   255  -.4654509588592121E-01   4   0 0  0 2  0 1  0 1
   256  0.3459985680789526E-01   4   2 0  0 0  0 0  1 1
   257  0.1097069749285811       4   1 1  0 0  0 0  1 1
   258  0.6969493719957416E-01   4   0 2  0 0  0 0  1 1
   259  0.7649277966240826E-06   4   1 0  1 0  0 0  1 1
   260  -.7867017728001573E-04   4   0 1  1 0  0 0  1 1
   261  -.1885673567471107E-01   4   0 0  2 0  0 0  1 1
   262  -.2058087477506198E-03   4   1 0  0 1  0 0  1 1
   263  -.1955356542184629E-03   4   0 1  0 1  0 0  1 1
   264  -.6937548094072372E-01   4   0 0  1 1  0 0  1 1
   265  -.4648245768947219E-01   4   0 0  0 2  0 0  1 1
   266  -.5738421099799601E-02   4   2 0  0 0  0 0  0 2
   267  -.9874797579981071E-02   4   1 1  0 0  0 0  0 2
   268  -.4244556062685590E-02   4   0 2  0 0  0 0  0 2
   269  -.3223162142323689E-04   4   1 0  1 0  0 0  0 2
   270  -.3045362293887634E-04   4   0 1  1 0  0 0  0 2
   271  -.1742440721309819E-02   4   0 0  2 0  0 0  0 2
   272  -.2474340092794206E-04   4   1 0  0 1  0 0  0 2
   273  -.2369523133681795E-04   4   0 1  0 1  0 0  0 2
   274  -.3203492854744534E-02   4   0 0  1 1  0 0  0 2
   275  -.1458392948445249E-02   4   0 0  0 2  0 0  0 2
   276  -.7353294296398567E-01   4   1 0  0 0  0 3  0 0
   277  -.5248823196989372       4   0 1  0 0  0 3  0 0
   278  -.4948400436172709E-05   4   0 0  1 0  0 3  0 0
   279  -.8901180223170197E-05   4   0 0  0 1  0 3  0 0
   280  -.4700274912659216E-01   4   1 0  0 0  0 2  1 0
   281  -.3972534029890950       4   0 1  0 0  0 2  1 0
   282  -.3250258753378581E-05   4   0 0  1 0  0 2  1 0
   283  -.8420405248603115E-05   4   0 0  0 1  0 2  1 0
   284  -.4705610399556211E-01   4   1 0  0 0  0 1  2 0
   285  -.3975096125780318       4   0 1  0 0  0 1  2 0
   286  -.3253673229240856E-05   4   0 0  1 0  0 1  2 0
   287  -.8421351574322810E-05   4   0 0  0 1  0 1  2 0
   288  -.7335292281974096E-01   4   1 0  0 0  0 0  3 0
   289  -.5235558347741848       4   0 1  0 0  0 0  3 0
   290  -.4936227376723837E-05   4   0 0  1 0  0 0  3 0
   291  -.8877553783366901E-05   4   0 0  0 1  0 0  3 0
   292  0.9398430999913142E-01   4   1 0  0 0  0 2  0 1
   293  0.2056815314973849       4   0 1  0 0  0 2  0 1
   294  0.5757265864278599E-05   4   0 0  1 0  0 2  0 1
   295  0.9346828529589103E-05   4   0 0  0 1  0 2  0 1
   296  0.6751974172832503E-01   4   1 0  0 0  0 1  1 1
   297  0.2100331955860000       4   0 1  0 0  0 1  1 1
   298  0.4056908458335118E-05   4   0 0  1 0  0 1  1 1
   299  0.8882110273323029E-05   4   0 0  0 1  0 1  1 1
   300  0.9381239790089928E-01   4   1 0  0 0  0 0  2 1
   301  0.2052634085976803       4   0 1  0 0  0 0  2 1
   302  0.5746788209177242E-05   4   0 0  1 0  0 0  2 1
   303  0.9328273445551480E-05   4   0 0  0 1  0 0  2 1
   304  -.7222325704499267E-02   4   1 0  0 0  0 1  0 2
   305  -.8720384835214012E-02   4   0 1  0 0  0 1  0 2
   306  0.8125025766042978E-08   4   0 0  1 0  0 1  0 2
   307  -.1188859769190465E-06   4   0 0  0 1  0 1  0 2
   308  -.7212606238942216E-02   4   1 0  0 0  0 0  1 2
   309  -.8708649352279964E-02   4   0 1  0 0  0 0  1 2
   310  0.8114091489298859E-08   4   0 0  1 0  0 0  1 2
   311  -.1187259857742002E-06   4   0 0  0 1  0 0  1 2
   312  0.6021449118610935E-04   4   1 0  0 0  0 0  0 3
   313  0.4514954618395321E-04   4   0 1  0 0  0 0  0 3
   314  0.4126039222069267E-08   4   0 0  1 0  0 0  0 3
   315  0.3109726403016979E-08   4   0 0  0 1  0 0  0 3
   316  -.2910771395484068E-04   4   0 0  0 0  0 4  0 0
   317  -.1889265232739347E-04   4   0 0  0 0  0 3  1 0
   318  -.1753742180094512E-04   4   0 0  0 0  0 2  2 0
   319  -.1892184749093099E-04   4   0 0  0 0  0 1  3 0
   320  -.2901670940206456E-04   4   0 0  0 0  0 0  4 0
   321  0.3623127107464679E-05   4   0 0  0 0  0 3  0 1
   322  0.4299843291497979E-05   4   0 0  0 0  0 2  1 1
   323  0.4298467409875228E-05   4   0 0  0 0  0 1  2 1
   324  0.3612923991704865E-05   4   0 0  0 0  0 0  3 1
   325  -.1973810949177528E-07   4   0 0  0 0  0 2  0 2
   326  -.2770128630069624E-07   4   0 0  0 0  0 1  1 2
   327  -.1969290733144638E-07   4   0 0  0 0  0 0  2 2
   328  -.5584126516841932E-09   4   0 0  0 0  0 1  0 3
   329  -.5576611662546330E-09   4   0 0  0 0  0 0  1 3
   330  -.1168691647302708E-15   4   0 0  0 0  0 0  0 4
   ----------------------------------------------------
     I  COEFFICIENT            ORDER EXPONENTS
     1  0.2956391761548294E-04   0   0 0  0 0  0 0  0 0
     2   1.845348896754342       1   1 0  0 0  0 0  0 0
     3   2.695656934429198       1   0 1  0 0  0 0  0 0
     4  0.5277010354688820E-04   1   0 0  1 0  0 0  0 0
     5  0.4845397273378631E-04   1   0 0  0 1  0 0  0 0
     6  0.7790076919202722E-06   1   0 0  0 0  0 1  0 0
     7  0.7779593400819050E-06   1   0 0  0 0  0 0  1 0
     8  0.2800695058974022E-04   1   0 0  0 0  0 0  0 1
     9  -.4584620589297559       2   2 0  0 0  0 0  0 0
    10  -.8418708258329213       2   1 1  0 0  0 0  0 0
    11  -.3886909088361915       2   0 2  0 0  0 0  0 0
    12  0.1577934403100914E-02   2   1 0  1 0  0 0  0 0
    13  0.1113477569361030E-02   2   0 1  1 0  0 0  0 0
    14  0.3398140040265842       2   0 0  2 0  0 0  0 0
    15  0.1354455669109172E-02   2   1 0  0 1  0 0  0 0
    16  0.9646211716613464E-03   2   0 1  0 1  0 0  0 0
    17  0.6245534244807303       2   0 0  1 1  0 0  0 0
    18  0.2895812292119836       2   0 0  0 2  0 0  0 0
    19  -.7454517673791469E-01   2   1 0  0 0  0 1  0 0
    20  -.9115640328979057       2   0 1  0 0  0 1  0 0
    21  -.2259242099599714E-05   2   0 0  1 0  0 1  0 0
    22  -.2644587857661680E-04   2   0 0  0 1  0 1  0 0
    23  -.7444485735225215E-01   2   1 0  0 0  0 0  1 0
    24  -.9103372929829554       2   0 1  0 0  0 0  1 0
    25  -.2256201718056416E-05   2   0 0  1 0  0 0  1 0
    26  -.2641028895957940E-04   2   0 0  0 1  0 0  1 0
    27   1.994338930952981       2   1 0  0 0  0 0  0 1
    28   1.821901325992828       2   0 1  0 0  0 0  0 1
    29  0.5728543613457329E-04   2   0 0  1 0  0 0  0 1
    30  0.5285605922586734E-04   2   0 0  0 1  0 0  0 1
    31  -.6070872938710587E-06   2   0 0  0 0  0 2  0 0
    32  -.4356254699338289E-06   2   0 0  0 0  0 1  1 0
    33  -.6059771822877293E-06   2   0 0  0 0  0 0  2 0
    34  0.1649796979176022E-05   2   0 0  0 0  0 1  0 1
    35  0.1647576760153587E-05   2   0 0  0 0  0 0  1 1
    36  -.1648686012198041E-05   2   0 0  0 0  0 0  0 2
    37  -4.671460591320371       3   3 0  0 0  0 0  0 0
    38  -13.70841497380926       3   2 1  0 0  0 0  0 0
    39  -14.25780729369579       3   1 2  0 0  0 0  0 0
    40  -4.308169070875278       3   0 3  0 0  0 0  0 0
    41  -.3809207681777548E-01   3   2 0  1 0  0 0  0 0
    42  -.6970499528334677E-01   3   1 1  1 0  0 0  0 0
    43  -.3206902601001460E-01   3   0 2  1 0  0 0  0 0
    44  -7.996358694149050       3   1 0  2 0  0 0  0 0
    45  -6.484866150819372       3   0 1  2 0  0 0  0 0
    46  0.9202305973605995E-02   3   0 0  3 0  0 0  0 0
    47  -.3583131338741285E-01   3   2 0  0 1  0 0  0 0
    48  -.6614355670361158E-01   3   1 1  0 1  0 0  0 0
    49  -.3066731732181235E-01   3   0 2  0 1  0 0  0 0
    50  -16.63448102759107       3   1 0  1 1  0 0  0 0
    51  -14.04125915482440       3   0 1  1 1  0 0  0 0
    52  0.2530741108632934E-01   3   0 0  2 1  0 0  0 0
    53  -7.442205947607913       3   1 0  0 2  0 0  0 0
    54  -5.573735460505815       3   0 1  0 2  0 0  0 0
    55  0.2341933745302231E-01   3   0 0  1 2  0 0  0 0
    56  0.7317544704433274E-02   3   0 0  0 3  0 0  0 0
    57  0.5178188078973530E-01   3   2 0  0 0  0 1  0 0
    58  0.5137103207552739       3   1 1  0 0  0 1  0 0
    59  0.4302331231610258       3   0 2  0 0  0 1  0 0
    60  -.7211359948836212E-03   3   1 0  1 0  0 1  0 0
    61  -.1139287437797555E-02   3   0 1  1 0  0 1  0 0
    62  0.9897849496930414E-02   3   0 0  2 0  0 1  0 0
    63  -.1412865831652374E-02   3   1 0  0 1  0 1  0 0
    64  -.1582221661234833E-02   3   0 1  0 1  0 1  0 0
    65  -.2922477625841580       3   0 0  1 1  0 1  0 0
    66  -.2797443184364189       3   0 0  0 2  0 1  0 0
    67  0.5171219517496257E-01   3   2 0  0 0  0 0  1 0
    68  0.5130189936159278       3   1 1  0 0  0 0  1 0
    69  0.4296541357000591       3   0 2  0 0  0 0  1 0
    70  -.7201655240476688E-03   3   1 0  1 0  0 0  1 0
    71  -.1137754238456526E-02   3   0 1  1 0  0 0  1 0
    72  0.9884529437546986E-02   3   0 0  2 0  0 0  1 0
    73  -.1410964463402196E-02   3   1 0  0 1  0 0  1 0
    74  -.1580092381890668E-02   3   0 1  0 1  0 0  1 0
    75  -.2918544693184323       3   0 0  1 1  0 0  1 0
    76  -.2793678517165600       3   0 0  0 2  0 0  1 0
    77  -.5619577576578790       3   2 0  0 0  0 0  0 1
    78  -1.026732027014585       3   1 1  0 0  0 0  0 1
    79  -.4711974770955669       3   0 2  0 0  0 0  0 1
    80  0.3016678267069759E-02   3   1 0  1 0  0 0  0 1
    81  0.2274390989734648E-02   3   0 1  1 0  0 0  0 1
    82  0.3200327771488537       3   0 0  2 0  0 0  0 1
    83  0.2821060818495355E-02   3   1 0  0 1  0 0  0 1
    84  0.2194795013482928E-02   3   0 1  0 1  0 0  0 1
    85  0.5841041650887112       3   0 0  1 1  0 0  0 1
    86  0.2695317422154461       3   0 0  0 2  0 0  0 1
    87  0.5691715134872399E-01   3   1 0  0 0  0 2  0 0
    88  0.7159552989790202       3   0 1  0 0  0 2  0 0
    89  0.1581591846983327E-05   3   0 0  1 0  0 2  0 0
    90  0.2082069270684497E-04   3   0 0  0 1  0 2  0 0
    91  0.3933623278369758E-01   3   1 0  0 0  0 1  1 0
    92  0.5208712408016479       3   0 1  0 0  0 1  1 0
    93  0.9134928975779198E-06   3   0 0  1 0  0 1  1 0
    94  0.1521539976428953E-04   3   0 0  0 1  0 1  1 0
    95  0.5681408650473638E-01   3   1 0  0 0  0 0  2 0
    96  0.7146413180954274       3   0 1  0 0  0 0  2 0
    97  0.1578848747369827E-05   3   0 0  1 0  0 0  2 0
    98  0.2078243511588158E-04   3   0 0  0 1  0 0  2 0
    99  -.1531701533238200       3   1 0  0 0  0 1  0 1
   100  -1.041217502929724       3   0 1  0 0  0 1  0 1
   101  -.4137070533254486E-05   3   0 0  1 0  0 1  0 1
   102  -.3044274262371766E-04   3   0 0  0 1  0 1  0 1
   103  -.1529640241501327       3   1 0  0 0  0 0  1 1
   104  -1.039816281485161       3   0 1  0 0  0 0  1 1
   105  -.4131503058704169E-05   3   0 0  1 0  0 0  1 1
   106  -.3040177421541143E-04   3   0 0  0 1  0 0  1 1
   107  0.1530668727965340       3   1 0  0 0  0 0  0 2
   108  0.1295660567361627       3   0 1  0 0  0 0  0 2
   109  0.4167656215520695E-05   3   0 0  1 0  0 0  0 2
   110  0.4029918249736926E-05   3   0 0  0 1  0 0  0 2
   111  0.5207931672378691E-06   3   0 0  0 0  0 3  0 0
   112  0.3492701916864261E-06   3   0 0  0 0  0 2  1 0
   113  0.3496150182171706E-06   3   0 0  0 0  0 1  2 0
   114  0.5195071801139215E-06   3   0 0  0 0  0 0  3 0
   115  -.1306628841898734E-05   3   0 0  0 0  0 2  0 1
   116  -.9647529180708964E-06   3   0 0  0 0  0 1  1 1
   117  -.1304221282877744E-05   3   0 0  0 0  0 0  2 1
   118  0.9650524247029548E-06   3   0 0  0 0  0 1  0 2
   119  0.9637537026311373E-06   3   0 0  0 0  0 0  1 2
   120  -.9346727876334736E-07   3   0 0  0 0  0 0  0 3
   121  -45.76299920665824       4   4 0  0 0  0 0  0 0
   122  -169.5563037161562       4   3 1  0 0  0 0  0 0
   123  -236.6460850404711       4   2 2  0 0  0 0  0 0
   124  -147.8457134715066       4   1 3  0 0  0 0  0 0
   125  -34.97016119163527       4   0 4  0 0  0 0  0 0
   126  -.2506347507400404E-01   4   3 0  1 0  0 0  0 0
   127  -.6759586987668828E-01   4   2 1  1 0  0 0  0 0
   128  -.6114035014001193E-01   4   1 2  1 0  0 0  0 0
   129  -.1793582099167731E-01   4   0 3  1 0  0 0  0 0
   130   213.1647111797984       4   2 0  2 0  0 0  0 0
   131   387.1634795574732       4   1 1  2 0  0 0  0 0
   132   176.8283089828485       4   0 2  2 0  0 0  0 0
   133  0.2108560006954196E-01   4   1 0  3 0  0 0  0 0
   134  0.2013216910318464E-01   4   0 1  3 0  0 0  0 0
   135  -26.89185687018588       4   0 0  4 0  0 0  0 0
   136  -.2345492229426486E-01   4   3 0  0 1  0 0  0 0
   137  -.6389787812660518E-01   4   2 1  0 1  0 0  0 0
   138  -.5767043348030433E-01   4   1 2  0 1  0 0  0 0
   139  -.1683463178745233E-01   4   0 3  0 1  0 0  0 0
   140   397.9423314631500       4   2 0  1 1  0 0  0 0
   141   727.9325275722481       4   1 1  1 1  0 0  0 0
   142   335.1080679342610       4   0 2  1 1  0 0  0 0
   143  0.6037896130186391E-01   4   1 0  2 1  0 0  0 0
   144  0.5786532629853941E-01   4   0 1  2 1  0 0  0 0
   145  -97.84405883895080       4   0 0  3 1  0 0  0 0
   146   186.9215068170690       4   2 0  0 2  0 0  0 0
   147   343.9138550651689       4   1 1  0 2  0 0  0 0
   148   159.3574364300279       4   0 2  0 2  0 0  0 0
   149  0.5773925135227119E-01   4   1 0  1 2  0 0  0 0
   150  0.5593404244455954E-01   4   0 1  1 2  0 0  0 0
   151  -134.7126798818901       4   0 0  2 2  0 0  0 0
   152  0.1915603310084116E-01   4   1 0  0 3  0 0  0 0
   153  0.1868556022660461E-01   4   0 1  0 3  0 0  0 0
   154  -82.88439305036428       4   0 0  1 3  0 0  0 0
   155  -19.15914350036766       4   0 0  0 4  0 0  0 0
   156   3.236465154280634       4   3 0  0 0  0 1  0 0
   157   16.21265605232499       4   2 1  0 0  0 1  0 0
   158   23.28191388576023       4   1 2  0 0  0 1  0 0
   159   9.331198361634511       4   0 3  0 0  0 1  0 0
   160  -.3565026538598904E-02   4   2 0  1 0  0 1  0 0
   161  0.2359586131127531E-01   4   1 1  1 0  0 1  0 0
   162  0.2454232981480324E-01   4   0 2  1 0  0 1  0 0
   163   3.280441073390404       4   1 0  2 0  0 1  0 0
   164   5.744484678887535       4   0 1  2 0  0 1  0 0
   165  0.8138628228141589E-03   4   0 0  3 0  0 1  0 0
   166  0.1171270441887764E-01   4   2 0  0 1  0 1  0 0
   167  0.4984550629628863E-01   4   1 1  0 1  0 1  0 0
   168  0.3603720572168344E-01   4   0 2  0 1  0 1  0 0
   169   15.51323011232675       4   1 0  1 1  0 1  0 0
   170   19.87215477319607       4   0 1  1 1  0 1  0 0
   171  -.8585839920907208E-02   4   0 0  2 1  0 1  0 0
   172   11.16063759305739       4   1 0  0 2  0 1  0 0
   173   11.46154174070862       4   0 1  0 2  0 1  0 0
   174  -.1778050713438299E-01   4   0 0  1 2  0 1  0 0
   175  -.8589634988659535E-02   4   0 0  0 3  0 1  0 0
   176   3.232109672005291       4   3 0  0 0  0 0  1 0
   177   16.19083782388573       4   2 1  0 0  0 0  1 0
   178   23.25058218329128       4   1 2  0 0  0 0  1 0
   179   9.318640874643558       4   0 3  0 0  0 0  1 0
   180  -.3560228893897144E-02   4   2 0  1 0  0 0  1 0
   181  0.2356410711315700E-01   4   1 1  1 0  0 0  1 0
   182  0.2450930190397838E-01   4   0 2  1 0  0 0  1 0
   183   3.276026410395666       4   1 0  2 0  0 0  1 0
   184   5.736754022134865       4   0 1  2 0  0 0  1 0
   185  0.8127675645832421E-03   4   0 0  3 0  0 0  1 0
   186  0.1169694201327134E-01   4   2 0  0 1  0 0  1 0
   187  0.4977842656305247E-01   4   1 1  0 1  0 0  1 0
   188  0.3598870854859786E-01   4   0 2  0 1  0 0  1 0
   189   15.49235313835479       4   1 0  1 1  0 0  1 0
   190   19.84541176384452       4   0 1  1 1  0 0  1 0
   191  -.8574285502178265E-02   4   0 0  2 1  0 0  1 0
   192   11.14561813296728       4   1 0  0 2  0 0  1 0
   193   11.44611733799773       4   0 1  0 2  0 0  1 0
   194  -.1775657896584780E-01   4   0 0  1 2  0 0  1 0
   195  -.8578075462707268E-02   4   0 0  0 3  0 0  1 0
   196  -11.14516198623400       4   3 0  0 0  0 0  0 1
   197  -32.41982570372539       4   2 1  0 0  0 0  0 1
   198  -32.29216297103977       4   1 2  0 0  0 0  0 1
   199  -10.03977303175127       4   0 3  0 0  0 0  0 1
   200  0.5796457708142146E-03   4   2 0  1 0  0 0  0 1
   201  0.1170597173960698E-02   4   1 1  1 0  0 0  0 1
   202  0.5940454032040953E-03   4   0 2  1 0  0 0  0 1
   203  -14.54088539337153       4   1 0  2 0  0 0  0 1
   204  -11.46907771638038       4   0 1  2 0  0 0  0 1
   205  -.3842490753065403E-03   4   0 0  3 0  0 0  0 1
   206  0.6024909192625347E-03   4   2 0  0 1  0 0  0 1
   207  0.1083683059654412E-02   4   1 1  0 1  0 0  0 1
   208  0.5244235070636654E-03   4   0 2  0 1  0 0  0 1
   209  -30.98000926337561       4   1 0  1 1  0 0  0 1
   210  -25.64988730894451       4   0 1  1 1  0 0  0 1
   211  -.1170150580777489E-02   4   0 0  2 1  0 0  0 1
   212  -14.85023204110141       4   1 0  0 2  0 0  0 1
   213  -11.74576328694710       4   0 1  0 2  0 0  0 1
   214  -.1165525347387967E-02   4   0 0  1 2  0 0  0 1
   215  -.3510090422506530E-03   4   0 0  0 3  0 0  0 1
   216  -.4021871933009022E-01   4   2 0  0 0  0 2  0 0
   217  -.4328591110908773       4   1 1  0 0  0 2  0 0
   218  -.4614137372088600       4   0 2  0 0  0 2  0 0
   219  -.2958705804362240E-03   4   1 0  1 0  0 2  0 0
   220  0.3643391718853287E-03   4   0 1  1 0  0 2  0 0
   221  -.6570757677246870E-02   4   0 0  2 0  0 2  0 0
   222  0.6285097777820724E-03   4   1 0  0 1  0 2  0 0
   223  0.1306519611518906E-02   4   0 1  0 1  0 2  0 0
   224  0.2107923682872374       4   0 0  1 1  0 2  0 0
   225  0.2730142126231562       4   0 0  0 2  0 2  0 0
   226  -.2946269615700222E-01   4   2 0  0 0  0 1  1 0
   227  -.3544574208832794       4   1 1  0 0  0 1  1 0
   228  -.4938052139659273       4   0 2  0 0  0 1  1 0
   229  -.3566921758949127E-03   4   1 0  1 0  0 1  1 0
   230  0.4471949169490685E-03   4   0 1  1 0  0 1  1 0
   231  -.3131272380249274E-02   4   0 0  2 0  0 1  1 0
   232  0.7263880676739738E-03   4   1 0  0 1  0 1  1 0
   233  0.1815155033530618E-02   4   0 1  0 1  0 1  1 0
   234  0.1295395563354537       4   0 0  1 1  0 1  1 0
   235  0.2662805162456806       4   0 0  0 2  0 1  1 0
   236  -.4014477011907746E-01   4   2 0  0 0  0 0  2 0
   237  -.4320380836530984       4   1 1  0 0  0 0  2 0
   238  -.4604605184546373       4   0 2  0 0  0 0  2 0
   239  -.2952324019929707E-03   4   1 0  1 0  0 0  2 0
   240  0.3635479544766835E-03   4   0 1  1 0  0 0  2 0
   241  -.6559808101835342E-02   4   0 0  2 0  0 0  2 0
   242  0.6271751895297775E-03   4   1 0  0 1  0 0  2 0
   243  0.1303539983950520E-02   4   0 1  0 1  0 0  2 0
   244  0.2104215297373318       4   0 0  1 1  0 0  2 0
   245  0.2724676290778231       4   0 0  0 2  0 0  2 0
   246  0.1109498420233314       4   2 0  0 0  0 1  0 1
   247  0.7102923633843223       4   1 1  0 0  0 1  0 1
   248  0.5586180188956703       4   0 2  0 0  0 1  0 1
   249  0.4758583712337983E-03   4   1 0  1 0  0 1  0 1
   250  -.6126333893700815E-03   4   0 1  1 0  0 1  0 1
   251  0.1624319039682952E-01   4   0 0  2 0  0 1  0 1
   252  -.8978518254000932E-03   4   1 0  0 1  0 1  0 1
   253  -.1635306555054660E-02   4   0 1  0 1  0 1  0 1
   254  -.2583948433685404       4   0 0  1 1  0 1  0 1
   255  -.2526438703840802       4   0 0  0 2  0 1  0 1
   256  0.1108005309548194       4   2 0  0 0  0 0  1 1
   257  0.7093364853965949       4   1 1  0 0  0 0  1 1
   258  0.5578662570925935       4   0 2  0 0  0 0  1 1
   259  0.4752179834642202E-03   4   1 0  1 0  0 0  1 1
   260  -.6118089362270794E-03   4   0 1  1 0  0 0  1 1
   261  0.1622133107670897E-01   4   0 0  2 0  0 0  1 1
   262  -.8966435387277615E-03   4   1 0  0 1  0 0  1 1
   263  -.1633105836562197E-02   4   0 1  0 1  0 0  1 1
   264  -.2580471077660617       4   0 0  1 1  0 0  1 1
   265  -.2523038741700100       4   0 0  0 2  0 0  1 1
   266  -.1119248580851830       4   2 0  0 0  0 0  0 2
   267  -.1993157549094131       4   1 1  0 0  0 0  0 2
   268  -.8869263350790034E-01   4   0 2  0 0  0 0  0 2
   269  -.4071998039052349E-05   4   1 0  1 0  0 0  0 2
   270  -.2197899949388677E-04   4   0 1  1 0  0 0  0 2
   271  -.1620224773144176E-01   4   0 0  2 0  0 0  0 2
   272  -.3783801974802246E-05   4   1 0  0 1  0 0  0 2
   273  -.1802243728554646E-04   4   0 1  0 1  0 0  0 2
   274  -.3409256107347355E-01   4   0 0  1 1  0 0  0 2
   275  -.1722930692099008E-01   4   0 0  0 2  0 0  0 2
   276  -.4813160717030922E-01   4   1 0  0 0  0 3  0 0
   277  -.6186563856095708       4   0 1  0 0  0 3  0 0
   278  -.2956590082067797E-05   4   0 0  1 0  0 3  0 0
   279  -.2250827228601934E-04   4   0 0  0 1  0 3  0 0
   280  -.3053772110761327E-01   4   1 0  0 0  0 2  1 0
   281  -.4241501159492318       4   0 1  0 0  0 2  1 0
   282  -.1504453295779620E-05   4   0 0  1 0  0 2  1 0
   283  -.1529489500091215E-04   4   0 0  0 1  0 2  1 0
   284  -.3057310588847199E-01   4   1 0  0 0  0 1  2 0
   285  -.4245410713784422       4   0 1  0 0  0 1  2 0
   286  -.1507376589852486E-05   4   0 0  1 0  0 1  2 0
   287  -.1530939499026900E-04   4   0 0  0 1  0 1  2 0
   288  -.4801392689585898E-01   4   1 0  0 0  0 0  3 0
   289  -.6171225319126703       4   0 1  0 0  0 0  3 0
   290  -.2949610877430419E-05   4   0 0  1 0  0 0  3 0
   291  -.2245255873083315E-04   4   0 0  0 1  0 0  3 0
   292  0.1179786165967993       4   1 0  0 0  0 2  0 1
   293  0.8481611471695022       4   0 1  0 0  0 2  0 1
   294  0.3561467740631665E-05   4   0 0  1 0  0 2  0 1
   295  0.2805365561858356E-04   4   0 0  0 1  0 2  0 1
   296  0.8285651372691130E-01   4   1 0  0 0  0 1  1 1
   297  0.6555971874482623       4   0 1  0 0  0 1  1 1
   298  0.2010105519647854E-05   4   0 0  1 0  0 1  1 1
   299  0.2116018124551996E-04   4   0 0  0 1  0 1  1 1
   300  0.1177640943390792       4   1 0  0 0  0 0  2 1
   301  0.8465785959712657       4   0 1  0 0  0 0  2 1
   302  0.3555322332554704E-05   4   0 0  1 0  0 0  2 1
   303  0.2800166414363722E-04   4   0 0  0 1  0 0  2 1
   304  -.8279379099863149E-01   4   1 0  0 0  0 1  0 2
   305  -.1347105608013249       4   0 1  0 0  0 1  0 2
   306  -.2535242132266125E-06   4   0 0  1 0  0 1  0 2
   307  -.1837551239581670E-05   4   0 0  0 1  0 1  0 2
   308  -.8268237101663987E-01   4   1 0  0 0  0 0  1 2
   309  -.1345292736772855       4   0 1  0 0  0 0  1 2
   310  -.2531830322885694E-06   4   0 0  1 0  0 0  1 2
   311  -.1835078349724176E-05   4   0 0  0 1  0 0  1 2
   312  0.4133464326618637E-02   4   1 0  0 0  0 0  0 3
   313  0.3366596848843027E-02   4   0 1  0 0  0 0  0 3
   314  0.2709513941768706E-06   4   0 0  1 0  0 0  0 3
   315  0.2219843777038985E-06   4   0 0  0 1  0 0  0 3
   316  -.2341394038495526E-04   4   0 0  0 0  0 4  0 0
   317  -.1451660623373576E-04   4   0 0  0 0  0 3  1 0
   318  -.1333653128353625E-04   4   0 0  0 0  0 2  2 0
   319  -.1454204359613032E-04   4   0 0  0 0  0 1  3 0
   320  -.2334119416598621E-04   4   0 0  0 0  0 0  4 0
   321  0.2820247174216185E-04   4   0 0  0 0  0 3  0 1
   322  0.1905723324010730E-04   4   0 0  0 0  0 2  1 1
   323  0.1907561747240790E-04   4   0 0  0 0  0 1  2 1
   324  0.2813273553415797E-04   4   0 0  0 0  0 0  3 1
   325  -.1666248692338062E-05   4   0 0  0 0  0 2  0 2
   326  -.2012197897436424E-05   4   0 0  0 0  0 1  1 2
   327  -.1662652372826081E-05   4   0 0  0 0  0 0  2 2
   328  0.1114759729090184E-07   4   0 0  0 0  0 1  0 3
   329  0.1113259537983578E-07   4   0 0  0 0  0 0  1 3
   330  0.3313599462493331E-13   4   0 0  0 0  0 0  0 4
   ----------------------------------------------------
     I  COEFFICIENT            ORDER EXPONENTS
     1  -.1362194819944936E-04   0   0 0  0 0  0 0  0 0
     2  0.6674513051162199E-05   1   1 0  0 0  0 0  0 0
     3  0.5686541871946903E-05   1   0 1  0 0  0 0  0 0
     4  0.7943334483647040       1   0 0  1 0  0 0  0 0
     5  0.8714622852450454       1   0 0  0 1  0 0  0 0
     6  -.8209059957640519E-05   1   0 0  0 0  0 1  0 0
     7  -.8198012591629122E-05   1   0 0  0 0  0 0  1 0
     8  0.1640707254924495E-04   1   0 0  0 0  0 0  0 1
     9  0.1419276353907088E-03   2   2 0  0 0  0 0  0 0
    10  0.2523717936115534E-03   2   1 1  0 0  0 0  0 0
    11  0.1289483526628047E-03   2   0 2  0 0  0 0  0 0
    12  0.8878659888633103E-01   2   1 0  1 0  0 0  0 0
    13  0.7758516499807415E-01   2   0 1  1 0  0 0  0 0
    14  -.1302588893323436E-03   2   0 0  2 0  0 0  0 0
    15  0.7832161833833852E-01   2   1 0  0 1  0 0  0 0
    16  0.6876832997943017E-01   2   0 1  0 1  0 0  0 0
    17  -.1441318300576035E-03   2   0 0  1 1  0 0  0 0
    18  -.3979522565672954E-05   2   0 0  0 2  0 0  0 0
    19  -.3409543807670318E-05   2   1 0  0 0  0 1  0 0
    20  -.5757649399630290E-05   2   0 1  0 0  0 1  0 0
    21  0.9949007226875528E-01   2   0 0  1 0  0 1  0 0
    22  -.3495112668348753       2   0 0  0 1  0 1  0 0
    23  -.3404955404300180E-05   2   1 0  0 0  0 0  1 0
    24  -.5749901026416843E-05   2   0 1  0 0  0 0  1 0
    25  0.9935618321830088E-01   2   0 0  1 0  0 0  1 0
    26  -.3490409110438643       2   0 0  0 1  0 0  1 0
    27  0.6814494580565855E-05   2   1 0  0 0  0 0  0 1
    28  0.5821003919789252E-05   2   0 1  0 0  0 0  0 1
    29  -.1988462554948722       2   0 0  1 0  0 0  0 1
    30  -.1729101073736823       2   0 0  0 1  0 0  0 1
    31  0.6027753984486981E-05   2   0 0  0 0  0 2  0 0
    32  0.3852305112909356E-05   2   0 0  0 0  0 1  1 0
    33  0.6017049991878206E-05   2   0 0  0 0  0 0  2 0
    34  -.7698753731376548E-05   2   0 0  0 0  0 1  0 1
    35  -.7688393111434558E-05   2   0 0  0 0  0 0  1 1
    36  -.5099588375011250E-06   2   0 0  0 0  0 0  0 2
    37  -.1456148526012143E-02   3   3 0  0 0  0 0  0 0
    38  -.3804347856142217E-02   3   2 1  0 0  0 0  0 0
    39  -.3321018621377457E-02   3   1 2  0 0  0 0  0 0
    40  -.9655754813063786E-03   3   0 3  0 0  0 0  0 0
    41  -.5028363827297749       3   2 0  1 0  0 0  0 0
    42  -1.077590114018768       3   1 1  1 0  0 0  0 0
    43  -.7471618054383538       3   0 2  1 0  0 0  0 0
    44  0.3718954043550012E-02   3   1 0  2 0  0 0  0 0
    45  0.3253248748974538E-02   3   0 1  2 0  0 0  0 0
    46  0.1146616963080299       3   0 0  3 0  0 0  0 0
    47  -1.297115613816875       3   2 0  0 1  0 0  0 0
    48  -2.341202398912320       3   1 1  0 1  0 0  0 0
    49  -.7940009039571091       3   0 2  0 1  0 0  0 0
    50  0.6550413437883960E-02   3   1 0  1 1  0 0  0 0
    51  0.5760729335787408E-02   3   0 1  1 1  0 0  0 0
    52  -.7288637915102303E-01   3   0 0  2 1  0 0  0 0
    53  0.2910663725424978E-02   3   1 0  0 2  0 0  0 0
    54  0.2576022474133299E-02   3   0 1  0 2  0 0  0 0
    55  -.6522975436625175       3   0 0  1 2  0 0  0 0
    56  -.9372569952570121E-02   3   0 0  0 3  0 0  0 0
    57  -.9520158071721184E-04   3   2 0  0 0  0 1  0 0
    58  -.3036550016365385E-03   3   1 1  0 0  0 1  0 0
    59  -.2188168015157065E-03   3   0 2  0 0  0 1  0 0
    60  -.4297169051186504E-01   3   1 0  1 0  0 1  0 0
    61  -.7624934163458716E-01   3   0 1  1 0  0 1  0 0
    62  0.5621883754193728E-04   3   0 0  2 0  0 1  0 0
    63  -.7736883583763253E-01   3   1 0  0 1  0 1  0 0
    64  -.1022336222846437       3   0 1  0 1  0 1  0 0
    65  0.1651673179439914E-03   3   0 0  1 1  0 1  0 0
    66  0.3261508697729352E-04   3   0 0  0 2  0 1  0 0
    67  -.9507346291657744E-04   3   2 0  0 0  0 0  1 0
    68  -.3032463570461003E-03   3   1 1  0 0  0 0  1 0
    69  -.2185223281767053E-03   3   0 2  0 0  0 0  1 0
    70  -.4291386123595977E-01   3   1 0  1 0  0 0  1 0
    71  -.7614672886412228E-01   3   0 1  1 0  0 0  1 0
    72  0.5614318087987544E-04   3   0 0  2 0  0 0  1 0
    73  -.7726471650462913E-01   3   1 0  0 1  0 0  1 0
    74  -.1020960410938767       3   0 1  0 1  0 0  1 0
    75  0.1649450435515685E-03   3   0 0  1 1  0 0  1 0
    76  0.3257119513033539E-04   3   0 0  0 2  0 0  1 0
    77  0.1901162598188804E-03   3   2 0  0 0  0 0  0 1
    78  0.3542085741593893E-03   3   1 1  0 0  0 0  0 1
    79  0.1792793790161671E-03   3   0 2  0 0  0 0  0 1
    80  0.8588555137757038E-01   3   1 0  1 0  0 0  0 1
    81  0.7481089277793646E-01   3   0 1  1 0  0 0  0 1
    82  -.1122632377467061E-03   3   0 0  2 0  0 0  0 1
    83  0.7631191761381094E-01   3   1 0  0 1  0 0  0 1
    84  0.6679297833995788E-01   3   0 1  0 1  0 0  0 1
    85  -.1857877851229135E-03   3   0 0  1 1  0 0  0 1
    86  -.5713420079639364E-04   3   0 0  0 2  0 0  0 1
    87  0.2595266544983338E-05   3   1 0  0 0  0 2  0 0
    88  0.5807808869429477E-05   3   0 1  0 0  0 2  0 0
    89  -.7290904592705331E-01   3   0 0  1 0  0 2  0 0
    90  0.2201625031867121       3   0 0  0 1  0 2  0 0
    91  0.1789936645961174E-05   3   1 0  0 0  0 1  1 0
    92  0.5867137595497264E-05   3   0 1  0 0  0 1  1 0
    93  -.4639942926611346E-01   3   0 0  1 0  0 1  1 0
    94  0.9116122682221699E-01   3   0 0  0 1  0 1  1 0
    95  0.2590569551387022E-05   3   1 0  0 0  0 0  2 0
    96  0.5796045135283444E-05   3   0 1  0 0  0 0  2 0
    97  -.7277970728654060E-01   3   0 0  1 0  0 0  2 0
    98  0.2198048786244338       3   0 0  0 1  0 0  2 0
    99  -.3591019295593561E-05   3   1 0  0 0  0 1  0 1
   100  -.5984363904909531E-05   3   0 1  0 0  0 1  0 1
   101  0.9272759119244331E-01   3   0 0  1 0  0 1  0 1
   102  0.1675363451002604       3   0 0  0 1  0 1  0 1
   103  -.3586186671064427E-05   3   1 0  0 0  0 0  1 1
   104  -.5976310429999605E-05   3   0 1  0 0  0 0  1 1
   105  0.9260280277031659E-01   3   0 0  1 0  0 0  1 1
   106  0.1673108825827390       3   0 0  0 1  0 0  1 1
   107  0.1935995024842992E-06   3   1 0  0 0  0 0  0 2
   108  0.1894188290261052E-06   3   0 1  0 0  0 0  0 2
   109  0.6757891106936144E-02   3   0 0  1 0  0 0  0 2
   110  0.5486445872127614E-02   3   0 0  0 1  0 0  0 2
   111  -.4938542014787967E-05   3   0 0  0 0  0 3  0 0
   112  -.2761285502668556E-05   3   0 0  0 0  0 2  1 0
   113  -.2765667160466449E-05   3   0 0  0 0  0 1  2 0
   114  -.4926717431544315E-05   3   0 0  0 0  0 0  3 0
   115  0.5520814387202102E-05   3   0 0  0 0  0 2  0 1
   116  0.3348619625842353E-05   3   0 0  0 0  0 1  1 1
   117  0.5511131528065875E-05   3   0 0  0 0  0 0  2 1
   118  0.5038601204508411E-06   3   0 0  0 0  0 1  0 2
   119  0.5031820492468427E-06   3   0 0  0 0  0 0  1 2
   120  0.4301643201635387E-08   3   0 0  0 0  0 0  0 3
   121  -.7432066733500619E-03   4   4 0  0 0  0 0  0 0
   122  -.2651030030526653E-02   4   3 1  0 0  0 0  0 0
   123  -.3619770528107512E-02   4   2 2  0 0  0 0  0 0
   124  -.2119232176838822E-02   4   1 3  0 0  0 0  0 0
   125  -.4123088448723486E-03   4   0 4  0 0  0 0  0 0
   126   17.36124074730212       4   3 0  1 0  0 0  0 0
   127   46.08363001657752       4   2 1  1 0  0 0  0 0
   128   41.01604795979759       4   1 2  1 0  0 0  0 0
   129   12.27731063988862       4   0 3  1 0  0 0  0 0
   130  0.2861273816525967E-02   4   2 0  2 0  0 0  0 0
   131  0.4681701610653503E-02   4   1 1  2 0  0 0  0 0
   132  0.1806653154376976E-02   4   0 2  2 0  0 0  0 0
   133  -14.78338135137890       4   1 0  3 0  0 0  0 0
   134  -12.74597596775495       4   0 1  3 0  0 0  0 0
   135  -.1007281605923364E-02   4   0 0  4 0  0 0  0 0
   136   15.59726169896487       4   3 0  0 1  0 0  0 0
   137   41.57694199874528       4   2 1  0 1  0 0  0 0
   138   37.20106338807751       4   1 2  0 1  0 0  0 0
   139   11.20401922313732       4   0 3  0 1  0 0  0 0
   140  0.5142146202591986E-02   4   2 0  1 1  0 0  0 0
   141  0.8692864880034758E-02   4   1 1  1 1  0 0  0 0
   142  0.3277311912240050E-02   4   0 2  1 1  0 0  0 0
   143  -39.12984678213585       4   1 0  2 1  0 0  0 0
   144  -33.90348862051760       4   0 1  2 1  0 0  0 0
   145  -.3337136752773271E-02   4   0 0  3 1  0 0  0 0
   146  0.2196416602446895E-02   4   2 0  0 2  0 0  0 0
   147  0.3968174696104989E-02   4   1 1  0 2  0 0  0 0
   148  0.1614038683993698E-02   4   0 2  0 2  0 0  0 0
   149  -34.59400637477405       4   1 0  1 2  0 0  0 0
   150  -30.07733792367969       4   0 1  1 2  0 0  0 0
   151  -.4128665655541228E-02   4   0 0  2 2  0 0  0 0
   152  -10.17426320348564       4   1 0  0 3  0 0  0 0
   153  -8.863103658488091       4   0 1  0 3  0 0  0 0
   154  -.2468034561376476E-02   4   0 0  1 3  0 0  0 0
   155  -.5669878206308067E-03   4   0 0  0 4  0 0  0 0
   156  -.1480138882063183E-03   4   3 0  0 0  0 1  0 0
   157  0.1243931142929875E-02   4   2 1  0 0  0 1  0 0
   158  0.2472029666991792E-02   4   1 2  0 0  0 1  0 0
   159  0.1106787450252846E-02   4   0 3  0 0  0 1  0 0
   160  0.5267666401792283       4   2 0  1 0  0 1  0 0
   161   1.645827591131300       4   1 1  1 0  0 1  0 0
   162   1.395936835228821       4   0 2  1 0  0 1  0 0
   163  0.2665891271214407E-03   4   1 0  2 0  0 1  0 0
   164  -.1264262502485197E-02   4   0 1  2 0  0 1  0 0
   165  -.2191039123915590E-01   4   0 0  3 0  0 1  0 0
   166   1.549743614570615       4   2 0  0 1  0 1  0 0
   167   4.043317036573255       4   1 1  0 1  0 1  0 0
   168   2.110679450244808       4   0 2  0 1  0 1  0 0
   169  -.2445260484202087E-02   4   1 0  1 1  0 1  0 0
   170  -.4782584403470762E-02   4   0 1  1 1  0 1  0 0
   171  -.4098771923808154E-01   4   0 0  2 1  0 1  0 0
   172  -.2392843578010859E-02   4   1 0  0 2  0 1  0 0
   173  -.3291197401635796E-02   4   0 1  0 2  0 1  0 0
   174  0.6801712120768639       4   0 0  1 2  0 1  0 0
   175  0.1296625953392276       4   0 0  0 3  0 1  0 0
   176  -.1478146980912235E-03   4   3 0  0 0  0 0  1 0
   177  0.1242257119022162E-02   4   2 1  0 0  0 0  1 0
   178  0.2468702925968676E-02   4   1 2  0 0  0 0  1 0
   179  0.1105297987863381E-02   4   0 3  0 0  0 0  1 0
   180  0.5260577424605238       4   2 0  1 0  0 0  1 0
   181   1.643612713924321       4   1 1  1 0  0 0  1 0
   182   1.394058249224194       4   0 2  1 0  0 0  1 0
   183  0.2662303640380708E-03   4   1 0  2 0  0 0  1 0
   184  -.1262561117591979E-02   4   0 1  2 0  0 0  1 0
   185  -.2188090526722666E-01   4   0 0  3 0  0 0  1 0
   186   1.547658042651010       4   2 0  0 1  0 0  1 0
   187   4.037875731060364       4   1 1  0 1  0 0  1 0
   188   2.107838997313545       4   0 2  0 1  0 0  1 0
   189  -.2441969767883582E-02   4   1 0  1 1  0 0  1 0
   190  -.4776148226775968E-02   4   0 1  1 1  0 0  1 0
   191  -.4093255989721613E-01   4   0 0  2 1  0 0  1 0
   192  -.2389623401894382E-02   4   1 0  0 2  0 0  1 0
   193  -.3286768263281434E-02   4   0 1  0 2  0 0  1 0
   194  0.6792558697150083       4   0 0  1 2  0 0  1 0
   195  0.1294881015292061       4   0 0  0 3  0 0  1 0
   196  0.8674951101564213E-04   4   3 0  0 0  0 0  0 1
   197  0.3397937379744893E-03   4   2 1  0 0  0 0  0 1
   198  0.4108678960836189E-03   4   1 2  0 0  0 0  0 1
   199  0.1611161062680215E-03   4   0 3  0 0  0 0  0 1
   200  -1.051190327551804       4   2 0  1 0  0 0  0 1
   201  -2.208573602541337       4   1 1  1 0  0 0  0 1
   202  -1.294019910328822       4   0 2  1 0  0 0  0 1
   203  -.8625473861150498E-04   4   1 0  2 0  0 0  0 1
   204  -.6842752252351164E-04   4   0 1  2 0  0 0  0 1
   205  0.4345034561783345E-01   4   0 0  3 0  0 0  0 1
   206  -1.798669167531342       4   2 0  0 1  0 0  0 1
   207  -3.395524589385657       4   1 1  0 1  0 0  0 1
   208  -1.834860614687168       4   0 2  0 1  0 0  0 1
   209  -.2264571647335802E-03   4   1 0  1 1  0 0  0 1
   210  -.1837773516937065E-03   4   0 1  1 1  0 0  0 1
   211  0.1537995799856246       4   0 0  2 1  0 0  0 1
   212  -.1110359290042611E-03   4   1 0  0 2  0 0  0 1
   213  -.8624406079307554E-04   4   0 1  0 2  0 0  0 1
   214  -.5581629101047935E-01   4   0 0  1 2  0 0  0 1
   215  -.2313505034656062       4   0 0  0 3  0 0  0 1
   216  -.7211438668402977E-04   4   2 0  0 0  0 2  0 0
   217  0.3867909189612062E-04   4   1 1  0 0  0 2  0 0
   218  0.1455378013950502E-03   4   0 2  0 0  0 2  0 0
   219  0.3161360175777756E-01   4   1 0  1 0  0 2  0 0
   220  0.7556997019755762E-01   4   0 1  1 0  0 2  0 0
   221  -.3920066834458946E-04   4   0 0  2 0  0 2  0 0
   222  0.7670828305021188E-01   4   1 0  0 1  0 2  0 0
   223  0.1269968225030570       4   0 1  0 1  0 2  0 0
   224  -.3014547672301309E-03   4   0 0  1 1  0 2  0 0
   225  -.1495336826381233E-03   4   0 0  0 2  0 2  0 0
   226  -.8718868513284705E-04   4   2 0  0 0  0 1  1 0
   227  0.5851184167514923E-04   4   1 1  0 0  0 1  1 0
   228  0.2094223667393016E-03   4   0 2  0 0  0 1  1 0
   229  0.2016766429108597E-01   4   1 0  1 0  0 1  1 0
   230  0.7458213085982059E-01   4   0 1  1 0  0 1  1 0
   231  -.8832748277873636E-05   4   0 0  2 0  0 1  1 0
   232  0.7597107551773898E-01   4   1 0  0 1  0 1  1 0
   233  0.1515567505766766       4   0 1  0 1  0 1  1 0
   234  -.2903079968967386E-03   4   0 0  1 1  0 1  1 0
   235  -.1690674287356841E-03   4   0 0  0 2  0 1  1 0
   236  -.7195867132936801E-04   4   2 0  0 0  0 0  2 0
   237  0.3858766815767268E-04   4   1 1  0 0  0 0  2 0
   238  0.1452010281051804E-03   4   0 2  0 0  0 0  2 0
   239  0.3155748731636226E-01   4   1 0  1 0  0 0  2 0
   240  0.7541808713476637E-01   4   0 1  1 0  0 0  2 0
   241  -.3914197058441489E-04   4   0 0  2 0  0 0  2 0
   242  0.7655393351149925E-01   4   1 0  0 1  0 0  2 0
   243  0.1267239371983331       4   0 1  0 1  0 0  2 0
   244  -.3008537422012310E-03   4   0 0  1 1  0 0  2 0
   245  -.1492186857663922E-03   4   0 0  0 2  0 0  2 0
   246  0.6101286949509347E-04   4   2 0  0 0  0 1  0 1
   247  -.4790024919719809E-04   4   1 1  0 0  0 1  0 1
   248  -.9421151569563616E-04   4   0 2  0 0  0 1  0 1
   249  -.4015633112474611E-01   4   1 0  1 0  0 1  0 1
   250  -.7235047928364803E-01   4   0 1  1 0  0 1  0 1
   251  -.6003506774442950E-06   4   0 0  2 0  0 1  0 1
   252  -.7443382474034511E-01   4   1 0  0 1  0 1  0 1
   253  -.9854175748842540E-01   4   0 1  0 1  0 1  0 1
   254  0.1564316916629786E-03   4   0 0  1 1  0 1  0 1
   255  0.1449655081328560E-03   4   0 0  0 2  0 1  0 1
   256  0.6093076125076387E-04   4   2 0  0 0  0 0  1 1
   257  -.4783578729928909E-04   4   1 1  0 0  0 0  1 1
   258  -.9408473027784789E-04   4   0 2  0 0  0 0  1 1
   259  -.4010229062682048E-01   4   1 0  1 0  0 0  1 1
   260  -.7225311341838787E-01   4   0 1  1 0  0 0  1 1
   261  -.5995427537962486E-06   4   0 0  2 0  0 0  1 1
   262  -.7433365520695394E-01   4   1 0  0 1  0 0  1 1
   263  -.9840914463530942E-01   4   0 1  0 1  0 0  1 1
   264  0.1562211732647087E-03   4   0 0  1 1  0 0  1 1
   265  0.1447704203839985E-03   4   0 0  0 2  0 0  1 1
   266  -.8619016688937099E-07   4   2 0  0 0  0 0  0 2
   267  -.1557034376181365E-06   4   1 1  0 0  0 0  0 2
   268  -.6490304191890687E-07   4   0 2  0 0  0 0  0 2
   269  -.2978942803417344E-02   4   1 0  1 0  0 0  0 2
   270  -.2848680660543679E-02   4   0 1  1 0  0 0  0 2
   271  0.4586688651446460E-04   4   0 0  2 0  0 0  0 2
   272  -.2060487790264790E-02   4   1 0  0 1  0 0  0 2
   273  -.2026173079282067E-02   4   0 1  0 1  0 0  0 2
   274  0.8481881215157788E-04   4   0 0  1 1  0 0  0 2
   275  0.3904279522943545E-04   4   0 0  0 2  0 0  0 2
   276  -.5029736669851636E-05   4   1 0  0 0  0 3  0 0
   277  -.8800281124822416E-05   4   0 1  0 0  0 3  0 0
   278  0.5963687303077002E-01   4   0 0  1 0  0 3  0 0
   279  -.1562110244134288       4   0 0  0 1  0 3  0 0
   280  -.3412870829233796E-05   4   1 0  0 0  0 2  1 0
   281  -.8292836906487265E-05   4   0 1  0 0  0 2  1 0
   282  0.3310758543087011E-01   4   0 0  1 0  0 2  1 0
   283  -.2839567164768175E-01   4   0 0  0 1  0 2  1 0
   284  -.3416121018342991E-05   4   1 0  0 0  0 1  2 0
   285  -.8293837341624240E-05   4   0 1  0 0  0 1  2 0
   286  0.3316097622021576E-01   4   0 0  1 0  0 1  2 0
   287  -.2865325910556745E-01   4   0 0  0 1  0 1  2 0
   288  -.5017290152212162E-05   4   1 0  0 0  0 0  3 0
   289  -.8776944084987814E-05   4   0 1  0 0  0 0  3 0
   290  0.5949424102941604E-01   4   0 0  1 0  0 0  3 0
   291  -.1558766113864330       4   0 0  0 1  0 0  3 0
   292  0.5883707314059404E-05   4   1 0  0 0  0 2  0 1
   293  0.9194709052021546E-05   4   0 1  0 0  0 2  0 1
   294  -.6619488247645626E-01   4   0 0  1 0  0 2  0 1
   295  -.1634529457999055       4   0 0  0 1  0 2  0 1
   296  0.4277554455158744E-05   4   1 0  0 0  0 1  1 1
   297  0.8708555460245889E-05   4   0 1  0 0  0 1  1 1
   298  -.3973244411267657E-01   4   0 0  1 0  0 1  1 1
   299  -.1593791980409681       4   0 0  0 1  0 1  1 1
   300  0.5872911032522558E-05   4   1 0  0 0  0 0  2 1
   301  0.9176475464182659E-05   4   0 1  0 0  0 0  2 1
   302  -.6607906549789543E-01   4   0 0  1 0  0 0  2 1
   303  -.1631257360219975       4   0 0  0 1  0 0  2 1
   304  -.3155702298662645E-07   4   1 0  0 0  0 1  0 2
   305  -.1017745505338968E-06   4   0 1  0 0  0 1  0 2
   306  -.6668549950786218E-02   4   0 0  1 0  0 1  0 2
   307  -.8164245263273725E-02   4   0 0  0 1  0 1  0 2
   308  -.3151455503230935E-07   4   1 0  0 0  0 0  1 2
   309  -.1016375871402462E-06   4   0 1  0 0  0 0  1 2
   310  -.6659575730540349E-02   4   0 0  1 0  0 0  1 2
   311  -.8153258206765959E-02   4   0 0  0 1  0 0  1 2
   312  0.4477968151734893E-08   4   1 0  0 0  0 0  0 3
   313  0.3414985886633321E-08   4   0 1  0 0  0 0  0 3
   314  -.6266578346489823E-04   4   0 0  1 0  0 0  0 3
   315  -.4738038466834239E-04   4   0 0  0 1  0 0  0 3
   316  0.7124320293015178E-05   4   0 0  0 0  0 4  0 0
   317  0.3351675071005794E-05   4   0 0  0 0  0 3  1 0
   318  0.2851380831666754E-05   4   0 0  0 0  0 2  2 0
   319  0.3362473599658686E-05   4   0 0  0 0  0 1  3 0
   320  0.7102900667835507E-05   4   0 0  0 0  0 0  4 0
   321  0.1154606259151115E-05   4   0 0  0 0  0 3  0 1
   322  0.1356176636499429E-05   4   0 0  0 0  0 2  1 1
   323  0.1355766604052334E-05   4   0 0  0 0  0 1  2 1
   324  0.1151364227275728E-05   4   0 0  0 0  0 0  3 1
   325  0.8894801995884642E-08   4   0 0  0 0  0 2  0 2
   326  0.1284756617071440E-07   4   0 0  0 0  0 1  1 2
   327  0.8874186966020855E-08   4   0 0  0 0  0 0  2 2
   328  -.1678701821548006E-09   4   0 0  0 0  0 1  0 3
   329  -.1676442703751043E-09   4   0 0  0 0  0 0  1 3
   330  0.8527960567969941E-15   4   0 0  0 0  0 0  0 4
   ----------------------------------------------------
     I  COEFFICIENT            ORDER EXPONENTS
     1  0.1408090832635056E-03   0   0 0  0 0  0 0  0 0
     2  0.5215166710467762E-04   1   1 0  0 0  0 0  0 0
     3  0.4817884295301835E-04   1   0 1  0 0  0 0  0 0
     4  -1.563230098497832       1   0 0  1 0  0 0  0 0
     5  -.4561007404934216       1   0 0  0 1  0 0  0 0
     6  0.5354188711281725E-05   1   0 0  0 0  0 1  0 0
     7  0.5346983296448211E-05   1   0 0  0 0  0 0  1 0
     8  0.1301079112546370E-03   1   0 0  0 0  0 0  0 1
     9  0.6277507858295914E-03   2   2 0  0 0  0 0  0 0
    10  0.1076284594880841E-02   2   1 1  0 0  0 0  0 0
    11  0.5148580514305231E-03   2   0 2  0 0  0 0  0 0
    12  0.6654504569831675       2   1 0  1 0  0 0  0 0
    13  0.6109870385028993       2   0 1  1 0  0 0  0 0
    14  0.4945262100680566E-03   2   0 0  2 0  0 0  0 0
    15  0.6269103975058372       2   1 0  0 1  0 0  0 0
    16  0.5795275150664937       2   0 1  0 1  0 0  0 0
    17  0.1218487490679791E-02   2   0 0  1 1  0 0  0 0
    18  0.6345438977527466E-03   2   0 0  0 2  0 0  0 0
    19  -.2431577239646420E-05   2   1 0  0 0  0 1  0 0
    20  -.2648487535579236E-04   2   0 1  0 0  0 1  0 0
    21  -.6671918196290764E-01   2   0 0  1 0  0 1  0 0
    22  0.6717591686763967       2   0 0  0 1  0 1  0 0
    23  -.2428304937593529E-05   2   1 0  0 0  0 0  1 0
    24  -.2644923325872743E-04   2   0 1  0 0  0 0  1 0
    25  -.6662939443218827E-01   2   0 0  1 0  0 0  1 0
    26  0.6708551468461047       2   0 0  0 1  0 0  1 0
    27  0.5701140868630069E-04   2   1 0  0 0  0 0  0 1
    28  0.5293397040074324E-04   2   0 1  0 0  0 0  0 1
    29  -1.429881522178712       2   0 0  1 0  0 0  0 1
    30  -1.342614315605790       2   0 0  0 1  0 0  0 1
    31  -.3943432336736577E-05   2   0 0  0 0  0 2  0 0
    32  -.2536450217683193E-05   2   0 0  0 0  0 1  1 0
    33  -.3936418733760184E-05   2   0 0  0 0  0 0  2 0
    34  0.1042328103879089E-04   2   0 0  0 0  0 1  0 1
    35  0.1040925387840109E-04   2   0 0  0 0  0 0  1 1
    36  -.1041625425693200E-04   2   0 0  0 0  0 0  0 2
    37  -.1321235582753146E-01   3   3 0  0 0  0 0  0 0
    38  -.3708125770512629E-01   3   2 1  0 0  0 0  0 0
    39  -.3486384929473531E-01   3   1 2  0 0  0 0  0 0
    40  -.1095401631225061E-01   3   0 3  0 0  0 0  0 0
    41  -10.41683723090519       3   2 0  1 0  0 0  0 0
    42  -20.30012028321916       3   1 1  1 0  0 0  0 0
    43  -10.48645254005353       3   0 2  1 0  0 0  0 0
    44  0.2703894715383338E-01   3   1 0  2 0  0 0  0 0
    45  0.2469377395851294E-01   3   0 1  2 0  0 0  0 0
    46  -1.969462061360304       3   0 0  3 0  0 0  0 0
    47  -9.168789754131929       3   2 0  0 1  0 0  0 0
    48  -18.29070366279469       3   1 1  0 1  0 0  0 0
    49  -10.37482233946623       3   0 2  0 1  0 0  0 0
    50  0.5076194949112765E-01   3   1 0  1 1  0 0  0 0
    51  0.4663808048797410E-01   3   0 1  1 1  0 0  0 0
    52  -6.144427195897546       3   0 0  2 1  0 0  0 0
    53  0.2405082657394279E-01   3   1 0  0 2  0 0  0 0
    54  0.2225386835103595E-01   3   0 1  0 2  0 0  0 0
    55  -5.502276616501955       3   0 0  1 2  0 0  0 0
    56  -2.119539484044286       3   0 0  0 3  0 0  0 0
    57  -.3753308882309548E-03   3   2 0  0 0  0 1  0 0
    58  -.1278015899479126E-02   3   1 1  0 0  0 1  0 0
    59  -.8690284548386817E-03   3   0 2  0 0  0 1  0 0
    60  0.3269110712661049E-01   3   1 0  1 0  0 1  0 0
    61  -.2738060326909934       3   0 1  1 0  0 1  0 0
    62  -.1082542719713270E-03   3   0 0  2 0  0 1  0 0
    63  -.2895356918875070       3   1 0  0 1  0 1  0 0
    64  -.5557935090749897       3   0 1  0 1  0 1  0 0
    65  -.8525839633898619E-03   3   0 0  1 1  0 1  0 0
    66  -.7701789505689744E-03   3   0 0  0 2  0 1  0 0
    67  -.3748257856103054E-03   3   2 0  0 0  0 0  1 0
    68  -.1276296005912410E-02   3   1 1  0 0  0 0  1 0
    69  -.8678589573000532E-03   3   0 2  0 0  0 0  1 0
    70  0.3264711297531837E-01   3   1 0  1 0  0 0  1 0
    71  -.2734375574362288       3   0 1  1 0  0 0  1 0
    72  -.1081085884739549E-03   3   0 0  2 0  0 0  1 0
    73  -.2891460483987090       3   1 0  0 1  0 0  1 0
    74  -.5550455483641170       3   0 1  0 1  0 0  1 0
    75  -.8514365960728226E-03   3   0 0  1 1  0 0  1 0
    76  -.7691424800345751E-03   3   0 0  0 2  0 0  1 0
    77  0.1376496670139836E-02   3   2 0  0 0  0 0  0 1
    78  0.2551249777924439E-02   3   1 1  0 0  0 0  0 1
    79  0.1220360909636718E-02   3   0 2  0 0  0 0  0 1
    80  0.6001147323948539       3   1 0  1 0  0 0  0 1
    81  0.5472457168478561       3   0 1  1 0  0 0  0 1
    82  0.7118234715256732E-03   3   0 0  2 0  0 0  0 1
    83  0.5786838854973644       3   1 0  0 1  0 0  0 1
    84  0.5313133631731757       3   0 1  0 1  0 0  0 1
    85  0.1706072539680229E-02   3   0 0  1 1  0 0  0 1
    86  0.9059123197831588E-03   3   0 0  0 2  0 0  0 1
    87  0.1825532875701022E-05   3   1 0  0 0  0 2  0 0
    88  0.2097429016564730E-04   3   0 1  0 0  0 2  0 0
    89  0.4909025803292066E-01   3   0 0  1 0  0 2  0 0
    90  -.4760625893478623       3   0 0  0 1  0 2  0 0
    91  0.1337265539110472E-05   3   1 0  0 0  0 1  1 0
    92  0.1564779802189857E-04   3   0 1  0 0  0 1  1 0
    93  0.3150854252741619E-01   3   0 0  1 0  0 1  1 0
    94  -.2808916520946868       3   0 0  0 1  0 1  1 0
    95  0.1822176345122944E-05   3   1 0  0 0  0 0  2 0
    96  0.2093553491988151E-04   3   0 1  0 0  0 0  2 0
    97  0.4900299332141023E-01   3   0 0  1 0  0 0  2 0
    98  -.4752329213774585       3   0 0  0 1  0 0  2 0
    99  -.5178377154124779E-05   3   1 0  0 0  0 1  0 1
   100  -.3146061706913552E-04   3   0 1  0 0  0 1  0 1
   101  -.1296888302190731       3   0 0  1 0  0 1  0 1
   102  0.5612579842289053       3   0 0  0 1  0 1  0 1
   103  -.5171408338199171E-05   3   1 0  0 0  0 0  1 1
   104  -.3141827885337133E-04   3   0 1  0 0  0 0  1 1
   105  -.1295143011033874       3   0 0  1 0  0 0  1 1
   106  0.5605026696849021       3   0 0  0 1  0 0  1 1
   107  0.5332303951538169E-05   3   1 0  0 0  0 0  0 2
   108  0.5178633084687365E-05   3   0 1  0 0  0 0  0 2
   109  0.1296014543654656       3   0 0  1 0  0 0  0 2
   110  0.1104266920497520       3   0 0  0 1  0 0  0 2
   111  0.3237926651216178E-05   3   0 0  0 0  0 3  0 0
   112  0.1830306125340503E-05   3   0 0  0 0  0 2  1 0
   113  0.1833138793313162E-05   3   0 0  0 0  0 1  2 0
   114  0.3230160569054521E-05   3   0 0  0 0  0 0  3 0
   115  -.7603743921743629E-05   3   0 0  0 0  0 2  0 1
   116  -.4792995974389061E-05   3   0 0  0 0  0 1  1 1
   117  -.7590286067477662E-05   3   0 0  0 0  0 0  2 1
   118  0.4790096461803114E-05   3   0 0  0 0  0 1  0 2
   119  0.4783650175734249E-05   3   0 0  0 0  0 0  1 2
   120  0.2810270176449034E-06   3   0 0  0 0  0 0  0 3
   121  -.5500746039525529E-02   4   4 0  0 0  0 0  0 0
   122  -.2019787749347755E-01   4   3 1  0 0  0 0  0 0
   123  -.2806187819943451E-01   4   2 2  0 0  0 0  0 0
   124  -.1704320559652716E-01   4   1 3  0 0  0 0  0 0
   125  -.3774311937792083E-02   4   0 4  0 0  0 0  0 0
   126   146.1556789547320       4   3 0  1 0  0 0  0 0
   127   407.1704018748608       4   2 1  1 0  0 0  0 0
   128   380.0923684833104       4   1 2  1 0  0 0  0 0
   129   119.1690213182146       4   0 3  1 0  0 0  0 0
   130  0.3136926223146171E-01   4   2 0  2 0  0 0  0 0
   131  0.6062417829535530E-01   4   1 1  2 0  0 0  0 0
   132  0.2914603020172939E-01   4   0 2  2 0  0 0  0 0
   133  -102.8289777582169       4   1 0  3 0  0 0  0 0
   134  -93.33858606674619       4   0 1  3 0  0 0  0 0
   135  -.4771396405497496E-02   4   0 0  4 0  0 0  0 0
   136   138.9287229488127       4   3 0  0 1  0 0  0 0
   137   389.6401009824531       4   2 1  0 1  0 0  0 0
   138   366.4057368277519       4   1 2  0 1  0 0  0 0
   139   115.7816848809311       4   0 3  0 1  0 0  0 0
   140  0.6206771011181438E-01   4   2 0  1 1  0 0  0 0
   141  0.1207911023814557       4   1 1  1 1  0 0  0 0
   142  0.5933424145309648E-01   4   0 2  1 1  0 0  0 0
   143  -287.0259855443456       4   1 0  2 1  0 0  0 0
   144  -262.7221695345382       4   0 1  2 1  0 0  0 0
   145  -.1653477641178329E-01   4   0 0  3 1  0 0  0 0
   146  0.3016834228959829E-01   4   2 0  0 2  0 0  0 0
   147  0.5936301054578087E-01   4   1 1  0 2  0 0  0 0
   148  0.2986523867313379E-01   4   0 2  0 2  0 0  0 0
   149  -269.5803718707168       4   1 0  1 2  0 0  0 0
   150  -248.4916622870034       4   0 1  1 2  0 0  0 0
   151  -.2158009284595700E-01   4   0 0  2 2  0 0  0 0
   152  -84.87686551352812       4   1 0  0 3  0 0  0 0
   153  -78.68191565957052       4   0 1  0 3  0 0  0 0
   154  -.1214797229230683E-01   4   0 0  1 3  0 0  0 0
   155  -.2247100520588256E-02   4   0 0  0 4  0 0  0 0
   156  -.1494914386939143E-02   4   3 0  0 0  0 1  0 0
   157  0.1146240561005077E-01   4   2 1  0 0  0 1  0 0
   158  0.2533909792620753E-01   4   1 2  0 0  0 1  0 0
   159  0.1247436652094806E-01   4   0 3  0 0  0 1  0 0
   160   5.681080078865228       4   2 0  1 0  0 1  0 0
   161   20.97894992985130       4   1 1  1 0  0 1  0 0
   162   15.53625168034505       4   0 2  1 0  0 1  0 0
   163  0.2884202217669744E-02   4   1 0  2 0  0 1  0 0
   164  -.7988553855839702E-02   4   0 1  2 0  0 1  0 0
   165  0.4981259389510917       4   0 0  3 0  0 1  0 0
   166   9.757601902023472       4   2 0  0 1  0 1  0 0
   167   28.35078320308623       4   1 1  0 1  0 1  0 0
   168   20.31398796974919       4   0 2  0 1  0 1  0 0
   169  -.1578547456103626E-01   4   1 0  1 1  0 1  0 0
   170  -.3419341104232781E-01   4   0 1  1 1  0 1  0 0
   171   4.769164670357561       4   0 0  2 1  0 1  0 0
   172  -.1734633631972653E-01   4   1 0  0 2  0 1  0 0
   173  -.2528538100240057E-01   4   0 1  0 2  0 1  0 0
   174   7.382893203566034       4   0 0  1 2  0 1  0 0
   175   3.833648579352331       4   0 0  0 3  0 1  0 0
   176  -.1492902601610076E-02   4   3 0  0 0  0 0  1 0
   177  0.1144698004478522E-01   4   2 1  0 0  0 0  1 0
   178  0.2530499776240875E-01   4   1 2  0 0  0 0  1 0
   179  0.1245757910638069E-01   4   0 3  0 0  0 0  1 0
   180   5.673434749035110       4   2 0  1 0  0 0  1 0
   181   20.95071744773933       4   1 1  1 0  0 0  1 0
   182   15.51534372503182       4   0 2  1 0  0 0  1 0
   183  0.2880320794252950E-02   4   1 0  2 0  0 0  1 0
   184  -.7977803236548012E-02   4   0 1  2 0  0 0  1 0
   185  0.4974555845383130       4   0 0  3 0  0 0  1 0
   186   9.744470581243563       4   2 0  0 1  0 0  1 0
   187   28.31263005517765       4   1 1  0 1  0 0  1 0
   188   20.28665036210457       4   0 2  0 1  0 0  1 0
   189  -.1576423121331566E-01   4   1 0  1 1  0 0  1 0
   190  -.3414739516122669E-01   4   0 1  1 1  0 0  1 0
   191   4.762746553307137       4   0 0  2 1  0 0  1 0
   192  -.1732299243781197E-01   4   1 0  0 2  0 0  1 0
   193  -.2525135312830628E-01   4   0 1  0 2  0 0  1 0
   194   7.372957653836381       4   0 0  1 2  0 0  1 0
   195   3.828489435767838       4   0 0  0 3  0 0  1 0
   196  0.5904042283613957E-03   4   3 0  0 0  0 0  0 1
   197  0.1685791214573999E-02   4   2 1  0 0  0 0  0 1
   198  0.1616767628352114E-02   4   1 2  0 0  0 0  0 1
   199  0.5504319310185928E-03   4   0 3  0 0  0 0  0 1
   200  -21.75907134819347       4   2 0  1 0  0 0  0 1
   201  -41.90317578795792       4   1 1  1 0  0 0  0 1
   202  -20.55076616789824       4   0 2  1 0  0 0  0 1
   203  -.1552113968139864E-02   4   1 0  2 0  0 0  0 1
   204  -.1494792610998430E-02   4   0 1  2 0  0 0  0 1
   205  -2.967923815873200       4   0 0  3 0  0 0  0 1
   206  -19.48813948077481       4   2 0  0 1  0 0  0 1
   207  -38.34250081889033       4   1 1  0 1  0 0  0 1
   208  -19.83454558104088       4   0 2  0 1  0 0  0 1
   209  -.3066967577581232E-02   4   1 0  1 1  0 0  0 1
   210  -.3061063134925953E-02   4   0 1  1 1  0 0  0 1
   211  -9.541237996399431       4   0 0  2 1  0 0  0 1
   212  -.1503491562160911E-02   4   1 0  0 2  0 0  0 1
   213  -.1517707216096963E-02   4   0 1  0 2  0 0  0 1
   214  -9.263783507719385       4   0 0  1 2  0 0  0 1
   215  -3.426815969575579       4   0 0  0 3  0 0  0 1
   216  -.1765073288948572E-03   4   2 0  0 0  0 2  0 0
   217  0.1620939285400996E-03   4   1 1  0 0  0 2  0 0
   218  0.3598805517588651E-03   4   0 2  0 0  0 2  0 0
   219  -.2430223419573161E-01   4   1 0  1 0  0 2  0 0
   220  0.1901553218486414       4   0 1  1 0  0 2  0 0
   221  -.1372538079319414E-03   4   0 0  2 0  0 2  0 0
   222  0.2055828434078749       4   1 0  0 1  0 2  0 0
   223  0.5389865628362209       4   0 1  0 1  0 2  0 0
   224  0.3233455265388224E-03   4   0 0  1 1  0 2  0 0
   225  0.6690950591485792E-03   4   0 0  0 2  0 2  0 0
   226  -.1813474137535346E-03   4   2 0  0 0  0 1  1 0
   227  0.3183747927227224E-03   4   1 1  0 0  0 1  1 0
   228  0.6365465413040245E-03   4   0 2  0 0  0 1  1 0
   229  -.1692870126618448E-01   4   1 0  1 0  0 1  1 0
   230  0.1053442392588474       4   0 1  1 0  0 1  1 0
   231  -.1239009132048992E-03   4   0 0  2 0  0 1  1 0
   232  0.1207119710389177       4   1 0  0 1  0 1  1 0
   233  0.5205691534739727       4   0 1  0 1  0 1  1 0
   234  0.2834639790447797E-03   4   0 0  1 1  0 1  1 0
   235  0.7735958098752428E-03   4   0 0  0 2  0 1  1 0
   236  -.1761477692487217E-03   4   2 0  0 0  0 0  2 0
   237  0.1616615632745124E-03   4   1 1  0 0  0 0  2 0
   238  0.3589679243049470E-03   4   0 2  0 0  0 0  2 0
   239  -.2425813847010487E-01   4   1 0  1 0  0 0  2 0
   240  0.1898285361219608       4   0 1  1 0  0 0  2 0
   241  -.1369857282209028E-03   4   0 0  2 0  0 0  2 0
   242  0.2052249554651667       4   1 0  0 1  0 0  2 0
   243  0.5379109414049263       4   0 1  0 1  0 0  2 0
   244  0.3227196471360503E-03   4   0 0  1 1  0 0  2 0
   245  0.6676740881600236E-03   4   0 0  0 2  0 0  2 0
   246  0.4064998946208837E-03   4   2 0  0 0  0 1  0 1
   247  -.1010500770585662E-03   4   1 1  0 0  0 1  0 1
   248  -.4118722566822653E-03   4   0 2  0 0  0 1  0 1
   249  0.6684741046749358E-01   4   1 0  1 0  0 1  0 1
   250  -.2095140181123396       4   0 1  1 0  0 1  0 1
   251  0.2508602503234118E-03   4   0 0  2 0  0 1  0 1
   252  -.2405325051499186       4   1 0  0 1  0 1  0 1
   253  -.4836458515313402       4   0 1  0 1  0 1  0 1
   254  -.2849512260580114E-03   4   0 0  1 1  0 1  0 1
   255  -.6150599914453287E-03   4   0 0  0 2  0 1  0 1
   256  0.4059528462203784E-03   4   2 0  0 0  0 0  1 1
   257  -.1009140886271897E-03   4   1 1  0 0  0 0  1 1
   258  -.4113179784100907E-03   4   0 2  0 0  0 0  1 1
   259  0.6675745037289672E-01   4   1 0  1 0  0 0  1 1
   260  -.2092320640208169       4   0 1  1 0  0 0  1 1
   261  0.2505226544211603E-03   4   0 0  2 0  0 0  1 1
   262  -.2402088078403916       4   1 0  0 1  0 0  1 1
   263  -.4829949837377879       4   0 1  0 1  0 0  1 1
   264  -.2845677521272686E-03   4   0 0  1 1  0 0  1 1
   265  -.6142322726956145E-03   4   0 0  0 2  0 0  1 1
   266  -.2789524760798390E-03   4   2 0  0 0  0 0  0 2
   267  -.5263314404055567E-03   4   1 1  0 0  0 0  0 2
   268  -.2463285438306847E-03   4   0 2  0 0  0 0  0 2
   269  -.6811463675012489E-01   4   1 0  1 0  0 0  0 2
   270  -.6590662018523707E-01   4   0 1  1 0  0 0  0 2
   271  -.1029472852465613E-03   4   0 0  2 0  0 0  0 2
   272  -.5051450975929107E-01   4   1 0  0 1  0 0  0 2
   273  -.5000213853458276E-01   4   0 1  0 1  0 0  0 2
   274  -.2270780732698582E-03   4   0 0  1 1  0 0  0 2
   275  -.1184551035469032E-03   4   0 0  0 2  0 0  0 2
   276  -.4074050287833465E-05   4   1 0  0 0  0 3  0 0
   277  -.2342111330043664E-04   4   0 1  0 0  0 3  0 0
   278  -.4028131382604071E-01   4   0 0  1 0  0 3  0 0
   279  0.3786680190596761       4   0 0  0 1  0 3  0 0
   280  -.2821468554188488E-05   4   1 0  0 0  0 2  1 0
   281  -.1672707730880789E-04   4   0 1  0 0  0 2  1 0
   282  -.2269350363218063E-01   4   0 0  1 0  0 2  1 0
   283  0.1839860367945977       4   0 0  0 1  0 2  1 0
   284  -.2823985984917867E-05   4   1 0  0 0  0 1  2 0
   285  -.1674052646083877E-04   4   0 1  0 0  0 1  2 0
   286  -.2272889747403386E-01   4   0 0  1 0  0 1  2 0
   287  0.1843779988691066       4   0 0  0 1  0 1  2 0
   288  -.4063930350694309E-05   4   1 0  0 0  0 0  3 0
   289  -.2336259467392042E-04   4   0 1  0 0  0 0  3 0
   290  -.4018475146019964E-01   4   0 0  1 0  0 0  3 0
   291  0.3777799958954084       4   0 0  0 1  0 0  3 0
   292  0.5558223914060312E-05   4   1 0  0 0  0 2  0 1
   293  0.3003404762390741E-04   4   0 1  0 0  0 2  0 1
   294  0.9446481094790693E-01   4   0 0  1 0  0 2  0 1
   295  -.3678363676815098       4   0 0  0 1  0 2  0 1
   296  0.4414504147852699E-05   4   1 0  0 0  0 1  1 1
   297  0.2398276869175414E-04   4   0 1  0 0  0 1  1 1
   298  0.5934555108998694E-01   4   0 0  1 0  0 1  1 1
   299  -.1749223724490129       4   0 0  0 1  0 1  1 1
   300  0.5547773502449784E-05   4   1 0  0 0  0 0  2 1
   301  0.2997749177818293E-04   4   0 1  0 0  0 0  2 1
   302  0.9429775243440666E-01   4   0 0  1 0  0 0  2 1
   303  -.3672236496908937       4   0 0  0 1  0 0  2 1
   304  -.1015137464922778E-05   4   1 0  0 0  0 1  0 2
   305  -.2936211061062750E-05   4   0 1  0 0  0 1  0 2
   306  -.5930255193868166E-01   4   0 0  1 0  0 1  0 2
   307  -.1059744218486249       4   0 0  0 1  0 1  0 2
   308  -.1013771340764190E-05   4   1 0  0 0  0 0  1 2
   309  -.2932259646595545E-05   4   0 1  0 0  0 0  1 2
   310  -.5922274535911509E-01   4   0 0  1 0  0 0  1 2
   311  -.1058318064661026       4   0 0  0 1  0 0  1 2
   312  0.2594602493348219E-06   4   1 0  0 0  0 0  0 3
   313  0.2116508139292829E-06   4   0 1  0 0  0 0  0 3
   314  -.3694233825547189E-02   4   0 0  1 0  0 0  0 3
   315  -.3017706699386843E-02   4   0 0  0 1  0 0  0 3
   316  -.6498722821395347E-05   4   0 0  0 0  0 4  0 0
   317  -.3362283792784429E-05   4   0 0  0 0  0 3  1 0
   318  -.2946020104056310E-05   4   0 0  0 0  0 2  2 0
   319  -.3371259140831561E-05   4   0 0  0 0  0 1  3 0
   320  -.6478979342246536E-05   4   0 0  0 0  0 0  4 0
   321  0.6979268176712163E-05   4   0 0  0 0  0 3  0 1
   322  0.3535789072229218E-05   4   0 0  0 0  0 2  1 1
   323  0.3542721220355379E-05   4   0 0  0 0  0 1  2 1
   324  0.6962803682529229E-05   4   0 0  0 0  0 0  3 1
   325  0.5106499269453304E-06   4   0 0  0 0  0 2  0 2
   326  0.6081226982329490E-06   4   0 0  0 0  0 1  1 2
   327  0.5095535269060191E-06   4   0 0  0 0  0 0  2 2
   328  0.3831261423700939E-08   4   0 0  0 0  0 1  0 3
   329  0.3826105492638053E-08   4   0 0  0 0  0 0  1 3
   330  -.1094112977416049E-13   4   0 0  0 0  0 0  0 4
   ----------------------------------------------------
     I  COEFFICIENT            ORDER EXPONENTS
     1  0.9136404401938785E-08   0   0 0  0 0  0 0  0 0
     2  0.7750823187403506E-07   1   1 0  0 0  0 0  0 0
     3  0.5356210203818938E-06   1   0 1  0 0  0 0  0 0
     4  0.8579662544800768E-05   1   0 0  1 0  0 0  0 0
     5  -.9217926867016111E-06   1   0 0  0 1  0 0  0 0
     6   1.000000000000000       1   0 0  0 0  1 0  0 0
     7  0.2621231484457497       1   0 0  0 0  0 1  0 0
     8  -.2621231477505004       1   0 0  0 0  0 0  1 0
     9  -.6952550375466541E-09   1   0 0  0 0  0 0  0 1
    10  -.5916341715040632E-01   2   2 0  0 0  0 0  0 0
    11  -.2132460099494968       2   1 1  0 0  0 0  0 0
    12  -.4027427336333338       2   0 2  0 0  0 0  0 0
    13  -.4154715375191017E-05   2   1 0  1 0  0 0  0 0
    14  -.7107757199773219E-05   2   0 1  1 0  0 0  0 0
    15  -.5126414703081222E-01   2   0 0  2 0  0 0  0 0
    16  -.6956897195840859E-05   2   1 0  0 1  0 0  0 0
    17  -.8972037674658045E-05   2   0 1  0 1  0 0  0 0
    18  0.1276603402420254E-01   2   0 0  1 1  0 0  0 0
    19  -.2130000865165414       2   0 0  0 2  0 0  0 0
    20  -.1761043462450995E-06   2   1 0  0 0  0 1  0 0
    21  -.9322691284599085E-06   2   0 1  0 0  0 1  0 0
    22  -.1256576635143264E-04   2   0 0  1 0  0 1  0 0
    23  -.2268637236967369E-05   2   0 0  0 1  0 1  0 0
    24  -.9855697136607625E-07   2   1 0  0 0  0 0  1 0
    25  -.3968116024144160E-06   2   0 1  0 0  0 0  1 0
    26  -.3992279693957602E-05   2   0 0  1 0  0 0  1 0
    27  -.3184907136767261E-05   2   0 0  0 1  0 0  1 0
    28  0.2746232379756494E-06   2   1 0  0 0  0 0  0 1
    29  0.7933738198820170E-06   2   0 1  0 0  0 0  0 1
    30  0.1655806295758001E-04   2   0 0  1 0  0 0  0 1
    31  0.6375359514938279E-05   2   0 0  0 1  0 0  0 1
    32  -.1967247330227475       2   0 0  0 0  0 2  0 0
    33  0.1313263165927493       2   0 0  0 0  0 1  1 0
    34  0.6539841542266653E-01   2   0 0  0 0  0 0  2 0
    35  0.1007156275618418E-08   2   0 0  0 0  0 1  0 1
    36  0.3124623875824368E-09   2   0 0  0 0  0 0  1 1
    37  -.3122317832003296E-09   2   0 0  0 0  0 0  0 2
    38  0.2832752853722300E-01   3   3 0  0 0  0 0  0 0
    39  0.1002288982356297       3   2 1  0 0  0 0  0 0
    40  0.1104136244926112       3   1 2  0 0  0 0  0 0
    41  0.3893307479339624E-01   3   0 3  0 0  0 0  0 0
    42  0.3729309688351052E-03   3   2 0  1 0  0 0  0 0
    43  0.6408755032184413E-03   3   1 1  1 0  0 0  0 0
    44  0.3740268617014912E-03   3   0 2  1 0  0 0  0 0
    45  0.2139465423355772E-01   3   1 0  2 0  0 0  0 0
    46  -.2783332357326622E-02   3   0 1  2 0  0 0  0 0
    47  0.4116754592581590E-04   3   0 0  3 0  0 0  0 0
    48  0.3137096220324933E-03   3   2 0  0 1  0 0  0 0
    49  0.5444004845179937E-03   3   1 1  0 1  0 0  0 0
    50  0.3124048213166266E-03   3   0 2  0 1  0 0  0 0
    51  -.6411050755391238E-02   3   1 0  1 1  0 0  0 0
    52  -.4301653581978235E-01   3   0 1  1 1  0 0  0 0
    53  0.2290325954303900E-03   3   0 0  2 1  0 0  0 0
    54  -.2238788778843161E-01   3   1 0  0 2  0 0  0 0
    55  -.3611084950518714E-01   3   0 1  0 2  0 0  0 0
    56  0.2790742630971135E-03   3   0 0  1 2  0 0  0 0
    57  0.8967079222055425E-04   3   0 0  0 3  0 0  0 0
    58  0.9077278303624857E-01   3   2 0  0 0  0 1  0 0
    59  0.3767222388484144       3   1 1  0 0  0 1  0 0
    60  0.6995331999124310       3   0 2  0 0  0 1  0 0
    61  0.6324067052243960E-05   3   1 0  1 0  0 1  0 0
    62  0.1276088821498699E-04   3   0 1  1 0  0 1  0 0
    63  0.7497935474264086E-01   3   0 0  2 0  0 1  0 0
    64  0.1242662653718357E-04   3   1 0  0 1  0 1  0 0
    65  0.1989927020119750E-04   3   0 1  0 1  0 1  0 0
    66  0.2446082410380043E-01   3   0 0  1 1  0 1  0 0
    67  0.3144540130881442       3   0 0  0 2  0 1  0 0
    68  0.3164647486345754E-01   3   2 0  0 0  0 0  1 0
    69  0.1635431347368800       3   1 1  0 0  0 0  1 0
    70  0.2969325410226222       3   0 2  0 0  0 0  1 0
    71  0.2152273962132744E-05   3   1 0  1 0  0 0  1 0
    72  0.5589225878094017E-05   3   0 1  1 0  0 0  1 0
    73  0.2375227391615859E-01   3   0 0  2 0  0 0  1 0
    74  0.5441698388513091E-05   3   1 0  0 1  0 0  1 0
    75  0.1084851887636879E-04   3   0 1  0 1  0 0  1 0
    76  0.3715972557899536E-01   3   0 0  1 1  0 0  1 0
    77  0.1016037084931446       3   0 0  0 2  0 0  1 0
    78  -.1224195333068306       3   2 0  0 0  0 0  0 1
    79  -.3270201321454861       3   1 1  0 0  0 0  0 1
    80  -.1909809308173364       3   0 2  0 0  0 0  0 1
    81  -.8435940585325463E-05   3   1 0  1 0  0 0  0 1
    82  -.1111388972514441E-04   3   0 1  1 0  0 0  0 1
    83  -.9873177975609669E-01   3   0 0  2 0  0 0  0 1
    84  -.1083540018044849E-04   3   1 0  0 1  0 0  0 1
    85  -.1261225406108306E-04   3   0 1  0 1  0 0  0 1
    86  -.7438677573373492E-01   3   0 0  1 1  0 0  0 1
    87  0.9942346236998353E-02   3   0 0  0 2  0 0  0 1
    88  0.2814881593259980E-06   3   1 0  0 0  0 2  0 0
    89  0.1322428794753576E-05   3   0 1  0 0  0 2  0 0
    90  0.1540612828165139E-04   3   0 0  1 0  0 2  0 0
    91  0.6357847988973860E-05   3   0 0  0 1  0 2  0 0
    92  0.2104475766853711E-06   3   1 0  0 0  0 1  1 0
    93  0.7797820386874354E-06   3   0 1  0 0  0 1  1 0
    94  0.5687806968385082E-05   3   0 0  1 0  0 1  1 0
    95  0.8179748158156474E-05   3   0 0  0 1  0 1  1 0
    96  0.1052024729676242E-06   3   1 0  0 0  0 0  2 0
    97  0.3899926576189835E-06   3   0 1  0 0  0 0  2 0
    98  0.2848513700352083E-05   3   0 0  1 0  0 0  2 0
    99  0.4085891506822498E-05   3   0 0  0 1  0 0  2 0
   100  -.5980183251886394E-06   3   1 0  0 0  0 1  0 1
   101  -.1560635991896291E-05   3   0 1  0 0  0 1  0 1
   102  -.2393867841779533E-04   3   0 0  1 0  0 1  0 1
   103  -.1636277736877497E-04   3   0 0  0 1  0 1  0 1
   104  -.3231914090483891E-06   3   1 0  0 0  0 0  1 1
   105  -.7670716962935359E-06   3   0 1  0 0  0 0  1 1
   106  -.7394144250809168E-05   3   0 0  1 0  0 0  1 1
   107  -.9983607845436874E-05   3   0 0  0 1  0 0  1 1
   108  0.3233410986555551E-06   3   1 0  0 0  0 0  0 2
   109  0.3704334340707636E-06   3   0 1  0 0  0 0  0 2
   110  0.7388618675965934E-05   3   0 0  1 0  0 0  0 2
   111  0.6799032721975386E-05   3   0 0  0 1  0 0  0 2
   112  0.1639593932942239       3   0 0  0 0  0 3  0 0
   113  -.9842878451131207E-01   3   0 0  0 0  0 2  1 0
   114  -.3289754817749567E-01   3   0 0  0 0  0 1  2 0
   115  -.3263309959296305E-01   3   0 0  0 0  0 0  3 0
   116  -.1097001064353925E-08   3   0 0  0 0  0 2  0 1
   117  0.4110582362496961E-09   3   0 0  0 0  0 1  1 1
   118  0.2043751616606355E-09   3   0 0  0 0  0 0  2 1
   119  -.3281259559157329E-10   3   0 0  0 0  0 1  0 2
   120  -.3418585425664164E-10   3   0 0  0 0  0 0  1 2
   121  -.7817604347776134E-12   3   0 0  0 0  0 0  0 3
   122  -.9308775398677723       4   4 0  0 0  0 0  0 0
   123  -4.409636881210523       4   3 1  0 0  0 0  0 0
   124  -8.184167574953893       4   2 2  0 0  0 0  0 0
   125  -6.915336523201482       4   1 3  0 0  0 0  0 0
   126  -2.440836231973553       4   0 4  0 0  0 0  0 0
   127  -.9984550351162932E-03   4   3 0  1 0  0 0  0 0
   128  -.2721611453563261E-02   4   2 1  1 0  0 0  0 0
   129  -.2523302915904968E-02   4   1 2  1 0  0 0  0 0
   130  -.8062457788969854E-03   4   0 3  1 0  0 0  0 0
   131  -2.322724147336105       4   2 0  2 0  0 0  0 0
   132  -4.485595549110927       4   1 1  2 0  0 0  0 0
   133  -2.657890382168122       4   0 2  2 0  0 0  0 0
   134  0.7944838637645931E-03   4   1 0  3 0  0 0  0 0
   135  0.6589416141255725E-03   4   0 1  3 0  0 0  0 0
   136  -.2363791892989494       4   0 0  4 0  0 0  0 0
   137  -.9172167490791285E-03   4   3 0  0 1  0 0  0 0
   138  -.2583569009925178E-02   4   2 1  0 1  0 0  0 0
   139  -.2474224785207993E-02   4   1 2  0 1  0 0  0 0
   140  -.8165778355582085E-03   4   0 3  0 1  0 0  0 0
   141  -4.368307920736930       4   2 0  1 1  0 0  0 0
   142  -8.249874363346489       4   1 1  1 1  0 0  0 0
   143  -4.652609125357715       4   0 2  1 1  0 0  0 0
   144  0.2072583359721377E-02   4   1 0  2 1  0 0  0 0
   145  0.1696713381998299E-02   4   0 1  2 1  0 0  0 0
   146  -1.057788453233218       4   0 0  3 1  0 0  0 0
   147  -1.740307424523348       4   2 0  0 2  0 0  0 0
   148  -3.486077769086115       4   1 1  0 2  0 0  0 0
   149  -2.404684031017031       4   0 2  0 2  0 0  0 0
   150  0.1816493768298337E-02   4   1 0  1 2  0 0  0 0
   151  0.1456774464158287E-02   4   0 1  1 2  0 0  0 0
   152  -1.585291041719381       4   0 0  2 2  0 0  0 0
   153  0.5215993838399733E-03   4   1 0  0 3  0 0  0 0
   154  0.4016676425010428E-03   4   0 1  0 3  0 0  0 0
   155  -.8999243478703576       4   0 0  1 3  0 0  0 0
   156  -.2930432180786782       4   0 0  0 4  0 0  0 0
   157  -.4559646500890862E-01   4   3 0  0 0  0 1  0 0
   158  -.1987443205472198       4   2 1  0 0  0 1  0 0
   159  -.2664718029498432       4   1 2  0 0  0 1  0 0
   160  -.1119953097585943       4   0 3  0 0  0 1  0 0
   161  0.1105906844055167E-03   4   2 0  1 0  0 1  0 0
   162  -.2455277322637047E-04   4   1 1  1 0  0 1  0 0
   163  -.1694118891143830E-03   4   0 2  1 0  0 1  0 0
   164  -.3097509455476341E-01   4   1 0  2 0  0 1  0 0
   165  -.5635184816695090E-02   4   0 1  2 0  0 1  0 0
   166  0.9862011109500746E-04   4   0 0  3 0  0 1  0 0
   167  -.1308106772012879E-03   4   2 0  0 1  0 1  0 0
   168  -.3240933255438923E-03   4   1 1  0 1  0 1  0 0
   169  -.2328018932447332E-03   4   0 2  0 1  0 1  0 0
   170  -.8326963796608694E-02   4   1 0  1 1  0 1  0 0
   171  0.6794272094211516E-01   4   0 1  1 1  0 1  0 0
   172  0.1006417818984542E-03   4   0 0  2 1  0 1  0 0
   173  0.3643317564952248E-01   4   1 0  0 2  0 1  0 0
   174  0.8180366555339441E-01   4   0 1  0 2  0 1  0 0
   175  -.2412030516079452E-03   4   0 0  1 2  0 1  0 0
   176  -.1750567764584323E-03   4   0 0  0 3  0 1  0 0
   177  -.1685970350744599E-01   4   3 0  0 0  0 0  1 0
   178  -.9675194754927834E-01   4   2 1  0 0  0 0  1 0
   179  -.1536822886953755       4   1 2  0 0  0 0  1 0
   180  -.7198000871595946E-01   4   0 3  0 0  0 0  1 0
   181  0.5926258555757650E-04   4   2 0  1 0  0 0  1 0
   182  -.1796419260145376E-03   4   1 1  1 0  0 0  1 0
   183  -.2328628462633457E-03   4   0 2  1 0  0 0  1 0
   184  -.9442009351872832E-02   4   1 0  2 0  0 0  1 0
   185  -.7891126820246229E-02   4   0 1  2 0  0 0  1 0
   186  0.3325083465462010E-04   4   0 0  3 0  0 0  1 0
   187  -.1391670725589276E-03   4   2 0  0 1  0 0  1 0
   188  -.4246616532270480E-03   4   1 1  0 1  0 0  1 0
   189  -.3056149206142979E-03   4   0 2  0 1  0 0  1 0
   190  -.1448803563305631E-01   4   1 0  1 1  0 0  1 0
   191  0.2568846574176741E-01   4   0 1  1 1  0 0  1 0
   192  0.1827998622811958E-04   4   0 0  2 1  0 0  1 0
   193  0.1420085267513921E-01   4   1 0  0 2  0 0  1 0
   194  0.4606284354737409E-01   4   0 1  0 2  0 0  1 0
   195  -.2009700793667936E-03   4   0 0  1 2  0 0  1 0
   196  -.1370740354197527E-03   4   0 0  0 3  0 0  1 0
   197  0.6192670995424417E-01   4   3 0  0 0  0 0  0 1
   198  0.1923766153469044       4   2 1  0 0  0 0  0 1
   199  0.1947392371122819       4   1 2  0 0  0 0  0 1
   200  0.6468387750804586E-01   4   0 3  0 0  0 0  0 1
   201  -.9025678259593128E-04   4   2 0  1 0  0 0  0 1
   202  -.1881585611173293E-03   4   1 1  1 0  0 0  0 1
   203  -.6342154519777281E-04   4   0 2  1 0  0 0  0 1
   204  0.4013226863762090E-01   4   1 0  2 0  0 0  0 1
   205  0.1528036718799985E-01   4   0 1  2 0  0 0  0 1
   206  -.9502613176651652E-04   4   0 0  3 0  0 0  0 1
   207  -.6270217489485340E-04   4   2 0  0 1  0 0  0 1
   208  -.1678571056688539E-03   4   1 1  0 1  0 0  0 1
   209  -.6474094264196459E-04   4   0 2  0 1  0 0  0 1
   210  0.2878458540310481E-01   4   1 0  1 1  0 0  0 1
   211  -.9049658872509646E-02   4   0 1  1 1  0 0  0 1
   212  -.2149227415373729E-03   4   0 0  2 1  0 0  0 1
   213  -.6212365676091462E-02   4   1 0  0 2  0 0  0 1
   214  -.2045860936824185E-01   4   0 1  0 2  0 0  0 1
   215  -.1311085969771842E-03   4   0 0  1 2  0 0  0 1
   216  -.4181696184894258E-05   4   0 0  0 3  0 0  0 1
   217  -.1155464643418645       4   2 0  0 0  0 2  0 0
   218  -.5295694151279783       4   1 1  0 0  0 2  0 0
   219  -.9833786874151167       4   0 2  0 0  0 2  0 0
   220  -.1103327269547108E-04   4   1 0  1 0  0 2  0 0
   221  -.2749041554667855E-04   4   0 1  1 0  0 2  0 0
   222  -.9182812734252205E-01   4   0 0  2 0  0 2  0 0
   223  -.2772166825590009E-04   4   1 0  0 1  0 2  0 0
   224  -.4784642922582869E-04   4   0 1  0 1  0 2  0 0
   225  -.7255720205749572E-01   4   0 0  1 1  0 2  0 0
   226  -.3973392184199120       4   0 0  0 2  0 2  0 0
   227  -.4953363190644351E-01   4   2 0  0 0  0 1  1 0
   228  -.3056634572177721       4   1 1  0 0  0 1  1 0
   229  -.5676981247161919       4   0 2  0 0  0 1  1 0
   230  -.4324692467884914E-05   4   1 0  1 0  0 1  1 0
   231  -.1420221008737938E-04   4   0 1  1 0  0 1  1 0
   232  -.3373857414490389E-01   4   0 0  2 0  0 1  1 0
   233  -.1447049706742063E-04   4   1 0  0 1  0 1  1 0
   234  -.3157527340658514E-04   4   0 1  0 1  0 1  1 0
   235  -.9620468559640524E-01   4   0 0  1 1  0 1  1 0
   236  -.1658402285545830       4   0 0  0 2  0 1  1 0
   237  -.2479445548442479E-01   4   2 0  0 0  0 0  2 0
   238  -.1528791061056305       4   1 1  0 0  0 0  2 0
   239  -.2839369287966718       4   0 2  0 0  0 0  2 0
   240  -.2188854527188740E-05   4   1 0  1 0  0 0  2 0
   241  -.7127541868766344E-05   4   0 1  1 0  0 0  2 0
   242  -.1689693172733013E-01   4   0 0  2 0  0 0  2 0
   243  -.7256807055523680E-05   4   1 0  0 1  0 0  2 0
   244  -.1579158020779827E-04   4   0 1  0 1  0 0  2 0
   245  -.4805402234638975E-01   4   0 0  1 1  0 0  2 0
   246  -.8301975236682321E-01   4   0 0  0 2  0 0  2 0
   247  0.1898174600257224       4   2 0  0 0  0 1  0 1
   248  0.6112841912587073       4   1 1  0 0  0 1  0 1
   249  0.4358178949866639       4   0 2  0 0  0 1  0 1
   250  0.1043710352858132E-04   4   1 0  1 0  0 1  0 1
   251  0.2335319292549711E-04   4   0 1  1 0  0 1  0 1
   252  0.1424369746599752       4   0 0  2 0  0 1  0 1
   253  0.2359575193974636E-04   4   1 0  0 1  0 1  0 1
   254  0.3628688460253654E-04   4   0 1  0 1  0 1  0 1
   255  0.1924417160283135       4   0 0  1 1  0 1  0 1
   256  0.1717983944446028E-01   4   0 0  0 2  0 1  0 1
   257  0.6746116445220210E-01   4   2 0  0 0  0 0  1 1
   258  0.2843023856194283       4   1 1  0 0  0 0  1 1
   259  0.2447558644672045       4   0 2  0 0  0 0  1 1
   260  0.3604125499746383E-05   4   1 0  1 0  0 0  1 1
   261  0.1036835534701844E-04   4   0 1  1 0  0 0  1 1
   262  0.4378648386412699E-01   4   0 0  2 0  0 0  1 1
   263  0.1056541076122649E-04   4   1 0  0 1  0 0  1 1
   264  0.1886861930377849E-04   4   0 1  0 1  0 0  1 1
   265  0.1180088084037707       4   0 0  1 1  0 0  1 1
   266  0.2707791202113718E-01   4   0 0  0 2  0 0  1 1
   267  -.6741623078549078E-01   4   2 0  0 0  0 0  0 2
   268  -.1207480144175247       4   1 1  0 0  0 0  0 2
   269  -.5380348814666538E-01   4   0 2  0 0  0 0  0 2
   270  -.1430150218020841E-05   4   1 0  1 0  0 0  0 2
   271  -.1191610950631747E-05   4   0 1  1 0  0 0  0 2
   272  -.4375265847796692E-01   4   0 0  2 0  0 0  0 2
   273  -.1232654219516198E-05   4   1 0  0 1  0 0  0 2
   274  -.1024075517744583E-05   4   0 1  0 1  0 0  0 2
   275  -.8085125830691060E-01   4   0 0  1 1  0 0  0 2
   276  -.3704853826593894E-01   4   0 0  0 2  0 0  0 2
   277  -.9721541008509035E-04   4   1 0  0 0  0 3  0 0
   278  -.1949661732632032E-03   4   0 1  0 0  0 3  0 0
   279  -.2497503202953197E-04   4   0 0  1 0  0 3  0 0
   280  -.3368847211505661E-05   4   0 0  0 1  0 3  0 0
   281  -.4765313173946950E-04   4   1 0  0 0  0 2  1 0
   282  -.9588470113296628E-04   4   0 1  0 0  0 2  1 0
   283  -.8946417429752059E-05   4   0 0  1 0  0 2  1 0
   284  -.1026786516801973E-04   4   0 0  0 1  0 2  1 0
   285  -.2954997993218385E-04   4   1 0  0 0  0 1  2 0
   286  -.5953716531753968E-04   4   0 1  0 0  0 1  2 0
   287  -.5103886138021395E-05   4   0 0  1 0  0 1  2 0
   288  -.7443217236543262E-05   4   0 0  0 1  0 1  2 0
   289  -.1590839209964028E-04   4   1 0  0 0  0 0  3 0
   290  -.3200942020297651E-04   4   0 1  0 0  0 0  3 0
   291  -.2991498638515369E-05   4   0 0  1 0  0 0  3 0
   292  -.3415561044324063E-05   4   0 0  0 1  0 0  3 0
   293  0.8910806732373971E-04   4   1 0  0 0  0 2  0 1
   294  0.8309839810946702E-04   4   0 1  0 0  0 2  0 1
   295  0.1970182450821638E-04   4   0 0  1 0  0 2  0 1
   296  0.3356546261136514E-04   4   0 0  0 1  0 2  0 1
   297  0.4316834401723219E-04   4   1 0  0 0  0 1  1 1
   298  0.4435340075923383E-04   4   0 1  0 0  0 1  1 1
   299  0.5719913701248395E-05   4   0 0  1 0  0 1  1 1
   300  0.2286644069922991E-04   4   0 0  0 1  0 1  1 1
   301  0.2160044275423834E-04   4   1 0  0 0  0 0  2 1
   302  0.2218771231049523E-04   4   0 1  0 0  0 0  2 1
   303  0.2867458462971831E-05   4   0 0  1 0  0 0  2 1
   304  0.1143297139306939E-04   4   0 0  0 1  0 0  2 1
   305  -.4382617683521450E-05   4   1 0  0 0  0 1  0 2
   306  -.3788343115302199E-05   4   0 1  0 0  0 1  0 2
   307  0.1277276248665065E-05   4   0 0  1 0  0 1  0 2
   308  -.1879997190743582E-05   4   0 0  0 1  0 1  0 2
   309  -.3060841968836064E-05   4   1 0  0 0  0 0  1 2
   310  -.2718944098223078E-05   4   0 1  0 0  0 0  1 2
   311  0.8636305393508683E-06   4   0 0  1 0  0 0  1 2
   312  -.2211888581017454E-05   4   0 0  0 1  0 0  1 2
   313  0.1114713830827366E-07   4   1 0  0 0  0 0  0 3
   314  0.8358188028733768E-08   4   0 1  0 0  0 0  0 3
   315  0.3832295933363446E-08   4   0 0  1 0  0 0  0 3
   316  0.2897687965252376E-08   4   0 0  0 1  0 0  0 3
   317  -.1434727832348955       4   0 0  0 0  0 4  0 0
   318  0.8201284927654373E-01   4   0 0  0 0  0 3  1 0
   319  0.2462383863490976E-01   4   0 0  0 0  0 2  2 0
   320  0.1648163286010953E-01   4   0 0  0 0  0 1  3 0
   321  0.2035440583820661E-01   4   0 0  0 0  0 0  4 0
   322  0.1965834366936080E-08   4   0 0  0 0  0 3  0 1
   323  0.1671926092757603E-08   4   0 0  0 0  0 2  1 1
   324  0.1497485263586085E-08   4   0 0  0 0  0 1  2 1
   325  0.4892391504083134E-09   4   0 0  0 0  0 0  3 1
   326  -.1048388061191529E-10   4   0 0  0 0  0 2  0 2
   327  -.5048217894301194E-10   4   0 0  0 0  0 1  1 2
   328  -.7143674982816640E-11   4   0 0  0 0  0 0  2 2
   329  0.2970199353704718E-12   4   0 0  0 0  0 1  0 3
   330  -.4830375179458916E-12   4   0 0  0 0  0 0  1 3
   ----------------------------------------------------
     I  COEFFICIENT            ORDER EXPONENTS
     1   1.000000000000000       1   0 0  0 0  0 1  0 0
     --------------------------------------------------
     I  COEFFICIENT            ORDER EXPONENTS
     1   1.000000000000000       1   0 0  0 0  0 0  1 0
     --------------------------------------------------
     I  COEFFICIENT            ORDER EXPONENTS
     1   1.000000000000000       1   0 0  0 0  0 0  0 1
     --------------------------------------------------
