 L    0.1049906000000000E+01
 P (  0.0000000000000000E+00,  0.0000000000000000E+00,  0.0000000000000000E+00)
 A (  0.0000000000000000E+00,  0.0000000000000000E+00,  0.0000000000000000E+00)
     I  COEFFICIENT            ORDER EXPONENTS
     1  0.9142521125552834E-04   0   0 0  0 0  0 0  0 0
     2   1.247035753777385       1   1 0  0 0  0 0  0 0
     3   1.263294974774882       1   0 1  0 0  0 0  0 0
     4  0.7640844931032637E-05   1   0 0  1 0  0 0  0 0
     5  0.6484771345656173E-05   1   0 0  0 1  0 0  0 0
     6  0.6483059947805272E-06   1   0 0  0 0  0 1  0 0
     7  0.6474335351262732E-06   1   0 0  0 0  0 0  1 0
     8  -.1295739529063920E-05   1   0 0  0 0  0 0  0 1
     9  -.5765837060785735E-01   2   2 0  0 0  0 0  0 0
    10  -.1008350587447305       2   1 1  0 0  0 0  0 0
    11  -.4427008939262302E-01   2   0 2  0 0  0 0  0 0
    12  0.3007109427422691E-03   2   1 0  1 0  0 0  0 0
    13  0.7177844207223322E-04   2   0 1  1 0  0 0  0 0
    14  0.4878115596835108E-01   2   0 0  2 0  0 0  0 0
    15  0.2690878490814091E-03   2   1 0  0 1  0 0  0 0
    16  0.8274698172982726E-04   2   0 1  0 1  0 0  0 0
    17  0.8533903698350241E-01   2   0 0  1 1  0 0  0 0
    18  0.3752864560200735E-01   2   0 0  0 2  0 0  0 0
    19  -.1280517227162990       2   1 0  0 0  0 1  0 0
    20  -.7424405868136069       2   0 1  0 0  0 1  0 0
    21  -.4055170844453474E-05   2   0 0  1 0  0 1  0 0
    22  -.6702164268892645E-05   2   0 0  0 1  0 1  0 0
    23  -.1278793967427360       2   1 0  0 0  0 0  1 0
    24  -.7414414452618858       2   0 1  0 0  0 0  1 0
    25  -.4049713586644591E-05   2   0 0  1 0  0 0  1 0
    26  -.6693144812081628E-05   2   0 0  0 1  0 0  1 0
    27  0.2559311194702194       2   1 0  0 0  0 0  0 1
    28  0.2205870573118856       2   0 1  0 0  0 0  0 1
    29  0.8104878929241926E-05   2   0 0  1 0  0 0  0 1
    30  0.6910532698609153E-05   2   0 0  0 1  0 0  0 1
    31  -.5418253592718238E-06   2   0 0  0 0  0 2  0 0
    32  -.4356156031272095E-06   2   0 0  0 0  0 1  1 0
    33  -.5408030808317581E-06   2   0 0  0 0  0 0  2 0
    34  0.8709030974986688E-06   2   0 0  0 0  0 1  0 1
    35  0.8697310771542544E-06   2   0 0  0 0  0 0  1 1
    36  -.2224434089546029E-06   2   0 0  0 0  0 0  0 2
    37  0.8424569928631709       3   3 0  0 0  0 0  0 0
    38   3.943816129680049       3   2 1  0 0  0 0  0 0
    39   5.343469895442491       3   1 2  0 0  0 0  0 0
    40   2.858466560574620       3   0 3  0 0  0 0  0 0
    41  -.4767361431998433E-02   3   2 0  1 0  0 0  0 0
    42  -.8266708000411975E-02   3   1 1  1 0  0 0  0 0
    43  -.3586472528297307E-02   3   0 2  1 0  0 0  0 0
    44  -.4542825751031084       3   1 0  2 0  0 0  0 0
    45  0.5811598535007338       3   0 1  2 0  0 0  0 0
    46  0.1327135283080743E-02   3   0 0  3 0  0 0  0 0
    47  -.4157208226049687E-02   3   2 0  0 1  0 0  0 0
    48  -.7242577363473236E-02   3   1 1  0 1  0 0  0 0
    49  -.3153571600090570E-02   3   0 2  0 1  0 0  0 0
    50  -1.113191030874462       3   1 0  1 1  0 0  0 0
    51  0.5651431237298445       3   0 1  1 1  0 0  0 0
    52  0.3491726492359036E-02   3   0 0  2 1  0 0  0 0
    53  -.3580763917585396       3   1 0  0 2  0 0  0 0
    54  0.9246451773361031       3   0 1  0 2  0 0  0 0
    55  0.3086240328580269E-02   3   0 0  1 2  0 0  0 0
    56  0.9196992926628553E-03   3   0 0  0 3  0 0  0 0
    57  0.3217634320429529E-01   3   2 0  0 0  0 1  0 0
    58  0.1066161383897009       3   1 1  0 0  0 1  0 0
    59  0.6890000553577222E-01   3   0 2  0 0  0 1  0 0
    60  -.1805237682491252E-03   3   1 0  1 0  0 1  0 0
    61  -.9500183833906293E-04   3   0 1  1 0  0 1  0 0
    62  -.2325015892190671E-01   3   0 0  2 0  0 1  0 0
    63  -.3088422954991887E-03   3   1 0  0 1  0 1  0 0
    64  -.1573303223537596E-03   3   0 1  0 1  0 1  0 0
    65  -.8327305475247729E-01   3   0 0  1 1  0 1  0 0
    66  -.5536515209170577E-01   3   0 0  0 2  0 1  0 0
    67  0.3213304179802958E-01   3   2 0  0 0  0 0  1 0
    68  0.1064726594153008       3   1 1  0 0  0 0  1 0
    69  0.6880728315546704E-01   3   0 2  0 0  0 0  1 0
    70  -.1802808278696067E-03   3   1 0  1 0  0 0  1 0
    71  -.9487398934230816E-04   3   0 1  1 0  0 0  1 0
    72  -.2321886995377166E-01   3   0 0  2 0  0 0  1 0
    73  -.3084266700931401E-03   3   1 0  0 1  0 0  1 0
    74  -.1571185946206579E-03   3   0 1  0 1  0 0  1 0
    75  -.8316098979991457E-01   3   0 0  1 1  0 0  1 0
    76  -.5529064427929000E-01   3   0 0  0 2  0 0  1 0
    77  -.6430941332317151E-01   3   2 0  0 0  0 0  0 1
    78  -.1122537769110889       3   1 1  0 0  0 0  0 1
    79  -.4916712123159995E-01   3   0 2  0 0  0 0  0 1
    80  0.3605077027412519E-03   3   1 0  1 0  0 0  0 1
    81  0.1177922990391125E-03   3   0 1  1 0  0 0  0 1
    82  0.4646903919130323E-01   3   0 0  2 0  0 0  0 1
    83  0.3478843751892152E-03   3   1 0  0 1  0 0  0 1
    84  0.1486505972398920E-03   3   0 1  0 1  0 0  0 1
    85  0.8109500998272463E-01   3   0 0  1 1  0 0  0 1
    86  0.3559849980060843E-01   3   0 0  0 2  0 0  0 1
    87  0.9826529875190150E-01   3   1 0  0 0  0 2  0 0
    88  0.6137445223774258       3   0 1  0 0  0 2  0 0
    89  0.3188093554508917E-05   3   0 0  1 0  0 2  0 0
    90  0.6905973847912397E-05   3   0 0  0 1  0 2  0 0
    91  0.6855890866011642E-01   3   1 0  0 0  0 1  1 0
    92  0.4853936850812485       3   0 1  0 0  0 1  1 0
    93  0.2272595355744860E-05   3   0 0  1 0  0 1  1 0
    94  0.7051153566024704E-05   3   0 0  0 1  0 1  1 0
    95  0.9808692626982281E-01   3   1 0  0 0  0 0  2 0
    96  0.6125919639512037       3   0 1  0 0  0 0  2 0
    97  0.3182273992670170E-05   3   0 0  1 0  0 0  2 0
    98  0.6891935558719142E-05   3   0 0  0 1  0 0  2 0
    99  -.1370381271912245       3   1 0  0 0  0 1  0 1
   100  -.2280022780182792       3   0 1  0 0  0 1  0 1
   101  -.4498457276361637E-05   3   0 0  1 0  0 1  0 1
   102  -.7309512178412156E-05   3   0 0  0 1  0 1  0 1
   103  -.1368537077380336       3   1 0  0 0  0 0  1 1
   104  -.2276954432978973       3   0 1  0 0  0 0  1 1
   105  -.4492403464564050E-05   3   0 0  1 0  0 0  1 1
   106  -.7299675381407822E-05   3   0 0  0 1  0 0  1 1
   107  0.8980466263642713E-02   3   1 0  0 0  0 0  0 2
   108  0.7261920459567536E-02   3   0 1  0 0  0 0  0 2
   109  0.3933906563358708E-06   3   0 0  1 0  0 0  0 2
   110  0.3552054696749507E-06   3   0 0  0 1  0 0  0 2
   111  0.4891551197290574E-06   3   0 0  0 0  0 3  0 0
   112  0.3836876001460832E-06   3   0 0  0 0  0 2  1 0
   113  0.3838991711450322E-06   3   0 0  0 0  0 1  2 0
   114  0.4879098705585337E-06   3   0 0  0 0  0 0  3 0
   115  -.7674546383830538E-06   3   0 0  0 0  0 2  0 1
   116  -.6641379563493458E-06   3   0 0  0 0  0 1  1 1
   117  -.7659749513869303E-06   3   0 0  0 0  0 0  2 1
   118  0.2285006662594867E-06   3   0 0  0 0  0 1  0 2
   119  0.2281931608316816E-06   3   0 0  0 0  0 0  1 2
   120  -.3947083075135741E-08   3   0 0  0 0  0 0  0 3
   121  -6.087901997882593       4   4 0  0 0  0 0  0 0
   122  -22.04617180754802       4   3 1  0 0  0 0  0 0
   123  -30.12616000821496       4   2 2  0 0  0 0  0 0
   124  -18.45569270617489       4   1 3  0 0  0 0  0 0
   125  -4.284840480382747       4   0 4  0 0  0 0  0 0
   126  -.3660985882627698E-02   4   3 0  1 0  0 0  0 0
   127  -.9666876606379911E-02   4   2 1  1 0  0 0  0 0
   128  -.8848328917709555E-02   4   1 2  1 0  0 0  0 0
   129  -.2758019346662061E-02   4   0 3  1 0  0 0  0 0
   130   28.78020913610813       4   2 0  2 0  0 0  0 0
   131   50.09451192216492       4   1 1  2 0  0 0  0 0
   132   21.96661124254555       4   0 2  2 0  0 0  0 0
   133  0.2378488584938448E-02   4   1 0  3 0  0 0  0 0
   134  0.2347323106011280E-02   4   0 1  3 0  0 0  0 0
   135  -4.000538087678134       4   0 0  4 0  0 0  0 0
   136  -.3549281778628530E-02   4   3 0  0 1  0 0  0 0
   137  -.9370902815457643E-02   4   2 1  0 1  0 0  0 0
   138  -.8265149943759913E-02   4   1 2  0 1  0 0  0 0
   139  -.2422792802905077E-02   4   0 3  0 1  0 0  0 0
   140   51.10450170037913       4   2 0  1 1  0 0  0 0
   141   89.45397930529349       4   1 1  1 1  0 0  0 0
   142   39.48211024316267       4   0 2  1 1  0 0  0 0
   143  0.5532819373634524E-02   4   1 0  2 1  0 0  0 0
   144  0.5169761939378830E-02   4   0 1  2 1  0 0  0 0
   145  -13.83363942359913       4   0 0  3 1  0 0  0 0
   146   22.73466234039670       4   2 0  0 2  0 0  0 0
   147   39.96698999779016       4   1 1  0 2  0 0  0 0
   148   17.73118558824132       4   0 2  0 2  0 0  0 0
   149  0.4223330385380631E-02   4   1 0  1 2  0 0  0 0
   150  0.3675544162019271E-02   4   0 1  1 2  0 0  0 0
   151  -18.00426408461512       4   0 0  2 2  0 0  0 0
   152  0.1271575971045449E-02   4   1 0  0 3  0 0  0 0
   153  0.9984861335143686E-03   4   0 1  0 3  0 0  0 0
   154  -10.40771360377730       4   0 0  1 3  0 0  0 0
   155  -2.244357079103565       4   0 0  0 4  0 0  0 0
   156  -1.091010093979772       4   3 0  0 0  0 1  0 0
   157  -6.145452685120189       4   2 1  0 0  0 1  0 0
   158  -10.35202725289722       4   1 2  0 0  0 1  0 0
   159  -6.264381429846344       4   0 3  0 0  0 1  0 0
   160  -.4670793735945627E-03   4   2 0  1 0  0 1  0 0
   161  0.2832368910528287E-02   4   1 1  1 0  0 1  0 0
   162  0.2761560677704684E-02   4   0 2  1 0  0 1  0 0
   163  0.3943895859732052       4   1 0  2 0  0 1  0 0
   164  -.4559094384298437       4   0 1  2 0  0 1  0 0
   165  0.6433890504225550E-04   4   0 0  3 0  0 1  0 0
   166  0.1376544226339646E-02   4   2 0  0 1  0 1  0 0
   167  0.5535484895261776E-02   4   1 1  0 1  0 1  0 0
   168  0.3730046189511637E-02   4   0 2  0 1  0 1  0 0
   169   1.583972200344209       4   1 0  1 1  0 1  0 0
   170  -.4585681220672423       4   0 1  1 1  0 1  0 0
   171  -.1439475878532164E-02   4   0 0  2 1  0 1  0 0
   172  0.8057715421321868       4   1 0  0 2  0 1  0 0
   173  -1.357677494219759       4   0 1  0 2  0 1  0 0
   174  -.2698160883882841E-02   4   0 0  1 2  0 1  0 0
   175  -.1234554144128575E-02   4   0 0  0 3  0 1  0 0
   176  -1.089541864012863       4   3 0  0 0  0 0  1 0
   177  -6.137182424521838       4   2 1  0 0  0 0  1 0
   178  -10.33809598249455       4   1 2  0 0  0 0  1 0
   179  -6.255951120548182       4   0 3  0 0  0 0  1 0
   180  -.4664508001862722E-03   4   2 0  1 0  0 0  1 0
   181  0.2828557241933412E-02   4   1 1  1 0  0 0  1 0
   182  0.2757844299492470E-02   4   0 2  1 0  0 0  1 0
   183  0.3938588350553384       4   1 0  2 0  0 0  1 0
   184  -.4552958969938742       4   0 1  2 0  0 0  1 0
   185  0.6425232077603717E-04   4   0 0  3 0  0 0  1 0
   186  0.1374691737994115E-02   4   2 0  0 1  0 0  1 0
   187  0.5528035500568085E-02   4   1 1  0 1  0 0  1 0
   188  0.3725026469140771E-02   4   0 2  0 1  0 0  1 0
   189   1.581840565207015       4   1 0  1 1  0 0  1 0
   190  -.4579510027001287       4   0 1  1 1  0 0  1 0
   191  -.1437538699734983E-02   4   0 0  2 1  0 0  1 0
   192  0.8046871727654871       4   1 0  0 2  0 0  1 0
   193  -1.355850395833159       4   0 1  0 2  0 0  1 0
   194  -.2694529826125229E-02   4   0 0  1 2  0 0  1 0
   195  -.1232892739343928E-02   4   0 0  0 3  0 0  1 0
   196   2.179603248105631       4   3 0  0 0  0 0  0 1
   197   8.335882712328765       4   2 1  0 0  0 0  0 1
   198   10.00014858127345       4   1 2  0 0  0 0  0 1
   199   3.943884704626385       4   0 3  0 0  0 0  0 1
   200  0.3152496969734069E-03   4   2 0  1 0  0 0  0 1
   201  0.7206051704987501E-03   4   1 1  1 0  0 0  0 1
   202  0.4159192717708966E-03   4   0 2  1 0  0 0  0 1
   203  -.7867490609231179       4   1 0  2 0  0 0  0 1
   204  0.3315923439178986       4   0 1  2 0  0 0  0 1
   205  -.2260034093957592E-05   4   0 0  3 0  0 0  0 1
   206  0.4040074282021843E-03   4   2 0  0 1  0 0  0 1
   207  0.8649692731041729E-03   4   1 1  0 1  0 0  0 1
   208  0.4750343738282766E-03   4   0 2  0 1  0 0  0 1
   209  -2.049609533193968       4   1 0  1 1  0 0  0 1
   210  -.2106694437198041       4   0 1  1 1  0 0  0 1
   211  -.1104427261896133E-05   4   0 0  2 1  0 0  0 1
   212  -.8927991620673047       4   1 0  0 2  0 0  0 1
   213  -.5886142316707241E-01   4   0 1  0 2  0 0  0 1
   214  0.1660571370589669E-04   4   0 0  1 2  0 0  0 1
   215  0.1827883437293378E-04   4   0 0  0 3  0 0  0 1
   216  -.2687673950651894E-01   4   2 0  0 0  0 2  0 0
   217  -.1135476612129594       4   1 1  0 0  0 2  0 0
   218  -.9041645565802391E-01   4   0 2  0 0  0 2  0 0
   219  0.3063033488972637E-05   4   1 0  1 0  0 2  0 0
   220  0.1164436563996961E-03   4   0 1  1 0  0 2  0 0
   221  0.1653990436361744E-01   4   0 0  2 0  0 2  0 0
   222  0.2770003968846372E-03   4   1 0  0 1  0 2  0 0
   223  0.3425210562998255E-03   4   0 1  0 1  0 2  0 0
   224  0.8122062952635942E-01   4   0 0  1 1  0 2  0 0
   225  0.6798088862236414E-01   4   0 0  0 2  0 2  0 0
   226  -.2075445151476865E-01   4   2 0  0 0  0 1  1 0
   227  -.1184678000531748       4   1 1  0 0  0 1  1 0
   228  -.1105177725443897       4   0 2  0 0  0 1  1 0
   229  -.4401023430372256E-04   4   1 0  1 0  0 1  1 0
   230  0.1144361628209844E-03   4   0 1  1 0  0 1  1 0
   231  0.1021046606390151E-01   4   0 0  2 0  0 1  1 0
   232  0.3040529366449725E-03   4   1 0  0 1  0 1  1 0
   233  0.4217769466514974E-03   4   0 1  0 1  0 1  1 0
   234  0.7972990307315632E-01   4   0 0  1 1  0 1  1 0
   235  0.8085425761077421E-01   4   0 0  0 2  0 1  1 0
   236  -.2682660487578541E-01   4   2 0  0 0  0 0  2 0
   237  -.1133151399307566       4   1 1  0 0  0 0  2 0
   238  -.9022041264829567E-01   4   0 2  0 0  0 0  2 0
   239  0.3088524852456420E-05   4   1 0  1 0  0 0  2 0
   240  0.1162099506173788E-03   4   0 1  1 0  0 0  2 0
   241  0.1651077535781059E-01   4   0 0  2 0  0 0  2 0
   242  0.2764230327487849E-03   4   1 0  0 1  0 0  2 0
   243  0.3417763038361420E-03   4   0 1  0 1  0 0  2 0
   244  0.8105767825793093E-01   4   0 0  1 1  0 0  2 0
   245  0.6783499822160287E-01   4   0 0  0 2  0 0  2 0
   246  0.4056161282713894E-01   4   2 0  0 0  0 1  0 1
   247  0.1273920398389837       4   1 1  0 0  0 1  0 1
   248  0.8060428158054429E-01   4   0 2  0 0  0 1  0 1
   249  0.1591364485997403E-04   4   1 0  1 0  0 1  0 1
   250  -.7738492288069006E-04   4   0 1  1 0  0 1  0 1
   251  -.2075660287885365E-01   4   0 0  2 0  0 1  0 1
   252  -.2230024956064716E-03   4   1 0  0 1  0 1  0 1
   253  -.2161426706394503E-03   4   0 1  0 1  0 1  0 1
   254  -.7668235263177396E-01   4   0 0  1 1  0 1  0 1
   255  -.5143416238466886E-01   4   0 0  0 2  0 1  0 1
   256  0.4050702692019930E-01   4   2 0  0 0  0 0  1 1
   257  0.1272206016355479       4   1 1  0 0  0 0  1 1
   258  0.8049580813714154E-01   4   0 2  0 0  0 0  1 1
   259  0.1589222902670574E-04   4   1 0  1 0  0 0  1 1
   260  -.7728078189850215E-04   4   0 1  1 0  0 0  1 1
   261  -.2072866962092408E-01   4   0 0  2 0  0 0  1 1
   262  -.2227023893576278E-03   4   1 0  0 1  0 0  1 1
   263  -.2158517960197547E-03   4   0 1  0 1  0 0  1 1
   264  -.7657915713551615E-01   4   0 0  1 1  0 0  1 1
   265  -.5136494471293965E-01   4   0 0  0 2  0 0  1 1
   266  -.7322169606120079E-02   4   2 0  0 0  0 0  0 2
   267  -.1259328425298545E-01   4   1 1  0 0  0 0  0 2
   268  -.5410120546774865E-02   4   0 2  0 0  0 0  0 2
   269  -.4126434470378560E-04   4   1 0  1 0  0 0  0 2
   270  -.3887450031644997E-04   4   0 1  1 0  0 0  0 2
   271  -.2125298595264431E-02   4   0 0  2 0  0 0  0 2
   272  -.3175774624477250E-04   4   1 0  0 1  0 0  0 2
   273  -.3030844161384452E-04   4   0 1  0 1  0 0  0 2
   274  -.3915840000491653E-02   4   0 0  1 1  0 0  0 2
   275  -.1785904681394536E-02   4   0 0  0 2  0 0  0 2
   276  -.8339513543984975E-01   4   1 0  0 0  0 3  0 0
   277  -.5503597566708233       4   0 1  0 0  0 3  0 0
   278  -.5540578297473357E-05   4   0 0  1 0  0 3  0 0
   279  -.1001286860458142E-04   4   0 0  0 1  0 3  0 0
   280  -.5367071339104226E-01   4   1 0  0 0  0 2  1 0
   281  -.4236690735337306       4   0 1  0 0  0 2  1 0
   282  -.3634341533387406E-05   4   0 0  1 0  0 2  1 0
   283  -.9492118398379966E-05   4   0 0  0 1  0 2  1 0
   284  -.5373048943129840E-01   4   1 0  0 0  0 1  2 0
   285  -.4239233199654832       4   0 1  0 0  0 1  2 0
   286  -.3638174467383283E-05   4   0 0  1 0  0 1  2 0
   287  -.9493142399287666E-05   4   0 0  0 1  0 1  2 0
   288  -.8319072651883919E-01   4   1 0  0 0  0 0  3 0
   289  -.5489640917139851       4   0 1  0 0  0 0  3 0
   290  -.5526951758704750E-05   4   0 0  1 0  0 0  3 0
   291  -.9986277919324445E-05   4   0 0  0 1  0 0  3 0
   292  0.1073176210443751       4   1 0  0 0  0 2  0 1
   293  0.2335060065786059       4   0 1  0 0  0 2  0 1
   294  0.6447603136996058E-05   4   0 0  1 0  0 2  0 1
   295  0.1052716362521780E-04   4   0 0  0 1  0 2  0 1
   296  0.7767525060055148E-01   4   1 0  0 0  0 1  1 1
   297  0.2389929062116273       4   0 1  0 0  0 1  1 1
   298  0.4538643544899233E-05   4   0 0  1 0  0 1  1 1
   299  0.1002582244347158E-04   4   0 0  0 1  0 1  1 1
   300  0.1071209322019033       4   1 0  0 0  0 0  2 1
   301  0.2330309525047931       4   0 1  0 0  0 0  2 1
   302  0.6435872310348278E-05   4   0 0  1 0  0 0  2 1
   303  0.1050625052486716E-04   4   0 0  0 1  0 0  2 1
   304  -.9113461637068153E-02   4   1 0  0 0  0 1  0 2
   305  -.1099534713783689E-01   4   0 1  0 0  0 1  0 2
   306  0.6980009000050591E-08   4   0 0  1 0  0 1  0 2
   307  -.1484224060336006E-06   4   0 0  0 1  0 1  0 2
   308  -.9101197169899591E-02   4   1 0  0 0  0 0  1 2
   309  -.1098055011785163E-01   4   0 1  0 0  0 0  1 2
   310  0.6970615632894788E-08   4   0 0  1 0  0 0  1 2
   311  -.1482226661544687E-06   4   0 0  0 1  0 0  1 2
   312  0.8453465280508054E-04   4   1 0  0 0  0 0  0 3
   313  0.6334982612195083E-04   4   0 1  0 0  0 0  0 3
   314  0.5807296003500462E-08   4   0 0  1 0  0 0  0 3
   315  0.4376834902401175E-08   4   0 0  0 1  0 0  0 3
   316  -.2957179786798205E-04   4   0 0  0 0  0 4  0 0
   317  -.1943476409806642E-04   4   0 0  0 0  0 3  1 0
   318  -.1809055017599975E-04   4   0 0  0 0  0 2  2 0
   319  -.1946373225169519E-04   4   0 0  0 0  0 1  3 0
   320  -.2947918061875471E-04   4   0 0  0 0  0 0  4 0
   321  0.4067711554063662E-05   4   0 0  0 0  0 3  0 1
   322  0.4829392593769686E-05   4   0 0  0 0  0 2  1 1
   323  0.4827843991851718E-05   4   0 0  0 0  0 1  2 1
   324  0.4056255145925406E-05   4   0 0  0 0  0 0  3 1
   325  -.2421531091080913E-07   4   0 0  0 0  0 2  0 2
   326  -.3389460671098970E-07   4   0 0  0 0  0 1  1 2
   327  -.2415991620446508E-07   4   0 0  0 0  0 0  2 2
   328  -.7904802523195523E-09   4   0 0  0 0  0 1  0 3
   329  -.7894164612500239E-09   4   0 0  0 0  0 0  1 3
   330  -.3006495690758799E-15   4   0 0  0 0  0 0  0 4
   ----------------------------------------------------
     I  COEFFICIENT            ORDER EXPONENTS
     1  0.3292308135773352E-04   0   0 0  0 0  0 0  0 0
     2   2.088516868004942       1   1 0  0 0  0 0  0 0
     3   2.917649195720904       1   0 1  0 0  0 0  0 0
     4  0.5975004143621958E-04   1   0 0  1 0  0 0  0 0
     5  0.5489710041659277E-04   1   0 0  0 1  0 0  0 0
     6  0.9925686448935594E-06   1   0 0  0 0  0 1  0 0
     7  0.9912328927893138E-06   1   0 0  0 0  0 0  1 0
     8  0.3093927982693161E-04   1   0 0  0 0  0 0  0 1
     9  -.5280106445608085       2   2 0  0 0  0 0  0 0
    10  -.9688642114760597       2   1 1  0 0  0 0  0 0
    11  -.4469308976018135       2   0 2  0 0  0 0  0 0
    12  0.1959421711315252E-02   2   1 0  1 0  0 0  0 0
    13  0.1401090627571236E-02   2   0 1  1 0  0 0  0 0
    14  0.3782508526447838       2   0 0  2 0  0 0  0 0
    15  0.1713508786374369E-02   2   1 0  0 1  0 0  0 0
    16  0.1244364164980440E-02   2   0 1  0 1  0 0  0 0
    17  0.6946373523403730       2   0 0  1 1  0 0  0 0
    18  0.3218979506407540       2   0 0  0 2  0 0  0 0
    19  -.9426464955287978E-01   2   1 0  0 0  0 1  0 0
    20  -1.039323641976250       2   0 1  0 0  0 1  0 0
    21  -.2779357847216105E-05   2   0 0  1 0  0 1  0 0
    22  -.3017490335049453E-04   2   0 0  0 1  0 1  0 0
    23  -.9413779263005143E-01   2   1 0  0 0  0 0  1 0
    24  -1.037924969200506       2   0 1  0 0  0 0  1 0
    25  -.2775617518411943E-05   2   0 0  1 0  0 0  1 0
    26  -.3013429538765939E-04   2   0 0  0 1  0 0  1 0
    27   2.276919310309885       2   1 0  0 0  0 0  0 1
    28   2.077248611301833       2   0 1  0 0  0 0  0 1
    29  0.6530489579966316E-04   2   0 0  1 0  0 0  0 1
    30  0.6030908052311103E-04   2   0 0  0 1  0 0  0 1
    31  -.7768095744229593E-06   2   0 0  0 0  0 2  0 0
    32  -.5616264291653695E-06   2   0 0  0 0  0 1  1 0
    33  -.7753862755164247E-06   2   0 0  0 0  0 0  2 0
    34  0.2115242943301220E-05   2   0 0  0 0  0 1  0 1
    35  0.2112396349036095E-05   2   0 0  0 0  0 0  1 1
    36  -.2113818948582784E-05   2   0 0  0 0  0 0  0 2
    37  -6.147684007580707       3   3 0  0 0  0 0  0 0
    38  -17.99588432596419       3   2 1  0 0  0 0  0 0
    39  -18.51241369253773       3   1 2  0 0  0 0  0 0
    40  -5.632420560935053       3   0 3  0 0  0 0  0 0
    41  -.4307188310628546E-01   3   2 0  1 0  0 0  0 0
    42  -.7865431293807137E-01   3   1 1  1 0  0 0  0 0
    43  -.3610533350940863E-01   3   0 2  1 0  0 0  0 0
    44  -9.822452970783356       3   1 0  2 0  0 0  0 0
    45  -7.916907363369462       3   0 1  2 0  0 0  0 0
    46  0.1007835748781947E-01   3   0 0  3 0  0 0  0 0
    47  -.4056719926858278E-01   3   2 0  0 1  0 0  0 0
    48  -.7473687042549944E-01   3   1 1  0 1  0 0  0 0
    49  -.3457708037542608E-01   3   0 2  0 1  0 0  0 0
    50  -20.54412715073601       3   1 0  1 1  0 0  0 0
    51  -17.26583062089903       3   0 1  1 1  0 0  0 0
    52  0.2765617649535315E-01   3   0 0  2 1  0 0  0 0
    53  -9.327356009921347       3   1 0  0 2  0 0  0 0
    54  -7.064854372645431       3   0 1  0 2  0 0  0 0
    55  0.2554195375380742E-01   3   0 0  1 2  0 0  0 0
    56  0.7967958049841068E-02   3   0 0  0 3  0 0  0 0
    57  0.6645338737846151E-01   3   2 0  0 0  0 1  0 0
    58  0.6033779593780982       3   1 1  0 0  0 1  0 0
    59  0.5001393347683398       3   0 2  0 0  0 1  0 0
    60  -.8697531502016944E-03   3   1 0  1 0  0 1  0 0
    61  -.1394919065397184E-02   3   0 1  1 0  0 1  0 0
    62  0.1184131884844837E-01   3   0 0  2 0  0 1  0 0
    63  -.1752265096598030E-02   3   1 0  0 1  0 1  0 0
    64  -.1989778262687788E-02   3   0 1  0 1  0 1  0 0
    65  -.3231608325433274       3   0 0  1 1  0 1  0 0
    66  -.3099620976802968       3   0 0  0 2  0 1  0 0
    67  0.6636395754156765E-01   3   2 0  0 0  0 0  1 0
    68  0.6025659617565867       3   1 1  0 0  0 0  1 0
    69  0.4994662708223597       3   0 2  0 0  0 0  1 0
    70  -.8685826774022015E-03   3   1 0  1 0  0 0  1 0
    71  -.1393041849059231E-02   3   0 1  1 0  0 0  1 0
    72  0.1182538335960420E-01   3   0 0  2 0  0 0  1 0
    73  -.1749906980812426E-02   3   1 0  0 1  0 0  1 0
    74  -.1987100512876865E-02   3   0 1  0 1  0 0  1 0
    75  -.3227259379249330       3   0 0  1 1  0 0  1 0
    76  -.3095449652972463       3   0 0  0 2  0 0  1 0
    77  -.6608298380454215       3   2 0  0 0  0 0  0 1
    78  -1.205947015920444       3   1 1  0 0  0 0  0 1
    79  -.5526759971507710       3   0 2  0 0  0 0  0 1
    80  0.3694871977424500E-02   3   1 0  1 0  0 0  0 1
    81  0.2784990420232313E-02   3   0 1  1 0  0 0  0 1
    82  0.3545854099908303       3   0 0  2 0  0 0  0 1
    83  0.3499046573158879E-02   3   1 0  0 1  0 0  0 1
    84  0.2729264271311399E-02   3   0 1  0 1  0 0  0 1
    85  0.6458888863283461       3   0 0  1 1  0 0  0 1
    86  0.2976099912421415       3   0 0  0 2  0 0  0 1
    87  0.7212710818947551E-01   3   1 0  0 0  0 2  0 0
    88  0.8204485810673072       3   0 1  0 0  0 2  0 0
    89  0.1936686303547114E-05   3   0 0  1 0  0 2  0 0
    90  0.2383452241257821E-04   3   0 0  0 1  0 2  0 0
    91  0.5004873741516645E-01   3   1 0  0 0  0 1  1 0
    92  0.6021605551739793       3   0 1  0 0  0 1  1 0
    93  0.1102076552696988E-05   3   0 0  1 0  0 1  1 0
    94  0.1751658466628051E-04   3   0 0  0 1  0 1  1 0
    95  0.7199636631046093E-01   3   1 0  0 0  0 0  2 0
    96  0.8189392803851582       3   0 1  0 0  0 0  2 0
    97  0.1933338441051568E-05   3   0 0  1 0  0 0  2 0
    98  0.2379066053853913E-04   3   0 0  0 1  0 0  2 0
    99  -.1943024979205807       3   1 0  0 0  0 1  0 1
   100  -1.203733707767170       3   0 1  0 0  0 1  0 1
   101  -.5045557687904527E-05   3   0 0  1 0  0 1  0 1
   102  -.3505504952264597E-04   3   0 0  0 1  0 1  0 1
   103  -.1940410147760379       3   1 0  0 0  0 0  1 1
   104  -1.202113779673260       3   0 1  0 0  0 0  1 1
   105  -.5038767614157027E-05   3   0 0  1 0  0 0  1 1
   106  -.3500787408908560E-04   3   0 0  0 1  0 0  1 1
   107  0.1941714970032855       3   1 0  0 0  0 0  0 2
   108  0.1642992284381101       3   0 1  0 0  0 0  0 2
   109  0.5078757917575697E-05   3   0 0  1 0  0 0  0 2
   110  0.4919730272127300E-05   3   0 0  0 1  0 0  0 2
   111  0.6686427533002717E-06   3   0 0  0 0  0 3  0 0
   112  0.4535554091981067E-06   3   0 0  0 0  0 2  1 0
   113  0.4539877743952799E-06   3   0 0  0 0  0 1  2 0
   114  0.6669882362165802E-06   3   0 0  0 0  0 0  3 0
   115  -.1685051332178244E-05   3   0 0  0 0  0 2  0 1
   116  -.1256455992782163E-05   3   0 0  0 0  0 1  1 1
   117  -.1681938229878765E-05   3   0 0  0 0  0 0  2 1
   118  0.1256760333736718E-05   3   0 0  0 0  0 1  0 2
   119  0.1255069044908619E-05   3   0 0  0 0  0 0  1 2
   120  -.1327826045006115E-06   3   0 0  0 0  0 0  0 3
   121  -53.40495632568229       4   4 0  0 0  0 0  0 0
   122  -197.8994979711989       4   3 1  0 0  0 0  0 0
   123  -276.2156344409346       4   2 2  0 0  0 0  0 0
   124  -172.5476497853545       4   1 3  0 0  0 0  0 0
   125  -40.80003373257557       4   0 4  0 0  0 0  0 0
   126  -.2857220263840852E-01   4   3 0  1 0  0 0  0 0
   127  -.7672065847475314E-01   4   2 1  1 0  0 0  0 0
   128  -.6907398689300435E-01   4   1 2  1 0  0 0  0 0
   129  -.2009350308493998E-01   4   0 3  1 0  0 0  0 0
   130   240.7454412569844       4   2 0  2 0  0 0  0 0
   131   436.3063498553990       4   1 1  2 0  0 0  0 0
   132   198.8080858152965       4   0 2  2 0  0 0  0 0
   133  0.2357559281332549E-01   4   1 0  3 0  0 0  0 0
   134  0.2257133068081027E-01   4   0 1  3 0  0 0  0 0
   135  -29.61534689831686       4   0 0  4 0  0 0  0 0
   136  -.2677599373972025E-01   4   3 0  0 1  0 0  0 0
   137  -.7267453795773021E-01   4   2 1  0 1  0 0  0 0
   138  -.6527404486148200E-01   4   1 2  0 1  0 0  0 0
   139  -.1887042906639925E-01   4   0 3  0 1  0 0  0 0
   140   449.9652717840067       4   2 0  1 1  0 0  0 0
   141   821.3837219924110       4   1 1  1 1  0 0  0 0
   142   377.2795466460275       4   0 2  1 1  0 0  0 0
   143  0.6771263786539986E-01   4   1 0  2 1  0 0  0 0
   144  0.6504648642879560E-01   4   0 1  2 1  0 0  0 0
   145  -107.5274589096506       4   0 0  3 1  0 0  0 0
   146   211.6453384869039       4   2 0  0 2  0 0  0 0
   147   388.6221163370448       4   1 1  0 2  0 0  0 0
   148   179.6797994412187       4   0 2  0 2  0 0  0 0
   149  0.6492007595406281E-01   4   1 0  1 2  0 0  0 0
   150  0.6308709588826064E-01   4   0 1  1 2  0 0  0 0
   151  -147.7501186362180       4   0 0  2 2  0 0  0 0
   152  0.2165499811401224E-01   4   1 0  0 3  0 0  0 0
   153  0.2121770097001621E-01   4   0 1  0 3  0 0  0 0
   154  -90.73386433128169       4   0 0  1 3  0 0  0 0
   155  -20.93548031143042       4   0 0  0 4  0 0  0 0
   156   4.390633236147969       4   3 0  0 0  0 1  0 0
   157   21.65302658145298       4   2 1  0 0  0 1  0 0
   158   30.67692530176976       4   1 2  0 0  0 1  0 0
   159   12.30666947780349       4   0 3  0 0  0 1  0 0
   160  -.4024931238633378E-02   4   2 0  1 0  0 1  0 0
   161  0.2670428306620583E-01   4   1 1  1 0  0 1  0 0
   162  0.2770308533058822E-01   4   0 2  1 0  0 1  0 0
   163   3.879994110577287       4   1 0  2 0  0 1  0 0
   164   6.859424785118829       4   0 1  2 0  0 1  0 0
   165  0.8928159707927201E-03   4   0 0  3 0  0 1  0 0
   166  0.1322985464515998E-01   4   2 0  0 1  0 1  0 0
   167  0.5632097701312271E-01   4   1 1  0 1  0 1  0 0
   168  0.4066162274476802E-01   4   0 2  0 1  0 1  0 0
   169   18.92313473314853       4   1 0  1 1  0 1  0 0
   170   24.19147688376345       4   0 1  1 1  0 1  0 0
   171  -.9390606531444535E-02   4   0 0  2 1  0 1  0 0
   172   13.84407415474810       4   1 0  0 2  0 1  0 0
   173   14.32980580665248       4   0 1  0 2  0 1  0 0
   174  -.1940477787047148E-01   4   0 0  1 2  0 1  0 0
   175  -.9357208555592455E-02   4   0 0  0 3  0 1  0 0
   176   4.384724528862063       4   3 0  0 0  0 0  1 0
   177   21.62388695875120       4   2 1  0 0  0 0  1 0
   178   30.63564174145180       4   1 2  0 0  0 0  1 0
   179   12.29010774201341       4   0 3  0 0  0 0  1 0
   180  -.4019514675860859E-02   4   2 0  1 0  0 0  1 0
   181  0.2666834570058459E-01   4   1 1  1 0  0 0  1 0
   182  0.2766580382395148E-01   4   0 2  1 0  0 0  1 0
   183   3.874772597361060       4   1 0  2 0  0 0  1 0
   184   6.850193694516502       4   0 1  2 0  0 0  1 0
   185  0.8916144611361862E-03   4   0 0  3 0  0 0  1 0
   186  0.1321205053027998E-01   4   2 0  0 1  0 0  1 0
   187  0.5624518289657408E-01   4   1 1  0 1  0 0  1 0
   188  0.4060690224919400E-01   4   0 2  0 1  0 0  1 0
   189   18.89766887024112       4   1 0  1 1  0 0  1 0
   190   24.15892113427809       4   0 1  1 1  0 0  1 0
   191  -.9377969095738483E-02   4   0 0  2 1  0 0  1 0
   192   13.82544345219928       4   1 0  0 2  0 0  1 0
   193   14.31052142933824       4   0 1  0 2  0 0  1 0
   194  -.1937866383492890E-01   4   0 0  1 2  0 0  1 0
   195  -.9344616065308299E-02   4   0 0  0 3  0 0  1 0
   196  -14.92902429009845       4   3 0  0 0  0 0  0 1
   197  -43.29595910012260       4   2 1  0 0  0 0  0 1
   198  -42.82050568680809       4   1 2  0 0  0 0  0 1
   199  -13.33922838464958       4   0 3  0 0  0 0  0 1
   200  0.6006202738203852E-03   4   2 0  1 0  0 0  0 1
   201  0.1219242329663276E-02   4   1 1  1 0  0 0  0 1
   202  0.6220603046980324E-03   4   0 2  1 0  0 0  0 1
   203  -17.56373399883633       4   1 0  2 0  0 0  0 1
   204  -13.69598686902124       4   0 1  2 0  0 0  0 1
   205  -.4722399189043882E-03   4   0 0  3 0  0 0  0 1
   206  0.6498111247198882E-03   4   2 0  0 1  0 0  0 1
   207  0.1165366110712591E-02   4   1 1  0 1  0 0  0 1
   208  0.5646730184109817E-03   4   0 2  0 1  0 0  0 1
   209  -37.79194545969445       4   1 0  1 1  0 0  0 1
   210  -31.05495840472638       4   0 1  1 1  0 0  0 1
   211  -.1433931495885531E-02   4   0 0  2 1  0 0  0 1
   212  -18.32656788125450       4   1 0  0 2  0 0  0 1
   213  -14.49444144967866       4   0 1  0 2  0 0  0 1
   214  -.1426003053527443E-02   4   0 0  1 2  0 0  0 1
   215  -.4318892054744107E-03   4   0 0  0 3  0 0  0 1
   216  -.5192691393898528E-01   4   2 0  0 0  0 2  0 0
   217  -.5142015335797391       4   1 1  0 0  0 2  0 0
   218  -.5404126837110600       4   0 2  0 0  0 2  0 0
   219  -.3718394188353373E-03   4   1 0  1 0  0 2  0 0
   220  0.4483447605929253E-03   4   0 1  1 0  0 2  0 0
   221  -.7709902691199266E-02   4   0 0  2 0  0 2  0 0
   222  0.7502765565610191E-03   4   1 0  0 1  0 2  0 0
   223  0.1615100003370723E-02   4   0 1  0 1  0 2  0 0
   224  0.2325204416220741       4   0 0  1 1  0 2  0 0
   225  0.3019333913653007       4   0 0  0 2  0 2  0 0
   226  -.3845034340442472E-01   4   2 0  0 0  0 1  1 0
   227  -.4280516422480617       4   1 1  0 0  0 1  1 0
   228  -.5821711020494429       4   0 2  0 0  0 1  1 0
   229  -.4478222110386427E-03   4   1 0  1 0  0 1  1 0
   230  0.5376525188468918E-03   4   0 1  1 0  0 1  1 0
   231  -.3416253863411442E-02   4   0 0  2 0  0 1  1 0
   232  0.8574358166143031E-03   4   1 0  0 1  0 1  1 0
   233  0.2224902496640984E-02   4   0 1  0 1  0 1  1 0
   234  0.1421433222215702       4   0 0  1 1  0 1  1 0
   235  0.2939054497491491       4   0 0  0 2  0 1  1 0
   236  -.5183116081541161E-01   4   2 0  0 0  0 0  2 0
   237  -.5132215195259476       4   1 1  0 0  0 0  2 0
   238  -.5392936925739086       4   0 2  0 0  0 0  2 0
   239  -.3710376858564117E-03   4   1 0  1 0  0 0  2 0
   240  0.4473796256332864E-03   4   0 1  1 0  0 0  2 0
   241  -.7697228350788946E-02   4   0 0  2 0  0 0  2 0
   242  0.7486899213742838E-03   4   1 0  0 1  0 0  2 0
   243  0.1611429393441317E-02   4   0 1  0 1  0 0  2 0
   244  0.2321118816780166       4   0 0  1 1  0 0  2 0
   245  0.3013293015853353       4   0 0  0 2  0 0  2 0
   246  0.1436862144489887       4   2 0  0 0  0 1  0 1
   247  0.8578450932664843       4   1 1  0 0  0 1  0 1
   248  0.6657342948705839       4   0 2  0 0  0 1  0 1
   249  0.5980419390233031E-03   4   1 0  1 0  0 1  0 1
   250  -.7474448568623488E-03   4   0 1  1 0  0 1  0 1
   251  0.1877112517263996E-01   4   0 0  2 0  0 1  0 1
   252  -.1075409976957854E-02   4   1 0  0 1  0 1  0 1
   253  -.2005375196182158E-02   4   0 1  0 1  0 1  0 1
   254  -.2834760052153041       4   0 0  1 1  0 1  0 1
   255  -.2776141827496030       4   0 0  0 2  0 1  0 1
   256  0.1434928483132819       4   2 0  0 0  0 0  1 1
   257  0.8566906457688083       4   1 1  0 0  0 0  1 1
   258  0.6648383810315176       4   0 2  0 0  0 0  1 1
   259  0.5972371223665060E-03   4   1 0  1 0  0 0  1 1
   260  -.7464389807998388E-03   4   0 1  1 0  0 0  1 1
   261  0.1874586387703538E-01   4   0 0  2 0  0 0  1 1
   262  -.1073962740893180E-02   4   1 0  0 1  0 0  1 1
   263  -.2002676456753196E-02   4   0 1  0 1  0 0  1 1
   264  -.2830945165672461       4   0 0  1 1  0 0  1 1
   265  -.2772405826659619       4   0 0  0 2  0 0  1 1
   266  -.1449714260054564       4   2 0  0 0  0 0  0 2
   267  -.2579329074271650       4   1 1  0 0  0 0  0 2
   268  -.1146736775040144       4   0 2  0 0  0 0  0 2
   269  -.5469855419997747E-05   4   1 0  1 0  0 0  0 2
   270  -.2815360453279465E-04   4   0 1  1 0  0 0  0 2
   271  -.1869312894874591E-01   4   0 0  2 0  0 0  0 2
   272  -.5059293429557434E-05   4   1 0  0 1  0 0  0 2
   273  -.2309374428605295E-04   4   0 1  0 1  0 0  0 2
   274  -.3993330523239399E-01   4   0 0  1 1  0 0  0 2
   275  -.2038440900119825E-01   4   0 0  0 2  0 0  0 2
   276  -.6109509526900159E-01   4   1 0  0 0  0 3  0 0
   277  -.7117031333413537       4   0 1  0 0  0 3  0 0
   278  -.3297668437863450E-05   4   0 0  1 0  0 3  0 0
   279  -.2549335674054174E-04   4   0 0  0 1  0 3  0 0
   280  -.3900572898809349E-01   4   1 0  0 0  0 2  1 0
   281  -.4943128240806094       4   0 1  0 0  0 2  1 0
   282  -.1665364443753524E-05   4   0 0  1 0  0 2  1 0
   283  -.1742122433847563E-04   4   0 0  0 1  0 2  1 0
   284  -.3905015326077062E-01   4   1 0  0 0  0 1  2 0
   285  -.4947497211342560       4   0 1  0 0  0 1  2 0
   286  -.1668650502067044E-05   4   0 0  1 0  0 1  2 0
   287  -.1743744972687017E-04   4   0 0  0 1  0 1  2 0
   288  -.6094555627838209E-01   4   1 0  0 0  0 0  3 0
   289  -.7099343055670495       4   0 1  0 0  0 0  3 0
   290  -.3289892595266032E-05   4   0 0  1 0  0 0  3 0
   291  -.2543018857856737E-04   4   0 0  0 1  0 0  3 0
   292  0.1501209307825075       4   1 0  0 0  0 2  0 1
   293  0.9884700416470998       4   0 1  0 0  0 2  0 1
   294  0.4060155836323535E-05   4   0 0  1 0  0 2  0 1
   295  0.3197615095052319E-04   4   0 0  0 1  0 2  0 1
   296  0.1060287225813702       4   1 0  0 0  0 1  1 1
   297  0.7737541426623967       4   0 1  0 0  0 1  1 1
   298  0.2305561236921892E-05   4   0 0  1 0  0 1  1 1
   299  0.2428698366318761E-04   4   0 0  0 1  0 1  1 1
   300  0.1498475608798734       4   1 0  0 0  0 0  2 1
   301  0.9866191643203219       4   0 1  0 0  0 0  2 1
   302  0.4053140512119991E-05   4   0 0  1 0  0 0  2 1
   303  0.3191677681455388E-04   4   0 0  0 1  0 0  2 1
   304  -.1059509436903747       4   1 0  0 0  0 1  0 2
   305  -.1715762859496474       4   0 1  0 0  0 1  0 2
   306  -.4561527960478255E-06   4   0 0  1 0  0 1  0 2
   307  -.2360118427004244E-05   4   0 0  0 1  0 1  0 2
   308  -.1058083599036506       4   1 0  0 0  0 0  1 2
   309  -.1713453866701261       4   0 1  0 0  0 0  1 2
   310  -.4555389271126126E-06   4   0 0  1 0  0 0  1 2
   311  -.2356942290853683E-05   4   0 0  0 1  0 0  1 2
   312  0.5858819314465907E-02   4   1 0  0 0  0 0  0 3
   313  0.4771038530269447E-02   4   0 1  0 0  0 0  0 3
   314  0.3810454647269609E-06   4   0 0  1 0  0 0  0 3
   315  0.3121538291719305E-06   4   0 0  0 1  0 0  0 3
   316  -.2650486780132866E-04   4   0 0  0 0  0 4  0 0
   317  -.1657873237008943E-04   4   0 0  0 0  0 3  1 0
   318  -.1526301034856210E-04   4   0 0  0 0  0 2  2 0
   319  -.1660710824151327E-04   4   0 0  0 0  0 1  3 0
   320  -.2642242032023545E-04   4   0 0  0 0  0 0  4 0
   321  0.3211115017192256E-04   4   0 0  0 0  0 3  0 1
   322  0.2196007672945138E-04   4   0 0  0 0  0 2  1 1
   323  0.2198048075141864E-04   4   0 0  0 0  0 1  2 1
   324  0.3203157316946802E-04   4   0 0  0 0  0 0  3 1
   325  -.2101956942639451E-05   4   0 0  0 0  0 2  0 2
   326  -.2540267485396473E-05   4   0 0  0 0  0 1  1 2
   327  -.2097418941916253E-05   4   0 0  0 0  0 0  2 2
   328  0.1564998657647273E-07   4   0 0  0 0  0 1  0 3
   329  0.1562892556209640E-07   4   0 0  0 0  0 0  1 3
   330  0.5116780390068146E-13   4   0 0  0 0  0 0  0 4
   ----------------------------------------------------
     I  COEFFICIENT            ORDER EXPONENTS
     1  -.1164732058125313E-04   0   0 0  0 0  0 0  0 0
     2  0.7500674355393788E-05   1   1 0  0 0  0 0  0 0
     3  0.6392587311221415E-05   1   0 1  0 0  0 0  0 0
     4  0.7704102690087166       1   0 0  1 0  0 0  0 0
     5  0.8506538026175776       1   0 0  0 1  0 0  0 0
     6  -.9131769487402121E-05   1   0 0  0 0  0 1  0 0
     7  -.9119480382391366E-05   1   0 0  0 0  0 0  1 0
     8  0.1825124986998672E-04   1   0 0  0 0  0 0  0 1
     9  0.1656697060585112E-03   2   2 0  0 0  0 0  0 0
    10  0.2967367933139426E-03   2   1 1  0 0  0 0  0 0
    11  0.1513636511477504E-03   2   0 2  0 0  0 0  0 0
    12  0.9911751649782695E-01   2   1 0  1 0  0 0  0 0
    13  0.8658049743355202E-01   2   0 1  1 0  0 0  0 0
    14  -.1429018666199567E-03   2   0 0  2 0  0 0  0 0
    15  0.8750938877418182E-01   2   1 0  0 1  0 0  0 0
    16  0.7680701974963658E-01   2   0 1  0 1  0 0  0 0
    17  -.1658699191123488E-03   2   0 0  1 1  0 0  0 0
    18  -.1101041098706282E-04   2   0 0  0 2  0 0  0 0
    19  -.3848778769972985E-05   2   1 0  0 0  0 1  0 0
    20  -.6489171266103827E-05   2   0 1  0 0  0 1  0 0
    21  0.1105949149352538       2   0 0  1 0  0 1  0 0
    22  -.3293909517389165       2   0 0  0 1  0 1  0 0
    23  -.3843599264891020E-05   2   1 0  0 0  0 0  1 0
    24  -.6480438445237950E-05   2   0 1  0 0  0 0  1 0
    25  0.1104460815108919       2   0 0  1 0  0 0  1 0
    26  -.3289476729197240       2   0 0  0 1  0 0  1 0
    27  0.7692372862732298E-05   2   1 0  0 0  0 0  0 1
    28  0.6577017236378296E-05   2   0 1  0 0  0 0  0 1
    29  -.2210409964547766       2   0 0  1 0  0 0  0 1
    30  -.1923151779671043       2   0 0  0 1  0 0  0 1
    31  0.6687414081135448E-05   2   0 0  0 0  0 2  0 0
    32  0.4249622522421923E-05   2   0 0  0 0  0 1  1 0
    33  0.6675555003524406E-05   2   0 0  0 0  0 0  2 0
    34  -.8492683251719031E-05   2   0 0  0 0  0 1  0 1
    35  -.8481254198845144E-05   2   0 0  0 0  0 0  1 1
    36  -.6386518755320532E-06   2   0 0  0 0  0 0  0 2
    37  -.1642300087943898E-02   3   3 0  0 0  0 0  0 0
    38  -.4289740029957473E-02   3   2 1  0 0  0 0  0 0
    39  -.3743463951444573E-02   3   1 2  0 0  0 0  0 0
    40  -.1087900590154422E-02   3   0 3  0 0  0 0  0 0
    41  -.6383347234435834       3   2 0  1 0  0 0  0 0
    42  -1.361334363157430       3   1 1  1 0  0 0  0 0
    43  -.9114634124417995       3   0 2  1 0  0 0  0 0
    44  0.4109596569570414E-02   3   1 0  2 0  0 0  0 0
    45  0.3590777881187609E-02   3   0 1  2 0  0 0  0 0
    46  0.1164060744099640       3   0 0  3 0  0 0  0 0
    47  -1.522410089769586       3   2 0  0 1  0 0  0 0
    48  -2.767595531492064       3   1 1  0 1  0 0  0 0
    49  -1.023378075595682       3   0 2  0 1  0 0  0 0
    50  0.7241280581389235E-02   3   1 0  1 1  0 0  0 0
    51  0.6360937254488141E-02   3   0 1  1 1  0 0  0 0
    52  -.5845889145658167E-01   3   0 0  2 1  0 0  0 0
    53  0.3219425393250839E-02   3   1 0  0 2  0 0  0 0
    54  0.2846124236607111E-02   3   0 1  0 2  0 0  0 0
    55  -.6577291198644679       3   0 0  1 2  0 0  0 0
    56  -.3530772837907024E-01   3   0 0  0 3  0 0  0 0
    57  -.1139693308270138E-03   3   2 0  0 0  0 1  0 0
    58  -.3620236679663387E-03   3   1 1  0 0  0 1  0 0
    59  -.2591780475401684E-03   3   0 2  0 0  0 1  0 0
    60  -.4774884059309270E-01   3   1 0  1 0  0 1  0 0
    61  -.8487927025649822E-01   3   0 1  1 0  0 1  0 0
    62  0.5418912902431555E-04   3   0 0  2 0  0 1  0 0
    63  -.8628886879925590E-01   3   1 0  0 1  0 1  0 0
    64  -.1140335364987668       3   0 1  0 1  0 1  0 0
    65  0.1801578012634851E-03   3   0 0  1 1  0 1  0 0
    66  0.4402588946787244E-04   3   0 0  0 2  0 1  0 0
    67  -.1138159562727761E-03   3   2 0  0 0  0 0  1 0
    68  -.3615364735755750E-03   3   1 1  0 0  0 0  1 0
    69  -.2588292579384270E-03   3   0 2  0 0  0 0  1 0
    70  -.4768458245374749E-01   3   1 0  1 0  0 0  1 0
    71  -.8476504373480855E-01   3   0 1  1 0  0 0  1 0
    72  0.5411620384831974E-04   3   0 0  2 0  0 0  1 0
    73  -.8617274530627937E-01   3   1 0  0 1  0 0  1 0
    74  -.1138800755395612       3   0 1  0 1  0 0  1 0
    75  0.1799153533850874E-03   3   0 0  1 1  0 0  1 0
    76  0.4396664150069464E-04   3   0 0  0 2  0 0  1 0
    77  0.2276044767859099E-03   3   2 0  0 0  0 0  0 1
    78  0.4264586201021282E-03   3   1 1  0 0  0 0  0 1
    79  0.2150951674826438E-03   3   0 2  0 0  0 0  0 1
    80  0.9543342213081597E-01   3   1 0  1 0  0 0  0 1
    81  0.8306380201706276E-01   3   0 1  1 0  0 0  0 1
    82  -.1081966823485445E-03   3   0 0  2 0  0 0  0 1
    83  0.8495220647307239E-01   3   1 0  0 1  0 0  0 1
    84  0.7429954409891265E-01   3   0 1  0 1  0 0  0 1
    85  -.1939907128248822E-03   3   0 0  1 1  0 0  0 1
    86  -.6586886409783667E-04   3   0 0  0 2  0 0  0 1
    87  0.2935675537225273E-05   3   1 0  0 0  0 2  0 0
    88  0.6553557665765798E-05   3   0 1  0 0  0 2  0 0
    89  -.8080952364806496E-01   3   0 0  1 0  0 2  0 0
    90  0.2005643280424233       3   0 0  0 1  0 2  0 0
    91  0.2034080132640466E-05   3   1 0  0 0  0 1  1 0
    92  0.6631216341291462E-05   3   0 1  0 0  0 1  1 0
    93  -.5110415045284306E-01   3   0 0  1 0  0 1  1 0
    94  0.7208381815260095E-01   3   0 0  0 1  0 1  1 0
    95  0.2930356158850987E-05   3   1 0  0 0  0 0  2 0
    96  0.6540276207461988E-05   3   0 1  0 0  0 0  2 0
    97  -.8066638722094818E-01   3   0 0  1 0  0 0  2 0
    98  0.2002459145193746       3   0 0  0 1  0 0  2 0
    99  -.4083076706422670E-05   3   1 0  0 0  0 1  0 1
   100  -.6789781790270749E-05   3   0 1  0 0  0 1  0 1
   101  0.1021284376572312       3   0 0  1 0  0 1  0 1
   102  0.1855694896026099       3   0 0  0 1  0 1  0 1
   103  -.4077581894219887E-05   3   1 0  0 0  0 0  1 1
   104  -.6780644421928723E-05   3   0 1  0 0  0 0  1 1
   105  0.1019909980189785       3   0 0  1 0  0 0  1 1
   106  0.1853197589290896       3   0 0  0 1  0 0  1 1
   107  0.2499951135722450E-06   3   1 0  0 0  0 0  0 2
   108  0.2433118728467685E-06   3   0 1  0 0  0 0  0 2
   109  0.8460738353786723E-02   3   0 0  1 0  0 0  0 2
   110  0.6870503426108289E-02   3   0 0  0 1  0 0  0 2
   111  -.5467005526027058E-05   3   0 0  0 0  0 3  0 0
   112  -.3027500760708553E-05   3   0 0  0 0  0 2  1 0
   113  -.3032410364986465E-05   3   0 0  0 0  0 1  2 0
   114  -.5453935282667916E-05   3   0 0  0 0  0 0  3 0
   115  0.6053035568012362E-05   3   0 0  0 0  0 2  0 1
   116  0.3619826764293790E-05   3   0 0  0 0  0 1  1 1
   117  0.6042453981883192E-05   3   0 0  0 0  0 0  2 1
   118  0.6299858460950317E-06   3   0 0  0 0  0 1  0 2
   119  0.6291380408335609E-06   3   0 0  0 0  0 0  1 2
   120  0.6072189725116888E-08   3   0 0  0 0  0 0  0 3
   121  -.8451825340019919E-03   4   4 0  0 0  0 0  0 0
   122  -.3017926567959166E-02   4   3 1  0 0  0 0  0 0
   123  -.4124289958743144E-02   4   2 2  0 0  0 0  0 0
   124  -.2413513819870902E-02   4   1 3  0 0  0 0  0 0
   125  -.4686610547871499E-03   4   0 4  0 0  0 0  0 0
   126   19.62011436631134       4   3 0  1 0  0 0  0 0
   127   52.10068801698328       4   2 1  1 0  0 0  0 0
   128   46.38417276042647       4   1 2  1 0  0 0  0 0
   129   13.88544180447943       4   0 3  1 0  0 0  0 0
   130  0.3056581016853467E-02   4   2 0  2 0  0 0  0 0
   131  0.4966442890296343E-02   4   1 1  2 0  0 0  0 0
   132  0.1910473185902641E-02   4   0 2  2 0  0 0  0 0
   133  -16.35243842651959       4   1 0  3 0  0 0  0 0
   134  -14.09012281455023       4   0 1  3 0  0 0  0 0
   135  -.1162714555645507E-02   4   0 0  4 0  0 0  0 0
   136   17.65428238582430       4   3 0  0 1  0 0  0 0
   137   47.08193943365639       4   2 1  0 1  0 0  0 0
   138   42.13969681553833       4   1 2  0 1  0 0  0 0
   139   12.69276015652478       4   0 3  0 1  0 0  0 0
   140  0.5491065439742567E-02   4   2 0  1 1  0 0  0 0
   141  0.9210255716448800E-02   4   1 1  1 1  0 0  0 0
   142  0.3449076564760099E-02   4   0 2  1 1  0 0  0 0
   143  -43.33260121239545       4   1 0  2 1  0 0  0 0
   144  -37.52364827387728       4   0 1  2 1  0 0  0 0
   145  -.3859946777592476E-02   4   0 0  3 1  0 0  0 0
   146  0.2342297228874182E-02   4   2 0  0 2  0 0  0 0
   147  0.4205954212996459E-02   4   1 1  0 2  0 0  0 0
   148  0.1694776239304654E-02   4   0 2  0 2  0 0  0 0
   149  -38.35733943346594       4   1 0  1 2  0 0  0 0
   150  -33.33184954493686       4   0 1  1 2  0 0  0 0
   151  -.4771196884115976E-02   4   0 0  2 2  0 0  0 0
   152  -11.29582943500767       4   1 0  0 3  0 0  0 0
   153  -9.835324804042406       4   0 1  0 3  0 0  0 0
   154  -.2825879499772636E-02   4   0 0  1 3  0 0  0 0
   155  -.6487605442719474E-03   4   0 0  0 4  0 0  0 0
   156  -.1775090121408904E-03   4   3 0  0 0  0 1  0 0
   157  0.1368562546574414E-02   4   2 1  0 0  0 1  0 0
   158  0.2750983758902855E-02   4   1 2  0 0  0 1  0 0
   159  0.1234952033699389E-02   4   0 3  0 0  0 1  0 0
   160  0.6699359091534424       4   2 0  1 0  0 1  0 0
   161   2.079606465968633       4   1 1  1 0  0 1  0 0
   162   1.713089534283667       4   0 2  1 0  0 1  0 0
   163  0.3057955219442884E-03   4   1 0  2 0  0 1  0 0
   164  -.1383819919958586E-02   4   0 1  2 0  0 1  0 0
   165  0.9097639180683069E-02   4   0 0  3 0  0 1  0 0
   166   1.846297083380026       4   2 0  0 1  0 1  0 0
   167   4.826965929412893       4   1 1  0 1  0 1  0 0
   168   2.638125413245517       4   0 2  0 1  0 1  0 0
   169  -.2670897420840860E-02   4   1 0  1 1  0 1  0 0
   170  -.5248210559283190E-02   4   0 1  1 1  0 1  0 0
   171  -.1568643910030653E-01   4   0 0  2 1  0 1  0 0
   172  -.2626540536464550E-02   4   1 0  0 2  0 1  0 0
   173  -.3616193624306788E-02   4   0 1  0 2  0 1  0 0
   174  0.6800034887805448       4   0 0  1 2  0 1  0 0
   175  0.1649167080534955       4   0 0  0 3  0 1  0 0
   176  -.1772701288780629E-03   4   3 0  0 0  0 0  1 0
   177  0.1366720799597348E-02   4   2 1  0 0  0 0  1 0
   178  0.2747281614609492E-02   4   1 2  0 0  0 0  1 0
   179  0.1233290093453707E-02   4   0 3  0 0  0 0  1 0
   180  0.6690343409798982       4   2 0  1 0  0 0  1 0
   181   2.076807829595203       4   1 1  1 0  0 0  1 0
   182   1.710784139123545       4   0 2  1 0  0 0  1 0
   183  0.3053839967425002E-03   4   1 0  2 0  0 0  1 0
   184  -.1381957640327479E-02   4   0 1  2 0  0 0  1 0
   185  0.9085396006630249E-02   4   0 0  3 0  0 0  1 0
   186   1.843812423778189       4   2 0  0 1  0 0  1 0
   187   4.820470026152123       4   1 1  0 1  0 0  1 0
   188   2.634575148394918       4   0 2  0 1  0 0  1 0
   189  -.2667303052966925E-02   4   1 0  1 1  0 0  1 0
   190  -.5241147764852102E-02   4   0 1  1 1  0 0  1 0
   191  -.1566532902984202E-01   4   0 0  2 1  0 0  1 0
   192  -.2623005861995142E-02   4   1 0  0 2  0 0  1 0
   193  -.3611327121352498E-02   4   0 1  0 2  0 0  1 0
   194  0.6790883721327988       4   0 0  1 2  0 0  1 0
   195  0.1646947709200527       4   0 0  0 3  0 0  1 0
   196  0.1151089254914366E-03   4   3 0  0 0  0 0  0 1
   197  0.4362013668572165E-03   4   2 1  0 0  0 0  0 1
   198  0.5166331873006510E-03   4   1 2  0 0  0 0  0 1
   199  0.1993027818972464E-03   4   0 3  0 0  0 0  0 1
   200  -1.337116107086405       4   2 0  1 0  0 0  0 1
   201  -2.791369793689547       4   1 1  1 0  0 0  0 1
   202  -1.599080913244023       4   0 2  1 0  0 0  0 1
   203  -.1111630276569389E-03   4   1 0  2 0  0 0  0 1
   204  -.9352383294295366E-04   4   0 1  2 0  0 0  0 1
   205  -.1855701586988447E-01   4   0 0  3 0  0 0  0 1
   206  -2.165859528180851       4   2 0  0 1  0 0  0 1
   207  -4.108539361452550       4   1 1  0 1  0 0  0 1
   208  -2.200691247743067       4   0 2  0 1  0 0  0 1
   209  -.2908513213004520E-03   4   1 0  1 1  0 0  0 1
   210  -.2464458107681140E-03   4   0 1  1 1  0 0  0 1
   211  0.8870356268199636E-01   4   0 0  2 1  0 0  0 1
   212  -.1460661432425355E-03   4   1 0  0 2  0 0  0 1
   213  -.1194274363152680E-03   4   0 1  0 2  0 0  0 1
   214  -.4471826538333732E-01   4   0 0  1 2  0 0  0 1
   215  -.2240390635348027       4   0 0  0 3  0 0  0 1
   216  -.8193981132332824E-04   4   2 0  0 0  0 2  0 0
   217  0.5041592252658152E-04   4   1 1  0 0  0 2  0 0
   218  0.1699505308309884E-03   4   0 2  0 0  0 2  0 0
   219  0.3502080241037355E-01   4   1 0  1 0  0 2  0 0
   220  0.8396630571603279E-01   4   0 1  1 0  0 2  0 0
   221  -.3355974939239371E-04   4   0 0  2 0  0 2  0 0
   222  0.8544570825294637E-01   4   1 0  0 1  0 2  0 0
   223  0.1415307430742292       4   0 1  0 1  0 2  0 0
   224  -.3061492630290870E-03   4   0 0  1 1  0 2  0 0
   225  -.1656649536058967E-03   4   0 0  0 2  0 2  0 0
   226  -.9939786394965265E-04   4   2 0  0 0  0 1  1 0
   227  0.7570931306691621E-04   4   1 1  0 0  0 1  1 0
   228  0.2462789592802291E-03   4   0 2  0 0  0 1  1 0
   229  0.2218107184584743E-01   4   1 0  1 0  0 1  1 0
   230  0.8270035005779924E-01   4   0 1  1 0  0 1  1 0
   231  0.1552244514666901E-05   4   0 0  2 0  0 1  1 0
   232  0.8450224247368461E-01   4   1 0  0 1  0 1  1 0
   233  0.1687746304172185       4   0 1  0 1  0 1  1 0
   234  -.2832468858744331E-03   4   0 0  1 1  0 1  1 0
   235  -.1849521925620793E-03   4   0 0  0 2  0 1  1 0
   236  -.8176265810651672E-04   4   2 0  0 0  0 0  2 0
   237  0.5029713214135788E-04   4   1 1  0 0  0 0  2 0
   238  0.1695561041077512E-03   4   0 2  0 0  0 0  2 0
   239  0.3495874794439689E-01   4   1 0  1 0  0 0  2 0
   240  0.8379766070220768E-01   4   0 1  1 0  0 0  2 0
   241  -.3351563073203410E-04   4   0 0  2 0  0 0  2 0
   242  0.8527385987796227E-01   4   1 0  0 1  0 0  2 0
   243  0.1412267131985415       4   0 1  0 1  0 0  2 0
   244  -.3055466716242040E-03   4   0 0  1 1  0 0  2 0
   245  -.1653175595466631E-03   4   0 0  0 2  0 0  2 0
   246  0.6980260299273623E-04   4   2 0  0 0  0 1  0 1
   247  -.6219853131257982E-04   4   1 1  0 0  0 1  0 1
   248  -.1157769488573591E-03   4   0 2  0 0  0 1  0 1
   249  -.4414377720323300E-01   4   1 0  1 0  0 1  0 1
   250  -.7987870084775148E-01   4   0 1  1 0  0 1  0 1
   251  -.1563287496322438E-04   4   0 0  2 0  0 1  0 1
   252  -.8253570363761588E-01   4   1 0  0 1  0 1  0 1
   253  -.1092984403463487       4   0 1  0 1  0 1  0 1
   254  0.1302090831529590E-03   4   0 0  1 1  0 1  0 1
   255  0.1410496229220197E-03   4   0 0  0 2  0 1  0 1
   256  0.6970866593931135E-04   4   2 0  0 0  0 0  1 1
   257  -.6211482746045458E-04   4   1 1  0 0  0 0  1 1
   258  -.1156211416959655E-03   4   0 2  0 0  0 0  1 1
   259  -.4408437058829712E-01   4   1 0  1 0  0 0  1 1
   260  -.7977120385670340E-01   4   0 1  1 0  0 0  1 1
   261  -.1561183697685080E-04   4   0 0  2 0  0 0  1 1
   262  -.8242463097743340E-01   4   1 0  0 1  0 0  1 1
   263  -.1091513516563877       4   0 1  0 1  0 0  1 1
   264  0.1300338539053932E-03   4   0 0  1 1  0 0  1 1
   265  0.1408598049869297E-03   4   0 0  0 2  0 0  1 1
   266  -.1100555517474871E-06   4   2 0  0 0  0 0  0 2
   267  -.1986785183904682E-06   4   1 1  0 0  0 0  0 2
   268  -.8277413012065962E-07   4   0 2  0 0  0 0  0 2
   269  -.3806491445433483E-02   4   1 0  1 0  0 0  0 2
   270  -.3629849731167094E-02   4   0 1  1 0  0 0  0 2
   271  0.5551292795455890E-04   4   0 0  2 0  0 0  0 2
   272  -.2641329819268436E-02   4   1 0  0 1  0 0  0 2
   273  -.2587728385861693E-02   4   0 1  0 1  0 0  0 2
   274  0.1028772858107818E-03   4   0 0  1 1  0 0  0 2
   275  0.4744842427399401E-04   4   0 0  0 2  0 0  0 2
   276  -.5645005541370499E-05   4   1 0  0 0  0 3  0 0
   277  -.9892338426430571E-05   4   0 1  0 0  0 3  0 0
   278  0.6593961668341823E-01   4   0 0  1 0  0 3  0 0
   279  -.1370444874077498       4   0 0  0 1  0 3  0 0
   280  -.3837769177422461E-05   4   1 0  0 0  0 2  1 0
   281  -.9344373358124593E-05   4   0 1  0 0  0 2  1 0
   282  0.3621673027358187E-01   4   0 0  1 0  0 2  1 0
   283  -.1009168131859399E-01   4   0 0  0 1  0 2  1 0
   284  -.3841401982624604E-05   4   1 0  0 0  0 1  2 0
   285  -.9345452623180096E-05   4   0 1  0 0  0 1  2 0
   286  0.3627655063319834E-01   4   0 0  1 0  0 1  2 0
   287  -.1034757968183725E-01   4   0 0  0 1  0 1  2 0
   288  -.5631031505374947E-05   4   1 0  0 0  0 0  3 0
   289  -.9866090327145535E-05   4   0 1  0 0  0 0  3 0
   290  0.6578217253179966E-01   4   0 0  1 0  0 0  3 0
   291  -.1367610642397651       4   0 0  0 1  0 0  3 0
   292  0.6608353739274657E-05   4   1 0  0 0  0 2  0 1
   293  0.1035577696538068E-04   4   0 1  0 0  0 2  0 1
   294  -.7241078037983278E-01   4   0 0  1 0  0 2  0 1
   295  -.1804613987407919       4   0 0  0 1  0 2  0 1
   296  0.4814533470327990E-05   4   1 0  0 0  0 1  1 1
   297  0.9833502287859726E-05   4   0 1  0 0  0 1  1 1
   298  -.4277187511792254E-01   4   0 0  1 0  0 1  1 1
   299  -.1753655996063398       4   0 0  0 1  0 1  1 1
   300  0.6596220942205646E-05   4   1 0  0 0  0 0  2 1
   301  0.1033522391685403E-04   4   0 1  0 0  0 0  2 1
   302  -.7228455317731708E-01   4   0 0  1 0  0 0  2 1
   303  -.1801005429155897       4   0 0  0 1  0 0  2 1
   304  -.4261255477808429E-07   4   1 0  0 0  0 1  0 2
   305  -.1327802967804911E-06   4   0 1  0 0  0 1  0 2
   306  -.8333951427092531E-02   4   0 0  1 0  0 1  0 2
   307  -.1021251106478159E-01   4   0 0  0 1  0 1  0 2
   308  -.4255520881012415E-07   4   1 0  0 0  0 0  1 2
   309  -.1326016073148049E-06   4   0 1  0 0  0 0  1 2
   310  -.8322735988027508E-02   4   0 0  1 0  0 0  1 2
   311  -.1019876754868958E-01   4   0 0  0 1  0 0  1 2
   312  0.6304269244899928E-08   4   1 0  0 0  0 0  0 3
   313  0.4807256860863893E-08   4   0 1  0 0  0 0  0 3
   314  -.8840455781623669E-04   4   0 0  1 0  0 0  0 3
   315  -.6687149630660232E-04   4   0 0  0 1  0 0  0 3
   316  0.6977660144589867E-05   4   0 0  0 0  0 4  0 0
   317  0.3182928987600252E-05   4   0 0  0 0  0 3  1 0
   318  0.2680046719104776E-05   4   0 0  0 0  0 2  2 0
   319  0.3193791127543717E-05   4   0 0  0 0  0 1  3 0
   320  0.6956748437889535E-05   4   0 0  0 0  0 0  4 0
   321  0.1290713710752141E-05   4   0 0  0 0  0 3  0 1
   322  0.1514737941279048E-05   4   0 0  0 0  0 2  1 1
   323  0.1514282213079597E-05   4   0 0  0 0  0 1  2 1
   324  0.1287090379967516E-05   4   0 0  0 0  0 0  3 1
   325  0.1134324082671344E-07   4   0 0  0 0  0 2  0 2
   326  0.1640181820395919E-07   4   0 0  0 0  0 1  1 2
   327  0.1131693923082168E-07   4   0 0  0 0  0 0  2 2
   328  -.2349549045815204E-09   4   0 0  0 0  0 1  0 3
   329  -.2346387133439757E-09   4   0 0  0 0  0 0  1 3
   330  0.1324411640501666E-14   4   0 0  0 0  0 0  0 4
   ----------------------------------------------------
     I  COEFFICIENT            ORDER EXPONENTS
     1  0.1563752968596701E-03   0   0 0  0 0  0 0  0 0
     2  0.5911865418472035E-04   1   1 0  0 0  0 0  0 0
     3  0.5465055696224224E-04   1   0 1  0 0  0 0  0 0
     4  -1.734082558322409       1   0 0  1 0  0 0  0 0
     5  -.6166894983662967       1   0 0  0 1  0 0  0 0
     6  0.6682796793098164E-05   1   0 0  0 0  0 1  0 0
     7  0.6673803400123279E-05   1   0 0  0 0  0 0  1 0
     8  0.1430186966652222E-03   1   0 0  0 0  0 0  0 1
     9  0.8059123900221378E-03   2   2 0  0 0  0 0  0 0
    10  0.1407203482144162E-02   2   1 1  0 0  0 0  0 0
    11  0.6728887672323616E-03   2   0 2  0 0  0 0  0 0
    12  0.7369400604488204       2   1 0  1 0  0 0  0 0
    13  0.6761260656532304       2   0 1  1 0  0 0  0 0
    14  0.5804949383013218E-03   2   0 0  2 0  0 0  0 0
    15  0.6960669039366981       2   1 0  0 1  0 0  0 0
    16  0.6429727115563993       2   0 1  0 1  0 0  0 0
    17  0.1425632156866924E-02   2   0 0  1 1  0 0  0 0
    18  0.7450577579664785E-03   2   0 0  0 2  0 0  0 0
    19  -.3136020589336989E-05   2   1 0  0 0  0 1  0 0
    20  -.3040276557293182E-04   2   0 1  0 0  0 1  0 0
    21  -.8324537123800428E-01   2   0 0  1 0  0 1  0 0
    22  0.7380234379149693       2   0 0  0 1  0 1  0 0
    23  -.3131800280623395E-05   2   1 0  0 0  0 0  1 0
    24  -.3036185096385650E-04   2   0 1  0 0  0 0  1 0
    25  -.8313334354061111E-01   2   0 0  1 0  0 0  1 0
    26  0.7370302407540629       2   0 0  0 1  0 0  1 0
    27  0.6538631756523321E-04   2   1 0  0 0  0 0  0 1
    28  0.6076446177372743E-04   2   0 1  0 0  0 0  0 1
    29  -1.567703843625825       2   0 0  1 0  0 0  0 1
    30  -1.475053678758761       2   0 0  0 1  0 0  0 1
    31  -.4911066246847493E-05   2   0 0  0 0  0 2  0 0
    32  -.3144077674775536E-05   2   0 0  0 0  0 1  1 0
    33  -.4902341589559923E-05   2   0 0  0 0  0 0  2 0
    34  0.1296617211601739E-04   2   0 0  0 0  0 1  0 1
    35  0.1294872285265825E-04   2   0 0  0 0  0 0  1 1
    36  -.1295743283553246E-04   2   0 0  0 0  0 0  0 2
    37  -.1505987181738770E-01   3   3 0  0 0  0 0  0 0
    38  -.4227569779831838E-01   3   2 1  0 0  0 0  0 0
    39  -.3974602910769861E-01   3   1 2  0 0  0 0  0 0
    40  -.1248436932685713E-01   3   0 3  0 0  0 0  0 0
    41  -13.22108349449532       3   2 0  1 0  0 0  0 0
    42  -25.68934210977539       3   1 1  1 0  0 0  0 0
    43  -13.11851166420923       3   0 2  1 0  0 0  0 0
    44  0.2933639829107715E-01   3   1 0  2 0  0 0  0 0
    45  0.2673539331752399E-01   3   0 1  2 0  0 0  0 0
    46  -2.329601132417019       3   0 0  3 0  0 0  0 0
    47  -11.68823607512868       3   2 0  0 1  0 0  0 0
    48  -23.23598654018674       3   1 1  0 1  0 0  0 0
    49  -12.91586678691557       3   0 2  0 1  0 0  0 0
    50  0.5512234493330574E-01   3   1 0  1 1  0 0  0 0
    51  0.5053305518003535E-01   3   0 1  1 1  0 0  0 0
    52  -7.309782683236959       3   0 0  2 1  0 0  0 0
    53  0.2614712891974427E-01   3   1 0  0 2  0 0  0 0
    54  0.2414022645976304E-01   3   0 1  0 2  0 0  0 0
    55  -6.641400756701750       3   0 0  1 2  0 0  0 0
    56  -2.541620244924378       3   0 0  0 3  0 0  0 0
    57  -.4814594656698986E-03   3   2 0  0 0  0 1  0 0
    58  -.1646406676560247E-02   3   1 1  0 0  0 1  0 0
    59  -.1121818561292528E-02   3   0 2  0 0  0 1  0 0
    60  0.4156517621400163E-01   3   1 0  1 0  0 1  0 0
    61  -.2978483273147753       3   0 1  1 0  0 1  0 0
    62  -.1066008252702289E-03   3   0 0  2 0  0 1  0 0
    63  -.3175133580604850       3   1 0  0 1  0 1  0 0
    64  -.6127621404002800       3   0 1  0 1  0 1  0 0
    65  -.9624710077334936E-03   3   0 0  1 1  0 1  0 0
    66  -.8887509121109299E-03   3   0 0  0 2  0 1  0 0
    67  -.4808115402114004E-03   3   2 0  0 0  0 0  1 0
    68  -.1644191020047395E-02   3   1 1  0 0  0 0  1 0
    69  -.1120308870742221E-02   3   0 2  0 0  0 0  1 0
    70  0.4150923975875142E-01   3   1 0  1 0  0 0  1 0
    71  -.2974474970729810       3   0 1  1 0  0 0  1 0
    72  -.1064573669035022E-03   3   0 0  2 0  0 0  1 0
    73  -.3170860635470935       3   1 0  0 1  0 0  1 0
    74  -.6119375139902086       3   0 1  0 1  0 0  1 0
    75  -.9611757596109724E-03   3   0 0  1 1  0 0  1 0
    76  -.8875548730187904E-03   3   0 0  0 2  0 0  1 0
    77  0.1766567410391726E-02   3   2 0  0 0  0 0  0 1
    78  0.3287098865570584E-02   3   1 1  0 0  0 0  0 1
    79  0.1567338051405630E-02   3   0 2  0 0  0 0  0 1
    80  0.6538683926922710       3   1 0  1 0  0 0  0 1
    81  0.5952981700819732       3   0 1  1 0  0 0  0 1
    82  0.7945675057955941E-03   3   0 0  2 0  0 0  0 1
    83  0.6346017963902437       3   1 0  0 1  0 0  0 1
    84  0.5817289643145466       3   0 1  0 1  0 0  0 1
    85  0.1925871591362783E-02   3   0 0  1 1  0 0  0 1
    86  0.1032478167394051E-02   3   0 0  0 2  0 0  0 1
    87  0.2376031673375357E-05   3   1 0  0 0  0 2  0 0
    88  0.2425885092163626E-04   3   0 1  0 0  0 2  0 0
    89  0.6110621370525246E-01   3   0 0  1 0  0 2  0 0
    90  -.5190099293093302       3   0 0  0 1  0 2  0 0
    91  0.1762355924066093E-05   3   1 0  0 0  0 1  1 0
    92  0.1833228905393119E-04   3   0 1  0 0  0 1  1 0
    93  0.3902636160189610E-01   3   0 0  1 0  0 1  1 0
    94  -.3005847171513045       3   0 0  0 1  0 1  1 0
    95  0.2371648274156486E-05   3   1 0  0 0  0 0  2 0
    96  0.2421386913804731E-04   3   0 1  0 0  0 0  2 0
    97  0.6099771992358626E-01   3   0 0  1 0  0 0  2 0
    98  -.5181092138334193       3   0 0  0 1  0 0  2 0
    99  -.6752761399838926E-05   3   1 0  0 0  0 1  0 1
   100  -.3686041972593436E-04   3   0 1  0 0  0 1  0 1
   101  -.1612385337102094       3   0 0  1 0  0 1  0 1
   102  0.6005815023149194       3   0 0  0 1  0 1  0 1
   103  -.6743673851793644E-05   3   1 0  0 0  0 0  1 1
   104  -.3681081471023856E-04   3   0 1  0 0  0 0  1 1
   105  -.1610215464904515       3   0 0  1 0  0 0  1 1
   106  0.5997732680335289       3   0 0  0 1  0 0  1 1
   107  0.6945168562122148E-05   3   1 0  0 0  0 0  0 2
   108  0.6701006619484327E-05   3   0 1  0 0  0 0  0 2
   109  0.1611299172033316       3   0 0  1 0  0 0  0 2
   110  0.1373492983061874       3   0 0  0 1  0 0  0 2
   111  0.4025383981541707E-05   3   0 0  0 0  0 3  0 0
   112  0.2257866104900563E-05   3   0 0  0 0  0 2  1 0
   113  0.2261423133025298E-05   3   0 0  0 0  0 1  2 0
   114  0.4015741008025459E-05   3   0 0  0 0  0 0  3 0
   115  -.9426320759390521E-05   3   0 0  0 0  0 2  0 1
   116  -.5897267514210427E-05   3   0 0  0 0  0 1  1 1
   117  -.9409667128813566E-05   3   0 0  0 0  0 0  2 1
   118  0.5893456091236875E-05   3   0 0  0 0  0 1  0 2
   119  0.5885524955778289E-05   3   0 0  0 0  0 0  1 2
   120  0.3930552317053305E-06   3   0 0  0 0  0 0  0 3
   121  -.6019441696517813E-02   4   4 0  0 0  0 0  0 0
   122  -.2208972958755947E-01   4   3 1  0 0  0 0  0 0
   123  -.3069466619420143E-01   4   2 2  0 0  0 0  0 0
   124  -.1857226755374575E-01   4   1 3  0 0  0 0  0 0
   125  -.4055973161617906E-02   4   0 4  0 0  0 0  0 0
   126   166.1540205494270       4   3 0  1 0  0 0  0 0
   127   462.9464268410134       4   2 1  1 0  0 0  0 0
   128   432.1134431326380       4   1 2  1 0  0 0  0 0
   129   135.4228493077360       4   0 3  1 0  0 0  0 0
   130  0.3492809723687932E-01   4   2 0  2 0  0 0  0 0
   131  0.6777924958789376E-01   4   1 1  2 0  0 0  0 0
   132  0.3267109015925582E-01   4   0 2  2 0  0 0  0 0
   133  -112.0052397465160       4   1 0  3 0  0 0  0 0
   134  -101.4594030297982       4   0 1  3 0  0 0  0 0
   135  -.5331576372948081E-02   4   0 0  4 0  0 0  0 0
   136   158.5505130836918       4   3 0  0 1  0 0  0 0
   137   444.7429116143769       4   2 1  0 1  0 0  0 0
   138   418.1760129140367       4   1 2  0 1  0 0  0 0
   139   132.0813175642764       4   0 3  0 1  0 0  0 0
   140  0.6985733703216780E-01   4   2 0  1 1  0 0  0 0
   141  0.1364466583577397       4   1 1  1 1  0 0  0 0
   142  0.6718374099966269E-01   4   0 2  1 1  0 0  0 0
   143  -312.8250175633445       4   1 0  2 1  0 0  0 0
   144  -285.7393940271077       4   0 1  2 1  0 0  0 0
   145  -.1838427803140245E-01   4   0 0  3 1  0 0  0 0
   146  0.3418640029637011E-01   4   2 0  0 2  0 0  0 0
   147  0.6756599879801466E-01   4   1 1  0 2  0 0  0 0
   148  0.3410043700788952E-01   4   0 2  0 2  0 0  0 0
   149  -294.0593484071847       4   1 0  1 2  0 0  0 0
   150  -270.4793549592899       4   0 1  1 2  0 0  0 0
   151  -.2384469293909512E-01   4   0 0  2 2  0 0  0 0
   152  -92.68199614082563       4   1 0  0 3  0 0  0 0
   153  -85.72975785581870       4   0 1  0 3  0 0  0 0
   154  -.1329799085424850E-01   4   0 0  1 3  0 0  0 0
   155  -.2407911381923006E-02   4   0 0  0 4  0 0  0 0
   156  -.1752911910674477E-02   4   3 0  0 0  0 1  0 0
   157  0.1292224453669828E-01   4   2 1  0 0  0 1  0 0
   158  0.2875100324143650E-01   4   1 2  0 0  0 1  0 0
   159  0.1417710215024556E-01   4   0 3  0 0  0 1  0 0
   160   7.240617914956128       4   2 0  1 0  0 1  0 0
   161   26.57782136006167       4   1 1  1 0  0 1  0 0
   162   19.49548157011138       4   0 2  1 0  0 1  0 0
   163  0.3238036765258317E-02   4   1 0  2 0  0 1  0 0
   164  -.8571183184527556E-02   4   0 1  2 0  0 1  0 0
   165  0.5066357422382309       4   0 0  3 0  0 1  0 0
   166   12.48992380006745       4   2 0  0 1  0 1  0 0
   167   36.08873564442028       4   1 1  0 1  0 1  0 0
   168   25.41799681781547       4   0 2  0 1  0 1  0 0
   169  -.1688466922116252E-01   4   1 0  1 1  0 1  0 0
   170  -.3685109803719284E-01   4   0 1  1 1  0 1  0 0
   171   5.447472051128890       4   0 0  2 1  0 1  0 0
   172  -.1870541810482131E-01   4   1 0  0 2  0 1  0 0
   173  -.2730454689295679E-01   4   0 1  0 2  0 1  0 0
   174   8.682111767802384       4   0 0  1 2  0 1  0 0
   175   4.532941801399264       4   0 0  0 3  0 1  0 0
   176  -.1750552924436967E-02   4   3 0  0 0  0 0  1 0
   177  0.1290485438900506E-01   4   2 1  0 0  0 0  1 0
   178  0.2871231149626199E-01   4   1 2  0 0  0 0  1 0
   179  0.1415802327431544E-01   4   0 3  0 0  0 0  1 0
   180   7.230873832604687       4   2 0  1 0  0 0  1 0
   181   26.54205418064466       4   1 1  1 0  0 0  1 0
   182   19.46924546980456       4   0 2  1 0  0 0  1 0
   183  0.3233679167983014E-02   4   1 0  2 0  0 0  1 0
   184  -.8559648490143694E-02   4   0 1  2 0  0 0  1 0
   185  0.5059539357332384       4   0 0  3 0  0 0  1 0
   186   12.47311544924706       4   2 0  0 1  0 0  1 0
   187   36.04016912479325       4   1 1  0 1  0 0  1 0
   188   25.38379047560675       4   0 2  0 1  0 0  1 0
   189  -.1686194662907156E-01   4   1 0  1 1  0 0  1 0
   190  -.3680150556618649E-01   4   0 1  1 1  0 0  1 0
   191   5.440141099972939       4   0 0  2 1  0 0  1 0
   192  -.1868024523469165E-01   4   1 0  0 2  0 0  1 0
   193  -.2726780172056698E-01   4   0 1  0 2  0 0  1 0
   194   8.670427790959028       4   0 0  1 2  0 0  1 0
   195   4.526841581953085       4   0 0  0 3  0 0  1 0
   196  0.7383292562572225E-03   4   3 0  0 0  0 0  0 1
   197  0.2100526119374397E-02   4   2 1  0 0  0 0  0 1
   198  0.2007402379561553E-02   4   1 2  0 0  0 0  0 1
   199  0.6781507163652363E-03   4   0 3  0 0  0 0  0 1
   200  -27.67861425346070       4   2 0  1 0  0 0  0 1
   201  -53.08982421103888       4   1 1  1 0  0 0  0 1
   202  -25.82995293103838       4   0 2  1 0  0 0  0 1
   203  -.1998797961861243E-02   4   1 0  2 0  0 0  0 1
   204  -.1897685137409774E-02   4   0 1  2 0  0 0  0 1
   205  -3.345328070902892       4   0 0  3 0  0 0  0 1
   206  -24.94710033518036       4   2 0  0 1  0 0  0 1
   207  -48.85844370342284       4   1 1  0 1  0 0  0 1
   208  -24.95133922661141       4   0 2  0 1  0 0  0 1
   209  -.3928383155649048E-02   4   1 0  1 1  0 0  0 1
   210  -.3854901606830734E-02   4   0 1  1 1  0 0  0 1
   211  -10.89774431766857       4   0 0  2 1  0 0  0 1
   212  -.1919075874801544E-02   4   1 0  0 2  0 0  0 1
   213  -.1903852631663166E-02   4   0 1  0 2  0 0  0 1
   214  -10.72221166516695       4   0 0  1 2  0 0  0 1
   215  -3.980615869074285       4   0 0  0 3  0 0  0 1
   216  -.2343392323890403E-03   4   2 0  0 0  0 2  0 0
   217  0.2097279929436692E-03   4   1 1  0 0  0 2  0 0
   218  0.4888517975413277E-03   4   0 2  0 0  0 2  0 0
   219  -.3104947929748054E-01   4   1 0  1 0  0 2  0 0
   220  0.2039081224821935       4   0 1  1 0  0 2  0 0
   221  -.1629472348963679E-03   4   0 0  2 0  0 2  0 0
   222  0.2232634864927155       4   1 0  0 1  0 2  0 0
   223  0.5911853715374242       4   0 1  0 1  0 2  0 0
   224  0.3380334500342994E-03   4   0 0  1 1  0 2  0 0
   225  0.7482571562309248E-03   4   0 0  0 2  0 2  0 0
   226  -.2435739535775979E-03   4   2 0  0 0  0 1  1 0
   227  0.4007764147122009E-03   4   1 1  0 0  0 1  1 0
   228  0.8399514757212044E-03   4   0 2  0 0  0 1  1 0
   229  -.2178471531516124E-01   4   1 0  1 0  0 1  1 0
   230  0.1085888675088269       4   0 1  1 0  0 1  1 0
   231  -.1441718292731654E-03   4   0 0  2 0  0 1  1 0
   232  0.1278484348612032       4   1 0  0 1  0 1  1 0
   233  0.5677047159993330       4   0 1  0 1  0 1  1 0
   234  0.2809395870815497E-03   4   0 0  1 1  0 1  1 0
   235  0.8587115734794370E-03   4   0 0  0 2  0 1  1 0
   236  -.2338599745203766E-03   4   2 0  0 0  0 0  2 0
   237  0.2091760778894084E-03   4   1 1  0 0  0 0  2 0
   238  0.4876287402757411E-03   4   0 2  0 0  0 0  2 0
   239  -.3099303594995564E-01   4   1 0  1 0  0 0  2 0
   240  0.2035606456506764       4   0 1  1 0  0 0  2 0
   241  -.1626309383604551E-03   4   0 0  2 0  0 0  2 0
   242  0.2228770028154635       4   1 0  0 1  0 0  2 0
   243  0.5900077870001136       4   0 1  0 1  0 0  2 0
   244  0.3373895029201729E-03   4   0 0  1 1  0 0  2 0
   245  0.7466723802312499E-03   4   0 0  0 2  0 0  2 0
   246  0.5400548435487541E-03   4   2 0  0 0  0 1  0 1
   247  -.1183453333561029E-03   4   1 1  0 0  0 1  0 1
   248  -.5452166259731939E-03   4   0 2  0 0  0 1  0 1
   249  0.8551583228741359E-01   4   1 0  1 0  0 1  0 1
   250  -.2158184456795914       4   0 1  1 0  0 1  0 1
   251  0.2949886135925692E-03   4   0 0  2 0  0 1  0 1
   252  -.2545956878945024       4   1 0  0 1  0 1  0 1
   253  -.5206390767102558       4   0 1  0 1  0 1  0 1
   254  -.2741657681955260E-03   4   0 0  1 1  0 1  0 1
   255  -.6680180473008915E-03   4   0 0  0 2  0 1  0 1
   256  0.5393280631922112E-03   4   2 0  0 0  0 0  1 1
   257  -.1181860697838958E-03   4   1 1  0 0  0 0  1 1
   258  -.5444828991331293E-03   4   0 2  0 0  0 0  1 1
   259  0.8540074911054268E-01   4   1 0  1 0  0 0  1 1
   260  -.2155280073865669       4   0 1  1 0  0 0  1 1
   261  0.2945916318187281E-03   4   0 0  2 0  0 0  1 1
   262  -.2542530650164131       4   1 0  0 1  0 0  1 1
   263  -.5199384251776888       4   0 1  0 1  0 0  1 1
   264  -.2737968088256730E-03   4   0 0  1 1  0 0  1 1
   265  -.6671190600954339E-03   4   0 0  0 2  0 0  1 1
   266  -.3681928850889945E-03   4   2 0  0 0  0 0  0 2
   267  -.6926639151369299E-03   4   1 1  0 0  0 0  0 2
   268  -.3233485935851709E-03   4   0 2  0 0  0 0  0 2
   269  -.8708805166655276E-01   4   1 0  1 0  0 0  0 2
   270  -.8395035878241397E-01   4   0 1  1 0  0 0  0 2
   271  -.1195121380750193E-03   4   0 0  2 0  0 0  0 2
   272  -.6480504161656718E-01   4   1 0  0 1  0 0  0 2
   273  -.6385035943075985E-01   4   0 1  0 1  0 0  0 2
   274  -.2672453674908749E-03   4   0 0  1 1  0 0  0 2
   275  -.1405986880284051E-03   4   0 0  0 2  0 0  0 2
   276  -.4681002672040126E-05   4   1 0  0 0  0 3  0 0
   277  -.2675787253661760E-04   4   0 1  0 0  0 3  0 0
   278  -.5004707884360423E-01   4   0 0  1 0  0 3  0 0
   279  0.4101161447670680       4   0 0  0 1  0 3  0 0
   280  -.3292446956759598E-05   4   1 0  0 0  0 2  1 0
   281  -.1938486319694769E-04   4   0 1  0 0  0 2  1 0
   282  -.2796320247587130E-01   4   0 0  1 0  0 2  1 0
   283  0.1924488802764651       4   0 0  0 1  0 2  1 0
   284  -.3295237219721026E-05   4   1 0  0 0  0 1  2 0
   285  -.1939967387992457E-04   4   0 1  0 0  0 1  2 0
   286  -.2800764567922660E-01   4   0 0  1 0  0 1  2 0
   287  0.1928871556840847       4   0 0  0 1  0 1  2 0
   288  -.4669341039983728E-05   4   1 0  0 0  0 0  3 0
   289  -.2669083227938596E-04   4   0 1  0 0  0 0  3 0
   290  -.4992726194585989E-01   4   0 0  1 0  0 0  3 0
   291  0.4091589527482677       4   0 0  0 1  0 0  3 0
   292  0.6522806337252540E-05   4   1 0  0 0  0 2  0 1
   293  0.3471584167405221E-04   4   0 1  0 0  0 2  0 1
   294  0.1170169562673476       4   0 0  1 0  0 2  0 1
   295  -.3847464312107989       4   0 0  0 1  0 2  0 1
   296  0.5267699381503302E-05   4   1 0  0 0  0 1  1 1
   297  0.2818122016220985E-04   4   0 1  0 0  0 1  1 1
   298  0.7292471024333907E-01   4   0 0  1 0  0 1  1 1
   299  -.1694785437701770       4   0 0  0 1  0 1  1 1
   300  0.6510483741011636E-05   4   1 0  0 0  0 0  2 1
   301  0.3465016025148607E-04   4   0 1  0 0  0 0  2 1
   302  0.1168104110433093       4   0 0  1 0  0 0  2 1
   303  -.3841146194776680       4   0 0  0 1  0 0  2 1
   304  -.1385682586168012E-05   4   1 0  0 0  0 1  0 2
   305  -.3877999837568795E-05   4   0 1  0 0  0 1  0 2
   306  -.7286958654746120E-01   4   0 0  1 0  0 1  0 2
   307  -.1311105729547775       4   0 0  0 1  0 1  0 2
   308  -.1383817799848477E-05   4   1 0  0 0  0 0  1 2
   309  -.3872781008151166E-05   4   0 1  0 0  0 0  1 2
   310  -.7277152209211062E-01   4   0 0  1 0  0 0  1 2
   311  -.1309341305247226       4   0 0  0 1  0 0  1 2
   312  0.3654493339130845E-06   4   1 0  0 0  0 0  0 3
   313  0.2981080405939660E-06   4   0 1  0 0  0 0  0 3
   314  -.5165647702465929E-02   4   0 0  1 0  0 0  0 3
   315  -.4220438659778661E-02   4   0 0  0 1  0 0  0 3
   316  -.7203482971138237E-05   4   0 0  0 0  0 4  0 0
   317  -.3676465081368581E-05   4   0 0  0 0  0 3  1 0
   318  -.3208640736508626E-05   4   0 0  0 0  0 2  2 0
   319  -.3686558225352950E-05   4   0 0  0 0  0 1  3 0
   320  -.7181632263349813E-05   4   0 0  0 0  0 0  4 0
   321  0.7672154444153701E-05   4   0 0  0 0  0 3  0 1
   322  0.3788058744257938E-05   4   0 0  0 0  0 2  1 1
   323  0.3795878451678634E-05   4   0 0  0 0  0 1  2 1
   324  0.7654121752407742E-05   4   0 0  0 0  0 0  3 1
   325  0.6384095864288680E-06   4   0 0  0 0  0 2  0 2
   326  0.7595329311412339E-06   4   0 0  0 0  0 1  1 2
   327  0.6370393730830646E-06   4   0 0  0 0  0 0  2 2
   328  0.5404883540080659E-08   4   0 0  0 0  0 1  0 3
   329  0.5397609902535730E-08   4   0 0  0 0  0 0  1 3
   330  -.1689502877680046E-13   4   0 0  0 0  0 0  0 4
   ----------------------------------------------------
     I  COEFFICIENT            ORDER EXPONENTS
     1  0.9047897554027394E-08   0   0 0  0 0  0 0  0 0
     2  0.1156394116931877E-06   1   1 0  0 0  0 0  0 0
     3  0.6370806849948728E-06   1   0 1  0 0  0 0  0 0
     4  0.1068677809349237E-04   1   0 0  1 0  0 0  0 0
     5  -.5325098100809249E-07   1   0 0  0 1  0 0  0 0
     6   1.000000000000000       1   0 0  0 0  1 0  0 0
     7  0.2621231485736789       1   0 0  0 0  0 1  0 0
     8  -.2621231477110120       1   0 0  0 0  0 0  1 0
     9  -.8626728206525011E-09   1   0 0  0 0  0 0  0 1
    10  -.7494369108573745E-01   2   2 0  0 0  0 0  0 0
    11  -.2545264911161477       2   1 1  0 0  0 0  0 0
    12  -.4266046766811065       2   0 2  0 0  0 0  0 0
    13  -.5231738947651022E-05   2   1 0  1 0  0 0  0 0
    14  -.8496229135291851E-05   2   0 1  1 0  0 0  0 0
    15  -.6382361986220729E-01   2   0 0  2 0  0 0  0 0
    16  -.8317556733472701E-05   2   1 0  0 1  0 0  0 0
    17  -.1053812805205972E-04   2   0 1  0 1  0 0  0 0
    18  0.2610622222115379E-02   2   0 0  1 1  0 0  0 0
    19  -.2123350870773473       2   0 0  0 2  0 0  0 0
    20  -.2588593467717533E-06   2   1 0  0 0  0 1  0 0
    21  -.1134756719189028E-05   2   0 1  0 0  0 1  0 0
    22  -.1560494993355011E-04   2   0 0  1 0  0 1  0 0
    23  -.4431158420992747E-05   2   0 0  0 1  0 1  0 0
    24  -.1431703913576507E-06   2   1 0  0 0  0 0  1 0
    25  -.4978381446169306E-06   2   0 1  0 0  0 0  1 0
    26  -.4925926757550538E-05   2   0 0  1 0  0 0  1 0
    27  -.4478313642462461E-05   2   0 0  0 1  0 0  1 0
    28  0.4019856328087308E-06   2   1 0  0 0  0 0  0 1
    29  0.9954215587388790E-06   2   0 1  0 0  0 0  0 1
    30  0.2053089643586596E-04   2   0 0  1 0  0 0  0 1
    31  0.8962747457884827E-05   2   0 0  0 1  0 0  0 1
    32  -.1967247331779116       2   0 0  0 0  0 2  0 0
    33  0.1313263165382305       2   0 0  0 0  0 1  1 0
    34  0.6539841539535791E-01   2   0 0  0 0  0 0  2 0
    35  0.1244090297137411E-08   2   0 0  0 0  0 1  0 1
    36  0.3821146373565343E-09   2   0 0  0 0  0 0  1 1
    37  -.3818202641750645E-09   2   0 0  0 0  0 0  0 2
    38  0.3622404256198183E-01   3   3 0  0 0  0 0  0 0
    39  0.1244734085300153       3   2 1  0 0  0 0  0 0
    40  0.1347143250184199       3   1 2  0 0  0 0  0 0
    41  0.4693365418832532E-01   3   0 3  0 0  0 0  0 0
    42  0.4676751647125236E-03   3   2 0  1 0  0 0  0 0
    43  0.8183604579349963E-03   3   1 1  1 0  0 0  0 0
    44  0.4703559021040293E-03   3   0 2  1 0  0 0  0 0
    45  0.2642210167058459E-01   3   1 0  2 0  0 0  0 0
    46  -.8170129768934153E-03   3   0 1  2 0  0 0  0 0
    47  0.5039379151145496E-04   3   0 0  3 0  0 0  0 0
    48  0.3995070205961189E-03   3   2 0  0 1  0 0  0 0
    49  0.7040724674588323E-03   3   1 1  0 1  0 0  0 0
    50  0.3976345993838178E-03   3   0 2  0 1  0 0  0 0
    51  -.2562689557000946E-02   3   1 0  1 1  0 0  0 0
    52  -.4383086915703563E-01   3   0 1  1 1  0 0  0 0
    53  0.2654298953252601E-03   3   0 0  2 1  0 0  0 0
    54  -.2296523880974933E-01   3   1 0  0 2  0 0  0 0
    55  -.3844295369872917E-01   3   0 1  0 2  0 0  0 0
    56  0.3243564838058863E-03   3   0 0  1 2  0 0  0 0
    57  0.1075455649004709E-03   3   0 0  0 3  0 0  0 0
    58  0.1152843874321801       3   2 0  0 0  0 1  0 0
    59  0.4542747322791533       3   1 1  0 0  0 1  0 0
    60  0.7542236927902505       3   0 2  0 0  0 1  0 0
    61  0.7967930142550005E-05   3   1 0  1 0  0 1  0 0
    62  0.1537452767617246E-04   3   0 1  1 0  0 1  0 0
    63  0.9305323946619393E-01   3   0 0  2 0  0 1  0 0
    64  0.1498681779432253E-04   3   1 0  0 1  0 1  0 0
    65  0.2351766663475393E-04   3   0 1  0 1  0 1  0 0
    66  0.4990895264968745E-01   3   0 0  1 1  0 1  0 0
    67  0.3178114718180342       3   0 0  0 2  0 1  0 0
    68  0.4038729194860047E-01   3   2 0  0 0  0 0  1 0
    69  0.1998218746246102       3   1 1  0 0  0 0  1 0
    70  0.3277517054370211       3   0 2  0 0  0 0  1 0
    71  0.2714387002976696E-05   3   1 0  1 0  0 0  1 0
    72  0.6802718439431289E-05   3   0 1  1 0  0 0  1 0
    73  0.2927615677425203E-01   3   0 0  2 0  0 0  1 0
    74  0.6635537264579043E-05   3   1 0  0 1  0 0  1 0
    75  0.1288979797026393E-04   3   0 1  0 1  0 0  1 0
    76  0.5244553108196807E-01   3   0 0  1 1  0 0  1 0
    77  0.1056198677739370       3   0 0  0 2  0 0  1 0
    78  -.1556720174569265       3   2 0  0 0  0 0  0 1
    79  -.3995710388844928       3   1 1  0 0  0 0  0 1
    80  -.2287667940067009       3   0 2  0 0  0 0  0 1
    81  -.1063134360804720E-04   3   1 0  1 0  0 0  0 1
    82  -.1352873759211134E-04   3   0 1  1 0  0 0  0 1
    83  -.1223295696062979       3   0 0  2 0  0 0  0 1
    84  -.1321456994999407E-04   3   1 0  0 1  0 0  0 1
    85  -.1511716879702114E-04   3   0 1  0 1  0 0  0 1
    86  -.1049653321038792       3   0 0  1 1  0 0  0 1
    87  0.1238717347296457E-02   3   0 0  0 2  0 0  0 1
    88  0.4113997533950030E-06   3   1 0  0 0  0 2  0 0
    89  0.1638026322451177E-05   3   0 1  0 0  0 2  0 0
    90  0.1908565402509789E-04   3   0 0  1 0  0 2  0 0
    91  0.9870515100152323E-05   3   0 0  0 1  0 2  0 0
    92  0.3047879010935298E-06   3   1 0  0 0  0 1  1 0
    93  0.1005967982554036E-05   3   0 1  0 0  0 1  1 0
    94  0.6969699000519834E-05   3   0 0  1 0  0 1  1 0
    95  0.1088027885779650E-04   3   0 0  0 1  0 1  1 0
    96  0.1523652168423841E-06   3   1 0  0 0  0 0  2 0
    97  0.5030696154539570E-06   3   0 1  0 0  0 0  2 0
    98  0.3490638103838360E-05   3   0 0  1 0  0 0  2 0
    99  0.5435791633683501E-05   3   0 0  0 1  0 0  2 0
   100  -.8695983524215230E-06   3   1 0  0 0  0 1  0 1
   101  -.2013180016018699E-05   3   0 1  0 0  0 1  0 1
   102  -.2954087644904338E-04   3   0 0  1 0  0 1  0 1
   103  -.2176406386779765E-04   3   0 0  0 1  0 1  0 1
   104  -.4674041540272322E-06   3   1 0  0 0  0 0  1 1
   105  -.1017508351344779E-05   3   0 1  0 0  0 0  1 1
   106  -.9026779503914997E-05   3   0 0  1 0  0 0  1 1
   107  -.1279730322924997E-04   3   0 0  0 1  0 0  1 1
   108  0.4675941311839206E-06   3   1 0  0 0  0 0  0 2
   109  0.5199029950948743E-06   3   0 1  0 0  0 0  0 2
   110  0.9019732379116411E-05   3   0 0  1 0  0 0  0 2
   111  0.8319243157802571E-05   3   0 0  0 1  0 0  0 2
   112  0.1639593933803901       3   0 0  0 0  0 3  0 0
   113  -.9842878464671352E-01   3   0 0  0 0  0 2  1 0
   114  -.3289754828726395E-01   3   0 0  0 0  0 1  2 0
   115  -.3263309963790392E-01   3   0 0  0 0  0 0  3 0
   116  -.1207575962599944E-08   3   0 0  0 0  0 2  0 1
   117  0.4873739200448221E-09   3   0 0  0 0  0 1  1 1
   118  0.2423812393589743E-09   3   0 0  0 0  0 0  2 1
   119  -.3870701434902245E-10   3   0 0  0 0  0 1  0 2
   120  -.4079056288683655E-10   3   0 0  0 0  0 0  1 2
   121  -.1101947503386665E-11   3   0 0  0 0  0 0  0 3
   122  -1.297986273216363       4   4 0  0 0  0 0  0 0
   123  -6.089001322278913       4   3 1  0 0  0 0  0 0
   124  -11.08686981283289       4   2 2  0 0  0 0  0 0
   125  -9.160026058078039       4   1 3  0 0  0 0  0 0
   126  -3.098644868930010       4   0 4  0 0  0 0  0 0
   127  -.1139141737206040E-02   4   3 0  1 0  0 0  0 0
   128  -.3127607484200192E-02   4   2 1  1 0  0 0  0 0
   129  -.2921975726715573E-02   4   1 2  1 0  0 0  0 0
   130  -.9403991214062125E-03   4   0 3  1 0  0 0  0 0
   131  -2.912344719134282       4   2 0  2 0  0 0  0 0
   132  -5.631624284133165       4   1 1  2 0  0 0  0 0
   133  -3.280394494963179       4   0 2  2 0  0 0  0 0
   134  0.8592286499006783E-03   4   1 0  3 0  0 0  0 0
   135  0.7086645979013271E-03   4   0 1  3 0  0 0  0 0
   136  -.2932828780168717       4   0 0  4 0  0 0  0 0
   137  -.1053298778592239E-02   4   3 0  0 1  0 0  0 0
   138  -.2987589011932611E-02   4   2 1  0 1  0 0  0 0
   139  -.2880570376665366E-02   4   1 2  0 1  0 0  0 0
   140  -.9560847208667700E-03   4   0 3  0 1  0 0  0 0
   141  -5.465306496485923       4   2 0  1 1  0 0  0 0
   142  -10.33501943232848       4   1 1  1 1  0 0  0 0
   143  -5.754320646534801       4   0 2  1 1  0 0  0 0
   144  0.2240790515707950E-02   4   1 0  2 1  0 0  0 0
   145  0.1825428319131214E-02   4   0 1  2 1  0 0  0 0
   146  -1.270979475295903       4   0 0  3 1  0 0  0 0
   147  -2.231754164682789       4   2 0  0 2  0 0  0 0
   148  -4.440757986884287       4   1 1  0 2  0 0  0 0
   149  -2.912547201333065       4   0 2  0 2  0 0  0 0
   150  0.1965997418451674E-02   4   1 0  1 2  0 0  0 0
   151  0.1569863284528359E-02   4   0 1  1 2  0 0  0 0
   152  -1.904626458256899       4   0 0  2 2  0 0  0 0
   153  0.5652078833453784E-03   4   1 0  0 3  0 0  0 0
   154  0.4333365089272471E-03   4   0 1  0 3  0 0  0 0
   155  -1.121085893790241       4   0 0  1 3  0 0  0 0
   156  -.3460001109872902       4   0 0  0 4  0 0  0 0
   157  -.5869564016734798E-01   4   3 0  0 0  0 1  0 0
   158  -.2494894440820475       4   2 1  0 0  0 1  0 0
   159  -.3283772517129037       4   1 2  0 0  0 1  0 0
   160  -.1361192909322703       4   0 3  0 0  0 1  0 0
   161  0.1345684908559587E-03   4   2 0  1 0  0 1  0 0
   162  -.5882710780958370E-04   4   1 1  1 0  0 1  0 0
   163  -.2303585363264429E-03   4   0 2  1 0  0 1  0 0
   164  -.3799673485526389E-01   4   1 0  2 0  0 1  0 0
   165  -.1058099411634412E-01   4   0 1  2 0  0 1  0 0
   166  0.1111854110561436E-03   4   0 0  3 0  0 1  0 0
   167  -.1486240795829220E-03   4   2 0  0 1  0 1  0 0
   168  -.4179733746861190E-03   4   1 1  0 1  0 1  0 0
   169  -.3198593217836152E-03   4   0 2  0 1  0 1  0 0
   170  -.1796912954152489E-01   4   1 0  1 1  0 1  0 0
   171  0.6573234023437990E-01   4   0 1  1 1  0 1  0 0
   172  0.1269658641355124E-03   4   0 0  2 1  0 1  0 0
   173  0.3575324619851374E-01   4   1 0  0 2  0 1  0 0
   174  0.8582391580299650E-01   4   0 1  0 2  0 1  0 0
   175  -.2410964890215865E-03   4   0 0  1 2  0 1  0 0
   176  -.1915666569604384E-03   4   0 0  0 3  0 1  0 0
   177  -.2192073847287132E-01   4   3 0  0 0  0 0  1 0
   178  -.1227350770442969       4   2 1  0 0  0 0  1 0
   179  -.1906738894643665       4   1 2  0 0  0 0  1 0
   180  -.8786707588852033E-01   4   0 3  0 0  0 0  1 0
   181  0.7184680827801080E-04   4   2 0  1 0  0 0  1 0
   182  -.2368456997470028E-03   4   1 1  1 0  0 0  1 0
   183  -.3012764848407180E-03   4   0 2  1 0  0 0  1 0
   184  -.1139839269663157E-01   4   1 0  2 0  0 0  1 0
   185  -.1078010785177902E-01   4   0 1  2 0  0 0  1 0
   186  0.3443373971941417E-04   4   0 0  3 0  0 0  1 0
   187  -.1652705701625476E-03   4   2 0  0 1  0 0  1 0
   188  -.5395352508374723E-03   4   1 1  0 1  0 0  1 0
   189  -.4005265681826409E-03   4   0 2  0 1  0 0  1 0
   190  -.2021865411274272E-01   4   1 0  1 1  0 0  1 0
   191  0.2280088519474137E-01   4   0 1  1 1  0 0  1 0
   192  0.1824533105850785E-04   4   0 0  2 1  0 0  1 0
   193  0.1297609841197269E-01   4   1 0  0 2  0 0  1 0
   194  0.4780710873766352E-01   4   0 1  0 2  0 0  1 0
   195  -.2177051898713510E-03   4   0 0  1 2  0 0  1 0
   196  -.1545534468803576E-03   4   0 0  0 3  0 0  1 0
   197  0.7990017853484471E-01   4   3 0  0 0  0 0  0 1
   198  0.2440371836906383       4   2 1  0 0  0 0  0 1
   199  0.2439070909965184       4   1 2  0 0  0 0  0 1
   200  0.8020409032029618E-01   4   0 3  0 0  0 0  0 1
   201  -.1080616475773081E-03   4   2 0  1 0  0 0  0 1
   202  -.2127540093641828E-03   4   1 1  1 0  0 0  0 1
   203  -.6766366627032098E-04   4   0 2  1 0  0 0  0 1
   204  0.4903526831101877E-01   4   1 0  2 0  0 0  0 1
   205  0.2097157059367317E-01   4   0 1  2 0  0 0  0 1
   206  -.1049725014198361E-03   4   0 0  3 0  0 0  0 1
   207  -.8250901300698948E-04   4   2 0  0 1  0 0  0 1
   208  -.2014259833435968E-03   4   1 1  0 1  0 0  0 1
   209  -.7423750810914681E-04   4   0 2  0 1  0 0  0 1
   210  0.4019329561173547E-01   4   1 0  1 1  0 0  0 1
   211  -.2586831256385505E-02   4   0 1  1 1  0 0  0 1
   212  -.2487770220822962E-03   4   0 0  2 1  0 0  0 1
   213  -.3222352048976072E-02   4   1 0  0 2  0 0  0 1
   214  -.1934486160365898E-01   4   0 1  0 2  0 0  0 1
   215  -.1661907885498438E-03   4   0 0  1 2  0 0  0 1
   216  -.1367206276698739E-04   4   0 0  0 3  0 0  0 1
   217  -.1470434433887731       4   2 0  0 0  0 2  0 0
   218  -.6428746987279198       4   1 1  0 0  0 2  0 0
   219  -1.074426183750141       4   0 2  0 0  0 2  0 0
   220  -.1268100993685780E-04   4   1 0  1 0  0 2  0 0
   221  -.3158730338251554E-04   4   0 1  1 0  0 2  0 0
   222  -.1136693056500225       4   0 0  2 0  0 2  0 0
   223  -.3188535252412920E-04   4   1 0  0 1  0 2  0 0
   224  -.5493079202823024E-04   4   0 1  0 1  0 2  0 0
   225  -.1139499803190683       4   0 0  1 1  0 2  0 0
   226  -.4079670429363319       4   0 0  0 2  0 2  0 0
   227  -.6350423483143564E-01   4   2 0  0 0  0 1  1 0
   228  -.3771614885777132       4   1 1  0 0  0 1  1 0
   229  -.6403930604550724       4   0 2  0 0  0 1  1 0
   230  -.5020694188616578E-05   4   1 0  1 0  0 1  1 0
   231  -.1663566826179464E-04   4   0 1  1 0  0 1  1 0
   232  -.4128030249653482E-01   4   0 0  2 0  0 1  1 0
   233  -.1697761569562224E-04   4   1 0  0 1  0 1  1 0
   234  -.3682887424595773E-04   4   0 1  0 1  0 1  1 0
   235  -.1280965799505859       4   0 0  1 1  0 1  1 0
   236  -.1803742315431791       4   0 0  0 2  0 1  1 0
   237  -.3178681826428722E-01   4   2 0  0 0  0 0  2 0
   238  -.1886321007694780       4   1 1  0 0  0 0  2 0
   239  -.3202722148167084       4   0 2  0 0  0 0  2 0
   240  -.2542995855378552E-05   4   1 0  1 0  0 0  2 0
   241  -.8349503141934480E-05   4   0 1  1 0  0 0  2 0
   242  -.2067485879278666E-01   4   0 0  2 0  0 0  2 0
   243  -.8515194413544542E-05   4   1 0  0 1  0 0  2 0
   244  -.1842005602607686E-04   4   0 1  0 1  0 0  2 0
   245  -.6399559760969786E-01   4   0 0  1 1  0 0  2 0
   246  -.9027922913295980E-01   4   0 0  0 2  0 0  2 0
   247  0.2422643981148987       4   2 0  0 0  0 1  0 1
   248  0.7542758375615447       4   1 1  0 0  0 1  0 1
   249  0.5265303570978536       4   0 2  0 0  0 1  0 1
   250  0.1244725283592539E-04   4   1 0  1 0  0 1  0 1
   251  0.2726657750292338E-04   4   0 1  1 0  0 1  0 1
   252  0.1755893797374411       4   0 0  2 0  0 1  0 1
   253  0.2757697443621056E-04   4   1 0  0 1  0 1  0 1
   254  0.4207207981671408E-04   4   0 1  0 1  0 1  0 1
   255  0.2562273611936239       4   0 0  1 1  0 1  0 1
   256  0.4289944993906414E-01   4   0 0  0 2  0 1  0 1
   257  0.8667291419719483E-01   4   2 0  0 0  0 0  1 1
   258  0.3547430879491043       4   1 1  0 0  0 0  1 1
   259  0.2976608031551048       4   0 2  0 0  0 0  1 1
   260  0.4380731334403337E-05   4   1 0  1 0  0 0  1 1
   261  0.1237193175430089E-04   4   0 1  1 0  0 0  1 1
   262  0.5336074517744630E-01   4   0 0  2 0  0 0  1 1
   263  0.1262175053648407E-04   4   1 0  0 1  0 0  1 1
   264  0.2225730193693059E-04   4   0 1  0 1  0 0  1 1
   265  0.1512136276966592       4   0 0  1 1  0 0  1 1
   266  0.4408325518424799E-01   4   0 0  0 2  0 0  1 1
   267  -.8661699316485276E-01   4   2 0  0 0  0 0  0 2
   268  -.1549089191998245       4   1 1  0 0  0 0  0 2
   269  -.6893134582821005E-01   4   0 2  0 0  0 0  0 2
   270  -.2029204436716468E-05   4   1 0  1 0  0 0  0 2
   271  -.1692609691670437E-05   4   0 1  1 0  0 0  0 2
   272  -.5331775794774209E-01   4   0 0  2 0  0 0  0 2
   273  -.1744930011356194E-05   4   1 0  0 1  0 0  0 2
   274  -.1451058540320369E-05   4   0 1  0 1  0 0  0 2
   275  -.9876912031076425E-01   4   0 0  1 1  0 0  0 2
   276  -.4535612552494102E-01   4   0 0  0 2  0 0  0 2
   277  -.1105240628905263E-03   4   1 0  0 0  0 3  0 0
   278  -.2077044478139178E-03   4   0 1  0 0  0 3  0 0
   279  -.2754531209671821E-04   4   0 0  1 0  0 3  0 0
   280  -.8873561491514519E-05   4   0 0  0 1  0 3  0 0
   281  -.5493614877306456E-04   4   1 0  0 0  0 2  1 0
   282  -.1036701129792079E-03   4   0 1  0 0  0 2  1 0
   283  -.9614462115087841E-05   4   0 0  1 0  0 2  1 0
   284  -.1442844928854353E-04   4   0 0  0 1  0 2  1 0
   285  -.3417398657717353E-04   4   1 0  0 0  0 1  2 0
   286  -.6459494991390071E-04   4   0 1  0 0  0 1  2 0
   287  -.5440554032856982E-05   4   0 0  1 0  0 1  2 0
   288  -.1018678574655152E-04   4   0 0  0 1  0 1  2 0
   289  -.1833861743998233E-04   4   1 0  0 0  0 0  3 0
   290  -.3460621258001019E-04   4   0 1  0 0  0 0  3 0
   291  -.3215387236869827E-05   4   0 0  1 0  0 0  3 0
   292  -.4802441994653668E-05   4   0 0  0 1  0 0  3 0
   293  0.1020392744135530E-03   4   1 0  0 0  0 2  0 1
   294  0.9508308133050952E-04   4   0 1  0 0  0 2  0 1
   295  0.2148414957805403E-04   4   0 0  1 0  0 2  0 1
   296  0.3878087514046241E-04   4   0 0  0 1  0 2  0 1
   297  0.5033452214900216E-04   4   1 0  0 0  0 1  1 1
   298  0.5154006052352601E-04   4   0 1  0 0  0 1  1 1
   299  0.5904234089813968E-05   4   0 0  1 0  0 1  1 1
   300  0.2695178292602548E-04   4   0 0  0 1  0 1  1 1
   301  0.2518497917974145E-04   4   1 0  0 0  0 0  2 1
   302  0.2578183727307064E-04   4   0 1  0 0  0 0  2 1
   303  0.2960638257154724E-05   4   0 0  1 0  0 0  2 1
   304  0.1347505627351886E-04   4   0 0  0 1  0 0  2 1
   305  -.5541380737029876E-05   4   1 0  0 0  0 1  0 2
   306  -.4810705470959270E-05   4   0 1  0 0  0 1  0 2
   307  0.1590885239513777E-05   4   0 0  1 0  0 1  0 2
   308  -.2267525010149741E-05   4   0 0  0 1  0 1  0 2
   309  -.3875857145014890E-05   4   1 0  0 0  0 0  1 2
   310  -.3463462899543410E-05   4   0 1  0 0  0 0  1 2
   311  0.1073019649401256E-05   4   0 0  1 0  0 0  1 2
   312  -.2683259641217710E-05   4   0 0  0 1  0 0  1 2
   313  0.1564935281297481E-07   4   1 0  0 0  0 0  0 3
   314  0.1172744364720962E-07   4   0 1  0 0  0 0  0 3
   315  0.5406265211271116E-08   4   0 0  1 0  0 0  0 3
   316  0.4089659117336629E-08   4   0 0  0 1  0 0  0 3
   317  -.1434727835140865       4   0 0  0 0  0 4  0 0
   318  0.8201284895960993E-01   4   0 0  0 0  0 3  1 0
   319  0.2462383831888926E-01   4   0 0  0 0  0 2  2 0
   320  0.1648163265616646E-01   4   0 0  0 0  0 1  3 0
   321  0.2035440577046807E-01   4   0 0  0 0  0 0  4 0
   322  0.2209189387878390E-08   4   0 0  0 0  0 3  0 1
   323  0.1907586490050492E-08   4   0 0  0 0  0 2  1 1
   324  0.1700656951972933E-08   4   0 0  0 0  0 1  2 1
   325  0.5513977244315866E-09   4   0 0  0 0  0 0  3 1
   326  -.1384121421922903E-10   4   0 0  0 0  0 2  0 2
   327  -.6211545948278803E-10   4   0 0  0 0  0 1  1 2
   328  -.8933137740617189E-11   4   0 0  0 0  0 0  2 2
   329  0.4179431816150004E-12   4   0 0  0 0  0 1  0 3
   330  -.6816028676572590E-12   4   0 0  0 0  0 0  1 3
   ----------------------------------------------------
     I  COEFFICIENT            ORDER EXPONENTS
     1   1.000000000000000       1   0 0  0 0  0 1  0 0
     --------------------------------------------------
     I  COEFFICIENT            ORDER EXPONENTS
     1   1.000000000000000       1   0 0  0 0  0 0  1 0
     --------------------------------------------------
     I  COEFFICIENT            ORDER EXPONENTS
     1   1.000000000000000       1   0 0  0 0  0 0  0 1
     --------------------------------------------------
