 L    0.1049906000000000E+01
 P (  0.0000000000000000E+00,  0.0000000000000000E+00,  0.0000000000000000E+00)
 A (  0.0000000000000000E+00,  0.0000000000000000E+00,  0.0000000000000000E+00)
     I  COEFFICIENT            ORDER EXPONENTS
     1  0.9140966152902528E-04   0   0 0  0 0  0 0  0 0
     2   1.250102085127720       1   1 0  0 0  0 0  0 0
     3   1.265937777507243       1   0 1  0 0  0 0  0 0
     4  0.7737965460724099E-05   1   0 0  1 0  0 0  0 0
     5  0.6567583024158354E-05   1   0 0  0 1  0 0  0 0
     6  0.6587686984824015E-06   1   0 0  0 0  0 1  0 0
     7  0.6578821586146892E-06   1   0 0  0 0  0 0  1 0
     8  -.1316650856243801E-05   1   0 0  0 0  0 0  0 1
     9  -.5842953923425184E-01   2   2 0  0 0  0 0  0 0
    10  -.1021811225482690       2   1 1  0 0  0 0  0 0
    11  -.4485964814221823E-01   2   0 2  0 0  0 0  0 0
    12  0.3050340964064593E-03   2   1 0  1 0  0 0  0 0
    13  0.7319258768333440E-04   2   0 1  1 0  0 0  0 0
    14  0.4933736839745835E-01   2   0 0  2 0  0 0  0 0
    15  0.2732630983887691E-03   2   1 0  0 1  0 0  0 0
    16  0.8453407672142732E-04   2   0 1  0 1  0 0  0 0
    17  0.8630967479016897E-01   2   0 0  1 1  0 0  0 0
    18  0.3795471886632523E-01   2   0 0  0 2  0 0  0 0
    19  -.1296942064293006       2   1 0  0 0  0 1  0 0
    20  -.7451727315647168       2   0 1  0 0  0 1  0 0
    21  -.4108473782531175E-05   2   0 0  1 0  0 1  0 0
    22  -.6789296280836607E-05   2   0 0  0 1  0 1  0 0
    23  -.1295196700785645       2   1 0  0 0  0 0  1 0
    24  -.7441699132213521       2   0 1  0 0  0 0  1 0
    25  -.4102944792140295E-05   2   0 0  1 0  0 0  1 0
    26  -.6780159565870293E-05   2   0 0  0 1  0 0  1 0
    27  0.2592138765191822       2   1 0  0 0  0 0  0 1
    28  0.2234048672902324       2   0 1  0 0  0 0  0 1
    29  0.8211413012440605E-05   2   0 0  1 0  0 0  0 1
    30  0.7001867730512991E-05   2   0 0  0 1  0 0  0 1
    31  -.5510488206517525E-06   2   0 0  0 0  0 2  0 0
    32  -.4436030920531309E-06   2   0 0  0 0  0 1  1 0
    33  -.5500087551197737E-06   2   0 0  0 0  0 0  2 0
    34  0.8868746279365084E-06   2   0 0  0 0  0 1  0 1
    35  0.8856811138592211E-06   2   0 0  0 0  0 0  1 1
    36  -.2279484845528691E-06   2   0 0  0 0  0 0  0 2
    37  0.8688288444993354       3   3 0  0 0  0 0  0 0
    38   4.044492309370046       3   2 1  0 0  0 0  0 0
    39   5.464099418673671       3   1 2  0 0  0 0  0 0
    40   2.905990876548057       3   0 3  0 0  0 0  0 0
    41  -.4825434334418260E-02   3   2 0  1 0  0 0  0 0
    42  -.8366161387697106E-02   3   1 1  1 0  0 0  0 0
    43  -.3629030828071361E-02   3   0 2  1 0  0 0  0 0
    44  -.4637354686739203       3   1 0  2 0  0 0  0 0
    45  0.5851137489136881       3   0 1  2 0  0 0  0 0
    46  0.1340770027813934E-02   3   0 0  3 0  0 0  0 0
    47  -.4207866240983301E-02   3   2 0  0 1  0 0  0 0
    48  -.7329743100483453E-02   3   1 1  0 1  0 0  0 0
    49  -.3191009267000853E-02   3   0 2  0 1  0 0  0 0
    50  -1.137844280283315       3   1 0  1 1  0 0  0 0
    51  0.5625394645460249       3   0 1  1 1  0 0  0 0
    52  0.3527248462998776E-02   3   0 0  2 1  0 0  0 0
    53  -.3688343460369128       3   1 0  0 2  0 0  0 0
    54  0.9238871096918847       3   0 1  0 2  0 0  0 0
    55  0.3117374014612190E-02   3   0 0  1 2  0 0  0 0
    56  0.9289248187326433E-03   3   0 0  0 3  0 0  0 0
    57  0.3264614227287333E-01   3   2 0  0 0  0 1  0 0
    58  0.1081070158606383       3   1 1  0 0  0 1  0 0
    59  0.6984655747550626E-01   3   0 2  0 0  0 1  0 0
    60  -.1831568933875850E-03   3   1 0  1 0  0 1  0 0
    61  -.9672250327244150E-04   3   0 1  1 0  0 1  0 0
    62  -.2350312409034003E-01   3   0 0  2 0  0 1  0 0
    63  -.3137869884336027E-03   3   1 0  0 1  0 1  0 0
    64  -.1606193873001710E-03   3   0 1  0 1  0 1  0 0
    65  -.8419753041087380E-01   3   0 0  1 1  0 1  0 0
    66  -.5598327684435238E-01   3   0 0  0 2  0 1  0 0
    67  0.3260220863316208E-01   3   2 0  0 0  0 0  1 0
    68  0.1079615305336004       3   1 1  0 0  0 0  1 0
    69  0.6975256127020993E-01   3   0 2  0 0  0 0  1 0
    70  -.1829104094723495E-03   3   1 0  1 0  0 0  1 0
    71  -.9659233868591076E-04   3   0 1  1 0  0 0  1 0
    72  -.2347149469360317E-01   3   0 0  2 0  0 0  1 0
    73  -.3133647086928378E-03   3   1 0  0 1  0 0  1 0
    74  -.1604032332984718E-03   3   0 1  0 1  0 0  1 0
    75  -.8408422134253911E-01   3   0 0  1 1  0 0  1 0
    76  -.5590793718877576E-01   3   0 0  0 2  0 0  1 0
    77  -.6524837987661138E-01   3   2 0  0 0  0 0  0 1
    78  -.1138874627406156       3   1 1  0 0  0 0  0 1
    79  -.4987983420577043E-01   3   0 2  0 0  0 0  0 1
    80  0.3657667779902098E-03   3   1 0  1 0  0 0  0 1
    81  0.1198135019878292E-03   3   0 1  1 0  0 0  0 1
    82  0.4697462922937357E-01   3   0 0  2 0  0 0  0 1
    83  0.3535881842075326E-03   3   1 0  0 1  0 0  0 1
    84  0.1516464132958055E-03   3   0 1  0 1  0 0  0 1
    85  0.8197207943791132E-01   3   0 0  1 1  0 0  0 1
    86  0.3598177089032639E-01   3   0 0  0 2  0 0  0 1
    87  0.9955183253660332E-01   3   1 0  0 0  0 2  0 0
    88  0.6165429589020377       3   0 1  0 0  0 2  0 0
    89  0.3230782149456136E-05   3   0 0  1 0  0 2  0 0
    90  0.6996549894939841E-05   3   0 0  0 1  0 2  0 0
    91  0.6949044888725894E-01   3   1 0  0 0  0 1  1 0
    92  0.4882582314085896       3   0 1  0 0  0 1  1 0
    93  0.2304078078353291E-05   3   0 0  1 0  0 1  1 0
    94  0.7144687103521133E-05   3   0 0  0 1  0 1  1 0
    95  0.9937110188652058E-01   3   1 0  0 0  0 0  2 0
    96  0.6153847069861029       3   0 1  0 0  0 0  2 0
    97  0.3224883955336937E-05   3   0 0  1 0  0 0  2 0
    98  0.6982326776258200E-05   3   0 0  0 1  0 0  2 0
    99  -.1389002563665117       3   1 0  0 0  0 1  0 1
   100  -.2309994135827429       3   0 1  0 0  0 1  0 1
   101  -.4560916401717235E-05   3   0 0  1 0  0 1  0 1
   102  -.7409091493482430E-05   3   0 0  0 1  0 1  0 1
   103  -.1387133309476358       3   1 0  0 0  0 0  1 1
   104  -.2306885454585681       3   0 1  0 0  0 0  1 1
   105  -.4554778535372332E-05   3   0 0  1 0  0 0  1 1
   106  -.7399120687328863E-05   3   0 0  0 1  0 0  1 1
   107  0.9199965565712929E-02   3   1 0  0 0  0 0  0 2
   108  0.7439231028576903E-02   3   0 1  0 0  0 0  0 2
   109  0.4019293705390382E-06   3   0 0  1 0  0 0  0 2
   110  0.3629434646508000E-06   3   0 0  0 1  0 0  0 2
   111  0.4977779136297894E-06   3   0 0  0 0  0 3  0 0
   112  0.3911077049984739E-06   3   0 0  0 0  0 2  1 0
   113  0.3913216803562264E-06   3   0 0  0 0  0 1  2 0
   114  0.4965102721505160E-06   3   0 0  0 0  0 0  3 0
   115  -.7822954349620349E-06   3   0 0  0 0  0 2  0 1
   116  -.6778496649567465E-06   3   0 0  0 0  0 1  1 1
   117  -.7807865496366054E-06   3   0 0  0 0  0 0  2 1
   118  0.2342247820632840E-06   3   0 0  0 0  0 1  0 2
   119  0.2339095733902588E-06   3   0 0  0 0  0 0  1 2
   120  -.4090781661904497E-08   3   0 0  0 0  0 0  0 3
   121  -6.186156789512056       4   4 0  0 0  0 0  0 0
   122  -22.40639235068329       4   3 1  0 0  0 0  0 0
   123  -30.62369540258774       4   2 2  0 0  0 0  0 0
   124  -18.76307872310602       4   1 3  0 0  0 0  0 0
   125  -4.356609168980673       4   0 4  0 0  0 0  0 0
   126  -.3711879319308339E-02   4   3 0  1 0  0 0  0 0
   127  -.9804738121796925E-02   4   2 1  1 0  0 0  0 0
   128  -.8980732432165142E-02   4   1 2  1 0  0 0  0 0
   129  -.2801827020469147E-02   4   0 3  1 0  0 0  0 0
   130   29.14173511041356       4   2 0  2 0  0 0  0 0
   131   50.72167281346022       4   1 1  2 0  0 0  0 0
   132   22.24049619544589       4   0 2  2 0  0 0  0 0
   133  0.2406702444685397E-02   4   1 0  3 0  0 0  0 0
   134  0.2377406878603913E-02   4   0 1  3 0  0 0  0 0
   135  -4.042404907555507       4   0 0  4 0  0 0  0 0
   136  -.3601439994739017E-02   4   3 0  0 1  0 0  0 0
   137  -.9509375328935508E-02   4   2 1  0 1  0 0  0 0
   138  -.8390736943787945E-02   4   1 2  0 1  0 0  0 0
   139  -.2461765982354608E-02   4   0 3  0 1  0 0  0 0
   140   51.75162652831966       4   2 0  1 1  0 0  0 0
   141   90.58314656692016       4   1 1  1 1  0 0  0 0
   142   39.97846551341910       4   0 2  1 1  0 0  0 0
   143  0.5594375039448160E-02   4   1 0  2 1  0 0  0 0
   144  0.5235609662316107E-02   4   0 1  2 1  0 0  0 0
   145  -13.97799391870987       4   0 0  3 1  0 0  0 0
   146   23.02485201468073       4   2 0  0 2  0 0  0 0
   147   40.47558669812334       4   1 1  0 2  0 0  0 0
   148   17.95589601500021       4   0 2  0 2  0 0  0 0
   149  0.4263341536618384E-02   4   1 0  1 2  0 0  0 0
   150  0.3719499742517228E-02   4   0 1  1 2  0 0  0 0
   151  -18.19177266667024       4   0 0  2 2  0 0  0 0
   152  0.1281250810760847E-02   4   1 0  0 3  0 0  0 0
   153  0.1008474103636963E-02   4   0 1  0 3  0 0  0 0
   154  -10.51597375413320       4   0 0  1 3  0 0  0 0
   155  -2.267685068760282       4   0 0  0 4  0 0  0 0
   156  -1.127353441463514       4   3 0  0 0  0 1  0 0
   157  -6.318891640741577       4   2 1  0 0  0 1  0 0
   158  -10.60761924392317       4   1 2  0 0  0 1  0 0
   159  -6.384586246891216       4   0 3  0 0  0 1  0 0
   160  -.4763100026095241E-03   4   2 0  1 0  0 1  0 0
   161  0.2859035196283565E-02   4   1 1  1 0  0 1  0 0
   162  0.2790500140170524E-02   4   0 2  1 0  0 1  0 0
   163  0.4014786613579205       4   1 0  2 0  0 1  0 0
   164  -.4584766411990094       4   0 1  2 0  0 1  0 0
   165  0.6506106987054134E-04   4   0 0  3 0  0 1  0 0
   166  0.1389323869485817E-02   4   2 0  0 1  0 1  0 0
   167  0.5593879127442134E-02   4   1 1  0 1  0 1  0 0
   168  0.3770126895953547E-02   4   0 2  0 1  0 1  0 0
   169   1.617480564927343       4   1 0  1 1  0 1  0 0
   170  -.4477815107132440       4   0 1  1 1  0 1  0 0
   171  -.1453607404041372E-02   4   0 0  2 1  0 1  0 0
   172  0.8274829694028404       4   1 0  0 2  0 1  0 0
   173  -1.351557025736139       4   0 1  0 2  0 1  0 0
   174  -.2724560308490017E-02   4   0 0  1 2  0 1  0 0
   175  -.1246580464106166E-02   4   0 0  0 3  0 1  0 0
   176  -1.125836302332337       4   3 0  0 0  0 0  1 0
   177  -6.310387974170587       4   2 1  0 0  0 0  1 0
   178  -10.59334400986457       4   1 2  0 0  0 0  1 0
   179  -6.375994171615310       4   0 3  0 0  0 0  1 0
   180  -.4756690070557265E-03   4   2 0  1 0  0 0  1 0
   181  0.2855187641458063E-02   4   1 1  1 0  0 0  1 0
   182  0.2786744816593594E-02   4   0 2  1 0  0 0  1 0
   183  0.4009383702964970       4   1 0  2 0  0 0  1 0
   184  -.4578596449425428       4   0 1  2 0  0 0  1 0
   185  0.6497351374893145E-04   4   0 0  3 0  0 0  1 0
   186  0.1387454182898828E-02   4   2 0  0 1  0 0  1 0
   187  0.5586351148542809E-02   4   1 1  0 1  0 0  1 0
   188  0.3765053236856894E-02   4   0 2  0 1  0 0  1 0
   189   1.615303835812282       4   1 0  1 1  0 0  1 0
   190  -.4471789074593406       4   0 1  1 1  0 0  1 0
   191  -.1451651207703157E-02   4   0 0  2 1  0 0  1 0
   192  0.8263693818205410       4   1 0  0 2  0 0  1 0
   193  -1.349738163987581       4   0 1  0 2  0 0  1 0
   194  -.2720893723630931E-02   4   0 0  1 2  0 0  1 0
   195  -.1244902874866873E-02   4   0 0  0 3  0 0  1 0
   196   2.252224111393950       4   3 0  0 0  0 0  0 1
   197   8.581799090314691       4   2 1  0 0  0 0  0 1
   198   10.26967643465224       4   1 2  0 0  0 0  0 1
   199   4.041541518035138       4   0 3  0 0  0 0  0 1
   200  0.3253058786584250E-03   4   2 0  1 0  0 0  0 1
   201  0.7422494213971713E-03   4   1 1  1 0  0 0  0 1
   202  0.4275105199737370E-03   4   0 2  1 0  0 0  0 1
   203  -.8008996090932169       4   1 0  2 0  0 0  0 1
   204  0.3327877355355645       4   0 1  2 0  0 0  0 1
   205  -.2432390140055648E-05   4   0 0  3 0  0 0  0 1
   206  0.4154248333773024E-03   4   2 0  0 1  0 0  0 1
   207  0.8886741664593763E-03   4   1 1  0 1  0 0  0 1
   208  0.4873943412983527E-03   4   0 2  0 1  0 0  0 1
   209  -2.091891182702201       4   1 0  1 1  0 0  0 1
   210  -.2269837095309431       4   0 1  1 1  0 0  0 1
   211  -.2130848921425162E-05   4   0 0  2 1  0 0  0 1
   212  -.9146582918496725       4   1 0  0 2  0 0  0 1
   213  -.6880118547216918E-01   4   0 1  0 2  0 0  0 1
   214  0.1532429496160472E-04   4   0 0  1 2  0 0  0 1
   215  0.1788441910824438E-04   4   0 0  0 3  0 0  0 1
   216  -.2729591004859203E-01   4   2 0  0 0  0 2  0 0
   217  -.1152013670170998       4   1 1  0 0  0 2  0 0
   218  -.9169141350897332E-01   4   0 2  0 0  0 2  0 0
   219  0.2040672006769371E-05   4   1 0  1 0  0 2  0 0
   220  0.1171766340075187E-03   4   0 1  1 0  0 2  0 0
   221  0.1671391712137719E-01   4   0 0  2 0  0 2  0 0
   222  0.2799058793615818E-03   4   1 0  0 1  0 2  0 0
   223  0.3461581399767926E-03   4   0 1  0 1  0 2  0 0
   224  0.8210626016969302E-01   4   0 0  1 1  0 2  0 0
   225  0.6873102487699279E-01   4   0 0  0 2  0 2  0 0
   226  -.2110604123569586E-01   4   2 0  0 0  0 1  1 0
   227  -.1202463522438863       4   1 1  0 0  0 1  1 0
   228  -.1120999367786343       4   0 2  0 0  0 1  1 0
   229  -.4585387107728647E-04   4   1 0  1 0  0 1  1 0
   230  0.1149816391183795E-03   4   0 1  1 0  0 1  1 0
   231  0.1031037285773107E-01   4   0 0  2 0  0 1  1 0
   232  0.3071963955968933E-03   4   1 0  0 1  0 1  1 0
   233  0.4264608744162923E-03   4   0 1  0 1  0 1  1 0
   234  0.8058366701807672E-01   4   0 0  1 1  0 1  1 0
   235  0.8173866946620037E-01   4   0 0  0 2  0 1  1 0
   236  -.2724497474145957E-01   4   2 0  0 0  0 0  2 0
   237  -.1149654235097033       4   1 1  0 0  0 0  2 0
   238  -.9149259012002492E-01   4   0 2  0 0  0 0  2 0
   239  0.2068779755894810E-05   4   1 0  1 0  0 0  2 0
   240  0.1169415747803344E-03   4   0 1  1 0  0 0  2 0
   241  0.1668448671247442E-01   4   0 0  2 0  0 0  2 0
   242  0.2793224900048866E-03   4   1 0  0 1  0 0  2 0
   243  0.3454053411926857E-03   4   0 1  0 1  0 0  2 0
   244  0.8194154258364260E-01   4   0 0  1 1  0 0  2 0
   245  0.6858352987831562E-01   4   0 0  0 2  0 0  2 0
   246  0.4124442352328048E-01   4   2 0  0 0  0 1  0 1
   247  0.1294027925862953       4   1 1  0 0  0 1  0 1
   248  0.8184044065400628E-01   4   0 2  0 0  0 1  0 1
   249  0.1781584164015835E-04   4   1 0  1 0  0 1  0 1
   250  -.7703180767066336E-04   4   0 1  1 0  0 1  0 1
   251  -.2096066512654189E-01   4   0 0  2 0  0 1  0 1
   252  -.2247192031537629E-03   4   1 0  0 1  0 1  0 1
   253  -.2182780463334516E-03   4   0 1  0 1  0 1  0 1
   254  -.7747094761416488E-01   4   0 0  1 1  0 1  0 1
   255  -.5196913646972660E-01   4   0 0  0 2  0 1  0 1
   256  0.4118891872188540E-01   4   2 0  0 0  0 0  1 1
   257  0.1292286484065757       4   1 1  0 0  0 0  1 1
   258  0.8173030364598079E-01   4   0 2  0 0  0 0  1 1
   259  0.1779186592011061E-04   4   1 0  1 0  0 0  1 1
   260  -.7692814189428337E-04   4   0 1  1 0  0 0  1 1
   261  -.2093245725125656E-01   4   0 0  2 0  0 0  1 1
   262  -.2244167866408077E-03   4   1 0  0 1  0 0  1 1
   263  -.2179842980257838E-03   4   0 1  0 1  0 0  1 1
   264  -.7736669086394511E-01   4   0 0  1 1  0 0  1 1
   265  -.5189919885508628E-01   4   0 0  0 2  0 0  1 1
   266  -.7511578899215937E-02   4   2 0  0 0  0 0  0 2
   267  -.1291826804240135E-01   4   1 1  0 0  0 0  0 2
   268  -.5549401022503866E-02   4   0 2  0 0  0 0  0 2
   269  -.4234656623042611E-04   4   1 0  1 0  0 0  0 2
   270  -.3988135968647737E-04   4   0 1  1 0  0 0  0 2
   271  -.2169339760186324E-02   4   0 0  2 0  0 0  0 2
   272  -.3259962837193523E-04   4   1 0  0 1  0 0  0 2
   273  -.3110031301443947E-04   4   0 1  0 1  0 0  0 2
   274  -.3997964813506782E-02   4   0 0  1 1  0 0  0 2
   275  -.1823730947535731E-02   4   0 0  0 2  0 0  0 2
   276  -.8450422837469458E-01   4   1 0  0 0  0 3  0 0
   277  -.5532138440543152       4   0 1  0 0  0 3  0 0
   278  -.5606326819760409E-05   4   0 0  1 0  0 3  0 0
   279  -.1013682124537758E-04   4   0 0  0 1  0 3  0 0
   280  -.5442510917810609E-01   4   1 0  0 0  0 2  1 0
   281  -.4266342726400397       4   0 1  0 0  0 2  1 0
   282  -.3676937580686566E-05   4   0 0  1 0  0 2  1 0
   283  -.9611818866286546E-05   4   0 0  0 1  0 2  1 0
   284  -.5448559820748378E-01   4   1 0  0 0  0 1  2 0
   285  -.4268882870250658       4   0 1  0 0  0 1  2 0
   286  -.3680817072336093E-05   4   0 0  1 0  0 1  2 0
   287  -.9612851114028256E-05   4   0 0  0 1  0 1  2 0
   288  -.8429707367550761E-01   4   1 0  0 0  0 0  3 0
   289  -.5518104252289726       4   0 1  0 0  0 0  3 0
   290  -.5592538935873191E-05   4   0 0  1 0  0 0  3 0
   291  -.1010989991060580E-04   4   0 0  0 1  0 0  3 0
   292  0.1088261210620435       4   1 0  0 0  0 2  0 1
   293  0.2366380468140637       4   0 1  0 0  0 2  0 1
   294  0.6524298780482087E-05   4   0 0  1 0  0 2  0 1
   295  0.1065894146232295E-04   4   0 0  0 1  0 2  0 1
   296  0.7883104956105183E-01   4   1 0  0 0  0 1  1 1
   297  0.2422594627217411       4   0 1  0 0  0 1  1 1
   298  0.4592131998503858E-05   4   0 0  1 0  0 1  1 1
   299  0.1015375002465408E-04   4   0 0  0 1  0 1  1 1
   300  0.1086266244414545       4   1 0  0 0  0 0  2 1
   301  0.2361565797992064       4   0 1  0 0  0 0  2 1
   302  0.6512428749332744E-05   4   0 0  1 0  0 0  2 1
   303  0.1063776494211470E-04   4   0 0  0 1  0 0  2 1
   304  -.9337680781957415E-02   4   1 0  0 0  0 1  0 2
   305  -.1126491208769007E-01   4   0 1  0 0  0 1  0 2
   306  0.6781362859277019E-08   4   0 0  1 0  0 1  0 2
   307  -.1518974043522551E-06   4   0 0  0 1  0 1  0 2
   308  -.9325114571230159E-02   4   1 0  0 0  0 0  1 2
   309  -.1124975229989877E-01   4   0 1  0 0  0 0  1 2
   310  0.6772236820752211E-08   4   0 0  1 0  0 0  1 2
   311  -.1516929879841373E-06   4   0 0  0 1  0 0  1 2
   312  0.8757985548800800E-04   4   1 0  0 0  0 0  0 3
   313  0.6562779814989494E-04   4   0 1  0 0  0 0  0 3
   314  0.6018201082200753E-08   4   0 0  1 0  0 0  0 3
   315  0.4535785672510307E-08   4   0 0  0 1  0 0  0 3
   316  -.2962341674218425E-04   4   0 0  0 0  0 4  0 0
   317  -.1949507798581308E-04   4   0 0  0 0  0 3  1 0
   318  -.1815209435766857E-04   4   0 0  0 0  0 2  2 0
   319  -.1952402083950692E-04   4   0 0  0 0  0 1  3 0
   320  -.2953062010597089E-04   4   0 0  0 0  0 0  4 0
   321  0.4117188811297607E-05   4   0 0  0 0  0 3  0 1
   322  0.4888343378278655E-05   4   0 0  0 0  0 2  1 1
   323  0.4886775518412081E-05   4   0 0  0 0  0 1  2 1
   324  0.4105592913765699E-05   4   0 0  0 0  0 0  3 1
   325  -.2473257760225366E-07   4   0 0  0 0  0 2  0 2
   326  -.3460807185716497E-07   4   0 0  0 0  0 1  1 2
   327  -.2467600670885112E-07   4   0 0  0 0  0 0  2 2
   328  -.8197124203459856E-09   4   0 0  0 0  0 1  0 3
   329  -.8186092900023917E-09   4   0 0  0 0  0 0  1 3
   330  -.3160076938018010E-15   4   0 0  0 0  0 0  0 4
   ----------------------------------------------------
     I  COEFFICIENT            ORDER EXPONENTS
     1  0.3329330833976027E-04   0   0 0  0 0  0 0  0 0
     2   2.115813221883421       1   1 0  0 0  0 0  0 0
     3   2.942549997675877       1   0 1  0 0  0 0  0 0
     4  0.6053285546336699E-04   1   0 0  1 0  0 0  0 0
     5  0.5562006448343644E-04   1   0 0  0 1  0 0  0 0
     6  0.1018081371317558E-05   1   0 0  0 0  0 1  0 0
     7  0.1016711285388399E-05   1   0 0  0 0  0 0  1 0
     8  0.3125851569000173E-04   1   0 0  0 0  0 0  0 1
     9  -.5359457087298327       2   2 0  0 0  0 0  0 0
    10  -.9833439549425456       2   1 1  0 0  0 0  0 0
    11  -.4535663466478710       2   0 2  0 0  0 0  0 0
    12  0.2003862220165442E-02   2   1 0  1 0  0 0  0 0
    13  0.1434582016955335E-02   2   0 1  1 0  0 0  0 0
    14  0.3824947679118941       2   0 0  2 0  0 0  0 0
    15  0.1755619017406383E-02   2   1 0  0 1  0 0  0 0
    16  0.1277209903559867E-02   2   0 1  0 1  0 0  0 0
    17  0.7023669123995843       2   0 0  1 1  0 0  0 0
    18  0.3254592483931755       2   0 0  0 2  0 0  0 0
    19  -.9660682662333565E-01   2   1 0  0 0  0 1  0 0
    20  -1.053764231107660       2   0 1  0 0  0 1  0 0
    21  -.2839745919601256E-05   2   0 0  1 0  0 1  0 0
    22  -.3059535853313671E-04   2   0 0  0 1  0 1  0 0
    23  -.9647681770898929E-01   2   1 0  0 0  0 0  1 0
    24  -1.052346124867623       2   0 1  0 0  0 0  1 0
    25  -.2835924323375259E-05   2   0 0  1 0  0 0  1 0
    26  -.3055418474153213E-04   2   0 0  0 1  0 0  1 0
    27   2.308896866339266       2   1 0  0 0  0 0  0 1
    28   2.106110356101809       2   0 1  0 0  0 0  0 1
    29  0.6620840366380285E-04   2   0 0  1 0  0 0  0 1
    30  0.6114942399964351E-04   2   0 0  0 1  0 0  0 1
    31  -.7971487270037793E-06   2   0 0  0 0  0 2  0 0
    32  -.5768058569624753E-06   2   0 0  0 0  0 1  1 0
    33  -.7956878427450481E-06   2   0 0  0 0  0 0  2 0
    34  0.2171100732974638E-05   2   0 0  0 0  0 1  0 1
    35  0.2168178967928654E-05   2   0 0  0 0  0 0  1 1
    36  -.2169639170923680E-05   2   0 0  0 0  0 0  0 2
    37  -6.328253168268950       3   3 0  0 0  0 0  0 0
    38  -18.51947550741211       3   2 1  0 0  0 0  0 0
    39  -19.03006776417559       3   1 2  0 0  0 0  0 0
    40  -5.793694777818821       3   0 3  0 0  0 0  0 0
    41  -.4362931155589404E-01   3   2 0  1 0  0 0  0 0
    42  -.7965394071545315E-01   3   1 1  1 0  0 0  0 0
    43  -.3655513841746746E-01   3   0 2  1 0  0 0  0 0
    44  -10.03355203366982       3   1 0  2 0  0 0  0 0
    45  -8.081400246719667       3   0 1  2 0  0 0  0 0
    46  0.1017355760250207E-01   3   0 0  3 0  0 0  0 0
    47  -.4109804760959707E-01   3   2 0  0 1  0 0  0 0
    48  -.7569816024939112E-01   3   1 1  0 1  0 0  0 0
    49  -.3501349051972080E-01   3   0 2  0 1  0 0  0 0
    50  -20.99858469008643       3   1 0  1 1  0 0  0 0
    51  -17.63909292211767       3   0 1  1 1  0 0  0 0
    52  0.2791056705755879E-01   3   0 0  2 1  0 0  0 0
    53  -9.547860381253962       3   1 0  0 2  0 0  0 0
    54  -7.239228282313492       3   0 1  0 2  0 0  0 0
    55  0.2577109865558496E-01   3   0 0  1 2  0 0  0 0
    56  0.8037970497014033E-02   3   0 0  0 3  0 0  0 0
    57  0.6821599773991387E-01   3   2 0  0 0  0 1  0 0
    58  0.6137601699787594       3   1 1  0 0  0 1  0 0
    59  0.5081747395260648       3   0 2  0 0  0 1  0 0
    60  -.8865435916590099E-03   3   1 0  1 0  0 1  0 0
    61  -.1424103575865081E-02   3   0 1  1 0  0 1  0 0
    62  0.1205984849489497E-01   3   0 0  2 0  0 1  0 0
    63  -.1791590741072489E-02   3   1 0  0 1  0 1  0 0
    64  -.2037089412529563E-02   3   0 1  0 1  0 1  0 0
    65  -.3265569718190779       3   0 0  1 1  0 1  0 0
    66  -.3132836788088167       3   0 0  0 2  0 1  0 0
    67  0.6812419586506493E-01   3   2 0  0 0  0 0  1 0
    68  0.6129342004675181       3   1 1  0 0  0 0  1 0
    69  0.5074908619110569       3   0 2  0 0  0 0  1 0
    70  -.8853505230747075E-03   3   1 0  1 0  0 0  1 0
    71  -.1422187084388358E-02   3   0 1  1 0  0 0  1 0
    72  0.1204361891915138E-01   3   0 0  2 0  0 0  1 0
    73  -.1789179702687901E-02   3   1 0  0 1  0 0  1 0
    74  -.2034347993602879E-02   3   0 1  0 1  0 0  1 0
    75  -.3261175068365010       3   0 0  1 1  0 0  1 0
    76  -.3128620763984242       3   0 0  0 2  0 0  1 0
    77  -.6722877763685166       3   2 0  0 0  0 0  0 1
    78  -1.226697508403010       3   1 1  0 0  0 0  0 1
    79  -.5621005623061838       3   0 2  0 0  0 0  0 1
    80  0.3772834195931409E-02   3   1 0  1 0  0 0  0 1
    81  0.2843284731328647E-02   3   0 1  1 0  0 0  0 1
    82  0.3583925716535841       3   0 0  2 0  0 0  0 1
    83  0.3577605205716818E-02   3   1 0  0 1  0 0  0 1
    84  0.2790938063715848E-02   3   0 1  0 1  0 0  0 1
    85  0.6526766142454301       3   0 0  1 1  0 0  0 1
    86  0.3006873941228989       3   0 0  0 2  0 0  0 1
    87  0.7393670252227080E-01   3   1 0  0 0  0 2  0 0
    88  0.8323116168488499       3   0 1  0 0  0 2  0 0
    89  0.1977760799892243E-05   3   0 0  1 0  0 2  0 0
    90  0.2417492663402556E-04   3   0 0  0 1  0 2  0 0
    91  0.5132717383760209E-01   3   1 0  0 0  0 1  1 0
    92  0.6114529453839036       3   0 1  0 0  0 1  1 0
    93  0.1123589801595114E-05   3   0 0  1 0  0 1  1 0
    94  0.1777717886718004E-04   3   0 0  0 1  0 1  1 0
    95  0.7380266514674003E-01   3   1 0  0 0  0 0  2 0
    96  0.8307800988218244       3   0 1  0 0  0 0  2 0
    97  0.1974343185517048E-05   3   0 0  1 0  0 0  2 0
    98  0.2413043131233079E-04   3   0 0  0 1  0 0  2 0
    99  -.1992001143971097       3   1 0  0 0  0 1  0 1
   100  -1.222311572815032       3   0 1  0 0  0 1  0 1
   101  -.5150259179494489E-05   3   0 0  1 0  0 1  0 1
   102  -.3557742576278646E-04   3   0 0  0 1  0 1  0 1
   103  -.1989320402711305       3   1 0  0 0  0 0  1 1
   104  -1.220666643505884       3   0 1  0 0  0 0  1 1
   105  -.5143328203413986E-05   3   0 0  1 0  0 0  1 1
   106  -.3552954733990086E-04   3   0 0  0 1  0 0  1 1
   107  0.1990658129079906       3   1 0  0 0  0 0  0 2
   108  0.1684337161171834       3   0 1  0 0  0 0  0 2
   109  0.5183669924289162E-05   3   0 0  1 0  0 0  0 2
   110  0.5022346855551295E-05   3   0 0  0 1  0 0  0 2
   111  0.6864030221452675E-06   3   0 0  0 0  0 3  0 0
   112  0.4661785819470650E-06   3   0 0  0 0  0 2  1 0
   113  0.4666212687898053E-06   3   0 0  0 0  0 1  2 0
   114  0.6847041712789741E-06   3   0 0  0 0  0 0  3 0
   115  -.1730651422066287E-05   3   0 0  0 0  0 2  0 1
   116  -.1291833909578376E-05   3   0 0  0 0  0 1  1 1
   117  -.1727453148348586E-05   3   0 0  0 0  0 0  2 1
   118  0.1292138363335541E-05   3   0 0  0 0  0 1  0 2
   119  0.1290399464422760E-05   3   0 0  0 0  0 0  1 2
   120  -.1377474345883940E-06   3   0 0  0 0  0 0  0 3
   121  -54.28689272979570       4   4 0  0 0  0 0  0 0
   122  -201.1708083136726       4   3 1  0 0  0 0  0 0
   123  -280.7826768615989       4   2 2  0 0  0 0  0 0
   124  -175.3983474563111       4   1 3  0 0  0 0  0 0
   125  -41.47263084506931       4   0 4  0 0  0 0  0 0
   126  -.2896851603144527E-01   4   3 0  1 0  0 0  0 0
   127  -.7774576487412838E-01   4   2 1  1 0  0 0  0 0
   128  -.6995984547826999E-01   4   1 2  1 0  0 0  0 0
   129  -.2033193448260469E-01   4   0 3  1 0  0 0  0 0
   130   243.8252304937812       4   2 0  2 0  0 0  0 0
   131   441.7810995660217       4   1 1  2 0  0 0  0 0
   132   201.2505811790085       4   0 2  2 0  0 0  0 0
   133  0.2385142782647568E-01   4   1 0  3 0  0 0  0 0
   134  0.2284201772085843E-01   4   0 1  3 0  0 0  0 0
   135  -29.91346514932982       4   0 0  4 0  0 0  0 0
   136  -.2715165691769817E-01   4   3 0  0 1  0 0  0 0
   137  -.7366291405290218E-01   4   2 1  0 1  0 0  0 0
   138  -.6612551023665042E-01   4   1 2  0 1  0 0  0 0
   139  -.1909599692823161E-01   4   0 3  0 1  0 0  0 0
   140   455.7821751442795       4   2 0  1 1  0 0  0 0
   141   831.8100938681800       4   1 1  1 1  0 0  0 0
   142   381.9735157115836       4   0 2  1 1  0 0  0 0
   143  0.6852708035287484E-01   4   1 0  2 1  0 0  0 0
   144  0.6584514608026923E-01   4   0 1  2 1  0 0  0 0
   145  -108.5846072446577       4   0 0  3 1  0 0  0 0
   146   214.4141054523380       4   2 0  0 2  0 0  0 0
   147   393.6185568375421       4   1 1  0 2  0 0  0 0
   148   181.9458517325998       4   0 2  0 2  0 0  0 0
   149  0.6571931836993763E-01   4   1 0  1 2  0 0  0 0
   150  0.6388491538194363E-01   4   0 1  1 2  0 0  0 0
   151  -149.1695767868095       4   0 0  2 2  0 0  0 0
   152  0.2193439623808170E-01   4   1 0  0 3  0 0  0 0
   153  0.2150164386325322E-01   4   0 1  0 3  0 0  0 0
   154  -91.58612888069091       4   0 0  1 3  0 0  0 0
   155  -21.12780761442016       4   0 0  0 4  0 0  0 0
   156   4.534467816448063       4   3 0  0 0  0 1  0 0
   157   22.32490084990815       4   2 1  0 0  0 1  0 0
   158   31.58450859768683       4   1 2  0 0  0 1  0 0
   159   12.67121247355965       4   0 3  0 0  0 1  0 0
   160  -.4075580832427041E-02   4   2 0  1 0  0 1  0 0
   161  0.2705402283592218E-01   4   1 1  1 0  0 1  0 0
   162  0.2805699332079693E-01   4   0 2  1 0  0 1  0 0
   163   3.945796467073571       4   1 0  2 0  0 1  0 0
   164   6.983864004010725       4   0 1  2 0  0 1  0 0
   165  0.9013533816425147E-03   4   0 0  3 0  0 1  0 0
   166  0.1340012696402701E-01   4   2 0  0 1  0 1  0 0
   167  0.5704658478129786E-01   4   1 1  0 1  0 1  0 0
   168  0.4117879822074692E-01   4   0 2  0 1  0 1  0 0
   169   19.31405082727265       4   1 0  1 1  0 1  0 0
   170   24.68586174964410       4   0 1  1 1  0 1  0 0
   171  -.9478034157371926E-02   4   0 0  2 1  0 1  0 0
   172   14.15557337644015       4   1 0  0 2  0 1  0 0
   173   14.66259477204670       4   0 1  0 2  0 1  0 0
   174  -.1958044692056505E-01   4   0 0  1 2  0 1  0 0
   175  -.9439938281718758E-02   4   0 0  0 3  0 1  0 0
   176   4.528365543362720       4   3 0  0 0  0 0  1 0
   177   22.29485705048035       4   2 1  0 0  0 0  1 0
   178   31.54200365454223       4   1 2  0 0  0 0  1 0
   179   12.65416015298622       4   0 3  0 0  0 0  1 0
   180  -.4070096107818236E-02   4   2 0  1 0  0 0  1 0
   181  0.2701761480700151E-01   4   1 1  1 0  0 0  1 0
   182  0.2801923554146609E-01   4   0 2  1 0  0 0  1 0
   183   3.940486400147126       4   1 0  2 0  0 0  1 0
   184   6.974465448972230       4   0 1  2 0  0 0  1 0
   185  0.9001403827408120E-03   4   0 0  3 0  0 0  1 0
   186  0.1338209370468492E-01   4   2 0  0 1  0 0  1 0
   187  0.5696981417601157E-01   4   1 1  0 1  0 0  1 0
   188  0.4112338173479099E-01   4   0 2  0 1  0 0  1 0
   189   19.28805888790901       4   1 0  1 1  0 0  1 0
   190   24.65264068030579       4   0 1  1 1  0 0  1 0
   191  -.9465279065687213E-02   4   0 0  2 1  0 0  1 0
   192   14.13652347291921       4   1 0  0 2  0 0  1 0
   193   14.64286254302664       4   0 1  0 2  0 0  1 0
   194  -.1955409647789384E-01   4   0 0  1 2  0 0  1 0
   195  -.9427234457668099E-02   4   0 0  0 3  0 0  1 0
   196  -15.39716782577515       4   3 0  0 0  0 0  0 1
   197  -44.63911641834726       4   2 1  0 0  0 0  0 1
   198  -44.11712837313814       4   1 2  0 0  0 0  0 1
   199  -13.74539272432901       4   0 3  0 0  0 0  0 1
   200  0.6001888960087164E-03   4   2 0  1 0  0 0  0 1
   201  0.1219497019347614E-02   4   1 1  1 0  0 0  0 1
   202  0.6227713999556172E-03   4   0 2  1 0  0 0  0 1
   203  -17.90617671240972       4   1 0  2 0  0 0  0 1
   204  -13.94453485260847       4   0 1  2 0  0 0  0 1
   205  -.4823576240074418E-03   4   0 0  3 0  0 0  0 1
   206  0.6529417587384230E-03   4   2 0  0 1  0 0  0 1
   207  0.1170457070353377E-02   4   1 1  0 1  0 0  0 1
   208  0.5672857223444769E-03   4   0 2  0 1  0 0  0 1
   209  -38.57288516000973       4   1 0  1 1  0 0  0 1
   210  -31.66944716590075       4   0 1  1 1  0 0  0 1
   211  -.1464353480882796E-02   4   0 0  2 1  0 0  0 1
   212  -18.72844455849916       4   1 0  0 2  0 0  0 1
   213  -14.81062938457173       4   0 1  0 2  0 0  0 1
   214  -.1456119700046754E-02   4   0 0  1 2  0 0  0 1
   215  -.4412761532188954E-03   4   0 0  0 3  0 0  0 1
   216  -.5333973043969925E-01   4   2 0  0 0  0 2  0 0
   217  -.5236918021445853       4   1 1  0 0  0 2  0 0
   218  -.5495445621292674       4   0 2  0 0  0 2  0 0
   219  -.3808062533575646E-03   4   1 0  1 0  0 2  0 0
   220  0.4578703330956585E-03   4   0 1  1 0  0 2  0 0
   221  -.7834438010345647E-02   4   0 0  2 0  0 2  0 0
   222  0.7640532634370804E-03   4   1 0  0 1  0 2  0 0
   223  0.1650648335170046E-02   4   0 1  0 1  0 2  0 0
   224  0.2349081150676597       4   0 0  1 1  0 2  0 0
   225  0.3051092308504616       4   0 0  0 2  0 2  0 0
   226  -.3954281716177486E-01   4   2 0  0 0  0 1  1 0
   227  -.4367188026770608       4   1 1  0 0  0 1  1 0
   228  -.5924320550536092       4   0 2  0 0  0 1  1 0
   229  -.4585689619943795E-03   4   1 0  1 0  0 1  1 0
   230  0.5476959778703560E-03   4   0 1  1 0  0 1  1 0
   231  -.3440527489718413E-02   4   0 0  2 0  0 1  1 0
   232  0.8720454688645234E-03   4   1 0  0 1  0 1  1 0
   233  0.2271829911764623E-02   4   0 1  0 1  0 1  1 0
   234  0.1435302229491018       4   0 0  1 1  0 1  1 0
   235  0.2969363108973248       4   0 0  0 2  0 1  1 0
   236  -.5324134091441388E-01   4   2 0  0 0  0 0  2 0
   237  -.5226931846066010       4   1 1  0 0  0 0  2 0
   238  -.5484063773870256       4   0 2  0 0  0 0  2 0
   239  -.3799852219998503E-03   4   1 0  1 0  0 0  2 0
   240  0.4568856210625592E-03   4   0 1  1 0  0 0  2 0
   241  -.7821579743021129E-02   4   0 0  2 0  0 0  2 0
   242  0.7624382577167698E-03   4   1 0  0 1  0 0  2 0
   243  0.1646898309619208E-02   4   0 1  0 1  0 0  2 0
   244  0.2344954086923877       4   0 0  1 1  0 0  2 0
   245  0.3044988277803419       4   0 0  0 2  0 0  2 0
   246  0.1476449857772844       4   2 0  0 0  0 1  0 1
   247  0.8752235926252391       4   1 1  0 0  0 1  0 1
   248  0.6782555697273444       4   0 2  0 0  0 1  0 1
   249  0.6124628975503976E-03   4   1 0  1 0  0 1  0 1
   250  -.7626350512502497E-03   4   0 1  1 0  0 1  0 1
   251  0.1903977608544507E-01   4   0 0  2 0  0 1  0 1
   252  -.1095433003718498E-02   4   1 0  0 1  0 1  0 1
   253  -.2047670552383918E-02   4   0 1  0 1  0 1  0 1
   254  -.2862354418855321       4   0 0  1 1  0 1  0 1
   255  -.2803470722444274       4   0 0  0 2  0 1  0 1
   256  0.1474462921136938       4   2 0  0 0  0 0  1 1
   257  0.8740457579621452       4   1 1  0 0  0 0  1 1
   258  0.6773428053466848       4   0 2  0 0  0 0  1 1
   259  0.6116386738472505E-03   4   1 0  1 0  0 0  1 1
   260  -.7616087329400227E-03   4   0 1  1 0  0 0  1 1
   261  0.1901415325210283E-01   4   0 0  2 0  0 0  1 1
   262  -.1093958821608062E-02   4   1 0  0 1  0 0  1 1
   263  -.2044914893857890E-02   4   0 1  0 1  0 0  1 1
   264  -.2858502397176521       4   0 0  1 1  0 0  1 1
   265  -.2799697943669006       4   0 0  0 2  0 0  1 1
   266  -.1489681835263315       4   2 0  0 0  0 0  0 2
   267  -.2650177178806404       4   1 1  0 0  0 0  0 2
   268  -.1178118931265631       4   0 2  0 0  0 0  0 2
   269  -.5642295121429485E-05   4   1 0  1 0  0 0  0 2
   270  -.2889416529649257E-04   4   0 1  1 0  0 0  0 2
   271  -.1895690468078300E-01   4   0 0  2 0  0 0  0 2
   272  -.5216268683492628E-05   4   1 0  0 1  0 0  0 2
   273  -.2370212736146511E-04   4   0 1  0 1  0 0  0 2
   274  -.4057006525325771E-01   4   0 0  1 1  0 0  0 2
   275  -.2073393216613532E-01   4   0 0  0 2  0 0  0 2
   276  -.6263943384495600E-01   4   1 0  0 0  0 3  0 0
   277  -.7223007679323283       4   0 1  0 0  0 3  0 0
   278  -.3336066401049734E-05   4   0 0  1 0  0 3  0 0
   279  -.2582855157497460E-04   4   0 0  0 1  0 3  0 0
   280  -.4001927483568064E-01   4   1 0  0 0  0 2  1 0
   281  -.5023806257637472       4   0 1  0 0  0 2  1 0
   282  -.1683726869594641E-05   4   0 0  1 0  0 2  1 0
   283  -.1766096861426316E-04   4   0 0  0 1  0 2  1 0
   284  -.4006476638680110E-01   4   1 0  0 0  0 1  2 0
   285  -.5028226008229612       4   0 1  0 0  0 1  2 0
   286  -.1687053267919999E-05   4   0 0  1 0  0 1  2 0
   287  -.1767738577137053E-04   4   0 0  0 1  0 1  2 0
   288  -.6248609633578168E-01   4   1 0  0 0  0 0  3 0
   289  -.7205051261471209       4   0 1  0 0  0 0  3 0
   290  -.3328200708229232E-05   4   0 0  1 0  0 0  3 0
   291  -.2576454567811291E-04   4   0 0  0 1  0 0  3 0
   292  0.1539571832492456       4   1 0  0 0  0 2  0 1
   293   1.004603817673493       4   0 1  0 0  0 2  0 1
   294  0.4118474008922999E-05   4   0 0  1 0  0 2  0 1
   295  0.3241944193486590E-04   4   0 0  0 1  0 2  0 1
   296  0.1088059760739504       4   1 0  0 0  0 1  1 1
   297  0.7874499036437161       4   0 1  0 0  0 1  1 1
   298  0.2341165279169060E-05   4   0 0  1 0  0 1  1 1
   299  0.2464198575096363E-04   4   0 0  0 1  0 1  1 1
   300  0.1536767819504014       4   1 0  0 0  0 0  2 1
   301   1.002722012716457       4   0 1  0 0  0 0  2 1
   302  0.4111356245749985E-05   4   0 0  1 0  0 0  2 1
   303  0.3235923236624170E-04   4   0 0  0 1  0 0  2 1
   304  -.1087264233939215       4   1 0  0 0  0 1  0 2
   305  -.1759794491060193       4   0 1  0 0  0 1  0 2
   306  -.4827851099457734E-06   4   0 0  1 0  0 1  0 2
   307  -.2423002637288655E-05   4   0 0  0 1  0 1  0 2
   308  -.1085801044974149       4   1 0  0 0  0 0  1 2
   309  -.1757426242570344       4   0 1  0 0  0 0  1 2
   310  -.4821354004976178E-06   4   0 0  1 0  0 0  1 2
   311  -.2419741874531474E-05   4   0 0  0 1  0 0  1 2
   312  0.6076357712838002E-02   4   1 0  0 0  0 0  0 3
   313  0.4948093966789716E-02   4   0 1  0 0  0 0  0 3
   314  0.3948509126860183E-06   4   0 0  1 0  0 0  0 3
   315  0.3234600407302507E-06   4   0 0  0 1  0 0  0 3
   316  -.2685186182258314E-04   4   0 0  0 0  0 4  0 0
   317  -.1681206412062174E-04   4   0 0  0 0  0 3  1 0
   318  -.1548137239089984E-04   4   0 0  0 0  0 2  2 0
   319  -.1684076459209235E-04   4   0 0  0 0  0 1  3 0
   320  -.2676832402651201E-04   4   0 0  0 0  0 0  4 0
   321  0.3255228320547020E-04   4   0 0  0 0  0 3  0 1
   322  0.2229084956771411E-04   4   0 0  0 0  0 2  1 1
   323  0.2231147516763425E-04   4   0 0  0 0  0 1  2 1
   324  0.3247159344975772E-04   4   0 0  0 0  0 0  3 1
   325  -.2153604722952939E-05   4   0 0  0 0  0 2  0 2
   326  -.2602899502984815E-05   4   0 0  0 0  0 1  1 2
   327  -.2148955073472170E-05   4   0 0  0 0  0 0  2 2
   328  0.1621374397423490E-07   4   0 0  0 0  0 1  0 3
   329  0.1619192428172167E-07   4   0 0  0 0  0 0  1 3
   330  0.5353396195779860E-13   4   0 0  0 0  0 0  0 4
   ----------------------------------------------------
     I  COEFFICIENT            ORDER EXPONENTS
     1  -.1142883433513460E-04   0   0 0  0 0  0 0  0 0
     2  0.7592835548389950E-05   1   1 0  0 0  0 0  0 0
     3  0.6471389606849308E-05   1   0 1  0 0  0 0  0 0
     4  0.7677642849619466       1   0 0  1 0  0 0  0 0
     5  0.8483516122262206       1   0 0  0 1  0 0  0 0
     6  -.9233387972348209E-05   1   0 0  0 0  0 1  0 0
     7  -.9220962113969511E-05   1   0 0  0 0  0 0  1 0
     8  0.1845435008651355E-04   1   0 0  0 0  0 0  0 1
     9  0.1684048732809822E-03   2   2 0  0 0  0 0  0 0
    10  0.3018629195845913E-03   2   1 1  0 0  0 0  0 0
    11  0.1539486156910956E-03   2   0 2  0 0  0 0  0 0
    12  0.1002598725680296       2   1 0  1 0  0 0  0 0
    13  0.8757474435798424E-01   2   0 1  1 0  0 0  0 0
    14  -.1441850347727358E-03   2   0 0  2 0  0 0  0 0
    15  0.8852638818069622E-01   2   1 0  0 1  0 0  0 0
    16  0.7769645437107123E-01   2   0 1  0 1  0 0  0 0
    17  -.1681816804008699E-03   2   0 0  1 1  0 0  0 0
    18  -.1179939186087939E-04   2   0 0  0 2  0 0  0 0
    19  -.3897989843887393E-05   2   1 0  0 0  0 1  0 0
    20  -.6571013617806233E-05   2   0 1  0 0  0 1  0 0
    21  0.1118168152941694       2   0 0  1 0  0 1  0 0
    22  -.3271700267290085       2   0 0  0 1  0 1  0 0
    23  -.3892744112861380E-05   2   1 0  0 0  0 0  1 0
    24  -.6562170657360541E-05   2   0 1  0 0  0 0  1 0
    25  0.1116663374938904       2   0 0  1 0  0 0  1 0
    26  -.3267297367260258       2   0 0  0 1  0 0  1 0
    27  0.7790728724828947E-05   2   1 0  0 0  0 0  0 1
    28  0.6661789446178320E-05   2   0 1  0 0  0 0  0 1
    29  -.2234831527967789       2   0 0  1 0  0 0  0 1
    30  -.1944518487794396       2   0 0  0 1  0 0  0 1
    31  0.6759814415095806E-05   2   0 0  0 0  0 2  0 0
    32  0.4292883207489055E-05   2   0 0  0 0  0 1  1 0
    33  0.6747828795430600E-05   2   0 0  0 0  0 0  2 0
    34  -.8579126277213152E-05   2   0 0  0 0  0 1  0 1
    35  -.8567580893389503E-05   2   0 0  0 0  0 0  1 1
    36  -.6538170900363191E-06   2   0 0  0 0  0 0  0 2
    37  -.1663110440393590E-02   3   3 0  0 0  0 0  0 0
    38  -.4343981912097835E-02   3   2 1  0 0  0 0  0 0
    39  -.3790646911546558E-02   3   1 2  0 0  0 0  0 0
    40  -.1101554087416491E-02   3   0 3  0 0  0 0  0 0
    41  -.6544509163775077       3   2 0  1 0  0 0  0 0
    42  -1.394966360578440       3   1 1  1 0  0 0  0 0
    43  -.9307084061425602       3   0 2  1 0  0 0  0 0
    44  0.4152201228564035E-02   3   1 0  2 0  0 0  0 0
    45  0.3627531792950227E-02   3   0 1  2 0  0 0  0 0
    46  0.1161363550884102       3   0 0  3 0  0 0  0 0
    47  -1.548445273683051       3   2 0  0 1  0 0  0 0
    48  -2.816993312649918       3   1 1  0 1  0 0  0 0
    49  -1.049825040208774       3   0 2  0 1  0 0  0 0
    50  0.7316656429388854E-02   3   1 0  1 1  0 0  0 0
    51  0.6426318886106135E-02   3   0 1  1 1  0 0  0 0
    52  -.5746229113951259E-01   3   0 0  2 1  0 0  0 0
    53  0.3253133520662616E-02   3   1 0  0 2  0 0  0 0
    54  0.2875567497367992E-02   3   0 1  0 2  0 0  0 0
    55  -.6582641079228942       3   0 0  1 2  0 0  0 0
    56  -.3797140413601632E-01   3   0 0  0 3  0 0  0 0
    57  -.1161625831220202E-03   3   2 0  0 0  0 1  0 0
    58  -.3688167047915708E-03   3   1 1  0 0  0 1  0 0
    59  -.2638542460146180E-03   3   0 2  0 0  0 1  0 0
    60  -.4827372174111586E-01   3   1 0  1 0  0 1  0 0
    61  -.8582998745287163E-01   3   0 1  1 0  0 1  0 0
    62  0.5374883914493802E-04   3   0 0  2 0  0 1  0 0
    63  -.8727386722514810E-01   3   1 0  0 1  0 1  0 0
    64  -.1153368740683856       3   0 1  0 1  0 1  0 0
    65  0.1814771376994205E-03   3   0 0  1 1  0 1  0 0
    66  0.4521360637142928E-04   3   0 0  0 2  0 1  0 0
    67  -.1160062569922072E-03   3   2 0  0 0  0 0  1 0
    68  -.3683203686519914E-03   3   1 1  0 0  0 0  1 0
    69  -.2634991634053515E-03   3   0 2  0 0  0 0  1 0
    70  -.4820875724145843E-01   3   1 0  1 0  0 0  1 0
    71  -.8571448150078485E-01   3   0 1  1 0  0 0  1 0
    72  0.5367650649031160E-04   3   0 0  2 0  0 0  1 0
    73  -.8715641816771150E-01   3   1 0  0 1  0 0  1 0
    74  -.1151816591389030       3   0 1  0 1  0 0  1 0
    75  0.1812329143202257E-03   3   0 0  1 1  0 0  1 0
    76  0.4515276003081808E-04   3   0 0  0 2  0 0  1 0
    77  0.2319855447857631E-03   3   2 0  0 0  0 0  0 1
    78  0.4349045016407456E-03   3   1 1  0 0  0 0  0 1
    79  0.2192688945490642E-03   3   0 2  0 0  0 0  0 1
    80  0.9648247800039605E-01   3   1 0  1 0  0 0  0 1
    81  0.8396970985112943E-01   3   0 1  1 0  0 0  0 1
    82  -.1073156281691587E-03   3   0 0  2 0  0 0  0 1
    83  0.8590387807537937E-01   3   1 0  0 1  0 0  0 1
    84  0.7512559565016387E-01   3   0 1  0 1  0 0  0 1
    85  -.1943137040321488E-03   3   0 0  1 1  0 0  0 1
    86  -.6666367044034462E-04   3   0 0  0 2  0 0  0 1
    87  0.2973915421364942E-05   3   1 0  0 0  0 2  0 0
    88  0.6637140986833146E-05   3   0 1  0 0  0 2  0 0
    89  -.8167552246205594E-01   3   0 0  1 0  0 2  0 0
    90  0.1984049473178910       3   0 0  0 1  0 2  0 0
    91  0.2061649894886253E-05   3   1 0  0 0  0 1  1 0
    92  0.6717006337751533E-05   3   0 1  0 0  0 1  1 0
    93  -.5161520385002701E-01   3   0 0  1 0  0 1  1 0
    94  0.6998581959748512E-01   3   0 0  0 1  0 1  1 0
    95  0.2968526030513375E-05   3   1 0  0 0  0 0  2 0
    96  0.6623689319968967E-05   3   0 1  0 0  0 0  2 0
    97  -.8153087673876003E-01   3   0 0  1 0  0 0  2 0
    98  0.1980908514814435       3   0 0  0 1  0 0  2 0
    99  -.4138664881014389E-05   3   1 0  0 0  0 1  0 1
   100  -.6880515116184119E-05   3   0 1  0 0  0 1  0 1
   101  0.1031495896704676       3   0 0  1 0  0 1  0 1
   102  0.1875444012770532       3   0 0  0 1  0 1  0 1
   103  -.4133095260866015E-05   3   1 0  0 0  0 0  1 1
   104  -.6871255643208176E-05   3   0 1  0 0  0 0  1 1
   105  0.1030107758139608       3   0 0  1 0  0 0  1 1
   106  0.1872920128604760       3   0 0  0 1  0 0  1 1
   107  0.2567927079169249E-06   3   1 0  0 0  0 0  0 2
   108  0.2497853212925772E-06   3   0 1  0 0  0 0  0 2
   109  0.8661351372315643E-02   3   0 0  1 0  0 0  0 2
   110  0.7033591169000688E-02   3   0 0  0 1  0 0  0 2
   111  -.5524836432828706E-05   3   0 0  0 0  0 3  0 0
   112  -.3056208966015021E-05   3   0 0  0 0  0 2  1 0
   113  -.3061177201129625E-05   3   0 0  0 0  0 1  2 0
   114  -.5511630159297850E-05   3   0 0  0 0  0 0  3 0
   115  0.6110428789550905E-05   3   0 0  0 0  0 2  0 1
   116  0.3648247299811095E-05   3   0 0  0 0  0 1  1 1
   117  0.6099750842820417E-05   3   0 0  0 0  0 0  2 1
   118  0.6448276215962253E-06   3   0 0  0 0  0 1  0 2
   119  0.6439598429727451E-06   3   0 0  0 0  0 0  1 2
   120  0.6294758497489785E-08   3   0 0  0 0  0 0  0 3
   121  -.8567092818148623E-03   4   4 0  0 0  0 0  0 0
   122  -.3059438408383388E-02   4   3 1  0 0  0 0  0 0
   123  -.4181417326694807E-02   4   2 2  0 0  0 0  0 0
   124  -.2446823262966138E-02   4   1 3  0 0  0 0  0 0
   125  -.4750121764580492E-03   4   0 4  0 0  0 0  0 0
   126   19.87336441934123       4   3 0  1 0  0 0  0 0
   127   52.77546809032467       4   2 1  1 0  0 0  0 0
   128   46.98626687094875       4   1 2  1 0  0 0  0 0
   129   14.06580627206610       4   0 3  1 0  0 0  0 0
   130  0.3076562864056622E-02   4   2 0  2 0  0 0  0 0
   131  0.4995155180516702E-02   4   1 1  2 0  0 0  0 0
   132  0.1920942762377415E-02   4   0 2  2 0  0 0  0 0
   133  -16.52371791240619       4   1 0  3 0  0 0  0 0
   134  -14.23671751320818       4   0 1  3 0  0 0  0 0
   135  -.1180146422187744E-02   4   0 0  4 0  0 0  0 0
   136   17.88532419906228       4   3 0  0 1  0 0  0 0
   137   47.70045455928697       4   2 1  0 1  0 0  0 0
   138   42.69467561700144       4   1 2  0 1  0 0  0 0
   139   12.86005430771769       4   0 3  0 1  0 0  0 0
   140  0.5526420351063079E-02   4   2 0  1 1  0 0  0 0
   141  0.9261617599145280E-02   4   1 1  1 1  0 0  0 0
   142  0.3465859989383709E-02   4   0 2  1 1  0 0  0 0
   143  -43.79200631647036       4   1 0  2 1  0 0  0 0
   144  -37.91903835945394       4   0 1  2 1  0 0  0 0
   145  -.3918865572908401E-02   4   0 0  3 1  0 0  0 0
   146  0.2356866450799245E-02   4   2 0  0 2  0 0  0 0
   147  0.4229355829643424E-02   4   1 1  0 2  0 0  0 0
   148  0.1702581598100533E-02   4   0 2  0 2  0 0  0 0
   149  -38.76932715690093       4   1 0  1 2  0 0  0 0
   150  -33.68785764961339       4   0 1  1 2  0 0  0 0
   151  -.4843909618351957E-02   4   0 0  2 2  0 0  0 0
   152  -11.41880343824674       4   1 0  0 3  0 0  0 0
   153  -9.941846172576167       4   0 1  0 3  0 0  0 0
   154  -.2866322271798482E-02   4   0 0  1 3  0 0  0 0
   155  -.6579354715434789E-03   4   0 0  0 4  0 0  0 0
   156  -.1809936813344583E-03   4   3 0  0 0  0 1  0 0
   157  0.1381907240407650E-02   4   2 1  0 0  0 1  0 0
   158  0.2781547174221205E-02   4   1 2  0 0  0 1  0 0
   159  0.1249058788772285E-02   4   0 3  0 0  0 1  0 0
   160  0.6869635806452696       4   2 0  1 0  0 1  0 0
   161   2.130987947127842       4   1 1  1 0  0 1  0 0
   162   1.750286653306734       4   0 2  1 0  0 1  0 0
   163  0.3101808776392422E-03   4   1 0  2 0  0 1  0 0
   164  -.1396726416083542E-02   4   0 1  2 0  0 1  0 0
   165  0.1335258463610198E-01   4   0 0  3 0  0 1  0 0
   166   1.880851354153086       4   2 0  0 1  0 1  0 0
   167   4.918188699960443       4   1 1  0 1  0 1  0 0
   168   2.699151930194616       4   0 2  0 1  0 1  0 0
   169  -.2695149785553019E-02   4   1 0  1 1  0 1  0 0
   170  -.5298564221907321E-02   4   0 1  1 1  0 1  0 0
   171  -.1089106657376977E-01   4   0 0  2 1  0 1  0 0
   172  -.2651811037706757E-02   4   1 0  0 2  0 1  0 0
   173  -.3651379751502401E-02   4   0 1  0 2  0 1  0 0
   174  0.6809335247419429       4   0 0  1 2  0 1  0 0
   175  0.1686478815644225       4   0 0  0 3  0 1  0 0
   176  -.1807501085680556E-03   4   3 0  0 0  0 0  1 0
   177  0.1380047534770539E-02   4   2 1  0 0  0 0  1 0
   178  0.2777803899123913E-02   4   1 2  0 0  0 0  1 0
   179  0.1247377864320457E-02   4   0 3  0 0  0 0  1 0
   180  0.6860390974339059       4   2 0  1 0  0 0  1 0
   181   2.128120163978584       4   1 1  1 0  0 0  1 0
   182   1.747931200016871       4   0 2  1 0  0 0  1 0
   183  0.3097634508324332E-03   4   1 0  2 0  0 0  1 0
   184  -.1394846767498212E-02   4   0 1  2 0  0 0  1 0
   185  0.1333461535698560E-01   4   0 0  3 0  0 0  1 0
   186   1.878320193042118       4   2 0  0 1  0 0  1 0
   187   4.911570033394240       4   1 1  0 1  0 0  1 0
   188   2.695519538733585       4   0 2  0 1  0 0  1 0
   189  -.2691522779989631E-02   4   1 0  1 1  0 0  1 0
   190  -.5291433663890157E-02   4   0 1  1 1  0 0  1 0
   191  -.1087640988965061E-01   4   0 0  2 1  0 0  1 0
   192  -.2648242355387736E-02   4   1 0  0 2  0 0  1 0
   193  -.3646465896716397E-02   4   0 1  0 2  0 0  1 0
   194  0.6800171564956319       4   0 0  1 2  0 0  1 0
   195  0.1684209231935123       4   0 0  0 3  0 0  1 0
   196  0.1185922608693443E-03   4   3 0  0 0  0 0  0 1
   197  0.4479106727512686E-03   4   2 1  0 0  0 0  0 1
   198  0.5293710930123274E-03   4   1 2  0 0  0 0  0 1
   199  0.2038678950860609E-03   4   0 3  0 0  0 0  0 1
   200  -1.371123796399670       4   2 0  1 0  0 0  0 1
   201  -2.860382981661502       4   1 1  1 0  0 0  0 1
   202  -1.634911113994408       4   0 2  1 0  0 0  0 1
   203  -.1140163317526831E-03   4   1 0  2 0  0 0  0 1
   204  -.9642223926045783E-04   4   0 1  2 0  0 0  0 1
   205  -.2706473763544153E-01   4   0 0  3 0  0 0  0 1
   206  -2.208861241875499       4   2 0  0 1  0 0  0 1
   207  -4.192016833077620       4   1 1  0 1  0 0  0 1
   208  -2.243296568979664       4   0 2  0 1  0 0  0 1
   209  -.2982968308886042E-03   4   1 0  1 1  0 0  0 1
   210  -.2537347192768259E-03   4   0 1  1 1  0 0  0 1
   211  0.7811186651568190E-01   4   0 0  2 1  0 0  0 1
   212  -.1501510998784084E-03   4   1 0  0 2  0 0  0 1
   213  -.1233185840153478E-03   4   0 1  0 2  0 0  0 1
   214  -.4551798446563492E-01   4   0 0  1 2  0 0  0 1
   215  -.2235089776370869       4   0 0  0 3  0 0  0 1
   216  -.8305140030146625E-04   4   2 0  0 0  0 2  0 0
   217  0.5182017994140772E-04   4   1 1  0 0  0 2  0 0
   218  0.1728062493585813E-03   4   0 2  0 0  0 2  0 0
   219  0.3539333630401217E-01   4   1 0  1 0  0 2  0 0
   220  0.8488878615828627E-01   4   0 1  1 0  0 2  0 0
   221  -.3283616590687935E-04   4   0 0  2 0  0 2  0 0
   222  0.8640877797491286E-01   4   1 0  0 1  0 2  0 0
   223  0.1431337781384257       4   0 1  0 1  0 2  0 0
   224  -.3062002090050551E-03   4   0 0  1 1  0 2  0 0
   225  -.1671820409039640E-03   4   0 0  0 2  0 2  0 0
   226  -.1007845875526624E-03   4   2 0  0 0  0 1  1 0
   227  0.7776350935956217E-04   4   1 1  0 0  0 1  1 0
   228  0.2505923806589585E-03   4   0 2  0 0  0 1  1 0
   229  0.2239847174294604E-01   4   1 0  1 0  0 1  1 0
   230  0.8358958394021038E-01   4   0 1  1 0  0 1  1 0
   231  0.2801763584649681E-05   4   0 0  2 0  0 1  1 0
   232  0.8544059748136236E-01   4   1 0  0 1  0 1  1 0
   233  0.1706717159435485       4   0 1  0 1  0 1  1 0
   234  -.2818223035178285E-03   4   0 0  1 1  0 1  1 0
   235  -.1863117977909941E-03   4   0 0  0 2  0 1  1 0
   236  -.8287181806695980E-04   4   2 0  0 0  0 0  2 0
   237  0.5169811755245528E-04   4   1 1  0 0  0 0  2 0
   238  0.1724050771443311E-03   4   0 2  0 0  0 0  2 0
   239  0.3533063421621037E-01   4   1 0  1 0  0 0  2 0
   240  0.8471830136923147E-01   4   0 1  1 0  0 0  2 0
   241  -.3279386178301148E-04   4   0 0  2 0  0 0  2 0
   242  0.8623500214911180E-01   4   1 0  0 1  0 0  2 0
   243  0.1428263144695498       4   0 1  0 1  0 0  2 0
   244  -.3055985076073772E-03   4   0 0  1 1  0 0  2 0
   245  -.1668316903738213E-03   4   0 0  0 2  0 0  2 0
   246  0.7080486160826827E-04   4   2 0  0 0  0 1  0 1
   247  -.6390731479241792E-04   4   1 1  0 0  0 1  0 1
   248  -.1183144733151824E-03   4   0 2  0 0  0 1  0 1
   249  -.4457400104666673E-01   4   1 0  1 0  0 1  0 1
   250  -.8069765330728575E-01   4   0 1  1 0  0 1  0 1
   251  -.1743146889398172E-04   4   0 0  2 0  0 1  0 1
   252  -.8342263744438043E-01   4   1 0  0 1  0 1  0 1
   253  -.1104769426565745       4   0 1  0 1  0 1  0 1
   254  0.1266684851510607E-03   4   0 0  1 1  0 1  0 1
   255  0.1402283990782696E-03   4   0 0  0 2  0 1  0 1
   256  0.7070957576243343E-04   4   2 0  0 0  0 0  1 1
   257  -.6382131134001766E-04   4   1 1  0 0  0 0  1 1
   258  -.1181552512729627E-03   4   0 2  0 0  0 0  1 1
   259  -.4451401545675832E-01   4   1 0  1 0  0 0  1 1
   260  -.8058905420861374E-01   4   0 1  1 0  0 0  1 1
   261  -.1740801044466086E-04   4   0 0  2 0  0 0  1 1
   262  -.8331037119048071E-01   4   1 0  0 1  0 0  1 1
   263  -.1103282679937454       4   0 1  0 1  0 0  1 1
   264  0.1264980206734232E-03   4   0 0  1 1  0 0  1 1
   265  0.1400396863075256E-03   4   0 0  0 2  0 0  1 1
   266  -.1129125390047626E-06   4   2 0  0 0  0 0  0 2
   267  -.2038201297086386E-06   4   1 1  0 0  0 0  0 2
   268  -.8491141198664513E-07   4   0 2  0 0  0 0  0 2
   269  -.3905537036286985E-02   4   1 0  1 0  0 0  0 2
   270  -.3723156660087458E-02   4   0 1  1 0  0 0  0 2
   271  0.5661391188090562E-04   4   0 0  2 0  0 0  0 2
   272  -.2711004782260946E-02   4   1 0  0 1  0 0  0 2
   273  -.2654915155614921E-02   4   0 1  0 1  0 0  0 2
   274  0.1049431985223979E-03   4   0 0  1 1  0 0  0 2
   275  0.4841202634479363E-04   4   0 0  0 2  0 0  0 2
   276  -.5713489580527943E-05   4   1 0  0 0  0 3  0 0
   277  -.1001415009454380E-04   4   0 1  0 0  0 3  0 0
   278  0.6662820531362550E-01   4   0 0  1 0  0 3  0 0
   279  -.1349359598185442       4   0 0  0 1  0 3  0 0
   280  -.3885170715874279E-05   4   1 0  0 0  0 2  1 0
   281  -.9461956441567979E-05   4   0 1  0 0  0 2  1 0
   282  0.3655070677165505E-01   4   0 0  1 0  0 2  1 0
   283  -.8084771255344918E-02   4   0 0  0 1  0 2  1 0
   284  -.3888845892788087E-05   4   1 0  0 0  0 1  2 0
   285  -.9463043911657734E-05   4   0 1  0 0  0 1  2 0
   286  0.3661124109111078E-01   4   0 0  1 0  0 1  2 0
   287  -.8340470218447853E-02   4   0 0  0 1  0 1  2 0
   288  -.5699345448272332E-05   4   1 0  0 0  0 0  3 0
   289  -.9987577090392291E-05   4   0 1  0 0  0 0  3 0
   290  0.6646914673516494E-01   4   0 0  1 0  0 0  3 0
   291  -.1346581415687596       4   0 0  0 1  0 0  3 0
   292  0.6689103712695040E-05   4   1 0  0 0  0 2  0 1
   293  0.1048557177295863E-04   4   0 1  0 0  0 2  0 1
   294  -.7307846850493915E-01   4   0 0  1 0  0 2  0 1
   295  -.1823156814405623       4   0 0  0 1  0 2  0 1
   296  0.4874523352719230E-05   4   1 0  0 0  0 1  1 1
   297  0.9959635943882897E-05   4   0 1  0 0  0 1  1 1
   298  -.4308704122478018E-01   4   0 0  1 0  0 1  1 1
   299  -.1770995654734958       4   0 0  0 1  0 1  1 1
   300  0.6676821880339177E-05   4   1 0  0 0  0 0  2 1
   301  0.1046475918033229E-04   4   0 1  0 0  0 0  2 1
   302  -.7295113069136509E-01   4   0 0  1 0  0 0  2 1
   303  -.1819511634643199       4   0 0  0 1  0 0  2 1
   304  -.4397714035298793E-07   4   1 0  0 0  0 1  0 2
   305  -.1365408539737045E-06   4   0 1  0 0  0 1  0 2
   306  -.8529849944040721E-02   4   0 0  1 0  0 1  0 2
   307  -.1045363454563446E-01   4   0 0  0 1  0 1  0 2
   308  -.4391795799005517E-07   4   1 0  0 0  0 0  1 2
   309  -.1363571037273572E-06   4   0 1  0 0  0 0  1 2
   310  -.8518370873983886E-02   4   0 0  1 0  0 0  1 2
   311  -.1043956653692559E-01   4   0 0  0 1  0 0  1 2
   312  0.6533409584859783E-08   4   1 0  0 0  0 0  0 3
   313  0.4981926882072057E-08   4   0 1  0 0  0 0  0 3
   314  -.9163870144847457E-04   4   0 0  1 0  0 0  0 3
   315  -.6932138275690834E-04   4   0 0  0 1  0 0  0 3
   316  0.6961392889239504E-05   4   0 0  0 0  0 4  0 0
   317  0.3164225095069923E-05   4   0 0  0 0  0 3  1 0
   318  0.2661060477915951E-05   4   0 0  0 0  0 2  2 0
   319  0.3175094249066124E-05   4   0 0  0 0  0 1  3 0
   320  0.6940537511073304E-05   4   0 0  0 0  0 0  4 0
   321  0.1305788213162271E-05   4   0 0  0 0  0 3  0 1
   322  0.1532279366647578E-05   4   0 0  0 0  0 2  1 1
   323  0.1531818617694118E-05   4   0 0  0 0  0 1  2 1
   324  0.1302122665236098E-05   4   0 0  0 0  0 0  3 1
   325  0.1163577597969475E-07   4   0 0  0 0  0 2  0 2
   326  0.1682678570095872E-07   4   0 0  0 0  0 1  1 2
   327  0.1160879475316500E-07   4   0 0  0 0  0 0  2 2
   328  -.2433367535860989E-09   4   0 0  0 0  0 1  0 3
   329  -.2430092824511867E-09   4   0 0  0 0  0 0  1 3
   330  0.1386537248816421E-14   4   0 0  0 0  0 0  0 4
   ----------------------------------------------------
     I  COEFFICIENT            ORDER EXPONENTS
     1  0.1580862379567286E-03   0   0 0  0 0  0 0  0 0
     2  0.5990273262189789E-04   1   1 0  0 0  0 0  0 0
     3  0.5537924535136574E-04   1   0 1  0 0  0 0  0 0
     4  -1.752834354054592       1   0 0  1 0  0 0  0 0
     5  -.6343351205747101       1   0 0  0 1  0 0  0 0
     6  0.6838924692848894E-05   1   0 0  0 0  0 1  0 0
     7  0.6829721190304618E-05   1   0 0  0 0  0 0  1 0
     8  0.1444175920723395E-03   1   0 0  0 0  0 0  0 1
     9  0.8272042430994390E-03   2   2 0  0 0  0 0  0 0
    10  0.1446826591986443E-02   2   1 1  0 0  0 0  0 0
    11  0.6917778185552308E-03   2   0 2  0 0  0 0  0 0
    12  0.7447582149758105       2   1 0  1 0  0 0  0 0
    13  0.6832432668688911       2   0 1  1 0  0 0  0 0
    14  0.5900047549229123E-03   2   0 0  2 0  0 0  0 0
    15  0.7036574975799778       2   1 0  0 1  0 0  0 0
    16  0.6499302703016382       2   0 1  0 1  0 0  0 0
    17  0.1448699619343744E-02   2   0 0  1 1  0 0  0 0
    18  0.7574319259668216E-03   2   0 0  0 2  0 0  0 0
    19  -.3220838786511574E-05   2   1 0  0 0  0 1  0 0
    20  -.3084893493709300E-04   2   0 1  0 0  0 1  0 0
    21  -.8518681242586727E-01   2   0 0  1 0  0 1  0 0
    22  0.7451972396592227       2   0 0  0 1  0 1  0 0
    23  -.3216504333465573E-05   2   1 0  0 0  0 0  1 0
    24  -.3080741989431458E-04   2   0 1  0 0  0 0  1 0
    25  -.8507217202841981E-01   2   0 0  1 0  0 0  1 0
    26  0.7441943883340182       2   0 0  0 1  0 0  1 0
    27  0.6633991637866357E-04   2   1 0  0 0  0 0  0 1
    28  0.6165619823443265E-04   2   0 1  0 0  0 0  0 1
    29  -1.582575369682976       2   0 0  1 0  0 0  0 1
    30  -1.489391628083645       2   0 0  0 1  0 0  0 1
    31  -.5024559914219743E-05   2   0 0  0 0  0 2  0 0
    32  -.3215051421060615E-05   2   0 0  0 0  0 1  1 0
    33  -.5015634765941892E-05   2   0 0  0 0  0 0  2 0
    34  0.1326413273173818E-04   2   0 0  0 0  0 1  0 1
    35  0.1324628248702474E-04   2   0 0  0 0  0 0  1 1
    36  -.1325519280387090E-04   2   0 0  0 0  0 0  0 2
    37  -.1526891751334572E-01   3   3 0  0 0  0 0  0 0
    38  -.4286338288265557E-01   3   2 1  0 0  0 0  0 0
    39  -.4029820507342682E-01   3   1 2  0 0  0 0  0 0
    40  -.1265736122383350E-01   3   0 3  0 0  0 0  0 0
    41  -13.55463289416918       3   2 0  1 0  0 0  0 0
    42  -26.32897146296259       3   1 1  1 0  0 0  0 0
    43  -13.42958331380418       3   0 2  1 0  0 0  0 0
    44  0.2957997670130082E-01   3   1 0  2 0  0 0  0 0
    45  0.2695112849904924E-01   3   0 1  2 0  0 0  0 0
    46  -2.369657966253691       3   0 0  3 0  0 0  0 0
    47  -11.98894652106839       3   2 0  0 1  0 0  0 0
    48  -23.82477542205248       3   1 1  0 1  0 0  0 0
    49  -13.21636259263028       3   0 2  0 1  0 0  0 0
    50  0.5558521484749036E-01   3   1 0  1 1  0 0  0 0
    51  0.5094508690289012E-01   3   0 1  1 1  0 0  0 0
    52  -7.440381589699165       3   0 0  2 1  0 0  0 0
    53  0.2637006646987773E-01   3   1 0  0 2  0 0  0 0
    54  0.2434015248745925E-01   3   0 1  0 2  0 0  0 0
    55  -6.769996653716134       3   0 0  1 2  0 0  0 0
    56  -2.589374992161145       3   0 0  0 3  0 0  0 0
    57  -.4941428658852559E-03   3   2 0  0 0  0 1  0 0
    58  -.1690362507602232E-02   3   1 1  0 0  0 1  0 0
    59  -.1151939181224295E-02   3   0 2  0 0  0 1  0 0
    60  0.4262319474025165E-01   3   1 0  1 0  0 1  0 0
    61  -.3003920412257529       3   0 1  1 0  0 1  0 0
    62  -.1059434609533419E-03   3   0 0  2 0  0 1  0 0
    63  -.3205201042991514       3   1 0  0 1  0 1  0 0
    64  -.6189476455764507       3   0 1  0 1  0 1  0 0
    65  -.9738612144972340E-03   3   0 0  1 1  0 1  0 0
    66  -.9016490997921235E-03   3   0 0  0 2  0 1  0 0
    67  -.4934778717044942E-03   3   2 0  0 0  0 0  1 0
    68  -.1688087697403525E-02   3   1 1  0 0  0 0  1 0
    69  -.1150388955763219E-02   3   0 2  0 0  0 0  1 0
    70  0.4256583445353125E-01   3   1 0  1 0  0 0  1 0
    71  -.2999877877736581       3   0 1  1 0  0 0  1 0
    72  -.1058008872365334E-03   3   0 0  2 0  0 0  1 0
    73  -.3200887634483749       3   1 0  0 1  0 0  1 0
    74  -.6181146950050260       3   0 1  0 1  0 0  1 0
    75  -.9725506379712528E-03   3   0 0  1 1  0 0  1 0
    76  -.9004357029268736E-03   3   0 0  0 2  0 0  1 0
    77  0.1813185690066015E-02   3   2 0  0 0  0 0  0 1
    78  0.3374901912094613E-02   3   1 1  0 0  0 0  0 1
    79  0.1608623491531166E-02   3   0 2  0 0  0 0  0 1
    80  0.6595719614627853       3   1 0  1 0  0 0  0 1
    81  0.6003821985270227       3   0 1  1 0  0 0  0 1
    82  0.8027719900531285E-03   3   0 0  2 0  0 0  0 1
    83  0.6406112676738788       3   1 0  0 1  0 0  0 1
    84  0.5871341138019843       3   0 1  0 1  0 0  0 1
    85  0.1948655028777870E-02   3   0 0  1 1  0 0  0 1
    86  0.1045893136578726E-02   3   0 0  0 2  0 0  0 1
    87  0.2442690072925618E-05   3   1 0  0 0  0 2  0 0
    88  0.2463542193795054E-04   3   0 1  0 0  0 2  0 0
    89  0.6251497068714712E-01   3   0 0  1 0  0 2  0 0
    90  -.5235994417861207       3   0 0  0 1  0 2  0 0
    91  0.1814190246457122E-05   3   1 0  0 0  0 1  1 0
    92  0.1864307834404058E-04   3   0 1  0 0  0 1  1 0
    93  0.3990386327748340E-01   3   0 0  1 0  0 1  1 0
    94  -.3025968848102760       3   0 0  0 1  0 1  1 0
    95  0.2438182089880026E-05   3   1 0  0 0  0 0  2 0
    96  0.2458972426004568E-04   3   0 1  0 0  0 0  2 0
    97  0.6240399061652729E-01   3   0 0  1 0  0 0  2 0
    98  -.5226911960204121       3   0 0  0 1  0 0  2 0
    99  -.6943604648878776E-05   3   1 0  0 0  0 1  0 1
   100  -.3748557391977002E-04   3   0 1  0 0  0 1  0 1
   101  -.1649335464083568       3   0 0  1 0  0 1  0 1
   102  0.6045988978845397       3   0 0  0 1  0 1  0 1
   103  -.6934260272983081E-05   3   1 0  0 0  0 0  1 1
   104  -.3743512760102271E-04   3   0 1  0 0  0 0  1 1
   105  -.1647115866146491       3   0 0  1 0  0 0  1 1
   106  0.6037852571815253       3   0 0  0 1  0 0  1 1
   107  0.7140532943146734E-05   3   1 0  0 0  0 0  0 2
   108  0.6884676552066499E-05   3   0 1  0 0  0 0  0 2
   109  0.1648224423835129       3   0 0  1 0  0 0  0 2
   110  0.1405035787445862       3   0 0  0 1  0 0  0 2
   111  0.4117602459040424E-05   3   0 0  0 0  0 3  0 0
   112  0.2307585497773491E-05   3   0 0  0 0  0 2  1 0
   113  0.2311228065277484E-05   3   0 0  0 0  0 1  2 0
   114  0.4107739920729530E-05   3   0 0  0 0  0 0  3 0
   115  -.9639231670073754E-05   3   0 0  0 0  0 2  0 1
   116  -.6025364517542801E-05   3   0 0  0 0  0 1  1 1
   117  -.9622205320572348E-05   3   0 0  0 0  0 0  2 1
   118  0.6021444359372757E-05   3   0 0  0 0  0 1  0 2
   119  0.6013340983334759E-05   3   0 0  0 0  0 0  1 2
   120  0.4070459446086341E-06   3   0 0  0 0  0 0  0 3
   121  -.6072252219834524E-02   4   4 0  0 0  0 0  0 0
   122  -.2228230388708522E-01   4   3 1  0 0  0 0  0 0
   123  -.3096330179356821E-01   4   2 2  0 0  0 0  0 0
   124  -.1872684445853927E-01   4   1 3  0 0  0 0  0 0
   125  -.4083081333679168E-02   4   0 4  0 0  0 0  0 0
   126   168.4080972914861       4   3 0  1 0  0 0  0 0
   127   469.2319731144818       4   2 1  1 0  0 0  0 0
   128   437.9735643873432       4   1 2  1 0  0 0  0 0
   129   137.2526452768838       4   0 3  1 0  0 0  0 0
   130  0.3531790548616153E-01   4   2 0  2 0  0 0  0 0
   131  0.6856606460300173E-01   4   1 1  2 0  0 0  0 0
   132  0.3305954448314696E-01   4   0 2  2 0  0 0  0 0
   133  -112.9873520248553       4   1 0  3 0  0 0  0 0
   134  -102.3259934136739       4   0 1  3 0  0 0  0 0
   135  -.5394168656605897E-02   4   0 0  4 0  0 0  0 0
   136   160.7718981289722       4   3 0  0 1  0 0  0 0
   137   450.9801142616963       4   2 1  0 1  0 0  0 0
   138   424.0337716372211       4   1 2  0 1  0 0  0 0
   139   133.9244041905698       4   0 3  0 1  0 0  0 0
   140  0.7072445646759973E-01   4   2 0  1 1  0 0  0 0
   141  0.1381937895530572       4   1 1  1 1  0 0  0 0
   142  0.6806068314613517E-01   4   0 2  1 1  0 0  0 0
   143  -315.5882171097898       4   1 0  2 1  0 0  0 0
   144  -288.1972624770185       4   0 1  2 1  0 0  0 0
   145  -.1859066583774284E-01   4   0 0  3 1  0 0  0 0
   146  0.3463771343753781E-01   4   2 0  0 2  0 0  0 0
   147  0.6848999123181305E-01   4   1 1  0 2  0 0  0 0
   148  0.3457809640787538E-01   4   0 2  0 2  0 0  0 0
   149  -296.6841349015267       4   1 0  1 2  0 0  0 0
   150  -272.8298533167171       4   0 1  1 2  0 0  0 0
   151  -.2409665922420270E-01   4   0 0  2 2  0 0  0 0
   152  -93.52015949137588       4   1 0  0 3  0 0  0 0
   153  -86.48426261393362       4   0 1  0 3  0 0  0 0
   154  -.1342537464944692E-01   4   0 0  1 3  0 0  0 0
   155  -.2425512150553537E-02   4   0 0  0 4  0 0  0 0
   156  -.1782709057141546E-02   4   3 0  0 0  0 1  0 0
   157  0.1308569537267040E-01   4   2 1  0 0  0 1  0 0
   158  0.2913536277803880E-01   4   1 2  0 0  0 1  0 0
   159  0.1436915311537904E-01   4   0 3  0 0  0 1  0 0
   160   7.426244702226540       4   2 0  1 0  0 1  0 0
   161   27.24208984260201       4   1 1  1 0  0 1  0 0
   162   19.96345568253955       4   0 2  1 0  0 1  0 0
   163  0.3277580764500175E-02   4   1 0  2 0  0 1  0 0
   164  -.8631168911134846E-02   4   0 1  2 0  0 1  0 0
   165  0.5057586951862473       4   0 0  3 0  0 1  0 0
   166   12.81667639040271       4   2 0  0 1  0 1  0 0
   167   37.01081368630903       4   1 1  0 1  0 1  0 0
   168   26.02251003657579       4   0 2  0 1  0 1  0 0
   169  -.1699665111027509E-01   4   1 0  1 1  0 1  0 0
   170  -.3712838170091081E-01   4   0 1  1 1  0 1  0 0
   171   5.518663915266091       4   0 0  2 1  0 1  0 0
   172  -.1884720705210768E-01   4   1 0  0 2  0 1  0 0
   173  -.2751620666144053E-01   4   0 1  0 2  0 1  0 0
   174   8.824447813077692       4   0 0  1 2  0 1  0 0
   175   4.610746432600355       4   0 0  0 3  0 1  0 0
   176  -.1780309971308613E-02   4   3 0  0 0  0 0  1 0
   177  0.1306808526054532E-01   4   2 1  0 0  0 0  1 0
   178  0.2909615377991420E-01   4   1 2  0 0  0 0  1 0
   179  0.1434981578631108E-01   4   0 3  0 0  0 0  1 0
   180   7.416250812093067       4   2 0  1 0  0 0  1 0
   181   27.20542872196709       4   1 1  1 0  0 0  1 0
   182   19.93658980472707       4   0 2  1 0  0 0  1 0
   183  0.3273169950774338E-02   4   1 0  2 0  0 0  1 0
   184  -.8619553490787154E-02   4   0 1  2 0  0 0  1 0
   185  0.5050780689698473       4   0 0  3 0  0 0  1 0
   186   12.79942831134554       4   2 0  0 1  0 0  1 0
   187   36.96100627750918       4   1 1  0 1  0 0  1 0
   188   25.98749016896697       4   0 2  0 1  0 0  1 0
   189  -.1697377781823529E-01   4   1 0  1 1  0 0  1 0
   190  -.3707841607461776E-01   4   0 1  1 1  0 0  1 0
   191   5.511237157454556       4   0 0  2 1  0 0  1 0
   192  -.1882184336909509E-01   4   1 0  0 2  0 0  1 0
   193  -.2747917664730945E-01   4   0 1  0 2  0 0  1 0
   194   8.812572287092671       4   0 0  1 2  0 0  1 0
   195   4.604541507348315       4   0 0  0 3  0 0  1 0
   196  0.7556298761092584E-03   4   3 0  0 0  0 0  0 1
   197  0.2148977035568731E-02   4   2 1  0 0  0 0  0 1
   198  0.2052993435749865E-02   4   1 2  0 0  0 0  0 1
   199  0.6930299486539688E-03   4   0 3  0 0  0 0  0 1
   200  -28.38297803132393       4   2 0  1 0  0 0  0 1
   201  -54.41706711953139       4   1 1  1 0  0 0  0 1
   202  -26.45398845354283       4   0 2  1 0  0 0  0 1
   203  -.2052262273634507E-02   4   1 0  2 0  0 0  0 1
   204  -.1945674283782023E-02   4   0 1  2 0  0 0  0 1
   205  -3.383659500210059       4   0 0  3 0  0 0  0 1
   206  -25.59993824824369       4   2 0  0 1  0 0  0 1
   207  -50.11208746571636       4   1 1  0 1  0 0  0 1
   208  -25.55830494481368       4   0 2  0 1  0 0  0 1
   209  -.4031484144203471E-02   4   1 0  1 1  0 0  0 1
   210  -.3949377520554440E-02   4   0 1  1 1  0 0  0 1
   211  -11.04011794009704       4   0 0  2 1  0 0  0 1
   212  -.1968828592853812E-02   4   1 0  0 2  0 0  0 1
   213  -.1949809530986519E-02   4   0 1  0 2  0 0  0 1
   214  -10.87818806147418       4   0 0  1 2  0 0  0 1
   215  -4.040644479553306       4   0 0  0 3  0 0  0 1
   216  -.2414359000674797E-03   4   2 0  0 0  0 2  0 0
   217  0.2152009759117904E-03   4   1 1  0 0  0 2  0 0
   218  0.5042678858952715E-03   4   0 2  0 0  0 2  0 0
   219  -.3185667299962621E-01   4   1 0  1 0  0 2  0 0
   220  0.2053039833806634       4   0 1  1 0  0 2  0 0
   221  -.1658191574306036E-03   4   0 0  2 0  0 2  0 0
   222  0.2251216985867198       4   1 0  0 1  0 2  0 0
   223  0.5967998018477507       4   0 1  0 1  0 2  0 0
   224  0.3390965665100449E-03   4   0 0  1 1  0 2  0 0
   225  0.7566112538859509E-03   4   0 0  0 2  0 2  0 0
   226  -.2512584879762115E-03   4   2 0  0 0  0 1  1 0
   227  0.4102693057840650E-03   4   1 1  0 0  0 1  1 0
   228  0.8641701654464940E-03   4   0 2  0 0  0 1  1 0
   229  -.2236839632981279E-01   4   1 0  1 0  0 1  1 0
   230  0.1088118854780207       4   0 1  1 0  0 1  1 0
   231  -.1463716901785016E-03   4   0 0  2 0  0 1  1 0
   232  0.1285291226148004       4   1 0  0 1  0 1  1 0
   233  0.5727144345836409       4   0 1  0 1  0 1  1 0
   234  0.2798293623796113E-03   4   0 0  1 1  0 1  1 0
   235  0.8674393616894973E-03   4   0 0  0 2  0 1  1 0
   236  -.2409419210957909E-03   4   2 0  0 0  0 0  2 0
   237  0.2146353080322796E-03   4   1 1  0 0  0 0  2 0
   238  0.5030077861988922E-03   4   0 2  0 0  0 0  2 0
   239  -.3179875062365923E-01   4   1 0  1 0  0 0  2 0
   240  0.2049544780017965       4   0 1  1 0  0 0  2 0
   241  -.1654975157621278E-03   4   0 0  2 0  0 0  2 0
   242  0.2247322561964563       4   1 0  0 1  0 0  2 0
   243  0.5956112907531411       4   0 1  0 1  0 0  2 0
   244  0.3384519357479075E-03   4   0 0  1 1  0 0  2 0
   245  0.7550093626123447E-03   4   0 0  0 2  0 0  2 0
   246  0.5564572387723810E-03   4   2 0  0 0  0 1  0 1
   247  -.1197835804651046E-03   4   1 1  0 0  0 1  0 1
   248  -.5609312283838478E-03   4   0 2  0 0  0 1  0 1
   249  0.8775101540718622E-01   4   1 0  1 0  0 1  0 1
   250  -.2162434143632340       4   0 1  1 0  0 1  0 1
   251  0.2998553308473091E-03   4   0 0  2 0  0 1  0 1
   252  -.2559322716518418       4   1 0  0 1  0 1  0 1
   253  -.5244372141252057       4   0 1  0 1  0 1  0 1
   254  -.2720397165810863E-03   4   0 0  1 1  0 1  0 1
   255  -.6730975783445686E-03   4   0 0  0 2  0 1  0 1
   256  0.5557083848453619E-03   4   2 0  0 0  0 0  1 1
   257  -.1196223813677204E-03   4   1 1  0 0  0 0  1 1
   258  -.5601763535724611E-03   4   0 2  0 0  0 0  1 1
   259  0.8763292422621323E-01   4   1 0  1 0  0 0  1 1
   260  -.2159524041673827       4   0 1  1 0  0 0  1 1
   261  0.2994517996747468E-03   4   0 0  2 0  0 0  1 1
   262  -.2555878500623229       4   1 0  0 1  0 0  1 1
   263  -.5237314512383057       4   0 1  0 1  0 0  1 1
   264  -.2716736183513000E-03   4   0 0  1 1  0 0  1 1
   265  -.6721917553456229E-03   4   0 0  0 2  0 0  1 1
   266  -.3791217478698572E-03   4   2 0  0 0  0 0  0 2
   267  -.7129961317998274E-03   4   1 1  0 0  0 0  0 2
   268  -.3327480280312742E-03   4   0 2  0 0  0 0  0 2
   269  -.8935880387732471E-01   4   1 0  1 0  0 0  0 2
   270  -.8610419854570586E-01   4   0 1  1 0  0 0  0 2
   271  -.1212982554690139E-03   4   0 0  2 0  0 0  0 2
   272  -.6651934832585948E-01   4   1 0  0 1  0 0  0 2
   273  -.6550634153809380E-01   4   0 1  0 1  0 0  0 2
   274  -.2716747531284813E-03   4   0 0  1 1  0 0  0 2
   275  -.1430698740763253E-03   4   0 0  0 2  0 0  0 2
   276  -.4750420798306544E-05   4   1 0  0 0  0 3  0 0
   277  -.2713678866647395E-04   4   0 1  0 0  0 3  0 0
   278  -.5119013978144773E-01   4   0 0  1 0  0 3  0 0
   279  0.4134332736542542       4   0 0  0 1  0 3  0 0
   280  -.3346915887179428E-05   4   1 0  0 0  0 2  1 0
   281  -.1969057084719567E-04   4   0 1  0 0  0 2  1 0
   282  -.2857536032677705E-01   4   0 0  1 0  0 2  1 0
   283  0.1932227005608982       4   0 0  0 1  0 2  1 0
   284  -.3349736138446065E-05   4   1 0  0 0  0 1  2 0
   285  -.1970552828160136E-04   4   0 1  0 0  0 1  2 0
   286  -.2862087212145092E-01   4   0 0  1 0  0 1  2 0
   287  0.1936661009545684       4   0 0  0 1  0 1  2 0
   288  -.4738582435333771E-05   4   1 0  0 0  0 0  3 0
   289  -.2706877809185198E-04   4   0 1  0 0  0 0  3 0
   290  -.5106760411651920E-01   4   0 0  1 0  0 0  3 0
   291  0.4124688656011872       4   0 0  0 1  0 0  3 0
   292  0.6635297221503227E-05   4   1 0  0 0  0 2  0 1
   293  0.3525352139052708E-04   4   0 1  0 0  0 2  0 1
   294  0.1196496498915668       4   0 0  1 0  0 2  0 1
   295  -.3862923504886543       4   0 0  0 1  0 2  0 1
   296  0.5368080701304983E-05   4   1 0  0 0  0 1  1 1
   297  0.2866940548246324E-04   4   0 1  0 0  0 1  1 1
   298  0.7449797325874656E-01   4   0 0  1 0  0 1  1 1
   299  -.1685595637242985       4   0 0  0 1  0 1  1 1
   300  0.6622755696107560E-05   4   1 0  0 0  0 0  2 1
   301  0.3518678789554079E-04   4   0 1  0 0  0 0  2 1
   302  0.1194385031009134       4   0 0  1 0  0 0  2 1
   303  -.3856590766902330       4   0 0  0 1  0 0  2 1
   304  -.1431642711514502E-05   4   1 0  0 0  0 1  0 2
   305  -.3992986980888321E-05   4   0 1  0 0  0 1  0 2
   306  -.7444141105416135E-01   4   0 0  1 0  0 1  0 2
   307  -.1340416146624255       4   0 0  0 1  0 1  0 2
   308  -.1429716074224264E-05   4   1 0  0 0  0 0  1 2
   309  -.3987613407192324E-05   4   0 1  0 0  0 0  1 2
   310  -.7434123131146686E-01   4   0 0  1 0  0 0  1 2
   311  -.1338612277745752       4   0 0  0 1  0 0  1 2
   312  0.3787540701927177E-06   4   1 0  0 0  0 0  0 3
   313  0.3089608824612054E-06   4   0 1  0 0  0 0  0 3
   314  -.5349373563515137E-02   4   0 0  1 0  0 0  0 3
   315  -.4370636271503766E-02   4   0 0  0 1  0 0  0 3
   316  -.7280743905261234E-05   4   0 0  0 0  0 4  0 0
   317  -.3710186011003638E-05   4   0 0  0 0  0 3  1 0
   318  -.3236619506099187E-05   4   0 0  0 0  0 2  2 0
   319  -.3720403760306430E-05   4   0 0  0 0  0 1  3 0
   320  -.7258662672475001E-05   4   0 0  0 0  0 0  4 0
   321  0.7747198917004034E-05   4   0 0  0 0  0 3  0 1
   322  0.3813848107611318E-05   4   0 0  0 0  0 2  1 1
   323  0.3821767038975538E-05   4   0 0  0 0  0 1  2 1
   324  0.7728997408675291E-05   4   0 0  0 0  0 0  3 1
   325  0.6534424638569034E-06   4   0 0  0 0  0 2  0 2
   326  0.7773336157389476E-06   4   0 0  0 0  0 1  1 2
   327  0.6520400423119214E-06   4   0 0  0 0  0 0  2 2
   328  0.5602613399773210E-08   4   0 0  0 0  0 1  0 3
   329  0.5595073666701764E-08   4   0 0  0 0  0 0  1 3
   330  -.1767630734296756E-13   4   0 0  0 0  0 0  0 4
   ----------------------------------------------------
     I  COEFFICIENT            ORDER EXPONENTS
     1  0.9037511426173068E-08   0   0 0  0 0  0 0  0 0
     2  0.1205208175742449E-06   1   1 0  0 0  0 0  0 0
     3  0.6490765416223673E-06   1   0 1  0 0  0 0  0 0
     4  0.1093394954355621E-04   1   0 0  1 0  0 0  0 0
     5  0.5527947085014027E-07   1   0 0  0 1  0 0  0 0
     6   1.000000000000000       1   0 0  0 0  1 0  0 0
     7  0.2621231485886542       1   0 0  0 0  0 1  0 0
     8  -.2621231477064149       1   0 0  0 0  0 0  1 0
     9  -.8822451029337057E-09   1   0 0  0 0  0 0  0 1
    10  -.7682046337975876E-01   2   2 0  0 0  0 0  0 0
    11  -.2593340153082573       2   1 1  0 0  0 0  0 0
    12  -.4293542962905696       2   0 2  0 0  0 0  0 0
    13  -.5359197525667678E-05   2   1 0  1 0  0 0  0 0
    14  -.8657586037847133E-05   2   0 1  1 0  0 0  0 0
    15  -.6529628452312418E-01   2   0 0  2 0  0 0  0 0
    16  -.8475837807546738E-05   2   1 0  0 1  0 0  0 0
    17  -.1071862792215983E-04   2   0 1  0 1  0 0  0 0
    18  0.1339398689935368E-02   2   0 0  1 1  0 0  0 0
    19  -.2123267521021377       2   0 0  0 2  0 0  0 0
    20  -.2694188788065267E-06   2   1 0  0 0  0 1  0 0
    21  -.1159053794748180E-05   2   0 1  0 0  0 1  0 0
    22  -.1596051960782275E-04   2   0 0  1 0  0 1  0 0
    23  -.4694063878138652E-05   2   0 0  0 1  0 1  0 0
    24  -.1488472551035434E-06   2   1 0  0 0  0 0  1 0
    25  -.5101387287245695E-06   2   0 1  0 0  0 0  1 0
    26  -.5034511460802851E-05   2   0 0  1 0  0 0  1 0
    27  -.4632626885047590E-05   2   0 0  0 1  0 0  1 0
    28  0.4182213389512129E-06   2   1 0  0 0  0 0  0 1
    29  0.1020022594273249E-05   2   0 1  0 0  0 0  0 1
    30  0.2099505113535942E-04   2   0 0  1 0  0 0  0 1
    31  0.9271435931846813E-05   2   0 0  0 1  0 0  0 1
    32  -.1967247331960378       2   0 0  0 0  0 2  0 0
    33  0.1313263165319229       2   0 0  0 0  0 1  1 0
    34  0.6539841539219828E-01   2   0 0  0 0  0 0  2 0
    35  0.1271676992731991E-08   2   0 0  0 0  0 1  0 1
    36  0.3901450648379714E-09   2   0 0  0 0  0 0  1 1
    37  -.3898431360435787E-09   2   0 0  0 0  0 0  0 2
    38  0.3717006747181552E-01   3   3 0  0 0  0 0  0 0
    39  0.1273523946172229       3   2 1  0 0  0 0  0 0
    40  0.1375807519230895       3   1 2  0 0  0 0  0 0
    41  0.4787238231246278E-01   3   0 3  0 0  0 0  0 0
    42  0.4788439018254214E-03   3   2 0  1 0  0 0  0 0
    43  0.8393924978364609E-03   3   1 1  1 0  0 0  0 0
    44  0.4817323061322206E-03   3   0 2  1 0  0 0  0 0
    45  0.2700693032162083E-01   3   1 0  2 0  0 0  0 0
    46  -.5737015308590218E-03   3   0 1  2 0  0 0  0 0
    47  0.5153300099969155E-04   3   0 0  3 0  0 0  0 0
    48  0.4096496627776849E-03   3   2 0  0 1  0 0  0 0
    49  0.7230262277898162E-03   3   1 1  0 1  0 0  0 0
    50  0.4077202922067358E-03   3   0 2  0 1  0 0  0 0
    51  -.2083476185423741E-02   3   1 0  1 1  0 0  0 0
    52  -.4387226195244181E-01   3   0 1  1 1  0 0  0 0
    53  0.2696164439433787E-03   3   0 0  2 1  0 0  0 0
    54  -.2300494553559934E-01   3   1 0  0 2  0 0  0 0
    55  -.3867869417682540E-01   3   0 1  0 2  0 0  0 0
    56  0.3294355877467913E-03   3   0 0  1 2  0 0  0 0
    57  0.1095501850156248E-03   3   0 0  0 3  0 0  0 0
    58  0.1182054163626905       3   2 0  0 0  0 1  0 0
    59  0.4633540921988644       3   1 1  0 0  0 1  0 0
    60  0.7605548439669730       3   0 2  0 0  0 1  0 0
    61  0.8162524160725441E-05   3   1 0  1 0  0 1  0 0
    62  0.1567923826281703E-04   3   0 1  1 0  0 1  0 0
    63  0.9516660061051542E-01   3   0 0  2 0  0 1  0 0
    64  0.1528577399419077E-04   3   1 0  0 1  0 1  0 0
    65  0.2393612027904340E-04   3   0 1  0 1  0 1  0 0
    66  0.5300422646034158E-01   3   0 0  1 1  0 1  0 0
    67  0.3183408109757693       3   0 0  0 2  0 1  0 0
    68  0.4143266896526993E-01   3   2 0  0 0  0 0  1 0
    69  0.2040944298208223       3   1 1  0 0  0 0  1 0
    70  0.3313321163261850       3   0 2  0 0  0 0  1 0
    71  0.2780957988968215E-05   3   1 0  1 0  0 0  1 0
    72  0.6944722499112614E-05   3   0 1  1 0  0 0  1 0
    73  0.2991797165742451E-01   3   0 0  2 0  0 0  1 0
    74  0.6775545992537828E-05   3   1 0  0 1  0 0  1 0
    75  0.1312647960424408E-04   3   0 1  0 1  0 0  1 0
    76  0.5426883743087044E-01   3   0 0  1 1  0 0  1 0
    77  0.1061568080491089       3   0 0  0 2  0 0  1 0
    78  -.1596384308501954       3   2 0  0 0  0 0  0 1
    79  -.4081154479760619       3   1 1  0 0  0 0  0 1
    80  -.2331791275769613       3   0 2  0 0  0 0  0 1
    81  -.1089125692387069E-04   3   1 0  1 0  0 0  0 1
    82  -.1381134542527524E-04   3   0 1  1 0  0 0  0 1
    83  -.1250847481372352       3   0 0  2 0  0 0  0 1
    84  -.1349360867920343E-04   3   1 0  0 1  0 0  0 1
    85  -.1540870043287532E-04   3   0 1  0 1  0 0  0 1
    86  -.1086126926004052       3   0 0  1 1  0 0  0 1
    87  0.1557665742038847E-03   3   0 0  0 2  0 0  0 1
    88  0.4279590355605400E-06   3   1 0  0 0  0 2  0 0
    89  0.1676249510608363E-05   3   0 1  0 0  0 2  0 0
    90  0.1951519833302595E-04   3   0 0  1 0  0 2  0 0
    91  0.1029299718692591E-04   3   0 0  0 1  0 2  0 0
    92  0.3167910846104398E-06   3   1 0  0 0  0 1  1 0
    93  0.1033816442748869E-05   3   0 1  0 0  0 1  1 0
    94  0.7117787189618137E-05   3   0 0  1 0  0 1  1 0
    95  0.1119946072093167E-04   3   0 0  0 1  0 1  1 0
    96  0.1583658805853183E-06   3   1 0  0 0  0 0  2 0
    97  0.5169914480768912E-06   3   0 1  0 0  0 0  2 0
    98  0.3564821336029175E-05   3   0 0  1 0  0 0  2 0
    99  0.5595344311069637E-05   3   0 0  0 1  0 0  2 0
   100  -.9041806950324960E-06   3   1 0  0 0  0 1  0 1
   101  -.2068897131788137E-05   3   0 1  0 0  0 1  0 1
   102  -.3019253123607532E-04   3   0 0  1 0  0 1  0 1
   103  -.2240244940952847E-04   3   0 0  0 1  0 1  0 1
   104  -.4857502696251699E-06   3   1 0  0 0  0 0  1 1
   105  -.1048616610527971E-05   3   0 1  0 0  0 0  1 1
   106  -.9214664623636395E-05   3   0 0  1 0  0 0  1 1
   107  -.1312698304080397E-04   3   0 0  0 1  0 0  1 1
   108  0.4859450635404571E-06   3   1 0  0 0  0 0  0 2
   109  0.5387179960961716E-06   3   0 1  0 0  0 0  0 2
   110  0.9207437252525786E-05   3   0 0  1 0  0 0  0 2
   111  0.8494598890001100E-05   3   0 0  0 1  0 0  0 2
   112  0.1639593933897126       3   0 0  0 0  0 3  0 0
   113  -.9842878466208002E-01   3   0 0  0 0  0 2  1 0
   114  -.3289754829969459E-01   3   0 0  0 0  0 1  2 0
   115  -.3263309964300451E-01   3   0 0  0 0  0 0  3 0
   116  -.1219652964732842E-08   3   0 0  0 0  0 2  0 1
   117  0.4961100146687666E-09   3   0 0  0 0  0 1  1 1
   118  0.2467323036220723E-09   3   0 0  0 0  0 0  2 1
   119  -.3935299237057101E-10   3   0 0  0 0  0 1  0 2
   120  -.4152755984325367E-10   3   0 0  0 0  0 0  1 2
   121  -.1142156927372320E-11   3   0 0  0 0  0 0  0 3
   122  -1.344676524608870       4   4 0  0 0  0 0  0 0
   123  -6.301233606345587       4   3 1  0 0  0 0  0 0
   124  -11.45072739718451       4   2 2  0 0  0 0  0 0
   125  -9.438854491923035       4   1 3  0 0  0 0  0 0
   126  -3.179545710392094       4   0 4  0 0  0 0  0 0
   127  -.1155412144816616E-02   4   3 0  1 0  0 0  0 0
   128  -.3174885755898039E-02   4   2 1  1 0  0 0  0 0
   129  -.2968676630174187E-02   4   1 2  1 0  0 0  0 0
   130  -.9561809712144633E-03   4   0 3  1 0  0 0  0 0
   131  -2.981854347218520       4   2 0  2 0  0 0  0 0
   132  -5.766873390135379       4   1 1  2 0  0 0  0 0
   133  -3.353523038411944       4   0 2  2 0  0 0  0 0
   134  0.8659929892232985E-03   4   1 0  3 0  0 0  0 0
   135  0.7137604603889458E-03   4   0 1  3 0  0 0  0 0
   136  -.3001437090949999       4   0 0  4 0  0 0  0 0
   137  -.1069138149740237E-02   4   3 0  0 1  0 0  0 0
   138  -.3034860204643565E-02   4   2 1  0 1  0 0  0 0
   139  -.2928306703705081E-02   4   1 2  0 1  0 0  0 0
   140  -.9725123330521068E-03   4   0 3  0 1  0 0  0 0
   141  -5.594361230812382       4   2 0  1 1  0 0  0 0
   142  -10.58058622894964       4   1 1  1 1  0 0  0 0
   143  -5.883645310940051       4   0 2  1 1  0 0  0 0
   144  0.2258298613962411E-02   4   1 0  2 1  0 0  0 0
   145  0.1838580895580053E-02   4   0 1  2 1  0 0  0 0
   146  -1.295909311927705       4   0 0  3 1  0 0  0 0
   147  -2.289878570062478       4   2 0  0 2  0 0  0 0
   148  -4.553595698621336       4   1 1  0 2  0 0  0 0
   149  -2.972348642836712       4   0 2  0 2  0 0  0 0
   150  0.1981546195597569E-02   4   1 0  1 2  0 0  0 0
   151  0.1581419672472831E-02   4   0 1  1 2  0 0  0 0
   152  -1.941228377932283       4   0 0  2 2  0 0  0 0
   153  0.5697374761274707E-03   4   1 0  0 3  0 0  0 0
   154  0.4365621433886490E-03   4   0 1  0 3  0 0  0 0
   155  -1.146320048562021       4   0 0  1 3  0 0  0 0
   156  -.3521244830822599       4   0 0  0 4  0 0  0 0
   157  -.6027274694423598E-01   4   3 0  0 0  0 1  0 0
   158  -.2555494958129429       4   2 1  0 0  0 1  0 0
   159  -.3357187630934074       4   1 2  0 0  0 1  0 0
   160  -.1389635735589616       4   0 3  0 0  0 1  0 0
   161  0.1373064608088152E-03   4   2 0  1 0  0 1  0 0
   162  -.6316630120969751E-04   4   1 1  1 0  0 1  0 0
   163  -.2377236133845805E-03   4   0 2  1 0  0 1  0 0
   164  -.3880782854791955E-01   4   1 0  2 0  0 1  0 0
   165  -.1117259296162435E-01   4   0 1  2 0  0 1  0 0
   166  0.1124622676762597E-03   4   0 0  3 0  0 1  0 0
   167  -.1506649784634070E-03   4   2 0  0 1  0 1  0 0
   168  -.4291866480329300E-03   4   1 1  0 1  0 1  0 0
   169  -.3302463543309239E-03   4   0 2  0 1  0 1  0 0
   170  -.1913031457990482E-01   4   1 0  1 1  0 1  0 0
   171  0.6537614490762193E-01   4   0 1  1 1  0 1  0 0
   172  0.1296022397659028E-03   4   0 0  2 1  0 1  0 0
   173  0.3562183933514503E-01   4   1 0  0 2  0 1  0 0
   174  0.8620522361523776E-01   4   0 1  0 2  0 1  0 0
   175  -.2411409231803295E-03   4   0 0  1 2  0 1  0 0
   176  -.1933476676561388E-03   4   0 0  0 3  0 1  0 0
   177  -.2253427072623880E-01   4   3 0  0 0  0 0  1 0
   178  -.1258529182611545       4   2 1  0 0  0 0  1 0
   179  -.1950749236816208       4   1 2  0 0  0 0  1 0
   180  -.8974435866166411E-01   4   0 3  0 0  0 0  1 0
   181  0.7327466769733610E-04   4   2 0  1 0  0 0  1 0
   182  -.2437409645936913E-03   4   1 1  1 0  0 0  1 0
   183  -.3094461784284782E-03   4   0 2  1 0  0 0  1 0
   184  -.1162014816876663E-01   4   1 0  2 0  0 0  1 0
   185  -.1111798185299509E-01   4   0 1  2 0  0 0  1 0
   186  0.3445939133397516E-04   4   0 0  3 0  0 0  1 0
   187  -.1683124970728508E-03   4   2 0  0 1  0 0  1 0
   188  -.5531660011480306E-03   4   1 1  0 1  0 0  1 0
   189  -.4117953869716777E-03   4   0 2  0 1  0 0  1 0
   190  -.2089313041682047E-01   4   1 0  1 1  0 0  1 0
   191  0.2241912080487229E-01   4   0 1  1 1  0 0  1 0
   192  0.1791044818974139E-04   4   0 0  2 1  0 0  1 0
   193  0.1280879300731827E-01   4   1 0  0 2  0 0  1 0
   194  0.4795916507671617E-01   4   0 1  0 2  0 0  1 0
   195  -.2197392336035247E-03   4   0 0  1 2  0 0  1 0
   196  -.1564988870705776E-03   4   0 0  0 3  0 0  1 0
   197  0.8206756849194972E-01   4   3 0  0 0  0 0  0 1
   198  0.2502355430844702       4   2 1  0 0  0 0  0 1
   199  0.2497809444227065       4   1 2  0 0  0 0  0 1
   200  0.8205119202809007E-01   4   0 3  0 0  0 0  0 1
   201  -.1100491529681011E-03   4   2 0  1 0  0 0  0 1
   202  -.2153553971845387E-03   4   1 1  1 0  0 0  0 1
   203  -.6801614854267880E-04   4   0 2  1 0  0 0  0 1
   204  0.5005921929381096E-01   4   1 0  2 0  0 0  0 1
   205  0.2163734860345575E-01   4   0 1  2 0  0 0  0 1
   206  -.1059112685752060E-03   4   0 0  3 0  0 0  0 1
   207  -.8481561427588456E-04   4   2 0  0 1  0 0  0 1
   208  -.2052234767477458E-03   4   1 1  0 1  0 0  0 1
   209  -.7526443469981381E-04   4   0 2  0 1  0 0  0 1
   210  0.4153603860938168E-01   4   1 0  1 1  0 0  0 1
   211  -.1796516275547947E-02   4   0 1  1 1  0 0  0 1
   212  -.2522081518873189E-03   4   0 0  2 1  0 0  0 1
   213  -.2852292034926522E-02   4   1 0  0 2  0 0  0 1
   214  -.1918461852544387E-01   4   0 1  0 2  0 0  0 1
   215  -.1699166787588349E-03   4   0 0  1 2  0 0  0 1
   216  -.1470853248651910E-04   4   0 0  0 3  0 0  0 1
   217  -.1508026313606331       4   2 0  0 0  0 2  0 0
   218  -.6561840925583264       4   1 1  0 0  0 2  0 0
   219  -1.085000949660651       4   0 2  0 0  0 2  0 0
   220  -.1287139460870363E-04   4   1 0  1 0  0 2  0 0
   221  -.3205566433989199E-04   4   0 1  1 0  0 2  0 0
   222  -.1162172418427464       4   0 0  2 0  0 2  0 0
   223  -.3236164014821552E-04   4   1 0  0 1  0 2  0 0
   224  -.5573782965322299E-04   4   0 1  0 1  0 2  0 0
   225  -.1189286838029432       4   0 0  1 1  0 2  0 0
   226  -.4094101699835168       4   0 0  0 2  0 2  0 0
   227  -.6518055598339943E-01   4   2 0  0 0  0 1  1 0
   228  -.3856206508924518       4   1 1  0 0  0 1  1 0
   229  -.6488780314214979       4   0 2  0 0  0 1  1 0
   230  -.5102383868474865E-05   4   1 0  1 0  0 1  1 0
   231  -.1691757763466302E-04   4   0 1  1 0  0 1  1 0
   232  -.4215027530628996E-01   4   0 0  2 0  0 1  1 0
   233  -.1726823446211858E-04   4   1 0  0 1  0 1  1 0
   234  -.3743354434572013E-04   4   0 1  0 1  0 1  1 0
   235  -.1318637558184242       4   0 0  1 1  0 1  1 0
   236  -.1822010149189555       4   0 0  0 2  0 1  1 0
   237  -.3262581260159519E-01   4   2 0  0 0  0 0  2 0
   238  -.1928620880724849       4   1 1  0 0  0 0  2 0
   239  -.3245132432596960       4   0 2  0 0  0 0  2 0
   240  -.2584557297561954E-05   4   1 0  1 0  0 0  2 0
   241  -.8491059480406918E-05   4   0 1  1 0  0 0  2 0
   242  -.2111067905745420E-01   4   0 0  2 0  0 0  2 0
   243  -.8661065391996697E-05   4   1 0  0 1  0 0  2 0
   244  -.1872258772111084E-04   4   0 1  0 1  0 0  2 0
   245  -.6587872907184658E-01   4   0 0  1 1  0 0  2 0
   246  -.9119174710231572E-01   4   0 0  0 2  0 0  2 0
   247  0.2485373736971560       4   2 0  0 0  0 1  0 1
   248  0.7711936937962790       4   1 1  0 0  0 1  0 1
   249  0.5371707205422416       4   0 2  0 0  0 1  0 1
   250  0.1268679534409715E-04   4   1 0  1 0  0 1  0 1
   251  0.2772137355730492E-04   4   0 1  1 0  0 1  0 1
   252  0.1794421046631047       4   0 0  2 0  0 1  0 1
   253  0.2803981922092009E-04   4   1 0  0 1  0 1  0 1
   254  0.4273822160779004E-04   4   0 1  0 1  0 1  0 1
   255  0.2637618810794736       4   0 0  1 1  0 1  0 1
   256  0.4602472376098520E-01   4   0 0  0 2  0 1  0 1
   257  0.8898152584997612E-01   4   2 0  0 0  0 0  1 1
   258  0.3631164386110668       4   1 1  0 0  0 0  1 1
   259  0.3038862438499237       4   0 2  0 0  0 0  1 1
   260  0.4474632087673940E-05   4   1 0  1 0  0 0  1 1
   261  0.1260733354718696E-04   4   0 1  1 0  0 0  1 1
   262  0.5446060406318192E-01   4   0 0  2 0  0 0  1 1
   263  0.1286339268203030E-04   4   1 0  0 1  0 0  1 1
   264  0.2265104439110110E-04   4   0 1  0 1  0 0  1 1
   265  0.1551006024774059       4   0 0  1 1  0 0  1 1
   266  0.4612434661737125E-01   4   0 0  0 2  0 0  1 1
   267  -.8892430944087379E-01   4   2 0  0 0  0 0  0 2
   268  -.1590096095993600       4   1 1  0 0  0 0  0 2
   269  -.7074551141354780E-01   4   0 2  0 0  0 0  0 2
   270  -.2104537596999600E-05   4   1 0  1 0  0 0  0 2
   271  -.1755633358592221E-05   4   0 1  1 0  0 0  0 2
   272  -.5441653249142153E-01   4   0 0  2 0  0 0  0 2
   273  -.1809299392831480E-05   4   1 0  0 1  0 0  0 2
   274  -.1504726461007663E-05   4   0 1  0 1  0 0  0 2
   275  -.1008326352741899       4   0 0  1 1  0 0  0 2
   276  -.4631494149689786E-01   4   0 0  0 2  0 0  0 2
   277  -.1120243026405547E-03   4   1 0  0 0  0 3  0 0
   278  -.2091396862706905E-03   4   0 1  0 0  0 3  0 0
   279  -.2782521746135454E-04   4   0 0  1 0  0 3  0 0
   280  -.9497111892719422E-05   4   0 0  0 1  0 3  0 0
   281  -.5576655579832952E-04   4   1 0  0 0  0 2  1 0
   282  -.1045558212842354E-03   4   0 1  0 0  0 2  1 0
   283  -.9683547176843933E-05   4   0 0  1 0  0 2  1 0
   284  -.1490354400476654E-04   4   0 0  0 1  0 2  1 0
   285  -.3470244057911276E-04   4   1 0  0 0  0 1  2 0
   286  -.6517147861644405E-04   4   0 1  0 0  0 1  2 0
   287  -.5474499400796269E-05   4   0 0  1 0  0 1  2 0
   288  -.1050008114667902E-04   4   0 0  0 1  0 1  2 0
   289  -.1861569844735995E-04   4   1 0  0 0  0 0  3 0
   290  -.3490162686190252E-04   4   0 1  0 0  0 0  3 0
   291  -.3238550556630151E-05   4   0 0  1 0  0 0  3 0
   292  -.4960805630266324E-05   4   0 0  0 1  0 0  3 0
   293  0.1035060350555282E-03   4   1 0  0 0  0 2  0 1
   294  0.9644240554285396E-04   4   0 1  0 0  0 2  0 1
   295  0.2167468101411601E-04   4   0 0  1 0  0 2  0 1
   296  0.3937235416999281E-04   4   0 0  0 1  0 2  0 1
   297  0.5115802521914520E-04   4   1 0  0 0  0 1  1 1
   298  0.5236511045512814E-04   4   0 1  0 0  0 1  1 1
   299  0.5918503323827669E-05   4   0 0  1 0  0 1  1 1
   300  0.2741893754482477E-04   4   0 0  0 1  0 1  1 1
   301  0.2559688409409278E-04   4   1 0  0 0  0 0  2 1
   302  0.2619444243032265E-04   4   0 1  0 0  0 0  2 1
   303  0.2967887420505827E-05   4   0 0  1 0  0 0  2 1
   304  0.1370856313961889E-04   4   0 0  0 1  0 0  2 1
   305  -.5678961589218984E-05   4   1 0  0 0  0 1  0 2
   306  -.4932525233781844E-05   4   0 1  0 0  0 1  0 2
   307  0.1627663239054992E-05   4   0 0  1 0  0 1  0 2
   308  -.2311522136999410E-05   4   0 0  0 1  0 1  0 2
   309  -.3972726671107691E-05   4   1 0  0 0  0 0  1 2
   310  -.3552381908864733E-05   4   0 1  0 0  0 0  1 2
   311  0.1097519678065327E-05   4   0 0  1 0  0 0  1 2
   312  -.2737138531778365E-05   4   0 0  0 1  0 0  1 2
   313  0.1621308832746958E-07   4   1 0  0 0  0 0  0 3
   314  0.1214914374614206E-07   4   0 1  0 0  0 0  0 3
   315  0.5604036797749281E-08   4   0 0  1 0  0 0  0 3
   316  0.4239479392322197E-08   4   0 0  0 1  0 0  0 3
   317  -.1434727835451726       4   0 0  0 0  0 4  0 0
   318  0.8201284892400323E-01   4   0 0  0 0  0 3  1 0
   319  0.2462383828342846E-01   4   0 0  0 0  0 2  2 0
   320  0.1648163263331564E-01   4   0 0  0 0  0 1  3 0
   321  0.2035440576291495E-01   4   0 0  0 0  0 0  4 0
   322  0.2236328263702496E-08   4   0 0  0 0  0 3  0 1
   323  0.1934182163832759E-08   4   0 0  0 0  0 2  1 1
   324  0.1723505334313803E-08   4   0 0  0 0  0 1  2 1
   325  0.5583468335342938E-09   4   0 0  0 0  0 0  3 1
   326  -.1425097330399270E-10   4   0 0  0 0  0 2  0 2
   327  -.6346309629126765E-10   4   0 0  0 0  0 1  1 2
   328  -.9143546693839856E-11   4   0 0  0 0  0 0  2 2
   329  0.4331096869713915E-12   4   0 0  0 0  0 1  0 3
   330  -.7065580455803768E-12   4   0 0  0 0  0 0  1 3
   ----------------------------------------------------
     I  COEFFICIENT            ORDER EXPONENTS
     1   1.000000000000000       1   0 0  0 0  0 1  0 0
     --------------------------------------------------
     I  COEFFICIENT            ORDER EXPONENTS
     1   1.000000000000000       1   0 0  0 0  0 0  1 0
     --------------------------------------------------
     I  COEFFICIENT            ORDER EXPONENTS
     1   1.000000000000000       1   0 0  0 0  0 0  0 1
     --------------------------------------------------
