 L    0.1049906000000000E+01
 P (  0.0000000000000000E+00,  0.0000000000000000E+00,  0.0000000000000000E+00)
 A (  0.0000000000000000E+00,  0.0000000000000000E+00,  0.0000000000000000E+00)
     I  COEFFICIENT            ORDER EXPONENTS
     1  0.9115215449993833E-04   0   0 0  0 0  0 0  0 0
     2   1.299514437397275       1   1 0  0 0  0 0  0 0
     3   1.308506449879788       1   0 1  0 0  0 0  0 0
     4  0.9306933559395653E-05   1   0 0  1 0  0 0  0 0
     5  0.7906193339025115E-05   1   0 0  0 1  0 0  0 0
     6  0.8351368012175379E-06   1   0 0  0 0  0 1  0 0
     7  0.8340129134691786E-06   1   0 0  0 0  0 0  1 0
     8  -.1669149713665994E-05   1   0 0  0 0  0 0  0 1
     9  -.7104232628127616E-01   2   2 0  0 0  0 0  0 0
    10  -.1241878144669531       2   1 1  0 0  0 0  0 0
    11  -.5449363089920384E-01   2   0 2  0 0  0 0  0 0
    12  0.3755442188784729E-03   2   1 0  1 0  0 0  0 0
    13  0.9663141193691025E-04   2   0 1  1 0  0 0  0 0
    14  0.5815632876619481E-01   2   0 0  2 0  0 0  0 0
    15  0.3424107493544134E-03   2   1 0  0 1  0 0  0 0
    16  0.1149542505236033E-03   2   0 1  0 1  0 0  0 0
    17  0.1016909905838278       2   0 0  1 1  0 0  0 0
    18  0.4470370288868510E-01   2   0 0  0 2  0 0  0 0
    19  -.1563305297167725       2   1 0  0 0  0 1  0 0
    20  -.7893170457526814       2   0 1  0 0  0 1  0 0
    21  -.4974730882341162E-05   2   0 0  1 0  0 1  0 0
    22  -.8202421925013442E-05   2   0 0  0 1  0 1  0 0
    23  -.1561201474574816       2   1 0  0 0  0 0  1 0
    24  -.7882548200717301       2   0 1  0 0  0 0  1 0
    25  -.4968036123970628E-05   2   0 0  1 0  0 0  1 0
    26  -.8191383492153477E-05   2   0 0  0 1  0 0  1 0
    27  0.3124506771876840       2   1 0  0 0  0 0  0 1
    28  0.2690654159581117       2   0 1  0 0  0 0  0 1
    29  0.9942760493001054E-05   2   0 0  1 0  0 0  0 1
    30  0.8487606114190880E-05   2   0 0  0 1  0 0  0 1
    31  -.7077751702415449E-06   2   0 0  0 0  0 2  0 0
    32  -.5807394908724007E-06   2   0 0  0 0  0 1  1 0
    33  -.7064319139363473E-06   2   0 0  0 0  0 0  2 0
    34  0.1161092783407736E-05   2   0 0  0 0  0 1  0 1
    35  0.1159530239460110E-05   2   0 0  0 0  0 0  1 1
    36  -.3257319885301246E-06   2   0 0  0 0  0 0  0 2
    37   1.370805725313349       3   3 0  0 0  0 0  0 0
    38   5.904800597214762       3   2 1  0 0  0 0  0 0
    39   7.648492506675066       3   1 2  0 0  0 0  0 0
    40   3.751608320253434       3   0 3  0 0  0 0  0 0
    41  -.5754910589384564E-02   3   2 0  1 0  0 0  0 0
    42  -.9953564433687593E-02   3   1 1  1 0  0 0  0 0
    43  -.4306249369869977E-02   3   0 2  1 0  0 0  0 0
    44  -.6214459736960667       3   1 0  2 0  0 0  0 0
    45  0.6450075468489577       3   0 1  2 0  0 0  0 0
    46  0.1553003688067701E-02   3   0 0  3 0  0 0  0 0
    47  -.5018648812972188E-02   3   2 0  0 1  0 0  0 0
    48  -.8721012132252633E-02   3   1 1  0 1  0 0  0 0
    49  -.3786750957675088E-02   3   0 2  0 1  0 0  0 0
    50  -1.559106916869818       3   1 0  1 1  0 0  0 0
    51  0.5003835700530468       3   0 1  1 1  0 0  0 0
    52  0.4078873405343786E-02   3   0 0  2 1  0 0  0 0
    53  -.5582957881691162       3   1 0  0 2  0 0  0 0
    54  0.8975385001869342       3   0 1  0 2  0 0  0 0
    55  0.3599821506036454E-02   3   0 0  1 2  0 0  0 0
    56  0.1071652878921504E-02   3   0 0  0 3  0 0  0 0
    57  0.4045695503363801E-01   3   2 0  0 0  0 1  0 0
    58  0.1326987153689571       3   1 1  0 0  0 1  0 0
    59  0.8540723494655891E-01   3   0 2  0 0  0 1  0 0
    60  -.2251594778049217E-03   3   1 0  1 0  0 1  0 0
    61  -.1240519130251757E-03   3   0 1  1 0  0 1  0 0
    62  -.2748247607758820E-01   3   0 0  2 0  0 1  0 0
    63  -.3953145917557568E-03   3   1 0  0 1  0 1  0 0
    64  -.2158048870515559E-03   3   0 1  0 1  0 1  0 0
    65  -.9878687701045377E-01   3   0 0  1 1  0 1  0 0
    66  -.6574586397702631E-01   3   0 0  0 2  0 1  0 0
    67  0.4040250997022412E-01   3   2 0  0 0  0 0  1 0
    68  0.1325201356916877       3   1 1  0 0  0 0  1 0
    69  0.8529229791487161E-01   3   0 2  0 0  0 0  1 0
    70  -.2248564687910902E-03   3   1 0  1 0  0 0  1 0
    71  -.1238849698069900E-03   3   0 1  1 0  0 0  1 0
    72  -.2744549145648718E-01   3   0 0  2 0  0 0  1 0
    73  -.3947825960087029E-03   3   1 0  0 1  0 0  1 0
    74  -.2155144670050932E-03   3   0 1  0 1  0 0  1 0
    75  -.9865393428703730E-01   3   0 0  1 1  0 0  1 0
    76  -.6565738629178125E-01   3   0 0  0 2  0 0  1 0
    77  -.8085950557213259E-01   3   2 0  0 0  0 0  0 1
    78  -.1410310944531435       3   1 1  0 0  0 0  0 1
    79  -.6171229058205060E-01   3   0 2  0 0  0 0  0 1
    80  0.4496571204654332E-03   3   1 0  1 0  0 0  0 1
    81  0.1509380539297245E-03   3   0 1  1 0  0 0  0 1
    82  0.5492798008891794E-01   3   0 0  2 0  0 0  0 1
    83  0.4473269129032706E-03   3   1 0  0 1  0 0  0 1
    84  0.2010434952030061E-03   3   0 1  0 1  0 0  0 1
    85  0.9574982429147103E-01   3   0 0  1 1  0 0  0 1
    86  0.4199583846444666E-01   3   0 0  0 2  0 0  0 1
    87  0.1204968914611804       3   1 0  0 0  0 2  0 0
    88  0.6618594480531573       3   0 1  0 0  0 2  0 0
    89  0.3926255035184588E-05   3   0 0  1 0  0 2  0 0
    90  0.8468207546587222E-05   3   0 0  0 1  0 2  0 0
    91  0.8475953471727006E-01   3   1 0  0 0  0 1  1 0
    92  0.5347436835736705       3   0 1  0 0  0 1  1 0
    93  0.2819166306404029E-05   3   0 0  1 0  0 1  1 0
    94  0.8667041711139586E-05   3   0 0  0 1  0 1  1 0
    95  0.1202776997298519       3   1 0  0 0  0 0  2 0
    96  0.6606089323764441       3   0 1  0 0  0 0  2 0
    97  0.3919074315716748E-05   3   0 0  1 0  0 0  2 0
    98  0.8450979583858135E-05   3   0 0  0 1  0 0  2 0
    99  -.1694232216932608       3   1 0  0 0  0 1  0 1
   100  -.2798293098136056       3   0 1  0 0  0 1  0 1
   101  -.5583003987008305E-05   3   0 0  1 0  0 1  0 1
   102  -.9035219722635661E-05   3   0 0  0 1  0 1  0 1
   103  -.1691952199061472       3   1 0  0 0  0 0  1 1
   104  -.2794527287163585       3   0 1  0 0  0 0  1 1
   105  -.5575490643360508E-05   3   0 0  1 0  0 0  1 1
   106  -.9023060549748148E-05   3   0 0  0 1  0 0  1 1
   107  0.1308401971025995E-01   3   1 0  0 0  0 0  0 2
   108  0.1057575007446189E-01   3   0 1  0 0  0 0  0 2
   109  0.5476430209848987E-06   3   0 0  1 0  0 0  0 2
   110  0.4951324229180651E-06   3   0 0  0 1  0 0  0 2
   111  0.6450482304393784E-06   3   0 0  0 0  0 3  0 0
   112  0.5194450473600310E-06   3   0 0  0 0  0 2  1 0
   113  0.5196968413037132E-06   3   0 0  0 0  0 1  2 0
   114  0.6433970660012150E-06   3   0 0  0 0  0 0  3 0
   115  -.1038980243565361E-05   3   0 0  0 0  0 2  0 1
   116  -.9170268394325119E-06   3   0 0  0 0  0 1  1 1
   117  -.1036964987249858E-05   3   0 0  0 0  0 0  2 1
   118  0.3362649996422458E-06   3   0 0  0 0  0 1  0 2
   119  0.3358124700532907E-06   3   0 0  0 0  0 0  1 2
   120  -.6886855752479874E-08   3   0 0  0 0  0 0  0 3
   121  -7.872175857001134       4   4 0  0 0  0 0  0 0
   122  -28.59900518090500       4   3 1  0 0  0 0  0 0
   123  -39.18947846899250       4   2 2  0 0  0 0  0 0
   124  -24.06045085667673       4   1 3  0 0  0 0  0 0
   125  -5.593992870656144       4   0 4  0 0  0 0  0 0
   126  -.4547821838374642E-02   4   3 0  1 0  0 0  0 0
   127  -.1209419002656241E-01   4   2 1  1 0  0 0  0 0
   128  -.1121027544788237E-01   4   1 2  1 0  0 0  0 0
   129  -.3550223194838899E-02   4   0 3  1 0  0 0  0 0
   130   34.97717164933673       4   2 0  2 0  0 0  0 0
   131   60.83811892129703       4   1 1  2 0  0 0  0 0
   132   26.65495415996028       4   0 2  2 0  0 0  0 0
   133  0.2874029487393588E-02   4   1 0  3 0  0 0  0 0
   134  0.2875021087869755E-02   4   0 1  3 0  0 0  0 0
   135  -4.695221443562903       4   0 0  4 0  0 0  0 0
   136  -.4463929809955049E-02   4   3 0  0 1  0 0  0 0
   137  -.1181270922286560E-01   4   2 1  0 1  0 0  0 0
   138  -.1050039811454229E-01   4   1 2  0 1  0 0  0 0
   139  -.3124128262004261E-02   4   0 3  0 1  0 0  0 0
   140   62.21473954170126       4   2 0  1 1  0 0  0 0
   141   108.8288636526532       4   1 1  1 1  0 0  0 0
   142   47.99261481002769       4   0 2  1 1  0 0  0 0
   143  0.6624759802128522E-02   4   1 0  2 1  0 0  0 0
   144  0.6342710469255154E-02   4   0 1  2 1  0 0  0 0
   145  -16.22714906902385       4   0 0  3 1  0 0  0 0
   146   27.72481997191893       4   2 0  0 2  0 0  0 0
   147   48.70792286098328       4   1 1  0 2  0 0  0 0
   148   21.59025716776775       4   0 2  0 2  0 0  0 0
   149  0.4937692640399234E-02   4   1 0  1 2  0 0  0 0
   150  0.4471570424239771E-02   4   0 1  1 2  0 0  0 0
   151  -21.11150311160620       4   0 0  2 2  0 0  0 0
   152  0.1442187348451170E-02   4   1 0  0 3  0 0  0 0
   153  0.1181532084201402E-02   4   0 1  0 3  0 0  0 0
   154  -12.20085661925686       4   0 0  1 3  0 0  0 0
   155  -2.630582314134020       4   0 0  0 4  0 0  0 0
   156  -1.831567816484285       4   3 0  0 0  0 1  0 0
   157  -9.587160561677353       4   2 1  0 0  0 1  0 0
   158  -15.31580039658244       4   1 2  0 0  0 1  0 0
   159  -8.554723609192282       4   0 3  0 0  0 1  0 0
   160  -.6401196979002382E-03   4   2 0  1 0  0 1  0 0
   161  0.3251587863922491E-02   4   1 1  1 0  0 1  0 0
   162  0.3234064331281163E-02   4   0 2  1 0  0 1  0 0
   163  0.5118742825298456       4   1 0  2 0  0 1  0 0
   164  -.5036075258506599       4   0 1  2 0  0 1  0 0
   165  0.7569222071415373E-04   4   0 0  3 0  0 1  0 0
   166  0.1576243292381670E-02   4   2 0  0 1  0 1  0 0
   167  0.6490069310345114E-02   4   1 1  0 1  0 1  0 0
   168  0.4389735191341369E-02   4   0 2  0 1  0 1  0 0
   169   2.179375862302558       4   1 0  1 1  0 1  0 0
   170  -.2483665812558577       4   0 1  1 1  0 1  0 0
   171  -.1673638570926237E-02   4   0 0  2 1  0 1  0 0
   172   1.204161290488195       4   1 0  0 2  0 1  0 0
   173  -1.223491288826087       4   0 1  0 2  0 1  0 0
   174  -.3133042911783707E-02   4   0 0  1 2  0 1  0 0
   175  -.1432101374823124E-02   4   0 0  0 3  0 1  0 0
   176  -1.829102978835771       4   3 0  0 0  0 0  1 0
   177  -9.574258612821051       4   2 1  0 0  0 0  1 0
   178  -15.29518911421780       4   1 2  0 0  0 0  1 0
   179  -8.543211065329348       4   0 3  0 0  0 0  1 0
   180  -.6392582549786117E-03   4   2 0  1 0  0 0  1 0
   181  0.3247212030217228E-02   4   1 1  1 0  0 0  1 0
   182  0.3229712079920283E-02   4   0 2  1 0  0 0  1 0
   183  0.5111854262442211       4   1 0  2 0  0 0  1 0
   184  -.5029297945765677       4   0 1  2 0  0 0  1 0
   185  0.7559035769076763E-04   4   0 0  3 0  0 0  1 0
   186  0.1574122058444544E-02   4   2 0  0 1  0 0  1 0
   187  0.6481335280933597E-02   4   1 1  0 1  0 0  1 0
   188  0.4383827692601895E-02   4   0 2  0 1  0 0  1 0
   189   2.176442960977499       4   1 0  1 1  0 0  1 0
   190  -.2480323412159159       4   0 1  1 1  0 0  1 0
   191  -.1671386267013338E-02   4   0 0  2 1  0 0  1 0
   192   1.202540786973612       4   1 0  0 2  0 0  1 0
   193  -1.221844771910734       4   0 1  0 2  0 0  1 0
   194  -.3128826610288226E-02   4   0 0  1 2  0 0  1 0
   195  -.1430174120285487E-02   4   0 0  0 3  0 0  1 0
   196   3.659410676182675       4   3 0  0 0  0 0  0 1
   197   13.25272867217877       4   2 1  0 0  0 0  0 1
   198   15.30999711829389       4   1 2  0 0  0 0  0 1
   199   5.841731021341384       4   0 3  0 0  0 0  0 1
   200  0.5150854949978877E-03   4   2 0  1 0  0 0  0 1
   201  0.1146499061484122E-02   4   1 1  1 0  0 0  0 1
   202  0.6416403970544923E-03   4   0 2  1 0  0 0  0 1
   203  -1.021253152768191       4   1 0  2 0  0 0  0 1
   204  0.3633876679975420       4   0 1  2 0  0 0  0 1
   205  -.4072071821352469E-05   4   0 0  3 0  0 0  0 1
   206  0.6276218625073712E-03   4   2 0  0 1  0 0  0 1
   207  0.1326257404983007E-02   4   1 1  0 1  0 0  0 1
   208  0.7136496268934005E-03   4   0 2  0 1  0 0  0 1
   209  -2.793073521633772       4   1 0  1 1  0 0  0 1
   210  -.5006396163651364       4   0 1  1 1  0 0  0 1
   211  -.1735160761392620E-04   4   0 0  2 1  0 0  0 1
   212  -1.288286014780138       4   1 0  0 2  0 0  0 1
   213  -.2454141568424350       4   0 1  0 2  0 0  0 1
   214  -.5763507755001936E-05   4   0 0  1 2  0 0  0 1
   215  0.1089934692429860E-04   4   0 0  0 3  0 0  0 1
   216  -.3435250977001408E-01   4   2 0  0 0  0 2  0 0
   217  -.1426958253822496       4   1 1  0 0  0 2  0 0
   218  -.1127703681033210       4   0 2  0 0  0 2  0 0
   219  -.1801551124618548E-04   4   1 0  1 0  0 2  0 0
   220  0.1256136168247048E-03   4   0 1  1 0  0 2  0 0
   221  0.1943662822708398E-01   4   0 0  2 0  0 2  0 0
   222  0.3238297639085247E-03   4   1 0  0 1  0 2  0 0
   223  0.4030299218541241E-03   4   0 1  0 1  0 2  0 0
   224  0.9604140733144226E-01   4   0 0  1 1  0 2  0 0
   225  0.8055261809311108E-01   4   0 0  0 2  0 2  0 0
   226  -.2710943859402352E-01   4   2 0  0 0  0 1  1 0
   227  -.1499824666315568       4   1 1  0 0  0 1  1 0
   228  -.1383324352607085       4   0 2  0 0  0 1  1 0
   229  -.7995845710285600E-04   4   1 0  1 0  0 1  1 0
   230  0.1192864389707063E-03   4   0 1  1 0  0 1  1 0
   231  0.1185544089168159E-01   4   0 0  2 0  0 1  1 0
   232  0.3540033861612968E-03   4   1 0  0 1  0 1  1 0
   233  0.4996356468833404E-03   4   0 1  0 1  0 1  1 0
   234  0.9397806210010012E-01   4   0 0  1 1  0 1  1 0
   235  0.9565597166045058E-01   4   0 0  0 2  0 1  1 0
   236  -.3428803847892579E-01   4   2 0  0 0  0 0  2 0
   237  -.1424028723978911       4   1 1  0 0  0 0  2 0
   238  -.1125255264206160       4   0 2  0 0  0 0  2 0
   239  -.1793746465856309E-04   4   1 0  1 0  0 0  2 0
   240  0.1253643069052927E-03   4   0 1  1 0  0 0  2 0
   241  0.1940249408202024E-01   4   0 0  2 0  0 0  2 0
   242  0.3231557685370869E-03   4   1 0  0 1  0 0  2 0
   243  0.4021513501261513E-03   4   0 1  0 1  0 0  2 0
   244  0.9584892370825934E-01   4   0 0  1 1  0 0  2 0
   245  0.8037984952671924E-01   4   0 0  0 2  0 0  2 0
   246  0.5288740939763686E-01   4   2 0  0 0  0 1  0 1
   247  0.1633129681476068       4   1 1  0 0  0 1  0 1
   248  0.1025794353615223       4   0 2  0 0  0 1  0 1
   249  0.5435588008911831E-04   4   1 0  1 0  0 1  0 1
   250  -.6549911383797678E-04   4   0 1  1 0  0 1  0 1
   251  -.2412036277732187E-01   4   0 0  2 0  0 1  0 1
   252  -.2472434780918514E-03   4   1 0  0 1  0 1  0 1
   253  -.2482960158424520E-03   4   0 1  0 1  0 1  0 1
   254  -.8975947492354805E-01   4   0 0  1 1  0 1  0 1
   255  -.6031593885509189E-01   4   0 0  0 2  0 1  0 1
   256  0.5281623601456522E-01   4   2 0  0 0  0 0  1 1
   257  0.1630931892517451       4   1 1  0 0  0 0  1 1
   258  0.1024413887918134       4   0 2  0 0  0 0  1 1
   259  0.5428273050739808E-04   4   1 0  1 0  0 0  1 1
   260  -.6541096821743998E-04   4   0 1  1 0  0 0  1 1
   261  -.2408790272984945E-01   4   0 0  2 0  0 0  1 1
   262  -.2469107494712171E-03   4   1 0  0 1  0 0  1 1
   263  -.2479618707661172E-03   4   0 1  0 1  0 0  1 1
   264  -.8963868085241343E-01   4   0 0  1 1  0 0  1 1
   265  -.6023476850717242E-01   4   0 0  0 2  0 0  1 1
   266  -.1092146988795708E-01   4   2 0  0 0  0 0  0 2
   267  -.1876457580890005E-01   4   1 1  0 0  0 0  0 2
   268  -.8053151540227583E-02   4   0 2  0 0  0 0  0 2
   269  -.6188246348310080E-04   4   1 0  1 0  0 0  0 2
   270  -.5799334910667408E-04   4   0 1  1 0  0 0  0 2
   271  -.2908812549729509E-02   4   0 0  2 0  0 0  0 2
   272  -.4784329813077893E-04   4   1 0  0 1  0 0  0 2
   273  -.4538090229879667E-04   4   0 1  0 1  0 0  0 2
   274  -.5382555377020395E-02   4   0 0  1 1  0 0  0 2
   275  -.2463593049021428E-02   4   0 0  0 2  0 0  0 2
   276  -.1026134964722521       4   1 0  0 0  0 3  0 0
   277  -.5995149484204501       4   0 1  0 0  0 3  0 0
   278  -.6657182299827414E-05   4   0 0  1 0  0 3  0 0
   279  -.1213155127047572E-04   4   0 0  0 1  0 3  0 0
   280  -.6686572783684240E-01   4   1 0  0 0  0 2  1 0
   281  -.4749013270036590       4   0 1  0 0  0 2  1 0
   282  -.4356584905000165E-05   4   0 0  1 0  0 2  1 0
   283  -.1154343462380374E-04   4   0 0  0 1  0 2  1 0
   284  -.6693761057290536E-01   4   1 0  0 0  0 1  2 0
   285  -.4751512470839269       4   0 1  0 0  0 1  2 0
   286  -.4361210873583112E-05   4   0 0  1 0  0 1  2 0
   287  -.1154458885701966E-04   4   0 0  0 1  0 1  2 0
   288  -.1023614261619698       4   1 0  0 0  0 0  3 0
   289  -.5979856308288257       4   0 1  0 0  0 0  3 0
   290  -.6640816426319573E-05   4   0 0  1 0  0 0  3 0
   291  -.1209930532804648E-04   4   0 0  0 1  0 0  3 0
   292  0.1337026741082259       4   1 0  0 0  0 2  0 1
   293  0.2878571310152943       4   0 1  0 0  0 2  0 1
   294  0.7751696913088069E-05   4   0 0  1 0  0 2  0 1
   295  0.1278414270604576E-04   4   0 0  0 1  0 2  0 1
   296  0.9807600600743879E-01   4   1 0  0 0  0 1  1 1
   297  0.2958608977447114       4   0 1  0 0  0 1  1 1
   298  0.5447530258536952E-05   4   0 0  1 0  0 1  1 1
   299  0.1222300248997577E-04   4   0 0  0 1  0 1  1 1
   300  0.1334567503172402       4   1 0  0 0  0 0  2 1
   301  0.2872706686282412       4   0 1  0 0  0 0  2 1
   302  0.7737599530060182E-05   4   0 0  1 0  0 0  2 1
   303  0.1275871383893740E-04   4   0 0  0 1  0 0  2 1
   304  -.1331290506823197E-01   4   1 0  0 0  0 1  0 2
   305  -.1603904836239569E-01   4   0 1  0 0  0 1  0 2
   306  0.1303164793722293E-08   4   0 0  1 0  0 1  0 2
   307  -.2127128153011042E-06   4   0 0  0 1  0 1  0 2
   308  -.1329498918800712E-01   4   1 0  0 0  0 0  1 2
   309  -.1601746376700434E-01   4   0 1  0 0  0 0  1 2
   310  0.1301411055941662E-08   4   0 0  1 0  0 0  1 2
   311  -.2124265564191009E-06   4   0 0  0 1  0 0  1 2
   312  0.1465642456706262E-03   4   1 0  0 0  0 0  0 3
   313  0.1097169395172905E-03   4   0 1  0 0  0 0  0 3
   314  0.1011746352630467E-07   4   0 0  1 0  0 0  0 3
   315  0.7625166553753423E-08   4   0 0  0 1  0 0  0 3
   316  -.3045073673704103E-04   4   0 0  0 0  0 4  0 0
   317  -.2046216088472842E-04   4   0 0  0 0  0 3  1 0
   318  -.1913901568719479E-04   4   0 0  0 0  0 2  2 0
   319  -.2049069699578319E-04   4   0 0  0 0  0 1  3 0
   320  -.3035506471003713E-04   4   0 0  0 0  0 0  4 0
   321  0.4910863619944820E-05   4   0 0  0 0  0 3  0 1
   322  0.5834407224479681E-05   4   0 0  0 0  0 2  1 1
   323  0.5832529591557748E-05   4   0 0  0 0  0 1  2 1
   324  0.4897029860766894E-05   4   0 0  0 0  0 0  3 1
   325  -.3347764291424290E-07   4   0 0  0 0  0 2  0 2
   326  -.4660309569549790E-07   4   0 0  0 0  0 1  1 2
   327  -.3340123215526152E-07   4   0 0  0 0  0 0  2 2
   328  -.1392276064078986E-08   4   0 0  0 0  0 1  0 3
   329  -.1390402404567646E-08   4   0 0  0 0  0 0  1 3
   330  -.6550343511940736E-15   4   0 0  0 0  0 0  0 4
   ----------------------------------------------------
     I  COEFFICIENT            ORDER EXPONENTS
     1  0.3913335075726446E-04   0   0 0  0 0  0 0  0 0
     2   2.560179184062144       1   1 0  0 0  0 0  0 0
     3   3.347412579619809       1   0 1  0 0  0 0  0 0
     4  0.7324956292911099E-04   1   0 0  1 0  0 0  0 0
     5  0.6737412395674702E-04   1   0 0  0 1  0 0  0 0
     6  0.1476488333478697E-05   1   0 0  0 0  0 1  0 0
     7  0.1474501345064211E-05   1   0 0  0 0  0 0  1 0
     8  0.3618236108648875E-04   1   0 0  0 0  0 0  0 1
     9  -.6687183574815063       2   2 0  0 0  0 0  0 0
    10  -1.225358970598003       2   1 1  0 0  0 0  0 0
    11  -.5643296988023525       2   0 2  0 0  0 0  0 0
    12  0.2766406785974147E-02   2   1 0  1 0  0 0  0 0
    13  0.2007828791798428E-02   2   0 1  1 0  0 0  0 0
    14  0.4497296460022179       2   0 0  2 0  0 0  0 0
    15  0.2486155990663553E-02   2   1 0  0 1  0 0  0 0
    16  0.1847133565458472E-02   2   0 1  0 1  0 0  0 0
    17  0.8245837781042776       2   0 0  1 1  0 0  0 0
    18  0.3816865612882447       2   0 0  0 2  0 0  0 0
    19  -.1382658458673870       2   1 0  0 0  0 1  0 0
    20  -1.291568597594890       2   0 1  0 0  0 1  0 0
    21  -.3871752651749901E-05   2   0 0  1 0  0 1  0 0
    22  -.3748186108645552E-04   2   0 0  0 1  0 1  0 0
    23  -.1380797742082600       2   1 0  0 0  0 0  1 0
    24  -1.289830465445764       2   0 1  0 0  0 0  1 0
    25  -.3866542229500519E-05   2   0 0  1 0  0 0  1 0
    26  -.3743141976426422E-04   2   0 0  0 1  0 0  1 0
    27   2.836524804285356       2   1 0  0 0  0 0  0 1
    28   2.581399063190005       2   0 1  0 0  0 0  0 1
    29  0.8098772033535247E-04   2   0 0  1 0  0 0  0 1
    30  0.7491314570662358E-04   2   0 0  0 1  0 0  0 1
    31  -.1164600352294296E-05   2   0 0  0 0  0 2  0 0
    32  -.8535456021803549E-06   2   0 0  0 0  0 1  1 0
    33  -.1162458757301968E-05   2   0 0  0 0  0 0  2 0
    34  0.3182744810992307E-05   2   0 0  0 0  0 1  0 1
    35  0.3178461623023024E-05   2   0 0  0 0  0 0  1 1
    36  -.3180602809548738E-05   2   0 0  0 0  0 0  0 2
    37  -9.711801735479009       3   3 0  0 0  0 0  0 0
    38  -28.30325200560919       3   2 1  0 0  0 0  0 0
    39  -28.64652947893228       3   1 2  0 0  0 0  0 0
    40  -8.792790261646260       3   0 3  0 0  0 0  0 0
    41  -.5265231042253878E-01   3   2 0  1 0  0 0  0 0
    42  -.9577620882033347E-01   3   1 1  1 0  0 0  0 0
    43  -.4378128359821806E-01   3   0 2  1 0  0 0  0 0
    44  -13.60564092597341       3   1 0  2 0  0 0  0 0
    45  -10.83169155204701       3   0 1  2 0  0 0  0 0
    46  0.1164505479730172E-01   3   0 0  3 0  0 0  0 0
    47  -.4971091270142448E-01   3   2 0  0 1  0 0  0 0
    48  -.9124171802435316E-01   3   1 1  0 1  0 0  0 0
    49  -.4204405249702568E-01   3   0 2  0 1  0 0  0 0
    50  -28.76878873135966       3   1 0  1 1  0 0  0 0
    51  -23.97239192874731       3   0 1  1 1  0 0  0 0
    52  0.3182038554948029E-01   3   0 0  2 1  0 0  0 0
    53  -13.35756572858093       3   1 0  0 2  0 0  0 0
    54  -10.24664135134051       3   0 1  0 2  0 0  0 0
    55  0.2927297169129909E-01   3   0 0  1 2  0 0  0 0
    56  0.9102481986815573E-02   3   0 0  0 3  0 0  0 0
    57  0.1002075405731506       3   2 0  0 0  0 1  0 0
    58  0.7917452991564908       3   1 1  0 0  0 1  0 0
    59  0.6442973236278802       3   0 2  0 0  0 1  0 0
    60  -.1157745999346752E-02   3   1 0  1 0  0 1  0 0
    61  -.1905339994034923E-02   3   0 1  1 0  0 1  0 0
    62  0.1557093716205840E-01   3   0 0  2 0  0 1  0 0
    63  -.2458845410711177E-02   3   1 0  0 1  0 1  0 0
    64  -.2841620987773079E-02   3   0 1  0 1  0 1  0 0
    65  -.3799963938945407       3   0 0  1 1  0 1  0 0
    66  -.3655415171763341       3   0 0  0 2  0 1  0 0
    67  0.1000726859876644       3   2 0  0 0  0 0  1 0
    68  0.7906798056465483       3   1 1  0 0  0 0  1 0
    69  0.6434302586544230       3   0 2  0 0  0 0  1 0
    70  -.1156187959343509E-02   3   1 0  1 0  0 0  1 0
    71  -.1902775877266513E-02   3   0 1  1 0  0 0  1 0
    72  0.1554998252865883E-01   3   0 0  2 0  0 0  1 0
    73  -.2455536412438811E-02   3   1 0  0 1  0 0  1 0
    74  -.2837796868168691E-02   3   0 1  0 1  0 0  1 0
    75  -.3794850126562468       3   0 0  1 1  0 0  1 0
    76  -.3650495886298930       3   0 0  0 2  0 0  1 0
    77  -.8690008757878626       3   2 0  0 0  0 0  0 1
    78  -1.582428952722734       3   1 1  0 0  0 0  0 1
    79  -.7233994940666305       3   0 2  0 0  0 0  0 1
    80  0.5076830430973752E-02   3   1 0  1 0  0 0  0 1
    81  0.3804546514818681E-02   3   0 1  1 0  0 0  0 1
    82  0.4186101742767264       3   0 0  2 0  0 0  0 1
    83  0.4910577064956901E-02   3   1 0  0 1  0 0  0 1
    84  0.3828371877065537E-02   3   0 1  0 1  0 0  0 1
    85  0.7594838430681922       3   0 0  1 1  0 0  0 1
    86  0.3489055604362504       3   0 0  0 2  0 0  0 1
    87  0.1062186422427237       3   1 0  0 0  0 2  0 0
    88   1.029105783266497       3   0 1  0 0  0 2  0 0
    89  0.2675335349174348E-05   3   0 0  1 0  0 2  0 0
    90  0.2976419755870923E-04   3   0 0  0 1  0 2  0 0
    91  0.7425712248591360E-01   3   1 0  0 0  0 1  1 0
    92  0.7673467992865870       3   0 1  0 0  0 1  1 0
    93  0.1480202274431624E-05   3   0 0  1 0  0 1  1 0
    94  0.2207160122706384E-04   3   0 0  0 1  0 1  1 0
    95  0.1060257323319936       3   1 0  0 0  0 0  2 0
    96   1.027204531624115       3   0 1  0 0  0 0  2 0
    97  0.2670739015717048E-05   3   0 0  1 0  0 0  2 0
    98  0.2970929084400572E-04   3   0 0  0 1  0 0  2 0
    99  -.2866937927797991       3   1 0  0 0  0 1  0 1
   100  -1.533989259999299       3   0 1  0 0  0 1  0 1
   101  -.6917007124950795E-05   3   0 0  1 0  0 1  0 1
   102  -.4418730654838637E-04   3   0 0  0 1  0 1  0 1
   103  -.2863079737848879       3   1 0  0 0  0 0  1 1
   104  -1.531924889547603       3   0 1  0 0  0 0  1 1
   105  -.6907698542749365E-05   3   0 0  1 0  0 0  1 1
   106  -.4412784135370926E-04   3   0 0  0 1  0 0  1 1
   107  0.2865005303009064       3   1 0  0 0  0 0  0 2
   108  0.2422572529471399       3   0 1  0 0  0 0  0 2
   109  0.6951112546944368E-05   3   0 0  1 0  0 0  0 2
   110  0.6755550100959669E-05   3   0 0  0 1  0 0  0 2
   111  0.1008596169076999E-05   3   0 0  0 0  0 3  0 0
   112  0.6981995841541597E-06   3   0 0  0 0  0 2  1 0
   113  0.6988234198686826E-06   3   0 0  0 0  0 1  2 0
   114  0.1006091018710446E-05   3   0 0  0 0  0 0  3 0
   115  -.2562383656716769E-05   3   0 0  0 0  0 2  0 1
   116  -.1944268185766440E-05   3   0 0  0 0  0 1  1 1
   117  -.2557627069305015E-05   3   0 0  0 0  0 0  2 1
   118  0.1944562921726914E-05   3   0 0  0 0  0 1  0 2
   119  0.1941946020590544E-05   3   0 0  0 0  0 0  1 2
   120  -.2354501706970512E-06   3   0 0  0 0  0 0  0 3
   121  -69.33511898739602       4   4 0  0 0  0 0  0 0
   122  -256.9962143532634       4   3 1  0 0  0 0  0 0
   123  -358.7190170836845       4   2 2  0 0  0 0  0 0
   124  -224.0343949089032       4   1 3  0 0  0 0  0 0
   125  -52.94217214565885       4   0 4  0 0  0 0  0 0
   126  -.3548540472826121E-01   4   3 0  1 0  0 0  0 0
   127  -.9443738670929527E-01   4   2 1  1 0  0 0  0 0
   128  -.8422181108433327E-01   4   1 2  1 0  0 0  0 0
   129  -.2409899734338416E-01   4   0 3  1 0  0 0  0 0
   130   293.4358798268768       4   2 0  2 0  0 0  0 0
   131   529.6191881691018       4   1 1  2 0  0 0  0 0
   132   240.2700107226300       4   0 2  2 0  0 0  0 0
   133  0.2824043403056423E-01   4   1 0  3 0  0 0  0 0
   134  0.2715921701843465E-01   4   0 1  3 0  0 0  0 0
   135  -34.57642461662233       4   0 0  4 0  0 0  0 0
   136  -.3334461387943342E-01   4   3 0  0 1  0 0  0 0
   137  -.8982602590663420E-01   4   2 1  0 1  0 0  0 0
   138  -.7990951999217327E-01   4   1 2  0 1  0 0  0 0
   139  -.2268072000046525E-01   4   0 3  0 1  0 0  0 0
   140   549.7020514096021       4   2 0  1 1  0 0  0 0
   141   999.5269563483047       4   1 1  1 1  0 0  0 0
   142   457.1762581539977       4   0 2  1 1  0 0  0 0
   143  0.8153556157723031E-01   4   1 0  2 1  0 0  0 0
   144  0.7862566384282045E-01   4   0 1  2 1  0 0  0 0
   145  -125.0479320585850       4   0 0  3 1  0 0  0 0
   146   259.2404526107333       4   2 0  0 2  0 0  0 0
   147   474.2263380943587       4   1 1  0 2  0 0  0 0
   148   218.3647934591843       4   0 2  0 2  0 0  0 0
   149  0.7852957053133594E-01   4   1 0  1 2  0 0  0 0
   150  0.7671037702201723E-01   4   0 1  1 2  0 0  0 0
   151  -171.1758645442556       4   0 0  2 2  0 0  0 0
   152  0.2644464276868545E-01   4   1 0  0 3  0 0  0 0
   153  0.2610514021997217E-01   4   0 1  0 3  0 0  0 0
   154  -104.7378425123532       4   0 0  1 3  0 0  0 0
   155  -24.08152739007065       4   0 0  0 4  0 0  0 0
   156   7.317861887733582       4   3 0  0 0  0 1  0 0
   157   35.12745813226240       4   2 1  0 0  0 1  0 0
   158   48.69934293452658       4   1 2  0 0  0 1  0 0
   159   19.52210495249935       4   0 3  0 0  0 1  0 0
   160  -.4864822744826428E-02   4   2 0  1 0  0 1  0 0
   161  0.3277942117825374E-01   4   1 1  1 0  0 1  0 0
   162  0.3379572650563526E-01   4   0 2  1 0  0 1  0 0
   163   4.944801613390188       4   1 0  2 0  0 1  0 0
   164   8.946307945741014       4   0 1  2 0  0 1  0 0
   165  0.1031369650502241E-02   4   0 0  3 0  0 1  0 0
   166  0.1617518834410701E-01   4   2 0  0 1  0 1  0 0
   167  0.6882590727236292E-01   4   1 1  0 1  0 1  0 0
   168  0.4954394221533477E-01   4   0 2  0 1  0 1  0 0
   169   25.81981644616310       4   1 0  1 1  0 1  0 0
   170   32.89250687378039       4   0 1  1 1  0 1  0 0
   171  -.1083075396866987E-01   4   0 0  2 1  0 1  0 0
   172   19.46164876403057       4   1 0  0 2  0 1  0 0
   173   20.32066508898478       4   0 1  0 2  0 1  0 0
   174  -.2227538061155197E-01   4   0 0  1 2  0 1  0 0
   175  -.1070116117108049E-01   4   0 0  0 3  0 1  0 0
   176   7.308013854083632       4   3 0  0 0  0 0  1 0
   177   35.08018525460663       4   2 1  0 0  0 0  1 0
   178   48.63380565392460       4   1 2  0 0  0 0  1 0
   179   19.49583302369877       4   0 3  0 0  0 0  1 0
   180  -.4858275895647639E-02   4   2 0  1 0  0 0  1 0
   181  0.3273530817807258E-01   4   1 1  1 0  0 0  1 0
   182  0.3375024580964138E-01   4   0 2  1 0  0 0  1 0
   183   4.938147132419320       4   1 0  2 0  0 0  1 0
   184   8.934268426132515       4   0 1  2 0  0 0  1 0
   185  0.1029981681833365E-02   4   0 0  3 0  0 0  1 0
   186  0.1615342053794367E-01   4   2 0  0 1  0 0  1 0
   187  0.6873328461000833E-01   4   1 1  0 1  0 0  1 0
   188  0.4947726831282639E-01   4   0 2  0 1  0 0  1 0
   189   25.78506935403564       4   1 0  1 1  0 0  1 0
   190   32.84824168819978       4   0 1  1 1  0 0  1 0
   191  -.1081617845041458E-01   4   0 0  2 1  0 0  1 0
   192   19.43545819431965       4   1 0  0 2  0 0  1 0
   193   20.29331849558778       4   0 1  0 2  0 0  1 0
   194  -.2224540345412727E-01   4   0 0  1 2  0 0  1 0
   195  -.1068676005270471E-01   4   0 0  0 3  0 0  1 0
   196  -24.34544415736028       4   3 0  0 0  0 0  0 1
   197  -70.23233494515003       4   2 1  0 0  0 0  0 1
   198  -68.71294198559461       4   1 2  0 0  0 0  0 1
   199  -21.44175828548211       4   0 3  0 0  0 0  0 1
   200  0.4962063412858585E-03   4   2 0  1 0  0 0  0 1
   201  0.1043085985987227E-02   4   1 1  1 0  0 0  0 1
   202  0.5502245045148932E-03   4   0 2  1 0  0 0  0 1
   203  -23.47215267912802       4   1 0  2 0  0 0  0 1
   204  -17.86418896115411       4   0 1  2 0  0 0  0 1
   205  -.6511804355257632E-03   4   0 0  3 0  0 0  0 1
   206  0.6264004055393686E-03   4   2 0  0 1  0 0  0 1
   207  0.1108917063525495E-02   4   1 1  0 1  0 0  0 1
   208  0.5425453509248119E-03   4   0 2  0 1  0 0  0 1
   209  -51.56976739147993       4   1 0  1 1  0 0  0 1
   210  -41.73277541076786       4   0 1  1 1  0 0  0 1
   211  -.1975546131395086E-02   4   0 0  2 1  0 0  0 1
   212  -25.52055971784220       4   1 0  0 2  0 0  0 1
   213  -20.10123440759816       4   0 1  0 2  0 0  0 1
   214  -.1965075010555092E-02   4   0 0  1 2  0 0  0 1
   215  -.6010086941029606E-03   4   0 0  0 3  0 0  0 1
   216  -.7918199245588607E-01   4   2 0  0 0  0 2  0 0
   217  -.6884390295396056       4   1 1  0 0  0 2  0 0
   218  -.7056963370497786       4   0 2  0 0  0 2  0 0
   219  -.5384077402579757E-03   4   1 0  1 0  0 2  0 0
   220  0.6124422764661990E-03   4   0 1  1 0  0 2  0 0
   221  -.9722598818647775E-02   4   0 0  2 0  0 2  0 0
   222  0.9879789976695475E-03   4   1 0  0 1  0 2  0 0
   223  0.2247111312317429E-02   4   0 1  0 1  0 2  0 0
   224  0.2725639318152469       4   0 0  1 1  0 2  0 0
   225  0.3550329657433191       4   0 0  0 2  0 2  0 0
   226  -.5977961223317282E-01   4   2 0  0 0  0 1  1 0
   227  -.5894672157490948       4   1 1  0 0  0 1  1 0
   228  -.7691967493266975       4   0 2  0 0  0 1  1 0
   229  -.6471120911178751E-03   4   1 0  1 0  0 1  1 0
   230  0.7037580167643616E-03   4   0 1  1 0  0 1  1 0
   231  -.3583926199388918E-02   4   0 0  2 0  0 1  1 0
   232  0.1102424626709068E-02   4   1 0  0 1  0 1  1 0
   233  0.3050599164463349E-02   4   0 1  0 1  0 1  1 0
   234  0.1655546474329704       4   0 0  1 1  0 1  1 0
   235  0.3445472867100721       4   0 0  0 2  0 1  1 0
   236  -.7903520876974521E-01   4   2 0  0 0  0 0  2 0
   237  -.6871159221395002       4   1 1  0 0  0 0  2 0
   238  -.7042290698105679       4   0 2  0 0  0 0  2 0
   239  -.5372477500179688E-03   4   1 0  1 0  0 0  2 0
   240  0.6111445383279383E-03   4   0 1  1 0  0 0  2 0
   241  -.9707103063880717E-02   4   0 0  2 0  0 0  2 0
   242  0.9859076265427459E-03   4   1 0  0 1  0 0  2 0
   243  0.2242034579523205E-02   4   0 1  0 1  0 0  2 0
   244  0.2720857303002051       4   0 0  1 1  0 0  2 0
   245  0.3543233413598938       4   0 0  0 2  0 0  2 0
   246  0.2203287287861400       4   2 0  0 0  0 1  0 1
   247   1.181538993851847       4   1 1  0 0  0 1  0 1
   248  0.8962920169731314       4   0 2  0 0  0 1  0 1
   249  0.8658837257758324E-03   4   1 0  1 0  0 1  0 1
   250  -.1006062355717939E-02   4   0 1  1 0  0 1  0 1
   251  0.2286095659026205E-01   4   0 0  2 0  0 1  0 1
   252  -.1418243924934929E-02   4   1 0  0 1  0 1  0 1
   253  -.2746386996406894E-02   4   0 1  0 1  0 1  0 1
   254  -.3300478649732056       4   0 0  1 1  0 1  0 1
   255  -.3231859248208487       4   0 0  0 2  0 1  0 1
   256  0.2200322207666668       4   2 0  0 0  0 0  1 1
   257   1.179948934357916       4   1 1  0 0  0 0  1 1
   258  0.8950858294174664       4   0 2  0 0  0 0  1 1
   259  0.8647184602653695E-03   4   1 0  1 0  0 0  1 1
   260  -.1004708444413688E-02   4   0 1  1 0  0 0  1 1
   261  0.2283019139228275E-01   4   0 0  2 0  0 0  1 1
   262  -.1416335319100273E-02   4   1 0  0 1  0 0  1 1
   263  -.2742691038219866E-02   4   0 1  0 1  0 0  1 1
   264  -.3296037021111412       4   0 0  1 1  0 0  1 1
   265  -.3227509964344497       4   0 0  0 2  0 0  1 1
   266  -.2223651470038469       4   2 0  0 0  0 0  0 2
   267  -.3949780054102375       4   1 1  0 0  0 0  0 2
   268  -.1753133008552028       4   0 2  0 0  0 0  0 2
   269  -.8912759070027620E-05   4   1 0  1 0  0 0  0 2
   270  -.4229323196560702E-04   4   0 1  1 0  0 0  0 2
   271  -.2267697804619982E-01   4   0 0  2 0  0 0  0 2
   272  -.8182037752854598E-05   4   1 0  0 1  0 0  0 2
   273  -.3471424833808001E-04   4   0 1  0 1  0 0  0 2
   274  -.5016787487773480E-01   4   0 0  1 1  0 0  0 2
   275  -.2618476881839422E-01   4   0 0  0 2  0 0  0 2
   276  -.9025312355177621E-01   4   1 0  0 0  0 3  0 0
   277  -.8990442758974575       4   0 1  0 0  0 3  0 0
   278  -.3969912111850543E-05   4   0 0  1 0  0 3  0 0
   279  -.3128797116605412E-04   4   0 0  0 1  0 3  0 0
   280  -.5829198738104122E-01   4   1 0  0 0  0 2  1 0
   281  -.6390373511102547       4   0 1  0 0  0 2  1 0
   282  -.1996886824017870E-05   4   0 0  1 0  0 2  1 0
   283  -.2159115451555493E-04   4   0 0  0 1  0 2  1 0
   284  -.5835625988772940E-01   4   1 0  0 0  0 1  2 0
   285  -.6395597663864999       4   0 1  0 0  0 1  2 0
   286  -.2000858846119590E-05   4   0 0  1 0  0 1  2 0
   287  -.2161064379767718E-04   4   0 0  0 1  0 1  2 0
   288  -.9003176554164020E-01   4   1 0  0 0  0 0  3 0
   289  -.8968000253584071       4   0 1  0 0  0 0  3 0
   290  -.3960556485894081E-05   4   0 0  1 0  0 0  3 0
   291  -.3121030376085897E-04   4   0 0  0 1  0 0  3 0
   292  0.2227768675842356       4   1 0  0 0  0 2  0 1
   293   1.277888301027704       4   0 1  0 0  0 2  0 1
   294  0.5147109322974035E-05   4   0 0  1 0  0 2  0 1
   295  0.3971981889100853E-04   4   0 0  0 1  0 2  0 1
   296  0.1589935931160828       4   1 0  0 0  0 1  1 1
   297   1.022436026377590       4   0 1  0 0  0 1  1 1
   298  0.3003345825341085E-05   4   0 0  1 0  0 1  1 1
   299  0.3053095687165332E-04   4   0 0  0 1  0 1  1 1
   300  0.2223700819327022       4   1 0  0 0  0 0  2 1
   301   1.275480606067698       4   0 1  0 0  0 0  2 1
   302  0.5138161705187690E-05   4   0 0  1 0  0 0  2 1
   303  0.3964582226923360E-04   4   0 0  0 1  0 0  2 1
   304  -.1588829060180884       4   1 0  0 0  0 1  0 2
   305  -.2550685922825281       4   0 1  0 0  0 1  0 2
   306  -.1036018608427914E-05   4   0 0  1 0  0 1  0 2
   307  -.3568344336295385E-05   4   0 0  0 1  0 1  0 2
   308  -.1586690888910630       4   1 0  0 0  0 0  1 2
   309  -.2547253329920032       4   0 1  0 0  0 0  1 2
   310  -.1034624383410608E-05   4   0 0  1 0  0 0  1 2
   311  -.3563542226657924E-05   4   0 0  0 1  0 0  1 2
   312  0.1034484937007180E-01   4   1 0  0 0  0 0  0 3
   313  0.8421469852950536E-02   4   0 1  0 0  0 0  0 3
   314  0.6630401104119580E-06   4   0 0  1 0  0 0  0 3
   315  0.5430707980048408E-06   4   0 0  0 1  0 0  0 3
   316  -.3250107413338614E-04   4   0 0  0 0  0 4  0 0
   317  -.2066063027638521E-04   4   0 0  0 0  0 3  1 0
   318  -.1909328570473864E-04   4   0 0  0 0  0 2  2 0
   319  -.2069447172657042E-04   4   0 0  0 0  0 1  3 0
   320  -.3239975208433368E-04   4   0 0  0 0  0 0  4 0
   321  0.3979764482953020E-04   4   0 0  0 0  0 3  0 1
   322  0.2780917986337099E-04   4   0 0  0 0  0 2  1 1
   323  0.2783327201676900E-04   4   0 0  0 0  0 1  2 1
   324  0.3969862122589731E-04   4   0 0  0 0  0 0  3 1
   325  -.3068932931589917E-05   4   0 0  0 0  0 2  0 2
   326  -.3714006689132953E-05   4   0 0  0 0  0 1  1 2
   327  -.3062303838701016E-05   4   0 0  0 0  0 0  2 2
   328  0.2713350360797042E-07   4   0 0  0 0  0 1  0 3
   329  0.2709698861757250E-07   4   0 0  0 0  0 0  1 3
   330  0.1030534146109129E-12   4   0 0  0 0  0 0  0 4
   ----------------------------------------------------
     I  COEFFICIENT            ORDER EXPONENTS
     1  -.7957918425490504E-05   0   0 0  0 0  0 0  0 0
     2  0.9077597738077713E-05   1   1 0  0 0  0 0  0 0
     3  0.7742012597169964E-05   1   0 1  0 0  0 0  0 0
     4  0.7257578657955569       1   0 0  1 0  0 0  0 0
     5  0.8117840355939908       1   0 0  0 1  0 0  0 0
     6  -.1083478486190941E-04   1   0 0  0 0  0 1  0 0
     7  -.1082020391906796E-04   1   0 0  0 0  0 0  1 0
     8  0.2165498878101139E-04   1   0 0  0 0  0 0  0 1
     9  0.2148647891733698E-03   2   2 0  0 0  0 0  0 0
    10  0.3892880594406168E-03   2   1 1  0 0  0 0  0 0
    11  0.1978840303063139E-03   2   0 2  0 0  0 0  0 0
    12  0.1183850757999589       2   1 0  1 0  0 0  0 0
    13  0.1033385281906972       2   0 1  1 0  0 0  0 0
    14  -.1608953236023635E-03   2   0 0  2 0  0 0  0 0
    15  0.1046914313558081       2   1 0  0 1  0 0  0 0
    16  0.9182384727334351E-01   2   0 1  0 1  0 0  0 0
    17  -.2012950885308067E-03   2   0 0  1 1  0 0  0 0
    18  -.2410167900363727E-04   2   0 0  0 2  0 0  0 0
    19  -.4696807461216744E-05   2   1 0  0 0  0 1  0 0
    20  -.7896163382616522E-05   2   0 1  0 0  0 1  0 0
    21  0.1310432306729253       2   0 0  1 0  0 1  0 0
    22  -.2920324958304890       2   0 0  0 1  0 1  0 0
    23  -.4690486719088296E-05   2   1 0  0 0  0 0  1 0
    24  -.7885537098069463E-05   2   0 1  0 0  0 0  1 0
    25  0.1308668788689392       2   0 0  1 0  0 0  1 0
    26  -.2916394922606151       2   0 0  0 1  0 0  1 0
    27  0.9387288001019700E-05   2   1 0  0 0  0 0  0 1
    28  0.8039681739082806E-05   2   0 1  0 0  0 0  0 1
    29  -.2619101095519430       2   0 0  1 0  0 0  0 1
    30  -.2281120475124697       2   0 0  0 1  0 0  0 1
    31  0.7894009853903005E-05   2   0 0  0 0  0 2  0 0
    32  0.4961132467738187E-05   2   0 0  0 0  0 1  1 0
    33  0.7880048238266452E-05   2   0 0  0 0  0 0  2 0
    34  -.9914371957668122E-05   2   0 0  0 0  0 1  0 1
    35  -.9901029663135665E-05   2   0 0  0 0  0 0  1 1
    36  -.9197887132989321E-06   2   0 0  0 0  0 0  0 2
    37  -.1999391881906246E-02   3   3 0  0 0  0 0  0 0
    38  -.5219829475544458E-02   3   2 1  0 0  0 0  0 0
    39  -.4551765861514144E-02   3   1 2  0 0  0 0  0 0
    40  -.1321533854726693E-02   3   0 3  0 0  0 0  0 0
    41  -.9414154724154830       3   2 0  1 0  0 0  0 0
    42  -1.990307708054240       3   1 1  1 0  0 0  0 0
    43  -1.265332253464587       3   0 2  1 0  0 0  0 0
    44  0.4812071724732082E-02   3   1 0  2 0  0 0  0 0
    45  0.4195237246790190E-02   3   0 1  2 0  0 0  0 0
    46  0.9731309127228019E-01   3   0 0  3 0  0 0  0 0
    47  -1.992770543602377       3   2 0  0 1  0 0  0 0
    48  -3.662788516596283       3   1 1  0 1  0 0  0 0
    49  -1.499139550812516       3   0 2  0 1  0 0  0 0
    50  0.8484729706090472E-02   3   1 0  1 1  0 0  0 0
    51  0.7436758076169608E-02   3   0 1  1 1  0 0  0 0
    52  -.6395185157696667E-01   3   0 0  2 1  0 0  0 0
    53  0.3776030624558390E-02   3   1 0  0 2  0 0  0 0
    54  0.3331117353043497E-02   3   0 1  0 2  0 0  0 0
    55  -.6709964145505041       3   0 0  1 2  0 0  0 0
    56  -.7666634864303397E-01   3   0 0  0 3  0 0  0 0
    57  -.1542420795991675E-03   3   2 0  0 0  0 1  0 0
    58  -.4859352879018389E-03   3   1 1  0 0  0 1  0 0
    59  -.3438855615378680E-03   3   0 2  0 0  0 1  0 0
    60  -.5650757850295615E-01   3   1 0  1 0  0 1  0 0
    61  -.1008158118973332       3   0 1  1 0  0 1  0 0
    62  0.4033747032359847E-04   3   0 0  2 0  0 1  0 0
    63  -.1028637594034734       3   1 0  0 1  0 1  0 0
    64  -.1359753877741346       3   0 1  0 1  0 1  0 0
    65  0.1914956220527484E-03   3   0 0  1 1  0 1  0 0
    66  0.6090467543399068E-04   3   0 0  0 2  0 1  0 0
    67  -.1540345078776211E-03   3   2 0  0 0  0 0  1 0
    68  -.4852813390927180E-03   3   1 1  0 0  0 0  1 0
    69  -.3434227765559156E-03   3   0 2  0 0  0 0  1 0
    70  -.5643153326691659E-01   3   1 0  1 0  0 0  1 0
    71  -.1006801387289662       3   0 1  1 0  0 0  1 0
    72  0.4028318605707611E-04   3   0 0  2 0  0 0  1 0
    73  -.1027253302038691       3   1 0  0 1  0 0  1 0
    74  -.1357923985055661       3   0 1  0 1  0 0  1 0
    75  0.1912379162694662E-03   3   0 0  1 1  0 0  1 0
    76  0.6082271279212974E-04   3   0 0  0 2  0 0  1 0
    77  0.3080525159953479E-03   3   2 0  0 0  0 0  0 1
    78  0.5814784016195831E-03   3   1 1  0 0  0 0  0 1
    79  0.2913131195587049E-03   3   0 2  0 0  0 0  0 1
    80  0.1129391095858104       3   1 0  1 0  0 0  0 1
    81  0.9815740438980020E-01   3   0 1  1 0  0 0  0 1
    82  -.8049468514851628E-04   3   0 0  2 0  0 0  0 1
    83  0.1008976345578671       3   1 0  0 1  0 0  0 1
    84  0.8812005690009790E-01   3   0 1  0 1  0 0  0 1
    85  -.1811909219382851E-03   3   0 0  1 1  0 0  0 1
    86  -.7340367265238392E-04   3   0 0  0 2  0 0  0 1
    87  0.3597585278182999E-05   3   1 0  0 0  0 2  0 0
    88  0.7994732720174677E-05   3   0 1  0 0  0 2  0 0
    89  -.9521170953050899E-01   3   0 0  1 0  0 2  0 0
    90  0.1643472767738735       3   0 0  0 1  0 2  0 0
    91  0.2515412562132632E-05   3   1 0  0 0  0 1  1 0
    92  0.8114734125687850E-05   3   0 1  0 0  0 1  1 0
    93  -.5947644977225735E-01   3   0 0  1 0  0 1  1 0
    94  0.3700515910061283E-01   3   0 0  0 1  0 1  1 0
    95  0.3591051255624497E-05   3   1 0  0 0  0 0  2 0
    96  0.7978513572261662E-05   3   0 1  0 0  0 0  2 0
    97  -.9504355779745763E-01   3   0 0  1 0  0 0  2 0
    98  0.1641012060546475       3   0 0  0 1  0 0  2 0
    99  -.5054151324559884E-05   3   1 0  0 0  0 1  0 1
   100  -.8367266121667652E-05   3   0 1  0 0  0 1  0 1
   101  0.1188568148871932       3   0 0  1 0  0 1  0 1
   102  0.2183653666739679       3   0 0  0 1  0 1  0 1
   103  -.5047349685901251E-05   3   1 0  0 0  0 0  1 1
   104  -.8356005849256759E-05   3   0 1  0 0  0 0  1 1
   105  0.1186968629872458       3   0 0  1 0  0 0  1 1
   106  0.2180715008547014       3   0 0  0 1  0 0  1 1
   107  0.3807865781992439E-06   3   1 0  0 0  0 0  0 2
   108  0.3671740020142863E-06   3   0 1  0 0  0 0  0 2
   109  0.1217816990281147E-01   3   0 0  1 0  0 0  0 2
   110  0.9893559479327279E-02   3   0 0  0 1  0 0  0 2
   111  -.6426162127837412E-05   3   0 0  0 0  0 3  0 0
   112  -.3492054923881209E-05   3   0 0  0 0  0 2  1 0
   113  -.3497960341515304E-05   3   0 0  0 0  0 1  2 0
   114  -.6410843537136373E-05   3   0 0  0 0  0 0  3 0
   115  0.6981751655001837E-05   3   0 0  0 0  0 2  0 1
   116  0.4056880264794650E-05   3   0 0  0 0  0 1  1 1
   117  0.6969626163529993E-05   3   0 0  0 0  0 0  2 1
   118  0.9044673837530809E-06   3   0 0  0 0  0 1  0 2
   119  0.9032501941740926E-06   3   0 0  0 0  0 0  1 2
   120  0.1063743564081162E-07   3   0 0  0 0  0 0  0 3
   121  -.1046800130225896E-02   4   4 0  0 0  0 0  0 0
   122  -.3745116878446672E-02   4   3 1  0 0  0 0  0 0
   123  -.5126234044234669E-02   4   2 2  0 0  0 0  0 0
   124  -.2997411413445463E-02   4   1 3  0 0  0 0  0 0
   125  -.5792941027806596E-03   4   0 4  0 0  0 0  0 0
   126   23.98749280840732       4   3 0  1 0  0 0  0 0
   127   63.74184566174524       4   2 1  1 0  0 0  0 0
   128   56.77312777871813       4   1 2  1 0  0 0  0 0
   129   16.99725448554663       4   0 3  1 0  0 0  0 0
   130  0.3353584737879443E-02   4   2 0  2 0  0 0  0 0
   131  0.5384423916365393E-02   4   1 1  2 0  0 0  0 0
   132  0.2064319156349336E-02   4   0 2  2 0  0 0  0 0
   133  -19.18014004592527       4   1 0  3 0  0 0  0 0
   134  -16.50663458852964       4   0 1  3 0  0 0  0 0
   135  -.1460238622024934E-02   4   0 0  4 0  0 0  0 0
   136   21.65080813607177       4   3 0  0 1  0 0  0 0
   137   57.78573906657267       4   2 1  0 1  0 0  0 0
   138   51.74603288102654       4   1 2  0 1  0 0  0 0
   139   15.58826427720777       4   0 3  0 1  0 0  0 0
   140  0.6004185256774680E-02   4   2 0  1 1  0 0  0 0
   141  0.9929884410781176E-02   4   1 1  1 1  0 0  0 0
   142  0.3679363098554872E-02   4   0 2  1 1  0 0  0 0
   143  -50.93341959049175       4   1 0  2 1  0 0  0 0
   144  -44.05620851950676       4   0 1  2 1  0 0  0 0
   145  -.4874039241545679E-02   4   0 0  3 1  0 0  0 0
   146  0.2546420826182717E-02   4   2 0  0 2  0 0  0 0
   147  0.4525656274659643E-02   4   1 1  0 2  0 0  0 0
   148  0.1798620393009777E-02   4   0 2  0 2  0 0  0 0
   149  -45.18981102430246       4   1 0  1 2  0 0  0 0
   150  -39.22827162823408       4   0 1  1 2  0 0  0 0
   151  -.6032200554455280E-02   4   0 0  2 2  0 0  0 0
   152  -13.34030247344128       4   1 0  0 3  0 0  0 0
   153  -11.60409966063513       4   0 1  0 3  0 0  0 0
   154  -.3526831444863976E-02   4   0 0  1 3  0 0  0 0
   155  -.8061807680608626E-03   4   0 0  0 4  0 0  0 0
   156  -.2429000831186736E-03   4   3 0  0 0  0 1  0 0
   157  0.1580129788095762E-02   4   2 1  0 0  0 1  0 0
   158  0.3257118911537139E-02   4   1 2  0 0  0 1  0 0
   159  0.1470521708555057E-02   4   0 3  0 0  0 1  0 0
   160  0.9898314473102915       4   2 0  1 0  0 1  0 0
   161   3.038937744278223       4   1 1  1 0  0 1  0 0
   162   2.397886697894267       4   0 2  1 0  0 1  0 0
   163  0.3806780644388365E-03   4   1 0  2 0  0 1  0 0
   164  -.1593463745398451E-02   4   0 1  2 0  0 1  0 0
   165  0.1053424176016100       4   0 0  3 0  0 1  0 0
   166   2.478006358590387       4   2 0  0 1  0 1  0 0
   167   6.491250688415207       4   1 1  0 1  0 1  0 0
   168   3.741301914422992       4   0 2  0 1  0 1  0 0
   169  -.3061800341196067E-02   4   1 0  1 1  0 1  0 0
   170  -.6067566530016379E-02   4   0 1  1 1  0 1  0 0
   171  0.1290616227467045       4   0 0  2 1  0 1  0 0
   172  -.3037571530318490E-02   4   1 0  0 2  0 1  0 0
   173  -.4189604289645028E-02   4   0 1  0 2  0 1  0 0
   174  0.7343354571039655       4   0 0  1 2  0 1  0 0
   175  0.2285935984177543       4   0 0  0 3  0 1  0 0
   176  -.2425731996343007E-03   4   3 0  0 0  0 0  1 0
   177  0.1578003323895866E-02   4   2 1  0 0  0 0  1 0
   178  0.3252735634408675E-02   4   1 2  0 0  0 0  1 0
   179  0.1468542749742966E-02   4   0 3  0 0  0 0  1 0
   180  0.9884993787976474       4   2 0  1 0  0 0  1 0
   181   3.034848085082153       4   1 1  1 0  0 0  1 0
   182   2.394659734984725       4   0 2  1 0  0 0  1 0
   183  0.3801657658404510E-03   4   1 0  2 0  0 0  1 0
   184  -.1591319336987238E-02   4   0 1  2 0  0 0  1 0
   185  0.1052006527406182       4   0 0  3 0  0 0  1 0
   186   2.474671574417398       4   2 0  0 1  0 0  1 0
   187   6.482515069160792       4   1 1  0 1  0 0  1 0
   188   3.736267046628013       4   0 2  0 1  0 0  1 0
   189  -.3057679914594535E-02   4   1 0  1 1  0 0  1 0
   190  -.6059401084934789E-02   4   0 1  1 1  0 0  1 0
   191  0.1288879376972756       4   0 0  2 1  0 0  1 0
   192  -.3033483709708774E-02   4   1 0  0 2  0 0  1 0
   193  -.4183966117641233E-02   4   0 1  0 2  0 0  1 0
   194  0.7333472230538252       4   0 0  1 2  0 0  1 0
   195  0.2282859679262465       4   0 0  0 3  0 0  1 0
   196  0.1842831927542091E-03   4   3 0  0 0  0 0  0 1
   197  0.6649154917143160E-03   4   2 1  0 0  0 0  0 1
   198  0.7623123912115917E-03   4   1 2  0 0  0 0  0 1
   199  0.2863737283245520E-03   4   0 3  0 0  0 0  0 1
   200  -1.976048602766265       4   2 0  1 0  0 0  0 1
   201  -4.078929301663308       4   1 1  1 0  0 0  0 1
   202  -2.259603695818158       4   0 2  1 0  0 0  0 1
   203  -.1612383188849663E-03   4   1 0  2 0  0 0  0 1
   204  -.1449624310486044E-03   4   0 1  2 0  0 0  0 1
   205  -.2109744402392009       4   0 0  3 0  0 0  0 1
   206  -2.957630303398891       4   2 0  0 1  0 0  0 1
   207  -5.643621079641625       4   1 1  0 1  0 0  0 1
   208  -2.977848783587261       4   0 2  0 1  0 0  0 1
   209  -.4238885246074007E-03   4   1 0  1 1  0 0  0 1
   210  -.3776783526906431E-03   4   0 1  1 1  0 0  0 1
   211  -.1952799935580268       4   0 0  2 1  0 0  0 1
   212  -.2200747614598883E-03   4   1 0  0 2  0 0  0 1
   213  -.1904126125300063E-03   4   0 1  0 2  0 0  0 1
   214  -.1269517550949596       4   0 0  1 2  0 0  0 1
   215  -.2272905376006892       4   0 0  0 3  0 0  0 1
   216  -.1014182318527192E-03   4   2 0  0 0  0 2  0 0
   217  0.7701919901325439E-04   4   1 1  0 0  0 2  0 0
   218  0.2223986469341436E-03   4   0 2  0 0  0 2  0 0
   219  0.4118471939468395E-01   4   1 0  1 0  0 2  0 0
   220  0.9935850299797302E-01   4   0 1  1 0  0 2  0 0
   221  -.1892373836816478E-04   4   0 0  2 0  0 2  0 0
   222  0.1016009187277031       4   1 0  0 1  0 2  0 0
   223  0.1684532645959184       4   0 1  0 1  0 2  0 0
   224  -.2940522348070945E-03   4   0 0  1 1  0 2  0 0
   225  -.1833303646149959E-03   4   0 0  0 2  0 2  0 0
   226  -.1238556164571499E-03   4   2 0  0 0  0 1  1 0
   227  0.1145292386824516E-03   4   1 1  0 0  0 1  1 0
   228  0.3255446657790191E-03   4   0 2  0 0  0 1  1 0
   229  0.2569938610674184E-01   4   1 0  1 0  0 1  1 0
   230  0.9746161678159573E-01   4   0 1  1 0  0 1  1 0
   231  0.2499196884846856E-04   4   0 0  2 0  0 1  1 0
   232  0.1001863982779313       4   1 0  0 1  0 1  1 0
   233  0.2005797329454655       4   0 1  0 1  0 1  1 0
   234  -.2413564145922575E-03   4   0 0  1 1  0 1  1 0
   235  -.1960282061557545E-03   4   0 0  0 2  0 1  1 0
   236  -.1011984084502102E-03   4   2 0  0 0  0 0  2 0
   237  0.7683848617912356E-04   4   1 1  0 0  0 0  2 0
   238  0.2218803019819774E-03   4   0 2  0 0  0 0  2 0
   239  0.4111200242896511E-01   4   1 0  1 0  0 0  2 0
   240  0.9915921138191355E-01   4   0 1  1 0  0 0  2 0
   241  -.1891508819983638E-04   4   0 0  2 0  0 0  2 0
   242  0.1013967759329742       4   1 0  0 1  0 0  2 0
   243  0.1680916027555512       4   0 1  0 1  0 0  2 0
   244  -.2934941101236931E-03   4   0 0  1 1  0 0  2 0
   245  -.1829517444896049E-03   4   0 0  0 2  0 0  2 0
   246  0.8759252258424416E-04   4   2 0  0 0  0 1  0 1
   247  -.9450670328747408E-04   4   1 1  0 0  0 1  0 1
   248  -.1627506433161780E-03   4   0 2  0 0  0 1  0 1
   249  -.5109745859157681E-01   4   1 0  1 0  0 1  0 1
   250  -.9331274500165446E-01   4   0 1  1 0  0 1  0 1
   251  -.4919094846328534E-04   4   0 0  2 0  0 1  0 1
   252  -.9724038070657517E-01   4   1 0  0 1  0 1  0 1
   253  -.1288672089295413       4   0 1  0 1  0 1  0 1
   254  0.5306096350026342E-04   4   0 0  1 1  0 1  0 1
   255  0.1160997981061208E-03   4   0 0  0 2  0 1  0 1
   256  0.8747464469544282E-04   4   2 0  0 0  0 0  1 1
   257  -.9437952062013655E-04   4   1 1  0 0  0 0  1 1
   258  -.1625316211705753E-03   4   0 2  0 0  0 0  1 1
   259  -.5102869403994401E-01   4   1 0  1 0  0 0  1 1
   260  -.9318716910710853E-01   4   0 1  1 0  0 0  1 1
   261  -.4912474960313260E-04   4   0 0  2 0  0 0  1 1
   262  -.9710951918500059E-01   4   1 0  0 1  0 0  1 1
   263  -.1286937855130651       4   0 1  0 1  0 0  1 1
   264  0.5298955655626125E-04   4   0 0  1 1  0 0  1 1
   265  0.1159435564694235E-03   4   0 0  0 2  0 0  1 1
   266  -.1644498633175465E-06   4   2 0  0 0  0 0  0 2
   267  -.2964690117264016E-06   4   1 1  0 0  0 0  0 2
   268  -.1233969852450042E-06   4   0 2  0 0  0 0  0 2
   269  -.5690628282031525E-02   4   1 0  1 0  0 0  0 2
   270  -.5398996627292080E-02   4   0 1  1 0  0 0  0 2
   271  0.7483864919413113E-04   4   0 0  2 0  0 0  0 2
   272  -.3971624661075218E-02   4   1 0  0 1  0 0  0 2
   273  -.3865107183930165E-02   4   0 1  0 1  0 0  0 2
   274  0.1392874646536501E-03   4   0 0  1 1  0 0  0 2
   275  0.6449265760204991E-04   4   0 0  0 2  0 0  0 2
   276  -.6812678840304989E-05   4   1 0  0 0  0 3  0 0
   277  -.1197645664330107E-04   4   0 1  0 0  0 3  0 0
   278  0.7732932887219908E-01   4   0 0  1 0  0 3  0 0
   279  -.1017698032562079       4   0 0  0 1  0 3  0 0
   280  -.4648967166375131E-05   4   1 0  0 0  0 2  1 0
   281  -.1136435552379684E-04   4   0 1  0 0  0 2  1 0
   282  0.4158504841003131E-01   4   0 0  1 0  0 2  1 0
   283  0.2329998364571515E-01   4   0 0  0 1  0 2  1 0
   284  -.4653316391011905E-05   4   1 0  0 0  0 1  2 0
   285  -.1136555859399948E-04   4   0 1  0 0  0 1  2 0
   286  0.4165699279113253E-01   4   0 0  1 0  0 1  2 0
   287  0.2304779057382286E-01   4   0 0  0 1  0 1  2 0
   288  -.6795802604738453E-05   4   1 0  0 0  0 0  3 0
   289  -.1194464411508923E-04   4   0 1  0 0  0 0  3 0
   290  0.7714528577400699E-01   4   0 0  1 0  0 0  3 0
   291  -.1015800247839828       4   0 0  0 1  0 0  3 0
   292  0.7987868794626034E-05   4   1 0  0 0  0 2  0 1
   293  0.1258469236020834E-04   4   0 1  0 0  0 2  0 1
   294  -.8314293866343868E-01   4   0 0  1 0  0 2  0 1
   295  -.2110248411992386       4   0 0  0 1  0 2  0 1
   296  0.5843680501596645E-05   4   1 0  0 0  0 1  1 1
   297  0.1201019168376229E-04   4   0 1  0 0  0 1  1 1
   298  -.4752380789804429E-01   4   0 0  1 0  0 1  1 1
   299  -.2037024178573178       4   0 0  0 1  0 1  1 1
   300  0.7973187022422615E-05   4   1 0  0 0  0 0  2 1
   301  0.1255967509939029E-04   4   0 1  0 0  0 0  2 1
   302  -.8299907116450154E-01   4   0 0  1 0  0 0  2 1
   303  -.2106037873563141       4   0 0  0 1  0 0  2 1
   304  -.6984551155110837E-07   4   1 0  0 0  0 1  0 2
   305  -.2058473368492133E-06   4   0 1  0 0  0 1  0 2
   306  -.1195447692285729E-01   4   0 0  1 0  0 1  0 2
   307  -.1467481734205213E-01   4   0 0  0 1  0 1  0 2
   308  -.6975151675338499E-07   4   1 0  0 0  0 0  1 2
   309  -.2055703172045515E-06   4   0 1  0 0  0 0  1 2
   310  -.1193838915120948E-01   4   0 0  1 0  0 0  1 2
   311  -.1465506866447333E-01   4   0 0  0 1  0 0  1 2
   312  0.1098850661907142E-07   4   1 0  0 0  0 0  0 3
   313  0.8377459316403212E-08   4   0 1  0 0  0 0  0 3
   314  -.1546927100469458E-03   4   0 0  1 0  0 0  0 3
   315  -.1171130484061358E-03   4   0 0  0 1  0 0  0 3
   316  0.6701901103960806E-05   4   0 0  0 0  0 4  0 0
   317  0.2866230913574096E-05   4   0 0  0 0  0 3  1 0
   318  0.2358694472619404E-05   4   0 0  0 0  0 2  2 0
   319  0.2877210790132186E-05   4   0 0  0 0  0 1  3 0
   320  0.6681944020562999E-05   4   0 0  0 0  0 0  4 0
   321  0.1545630220859312E-05   4   0 0  0 0  0 3  0 1
   322  0.1810810139219319E-05   4   0 0  0 0  0 2  1 1
   323  0.1810270640442124E-05   4   0 0  0 0  0 1  2 1
   324  0.1541293356542684E-05   4   0 0  0 0  0 0  3 1
   325  0.1689123138364220E-07   4   0 0  0 0  0 2  0 2
   326  0.2447088114937024E-07   4   0 0  0 0  0 1  1 2
   327  0.1685203408121153E-07   4   0 0  0 0  0 0  2 2
   328  -.4050530363475071E-09   4   0 0  0 0  0 1  0 3
   329  -.4045079350606790E-09   4   0 0  0 0  0 0  1 3
   330  0.2696410824070454E-14   4   0 0  0 0  0 0  0 4
   ----------------------------------------------------
     I  COEFFICIENT            ORDER EXPONENTS
     1  0.1849590899146024E-03   0   0 0  0 0  0 0  0 0
     2  0.7272818134140803E-04   1   1 0  0 0  0 0  0 0
     3  0.6730676957616299E-04   1   0 1  0 0  0 0  0 0
     4  -2.046620343918970       1   0 0  1 0  0 0  0 0
     5  -.9113421339836082       1   0 0  0 1  0 0  0 0
     6  0.9563681629288050E-05   1   0 0  0 0  0 1  0 0
     7  0.9550811277272007E-05   1   0 0  0 0  0 0  1 0
     8  0.1658445970066801E-03   1   0 0  0 0  0 0  0 1
     9  0.1209272850203600E-02   2   2 0  0 0  0 0  0 0
    10  0.2159172934982647E-02   2   1 1  0 0  0 0  0 0
    11  0.1030283908076435E-02   2   0 2  0 0  0 0  0 0
    12  0.8663906584616680       2   1 0  1 0  0 0  0 0
    13  0.7938007366682007       2   0 1  1 0  0 0  0 0
    14  0.7384770756449481E-03   2   0 0  2 0  0 0  0 0
    15  0.8225164701845170       2   1 0  0 1  0 0  0 0
    16  0.7587144321090302       2   0 1  0 1  0 0  0 0
    17  0.1814283323687839E-02   2   0 0  1 1  0 0  0 0
    18  0.9556382123476512E-03   2   0 0  0 2  0 0  0 0
    19  -.4764898201852593E-05   2   1 0  0 0  0 1  0 0
    20  -.3829330850785609E-04   2   0 1  0 0  0 1  0 0
    21  -.1190506209166481       2   0 0  1 0  0 1  0 0
    22  0.8549152552745578       2   0 0  0 1  0 1  0 0
    23  -.4758485826414394E-05   2   1 0  0 0  0 0  1 0
    24  -.3824177517796733E-04   2   0 1  0 0  0 0  1 0
    25  -.1188904082016797       2   0 0  1 0  0 0  1 0
    26  0.8537647506147705       2   0 0  0 1  0 0  1 0
    27  0.8225137613773272E-04   2   1 0  0 0  0 0  0 1
    28  0.7653489790528732E-04   2   0 1  0 0  0 0  0 1
    29  -1.808679314892680       2   0 0  1 0  0 0  0 1
    30  -1.708680005989530       2   0 0  0 1  0 0  0 1
    31  -.6998573954735772E-05   2   0 0  0 0  0 2  0 0
    32  -.4440335871288509E-05   2   0 0  0 0  0 1  1 0
    33  -.6986167806360005E-05   2   0 0  0 0  0 0  2 0
    34  0.1843743787760498E-04   2   0 0  0 0  0 1  0 1
    35  0.1841262564263563E-04   2   0 0  0 0  0 0  1 1
    36  -.1842501457436596E-04   2   0 0  0 0  0 0  0 2
    37  -.1871925594856620E-01   3   3 0  0 0  0 0  0 0
    38  -.5255999599927773E-01   3   2 1  0 0  0 0  0 0
    39  -.4940267327478599E-01   3   1 2  0 0  0 0  0 0
    40  -.1550683461040893E-01   3   0 3  0 0  0 0  0 0
    41  -19.49530857346952       3   2 0  1 0  0 0  0 0
    42  -37.67845040892299       3   1 1  1 0  0 0  0 0
    43  -18.91258377374315       3   0 2  1 0  0 0  0 0
    44  0.3316960157134762E-01   3   1 0  2 0  0 0  0 0
    45  0.3011240015272583E-01   3   0 1  2 0  0 0  0 0
    46  -3.001373865981869       3   0 0  3 0  0 0  0 0
    47  -17.37791263540050       3   2 0  0 1  0 0  0 0
    48  -34.33160992463078       3   1 1  0 1  0 0  0 0
    49  -18.52329702468457       3   0 2  0 1  0 0  0 0
    50  0.6242050052077257E-01   3   1 0  1 1  0 0  0 0
    51  0.5699347385554759E-01   3   0 1  1 1  0 0  0 0
    52  -9.530593569753583       3   0 0  2 1  0 0  0 0
    53  0.2967258054764302E-01   3   1 0  0 2  0 0  0 0
    54  0.2728446468578227E-01   3   0 1  0 2  0 0  0 0
    55  -8.854160738299568       3   0 0  1 2  0 0  0 0
    56  -3.367678382285910       3   0 0  0 3  0 0  0 0
    57  -.7213997870770740E-03   3   2 0  0 0  0 1  0 0
    58  -.2475867157193970E-02   3   1 1  0 0  0 1  0 0
    59  -.1688856182403362E-02   3   0 2  0 0  0 1  0 0
    60  0.6156201863820257E-01   3   1 0  1 0  0 1  0 0
    61  -.3375599821772138       3   0 1  1 0  0 1  0 0
    62  -.8121182387998872E-04   3   0 0  2 0  0 1  0 0
    63  -.3657861490464542       3   1 0  0 1  0 1  0 0
    64  -.7139174100878910       3   0 1  0 1  0 1  0 0
    65  -.1128702214247625E-02   3   0 0  1 1  0 1  0 0
    66  -.1096806178624228E-02   3   0 0  0 2  0 1  0 0
    67  -.7204289612420156E-03   3   2 0  0 0  0 0  1 0
    68  -.2472535251857381E-02   3   1 1  0 0  0 0  1 0
    69  -.1686583399346115E-02   3   0 2  0 0  0 0  1 0
    70  0.6147917137483748E-01   3   1 0  1 0  0 0  1 0
    71  -.3371057098618496       3   0 1  1 0  0 0  1 0
    72  -.8110253283479202E-04   3   0 0  2 0  0 0  1 0
    73  -.3652938912859712       3   1 0  0 1  0 0  1 0
    74  -.7129566536831559       3   0 1  0 1  0 0  1 0
    75  -.1127183260001583E-02   3   0 0  1 1  0 0  1 0
    76  -.1095330148559719E-02   3   0 0  0 2  0 0  1 0
    77  0.2649075373851393E-02   3   2 0  0 0  0 0  0 1
    78  0.4944036868846443E-02   3   1 1  0 0  0 0  0 1
    79  0.2342798034490050E-02   3   0 2  0 0  0 0  0 1
    80  0.7433526671037819       3   1 0  1 0  0 0  0 1
    81  0.6746684294115864       3   0 1  1 0  0 0  0 1
    82  0.9019408188042400E-03   3   0 0  2 0  0 0  0 1
    83  0.7310828328388402       3   1 0  0 1  0 0  0 1
    84  0.6681620208639136       3   0 1  0 1  0 0  0 1
    85  0.2258400233541875E-02   3   0 0  1 1  0 0  0 1
    86  0.1237887983272931E-02   3   0 0  0 2  0 0  0 1
    87  0.3667681914263964E-05   3   1 0  0 0  0 2  0 0
    88  0.3099002203673437E-04   3   0 1  0 0  0 2  0 0
    89  0.8699927147951400E-01   3   0 0  1 0  0 2  0 0
    90  -.5921623132113559       3   0 0  0 1  0 2  0 0
    91  0.2777727028992005E-05   3   1 0  0 0  0 1  1 0
    92  0.2397202104922460E-04   3   0 1  0 0  0 1  1 0
    93  0.5503382126250678E-01   3   0 0  1 0  0 1  1 0
    94  -.3301152101098356       3   0 0  0 1  0 1  1 0
    95  0.3660877053734303E-05   3   1 0  0 0  0 0  2 0
    96  0.3093218691753202E-04   3   0 1  0 0  0 0  2 0
    97  0.8684516099859046E-01   3   0 0  1 0  0 0  2 0
    98  -.5911432823318916       3   0 0  0 1  0 0  2 0
    99  -.1045689724283466E-04   3   1 0  0 0  0 1  0 1
   100  -.4820479617764492E-04   3   0 1  0 0  0 1  0 1
   101  -.2290320606105252       3   0 0  1 0  0 1  0 1
   102  0.6595250251779787       3   0 0  0 1  0 1  0 1
   103  -.1044282484334181E-04   3   1 0  0 0  0 0  1 1
   104  -.4813992443476250E-04   3   0 1  0 0  0 0  1 1
   105  -.2287238400572625       3   0 0  1 0  0 0  1 1
   106  0.6586374674814320       3   0 0  0 1  0 0  1 1
   107  0.1073261363790367E-04   3   1 0  0 0  0 0  0 2
   108  0.1023938853619523E-04   3   0 1  0 0  0 0  0 2
   109  0.2288778083237043       3   0 0  1 0  0 0  0 2
   110  0.1952585702876863       3   0 0  0 1  0 0  0 2
   111  0.5717153589370930E-05   3   0 0  0 0  0 3  0 0
   112  0.3159049447179090E-05   3   0 0  0 0  0 2  1 0
   113  0.3164197780088452E-05   3   0 0  0 0  0 1  2 0
   114  0.5703489993213374E-05   3   0 0  0 0  0 0  3 0
   115  -.1331577807369552E-04   3   0 0  0 0  0 2  0 1
   116  -.8209266668055095E-05   3   0 0  0 0  0 1  1 1
   117  -.1329233450501855E-04   3   0 0  0 0  0 0  2 1
   118  0.8203405843565708E-05   3   0 0  0 0  0 1  0 2
   119  0.8192366086594575E-05   3   0 0  0 0  0 0  1 2
   120  0.6767530121337296E-06   3   0 0  0 0  0 0  0 3
   121  -.6753629466401804E-02   4   4 0  0 0  0 0  0 0
   122  -.2476835293391035E-01   4   3 1  0 0  0 0  0 0
   123  -.3445775726522816E-01   4   2 2  0 0  0 0  0 0
   124  -.2069238021557703E-01   4   1 3  0 0  0 0  0 0
   125  -.4382752150071301E-02   4   0 4  0 0  0 0  0 0
   126   205.3384858205307       4   3 0  1 0  0 0  0 0
   127   572.1664080475185       4   2 1  1 0  0 0  0 0
   128   533.8658590057962       4   1 2  1 0  0 0  0 0
   129   167.1586994213211       4   0 3  1 0  0 0  0 0
   130  0.4136933055790977E-01   4   2 0  2 0  0 0  0 0
   131  0.8086140136849647E-01   4   1 1  2 0  0 0  0 0
   132  0.3915004009934211E-01   4   0 2  2 0  0 0  0 0
   133  -127.7278009998668       4   1 0  3 0  0 0  0 0
   134  -115.2685738230042       4   0 1  3 0  0 0  0 0
   135  -.6407143240773325E-02   4   0 0  4 0  0 0  0 0
   136   197.4547702976195       4   3 0  0 1  0 0  0 0
   137   553.9361097421356       4   2 1  0 1  0 0  0 0
   138   520.6525864530720       4   1 2  0 1  0 0  0 0
   139   164.2881529075555       4   0 3  0 1  0 0  0 0
   140  0.8460259021305444E-01   4   2 0  1 1  0 0  0 0
   141  0.1662630783810249       4   1 1  1 1  0 0  0 0
   142  0.8216885274443234E-01   4   0 2  1 1  0 0  0 0
   143  -357.1078756414979       4   1 0  2 1  0 0  0 0
   144  -324.9435444457331       4   0 1  2 1  0 0  0 0
   145  -.2192992231589333E-01   4   0 0  3 1  0 0  0 0
   146  0.4198094137017126E-01   4   2 0  0 2  0 0  0 0
   147  0.8358827236464879E-01   4   1 1  0 2  0 0  0 0
   148  0.4239517147800620E-01   4   0 2  0 2  0 0  0 0
   149  -336.1971887753580       4   1 0  1 2  0 0  0 0
   150  -308.0333781755915       4   0 1  1 2  0 0  0 0
   151  -.2816236460998008E-01   4   0 0  2 2  0 0  0 0
   152  -106.1692832307451       4   1 0  0 3  0 0  0 0
   153  -97.81173128279032       4   0 1  0 3  0 0  0 0
   154  -.1547386298773763E-01   4   0 0  1 3  0 0  0 0
   155  -.2706955138564499E-02   4   0 0  0 4  0 0  0 0
   156  -.2290742418673966E-02   4   3 0  0 0  0 1  0 0
   157  0.1573734090933321E-01   4   2 1  0 0  0 1  0 0
   158  0.3543303138997552E-01   4   1 2  0 0  0 1  0 0
   159  0.1752163173445147E-01   4   0 3  0 0  0 1  0 0
   160   10.73028534540912       4   2 0  1 0  0 1  0 0
   161   39.01009979892856       4   1 1  1 0  0 1  0 0
   162   28.20640543863613       4   0 2  1 0  0 1  0 0
   163  0.3916921373314437E-02   4   1 0  2 0  0 1  0 0
   164  -.9465581467929668E-02   4   0 1  2 0  0 1  0 0
   165  0.4365659711899329       4   0 0  3 0  0 1  0 0
   166   18.68772171610346       4   2 0  0 1  0 1  0 0
   167   53.48182664846187       4   1 1  0 1  0 1  0 0
   168   36.71995500349345       4   0 2  0 1  0 1  0 0
   169  -.1851921979190421E-01   4   1 0  1 1  0 1  0 0
   170  -.4109006683313521E-01   4   0 1  1 1  0 1  0 0
   171   6.512736167690178       4   0 0  2 1  0 1  0 0
   172  -.2087102695364579E-01   4   1 0  0 2  0 1  0 0
   173  -.3056757126813688E-01   4   0 1  0 2  0 1  0 0
   174   11.00195613968995       4   0 0  1 2  0 1  0 0
   175   5.839497533466560       4   0 0  0 3  0 1  0 0
   176  -.2287659645485874E-02   4   3 0  0 0  0 0  1 0
   177  0.1571616233761259E-01   4   2 1  0 0  0 0  1 0
   178  0.3538534728623180E-01   4   1 2  0 0  0 0  1 0
   179  0.1749805194822915E-01   4   0 3  0 0  0 0  1 0
   180   10.71584503309204       4   2 0  1 0  0 0  1 0
   181   38.95760184510141       4   1 1  1 0  0 0  1 0
   182   28.16844658751862       4   0 2  1 0  0 0  1 0
   183  0.3911650165128339E-02   4   1 0  2 0  0 0  1 0
   184  -.9452843134487529E-02   4   0 1  2 0  0 0  1 0
   185  0.4359784612805462       4   0 0  3 0  0 0  1 0
   186   18.66257266093969       4   2 0  0 1  0 0  1 0
   187   53.40985332666941       4   1 1  0 1  0 0  1 0
   188   36.67053901860123       4   0 2  0 1  0 0  1 0
   189  -.1849429749868888E-01   4   1 0  1 1  0 0  1 0
   190  -.4103476975769892E-01   4   0 1  1 1  0 0  1 0
   191   6.503971634290328       4   0 0  2 1  0 0  1 0
   192  -.2084293970918901E-01   4   1 0  0 2  0 0  1 0
   193  -.3052643487132396E-01   4   0 1  0 2  0 0  1 0
   194   10.98715022562139       4   0 0  1 2  0 0  1 0
   195   5.831639012892005       4   0 0  0 3  0 0  1 0
   196  0.1053364432759324E-02   4   3 0  0 0  0 0  0 1
   197  0.2981547181378700E-02   4   2 1  0 0  0 0  0 1
   198  0.2835499505877255E-02   4   1 2  0 0  0 0  0 1
   199  0.9478823052302842E-03   4   0 3  0 0  0 0  0 1
   200  -40.92418569056105       4   2 0  1 0  0 0  0 1
   201  -77.93072733881854       4   1 1  1 0  0 0  0 1
   202  -37.44236955204084       4   0 2  1 0  0 0  0 1
   203  -.3012499397873236E-02   4   1 0  2 0  0 0  0 1
   204  -.2801028336269614E-02   4   0 1  2 0  0 0  0 1
   205  -3.877495954890985       4   0 0  3 0  0 0  0 1
   206  -37.33035817189467       4   2 0  0 1  0 0  0 1
   207  -72.51715704093064       4   1 1  0 1  0 0  0 1
   208  -36.32073865086317       4   0 2  0 1  0 0  0 1
   209  -.5884552052550600E-02   4   1 0  1 1  0 0  0 1
   210  -.5632689300308217E-02   4   0 1  1 1  0 0  0 1
   211  -13.02820071039794       4   0 0  2 1  0 0  0 1
   212  -.2863983169796962E-02   4   1 0  0 2  0 0  0 1
   213  -.2769258249222624E-02   4   0 1  0 2  0 0  0 1
   214  -13.14746953246184       4   0 0  1 2  0 0  0 1
   215  -4.940382468139125       4   0 0  0 3  0 0  0 1
   216  -.3749348737784773E-03   4   2 0  0 0  0 2  0 0
   217  0.3050528611411463E-03   4   1 1  0 0  0 2  0 0
   218  0.7791532610583651E-03   4   0 2  0 0  0 2  0 0
   219  -.4639016516435170E-01   4   1 0  1 0  0 2  0 0
   220  0.2239648546151847       4   0 1  1 0  0 2  0 0
   221  -.2115647716336420E-03   4   0 0  2 0  0 2  0 0
   222  0.2518718448308687       4   1 0  0 1  0 2  0 0
   223  0.6814772309210254       4   0 1  0 1  0 2  0 0
   224  0.3394540548176868E-03   4   0 0  1 1  0 2  0 0
   225  0.8758754033292420E-03   4   0 0  0 2  0 2  0 0
   226  -.3973330219366297E-03   4   2 0  0 0  0 1  1 0
   227  0.5677564074263086E-03   4   1 1  0 0  0 1  1 0
   228  0.1293768405342231E-02   4   0 2  0 0  0 1  1 0
   229  -.3296095826710374E-01   4   1 0  1 0  0 1  1 0
   230  0.1085502846810368       4   0 1  1 0  0 1  1 0
   231  -.1793984622894953E-03   4   0 0  2 0  0 1  1 0
   232  0.1362607048771720       4   1 0  0 1  0 1  1 0
   233  0.6465358656547318       4   0 1  0 1  0 1  1 0
   234  0.2379988351443816E-03   4   0 0  1 1  0 1  1 0
   235  0.9838610546395123E-03   4   0 0  0 2  0 1  1 0
   236  -.3741629480677811E-03   4   2 0  0 0  0 0  2 0
   237  0.3042603054694214E-03   4   1 1  0 0  0 0  2 0
   238  0.7772341670464927E-03   4   0 2  0 0  0 0  2 0
   239  -.4630555681424568E-01   4   1 0  1 0  0 0  2 0
   240  0.2235904123402796       4   0 1  1 0  0 0  2 0
   241  -.2111593447367832E-03   4   0 0  2 0  0 0  2 0
   242  0.2514412009549649       4   1 0  0 1  0 0  2 0
   243  0.6801250922316520       4   0 1  0 1  0 0  2 0
   244  0.3388370897407071E-03   4   0 0  1 1  0 0  2 0
   245  0.8740346745702343E-03   4   0 0  0 2  0 0  2 0
   246  0.8655305509848074E-03   4   2 0  0 0  0 1  0 1
   247  -.1229550917835787E-03   4   1 1  0 0  0 1  0 1
   248  -.8334927371180323E-03   4   0 2  0 0  0 1  0 1
   249  0.1280495289153179       4   1 0  1 0  0 1  0 1
   250  -.2153694682092208       4   0 1  1 0  0 1  0 1
   251  0.3753347995806572E-03   4   0 0  2 0  0 1  0 1
   252  -.2709576281923626       4   1 0  0 1  0 1  0 1
   253  -.5764986443037284       4   0 1  0 1  0 1  0 1
   254  -.2114374187017214E-03   4   0 0  1 1  0 1  0 1
   255  -.7297746939736609E-03   4   0 0  0 2  0 1  0 1
   256  0.8643657607603330E-03   4   2 0  0 0  0 0  1 1
   257  -.1227896246157336E-03   4   1 1  0 0  0 0  1 1
   258  -.8323710618735741E-03   4   0 2  0 0  0 0  1 1
   259  0.1278772058940690       4   1 0  1 0  0 0  1 1
   260  -.2150796341289162       4   0 1  1 0  0 0  1 1
   261  0.3748296916962971E-03   4   0 0  2 0  0 0  1 1
   262  -.2705929861861319       4   1 0  0 1  0 0  1 1
   263  -.5757228195976642       4   0 1  0 1  0 0  1 1
   264  -.2111528761883333E-03   4   0 0  1 1  0 0  1 1
   265  -.7287925975836000E-03   4   0 0  0 2  0 0  1 1
   266  -.5842152942620992E-03   4   2 0  0 0  0 0  0 2
   267  -.1093343391299951E-02   4   1 1  0 0  0 0  0 2
   268  -.5080858546754154E-03   4   0 2  0 0  0 0  0 2
   269  -.1302684710474614       4   1 0  1 0  0 0  0 2
   270  -.1247339922079935       4   0 1  1 0  0 0  0 2
   271  -.1476865253174978E-03   4   0 0  2 0  0 0  0 2
   272  -.9752805446306347E-01   4   1 0  0 1  0 0  0 2
   273  -.9529853025688315E-01   4   0 1  0 1  0 0  0 2
   274  -.3402876789874256E-03   4   0 0  1 1  0 0  0 2
   275  -.1822752252068119E-03   4   0 0  0 2  0 0  0 2
   276  -.5918724987042545E-05   4   1 0  0 0  0 3  0 0
   277  -.3343324383590945E-04   4   0 1  0 0  0 3  0 0
   278  -.7099819475758555E-01   4   0 0  1 0  0 3  0 0
   279  0.4617961678927652       4   0 0  0 1  0 3  0 0
   280  -.4279948265530080E-05   4   1 0  0 0  0 2  1 0
   281  -.2488056593432783E-04   4   0 1  0 0  0 2  1 0
   282  -.3903901045545181E-01   4   0 0  1 0  0 2  1 0
   283  0.2012088821787496       4   0 0  0 1  0 2  1 0
   284  -.4283240269581029E-05   4   1 0  0 0  0 1  2 0
   285  -.2489773979669744E-04   4   0 1  0 0  0 1  2 0
   286  -.3910333132952075E-01   4   0 0  1 0  0 1  2 0
   287  0.2017336568063675       4   0 0  0 1  0 1  2 0
   288  -.5903901281801520E-05   4   1 0  0 0  0 0  3 0
   289  -.3334903553431308E-04   4   0 1  0 0  0 0  3 0
   290  -.7082864272799322E-01   4   0 0  1 0  0 0  3 0
   291  0.4607287666611979       4   0 0  0 1  0 0  3 0
   292  0.8591585750656502E-05   4   1 0  0 0  0 2  0 1
   293  0.4436052565253125E-04   4   0 1  0 0  0 2  0 1
   294  0.1650545723659896       4   0 0  1 0  0 2  0 1
   295  -.4022376056462981       4   0 0  0 1  0 2  0 1
   296  0.7137060552091465E-05   4   1 0  0 0  0 1  1 1
   297  0.3710646696829356E-04   4   0 1  0 0  0 1  1 1
   298  0.1012598164649538       4   0 0  1 0  0 1  1 1
   299  -.1456279232536793       4   0 0  0 1  0 1  1 1
   300  0.8575221239510414E-05   4   1 0  0 0  0 0  2 1
   301  0.4427585928055972E-04   4   0 1  0 0  0 0  2 1
   302  0.1647643143568575       4   0 0  1 0  0 0  2 1
   303  -.4015983036354663       4   0 0  0 1  0 0  2 1
   304  -.2309760536868307E-05   4   1 0  0 0  0 1  0 2
   305  -.6135135220531401E-05   4   0 1  0 0  0 1  0 2
   306  -.1011777635383087       4   0 0  1 0  0 1  0 2
   307  -.1844892049253525       4   0 0  0 1  0 1  0 2
   308  -.2306652169993089E-05   4   1 0  0 0  0 0  1 2
   309  -.6126878844690593E-05   4   0 1  0 0  0 0  1 2
   310  -.1010416032724819       4   0 0  1 0  0 0  1 2
   311  -.1842409280480392       4   0 0  0 1  0 0  1 2
   312  0.6377112063298154E-06   4   1 0  0 0  0 0  0 3
   313  0.5201923485622396E-06   4   0 1  0 0  0 0  0 3
   314  -.8889995672373524E-02   4   0 0  1 0  0 0  0 3
   315  -.7265856201897710E-02   4   0 0  0 1  0 0  0 3
   316  -.8488667828907254E-05   4   0 0  0 0  0 4  0 0
   317  -.4217709167354059E-05   4   0 0  0 0  0 3  1 0
   318  -.3651941027009602E-05   4   0 0  0 0  0 2  2 0
   319  -.4229931295162342E-05   4   0 0  0 0  0 1  3 0
   320  -.8462995704620135E-05   4   0 0  0 0  0 0  4 0
   321  0.8895539159448313E-05   4   0 0  0 0  0 3  0 1
   322  0.4166263691961763E-05   4   0 0  0 0  0 2  1 1
   323  0.4175786180613574E-05   4   0 0  0 0  0 1  2 1
   324  0.8874782766229568E-05   4   0 0  0 0  0 0  3 1
   325  0.9163905142753512E-06   4   0 0  0 0  0 2  0 2
   326  0.1088220349345334E-05   4   0 0  0 0  0 1  1 2
   327  0.9144250412791761E-06   4   0 0  0 0  0 0  2 2
   328  0.9457636783497116E-08   4   0 0  0 0  0 1  0 3
   329  0.9444909141636838E-08   4   0 0  0 0  0 0  1 3
   330  -.3402706922459358E-13   4   0 0  0 0  0 0  0 4
   ----------------------------------------------------
     I  COEFFICIENT            ORDER EXPONENTS
     1  0.8856705992400200E-08   0   0 0  0 0  0 0  0 0
     2  0.2185071354861946E-06   1   1 0  0 0  0 0  0 0
     3  0.8627496279573745E-06   1   0 1  0 0  0 0  0 0
     4  0.1523382138479025E-04   1   0 0  1 0  0 0  0 0
     5  0.2110596485607853E-05   1   0 0  0 1  0 0  0 0
     6   1.000000000000000       1   0 0  0 0  1 0  0 0
     7  0.2621231488482004       1   0 0  0 0  0 1  0 0
     8  -.2621231476275371       1   0 0  0 0  0 0  1 0
     9  -.1220669624970118E-08   1   0 0  0 0  0 0  0 1
    10  -.1102783213916080       2   2 0  0 0  0 0  0 0
    11  -.3423818979510600       2   1 1  0 0  0 0  0 0
    12  -.4760723879070934       2   0 2  0 0  0 0  0 0
    13  -.7611227600961969E-05   2   1 0  1 0  0 0  0 0
    14  -.1143195561386230E-04   2   0 1  1 0  0 0  0 0
    15  -.9089662556859048E-01   2   0 0  2 0  0 0  0 0
    16  -.1120253255840423E-04   2   1 0  0 1  0 0  0 0
    17  -.1378353204311995E-04   2   0 1  0 1  0 0  0 0
    18  -.2278130361438272E-01   2   0 0  1 1  0 0  0 0
    19  -.2139322765805989       2   0 0  0 2  0 0  0 0
    20  -.4804600194771881E-06   2   1 0  0 0  0 1  0 0
    21  -.1602163734829082E-05   2   0 1  0 0  0 1  0 0
    22  -.2211699833419693E-04   2   0 0  1 0  0 1  0 0
    23  -.9495648263515117E-05   2   0 0  0 1  0 1  0 0
    24  -.2618786041523184E-06   2   1 0  0 0  0 0  1 0
    25  -.7395506326206348E-06   2   0 1  0 0  0 0  1 0
    26  -.6894401419954462E-05   2   0 0  1 0  0 0  1 0
    27  -.7377962832048373E-05   2   0 0  0 1  0 0  1 0
    28  0.7422822395100628E-06   2   1 0  0 0  0 0  0 1
    29  0.1478858530698301E-05   2   0 1  0 0  0 0  0 1
    30  0.2901142514854097E-04   2   0 0  1 0  0 0  0 1
    31  0.1476304307104027E-04   2   0 0  0 1  0 0  0 1
    32  -.1967247335090446       2   0 0  0 0  0 2  0 0
    33  0.1313263164249057       2   0 0  0 0  0 1  1 0
    34  0.6539841533858745E-01   2   0 0  0 0  0 0  2 0
    35  0.1745188502713541E-08   2   0 0  0 0  0 1  0 1
    36  0.5255127193342441E-09   2   0 0  0 0  0 0  1 1
    37  -.5250771934909685E-09   2   0 0  0 0  0 0  0 2
    38  0.5425427700217009E-01   3   3 0  0 0  0 0  0 0
    39  0.1786621414047915       3   2 1  0 0  0 0  0 0
    40  0.1881493013507925       3   1 2  0 0  0 0  0 0
    41  0.6429787186376472E-01   3   0 3  0 0  0 0  0 0
    42  0.6747537435878923E-03   3   2 0  1 0  0 0  0 0
    43  0.1211253874702186E-02   3   1 1  1 0  0 0  0 0
    44  0.6819302150731611E-03   3   0 2  1 0  0 0  0 0
    45  0.3702332817022688E-01   3   1 0  2 0  0 0  0 0
    46  0.3944955419978303E-02   3   0 1  2 0  0 0  0 0
    47  0.7384864953100721E-04   3   0 0  3 0  0 0  0 0
    48  0.5881845319073100E-03   3   2 0  0 1  0 0  0 0
    49  0.1058762099029829E-02   3   1 1  0 1  0 0  0 0
    50  0.5856129808096076E-03   3   0 2  0 1  0 0  0 0
    51  0.6902199814036076E-02   3   1 0  1 1  0 0  0 0
    52  -.4327872970480503E-01   3   0 1  1 1  0 0  0 0
    53  0.3423544455169067E-03   3   0 0  2 1  0 0  0 0
    54  -.2300905215754068E-01   3   1 0  0 2  0 0  0 0
    55  -.4184598274044048E-01   3   0 1  0 2  0 0  0 0
    56  0.4128727244366985E-03   3   0 0  1 2  0 0  0 0
    57  0.1421072389655637E-03   3   0 0  0 3  0 0  0 0
    58  0.1704621597060264       3   2 0  0 0  0 1  0 0
    59  0.6215088388226264       3   1 1  0 0  0 1  0 0
    60  0.8689267233895369       3   0 2  0 0  0 1  0 0
    61  0.1160202638241942E-04   3   1 0  1 0  0 1  0 0
    62  0.2094334467455799E-04   3   0 1  1 0  0 1  0 0
    63  0.1317213756393415       3   0 0  2 0  0 1  0 0
    64  0.2046566694914552E-04   3   1 0  0 1  0 1  0 0
    65  0.3107843031903927E-04   3   0 1  0 1  0 1  0 0
    66  0.1095547780078824       3   0 0  1 1  0 1  0 0
    67  0.3309307358454027       3   0 0  0 2  0 1  0 0
    68  0.6025128106319088E-01   3   2 0  0 0  0 0  1 0
    69  0.2792119563835714       3   1 1  0 0  0 0  1 0
    70  0.3929657860580755       3   0 2  0 0  0 0  1 0
    71  0.3958305855468697E-05   3   1 0  1 0  0 0  1 0
    72  0.9411445474292219E-05   3   0 1  1 0  0 0  1 0
    73  0.4089209270637176E-01   3   0 0  2 0  0 0  1 0
    74  0.9217143441475034E-05   3   1 0  0 1  0 0  1 0
    75  0.1718226489203064E-04   3   0 1  0 1  0 0  1 0
    76  0.8668749941370940E-01   3   0 0  1 1  0 0  1 0
    77  0.1171285991753920       3   0 0  0 2  0 0  1 0
    78  -.2307139194183016       3   2 0  0 0  0 0  0 1
    79  -.5583401577360249       3   1 1  0 0  0 0  0 1
    80  -.3097486794296247       3   0 2  0 0  0 0  0 1
    81  -.1548599543401149E-04   3   1 0  1 0  0 0  0 1
    82  -.1872103589778820E-04   3   0 1  1 0  0 0  0 1
    83  -.1726136849260103       3   0 0  2 0  0 0  0 1
    84  -.1836026965847131E-04   3   1 0  0 1  0 0  0 1
    85  -.2043281058591397E-04   3   0 1  0 1  0 0  0 1
    86  -.1734612674493580       3   0 0  1 1  0 0  0 1
    87  -.2019492397000178E-01   3   0 0  0 2  0 0  0 1
    88  0.7585025514159571E-06   3   1 0  0 0  0 2  0 0
    89  0.2383542248664870E-05   3   0 1  0 0  0 2  0 0
    90  0.2692322211490095E-04   3   0 0  1 0  0 2  0 0
    91  0.1789318680988297E-04   3   0 0  0 1  0 2  0 0
    92  0.5558709423880524E-06   3   1 0  0 0  0 1  1 0
    93  0.1562117672046222E-05   3   0 1  0 0  0 1  1 0
    94  0.9623228748211615E-05   3   0 0  1 0  0 1  1 0
    95  0.1679719302574371E-04   3   0 0  0 1  0 1  1 0
    96  0.2778876706027930E-06   3   1 0  0 0  0 0  2 0
    97  0.7810845984433762E-06   3   0 1  0 0  0 0  2 0
    98  0.4819990710318964E-05   3   0 0  1 0  0 0  2 0
    99  0.8393667761597879E-05   3   0 0  0 1  0 0  2 0
   100  -.1593656692370116E-05   3   1 0  0 0  0 1  0 1
   101  -.3125855043136923E-05   3   0 1  0 0  0 1  0 1
   102  -.4135827792046283E-04   3   0 0  1 0  0 1  0 1
   103  -.3359816954622669E-04   3   0 0  0 1  0 1  0 1
   104  -.8511551293514329E-06   3   1 0  0 0  0 0  1 1
   105  -.1646574249568403E-05   3   0 1  0 0  0 0  1 1
   106  -.1237078370130329E-04   3   0 0  1 0  0 0  1 1
   107  -.1883097917190832E-04   3   0 0  0 1  0 0  1 1
   108  0.8514367987928284E-06   3   1 0  0 0  0 0  0 2
   109  0.9074023028646679E-06   3   0 1  0 0  0 0  0 2
   110  0.1236037006880033E-04   3   0 0  1 0  0 0  0 2
   111  0.1145302398999681E-04   3   0 0  0 1  0 0  0 2
   112  0.1639593935324516       3   0 0  0 0  0 3  0 0
   113  -.9842878491613212E-01   3   0 0  0 0  0 2  1 0
   114  -.3289754850452589E-01   3   0 0  0 0  0 1  2 0
   115  -.3263309972733993E-01   3   0 0  0 0  0 0  3 0
   116  -.1407909778587781E-08   3   0 0  0 0  0 2  0 1
   117  0.6420201098588663E-09   3   0 0  0 0  0 1  1 1
   118  0.3194127311150149E-09   3   0 0  0 0  0 0  2 1
   119  -.4914828097401050E-10   3   0 0  0 0  0 1  0 2
   120  -.5314907100189499E-10   3   0 0  0 0  0 0  1 2
   121  -.1925277138252381E-11   3   0 0  0 0  0 0  0 3
   122  -2.282763993484690       4   4 0  0 0  0 0  0 0
   123  -10.51713413124770       4   3 1  0 0  0 0  0 0
   124  -18.58036636330372       4   2 2  0 0  0 0  0 0
   125  -14.82128011674585       4   1 3  0 0  0 0  0 0
   126  -4.716117839807549       4   0 4  0 0  0 0  0 0
   127  -.1437547816763723E-02   4   3 0  1 0  0 0  0 0
   128  -.4003620766641853E-02   4   2 1  1 0  0 0  0 0
   129  -.3794508415279845E-02   4   1 2  1 0  0 0  0 0
   130  -.1236866896572186E-02   4   0 3  1 0  0 0  0 0
   131  -4.201423676857373       4   2 0  2 0  0 0  0 0
   132  -8.144393224891473       4   1 1  2 0  0 0  0 0
   133  -4.630632397996709       4   0 2  2 0  0 0  0 0
   134  0.9627498406320488E-03   4   1 0  3 0  0 0  0 0
   135  0.7837061176982410E-03   4   0 1  3 0  0 0  0 0
   136  -.4272868091571563       4   0 0  4 0  0 0  0 0
   137  -.1346595481086150E-02   4   3 0  0 1  0 0  0 0
   138  -.3869189517697933E-02   4   2 1  0 1  0 0  0 0
   139  -.3775478694932932E-02   4   1 2  0 1  0 0  0 0
   140  -.1264811702840029E-02   4   0 3  0 1  0 0  0 0
   141  -7.849765918327652       4   2 0  1 1  0 0  0 0
   142  -14.88038942776729       4   1 1  1 1  0 0  0 0
   143  -8.137739994502560       4   0 2  1 1  0 0  0 0
   144  0.2506568691979838E-02   4   1 0  2 1  0 0  0 0
   145  0.2017683053013393E-02   4   0 1  2 1  0 0  0 0
   146  -1.735592072377714       4   0 0  3 1  0 0  0 0
   147  -3.313165643954854       4   2 0  0 2  0 0  0 0
   148  -6.539005193652096       4   1 1  0 2  0 0  0 0
   149  -4.019100928912234       4   0 2  0 2  0 0  0 0
   150  0.2201348468023115E-02   4   1 0  1 2  0 0  0 0
   151  0.1738478854707786E-02   4   0 1  1 2  0 0  0 0
   152  -2.562329183171047       4   0 0  2 2  0 0  0 0
   153  0.6334840844952039E-03   4   1 0  0 3  0 0  0 0
   154  0.4799673742550907E-03   4   0 1  0 3  0 0  0 0
   155  -1.567897899796167       4   0 0  1 3  0 0  0 0
   156  -.4558075152192048       4   0 0  0 4  0 0  0 0
   157  -.8900339910053250E-01   4   3 0  0 0  0 1  0 0
   158  -.3645774769067132       4   2 1  0 0  0 1  0 0
   159  -.4663889376974984       4   1 2  0 0  0 1  0 0
   160  -.1891304161056875       4   0 3  0 0  0 1  0 0
   161  0.1824560597852677E-03   4   2 0  1 0  0 1  0 0
   162  -.1481106807648389E-03   4   1 1  1 0  0 1  0 0
   163  -.3721763178319902E-03   4   0 2  1 0  0 1  0 0
   164  -.5251587008438523E-01   4   1 0  2 0  0 1  0 0
   165  -.2165621864551591E-01   4   0 1  2 0  0 1  0 0
   166  0.1289454498630437E-03   4   0 0  3 0  0 1  0 0
   167  -.1853313141436005E-03   4   2 0  0 1  0 1  0 0
   168  -.6303228329468855E-03   4   1 1  0 1  0 1  0 0
   169  -.5159995157029567E-03   4   0 2  0 1  0 1  0 0
   170  -.3993423740499591E-01   4   1 0  1 1  0 1  0 0
   171  0.5691076424961694E-01   4   0 1  1 1  0 1  0 0
   172  0.1603835880725484E-03   4   0 0  2 1  0 1  0 0
   173  0.3210298562444069E-01   4   1 0  0 2  0 1  0 0
   174  0.9063958911179122E-01   4   0 1  0 2  0 1  0 0
   175  -.2474583970025386E-03   4   0 0  1 2  0 1  0 0
   176  -.2216316345695693E-03   4   0 0  0 3  0 1  0 0
   177  -.3384470330206577E-01   4   3 0  0 0  0 0  1 0
   178  -.1823871732543194       4   2 1  0 0  0 0  1 0
   179  -.2738150842582828       4   1 2  0 0  0 0  1 0
   180  -.1229738030178519       4   0 3  0 0  0 0  1 0
   181  0.9649562286482064E-04   4   2 0  1 0  0 0  1 0
   182  -.3693682264527885E-03   4   1 1  1 0  0 0  1 0
   183  -.4558845905103881E-03   4   0 2  1 0  0 0  1 0
   184  -.1523104416627120E-01   4   1 0  2 0  0 0  1 0
   185  -.1690663527026914E-01   4   0 1  2 0  0 0  1 0
   186  0.3167712492350572E-04   4   0 0  3 0  0 0  1 0
   187  -.2210080394340450E-03   4   2 0  0 1  0 0  1 0
   188  -.7949827426606633E-03   4   1 1  0 1  0 0  1 0
   189  -.6117627544225850E-03   4   0 2  0 1  0 0  1 0
   190  -.3257831878635271E-01   4   1 0  1 1  0 0  1 0
   191  0.1481626869462595E-01   4   0 1  1 1  0 0  1 0
   192  0.1155162908022980E-05   4   0 0  2 1  0 0  1 0
   193  0.9352094983899481E-02   4   1 0  0 2  0 0  1 0
   194  0.4933685345419573E-01   4   0 1  0 2  0 0  1 0
   195  -.2599632427646653E-03   4   0 0  1 2  0 0  1 0
   196  -.1885872032596580E-03   4   0 0  0 3  0 0  1 0
   197  0.1216593733546666       4   3 0  0 0  0 0  0 1
   198  0.3626030884621920       4   2 1  0 0  0 0  0 1
   199  0.3555646202556293       4   1 2  0 0  0 0  0 1
   200  0.1151215075743397       4   0 3  0 0  0 0  0 1
   201  -.1412906503226262E-03   4   2 0  1 0  0 0  0 1
   202  -.2518889423213518E-03   4   1 1  1 0  0 0  0 1
   203  -.6971857182119540E-04   4   0 2  1 0  0 0  0 1
   204  0.6722035995898969E-01   4   1 0  2 0  0 0  0 1
   205  0.3304630156336420E-01   4   0 1  2 0  0 0  0 1
   206  -.1155978676222492E-03   4   0 0  3 0  0 0  0 1
   207  -.1240350201149818E-03   4   2 0  0 1  0 0  0 1
   208  -.2667514528731101E-03   4   1 1  0 1  0 0  0 1
   209  -.9043443703270993E-04   4   0 2  0 1  0 0  0 1
   210  0.6479713400119819E-01   4   1 0  1 1  0 0  0 1
   211  0.1256788256233938E-01   4   0 1  1 1  0 0  0 1
   212  -.2956050318293712E-03   4   0 0  2 1  0 0  0 1
   213  0.3992760920571136E-02   4   1 0  0 2  0 0  0 1
   214  -.1572582946264653E-01   4   0 1  0 2  0 0  0 1
   215  -.2222931608217923E-03   4   0 0  1 2  0 0  0 1
   216  -.2996028978000620E-04   4   0 0  0 3  0 0  0 1
   217  -.2182329724375676       4   2 0  0 0  0 2  0 0
   218  -.8892582761561804       4   1 1  0 0  0 2  0 0
   219  -1.266972769315080       4   0 2  0 0  0 2  0 0
   220  -.1614205611800227E-04   4   1 0  1 0  0 2  0 0
   221  -.3993022642281028E-04   4   0 1  1 0  0 2  0 0
   222  -.1601047927744594       4   0 0  2 0  0 2  0 0
   223  -.4037663477936664E-04   4   1 0  0 1  0 2  0 0
   224  -.6921144778538844E-04   4   0 1  0 1  0 2  0 0
   225  -.2084716078921370       4   0 0  1 1  0 2  0 0
   226  -.4393761262978961       4   0 0  0 2  0 2  0 0
   227  -.9552832052522328E-01   4   2 0  0 0  0 1  1 0
   228  -.5354430871300174       4   1 1  0 0  0 1  1 0
   229  -.7960378407526032       4   0 2  0 0  0 1  1 0
   230  -.6544896672614661E-05   4   1 0  1 0  0 1  1 0
   231  -.2175742837914031E-04   4   0 1  1 0  0 1  1 0
   232  -.5682978479064246E-01   4   0 0  2 0  0 1  1 0
   233  -.2226148660797179E-04   4   1 0  0 1  0 1  1 0
   234  -.4769187026838236E-04   4   0 1  0 1  0 1  1 0
   235  -.1978544300821105       4   0 0  1 1  0 1  1 0
   236  -.2169392954125374       4   0 0  0 2  0 1  1 0
   237  -.4781436873242912E-01   4   2 0  0 0  0 0  2 0
   238  -.2677787165503170       4   1 1  0 0  0 0  2 0
   239  -.3980669145903443       4   0 2  0 0  0 0  2 0
   240  -.3318163126414153E-05   4   1 0  1 0  0 0  2 0
   241  -.1092110083175927E-04   4   0 1  1 0  0 0  2 0
   242  -.2846510532065486E-01   4   0 0  2 0  0 0  2 0
   243  -.1116731565307711E-04   4   1 0  0 1  0 0  2 0
   244  -.2385513164591385E-04   4   0 1  0 1  0 0  2 0
   245  -.9886763499134781E-01   4   0 0  1 1  0 0  2 0
   246  -.1085459672292804       4   0 0  0 2  0 0  2 0
   247  0.3614773290179935       4   2 0  0 0  0 1  0 1
   248   1.070831784799083       4   1 1  0 0  0 1  0 1
   249  0.7231469885608598       4   0 2  0 0  0 1  0 1
   250  0.1701143575791145E-04   4   1 0  1 0  0 1  0 1
   251  0.3558599188746714E-04   4   0 1  1 0  0 1  0 1
   252  0.2453456921650713       4   0 0  2 0  0 1  0 1
   253  0.3604706956028984E-04   4   1 0  0 1  0 1  0 1
   254  0.5406934950751096E-04   4   0 1  0 1  0 1  0 1
   255  0.3957448013684631       4   0 0  1 1  0 1  0 1
   256  0.1029290588601820       4   0 0  0 2  0 1  0 1
   257  0.1308822502295616       4   2 0  0 0  0 0  1 1
   258  0.5125255061182012       4   1 1  0 0  0 0  1 1
   259  0.4132463604046643       4   0 2  0 0  0 0  1 1
   260  0.6209431132581353E-05   4   1 0  1 0  0 0  1 1
   261  0.1674396564190073E-04   4   0 1  1 0  0 0  1 1
   262  0.7287576362822340E-01   4   0 0  2 0  0 0  1 1
   263  0.1711005112071630E-04   4   1 0  0 1  0 0  1 1
   264  0.2943881877832613E-04   4   0 1  0 1  0 0  1 1
   265  0.2222340110791159       4   0 0  1 1  0 0  1 1
   266  0.8265710108912137E-01   4   0 0  0 2  0 0  1 1
   267  -.1308022757682185       4   2 0  0 0  0 0  0 2
   268  -.2332998813721024       4   1 1  0 0  0 0  0 2
   269  -.1035553598722674       4   0 2  0 0  0 0  0 2
   270  -.3573960455691500E-05   4   1 0  1 0  0 0  0 2
   271  -.2985555414874894E-05   4   0 1  1 0  0 0  0 2
   272  -.7281255029176399E-01   4   0 0  2 0  0 0  0 2
   273  -.3063330397844501E-05   4   1 0  0 1  0 0  0 2
   274  -.2550721764520038E-05   4   0 1  0 1  0 0  0 2
   275  -.1355441837200148       4   0 0  1 1  0 0  0 2
   276  -.6250835129039028E-01   4   0 0  0 2  0 0  0 2
   277  -.1366183385853868E-03   4   1 0  0 0  0 3  0 0
   278  -.2326532595936973E-03   4   0 1  0 0  0 3  0 0
   279  -.3215142280493310E-04   4   0 0  1 0  0 3  0 0
   280  -.1978046116359273E-04   4   0 0  0 1  0 3  0 0
   281  -.6963603263500342E-04   4   1 0  0 0  0 2  1 0
   282  -.1193015978115297E-03   4   0 1  0 0  0 2  1 0
   283  -.1065202295886672E-04   4   0 0  1 0  0 2  1 0
   284  -.2282943929341055E-04   4   0 0  0 1  0 2  1 0
   285  -.4356187931264827E-04   4   1 0  0 0  0 1  2 0
   286  -.7480111150040649E-04   4   0 1  0 0  0 1  2 0
   287  -.5925690316009762E-05   4   0 0  1 0  0 1  2 0
   288  -.1572484146556748E-04   4   0 0  0 1  0 1  2 0
   289  -.2324317725292344E-04   4   1 0  0 0  0 0  3 0
   290  -.3981957525221246E-04   4   0 1  0 0  0 0  3 0
   291  -.3563556995806995E-05   4   0 0  1 0  0 0  3 0
   292  -.7602667737842680E-05   4   0 0  0 1  0 0  3 0
   293  0.1277979371183372E-03   4   1 0  0 0  0 2  0 1
   294  0.1189601261664720E-03   4   0 1  0 0  0 2  0 1
   295  0.2452288278925726E-04   4   0 0  1 0  0 2  0 1
   296  0.4913477539113548E-04   4   0 0  0 1  0 2  0 1
   297  0.6508553483610905E-04   4   1 0  0 0  0 1  1 1
   298  0.6630632465060691E-04   4   0 1  0 0  0 1  1 1
   299  0.5982404235776713E-05   4   0 0  1 0  0 1  1 1
   300  0.3521876299043974E-04   4   0 0  0 1  0 1  1 1
   301  0.3256288659426556E-04   4   1 0  0 0  0 0  2 1
   302  0.3316610211872266E-04   4   0 1  0 0  0 0  2 1
   303  0.3001702676841933E-05   4   0 0  1 0  0 0  2 1
   304  0.1760722079875639E-04   4   0 0  0 1  0 0  2 1
   305  -.8123898713201928E-05   4   1 0  0 0  0 1  0 2
   306  -.7111363191202274E-05   4   0 1  0 0  0 1  0 2
   307  0.2267082168333796E-05   4   0 0  1 0  0 1  0 2
   308  -.3031730336651953E-05   4   0 0  0 1  0 1  0 2
   309  -.5697260518460493E-05   4   1 0  0 0  0 0  1 2
   310  -.5149193050823974E-05   4   0 1  0 0  0 0  1 2
   311  0.1521707957445580E-05   4   0 0  1 0  0 0  1 2
   312  -.3630706637180662E-05   4   0 0  0 1  0 0  1 2
   313  0.2713240113214187E-07   4   1 0  0 0  0 0  0 3
   314  0.2031094282714029E-07   4   0 1  0 0  0 0  0 3
   315  0.9459802066642201E-08   4   0 0  1 0  0 0  0 3
   316  0.7162075738498344E-08   4   0 0  0 1  0 0  0 3
   317  -.1434727840444201       4   0 0  0 0  0 4  0 0
   318  0.8201284834381385E-01   4   0 0  0 0  0 3  1 0
   319  0.2462383770677331E-01   4   0 0  0 0  0 2  2 0
   320  0.1648163226259966E-01   4   0 0  0 0  0 1  3 0
   321  0.2035440564132987E-01   4   0 0  0 0  0 0  4 0
   322  0.2673429278234029E-08   4   0 0  0 0  0 3  0 1
   323  0.2370560443351022E-08   4   0 0  0 0  0 2  1 1
   324  0.2096315447528675E-08   4   0 0  0 0  0 1  2 1
   325  0.6707040418029946E-09   4   0 0  0 0  0 0  3 1
   326  -.2187854200289403E-10   4   0 0  0 0  0 2  0 2
   327  -.8635651060921611E-10   4   0 0  0 0  0 1  1 2
   328  -.1281639107655827E-10   4   0 0  0 0  0 0  2 2
   329  0.7277971104634754E-12   4   0 0  0 0  0 1  0 3
   330  -.1193281055139981E-11   4   0 0  0 0  0 0  1 3
   ----------------------------------------------------
     I  COEFFICIENT            ORDER EXPONENTS
     1   1.000000000000000       1   0 0  0 0  0 1  0 0
     --------------------------------------------------
     I  COEFFICIENT            ORDER EXPONENTS
     1   1.000000000000000       1   0 0  0 0  0 0  1 0
     --------------------------------------------------
     I  COEFFICIENT            ORDER EXPONENTS
     1   1.000000000000000       1   0 0  0 0  0 0  0 1
     --------------------------------------------------
