 L    0.1049906000000000E+01
 P (  0.0000000000000000E+00,  0.0000000000000000E+00,  0.0000000000000000E+00)
 A (  0.0000000000000000E+00,  0.0000000000000000E+00,  0.0000000000000000E+00)
     I  COEFFICIENT            ORDER EXPONENTS
     1  0.9031926481475144E-04   0   0 0  0 0  0 0  0 0
     2   1.445281770855283       1   1 0  0 0  0 0  0 0
     3   1.433886846744679       1   0 1  0 0  0 0  0 0
     4  0.1396758517471060E-04   1   0 0  1 0  0 0  0 0
     5  0.1189067992294176E-04   1   0 0  0 1  0 0  0 0
     6  0.1438024130945731E-05   1   0 0  0 0  0 1  0 0
     7  0.1436088905842114E-05   1   0 0  0 0  0 0  1 0
     8  -.2874113035577621E-05   1   0 0  0 0  0 0  0 1
     9  -.1102763779637726       2   2 0  0 0  0 0  0 0
    10  -.1925443673028359       2   1 1  0 0  0 0  0 0
    11  -.8436644482066645E-01   2   0 2  0 0  0 0  0 0
    12  0.5846547513914566E-03   2   1 0  1 0  0 0  0 0
    13  0.1652115913773507E-03   2   0 1  1 0  0 0  0 0
    14  0.8272687138049167E-01   2   0 0  2 0  0 0  0 0
    15  0.5599454893852420E-03   2   1 0  0 1  0 0  0 0
    16  0.2158588668240475E-03   2   0 1  0 1  0 0  0 0
    17  0.1444529465192370       2   0 0  1 1  0 0  0 0
    18  0.6343556691673148E-01   2   0 0  0 2  0 0  0 0
    19  -.2366873139553408       2   1 0  0 0  0 1  0 0
    20  -.9207790659236296       2   0 1  0 0  0 1  0 0
    21  -.7594978131725604E-05   2   0 0  1 0  0 1  0 0
    22  -.1245152463270676E-04   2   0 0  0 1  0 1  0 0
    23  -.2363687913229062       2   1 0  0 0  0 0  1 0
    24  -.9195399248515234       2   0 1  0 0  0 0  1 0
    25  -.7584757168094862E-05   2   0 0  1 0  0 0  1 0
    26  -.1243476795767609E-04   2   0 0  0 1  0 0  1 0
    27  0.4730561052976590       2   1 0  0 0  0 0  0 1
    28  0.4064321440497875       2   0 1  0 0  0 0  0 1
    29  0.1517972619470820E-04   2   0 0  1 0  0 0  0 1
    30  0.1299560432371817E-04   2   0 0  0 1  0 0  0 1
    31  -.1256604428416141E-05   2   0 0  0 0  0 2  0 0
    32  -.1075652941015789E-05   2   0 0  0 0  0 1  1 0
    33  -.1254189567880215E-05   2   0 0  0 0  0 0  2 0
    34  0.2150769216159332E-05   2   0 0  0 0  0 1  0 1
    35  0.2147874812310425E-05   2   0 0  0 0  0 0  1 1
    36  -.7122587866704936E-06   2   0 0  0 0  0 0  0 2
    37   3.882494665586228       3   3 0  0 0  0 0  0 0
    38   14.50535157044464       3   2 1  0 0  0 0  0 0
    39   17.18079093503284       3   1 2  0 0  0 0  0 0
    40   7.255324143439338       3   0 3  0 0  0 0  0 0
    41  -.8407864130966704E-02   3   2 0  1 0  0 0  0 0
    42  -.1443541512531044E-01   3   1 1  1 0  0 0  0 0
    43  -.6195319147355305E-02   3   0 2  1 0  0 0  0 0
    44  -1.093509875157982       3   1 0  2 0  0 0  0 0
    45  0.8285449161883025       3   0 1  2 0  0 0  0 0
    46  0.2109077075736111E-02   3   0 0  3 0  0 0  0 0
    47  -.7332052965665968E-02   3   2 0  0 1  0 0  0 0
    48  -.1264807070266995E-01   3   1 1  0 1  0 0  0 0
    49  -.5448232124121239E-02   3   0 2  0 1  0 0  0 0
    50  -2.975597776401022       3   1 0  1 1  0 0  0 0
    51  0.1801006053941187       3   0 1  1 1  0 0  0 0
    52  0.5510722503491752E-02   3   0 0  2 1  0 0  0 0
    53  -1.256108755258720       3   1 0  0 2  0 0  0 0
    54  0.7010841141825952       3   0 1  0 2  0 0  0 0
    55  0.4841118875267387E-02   3   0 0  1 2  0 0  0 0
    56  0.1436301963925077E-02   3   0 0  0 3  0 0  0 0
    57  0.6614815321314853E-01   3   2 0  0 0  0 1  0 0
    58  0.2114670818596911       3   1 1  0 0  0 1  0 0
    59  0.1346751717556773       3   0 2  0 0  0 1  0 0
    60  -.3316233054137615E-03   3   1 0  1 0  0 1  0 0
    61  -.1847354638682981E-03   3   0 1  1 0  0 1  0 0
    62  -.3829257914475098E-01   3   0 0  2 0  0 1  0 0
    63  -.6419822535203492E-03   3   1 0  0 1  0 1  0 0
    64  -.3860078269043940E-03   3   0 1  0 1  0 1  0 0
    65  -.1388045719213221       3   0 0  1 1  0 1  0 0
    66  -.9258222841950543E-01   3   0 0  0 2  0 1  0 0
    67  0.6605913414600903E-01   3   2 0  0 0  0 0  1 0
    68  0.2111824994270235       3   1 1  0 0  0 0  1 0
    69  0.1344939322565499       3   0 2  0 0  0 0  1 0
    70  -.3311770223981979E-03   3   1 0  1 0  0 0  1 0
    71  -.1844868555873048E-03   3   0 1  1 0  0 0  1 0
    72  -.3824104679640455E-01   3   0 0  2 0  0 0  1 0
    73  -.6411183040591364E-03   3   1 0  0 1  0 0  1 0
    74  -.3854883557628657E-03   3   0 1  0 1  0 0  1 0
    75  -.1386177752700631       3   0 0  1 1  0 0  1 0
    76  -.9245763561974769E-01   3   0 0  0 2  0 0  1 0
    77  -.1322073752886306       3   2 0  0 0  0 0  0 1
    78  -.2301053525948425       3   1 1  0 0  0 0  0 1
    79  -.1004362685729431       3   0 2  0 0  0 0  0 1
    80  0.6622720448034849E-03   3   1 0  1 0  0 0  0 1
    81  0.2034746108325399E-03   3   0 1  1 0  0 0  0 1
    82  0.7653364493633917E-01   3   0 0  2 0  0 0  0 1
    83  0.7226222769211918E-03   3   1 0  0 1  0 0  0 1
    84  0.3392392272344263E-03   3   0 1  0 1  0 0  0 1
    85  0.1329694088296031       3   0 0  1 1  0 0  0 1
    86  0.5816872331500150E-01   3   0 0  0 2  0 0  0 1
    87  0.1845416778059414       3   1 0  0 0  0 2  0 0
    88  0.7978793467856542       3   0 1  0 0  0 2  0 0
    89  0.6044532525024295E-05   3   0 0  1 0  0 2  0 0
    90  0.1291678399275441E-04   3   0 0  0 1  0 2  0 0
    91  0.1325361494750710       3   1 0  0 0  0 1  1 0
    92  0.6753090265114646       3   0 1  0 0  0 1  1 0
    93  0.4405884262850529E-05   3   0 0  1 0  0 1  1 0
    94  0.1329151641670651E-04   3   0 0  0 1  0 1  1 0
    95  0.1842041498612242       3   1 0  0 0  0 0  2 0
    96  0.7963511988326687       3   0 1  0 0  0 0  2 0
    97  0.6033433462321534E-05   3   0 0  1 0  0 0  2 0
    98  0.1289045764545802E-04   3   0 0  0 1  0 0  2 0
    99  -.2649329076564321       3   1 0  0 0  0 1  0 1
   100  -.4295107149397642       3   0 1  0 0  0 1  0 1
   101  -.8732289136289843E-05   3   0 0  1 0  0 1  0 1
   102  -.1402087744169141E-04   3   0 0  0 1  0 1  0 1
   103  -.2645763734351614       3   1 0  0 0  0 0  1 1
   104  -.4289326996617353       3   0 1  0 0  0 0  1 1
   105  -.8720537633108707E-05   3   0 0  1 0  0 0  1 1
   106  -.1400200880561140E-04   3   0 0  0 1  0 0  1 1
   107  0.2822681718932884E-01   3   1 0  0 0  0 0  0 2
   108  0.2278980168293799E-01   3   0 1  0 0  0 0  0 2
   109  0.1044076329030498E-05   3   0 0  1 0  0 0  0 2
   110  0.9472051468194667E-06   3   0 0  0 1  0 0  0 2
   111  0.1168697291546984E-05   3   0 0  0 0  0 3  0 0
   112  0.9926790992619163E-06   3   0 0  0 0  0 2  1 0
   113  0.9930312398882326E-06   3   0 0  0 0  0 1  2 0
   114  0.1165671074889001E-05   3   0 0  0 0  0 0  3 0
   115  -.1985485660209038E-05   3   0 0  0 0  0 2  0 1
   116  -.1820423328541671E-05   3   0 0  0 0  0 1  1 1
   117  -.1981588767219421E-05   3   0 0  0 0  0 0  2 1
   118  0.7447580580694865E-06   3   0 0  0 0  0 1  0 2
   119  0.7437557977741491E-06   3   0 0  0 0  0 0  1 2
   120  -.2136083834621818E-07   3   0 0  0 0  0 0  0 3
   121  -14.20237685658427       4   4 0  0 0  0 0  0 0
   122  -51.95665773825184       4   3 1  0 0  0 0  0 0
   123  -71.60780980866920       4   2 2  0 0  0 0  0 0
   124  -44.14605864213274       4   1 3  0 0  0 0  0 0
   125  -10.28602535500048       4   0 4  0 0  0 0  0 0
   126  -.7204554873430271E-02   4   3 0  1 0  0 0  0 0
   127  -.1975052740659069E-01   4   2 1  1 0  0 0  0 0
   128  -.1907951719879315E-01   4   1 2  1 0  0 0  0 0
   129  -.6327073550454278E-02   4   0 3  1 0  0 0  0 0
   130   52.27005313693780       4   2 0  2 0  0 0  0 0
   131   90.74867223553980       4   1 1  2 0  0 0  0 0
   132   39.67154107008948       4   0 2  2 0  0 0  0 0
   133  0.4397224659742945E-02   4   1 0  3 0  0 0  0 0
   134  0.4456378055274293E-02   4   0 1  3 0  0 0  0 0
   135  -6.407605926993261       4   0 0  4 0  0 0  0 0
   136  -.7236434453755894E-02   4   3 0  0 1  0 0  0 0
   137  -.1945109762760441E-01   4   2 1  0 1  0 0  0 0
   138  -.1779760634838668E-01   4   1 2  0 1  0 0  0 0
   139  -.5521831300015945E-02   4   0 3  0 1  0 0  0 0
   140   93.41732514894647       4   2 0  1 1  0 0  0 0
   141   163.1213293678530       4   1 1  1 1  0 0  0 0
   142   71.77537369848942       4   0 2  1 1  0 0  0 0
   143  0.1019448113833937E-01   4   1 0  2 1  0 0  0 0
   144  0.1011943320722422E-01   4   0 1  2 1  0 0  0 0
   145  -22.10876053919430       4   0 0  3 1  0 0  0 0
   146   41.82989608416761       4   2 0  0 2  0 0  0 0
   147   73.36097283741435       4   1 1  0 2  0 0  0 0
   148   32.44384827043680       4   0 2  0 2  0 0  0 0
   149  0.7439021986404474E-02   4   1 0  1 2  0 0  0 0
   150  0.7250436383182115E-02   4   0 1  1 2  0 0  0 0
   151  -28.72664288198004       4   0 0  2 2  0 0  0 0
   152  0.2053303135779051E-02   4   1 0  0 3  0 0  0 0
   153  0.1868891865215015E-02   4   0 1  0 3  0 0  0 0
   154  -16.58507694332332       4   0 0  1 3  0 0  0 0
   155  -3.572788111751670       4   0 0  0 4  0 0  0 0
   156  -5.561263438406097       4   3 0  0 0  0 1  0 0
   157  -25.62413167270079       4   2 1  0 0  0 1  0 0
   158  -36.97604449802835       4   1 2  0 0  0 1  0 0
   159  -17.96972004482540       4   0 3  0 0  0 1  0 0
   160  -.1318072805911457E-02   4   2 0  1 0  0 1  0 0
   161  0.3932473282274911E-02   4   1 1  1 0  0 1  0 0
   162  0.4254659169908262E-02   4   0 2  1 0  0 1  0 0
   163  0.7153354997715017       4   1 0  2 0  0 1  0 0
   164  -.7755582793981317       4   0 1  2 0  0 1  0 0
   165  0.9264805281978294E-04   4   0 0  3 0  0 1  0 0
   166  0.1882903946893922E-02   4   2 0  0 1  0 1  0 0
   167  0.8563348860403870E-02   4   1 1  0 1  0 1  0 0
   168  0.5888177939928630E-02   4   0 2  0 1  0 1  0 0
   169   3.897844584418394       4   1 0  1 1  0 1  0 0
   170  0.4110442895420755       4   0 1  1 1  0 1  0 0
   171  -.2264075871994335E-02   4   0 0  2 1  0 1  0 0
   172   2.515607399525922       4   1 0  0 2  0 1  0 0
   173  -.6299316983042939       4   0 1  0 2  0 1  0 0
   174  -.4190641663873435E-02   4   0 0  1 2  0 1  0 0
   175  -.1904615963224993E-02   4   0 0  0 3  0 1  0 0
   176  -5.553779352164159       4   3 0  0 0  0 0  1 0
   177  -25.58964792391961       4   2 1  0 0  0 0  1 0
   178  -36.92628387996395       4   1 2  0 0  0 0  1 0
   179  -17.94553724247281       4   0 3  0 0  0 0  1 0
   180  -.1316299005647900E-02   4   2 0  1 0  0 0  1 0
   181  0.3927181145062645E-02   4   1 1  1 0  0 0  1 0
   182  0.4248933450112529E-02   4   0 2  1 0  0 0  1 0
   183  0.7143728349684803       4   1 0  2 0  0 0  1 0
   184  -.7745145696165195       4   0 1  2 0  0 0  1 0
   185  0.9252337143664874E-04   4   0 0  3 0  0 0  1 0
   186  0.1880370023500367E-02   4   2 0  0 1  0 0  1 0
   187  0.8551824709084159E-02   4   1 1  0 1  0 0  1 0
   188  0.5880253907557269E-02   4   0 2  0 1  0 0  1 0
   189   3.892599048875705       4   1 0  1 1  0 0  1 0
   190  0.4104911255090534       4   0 1  1 1  0 0  1 0
   191  -.2261028985388005E-02   4   0 0  2 1  0 0  1 0
   192   2.512222013644104       4   1 0  0 2  0 0  1 0
   193  -.6290839659123629       4   0 1  0 2  0 0  1 0
   194  -.4185002095820298E-02   4   0 0  1 2  0 0  1 0
   195  -.1902052820823125E-02   4   0 0  0 3  0 0  1 0
   196   11.11263872084220       4   3 0  0 0  0 0  0 1
   197   36.70107048638068       4   2 1  0 0  0 0  0 1
   198   39.53324101840860       4   1 2  0 0  0 0  0 1
   199   14.14673090609582       4   0 3  0 0  0 0  0 1
   200  0.1438558395298185E-02   4   2 0  1 0  0 0  0 1
   201  0.3053803971048173E-02   4   1 1  1 0  0 0  0 1
   202  0.1620628738566643E-02   4   0 2  1 0  0 0  0 1
   203  -1.427069851266176       4   1 0  2 0  0 0  0 1
   204  0.7242201844593903       4   0 1  2 0  0 0  0 1
   205  0.1126524923399562E-04   4   0 0  3 0  0 0  0 1
   206  0.1618013420727536E-02   4   2 0  0 1  0 0  0 1
   207  0.3324773039434386E-02   4   1 1  0 1  0 0  0 1
   208  0.1721530990159262E-02   4   0 2  0 1  0 0  0 1
   209  -4.809497496941655       4   1 0  1 1  0 0  0 1
   210  -1.176303312048857       4   0 1  1 1  0 0  0 1
   211  -.2501245525840691E-04   4   0 0  2 1  0 0  0 1
   212  -2.512912374041165       4   1 0  0 2  0 0  0 1
   213  -.8415026066109429       4   0 1  0 2  0 0  0 1
   214  -.5044215628947405E-04   4   0 0  1 2  0 0  0 1
   215  -.9355587487866725E-05   4   0 0  0 3  0 0  0 1
   216  -.5856680641990170E-01   4   2 0  0 0  0 2  0 0
   217  -.2332173925976629       4   1 1  0 0  0 2  0 0
   218  -.1808516279614825       4   0 2  0 0  0 2  0 0
   219  -.1160441285913221E-03   4   1 0  1 0  0 2  0 0
   220  0.1067968045993043E-03   4   0 1  1 0  0 2  0 0
   221  0.2671370475519431E-01   4   0 0  2 0  0 2  0 0
   222  0.4141291800434477E-03   4   1 0  0 1  0 2  0 0
   223  0.5372654348866668E-03   4   0 1  0 1  0 2  0 0
   224  0.1339119045579250       4   0 0  1 1  0 2  0 0
   225  0.1128194777286632       4   0 0  0 2  0 2  0 0
   226  -.4866103842066025E-01   4   2 0  0 0  0 1  1 0
   227  -.2497349422317641       4   1 1  0 0  0 1  1 0
   228  -.2238835929243528       4   0 2  0 0  0 1  1 0
   229  -.2282360312098260E-03   4   1 0  1 0  0 1  1 0
   230  0.7215506521831147E-04   4   0 1  1 0  0 1  1 0
   231  0.1584481165294712E-01   4   0 0  2 0  0 1  1 0
   232  0.4380493178815132E-03   4   1 0  0 1  0 1  1 0
   233  0.6668348363237694E-03   4   0 1  0 1  0 1  1 0
   234  0.1300519140083927       4   0 0  1 1  0 1  1 0
   235  0.1334664170391917       4   0 0  0 2  0 1  1 0
   236  -.5845524710588277E-01   4   2 0  0 0  0 0  2 0
   237  -.2327354988640297       4   1 1  0 0  0 0  2 0
   238  -.1804576003697680       4   0 2  0 0  0 0  2 0
   239  -.1157343872248291E-03   4   1 0  1 0  0 0  2 0
   240  0.1066045310497878E-03   4   0 1  1 0  0 0  2 0
   241  0.2666709310991715E-01   4   0 0  2 0  0 0  2 0
   242  0.4132771114464627E-03   4   1 0  0 1  0 0  2 0
   243  0.5360937109368921E-03   4   0 1  0 1  0 0  2 0
   244  0.1336441833594517       4   0 0  1 1  0 0  2 0
   245  0.1125778441855353       4   0 0  0 2  0 0  2 0
   246  0.9447721030929365E-01   4   2 0  0 0  0 1  0 1
   247  0.2802593841861709       4   1 1  0 0  0 1  0 1
   248  0.1728883702914601       4   0 2  0 0  0 1  0 1
   249  0.2268233126019511E-03   4   1 0  1 0  0 1  0 1
   250  0.4219991231587244E-04   4   0 1  1 0  0 1  0 1
   251  -.3232101653501747E-01   4   0 0  2 0  0 1  0 1
   252  -.2465413381781381E-03   4   1 0  0 1  0 1  0 1
   253  -.2708808842050162E-03   4   0 1  0 1  0 1  0 1
   254  -.1221604109518629       4   0 0  1 1  0 1  0 1
   255  -.8236596832775882E-01   4   0 0  0 2  0 1  0 1
   256  0.9435006733221760E-01   4   2 0  0 0  0 0  1 1
   257  0.2798822243151027       4   1 1  0 0  0 0  1 1
   258  0.1726557052706698       4   0 2  0 0  0 0  1 1
   259  0.2265180644776645E-03   4   1 0  1 0  0 0  1 1
   260  0.4214312166269093E-04   4   0 1  1 0  0 0  1 1
   261  -.3227752043420114E-01   4   0 0  2 0  0 0  1 1
   262  -.2462095544643081E-03   4   1 0  0 1  0 0  1 1
   263  -.2705163454772267E-03   4   0 1  0 1  0 0  1 1
   264  -.1219960132280243       4   0 0  1 1  0 0  1 1
   265  -.8225512408935683E-01   4   0 0  0 2  0 0  1 1
   266  -.2506422276224547E-01   4   2 0  0 0  0 0  0 2
   267  -.4294865603627065E-01   4   1 1  0 0  0 0  0 2
   268  -.1838298360722385E-01   4   0 2  0 0  0 0  0 2
   269  -.1433800679192582E-03   4   1 0  1 0  0 0  0 2
   270  -.1326722727123588E-03   4   0 1  1 0  0 0  0 2
   271  -.5257191342179961E-02   4   0 0  2 0  0 0  0 2
   272  -.1120918519313816E-03   4   1 0  0 1  0 0  0 2
   273  -.1047745093316302E-03   4   0 1  0 1  0 0  0 2
   274  -.9858272836245309E-02   4   0 0  1 1  0 0  0 2
   275  -.4561304935164041E-02   4   0 0  0 2  0 0  0 2
   276  -.1585470220063824       4   1 0  0 0  0 3  0 0
   277  -.7393717545778072       4   0 1  0 0  0 3  0 0
   278  -.9671995752541582E-05   4   0 0  1 0  0 3  0 0
   279  -.1798093775607025E-04   4   0 0  0 1  0 3  0 0
   280  -.1065849381840579       4   1 0  0 0  0 2  1 0
   281  -.6224199554477259       4   0 1  0 0  0 2  1 0
   282  -.6297831627730572E-05   4   0 0  1 0  0 2  1 0
   283  -.1725748755957908E-04   4   0 0  0 1  0 2  1 0
   284  -.1066893996642759       4   1 0  0 0  0 1  2 0
   285  -.6226540292173093       4   0 1  0 0  0 1  2 0
   286  -.6304616539607763E-05   4   0 0  1 0  0 1  2 0
   287  -.1725889909076093E-04   4   0 0  0 1  0 1  2 0
   288  -.1581553525564111       4   1 0  0 0  0 0  3 0
   289  -.7374609898817991       4   0 1  0 0  0 0  3 0
   290  -.9648239630587962E-05   4   0 0  1 0  0 0  3 0
   291  -.1793304440042526E-04   4   0 0  0 1  0 0  3 0
   292  0.2131274327823623       4   1 0  0 0  0 2  0 1
   293  0.4468809227173946       4   0 1  0 0  0 2  0 1
   294  0.1129584623352294E-04   4   0 0  1 0  0 2  0 1
   295  0.1906162075924459E-04   4   0 0  0 1  0 2  0 1
   296  0.1614580219585089       4   1 0  0 0  0 1  1 1
   297  0.4642007567471780       4   0 1  0 0  0 1  1 1
   298  0.7917702722436197E-05   4   0 0  1 0  0 1  1 1
   299  0.1839198725726429E-04   4   0 0  0 1  0 1  1 1
   300  0.2127319746293266       4   1 0  0 0  0 0  2 1
   301  0.4459671816816690       4   0 1  0 0  0 0  2 1
   302  0.1127531718042908E-04   4   0 0  1 0  0 0  2 1
   303  0.1902359299353671E-04   4   0 0  0 1  0 0  2 1
   304  -.2891633531206400E-01   4   1 0  0 0  0 1  0 2
   305  -.3470812204640031E-01   4   0 1  0 0  0 1  0 2
   306  -.4755466541584721E-07   4   0 0  1 0  0 1  0 2
   307  -.4418311550048743E-06   4   0 0  0 1  0 1  0 2
   308  -.2887742107078199E-01   4   1 0  0 0  0 0  1 2
   309  -.3466141349148857E-01   4   0 1  0 0  0 0  1 2
   310  -.4749066858834368E-07   4   0 0  1 0  0 0  1 2
   311  -.4412365594592845E-06   4   0 0  0 1  0 0  1 2
   312  0.4466241558782436E-03   4   1 0  0 0  0 0  0 3
   313  0.3333273641210908E-03   4   0 1  0 0  0 0  0 3
   314  0.3124535118116811E-07   4   0 0  1 0  0 0  0 3
   315  0.2354598737537183E-07   4   0 0  0 1  0 0  0 3
   316  -.3284285389593885E-04   4   0 0  0 0  0 4  0 0
   317  -.2326169291722090E-04   4   0 0  0 0  0 3  1 0
   318  -.2199678915062658E-04   4   0 0  0 0  0 2  2 0
   319  -.2328904289069185E-04   4   0 0  0 0  0 1  3 0
   320  -.3273886573155846E-04   4   0 0  0 0  0 0  4 0
   321  0.7211226362819568E-05   4   0 0  0 0  0 3  0 1
   322  0.8579211193541285E-05   4   0 0  0 0  0 2  1 1
   323  0.8576430149424003E-05   4   0 0  0 0  0 1  2 1
   324  0.7190904598372172E-05   4   0 0  0 0  0 0  3 1
   325  -.6172062971929031E-07   4   0 0  0 0  0 2  0 2
   326  -.8432528086196497E-07   4   0 0  0 0  0 1  1 2
   327  -.6158082851019840E-07   4   0 0  0 0  0 0  2 2
   328  -.4430069045333569E-08   4   0 0  0 0  0 1  0 3
   329  -.4424107267194278E-08   4   0 0  0 0  0 0  1 3
   330  -.3275394986176389E-14   4   0 0  0 0  0 0  0 4
   ----------------------------------------------------
     I  COEFFICIENT            ORDER EXPONENTS
     1  0.5500526921762614E-04   0   0 0  0 0  0 0  0 0
     2   3.919511214575424       1   1 0  0 0  0 0  0 0
     3   4.580515515550463       1   0 1  0 0  0 0  0 0
     4  0.1116806521643528E-03   1   0 0  1 0  0 0  0 0
     5  0.1029959669276927E-03   1   0 0  0 1  0 0  0 0
     6  0.3364783632270429E-05   1   0 0  0 0  0 1  0 0
     7  0.3360255465035165E-05   1   0 0  0 0  0 0  1 0
     8  0.4828023013039752E-04   1   0 0  0 0  0 0  0 1
     9  -1.115868207535855       2   2 0  0 0  0 0  0 0
    10  -2.037313443156636       2   1 1  0 0  0 0  0 0
    11  -.9343074109259093       2   0 2  0 0  0 0  0 0
    12  0.5380168919677867E-02   2   1 0  1 0  0 0  0 0
    13  0.3931472634871046E-02   2   0 1  1 0  0 0  0 0
    14  0.6375453447321628       2   0 0  2 0  0 0  0 0
    15  0.5084958293231145E-02   2   1 0  0 1  0 0  0 0
    16  0.3854342285134362E-02   2   0 1  0 1  0 0  0 0
    17   1.163343270267680       2   0 0  1 1  0 0  0 0
    18  0.5365983350971711       2   0 0  0 2  0 0  0 0
    19  -.3038154799130944       2   1 0  0 0  0 1  0 0
    20  -2.048383257018667       2   0 1  0 0  0 1  0 0
    21  -.7421088263380477E-05   2   0 0  1 0  0 1  0 0
    22  -.5878479744353239E-04   2   0 0  0 1  0 1  0 0
    23  -.3034066193585525       2   1 0  0 0  0 0  1 0
    24  -2.045626639368326       2   0 1  0 0  0 0  1 0
    25  -.7411101312539431E-05   2   0 0  1 0  0 0  1 0
    26  -.5870568763356444E-04   2   0 0  0 1  0 0  1 0
    27   4.526733314062153       2   1 0  0 0  0 0  0 1
    28   4.094009896597590       2   0 1  0 0  0 0  0 1
    29  0.1265126720830148E-03   2   0 0  1 0  0 0  0 1
    30  0.1174903154537991E-03   2   0 0  0 1  0 0  0 1
    31  -.2707297534914288E-05   2   0 0  0 0  0 2  0 0
    32  -.2051569048763291E-05   2   0 0  0 0  0 1  1 0
    33  -.2702273729012419E-05   2   0 0  0 0  0 0  2 0
    34  0.7466166912430488E-05   2   0 0  0 0  0 1  0 1
    35  0.7456119296867472E-05   2   0 0  0 0  0 0  1 1
    36  -.7461142700892012E-05   2   0 0  0 0  0 0  0 2
    37  -25.90022241426009       3   3 0  0 0  0 0  0 0
    38  -74.67829564902820       3   2 1  0 0  0 0  0 0
    39  -73.48026295402285       3   1 2  0 0  0 0  0 0
    40  -22.77832856996736       3   0 3  0 0  0 0  0 0
    41  -.7949207763861693E-01   3   2 0  1 0  0 0  0 0
    42  -.1431117700215986       3   1 1  1 0  0 0  0 0
    43  -.6470024137225272E-01   3   0 2  1 0  0 0  0 0
    44  -25.15136433528044       3   1 0  2 0  0 0  0 0
    45  -19.24619012952330       3   0 1  2 0  0 0  0 0
    46  0.1547330903128750E-01   3   0 0  3 0  0 0  0 0
    47  -.7555029470456484E-01   3   2 0  0 1  0 0  0 0
    48  -.1373091189651687       3   1 1  0 1  0 0  0 0
    49  -.6260920391002697E-01   3   0 2  0 1  0 0  0 0
    50  -55.07541110673325       3   1 0  1 1  0 0  0 0
    51  -44.73315822206440       3   0 1  1 1  0 0  0 0
    52  0.4178413028998391E-01   3   0 0  2 1  0 0  0 0
    53  -26.74597901837997       3   1 0  0 2  0 0  0 0
    54  -20.65798192188422       3   0 1  0 2  0 0  0 0
    55  0.3800684026352483E-01   3   0 0  1 2  0 0  0 0
    56  0.1170391532709002E-01   3   0 0  0 3  0 0  0 0
    57  0.2369941641150452       3   2 0  0 0  0 1  0 0
    58   1.440521654635001       3   1 1  0 0  0 1  0 0
    59   1.121973604515632       3   0 2  0 0  0 1  0 0
    60  -.1832240350239337E-02   3   1 0  1 0  0 1  0 0
    61  -.3256440032169686E-02   3   0 1  1 0  0 1  0 0
    62  0.2449790427150096E-01   3   0 0  2 0  0 1  0 0
    63  -.4617051246283816E-02   3   1 0  0 1  0 1  0 0
    64  -.5451211234724166E-02   3   0 1  0 1  0 1  0 0
    65  -.5278581313694096       3   0 0  1 1  0 1  0 0
    66  -.5086537987566297       3   0 0  0 2  0 1  0 0
    67  0.2366752285381273       3   2 0  0 0  0 0  1 0
    68   1.438583068481629       3   1 1  0 0  0 0  1 0
    69   1.120463705315462       3   0 2  0 0  0 0  1 0
    70  -.1829774607526472E-02   3   1 0  1 0  0 0  1 0
    71  -.3252057668645093E-02   3   0 1  1 0  0 0  1 0
    72  0.2446493614647958E-01   3   0 0  2 0  0 0  1 0
    73  -.4610837836310656E-02   3   1 0  0 1  0 0  1 0
    74  -.5443875251551164E-02   3   0 1  0 1  0 0  1 0
    75  -.5271477647733032       3   0 0  1 1  0 0  1 0
    76  -.5079692764462853       3   0 0  0 2  0 0  1 0
    77  -1.589541196055995       3   2 0  0 0  0 0  0 1
    78  -2.879110810125569       3   1 1  0 0  0 0  0 1
    79  -1.308132478847067       3   0 2  0 0  0 0  0 1
    80  0.9036976844072670E-02   3   1 0  1 0  0 0  0 1
    81  0.6503366460959099E-02   3   0 1  1 0  0 0  0 1
    82  0.5885843787509055       3   0 0  2 0  0 0  0 1
    83  0.9222231596990114E-02   3   1 0  0 1  0 0  0 1
    84  0.7035089897987387E-02   3   0 1  0 1  0 0  0 1
    85   1.055009057531332       3   0 0  1 1  0 0  0 1
    86  0.4800260684736898       3   0 0  0 2  0 0  0 1
    87  0.2358903240174259       3   1 0  0 0  0 2  0 0
    88   1.671066414593986       3   0 1  0 0  0 2  0 0
    89  0.5028407559815544E-05   3   0 0  1 0  0 2  0 0
    90  0.4715935954892492E-04   3   0 0  0 1  0 2  0 0
    91  0.1681468594269235       3   1 0  0 0  0 1  1 0
    92   1.294760950062827       3   0 1  0 0  0 1  1 0
    93  0.2583773257677123E-05   3   0 0  1 0  0 1  1 0
    94  0.3554307359168150E-04   3   0 0  0 1  0 1  1 0
    95  0.2354597318770298       3   1 0  0 0  0 0  2 0
    96   1.667946358034547       3   0 1  0 0  0 0  2 0
    97  0.5019902005765180E-05   3   0 0  1 0  0 0  2 0
    98  0.4707197860871019E-04   3   0 0  0 1  0 0  2 0
    99  -.6399263255847437       3   1 0  0 0  0 1  0 1
   100  -2.588509501055835       3   0 1  0 0  0 1  0 1
   101  -.1273944240053493E-04   3   0 0  1 0  0 1  0 1
   102  -.7120568764501521E-04   3   0 0  0 1  0 1  0 1
   103  -.6390651428944455       3   1 0  0 0  0 0  1 1
   104  -2.585026006961534       3   0 1  0 0  0 0  1 1
   105  -.1272229825934140E-04   3   0 0  1 0  0 0  1 1
   106  -.7110986238639038E-04   3   0 0  0 1  0 0  1 1
   107  0.6394950449569464       3   1 0  0 0  0 0  0 2
   108  0.5397622253976307       3   0 1  0 0  0 0  0 2
   109  0.1273566711350555E-04   3   0 0  1 0  0 0  0 2
   110  0.1247391255643588E-04   3   0 0  0 1  0 0  0 2
   111  0.2380683565058392E-05   3   0 0  0 0  0 3  0 0
   112  0.1730178806169110E-05   3   0 0  0 0  0 2  1 0
   113  0.1731485466831124E-05   3   0 0  0 0  0 1  2 0
   114  0.2374715220517196E-05   3   0 0  0 0  0 0  3 0
   115  -.6169790292295230E-05   3   0 0  0 0  0 2  0 1
   116  -.4877850493758297E-05   3   0 0  0 0  0 1  1 1
   117  -.6158205088638143E-05   3   0 0  0 0  0 0  2 1
   118  0.4877998431676838E-05   3   0 0  0 0  0 1  0 2
   119  0.4871433851279034E-05   3   0 0  0 0  0 0  1 2
   120  -.7629965283270099E-06   3   0 0  0 0  0 0  0 3
   121  -123.6259158842898       4   4 0  0 0  0 0  0 0
   122  -458.4718580586718       4   3 1  0 0  0 0  0 0
   123  -639.9372590912269       4   2 2  0 0  0 0  0 0
   124  -399.3647130267608       4   1 3  0 0  0 0  0 0
   125  -94.21294380855011       4   0 4  0 0  0 0  0 0
   126  -.5606758728652091E-01   4   3 0  1 0  0 0  0 0
   127  -.1449936596256244       4   2 1  1 0  0 0  0 0
   128  -.1252783122853195       4   1 2  1 0  0 0  0 0
   129  -.3407334432341224E-01   4   0 3  1 0  0 0  0 0
   130   437.4571863236308       4   2 0  2 0  0 0  0 0
   131   780.8190415890564       4   1 1  2 0  0 0  0 0
   132   350.0666348399452       4   0 2  2 0  0 0  0 0
   133  0.4054353447404235E-01   4   1 0  3 0  0 0  0 0
   134  0.3928624381608264E-01   4   0 1  3 0  0 0  0 0
   135  -47.17186642246266       4   0 0  4 0  0 0  0 0
   136  -.5309070386102189E-01   4   3 0  0 1  0 0  0 0
   137  -.1396532959346128       4   2 1  0 1  0 0  0 0
   138  -.1206409072295711       4   1 2  0 1  0 0  0 0
   139  -.3251599983508181E-01   4   0 3  0 1  0 0  0 0
   140   824.7962613497328       4   2 0  1 1  0 0  0 0
   141   1484.007973176277       4   1 1  1 1  0 0  0 0
   142   671.1964546568387       4   0 2  1 1  0 0  0 0
   143  0.1183550086895409       4   1 0  2 1  0 0  0 0
   144  0.1148609097562529       4   0 1  2 1  0 0  0 0
   145  -168.8875453459147       4   0 0  3 1  0 0  0 0
   146   391.9407338403634       4   2 0  0 2  0 0  0 0
   147   709.7808323937303       4   1 1  0 2  0 0  0 0
   148   323.3146954903488       4   0 2  0 2  0 0  0 0
   149  0.1151570911316406       4   1 0  1 2  0 0  0 0
   150  0.1135883990317134       4   0 1  1 2  0 0  0 0
   151  -228.8846012273706       4   0 0  2 2  0 0  0 0
   152  0.3962133764152357E-01   4   1 0  0 3  0 0  0 0
   153  0.3969046063444094E-01   4   0 1  0 3  0 0  0 0
   154  -138.6670226830739       4   0 0  1 3  0 0  0 0
   155  -31.56986836559452       4   0 0  0 4  0 0  0 0
   156   22.11975765587252       4   3 0  0 0  0 1  0 0
   157   99.96522850225644       4   2 1  0 0  0 1  0 0
   158   132.6180835633801       4   1 2  0 0  0 1  0 0
   159   52.66001802465224       4   0 3  0 0  0 1  0 0
   160  -.6648606719838586E-02   4   2 0  1 0  0 1  0 0
   161  0.5094987389577658E-01   4   1 1  1 0  0 1  0 0
   162  0.5119196531714353E-01   4   0 2  1 0  0 1  0 0
   163   6.427424273041813       4   1 0  2 0  0 1  0 0
   164   13.15896523568376       4   0 1  2 0  0 1  0 0
   165  0.1326594111906559E-02   4   0 0  3 0  0 1  0 0
   166  0.2483480783286246E-01   4   2 0  0 1  0 1  0 0
   167  0.1046246102180349       4   1 1  0 1  0 1  0 0
   168  0.7455489691024633E-01   4   0 2  0 1  0 1  0 0
   169   45.12675850738147       4   1 0  1 1  0 1  0 0
   170   57.05459184280627       4   0 1  1 1  0 1  0 0
   171  -.1442447955552485E-01   4   0 0  2 1  0 1  0 0
   172   36.98875575810664       4   1 0  0 2  0 1  0 0
   173   38.75500264916489       4   0 1  0 2  0 1  0 0
   174  -.2914740628029648E-01   4   0 0  1 2  0 1  0 0
   175  -.1383115976306490E-01   4   0 0  0 3  0 1  0 0
   176   22.08998992848640       4   3 0  0 0  0 0  1 0
   177   99.83070000893386       4   2 1  0 0  0 0  1 0
   178   132.4396123965919       4   1 2  0 0  0 0  1 0
   179   52.58915065417452       4   0 3  0 0  0 0  1 0
   180  -.6639659338253110E-02   4   2 0  1 0  0 0  1 0
   181  0.5088130795667183E-01   4   1 1  1 0  0 0  1 0
   182  0.5112307358281341E-01   4   0 2  1 0  0 0  1 0
   183   6.418774548369070       4   1 0  2 0  0 0  1 0
   184   13.14125652043007       4   0 1  2 0  0 0  1 0
   185  0.1324808844070972E-02   4   0 0  3 0  0 0  1 0
   186  0.2480138631890487E-01   4   2 0  0 1  0 0  1 0
   187  0.1044838113483904       4   1 1  0 1  0 0  1 0
   188  0.7445456444363496E-01   4   0 2  0 1  0 0  1 0
   189   45.06602904253259       4   1 0  1 1  0 0  1 0
   190   56.97781046199395       4   0 1  1 1  0 0  1 0
   191  -.1440506777074120E-01   4   0 0  2 1  0 0  1 0
   192   36.93897803382706       4   1 0  0 2  0 0  1 0
   193   38.70284799305968       4   0 1  0 2  0 0  1 0
   194  -.2910818107459413E-01   4   0 0  1 2  0 0  1 0
   195  -.1381254644009574E-01   4   0 0  0 3  0 0  1 0
   196  -70.12381607796250       4   3 0  0 0  0 0  0 1
   197  -199.8397635949401       4   2 1  0 0  0 0  0 1
   198  -191.6238561365410       4   1 2  0 0  0 0  0 1
   199  -59.70894755745828       4   0 3  0 0  0 0  0 1
   200  -.1466980384911126E-02   4   2 0  1 0  0 0  0 1
   201  -.2539320249291038E-02   4   1 1  1 0  0 0  0 1
   202  -.1079906164331367E-02   4   0 2  1 0  0 0  0 1
   203  -37.97305980840077       4   1 0  2 0  0 0  0 1
   204  -26.27663452858716       4   0 1  2 0  0 0  0 1
   205  -.1142300309958273E-02   4   0 0  3 0  0 0  0 1
   206  -.8084011423345766E-03   4   2 0  0 1  0 0  0 1
   207  -.1584540714378765E-02   4   1 1  0 1  0 0  0 1
   208  -.6928498950985863E-03   4   0 2  0 1  0 0  0 1
   209  -90.14064754897743       4   1 0  1 1  0 0  0 1
   210  -69.24808194819549       4   0 1  1 1  0 0  0 1
   211  -.3531753900984419E-02   4   0 0  2 1  0 0  0 1
   212  -47.15353800155898       4   1 0  0 2  0 0  0 1
   213  -36.11377877442300       4   0 1  0 2  0 0  0 1
   214  -.3568802140951613E-02   4   0 0  1 2  0 0  0 1
   215  -.1119895499507961E-02   4   0 0  0 3  0 0  0 1
   216  -.1927224493463160       4   2 0  0 0  0 2  0 0
   217  -1.313722663089411       4   1 1  0 0  0 2  0 0
   218  -1.270893411092676       4   0 2  0 0  0 2  0 0
   219  -.1133386266269306E-02   4   1 0  1 0  0 2  0 0
   220  0.9991012855913161E-03   4   0 1  1 0  0 2  0 0
   221  -.1291780868863293E-01   4   0 0  2 0  0 2  0 0
   222  0.1583951159400071E-02   4   1 0  0 1  0 2  0 0
   223  0.4076408439040998E-02   4   0 1  0 1  0 2  0 0
   224  0.3792375040918786       4   0 0  1 1  0 2  0 0
   225  0.4922813499484097       4   0 0  0 2  0 2  0 0
   226  -.1525424764622771       4   2 0  0 0  0 1  1 0
   227  -1.196520814498435       4   1 1  0 0  0 1  1 0
   228  -1.424355530701975       4   0 2  0 0  0 1  1 0
   229  -.1352772819981347E-02   4   1 0  1 0  0 1  1 0
   230  0.9876300405294997E-03   4   0 1  1 0  0 1  1 0
   231  -.4330684629854285E-03   4   0 0  2 0  0 1  1 0
   232  0.1606779019806376E-02   4   1 0  0 1  0 1  1 0
   233  0.5314331888104954E-02   4   0 1  0 1  0 1  1 0
   234  0.2318573243449826       4   0 0  1 1  0 1  1 0
   235  0.4761239583032324       4   0 0  0 2  0 1  1 0
   236  -.1923604503188007       4   2 0  0 0  0 0  2 0
   237  -1.311149606381976       4   1 1  0 0  0 0  2 0
   238  -1.268224687362316       4   0 2  0 0  0 0  2 0
   239  -.1130950759493228E-02   4   1 0  1 0  0 0  2 0
   240  0.9970921891855958E-03   4   0 1  1 0  0 0  2 0
   241  -.1290013310893016E-01   4   0 0  2 0  0 0  2 0
   242  0.1580738388838784E-02   4   1 0  0 1  0 0  2 0
   243  0.4067346711978594E-02   4   0 1  0 1  0 0  2 0
   244  0.3785711328016942       4   0 0  1 1  0 0  2 0
   245  0.4912984883159957       4   0 0  0 2  0 0  2 0
   246  0.5438281620691290       4   2 0  0 0  0 1  0 1
   247   2.399495382435363       4   1 1  0 0  0 1  0 1
   248   1.731685534034140       4   0 2  0 0  0 1  0 1
   249  0.1821444577614480E-02   4   1 0  1 0  0 1  0 1
   250  -.1568964306391101E-02   4   0 1  1 0  0 1  0 1
   251  0.2551064806467595E-01   4   0 0  2 0  0 1  0 1
   252  -.2226204433187276E-02   4   1 0  0 1  0 1  0 1
   253  -.4721558221851887E-02   4   0 1  0 1  0 1  0 1
   254  -.4619613597962484       4   0 0  1 1  0 1  0 1
   255  -.4428036452634836       4   0 0  0 2  0 1  0 1
   256  0.5430963037583606       4   2 0  0 0  0 0  1 1
   257   2.396266254634000       4   1 1  0 0  0 0  1 1
   258   1.729355113253960       4   0 2  0 0  0 0  1 1
   259  0.1818993363343639E-02   4   1 0  1 0  0 0  1 1
   260  -.1566852868170285E-02   4   0 1  1 0  0 0  1 1
   261  0.2547631703678769E-01   4   0 0  2 0  0 0  1 1
   262  -.2223208512178470E-02   4   1 0  0 1  0 0  1 1
   263  -.4715204171316242E-02   4   0 1  0 1  0 0  1 1
   264  -.4613396739697159       4   0 0  1 1  0 0  1 1
   265  -.4422077409862992       4   0 0  0 2  0 0  1 1
   266  -.5493008710454085       4   2 0  0 0  0 0  0 2
   267  -.9716100681118720       4   1 1  0 0  0 0  0 2
   268  -.4294538143424221       4   0 2  0 0  0 0  0 2
   269  -.2490937981554692E-04   4   1 0  1 0  0 0  0 2
   270  -.9887052521946870E-04   4   0 1  1 0  0 0  0 2
   271  -.2473528768439950E-01   4   0 0  2 0  0 0  0 2
   272  -.2252634080482875E-04   4   1 0  0 1  0 0  0 2
   273  -.8127554055721766E-04   4   0 1  0 1  0 0  0 2
   274  -.6559874392145235E-01   4   0 0  1 1  0 0  0 2
   275  -.3774640909321221E-01   4   0 0  0 2  0 0  0 2
   276  -.2021020610318362       4   1 0  0 0  0 3  0 0
   277  -1.485958171889748       4   0 1  0 0  0 3  0 0
   278  -.6143809509006433E-05   4   0 0  1 0  0 3  0 0
   279  -.4802159857600801E-04   4   0 0  0 1  0 3  0 0
   280  -.1344824459501473       4   1 0  0 0  0 2  1 0
   281  -1.115887770142883       4   0 1  0 0  0 2  1 0
   282  -.3255639970617905E-05   4   0 0  1 0  0 2  1 0
   283  -.3388787276515287E-04   4   0 0  0 1  0 2  1 0
   284  -.1346183958612715       4   1 0  0 0  0 1  2 0
   285  -1.116630768383092       4   0 1  0 0  0 1  2 0
   286  -.3261453424166712E-05   4   0 0  1 0  0 1  2 0
   287  -.3391627306396715E-04   4   0 0  0 1  0 1  2 0
   288  -.2016037238429828       4   1 0  0 0  0 0  3 0
   289  -1.482208730864307       4   0 1  0 0  0 0  3 0
   290  -.6129219747203685E-05   4   0 0  1 0  0 0  3 0
   291  -.4790188916353768E-04   4   0 0  0 1  0 0  3 0
   292  0.5047994060733727       4   1 0  0 0  0 2  0 1
   293   2.231509775120216       4   0 1  0 0  0 2  0 1
   294  0.9519684797626385E-05   4   0 0  1 0  0 2  0 1
   295  0.6304124312501762E-04   4   0 0  0 1  0 2  0 1
   296  0.3699688044551134       4   1 0  0 0  0 1  1 1
   297   1.875401361386567       4   0 1  0 0  0 1  1 1
   298  0.6304423500212786E-05   4   0 0  1 0  0 1  1 1
   299  0.4977123249558105E-04   4   0 0  0 1  0 1  1 1
   300  0.5038711275325628       4   1 0  0 0  0 0  2 1
   301   2.227244801048508       4   0 1  0 0  0 0  2 1
   302  0.9502631556458860E-05   4   0 0  1 0  0 0  2 1
   303  0.6292291530152344E-04   4   0 0  0 1  0 0  2 1
   304  -.3697395131701292       4   1 0  0 0  0 1  0 2
   305  -.5806142765170091       4   0 1  0 0  0 1  0 2
   306  -.4340646638457709E-05   4   0 0  1 0  0 1  0 2
   307  -.8545558765094604E-05   4   0 0  0 1  0 1  0 2
   308  -.3692419351585247       4   1 0  0 0  0 0  1 2
   309  -.5798329131870773       4   0 1  0 0  0 0  1 2
   310  -.4334805200779247E-05   4   0 0  1 0  0 0  1 2
   311  -.8534058554846816E-05   4   0 0  0 1  0 0  1 2
   312  0.3314922865775020E-01   4   1 0  0 0  0 0  0 3
   313  0.2696288597085686E-01   4   0 1  0 0  0 0  0 3
   314  0.2044989261644325E-05   4   0 0  1 0  0 0  0 3
   315  0.1674156597556116E-05   4   0 0  0 1  0 0  0 3
   316  -.4977653218989959E-04   4   0 0  0 0  0 4  0 0
   317  -.3295481164455850E-04   4   0 0  0 0  0 3  1 0
   318  -.3073915040353062E-04   4   0 0  0 0  0 2  2 0
   319  -.3300285899742133E-04   4   0 0  0 0  0 1  3 0
   320  -.4962047275500003E-04   4   0 0  0 0  0 0  4 0
   321  0.6262416426084183E-04   4   0 0  0 0  0 3  0 1
   322  0.4609323999969283E-04   4   0 0  0 0  0 2  1 1
   323  0.4612643968457201E-04   4   0 0  0 0  0 1  2 1
   324  0.6246677604737811E-04   4   0 0  0 0  0 0  3 1
   325  -.6657009647226216E-05   4   0 0  0 0  0 2  0 2
   326  -.8084778842472562E-05   4   0 0  0 0  0 1  1 2
   327  -.6642610900205370E-05   4   0 0  0 0  0 0  2 2
   328  0.8268299722355070E-07   4   0 0  0 0  0 1  0 3
   329  0.8257172634260188E-07   4   0 0  0 0  0 0  1 3
   330  0.4160655024585681E-12   4   0 0  0 0  0 0  0 4
   ----------------------------------------------------
     I  COEFFICIENT            ORDER EXPONENTS
     1  0.1762144402845419E-05   0   0 0  0 0  0 0  0 0
     2  0.1345922530104626E-04   1   1 0  0 0  0 0  0 0
     3  0.1150250957742784E-04   1   0 1  0 0  0 0  0 0
     4  0.6084150794216063       1   0 0  1 0  0 0  0 0
     5  0.7094359877940918       1   0 0  0 1  0 0  0 0
     6  -.1518477839122211E-04   1   0 0  0 0  0 1  0 0
     7  -.1516434343209700E-04   1   0 0  0 0  0 0  1 0
     8  0.3034912182368171E-04   1   0 0  0 0  0 0  0 1
     9  0.3778646154582954E-03   2   2 0  0 0  0 0  0 0
    10  0.6984076362055773E-03   2   1 1  0 0  0 0  0 0
    11  0.3512892653084523E-03   2   0 2  0 0  0 0  0 0
    12  0.1688387008145563       2   1 0  1 0  0 0  0 0
    13  0.1471021802658717       2   0 1  1 0  0 0  0 0
    14  -.1582701116387378E-03   2   0 0  2 0  0 0  0 0
    15  0.1499974345033163       2   1 0  0 1  0 0  0 0
    16  0.1313166333832733       2   0 1  0 1  0 0  0 0
    17  -.2333920341464230E-03   2   0 0  1 1  0 0  0 0
    18  -.4454566981698839E-04   2   0 0  0 2  0 0  0 0
    19  -.7122678741510826E-05   2   1 0  0 0  0 1  0 0
    20  -.1188003658388801E-04   2   0 1  0 0  0 1  0 0
    21  0.1829634533406072       2   0 0  1 0  0 1  0 0
    22  -.1951357760910111       2   0 0  0 1  0 1  0 0
    23  -.7113093376140714E-05   2   1 0  0 0  0 0  1 0
    24  -.1186404899054012E-04   2   0 1  0 0  0 0  1 0
    25  0.1827172297478704       2   0 0  1 0  0 0  1 0
    26  -.1948731715599785       2   0 0  0 1  0 0  1 0
    27  0.1423576333100640E-04   2   1 0  0 0  0 0  0 1
    28  0.1224156733982331E-04   2   0 1  0 0  0 0  0 1
    29  -.3656806831018334       2   0 0  1 0  0 0  0 1
    30  -.3194270401559604       2   0 0  0 1  0 0  0 1
    31  0.1090456783183831E-04   2   0 0  0 0  0 2  0 0
    32  0.6635853887073366E-05   2   0 0  0 0  0 1  1 0
    33  0.1088542786865253E-04   2   0 0  0 0  0 0  2 0
    34  -.1326022198728530E-04   2   0 0  0 0  0 1  0 1
    35  -.1324237700546742E-04   2   0 0  0 0  0 0  1 1
    36  -.1923255462028892E-05   2   0 0  0 0  0 0  0 2
    37  -.2996237807739100E-02   3   3 0  0 0  0 0  0 0
    38  -.7806840783841257E-02   3   2 1  0 0  0 0  0 0
    39  -.6790001020433472E-02   3   1 2  0 0  0 0  0 0
    40  -.1964998578610884E-02   3   0 3  0 0  0 0  0 0
    41  -2.074356797952702       3   2 0  1 0  0 0  0 0
    42  -4.295474487413794       3   1 1  1 0  0 0  0 0
    43  -2.499833672179357       3   0 2  1 0  0 0  0 0
    44  0.6481740840155090E-02   3   1 0  2 0  0 0  0 0
    45  0.5616588789013582E-02   3   0 1  2 0  0 0  0 0
    46  -.1476681458507974       3   0 0  3 0  0 0  0 0
    47  -3.571225992200962       3   2 0  0 1  0 0  0 0
    48  -6.683226965254753       3   1 1  0 1  0 0  0 0
    49  -3.064462622171570       3   0 2  0 1  0 0  0 0
    50  0.1144361885841069E-01   3   1 0  1 1  0 0  0 0
    51  0.9969116906563408E-02   3   0 1  1 1  0 0  0 0
    52  -.4427333549839401       3   0 0  2 1  0 0  0 0
    53  0.5104913589785097E-02   3   1 0  0 2  0 0  0 0
    54  0.4477031320657720E-02   3   0 1  0 2  0 0  0 0
    55  -.8811148872357039       3   0 0  1 2  0 0  0 0
    56  -.1906392506683158       3   0 0  0 3  0 0  0 0
    57  -.2956498916679634E-03   3   2 0  0 0  0 1  0 0
    58  -.9112444711654896E-03   3   1 1  0 0  0 1  0 0
    59  -.6279785172933017E-03   3   0 2  0 0  0 1  0 0
    60  -.7837096255046995E-01   3   1 0  1 0  0 1  0 0
    61  -.1414422976842123       3   0 1  1 0  0 1  0 0
    62  -.7403591276345579E-04   3   0 0  2 0  0 1  0 0
    63  -.1458063195483922       3   1 0  0 1  0 1  0 0
    64  -.1929633670063584       3   0 1  0 1  0 1  0 0
    65  0.7157190817012828E-04   3   0 0  1 1  0 1  0 0
    66  0.4808304945816397E-04   3   0 0  0 2  0 1  0 0
    67  -.2952520199772532E-03   3   2 0  0 0  0 0  1 0
    68  -.9100181613016573E-03   3   1 1  0 0  0 0  1 0
    69  -.6271334134003296E-03   3   0 2  0 0  0 0  1 0
    70  -.7826549460256509E-01   3   1 0  1 0  0 0  1 0
    71  -.1412519513059335       3   0 1  1 0  0 0  1 0
    72  -.7393627872125168E-04   3   0 0  2 0  0 0  1 0
    73  -.1456101002751578       3   1 0  0 1  0 0  1 0
    74  -.1927036860010897       3   0 1  0 1  0 0  1 0
    75  0.7147559006917819E-04   3   0 0  1 1  0 0  1 0
    76  0.4801834155627788E-04   3   0 0  0 2  0 0  1 0
    77  0.5905502194622788E-03   3   2 0  0 0  0 0  0 1
    78  0.1122155953169147E-02   3   1 1  0 0  0 0  0 1
    79  0.5521845874163840E-03   3   0 2  0 0  0 0  0 1
    80  0.1566364501401755       3   1 0  1 0  0 0  0 1
    81  0.1355920409782280       3   0 1  1 0  0 0  0 1
    82  0.1481362301014211E-03   3   0 0  2 0  0 0  0 1
    83  0.1414189478033922       3   1 0  0 1  0 0  0 1
    84  0.1230337343017087       3   0 1  0 1  0 0  0 1
    85  0.9067078307778637E-04   3   0 0  1 1  0 0  0 1
    86  -.6849404342699746E-05   3   0 0  0 2  0 0  0 1
    87  0.5527423673913699E-05   3   1 0  0 0  0 2  0 0
    88  0.1212580252906273E-04   3   0 1  0 0  0 2  0 0
    89  -.1308271523154111       3   0 0  1 0  0 2  0 0
    90  0.7153162162244583E-01   3   0 0  0 1  0 2  0 0
    91  0.3968043873775946E-05   3   1 0  0 0  0 1  1 0
    92  0.1241706973293989E-04   3   0 1  0 0  0 1  1 0
    93  -.7883092213695668E-01   3   0 0  1 0  0 1  1 0
    94  -.5174025968959223E-01   3   0 0  0 1  0 1  1 0
    95  0.5517315124412853E-05   3   1 0  0 0  0 0  2 0
    96  0.1210112904189139E-04   3   0 1  0 0  0 0  2 0
    97  -.1305980478295755       3   0 0  1 0  0 0  2 0
    98  0.7147017253876309E-01   3   0 0  0 1  0 0  2 0
    99  -.7989835446672266E-05   3   1 0  0 0  0 1  0 1
   100  -.1304005864837491E-04   3   0 1  0 0  0 1  0 1
   101  0.1575220013643013       3   0 0  1 0  0 1  0 1
   102  0.2989487183022745       3   0 0  0 1  0 1  0 1
   103  -.7979083102675982E-05   3   1 0  0 0  0 0  1 1
   104  -.1302250995200254E-04   3   0 1  0 0  0 0  1 1
   105  0.1573100156786199       3   0 0  1 0  0 0  1 1
   106  0.2985464072061482       3   0 0  0 1  0 0  1 1
   107  0.9168485902640619E-06   3   1 0  0 0  0 0  0 2
   108  0.8651304605267734E-06   3   0 1  0 0  0 0  0 2
   109  0.2542427779846503E-01   3   0 0  1 0  0 0  0 2
   110  0.2067941557712260E-01   3   0 0  0 1  0 0  0 2
   111  -.8770370640900257E-05   3   0 0  0 0  0 3  0 0
   112  -.4504322940746474E-05   3   0 0  0 0  0 2  1 0
   113  -.4512910684280918E-05   3   0 0  0 0  0 1  2 0
   114  -.8749639750387901E-05   3   0 0  0 0  0 0  3 0
   115  0.9005248913624802E-05   3   0 0  0 0  0 2  0 1
   116  0.4761552484967879E-05   3   0 0  0 0  0 1  1 1
   117  0.8989926137574513E-05   3   0 0  0 0  0 0  2 1
   118  0.1874555617094019E-05   3   0 0  0 0  0 1  0 2
   119  0.1872032928489294E-05   3   0 0  0 0  0 0  1 2
   120  0.3334320912713717E-07   3   0 0  0 0  0 0  0 3
   121  -.1662041081881323E-02   4   4 0  0 0  0 0  0 0
   122  -.5976121509977088E-02   4   3 1  0 0  0 0  0 0
   123  -.8213056828636661E-02   4   2 2  0 0  0 0  0 0
   124  -.4794017784970392E-02   4   1 3  0 0  0 0  0 0
   125  -.9135290902785042E-03   4   0 4  0 0  0 0  0 0
   126   36.47124014753769       4   3 0  1 0  0 0  0 0
   127   97.04553343538403       4   2 1  1 0  0 0  0 0
   128   86.49744422550253       4   1 2  1 0  0 0  0 0
   129   25.89266435081960       4   0 3  1 0  0 0  0 0
   130  0.3831368927258978E-02   4   2 0  2 0  0 0  0 0
   131  0.6047056524307603E-02   4   1 1  2 0  0 0  0 0
   132  0.2361519477060582E-02   4   0 2  2 0  0 0  0 0
   133  -25.92667275638962       4   1 0  3 0  0 0  0 0
   134  -22.23339637089771       4   0 1  3 0  0 0  0 0
   135  -.2192932956766166E-02   4   0 0  4 0  0 0  0 0
   136   33.22322154589129       4   3 0  0 1  0 0  0 0
   137   88.81523196421917       4   2 1  0 1  0 0  0 0
   138   79.60185084543545       4   1 2  0 1  0 0  0 0
   139   23.97757540236035       4   0 3  0 1  0 0  0 0
   140  0.6630040070026560E-02   4   2 0  1 1  0 0  0 0
   141  0.1064915253134822E-01   4   1 1  1 1  0 0  0 0
   142  0.3935527484229892E-02   4   0 2  1 1  0 0  0 0
   143  -69.22053954717416       4   1 0  2 1  0 0  0 0
   144  -59.67550790128072       4   0 1  2 1  0 0  0 0
   145  -.7471152837281819E-02   4   0 0  3 1  0 0  0 0
   146  0.2683667673859128E-02   4   2 0  0 2  0 0  0 0
   147  0.4694067384298635E-02   4   1 1  0 2  0 0  0 0
   148  0.1856620216740803E-02   4   0 2  0 2  0 0  0 0
   149  -61.78292570153436       4   1 0  1 2  0 0  0 0
   150  -53.46507642248871       4   0 1  1 2  0 0  0 0
   151  -.9380208181747949E-02   4   0 0  2 2  0 0  0 0
   152  -18.35448057896567       4   1 0  0 3  0 0  0 0
   153  -15.91828941458397       4   0 1  0 3  0 0  0 0
   154  -.5398115542370952E-02   4   0 0  1 3  0 0  0 0
   155  -.1213054181131007E-02   4   0 0  0 4  0 0  0 0
   156  -.4998675788906827E-03   4   3 0  0 0  0 1  0 0
   157  0.1943119222188154E-02   4   2 1  0 0  0 1  0 0
   158  0.4433409136183555E-02   4   1 2  0 0  0 1  0 0
   159  0.2044862485728843E-02   4   0 3  0 0  0 1  0 0
   160   2.169211187120038       4   2 0  1 0  0 1  0 0
   161   6.511285917068493       4   1 1  1 0  0 1  0 0
   162   4.779966310856357       4   0 2  1 0  0 1  0 0
   163  0.5762048914468586E-03   4   1 0  2 0  0 1  0 0
   164  -.2069299704507375E-02   4   0 1  2 0  0 1  0 0
   165  0.6518397937607030       4   0 0  3 0  0 1  0 0
   166   4.667102500692513       4   2 0  0 1  0 1  0 0
   167   12.20193580747571       4   1 1  0 1  0 1  0 0
   168   7.415222057003963       4   0 2  0 1  0 1  0 0
   169  -.3913568208447213E-02   4   1 0  1 1  0 1  0 0
   170  -.7919207231742357E-02   4   0 1  1 1  0 1  0 0
   171   1.370473890593411       4   0 0  2 1  0 1  0 0
   172  -.3961583710057623E-02   4   1 0  0 2  0 1  0 0
   173  -.5488492017526473E-02   4   0 1  0 2  0 1  0 0
   174   1.549026765242055       4   0 0  1 2  0 1  0 0
   175  0.5148200048398208       4   0 0  0 3  0 1  0 0
   176  -.4991948806609615E-03   4   3 0  0 0  0 0  1 0
   177  0.1940504263914954E-02   4   2 1  0 0  0 0  1 0
   178  0.4427442863107402E-02   4   1 2  0 0  0 0  1 0
   179  0.2042110606166574E-02   4   0 3  0 0  0 0  1 0
   180   2.166291964935803       4   2 0  1 0  0 0  1 0
   181   6.502523335347572       4   1 1  1 0  0 0  1 0
   182   4.773533657467202       4   0 2  1 0  0 0  1 0
   183  0.5754294620595446E-03   4   1 0  2 0  0 0  1 0
   184  -.2066514938487767E-02   4   0 1  2 0  0 0  1 0
   185  0.6509625784864093       4   0 0  3 0  0 0  1 0
   186   4.660821734100004       4   2 0  0 1  0 0  1 0
   187   12.18551501732331       4   1 1  0 1  0 0  1 0
   188   7.405243000626943       4   0 2  0 1  0 0  1 0
   189  -.3908301512792367E-02   4   1 0  1 1  0 0  1 0
   190  -.7908549935869189E-02   4   0 1  1 1  0 0  1 0
   191   1.368629571419659       4   0 0  2 1  0 0  1 0
   192  -.3956252397403600E-02   4   1 0  0 2  0 0  1 0
   193  -.5481105863632952E-02   4   0 1  0 2  0 0  1 0
   194   1.546942158024506       4   0 0  1 2  0 0  1 0
   195  0.5141271843399372       4   0 0  0 3  0 0  1 0
   196  0.5038672671723044E-03   4   3 0  0 0  0 0  0 1
   197  0.1671894077443041E-02   4   2 1  0 0  0 0  0 1
   198  0.1803222072988986E-02   4   1 2  0 0  0 0  0 1
   199  0.6427117158123258E-03   4   0 3  0 0  0 0  0 1
   200  -4.331988741950163       4   2 0  1 0  0 0  0 1
   201  -8.711402925388899       4   1 1  1 0  0 0  0 1
   202  -4.550398772670434       4   0 2  1 0  0 0  0 1
   203  -.2958487859540925E-03   4   1 0  2 0  0 0  0 1
   204  -.2880801560319386E-03   4   0 1  2 0  0 0  0 1
   205  -1.303356568100886       4   0 0  3 0  0 0  0 1
   206  -5.753137378838665       4   2 0  0 1  0 0  0 1
   207  -11.01392960692012       4   1 1  0 1  0 0  0 1
   208  -5.623555609937462       4   0 2  0 1  0 0  0 1
   209  -.8195600210275989E-03   4   1 0  1 1  0 0  0 1
   210  -.7751022021416417E-03   4   0 1  1 1  0 0  0 1
   211  -2.298035488007316       4   0 0  2 1  0 0  0 1
   212  -.4533950426624051E-03   4   1 0  0 2  0 0  0 1
   213  -.4174309988301316E-03   4   0 1  0 2  0 0  0 1
   214  -1.335397557239775       4   0 0  1 2  0 0  0 1
   215  -.4575750250584966       4   0 0  0 3  0 0  0 1
   216  -.1613666279456674E-03   4   2 0  0 0  0 2  0 0
   217  0.1775414672706802E-03   4   1 1  0 0  0 2  0 0
   218  0.4053923453935877E-03   4   0 2  0 0  0 2  0 0
   219  0.5593961553169875E-01   4   1 0  1 0  0 2  0 0
   220  0.1377694838678087       4   0 1  1 0  0 2  0 0
   221  0.3873654038050392E-04   4   0 0  2 0  0 2  0 0
   222  0.1428490746160100       4   1 0  0 1  0 2  0 0
   223  0.2376204867667031       4   0 1  0 1  0 2  0 0
   224  -.1226559508180109E-03   4   0 0  1 1  0 2  0 0
   225  -.1327306087041187E-03   4   0 0  0 2  0 2  0 0
   226  -.2010653573564808E-03   4   2 0  0 0  0 1  1 0
   227  0.2598616102193028E-03   4   1 1  0 0  0 1  1 0
   228  0.6022095103352808E-03   4   0 2  0 0  0 1  1 0
   229  0.3318034577105219E-01   4   1 0  1 0  0 1  1 0
   230  0.1334147867775287       4   0 1  1 0  0 1  1 0
   231  0.1027400160051495E-03   4   0 0  2 0  0 1  1 0
   232  0.1395656327020137       4   1 0  0 1  0 1  1 0
   233  0.2816448427741973       4   0 1  0 1  0 1  1 0
   234  0.6123154752595816E-04   4   0 0  1 1  0 1  1 0
   235  -.7929090702285025E-04   4   0 0  0 2  0 1  1 0
   236  -.1610141762016993E-03   4   2 0  0 0  0 0  2 0
   237  0.1771276855772308E-03   4   1 1  0 0  0 0  2 0
   238  0.4044415748917087E-03   4   0 2  0 0  0 0  2 0
   239  0.5584200836065750E-01   4   1 0  1 0  0 0  2 0
   240  0.1374943085230585       4   0 1  1 0  0 0  2 0
   241  0.3861527923426444E-04   4   0 0  2 0  0 0  2 0
   242  0.1425629246381405       4   1 0  0 1  0 0  2 0
   243  0.2371111961363061       4   0 1  0 1  0 0  2 0
   244  -.1225320874854549E-03   4   0 0  1 1  0 0  2 0
   245  -.1324986331233908E-03   4   0 0  0 2  0 0  2 0
   246  0.1451231243614869E-03   4   2 0  0 0  0 1  0 1
   247  -.2153512184015878E-03   4   1 1  0 0  0 1  0 1
   248  -.3295366181584865E-03   4   0 2  0 0  0 1  0 1
   249  -.6578869995440584E-01   4   1 0  1 0  0 1  0 1
   250  -.1241644829418058       4   0 1  1 0  0 1  0 1
   251  -.1602220500586366E-03   4   0 0  2 0  0 1  0 1
   252  -.1327431577094341       4   1 0  0 1  0 1  0 1
   253  -.1765501786124181       4   0 1  0 1  0 1  0 1
   254  -.3294618665663484E-03   4   0 0  1 1  0 1  0 1
   255  -.7559601255714289E-04   4   0 0  0 2  0 1  0 1
   256  0.1449278245001371E-03   4   2 0  0 0  0 0  1 1
   257  -.2150614088810143E-03   4   1 1  0 0  0 0  1 1
   258  -.3290931433082916E-03   4   0 2  0 0  0 0  1 1
   259  -.6570016462252087E-01   4   1 0  1 0  0 0  1 1
   260  -.1239973882323318       4   0 1  1 0  0 0  1 1
   261  -.1600064307746713E-03   4   0 0  2 0  0 0  1 1
   262  -.1325645182237568       4   1 0  0 1  0 0  1 1
   263  -.1763125857025629       4   0 1  0 1  0 0  1 1
   264  -.3290184923133232E-03   4   0 0  1 1  0 0  1 1
   265  -.7549427900616018E-04   4   0 0  0 2  0 0  1 1
   266  -.3802509868504553E-06   4   2 0  0 0  0 0  0 2
   267  -.6827796329077714E-06   4   1 1  0 0  0 0  0 2
   268  -.2834597424003488E-06   4   0 2  0 0  0 0  0 2
   269  -.1311142075259562E-01   4   1 0  1 0  0 0  0 2
   270  -.1228412885531008E-01   4   0 1  1 0  0 0  0 2
   271  0.1293718275545296E-03   4   0 0  2 0  0 0  0 2
   272  -.9280874951862271E-02   4   1 0  0 1  0 0  0 2
   273  -.8886488838556949E-02   4   0 1  0 1  0 0  0 2
   274  0.2440309894843836E-03   4   0 0  1 1  0 0  0 2
   275  0.1143619621003254E-03   4   0 0  0 2  0 0  0 2
   276  -.1001296188478721E-04   4   1 0  0 0  0 3  0 0
   277  -.1777003554433750E-04   4   0 1  0 0  0 3  0 0
   278  0.1048395916713993       4   0 0  1 0  0 3  0 0
   279  -.1231229481525297E-01   4   0 0  0 1  0 3  0 0
   280  -.6905911222770309E-05   4   1 0  0 0  0 2  1 0
   281  -.1707471352941070E-04   4   0 1  0 0  0 2  1 0
   282  0.5289467868651414E-01   4   0 0  1 0  0 2  1 0
   283  0.1060479752361277       4   0 0  0 1  0 2  1 0
   284  -.6912156005322642E-05   4   1 0  0 0  0 1  2 0
   285  -.1707606885308148E-04   4   0 1  0 0  0 1  2 0
   286  0.5299925140550009E-01   4   0 0  1 0  0 1  2 0
   287  0.1058090831734514       4   0 0  0 1  0 1  2 0
   288  -.9988108867222508E-05   4   1 0  0 0  0 0  3 0
   289  -.1772269074058132E-04   4   0 1  0 0  0 0  3 0
   290  0.1045924158414359       4   0 0  1 0  0 0  3 0
   291  -.1235870202556862E-01   4   0 0  0 1  0 0  3 0
   292  0.1180307762516881E-04   4   1 0  0 0  0 2  0 1
   293  0.1887976767970639E-04   4   0 1  0 0  0 2  0 1
   294  -.1057503675750805       4   0 0  1 0  0 2  0 1
   295  -.2836957172206661       4   0 0  0 1  0 2  0 1
   296  0.8739378827899799E-05   4   1 0  0 0  0 1  1 1
   297  0.1828158851061525E-04   4   0 1  0 0  0 1  1 1
   298  -.5411646438644956E-01   4   0 0  1 0  0 1  1 1
   299  -.2684817296444007       4   0 0  0 1  0 1  1 1
   300  0.1178131307753740E-04   4   1 0  0 0  0 0  2 1
   301  0.1884205892806403E-04   4   0 1  0 0  0 0  2 1
   302  -.1055716400205650       4   0 0  1 0  0 0  2 1
   303  -.2831332778652219       4   0 0  0 1  0 0  2 1
   304  -.1948586866825416E-06   4   1 0  0 0  0 1  0 2
   305  -.5150405180725310E-06   4   0 1  0 0  0 1  0 2
   306  -.2471635987128378E-01   4   0 0  1 0  0 1  0 2
   307  -.3048997921845138E-01   4   0 0  0 1  0 1  0 2
   308  -.1945964550454155E-06   4   1 0  0 0  0 0  1 2
   309  -.5143474008163621E-06   4   0 1  0 0  0 0  1 2
   310  -.2468309775901081E-01   4   0 0  1 0  0 0  1 2
   311  -.3044894724136227E-01   4   0 0  0 1  0 0  1 2
   312  0.3397524744713807E-07   4   1 0  0 0  0 0  0 3
   313  0.2588654815201287E-07   4   0 1  0 0  0 0  0 3
   314  -.4834404200243161E-03   4   0 0  1 0  0 0  0 3
   315  -.3668118667143156E-03   4   0 0  0 1  0 0  0 3
   316  0.5964433849589649E-05   4   0 0  0 0  0 4  0 0
   317  0.2023431970672028E-05   4   0 0  0 0  0 3  1 0
   318  0.1504954449650056E-05   4   0 0  0 0  0 2  2 0
   319  0.2034713506421814E-05   4   0 0  0 0  0 1  3 0
   320  0.5947026944423003E-05   4   0 0  0 0  0 0  4 0
   321  0.2220290503207040E-05   4   0 0  0 0  0 3  0 1
   322  0.2587964510388846E-05   4   0 0  0 0  0 2  1 1
   323  0.2587216281274058E-05   4   0 0  0 0  0 1  2 1
   324  0.2214069525563717E-05   4   0 0  0 0  0 0  3 1
   325  0.3846339167627813E-07   4   0 0  0 0  0 2  0 2
   326  0.5597289279998041E-07   4   0 0  0 0  0 1  1 2
   327  0.3837396661587045E-07   4   0 0  0 0  0 0  2 2
   328  -.1216118023662110E-08   4   0 0  0 0  0 1  0 3
   329  -.1214481429339522E-08   4   0 0  0 0  0 0  1 3
   330  0.1121065448912506E-13   4   0 0  0 0  0 0  0 4
   ----------------------------------------------------
     I  COEFFICIENT            ORDER EXPONENTS
     1  0.2570723611228248E-03   0   0 0  0 0  0 0  0 0
     2  0.1127679425164151E-03   1   1 0  0 0  0 0  0 0
     3  0.1045944595793513E-03   1   0 1  0 0  0 0  0 0
     4  -2.827368608525710       1   0 0  1 0  0 0  0 0
     5  -1.653208600808542       1   0 0  0 1  0 0  0 0
     6  0.1965950610709115E-04   1   0 0  0 0  0 1  0 0
     7  0.1963304927029254E-04   1   0 0  0 0  0 0  1 0
     8  0.2177798057438004E-03   1   0 0  0 0  0 0  0 1
     9  0.2753788268275475E-02   2   2 0  0 0  0 0  0 0
    10  0.5037177355042031E-02   2   1 1  0 0  0 0  0 0
    11  0.2381850727269582E-02   2   0 2  0 0  0 0  0 0
    12   1.178468978812968       2   1 0  1 0  0 0  0 0
    13   1.075844846058072       2   0 1  1 0  0 0  0 0
    14  0.1074769821184782E-02   2   0 0  2 0  0 0  0 0
    15   1.135862469534886       2   1 0  0 1  0 0  0 0
    16   1.043947028506964       2   0 1  0 1  0 0  0 0
    17  0.2727649969432447E-02   2   0 0  1 1  0 0  0 0
    18  0.1478657860753667E-02   2   0 0  0 2  0 0  0 0
    19  -.1138767525512665E-04   2   1 0  0 0  0 1  0 0
    20  -.6316701001655584E-04   2   0 1  0 0  0 1  0 0
    21  -.2442677160313473       2   0 0  1 0  0 1  0 0
    22   1.119145855457389       2   0 0  0 1  0 1  0 0
    23  -.1137235025845092E-04   2   1 0  0 0  0 0  1 0
    24  -.6308200283143363E-04   2   0 1  0 0  0 0  1 0
    25  -.2439389920510517       2   0 0  1 0  0 0  1 0
    26   1.117639761708632       2   0 0  0 1  0 0  1 0
    27  0.1355276947987735E-03   2   1 0  0 0  0 0  0 1
    28  0.1262487456426043E-03   2   0 1  0 0  0 0  0 1
    29  -2.339161900554723       2   0 0  1 0  0 0  0 1
    30  -2.236785617285314       2   0 0  0 1  0 0  0 1
    31  -.1422015110477995E-04   2   0 0  0 0  0 2  0 0
    32  -.8795377993125718E-05   2   0 0  0 0  0 1  1 0
    33  -.1419509609299493E-04   2   0 0  0 0  0 0  2 0
    34  0.3723561422196150E-04   2   0 0  0 0  0 1  0 1
    35  0.3718550428719531E-04   2   0 0  0 0  0 0  1 1
    36  -.3721053692334812E-04   2   0 0  0 0  0 0  0 2
    37  -.2980950064458782E-01   3   3 0  0 0  0 0  0 0
    38  -.8365272634557655E-01   3   2 1  0 0  0 0  0 0
    39  -.7849493038959476E-01   3   1 2  0 0  0 0  0 0
    40  -.2457125893107381E-01   3   0 3  0 0  0 0  0 0
    41  -42.98950682784209       3   2 0  1 0  0 0  0 0
    42  -81.98688503992881       3   1 1  1 0  0 0  0 0
    43  -39.90182243331009       3   0 2  1 0  0 0  0 0
    44  0.4053306873552519E-01   3   1 0  2 0  0 0  0 0
    45  0.3644909285232879E-01   3   0 1  2 0  0 0  0 0
    46  -4.507539319201934       3   0 0  3 0  0 0  0 0
    47  -39.19279171733387       3   2 0  0 1  0 0  0 0
    48  -76.25885059010702       3   1 1  0 1  0 0  0 0
    49  -39.09906263731065       3   0 2  0 1  0 0  0 0
    50  0.7654186618143645E-01   3   1 0  1 1  0 0  0 0
    51  0.6918457346869761E-01   3   0 1  1 1  0 0  0 0
    52  -14.92785168113104       3   0 0  2 1  0 0  0 0
    53  0.3658191973399999E-01   3   1 0  0 2  0 0  0 0
    54  0.3329731661752395E-01   3   0 1  0 2  0 0  0 0
    55  -14.52782246822914       3   0 0  1 2  0 0  0 0
    56  -5.562889142313453       3   0 0  0 3  0 0  0 0
    57  -.1618585904257671E-02   3   2 0  0 0  0 1  0 0
    58  -.5566483829958968E-02   3   1 1  0 0  0 1  0 0
    59  -.3785990061056624E-02   3   0 2  0 0  0 1  0 0
    60  0.1383641658054653       3   1 0  1 0  0 1  0 0
    61  -.4059306049566526       3   0 1  1 0  0 1  0 0
    62  0.1597986291938639E-03   3   0 0  2 0  0 1  0 0
    63  -.4643748995807970       3   1 0  0 1  0 1  0 0
    64  -.9432415754697677       3   0 1  0 1  0 1  0 0
    65  -.1192529416385322E-02   3   0 0  1 1  0 1  0 0
    66  -.1468606572940297E-02   3   0 0  0 2  0 1  0 0
    67  -.1616407687629034E-02   3   2 0  0 0  0 0  1 0
    68  -.5558992718359910E-02   3   1 1  0 0  0 0  1 0
    69  -.3780895054059984E-02   3   0 2  0 0  0 0  1 0
    70  0.1381779618320031       3   1 0  1 0  0 0  1 0
    71  -.4053843226793468       3   0 1  1 0  0 0  1 0
    72  0.1595835797297440E-03   3   0 0  2 0  0 0  1 0
    73  -.4637499657261703       3   1 0  0 1  0 0  1 0
    74  -.9419722054109357       3   0 1  0 1  0 0  1 0
    75  -.1190924566498714E-02   3   0 0  1 1  0 0  1 0
    76  -.1466630191427463E-02   3   0 0  0 2  0 0  1 0
    77  0.5985490475950669E-02   3   2 0  0 0  0 0  0 1
    78  0.1111848720164854E-01   3   1 1  0 0  0 0  0 1
    79  0.5181320239200658E-02   3   0 2  0 0  0 0  0 1
    80  0.9019310969572691       3   1 0  1 0  0 0  0 1
    81  0.8113185801277408       3   0 1  1 0  0 0  0 1
    82  0.7568111405366292E-03   3   0 0  2 0  0 0  0 1
    83  0.9281286871474609       3   1 0  0 1  0 0  0 1
    84  0.8412700597753902       3   0 1  0 1  0 0  0 1
    85  0.2386545687589503E-02   3   0 0  1 1  0 0  0 1
    86  0.1458284834605061E-02   3   0 0  0 2  0 0  0 1
    87  0.9078932766054718E-05   3   1 0  0 0  0 2  0 0
    88  0.5305055147024843E-04   3   0 1  0 0  0 2  0 0
    89  0.1763149820286525       3   0 0  1 0  0 2  0 0
    90  -.7405207310013325       3   0 0  0 1  0 2  0 0
    91  0.7180798468249832E-05   3   1 0  0 0  0 1  1 0
    92  0.4342915682093874E-04   3   0 1  0 0  0 1  1 0
    93  0.1085445223614818       3   0 0  1 0  0 1  1 0
    94  -.3629128952265347       3   0 0  0 1  0 1  1 0
    95  0.9061882976135840E-05   3   1 0  0 0  0 0  2 0
    96  0.5294993608206905E-04   3   0 1  0 0  0 0  2 0
    97  0.1760046685839411       3   0 0  1 0  0 0  2 0
    98  -.7392799775656329       3   0 0  0 1  0 0  2 0
    99  -.2605515237480566E-04   3   1 0  0 0  0 1  0 1
   100  -.8733848030474071E-04   3   0 1  0 0  0 1  0 1
   101  -.4611740772204507       3   0 0  1 0  0 1  0 1
   102  0.7248091475485894       3   0 0  0 1  0 1  0 1
   103  -.2602008857867645E-04   3   1 0  0 0  0 0  1 1
   104  -.8722094429406661E-04   3   0 1  0 0  0 0  1 1
   105  -.4605534508817095       3   0 0  1 0  0 0  1 1
   106  0.7238337335568900       3   0 0  0 1  0 0  1 1
   107  0.2661803434863612E-04   3   1 0  0 0  0 0  0 2
   108  0.2477301937360753E-04   3   0 1  0 0  0 0  0 2
   109  0.4608635948282342       3   0 0  1 0  0 0  0 2
   110  0.3940711184596387       3   0 0  0 1  0 0  0 2
   111  0.1150778735769311E-04   3   0 0  0 0  0 3  0 0
   112  0.6090400763930198E-05   3   0 0  0 0  0 2  1 0
   113  0.6101305197496620E-05   3   0 0  0 0  0 1  2 0
   114  0.1148046484274513E-04   3   0 0  0 0  0 0  3 0
   115  -.2639839034057558E-04   3   0 0  0 0  0 2  0 1
   116  -.1559170885026521E-04   3   0 0  0 0  0 1  1 1
   117  -.2635237333756673E-04   3   0 0  0 0  0 0  2 1
   118  0.1557818291220094E-04   3   0 0  0 0  0 1  0 2
   119  0.1555721852781207E-04   3   0 0  0 0  0 0  1 2
   120  0.2025730226195858E-05   3   0 0  0 0  0 0  0 3
   121  -.5988964943138823E-02   4   4 0  0 0  0 0  0 0
   122  -.2209757111753900E-01   4   3 1  0 0  0 0  0 0
   123  -.3133515487955041E-01   4   2 2  0 0  0 0  0 0
   124  -.1822860675323144E-01   4   1 3  0 0  0 0  0 0
   125  -.3225943503039064E-02   4   0 4  0 0  0 0  0 0
   126   320.0572803372571       4   3 0  1 0  0 0  0 0
   127   891.0258292509620       4   2 1  1 0  0 0  0 0
   128   829.7777788395789       4   1 2  1 0  0 0  0 0
   129   258.9735728244370       4   0 3  1 0  0 0  0 0
   130  0.5576433381565975E-01   4   2 0  2 0  0 0  0 0
   131  0.1109122938629071       4   1 1  2 0  0 0  0 0
   132  0.5421246682815477E-01   4   0 2  2 0  0 0  0 0
   133  -161.0205190577552       4   1 0  3 0  0 0  0 0
   134  -143.9717476312583       4   0 1  3 0  0 0  0 0
   135  -.9454382973667489E-02   4   0 0  4 0  0 0  0 0
   136   315.1422555752620       4   3 0  0 1  0 0  0 0
   137   883.4070582583134       4   2 1  0 1  0 0  0 0
   138   828.7247736237870       4   1 2  0 1  0 0  0 0
   139   260.6239494192610       4   0 3  0 1  0 0  0 0
   140  0.1231382570654538       4   2 0  1 1  0 0  0 0
   141  0.2450823474656146       4   1 1  1 1  0 0  0 0
   142  0.1218629811837092       4   0 2  1 1  0 0  0 0
   143  -451.2084879913131       4   1 0  2 1  0 0  0 0
   144  -406.6729293396942       4   0 1  2 1  0 0  0 0
   145  -.3209881602628509E-01   4   0 0  3 1  0 0  0 0
   146  0.6393747722204116E-01   4   2 0  0 2  0 0  0 0
   147  0.1292711938796225       4   1 1  0 2  0 0  0 0
   148  0.6609170351454367E-01   4   0 2  0 2  0 0  0 0
   149  -426.3250777556537       4   1 0  1 2  0 0  0 0
   150  -386.8032699698457       4   0 1  1 2  0 0  0 0
   151  -.4061956216559175E-01   4   0 0  2 2  0 0  0 0
   152  -135.2882700119682       4   1 0  0 3  0 0  0 0
   153  -123.3818272950281       4   0 1  0 3  0 0  0 0
   154  -.2185198133330314E-01   4   0 0  1 3  0 0  0 0
   155  -.3649895360016282E-02   4   0 0  0 4  0 0  0 0
   156  -.4084218206812767E-02   4   3 0  0 0  0 1  0 0
   157  0.2380912102725868E-01   4   2 1  0 0  0 1  0 0
   158  0.5519334132074574E-01   4   1 2  0 0  0 1  0 0
   159  0.2745539005055848E-01   4   0 3  0 0  0 1  0 0
   160   23.51993206393840       4   2 0  1 0  0 1  0 0
   161   84.23725105742093       4   1 1  1 0  0 1  0 0
   162   59.43006039794196       4   0 2  1 0  0 1  0 0
   163  0.5819319789268406E-02   4   1 0  2 0  0 1  0 0
   164  -.1066458900647985E-01   4   0 1  2 0  0 1  0 0
   165  -.4317844718511376       4   0 0  3 0  0 1  0 0
   166   42.48656588540677       4   2 0  0 1  0 1  0 0
   167   119.1072113782162       4   1 1  0 1  0 1  0 0
   168   78.25841948972656       4   0 2  0 1  0 1  0 0
   169  -.2028203849987960E-01   4   1 0  1 1  0 1  0 0
   170  -.4791350976924171E-01   4   0 1  1 1  0 1  0 0
   171   7.262845043703946       4   0 0  2 1  0 1  0 0
   172  -.2429169270962565E-01   4   1 0  0 2  0 1  0 0
   173  -.3609399145122100E-01   4   0 1  0 2  0 1  0 0
   174   15.33457063556903       4   0 0  1 2  0 1  0 0
   175   8.820629886136304       4   0 0  0 3  0 1  0 0
   176  -.4078721858432602E-02   4   3 0  0 0  0 0  1 0
   177  0.2377707983426513E-01   4   2 1  0 0  0 0  1 0
   178  0.5511906472316824E-01   4   1 2  0 0  0 0  1 0
   179  0.2741844188055613E-01   4   0 3  0 0  0 0  1 0
   180   23.48828004782276       4   2 0  1 0  0 0  1 0
   181   84.12388853491193       4   1 1  1 0  0 0  1 0
   182   59.35008222350006       4   0 2  1 0  0 0  1 0
   183  0.5811488422951048E-02   4   1 0  2 0  0 0  1 0
   184  -.1065023710519958E-01   4   0 1  2 0  0 0  1 0
   185  -.4312033966582127       4   0 0  3 0  0 0  1 0
   186   42.42938946736065       4   2 0  0 1  0 0  1 0
   187   118.9469225064718       4   1 1  0 1  0 0  1 0
   188   78.15310299696884       4   0 2  0 1  0 0  1 0
   189  -.2025474388832584E-01   4   1 0  1 1  0 0  1 0
   190  -.4784903002587979E-01   4   0 1  1 1  0 0  1 0
   191   7.253071049130159       4   0 0  2 1  0 0  1 0
   192  -.2425900209440485E-01   4   1 0  0 2  0 0  1 0
   193  -.3604541785857682E-01   4   0 1  0 2  0 0  1 0
   194   15.31393409310094       4   0 0  1 2  0 0  1 0
   195   8.808759498137427       4   0 0  0 3  0 0  1 0
   196  0.2036327253318728E-02   4   3 0  0 0  0 0  0 1
   197  0.5726973396610430E-02   4   2 1  0 0  0 0  0 1
   198  0.5417246737258733E-02   4   1 2  0 0  0 0  0 1
   199  0.1789820367799214E-02   4   0 3  0 0  0 0  0 1
   200  -89.97082726057693       4   2 0  1 0  0 0  0 1
   201  -168.3043010381770       4   1 1  1 0  0 0  0 1
   202  -78.84821268987180       4   0 2  1 0  0 0  0 1
   203  -.6841254184431840E-02   4   1 0  2 0  0 0  0 1
   204  -.6134258932942151E-02   4   0 1  2 0  0 0  0 1
   205  -3.649061671414243       4   0 0  3 0  0 0  0 1
   206  -84.88379179212248       4   2 0  0 1  0 0  0 1
   207  -161.7270369071942       4   1 1  0 1  0 0  0 1
   208  -78.17715064296075       4   0 2  0 1  0 0  0 1
   209  -.1333002901960156E-01   4   1 0  1 1  0 0  0 1
   210  -.1223077083915267E-01   4   0 1  1 1  0 0  0 1
   211  -14.53019638942588       4   0 0  2 1  0 0  0 1
   212  -.6488615284621064E-02   4   1 0  0 2  0 0  0 1
   213  -.6005369117322079E-02   4   0 1  0 2  0 0  0 1
   214  -16.13610868919407       4   0 0  1 2  0 0  0 1
   215  -6.509263967985814       4   0 0  0 3  0 0  0 1
   216  -.1014480863233684E-02   4   2 0  0 0  0 2  0 0
   217  0.5010780779785996E-03   4   1 1  0 0  0 2  0 0
   218  0.1815939044380653E-02   4   0 2  0 0  0 2  0 0
   219  -.1064782853952762       4   1 0  1 0  0 2  0 0
   220  0.2372332146426000       4   0 1  1 0  0 2  0 0
   221  -.3270951039758166E-03   4   0 0  2 0  0 2  0 0
   222  0.2952955036273535       4   1 0  0 1  0 2  0 0
   223  0.8681797486626195       4   0 1  0 1  0 2  0 0
   224  0.1477746410953288E-03   4   0 0  1 1  0 2  0 0
   225  0.1023655275909786E-02   4   0 0  0 2  0 2  0 0
   226  -.1118901054078548E-02   4   2 0  0 0  0 1  1 0
   227  0.9579763789499766E-03   4   1 1  0 0  0 1  1 0
   228  0.2895206503751013E-02   4   0 2  0 0  0 1  1 0
   229  -.7786452638216575E-01   4   1 0  1 0  0 1  1 0
   230  0.6544551770586536E-01   4   0 1  1 0  0 1  1 0
   231  -.2369868091452443E-03   4   0 0  2 0  0 1  1 0
   232  0.1227415534916225       4   1 0  0 1  0 1  1 0
   233  0.7888001467548885       4   0 1  0 1  0 1  1 0
   234  -.1552077163191946E-03   4   0 0  1 1  0 1  1 0
   235  0.1014667964932054E-02   4   0 0  0 2  0 1  1 0
   236  -.1012362740545472E-02   4   2 0  0 0  0 0  2 0
   237  0.4997591509847870E-03   4   1 1  0 0  0 0  2 0
   238  0.1811547122963777E-02   4   0 2  0 0  0 0  2 0
   239  -.1062825987319488       4   1 0  1 0  0 0  2 0
   240  0.2368699206160546       4   0 1  1 0  0 0  2 0
   241  -.3264954519608707E-03   4   0 0  2 0  0 0  2 0
   242  0.2948155189563286       4   1 0  0 1  0 0  2 0
   243  0.8664806282414426       4   0 1  0 1  0 0  2 0
   244  0.1476802085626840E-03   4   0 0  1 1  0 0  2 0
   245  0.1021594942718886E-02   4   0 0  0 2  0 0  2 0
   246  0.2357004574148507E-02   4   2 0  0 0  0 1  0 1
   247  0.2874238307865266E-03   4   1 1  0 0  0 1  0 1
   248  -.1724616973674399E-02   4   0 2  0 0  0 1  0 1
   249  0.2953345911177266       4   1 0  1 0  0 1  0 1
   250  -.1280360196730197       4   0 1  1 0  0 1  0 1
   251  0.5387696510710487E-03   4   0 0  2 0  0 1  0 1
   252  -.2422190583531810       4   1 0  0 1  0 1  0 1
   253  -.6295424130866989       4   0 1  0 1  0 1  0 1
   254  0.2578931976310660E-03   4   0 0  1 1  0 1  0 1
   255  -.5890201285817116E-03   4   0 0  0 2  0 1  0 1
   256  0.2353832628474388E-02   4   2 0  0 0  0 0  1 1
   257  0.2870370293408375E-03   4   1 1  0 0  0 0  1 1
   258  -.1722296065429614E-02   4   0 2  0 0  0 0  1 1
   259  0.2949371437436404       4   1 0  1 0  0 0  1 1
   260  -.1278637148318698       4   0 1  1 0  0 0  1 1
   261  0.5380446002659677E-03   4   0 0  2 0  0 0  1 1
   262  -.2418930913598354       4   1 0  0 1  0 0  1 1
   263  -.6286952045764721       4   0 1  0 1  0 0  1 1
   264  0.2575461371197743E-03   4   0 0  1 1  0 0  1 1
   265  -.5882274530522233E-03   4   0 0  0 2  0 0  1 1
   266  -.1566394565730634E-02   4   2 0  0 0  0 0  0 2
   267  -.2896081955749226E-02   4   1 1  0 0  0 0  0 2
   268  -.1331499000136726E-02   4   0 2  0 0  0 0  0 2
   269  -.2996439707243018       4   1 0  1 0  0 0  0 2
   270  -.2822976969398712       4   0 1  1 0  0 0  0 2
   271  -.1858142813563107E-03   4   0 0  2 0  0 0  0 2
   272  -.2276343409643348       4   1 0  0 1  0 0  0 2
   273  -.2180978166090812       4   0 1  0 1  0 0  0 2
   274  -.4854480572067657E-03   4   0 0  1 1  0 0  0 2
   275  -.2780267399448544E-03   4   0 0  0 2  0 0  0 2
   276  -.9978029325395578E-05   4   1 0  0 0  0 3  0 0
   277  -.5428231397072412E-04   4   0 1  0 0  0 3  0 0
   278  -.1424499229379837       4   0 0  1 0  0 3  0 0
   279  0.5540724177638939       4   0 0  0 1  0 3  0 0
   280  -.7693061119241882E-05   4   1 0  0 0  0 2  1 0
   281  -.4333189931772878E-04   4   0 1  0 0  0 2  1 0
   282  -.7478884819082457E-01   4   0 0  1 0  0 2  1 0
   283  0.1813856984886101       4   0 0  0 1  0 2  1 0
   284  -.7697646516952912E-05   4   1 0  0 0  0 1  2 0
   285  -.4335385668363479E-04   4   0 1  0 0  0 1  2 0
   286  -.7492504384321412E-01   4   0 0  1 0  0 1  2 0
   287  0.1821365096426997       4   0 0  0 1  0 1  2 0
   288  -.9952717881843737E-05   4   1 0  0 0  0 0  3 0
   289  -.5414362039118101E-04   4   0 1  0 0  0 0  3 0
   290  -.1421121135918801       4   0 0  1 0  0 0  3 0
   291  0.5528320657051963       4   0 0  0 1  0 0  3 0
   292  0.1615838854842050E-04   4   1 0  0 0  0 2  0 1
   293  0.7655208418191848E-04   4   0 1  0 0  0 2  0 1
   294  0.3258443742157435       4   0 0  1 0  0 2  0 1
   295  -.3625186619303114       4   0 0  0 1  0 2  0 1
   296  0.1421138410691793E-04   4   1 0  0 0  0 1  1 1
   297  0.6883606164795436E-04   4   0 1  0 0  0 1  1 1
   298  0.1908874245481709       4   0 0  1 0  0 1  1 1
   299  -.1188358311371438E-02   4   0 0  0 1  0 1  1 1
   300  0.1612708084511028E-04   4   1 0  0 0  0 0  2 1
   301  0.7640274583107987E-04   4   0 1  0 0  0 0  2 1
   302  0.3252774245635648       4   0 0  1 0  0 0  2 1
   303  -.3620300017816939       4   0 0  0 1  0 0  2 1
   304  -.6650381732756316E-05   4   1 0  0 0  0 1  0 2
   305  -.1599434716466106E-04   4   0 1  0 0  0 1  0 2
   306  -.1907064290731247       4   0 0  1 0  0 1  0 2
   307  -.3617115298713348       4   0 0  0 1  0 1  0 2
   308  -.6641431962441983E-05   4   1 0  0 0  0 0  1 2
   309  -.1597282272603438E-04   4   0 1  0 0  0 0  1 2
   310  -.1904497853485614       4   0 0  1 0  0 0  1 2
   311  -.3612247555413084       4   0 0  0 1  0 0  1 2
   312  0.1981087463085036E-05   4   1 0  0 0  0 0  0 3
   313  0.1615900462254563E-05   4   0 1  0 0  0 0  0 3
   314  -.2657684059783687E-01   4   0 0  1 0  0 0  0 3
   315  -.2174242222433779E-01   4   0 0  0 1  0 0  0 3
   316  -.1167020497491508E-04   4   0 0  0 0  0 4  0 0
   317  -.5348994721407264E-05   4   0 0  0 0  0 3  1 0
   318  -.4515532779812633E-05   4   0 0  0 0  0 2  2 0
   319  -.5367082814594491E-05   4   0 0  0 0  0 1  3 0
   320  -.1163521281032983E-04   4   0 0  0 0  0 0  4 0
   321  0.1166007887393476E-04   4   0 0  0 0  0 3  0 1
   322  0.4566790702943097E-05   4   0 0  0 0  0 2  1 1
   323  0.4581077746838626E-05   4   0 0  0 0  0 1  2 1
   324  0.1163347276069543E-04   4   0 0  0 0  0 0  3 1
   325  0.1898406908509788E-05   4   0 0  0 0  0 2  0 2
   326  0.2242445020949401E-05   4   0 0  0 0  0 1  1 2
   327  0.1894343233547918E-05   4   0 0  0 0  0 0  2 2
   328  0.2955683609704504E-07   4   0 0  0 0  0 1  0 3
   329  0.2951705989999127E-07   4   0 0  0 0  0 0  1 3
   330  -.1373801121251129E-12   4   0 0  0 0  0 0  0 4
   ----------------------------------------------------
     I  COEFFICIENT            ORDER EXPONENTS
     1  0.8193156983804315E-08   0   0 0  0 0  0 0  0 0
     2  0.7713143228954068E-06   1   1 0  0 0  0 0  0 0
     3  0.1760358491034732E-05   1   0 1  0 0  0 0  0 0
     4  0.3097193941144441E-04   1   0 0  1 0  0 0  0 0
     5  0.1115655324173388E-04   1   0 0  0 1  0 0  0 0
     6   1.000000000000000       1   0 0  0 0  1 0  0 0
     7  0.2621231497848363       1   0 0  0 0  0 1  0 0
     8  -.2621231473539256       1   0 0  0 0  0 0  1 0
     9  -.2430918253198188E-08   1   0 0  0 0  0 0  0 1
    10  -.2443010865230204       2   2 0  0 0  0 0  0 0
    11  -.6485152663862553       2   1 1  0 0  0 0  0 0
    12  -.6402475973902509       2   0 2  0 0  0 0  0 0
    13  -.1633135264598039E-04   2   1 0  1 0  0 0  0 0
    14  -.2142465816689518E-04   2   0 1  1 0  0 0  0 0
    15  -.1843438567063766       2   0 0  2 0  0 0  0 0
    16  -.2110253846506473E-04   2   1 0  0 1  0 0  0 0
    17  -.2445575042334036E-04   2   0 1  0 1  0 0  0 0
    18  -.1291832975407072       2   0 0  1 1  0 0  0 0
    19  -.2356805649591139       2   0 0  0 2  0 0  0 0
    20  -.1662177648913865E-05   2   1 0  0 0  0 1  0 0
    21  -.3591386213479924E-05   2   0 1  0 0  0 1  0 0
    22  -.4424697892287380E-04   2   0 0  1 0  0 1  0 0
    23  -.2903643347665255E-04   2   0 0  0 1  0 1  0 0
    24  -.8906757425515151E-06   2   1 0  0 0  0 0  1 0
    25  -.1830890750927438E-05   2   0 1  0 0  0 0  1 0
    26  -.1329882205783704E-04   2   0 0  1 0  0 0  1 0
    27  -.1787083192470758E-04   2   0 0  0 1  0 0  1 0
    28  0.2552757695338068E-05   2   1 0  0 0  0 0  0 1
    29  0.3661769669411257E-05   2   0 1  0 0  0 0  0 1
    30  0.5754584311811781E-04   2   0 0  1 0  0 0  0 1
    31  0.3575075322790288E-04   2   0 0  0 1  0 0  0 1
    32  -.1967247346227907       2   0 0  0 0  0 2  0 0
    33  0.1313263160703546       2   0 0  0 0  0 1  1 0
    34  0.6539841516092137E-01   2   0 0  0 0  0 0  2 0
    35  0.3390660795303933E-08   2   0 0  0 0  0 1  0 1
    36  0.9617965386558820E-09   2   0 0  0 0  0 0  1 1
    37  -.9608461115466703E-09   2   0 0  0 0  0 0  0 2
    38  0.1259371633700313       3   3 0  0 0  0 0  0 0
    39  0.3867227482398328       3   2 1  0 0  0 0  0 0
    40  0.3876413536181441       3   1 2  0 0  0 0  0 0
    41  0.1276265736210344       3   0 3  0 0  0 0  0 0
    42  0.1412011950237384E-02   3   2 0  1 0  0 0  0 0
    43  0.2642325429369133E-02   3   1 1  1 0  0 0  0 0
    44  0.1444575575984915E-02   3   0 2  1 0  0 0  0 0
    45  0.7133165088562883E-01   3   1 0  2 0  0 0  0 0
    46  0.2221531138721737E-01   3   0 1  2 0  0 0  0 0
    47  0.2102259482091759E-03   3   0 0  3 0  0 0  0 0
    48  0.1262612607317869E-02   3   2 0  0 1  0 0  0 0
    49  0.2350121877269054E-02   3   1 1  0 1  0 0  0 0
    50  0.1263915191729993E-02   3   0 2  0 1  0 0  0 0
    51  0.4433266933105677E-01   3   1 0  1 1  0 0  0 0
    52  -.3045661420425542E-01   3   0 1  1 1  0 0  0 0
    53  0.6759100243249228E-03   3   0 0  2 1  0 0  0 0
    54  -.1727982636427374E-01   3   1 0  0 2  0 0  0 0
    55  -.4542839783665642E-01   3   0 1  0 2  0 0  0 0
    56  0.7166742304328720E-03   3   0 0  1 2  0 0  0 0
    57  0.2472144936574563E-03   3   0 0  0 3  0 0  0 0
    58  0.3823885089557035       3   2 0  0 0  0 1  0 0
    59   1.219198914555300       3   1 1  0 0  0 1  0 0
    60   1.258582891555253       3   0 2  0 0  0 1  0 0
    61  0.2492490448488768E-04   3   1 0  1 0  0 1  0 0
    62  0.4013166383964082E-04   3   0 1  1 0  0 1  0 0
    63  0.2626228725451568       3   0 0  2 0  0 1  0 0
    64  0.3956336939172206E-04   3   1 0  0 1  0 1  0 0
    65  0.5630445757383957E-04   3   0 1  0 1  0 1  0 0
    66  0.3394957322901962       3   0 0  1 1  0 1  0 0
    67  0.4070940261035688       3   0 0  0 2  0 1  0 0
    68  0.1382303772878499       3   2 0  0 0  0 0  1 0
    69  0.5707882010437152       3   1 1  0 0  0 0  1 0
    70  0.6183641878752958       3   0 2  0 0  0 0  1 0
    71  0.8519858430055308E-05   3   1 0  1 0  0 0  1 0
    72  0.1852607086547606E-04   3   0 1  1 0  0 0  1 0
    73  0.7842161689190995E-01   3   0 0  2 0  0 0  1 0
    74  0.1837122768163751E-04   3   1 0  0 1  0 0  1 0
    75  0.3166084503540639E-04   3   0 1  0 1  0 0  1 0
    76  0.2102033262621610       3   0 0  1 1  0 0  1 0
    77  0.1714996491960605       3   0 0  0 2  0 0  1 0
    78  -.5206199178081842       3   2 0  0 0  0 0  0 1
    79  -1.141474369339517       3   1 1  0 0  0 0  0 1
    80  -.5964535347480988       3   0 2  0 0  0 0  0 1
    81  -.3328524472517433E-04   3   1 0  1 0  0 0  0 1
    82  -.3686921857859317E-04   3   0 1  1 0  0 0  0 1
    83  -.3410448274146644       3   0 0  2 0  0 0  0 1
    84  -.3661274000884537E-04   3   1 0  0 1  0 0  0 1
    85  -.3864137946276159E-04   3   0 1  0 1  0 0  0 1
    86  -.4205162479989100       3   0 0  1 1  0 0  0 1
    87  -.1072327631609916       3   0 0  0 2  0 0  0 1
    88  0.2607746030223091E-05   3   1 0  0 0  0 2  0 0
    89  0.5685486126494856E-05   3   0 1  0 0  0 2  0 0
    90  0.5314823860665589E-04   3   0 0  1 0  0 2  0 0
    91  0.4769328794560104E-04   3   0 0  0 1  0 2  0 0
    92  0.1891253008935028E-05   3   1 0  0 0  0 1  1 0
    93  0.4187216233244721E-05   3   0 1  0 0  0 1  1 0
    94  0.1782140245260803E-04   3   0 0  1 0  0 1  1 0
    95  0.3731818738383848E-04   3   0 0  0 1  0 1  1 0
    96  0.9454775670233961E-06   3   1 0  0 0  0 0  2 0
    97  0.2093205215470415E-05   3   0 1  0 0  0 0  2 0
    98  0.8928423578151947E-05   3   0 0  1 0  0 0  2 0
    99  0.1865347770317004E-04   3   0 0  0 1  0 0  2 0
   100  -.5447086601137772E-05   3   1 0  0 0  0 1  0 1
   101  -.8377501363088901E-05   3   0 1  0 0  0 1  0 1
   102  -.7987838423007099E-04   3   0 0  1 0  0 1  0 1
   103  -.7463975725051788E-04   3   0 0  0 1  0 1  0 1
   104  -.2893987531328553E-05   3   1 0  0 0  0 0  1 1
   105  -.4714242543573725E-05   3   0 1  0 0  0 0  1 1
   106  -.2238193765935982E-04   3   0 0  1 0  0 0  1 1
   107  -.3888653503780006E-04   3   0 0  0 1  0 0  1 1
   108  0.2894638957060923E-05   3   1 0  0 0  0 0  0 2
   109  0.2884401597949405E-05   3   0 1  0 0  0 0  0 2
   110  0.2235925028751706E-04   3   0 0  1 0  0 0  0 2
   111  0.2101429536682900E-04   3   0 0  0 1  0 0  0 2
   112  0.1639593938863574       3   0 0  0 0  0 3  0 0
   113  -.9842878571776059E-01   3   0 0  0 0  0 2  1 0
   114  -.3289754914462757E-01   3   0 0  0 0  0 1  2 0
   115  -.3263309999351820E-01   3   0 0  0 0  0 0  3 0
   116  -.1915315426180871E-08   3   0 0  0 0  0 2  0 1
   117  0.1103977940589678E-08   3   0 0  0 0  0 1  1 1
   118  0.5495816956215011E-09   3   0 0  0 0  0 0  2 1
   119  -.6402192661631749E-10   3   0 0  0 0  0 1  0 2
   120  -.7819316104573780E-10   3   0 0  0 0  0 0  1 2
   121  -.5992895244879625E-11   3   0 0  0 0  0 0  0 3
   122  -7.990937096136566       4   4 0  0 0  0 0  0 0
   123  -35.22625291286052       4   3 1  0 0  0 0  0 0
   124  -58.66741296532859       4   2 2  0 0  0 0  0 0
   125  -43.77765400251846       4   1 3  0 0  0 0  0 0
   126  -12.60077850804444       4   0 4  0 0  0 0  0 0
   127  -.2621820300669157E-02   4   3 0  1 0  0 0  0 0
   128  -.7571579755973422E-02   4   2 1  1 0  0 0  0 0
   129  -.7412225881551427E-02   4   1 2  1 0  0 0  0 0
   130  -.2475538206735299E-02   4   0 3  1 0  0 0  0 0
   131  -8.802504994345348       4   2 0  2 0  0 0  0 0
   132  -17.17869958829894       4   1 1  2 0  0 0  0 0
   133  -9.409252085215575       4   0 2  2 0  0 0  0 0
   134  0.1129444000650508E-02   4   1 0  3 0  0 0  0 0
   135  0.8690385163391059E-03   4   0 1  3 0  0 0  0 0
   136  -1.055460784330647       4   0 0  4 0  0 0  0 0
   137  -.2539476363546295E-02   4   3 0  0 1  0 0  0 0
   138  -.7505652777486538E-02   4   2 1  0 1  0 0  0 0
   139  -.7493954075487530E-02   4   1 2  0 1  0 0  0 0
   140  -.2545864342095827E-02   4   0 3  0 1  0 0  0 0
   141  -16.21308428157856       4   2 0  1 1  0 0  0 0
   142  -30.94200079525798       4   1 1  1 1  0 0  0 0
   143  -16.47396159608287       4   0 2  1 1  0 0  0 0
   144  0.2904997857898950E-02   4   1 0  2 1  0 0  0 0
   145  0.2214056457644538E-02   4   0 1  2 1  0 0  0 0
   146  -3.664252513723511       4   0 0  3 1  0 0  0 0
   147  -7.165093240136520       4   2 0  0 2  0 0  0 0
   148  -14.02309888559061       4   1 1  0 2  0 0  0 0
   149  -7.921168759303534       4   0 2  0 2  0 0  0 0
   150  0.2540049533759217E-02   4   1 0  1 2  0 0  0 0
   151  0.1900761821876679E-02   4   0 1  1 2  0 0  0 0
   152  -4.950419333834285       4   0 0  2 2  0 0  0 0
   153  0.7260831020772947E-03   4   1 0  0 3  0 0  0 0
   154  0.5171975587434818E-03   4   0 1  0 3  0 0  0 0
   155  -3.040463267663244       4   0 0  1 3  0 0  0 0
   156  -.8129067264651643       4   0 0  0 4  0 0  0 0
   157  -.2133389061605858       4   3 0  0 0  0 1  0 0
   158  -.8205369825578553       4   2 1  0 0  0 1  0 0
   159  -.9967586797012276       4   1 2  0 0  0 1  0 0
   160  -.3875603989744133       4   0 3  0 0  0 1  0 0
   161  0.3072859952316972E-03   4   2 0  1 0  0 1  0 0
   162  -.5860515654078172E-03   4   1 1  1 0  0 1  0 0
   163  -.9465768827611582E-03   4   0 2  1 0  0 1  0 0
   164  -.9673161264595008E-01   4   1 0  2 0  0 1  0 0
   165  -.5922358951162925E-01   4   0 1  2 0  0 1  0 0
   166  0.1223928166393090E-03   4   0 0  3 0  0 1  0 0
   167  -.3162286966074702E-03   4   2 0  0 1  0 1  0 0
   168  -.1450030477725539E-02   4   1 1  0 1  0 1  0 0
   169  -.1259470584223322E-02   4   0 2  0 1  0 1  0 0
   170  -.1173925693229817       4   1 0  1 1  0 1  0 0
   171  0.9824740026958843E-02   4   0 1  1 1  0 1  0 0
   172  0.4901372111009030E-04   4   0 0  2 1  0 1  0 0
   173  0.9826692729969026E-02   4   1 0  0 2  0 1  0 0
   174  0.8882065396670852E-01   4   0 1  0 2  0 1  0 0
   175  -.4267113822240232E-03   4   0 0  1 2  0 1  0 0
   176  -.3353524752199092E-03   4   0 0  0 3  0 1  0 0
   177  -.8478224070202935E-01   4   3 0  0 0  0 0  1 0
   178  -.4245978841904622       4   2 1  0 0  0 0  1 0
   179  -.5984832258830859       4   1 2  0 0  0 0  1 0
   180  -.2558422801341875       4   0 3  0 0  0 0  1 0
   181  0.1547403207762212E-03   4   2 0  1 0  0 0  1 0
   182  -.9096471051729928E-03   4   1 1  1 0  0 0  1 0
   183  -.1049658025004623E-02   4   0 2  1 0  0 0  1 0
   184  -.2481071094829761E-01   4   1 0  2 0  0 0  1 0
   185  -.3559448812042769E-01   4   0 1  2 0  0 0  1 0
   186  -.1428991586756254E-04   4   0 0  3 0  0 0  1 0
   187  -.4202397213615406E-03   4   2 0  0 1  0 0  1 0
   188  -.1743878477773153E-02   4   1 1  0 1  0 0  1 0
   189  -.1393178672356531E-02   4   0 2  0 1  0 0  1 0
   190  -.7208009408463263E-01   4   1 0  1 1  0 0  1 0
   191  -.1851110486308321E-01   4   0 1  1 1  0 0  1 0
   192  -.2221666294824255E-03   4   0 0  2 1  0 0  1 0
   193  -.6947365529660362E-02   4   1 0  0 2  0 0  1 0
   194  0.4432216718462931E-01   4   0 1  0 2  0 0  1 0
   195  -.5336750780091694E-03   4   0 0  1 2  0 0  1 0
   196  -.3174825303236952E-03   4   0 0  0 3  0 0  1 0
   197  0.2945478958692864       4   3 0  0 0  0 0  0 1
   198  0.8435265877429095       4   2 1  0 0  0 0  0 1
   199  0.8002656463395424       4   1 2  0 0  0 0  0 1
   200  0.2518970006507587       4   0 3  0 0  0 0  0 1
   201  -.2021398522252908E-03   4   2 0  1 0  0 0  0 1
   202  -.2605810880843231E-03   4   1 1  1 0  0 0  0 1
   203  -.1344906619989841E-04   4   0 2  1 0  0 0  0 1
   204  0.1203965427365125       4   1 0  2 0  0 0  0 1
   205  0.6984855103995236E-01   4   0 1  2 0  0 0  0 1
   206  -.7302056723170879E-04   4   0 0  3 0  0 0  0 1
   207  -.2446735316294982E-03   4   2 0  0 1  0 0  0 1
   208  -.4209032958167755E-03   4   1 1  0 1  0 0  0 1
   209  -.1067261370449153E-03   4   0 2  0 1  0 0  0 1
   210  0.1433887752468050       4   1 0  1 1  0 0  0 1
   211  0.6555091784241614E-01   4   0 1  1 1  0 0  0 1
   212  -.2525794163973803E-03   4   0 0  2 1  0 0  0 1
   213  0.3061240220868355E-01   4   1 0  0 2  0 0  0 1
   214  0.1060991170449796E-02   4   0 1  0 2  0 0  0 1
   215  -.2472993289050505E-03   4   0 0  1 2  0 0  0 1
   216  -.4308760023683748E-04   4   0 0  0 3  0 0  0 1
   217  -.4942419358195524       4   2 0  0 0  0 2  0 0
   218  -1.784277259702741       4   1 1  0 0  0 2  0 0
   219  -1.931980082727654       4   0 2  0 0  0 2  0 0
   220  -.2855178570854500E-04   4   1 0  1 0  0 2  0 0
   221  -.6713708958468829E-04   4   0 1  1 0  0 2  0 0
   222  -.3147358702421299       4   0 0  2 0  0 2  0 0
   223  -.6812632076015783E-04   4   1 0  0 1  0 2  0 0
   224  -.1143243348906484E-03   4   0 1  0 1  0 2  0 0
   225  -.5587451451341930       4   0 0  1 1  0 2  0 0
   226  -.5912637491567925       4   0 0  0 2  0 2  0 0
   227  -.2237005155348178       4   2 0  0 0  0 1  1 0
   228  -1.130029805340037       4   1 1  0 0  0 1  1 0
   229  -1.346580077796732       4   0 2  0 0  0 1  1 0
   230  -.1254018853542968E-04   4   1 0  1 0  0 1  1 0
   231  -.3951313380474099E-04   4   0 1  1 0  0 1  1 0
   232  -.1043373177759683       4   0 0  2 0  0 1  1 0
   233  -.4059940176007192E-04   4   1 0  0 1  0 1  1 0
   234  -.8364051730268529E-04   4   0 1  0 1  0 1  1 0
   235  -.4385480132333735       4   0 0  1 1  0 1  1 0
   236  -.3683395341414866       4   0 0  0 2  0 1  1 0
   237  -.1119565367462251       4   2 0  0 0  0 0  2 0
   238  -.5650734011417967       4   1 1  0 0  0 0  2 0
   239  -.6732292877962356       4   0 2  0 0  0 0  2 0
   240  -.6359196196346892E-05   4   1 0  1 0  0 0  2 0
   241  -.1983151241405591E-04   4   0 1  1 0  0 0  2 0
   242  -.5227481855648849E-01   4   0 0  2 0  0 0  2 0
   243  -.2036935954224524E-04   4   1 0  0 1  0 0  2 0
   244  -.4184025599614296E-04   4   0 1  0 1  0 0  2 0
   245  -.2192068762172669       4   0 0  1 1  0 0  2 0
   246  -.1841953566869649       4   0 0  0 2  0 0  2 0
   247  0.8296998915308372       4   2 0  0 0  0 1  0 1
   248   2.259995889614815       4   1 1  0 0  0 1  0 1
   249   1.434695921423651       4   0 2  0 0  0 1  0 1
   250  0.3589826449917957E-04   4   1 0  1 0  0 1  0 1
   251  0.6547159794060944E-04   4   0 1  1 0  0 1  0 1
   252  0.4712238067110052       4   0 0  2 0  0 1  0 1
   253  0.6648601023437011E-04   4   1 0  0 1  0 1  0 1
   254  0.9463939811752172E-04   4   0 1  0 1  0 1  0 1
   255  0.8771228523752288       4   0 0  1 1  0 1  0 1
   256  0.3296245953242468       4   0 0  0 2  0 1  0 1
   257  0.3093392250036982       4   2 0  0 0  0 0  1 1
   258   1.118507367111504       4   1 1  0 0  0 0  1 1
   259  0.8378968984139854       4   0 2  0 0  0 0  1 1
   260  0.1426924125452077E-04   4   1 0  1 0  0 0  1 1
   261  0.3307434449459979E-04   4   0 1  1 0  0 0  1 1
   262  0.1304754692572276       4   0 0  2 0  0 0  1 1
   263  0.3386057575661454E-04   4   1 0  0 1  0 0  1 1
   264  0.5454157615419471E-04   4   0 1  0 1  0 0  1 1
   265  0.4565797432581492       4   0 0  1 1  0 0  1 1
   266  0.2222462886758455       4   0 0  0 2  0 0  1 1
   267  -.3091724163011146       4   2 0  0 0  0 0  0 2
   268  -.5477080476617290       4   1 1  0 0  0 0  0 2
   269  -.2415836665936447       4   0 2  0 0  0 0  0 2
   270  -.1120515491674915E-04   4   1 0  1 0  0 0  0 2
   271  -.9379624691074291E-05   4   0 1  1 0  0 0  0 2
   272  -.1303388058040386       4   0 0  2 0  0 0  0 2
   273  -.9554860360195661E-05   4   1 0  0 1  0 0  0 2
   274  -.7970192620387055E-05   4   0 1  0 1  0 0  0 2
   275  -.2463559787480833       4   0 0  1 1  0 0  0 2
   276  -.1150961012204464       4   0 0  0 2  0 0  0 2
   277  -.2136448231156353E-03   4   1 0  0 0  0 3  0 0
   278  -.3062540372970716E-03   4   0 1  0 0  0 3  0 0
   279  -.4305017457383971E-04   4   0 0  1 0  0 3  0 0
   280  -.5212871455783323E-04   4   0 0  0 1  0 3  0 0
   281  -.1157848934947681E-03   4   1 0  0 0  0 2  1 0
   282  -.1680370910744222E-03   4   0 1  0 0  0 2  1 0
   283  -.1207738015317617E-04   4   0 0  1 0  0 2  1 0
   284  -.4843296532441022E-04   4   0 0  0 1  0 2  1 0
   285  -.7338890245901685E-04   4   1 0  0 0  0 1  2 0
   286  -.1069738853435349E-03   4   0 1  0 0  0 1  2 0
   287  -.6316110155033812E-05   4   0 0  1 0  0 1  2 0
   288  -.3253351452275980E-04   4   0 0  0 1  0 1  2 0
   289  -.3863703133914968E-04   4   1 0  0 0  0 0  3 0
   290  -.5607063278578021E-04   4   0 1  0 0  0 0  3 0
   291  -.4045138578558735E-05   4   0 0  1 0  0 0  3 0
   292  -.1613627968058958E-04   4   0 0  0 1  0 0  3 0
   293  0.2064849089612558E-03   4   1 0  0 0  0 2  0 1
   294  0.1921483673564897E-03   4   0 1  0 0  0 2  0 1
   295  0.3070912961538520E-04   4   0 0  1 0  0 2  0 1
   296  0.7966941269678046E-04   4   0 0  0 1  0 2  0 1
   297  0.1132403848256579E-03   4   1 0  0 0  0 1  1 1
   298  0.1146306832204900E-03   4   0 1  0 0  0 1  1 1
   299  0.4558051139468615E-05   4   0 0  1 0  0 1  1 1
   300  0.6022089581069550E-04   4   0 0  0 1  0 1  1 1
   301  0.5664451741043665E-04   4   1 0  0 0  0 0  2 1
   302  0.5732866659181597E-04   4   0 1  0 0  0 0  2 1
   303  0.2295168731291922E-05   4   0 0  1 0  0 0  2 1
   304  0.3010373075747610E-04   4   0 0  0 1  0 0  2 1
   305  -.1778924663903242E-04   4   1 0  0 0  0 1  0 2
   306  -.1593827269396574E-04   4   0 1  0 0  0 1  0 2
   307  0.4599104630721398E-05   4   0 0  1 0  0 1  0 2
   308  -.5051100914386235E-05   4   0 0  0 1  0 1  0 2
   309  -.1255379041312878E-04   4   1 0  0 0  0 0  1 2
   310  -.1170915024863036E-04   4   0 1  0 0  0 0  1 2
   311  0.3043158786261181E-05   4   0 0  1 0  0 0  1 2
   312  -.6304817058981635E-05   4   0 0  0 1  0 0  1 2
   313  0.8267966194306249E-07   4   1 0  0 0  0 0  0 3
   314  0.6170542658582818E-07   4   0 1  0 0  0 0  0 3
   315  0.2956176761949171E-07   4   0 0  1 0  0 0  0 3
   316  0.2243094510229090E-07   4   0 0  0 1  0 0  0 3
   317  -.1434727855020096       4   0 0  0 0  0 4  0 0
   318  0.8201284657057732E-01   4   0 0  0 0  0 3  1 0
   319  0.2462383595610911E-01   4   0 0  0 0  0 2  2 0
   320  0.1648163114544687E-01   4   0 0  0 0  0 1  3 0
   321  0.2035440528381083E-01   4   0 0  0 0  0 0  4 0
   322  0.3964625939110117E-08   4   0 0  0 0  0 3  0 1
   323  0.3729870443495815E-08   4   0 0  0 0  0 2  1 1
   324  0.3238303890278391E-08   4   0 0  0 0  0 1  2 1
   325  0.1006261583753097E-08   4   0 0  0 0  0 0  3 1
   326  -.5683856854999379E-10   4   0 0  0 0  0 2  0 2
   327  -.1617358202004332E-09   4   0 0  0 0  0 1  1 2
   328  -.2631322694353879E-10   4   0 0  0 0  0 0  2 2
   329  0.2244798325990799E-11   4   0 0  0 0  0 1  0 3
   330  -.3734998804149563E-11   4   0 0  0 0  0 0  1 3
   ----------------------------------------------------
     I  COEFFICIENT            ORDER EXPONENTS
     1   1.000000000000000       1   0 0  0 0  0 1  0 0
     --------------------------------------------------
     I  COEFFICIENT            ORDER EXPONENTS
     1   1.000000000000000       1   0 0  0 0  0 0  1 0
     --------------------------------------------------
     I  COEFFICIENT            ORDER EXPONENTS
     1   1.000000000000000       1   0 0  0 0  0 0  0 1
     --------------------------------------------------
