 L    0.6291909999999999E+00
 P (  0.0000000000000000E+00,  0.0000000000000000E+00,  0.1066695000000000E+00)
 A (  0.0000000000000000E+00,  0.0000000000000000E+00,  0.0000000000000000E+00)
     I  COEFFICIENT            ORDER EXPONENTS
     1  -.9864038730168721E-04   0   0 0  0 0  0 0  0 0
     2   1.245150584837701       1   1 0  0 0  0 0  0 0
     3  0.7012945808506607       1   0 1  0 0  0 0  0 0
     4  0.4463548062619091E-04   1   0 0  1 0  0 0  0 0
     5  0.1325314477871916E-04   1   0 0  0 1  0 0  0 0
     6  -.1660319727909522E-05   1   0 0  0 0  0 1  0 0
     7  -.1658085347867814E-05   1   0 0  0 0  0 0  1 0
     8  0.3318405075777220E-05   1   0 0  0 0  0 0  0 1
     9  0.1189157708712696E-03   2   2 0  0 0  0 0  0 0
    10  0.9681205387752837E-05   2   1 1  0 0  0 0  0 0
    11  -.5658864407097950E-05   2   0 2  0 0  0 0  0 0
    12  0.6602781267635596E-04   2   1 0  1 0  0 0  0 0
    13  -.2640234558081724E-05   2   0 1  1 0  0 0  0 0
    14  -.1426490149480182E-03   2   0 0  2 0  0 0  0 0
    15  0.6183627236144848E-05   2   1 0  0 1  0 0  0 0
    16  -.3299460808880303E-05   2   0 1  0 1  0 0  0 0
    17  -.2532453664636610E-04   2   0 0  1 1  0 0  0 0
    18  0.6166929360638239E-05   2   0 0  0 2  0 0  0 0
    19  -.1270182197066236       2   1 0  0 0  0 1  0 0
    20  -.3879128690195282       2   0 1  0 0  0 1  0 0
    21  -.2234521943733481E-04   2   0 0  1 0  0 1  0 0
    22  -.1325965298002741E-04   2   0 0  0 1  0 1  0 0
    23  -.1268472845727043       2   1 0  0 0  0 0  1 0
    24  -.3873908341621020       2   0 1  0 0  0 0  1 0
    25  -.2231514829410983E-04   2   0 0  1 0  0 0  1 0
    26  -.1324180876395271E-04   2   0 0  0 1  0 0  1 0
    27  0.2538655042793275       2   1 0  0 0  0 0  0 1
    28  0.7400912233096954E-01   2   0 1  0 0  0 0  0 1
    29  0.4466036773144460E-04   2   0 0  1 0  0 0  0 1
    30  0.1324831696526095E-04   2   0 0  0 1  0 0  0 1
    31  0.1321530060382807E-05   2   0 0  0 0  0 2  0 0
    32  0.9836417279873927E-06   2   0 0  0 0  0 1  1 0
    33  0.1319089738197128E-05   2   0 0  0 0  0 0  2 0
    34  -.1966351046004608E-05   2   0 0  0 0  0 1  0 1
    35  -.1963704823437745E-05   2   0 0  0 0  0 0  1 1
    36  0.3058248410557121E-06   2   0 0  0 0  0 0  0 2
    37  0.9163744225807993E-01   3   3 0  0 0  0 0  0 0
    38  0.8008115347298737       3   2 1  0 0  0 0  0 0
    39  0.7574862630849872       3   1 2  0 0  0 0  0 0
    40  0.5137100879312206       3   0 3  0 0  0 0  0 0
    41  0.1002126751785274E-03   3   2 0  1 0  0 0  0 0
    42  0.1434174586110105E-03   3   1 1  1 0  0 0  0 0
    43  0.1030901053407781E-03   3   0 2  1 0  0 0  0 0
    44  -.2236650728098362       3   1 0  2 0  0 0  0 0
    45  0.4113429956507102       3   0 1  2 0  0 0  0 0
    46  -.1865580642529401E-04   3   0 0  3 0  0 0  0 0
    47  0.1531150339749827E-03   3   2 0  0 1  0 0  0 0
    48  0.1293505286865305E-03   3   1 1  0 1  0 0  0 0
    49  0.5350537642935325E-04   3   0 2  0 1  0 0  0 0
    50  -.3458022206495076       3   1 0  1 1  0 0  0 0
    51  -.2985965257087221E-01   3   0 1  1 1  0 0  0 0
    52  0.2559290908717084E-04   3   0 0  2 1  0 0  0 0
    53  0.1713444363250188       3   1 0  0 2  0 0  0 0
    54  0.3872035860678347       3   0 1  0 2  0 0  0 0
    55  0.4817392810225507E-04   3   0 0  1 2  0 0  0 0
    56  0.1952652211941999E-04   3   0 0  0 3  0 0  0 0
    57  -.5701622238358898E-04   3   2 0  0 0  0 1  0 0
    58  -.8058453220721928E-05   3   1 1  0 0  0 1  0 0
    59  0.8309985425426341E-05   3   0 2  0 0  0 1  0 0
    60  -.3632130700303306E-04   3   1 0  1 0  0 1  0 0
    61  0.1880351497499614E-05   3   0 1  1 0  0 1  0 0
    62  0.8101469253897328E-04   3   0 0  2 0  0 1  0 0
    63  -.7202822882330055E-05   3   1 0  0 1  0 1  0 0
    64  0.4611509582741430E-05   3   0 1  0 1  0 1  0 0
    65  0.2984224146430532E-04   3   0 0  1 1  0 1  0 0
    66  -.9051502640849907E-05   3   0 0  0 2  0 1  0 0
    67  -.5693949263858549E-04   3   2 0  0 0  0 0  1 0
    68  -.8047608534157390E-05   3   1 1  0 0  0 0  1 0
    69  0.8298802238677294E-05   3   0 2  0 0  0 0  1 0
    70  -.3627242749983236E-04   3   1 0  1 0  0 0  1 0
    71  0.1877821009072048E-05   3   0 1  1 0  0 0  1 0
    72  0.8090566678384462E-04   3   0 0  2 0  0 0  1 0
    73  -.7193129662752337E-05   3   1 0  0 1  0 0  1 0
    74  0.4605303630477993E-05   3   0 1  0 1  0 0  1 0
    75  0.2980208118215834E-04   3   0 0  1 1  0 0  1 0
    76  -.9039321555178261E-05   3   0 0  0 2  0 0  1 0
    77  0.1139557150221732E-03   3   2 0  0 0  0 0  0 1
    78  0.6424856367125201E-05   3   1 1  0 0  0 0  0 1
    79  -.5291058849905042E-05   3   0 2  0 0  0 0  0 1
    80  0.7259373450285890E-04   3   1 0  1 0  0 0  0 1
    81  -.1117937948499237E-05   3   0 1  1 0  0 0  0 1
    82  -.1619203593228187E-03   3   0 0  2 0  0 0  0 1
    83  0.8212325308943600E-05   3   1 0  0 1  0 0  0 1
    84  -.2617891595450283E-05   3   0 1  0 1  0 0  0 1
    85  -.3431978600009737E-04   3   0 0  1 1  0 0  0 1
    86  0.5756965474751538E-05   3   0 0  0 2  0 0  0 1
    87  0.9745451837092867E-01   3   1 0  0 0  0 2  0 0
    88  0.3098790763609506       3   0 1  0 0  0 2  0 0
    89  0.1677381811492994E-04   3   0 0  1 0  0 2  0 0
    90  0.1324725553771663E-04   3   0 0  0 1  0 2  0 0
    91  0.6797018233968044E-01   3   1 0  0 0  0 1  1 0
    92  0.2320546918745074       3   0 1  0 0  0 1  1 0
    93  0.1121615677155312E-04   3   0 0  1 0  0 1  1 0
    94  0.1324631482076146E-04   3   0 0  0 1  0 1  1 0
    95  0.9727763313894340E-01   3   1 0  0 0  0 0  2 0
    96  0.3093059115700963       3   0 1  0 0  0 0  2 0
    97  0.1674369761348744E-04   3   0 0  1 0  0 0  2 0
    98  0.1322051487243125E-04   3   0 0  0 1  0 0  2 0
    99  -.1358610960823174       3   1 0  0 0  0 1  0 1
   100  -.7598744555739775E-01   3   0 1  0 0  0 1  0 1
   101  -.2241498130104923E-04   3   0 0  1 0  0 1  0 1
   102  -.1326884814571125E-04   3   0 0  0 1  0 1  0 1
   103  -.1356782606221225       3   1 0  0 0  0 0  1 1
   104  -.7588518523433146E-01   3   0 1  0 0  0 0  1 1
   105  -.2238481627559585E-04   3   0 0  1 0  0 0  1 1
   106  -.1325099155521596E-04   3   0 0  0 1  0 0  1 1
   107  0.8836952311537045E-02   3   1 0  0 0  0 0  0 2
   108  0.1927207298960464E-02   3   0 1  0 0  0 0  0 2
   109  0.6804317960738069E-07   3   0 0  1 0  0 0  0 2
   110  0.1220449885688481E-07   3   0 0  0 1  0 0  0 2
   111  -.1152947171169687E-05   3   0 0  0 0  0 3  0 0
   112  -.8160190388121977E-06   3   0 0  0 0  0 2  1 0
   113  -.8166960397871893E-06   3   0 0  0 0  0 1  2 0
   114  -.1150071458609821E-05   3   0 0  0 0  0 0  3 0
   115  0.1631849136538753E-05   3   0 0  0 0  0 2  0 1
   116  0.1298243979896105E-05   3   0 0  0 0  0 1  1 1
   117  0.1628779513121670E-05   3   0 0  0 0  0 0  2 1
   118  -.3146214244796383E-06   3   0 0  0 0  0 1  0 2
   119  -.3141980217941388E-06   3   0 0  0 0  0 0  1 2
   120  0.5723254719500859E-08   3   0 0  0 0  0 0  0 3
   121  -.8028029351166861E-04   4   4 0  0 0  0 0  0 0
   122  0.3255386995562987E-03   4   3 1  0 0  0 0  0 0
   123  0.6300602670208673E-03   4   2 2  0 0  0 0  0 0
   124  0.5077493207413052E-03   4   1 3  0 0  0 0  0 0
   125  0.3161917739457692E-03   4   0 4  0 0  0 0  0 0
   126  -.2200710053440339E-04   4   3 0  1 0  0 0  0 0
   127  0.2577400996165794E-04   4   2 1  1 0  0 0  0 0
   128  -.2622512278848295E-04   4   1 2  1 0  0 0  0 0
   129  -.4358782321022434E-04   4   0 3  1 0  0 0  0 0
   130  -.4651233962056440E-03   4   2 0  2 0  0 0  0 0
   131  -.9370844288214699E-04   4   1 1  2 0  0 0  0 0
   132  0.1615769035308010E-03   4   0 2  2 0  0 0  0 0
   133  -.6717447321082970E-04   4   1 0  3 0  0 0  0 0
   134  0.2560900567437052E-04   4   0 1  3 0  0 0  0 0
   135  -.1677307190661083E-04   4   0 0  4 0  0 0  0 0
   136  -.4847457879499248E-04   4   3 0  0 1  0 0  0 0
   137  -.6162528026636987E-04   4   2 1  0 1  0 0  0 0
   138  0.9820929168045471E-05   4   1 2  0 1  0 0  0 0
   139  0.3610480727239920E-04   4   0 3  0 1  0 0  0 0
   140  -.4669909645425008E-03   4   2 0  1 1  0 0  0 0
   141  -.6929172380130443E-03   4   1 1  1 1  0 0  0 0
   142  -.9943447347403748E-04   4   0 2  1 1  0 0  0 0
   143  -.1451530279506056E-03   4   1 0  2 1  0 0  0 0
   144  -.1207304762371213E-03   4   0 1  2 1  0 0  0 0
   145  0.1467246720268109E-04   4   0 0  3 1  0 0  0 0
   146  0.3769828032497972E-03   4   2 0  0 2  0 0  0 0
   147  0.2982352771059786E-03   4   1 1  0 2  0 0  0 0
   148  0.3295982321438024E-03   4   0 2  0 2  0 0  0 0
   149  -.3800795283353047E-04   4   1 0  1 2  0 0  0 0
   150  -.1002505008420052E-03   4   0 1  1 2  0 0  0 0
   151  0.5790315788674287E-04   4   0 0  2 2  0 0  0 0
   152  0.4130015130881101E-04   4   1 0  0 3  0 0  0 0
   153  0.3192306693304255E-04   4   0 1  0 3  0 0  0 0
   154  -.8062036395859188E-05   4   0 0  1 3  0 0  0 0
   155  0.4741610472081790E-04   4   0 0  0 4  0 0  0 0
   156  -.1298753093976475       4   3 0  0 0  0 1  0 0
   157  -1.039866926858051       4   2 1  0 0  0 1  0 0
   158  -1.268742315545547       4   1 2  0 0  0 1  0 0
   159  -.8909588998582914       4   0 3  0 0  0 1  0 0
   160  -.1081565677210518E-03   4   2 0  1 0  0 1  0 0
   161  -.2223588150991796E-03   4   1 1  1 0  0 1  0 0
   162  -.1741446308361551E-03   4   0 2  1 0  0 1  0 0
   163  0.1940175537591885       4   1 0  2 0  0 1  0 0
   164  -.4169064463767146       4   0 1  2 0  0 1  0 0
   165  0.1381532463358714E-04   4   0 0  3 0  0 1  0 0
   166  -.1944654150703267E-03   4   2 0  0 1  0 1  0 0
   167  -.2343733361072645E-03   4   1 1  0 1  0 1  0 0
   168  -.1157462311450546E-03   4   0 2  0 1  0 1  0 0
   169  0.5055260491581561       4   1 0  1 1  0 1  0 0
   170  0.8307590828933262E-01   4   0 1  1 1  0 1  0 0
   171  -.3938021893400008E-05   4   0 0  2 1  0 1  0 0
   172  -.2258478623160707       4   1 0  0 2  0 1  0 0
   173  -.6081672415898773       4   0 1  0 2  0 1  0 0
   174  -.5937921102190619E-04   4   0 0  1 2  0 1  0 0
   175  -.3701683795366858E-04   4   0 0  0 3  0 1  0 0
   176  -.1297005293270717       4   3 0  0 0  0 0  1 0
   177  -1.038467522955121       4   2 1  0 0  0 0  1 0
   178  -1.267034901931045       4   1 2  0 0  0 0  1 0
   179  -.8897598893603017       4   0 3  0 0  0 0  1 0
   180  -.1080110157094553E-03   4   2 0  1 0  0 0  1 0
   181  -.2220595750852281E-03   4   1 1  1 0  0 0  1 0
   182  -.1739102751991286E-03   4   0 2  1 0  0 0  1 0
   183  0.1937564540790697       4   1 0  2 0  0 0  1 0
   184  -.4163453933293014       4   0 1  2 0  0 0  1 0
   185  0.1379673262078894E-04   4   0 0  3 0  0 0  1 0
   186  -.1942037126795631E-03   4   2 0  0 1  0 0  1 0
   187  -.2340579275171653E-03   4   1 1  0 1  0 0  1 0
   188  -.1155904653221107E-03   4   0 2  0 1  0 0  1 0
   189  0.5048457360258172       4   1 0  1 1  0 0  1 0
   190  0.8296410864719042E-01   4   0 1  1 1  0 0  1 0
   191  -.3932722289128443E-05   4   0 0  2 1  0 0  1 0
   192  -.2255439269068065       4   1 0  0 2  0 0  1 0
   193  -.6073487987780755       4   0 1  0 2  0 0  1 0
   194  -.5929930127815794E-04   4   0 0  1 2  0 0  1 0
   195  -.3696702243769373E-04   4   0 0  0 3  0 0  1 0
   196  0.2595758387247192       4   3 0  0 0  0 0  0 1
   197   1.277522915083302       4   2 1  0 0  0 0  0 1
   198   1.020804691306622       4   1 2  0 0  0 0  0 1
   199  0.2395885254249290       4   0 3  0 0  0 0  0 1
   200  0.2161675834305071E-03   4   2 0  1 0  0 0  0 1
   201  0.3010009315733871E-03   4   1 1  1 0  0 0  0 1
   202  0.1418746953537131E-03   4   0 2  1 0  0 0  0 1
   203  -.3877740078382582       4   1 0  2 0  0 0  0 1
   204  0.4219088440553084       4   0 1  2 0  0 0  0 1
   205  -.2761205725437615E-04   4   0 0  3 0  0 0  0 1
   206  0.2355540937749076E-03   4   2 0  0 1  0 0  0 1
   207  0.2097302062513792E-03   4   1 1  0 1  0 0  0 1
   208  0.7082056717911824E-04   4   0 2  0 1  0 0  0 1
   209  -.6645695645344647       4   1 0  1 1  0 0  0 1
   210  -.1063207117947792       4   0 1  1 1  0 0  0 1
   211  -.1772216490464212E-04   4   0 0  2 1  0 0  0 1
   212  0.1087029165728380       4   1 0  0 2  0 0  0 1
   213  0.5390528216444870E-01   4   0 1  0 2  0 0  0 1
   214  0.2233065609555377E-04   4   0 0  1 2  0 0  0 1
   215  0.1540429403310228E-04   4   0 0  0 3  0 0  0 1
   216  0.2704486435772198E-03   4   2 0  0 0  0 2  0 0
   217  0.3999095192636839E-03   4   1 1  0 0  0 2  0 0
   218  0.4191343468478570E-03   4   0 2  0 0  0 2  0 0
   219  0.8669218127556109E-05   4   1 0  1 0  0 2  0 0
   220  -.1376492311753536E-04   4   0 1  1 0  0 2  0 0
   221  0.6285793790369501E-04   4   0 0  2 0  0 2  0 0
   222  0.4951061471344463E-04   4   1 0  0 1  0 2  0 0
   223  0.5908851467714440E-04   4   0 1  0 1  0 2  0 0
   224  -.4754172567690812E-05   4   0 0  1 1  0 2  0 0
   225  0.1201185124431212E-03   4   0 0  0 2  0 2  0 0
   226  0.2827122509380684E-03   4   2 0  0 0  0 1  1 0
   227  0.4979373914279984E-03   4   1 1  0 0  0 1  1 0
   228  0.5217999320684250E-03   4   0 2  0 0  0 1  1 0
   229  -.1794912634226248E-05   4   1 0  1 0  0 1  1 0
   230  -.1573955216890252E-04   4   0 1  1 0  0 1  1 0
   231  0.7770045132189787E-04   4   0 0  2 0  0 1  1 0
   232  0.5750167209530139E-04   4   1 0  0 1  0 1  1 0
   233  0.7207399329521873E-04   4   0 1  0 1  0 1  1 0
   234  -.1487811717187583E-04   4   0 0  1 1  0 1  1 0
   235  0.1453198730350971E-03   4   0 0  0 2  0 1  1 0
   236  0.2698944561267318E-03   4   2 0  0 0  0 0  2 0
   237  0.3990362895425594E-03   4   1 1  0 0  0 0  2 0
   238  0.4182191887185025E-03   4   0 2  0 0  0 0  2 0
   239  0.8658759256785806E-05   4   1 0  1 0  0 0  2 0
   240  -.1373580815895193E-04   4   0 1  1 0  0 0  2 0
   241  0.6272106385051127E-04   4   0 0  2 0  0 0  2 0
   242  0.4940529414134141E-04   4   1 0  0 1  0 0  2 0
   243  0.5896049924710871E-04   4   0 1  0 1  0 0  2 0
   244  -.4737763491854879E-05   4   0 0  1 1  0 0  2 0
   245  0.1198590802918451E-03   4   0 0  0 2  0 0  2 0
   246  -.3367739917876349E-03   4   2 0  0 0  0 1  0 1
   247  -.3584257009158883E-03   4   1 1  0 0  0 1  0 1
   248  -.9747613642361725E-04   4   0 2  0 0  0 1  0 1
   249  -.7399922475374364E-05   4   1 0  1 0  0 1  0 1
   250  0.1784399937094649E-04   4   0 1  1 0  0 1  0 1
   251  -.3675908777436051E-04   4   0 0  2 0  0 1  0 1
   252  -.4138713339922549E-04   4   1 0  0 1  0 1  0 1
   253  -.8794623759476497E-05   4   0 1  0 1  0 1  0 1
   254  0.1431937625140172E-04   4   0 0  1 1  0 1  0 1
   255  -.1441359818409184E-04   4   0 0  0 2  0 1  0 1
   256  -.3363207772210963E-03   4   2 0  0 0  0 0  1 1
   257  -.3579433484996145E-03   4   1 1  0 0  0 0  1 1
   258  -.9734495763310981E-04   4   0 2  0 0  0 0  1 1
   259  -.7389964008453331E-05   4   1 0  1 0  0 0  1 1
   260  0.1781998575755166E-04   4   0 1  1 0  0 0  1 1
   261  -.3670961912642957E-04   4   0 0  2 0  0 0  1 1
   262  -.4133143654560487E-04   4   1 0  0 1  0 0  1 1
   263  -.8782788369297255E-05   4   0 1  0 1  0 0  1 1
   264  0.1430010590969140E-04   4   0 0  1 1  0 0  1 1
   265  -.1439420104294509E-04   4   0 0  0 2  0 0  1 1
   266  0.4511514469786304E-04   4   2 0  0 0  0 0  0 2
   267  0.2517244295304130E-04   4   1 1  0 0  0 0  0 2
   268  0.3819656778739655E-05   4   0 2  0 0  0 0  0 2
   269  -.7811756033170998E-05   4   1 0  1 0  0 0  0 2
   270  -.3942698224850842E-05   4   0 1  1 0  0 0  0 2
   271  -.7668252216737547E-05   4   0 0  2 0  0 0  0 2
   272  -.4995850736788744E-06   4   1 0  0 1  0 0  0 2
   273  -.6517268773333509E-06   4   0 1  0 1  0 0  0 2
   274  -.7246950507141338E-05   4   0 0  1 1  0 0  0 2
   275  -.1314194661500083E-05   4   0 0  0 2  0 0  0 2
   276  -.8269802073649565E-01   4   1 0  0 0  0 3  0 0
   277  -.2711325566009024       4   0 1  0 0  0 3  0 0
   278  -.1399077900041935E-04   4   0 0  1 0  0 3  0 0
   279  -.1326324287499580E-04   4   0 0  0 1  0 3  0 0
   280  -.5320488662154681E-01   4   1 0  0 0  0 2  1 0
   281  -.1936911276110058       4   0 1  0 0  0 2  1 0
   282  -.8429641973301589E-05   4   0 0  1 0  0 2  1 0
   283  -.1328299047145273E-04   4   0 0  0 1  0 2  1 0
   284  -.5326419767096598E-01   4   1 0  0 0  0 1  2 0
   285  -.1938467165969286       4   0 1  0 0  0 1  2 0
   286  -.8440829840539276E-05   4   0 0  1 0  0 1  2 0
   287  -.1328291457776601E-04   4   0 0  0 1  0 1  2 0
   288  -.8249533205284426E-01   4   1 0  0 0  0 0  3 0
   289  -.2704550860029891       4   0 1  0 0  0 0  3 0
   290  -.1395687234682211E-04   4   0 0  1 0  0 0  3 0
   291  -.1322754353717911E-04   4   0 0  0 1  0 0  3 0
   292  0.1063897903124940       4   1 0  0 0  0 2  0 1
   293  0.7745121621749841E-01   4   0 1  0 0  0 2  0 1
   294  0.1685759742529986E-04   4   0 0  1 0  0 2  0 1
   295  0.1328171493647118E-04   4   0 0  0 1  0 2  0 1
   296  0.7699756068006397E-01   4   1 0  0 0  0 1  1 1
   297  0.7891090951333721E-01   4   0 1  0 0  0 1  1 1
   298  0.1131513068564615E-04   4   0 0  1 0  0 1  1 1
   299  0.1329452306565511E-04   4   0 0  0 1  0 1  1 1
   300  0.1061948061024724       4   1 0  0 0  0 0  2 1
   301  0.7729388872932250E-01   4   0 1  0 0  0 0  2 1
   302  0.1682729758039581E-04   4   0 0  1 0  0 0  2 1
   303  0.1325489545915898E-04   4   0 0  0 1  0 0  2 1
   304  -.9027435124194096E-02   4   1 0  0 0  0 1  0 2
   305  -.2925483230694769E-02   4   0 1  0 0  0 1  0 2
   306  -.1018225764310116E-06   4   0 0  1 0  0 1  0 2
   307  -.2432841260505828E-07   4   0 0  0 1  0 1  0 2
   308  -.9015286427452624E-02   4   1 0  0 0  0 0  1 2
   309  -.2921546253236379E-02   4   0 1  0 0  0 0  1 2
   310  -.1016855484064146E-06   4   0 0  1 0  0 0  1 2
   311  -.2429567257395086E-07   4   0 0  0 1  0 0  1 2
   312  0.1229389761907326E-03   4   1 0  0 0  0 0  0 3
   313  0.2180252901658374E-04   4   0 1  0 0  0 0  0 3
   314  0.2247392190860384E-07   4   0 0  1 0  0 0  0 3
   315  0.4003529552367046E-08   4   0 0  0 1  0 0  0 3
   316  0.3193481548474290E-04   4   0 0  0 0  0 4  0 0
   317  0.2000819539994993E-04   4   0 0  0 0  0 3  1 0
   318  0.1842391036612778E-04   4   0 0  0 0  0 2  2 0
   319  0.2004229423347151E-04   4   0 0  0 0  0 1  3 0
   320  0.3183545512463919E-04   4   0 0  0 0  0 0  4 0
   321  -.4318530515436646E-05   4   0 0  0 0  0 3  0 1
   322  -.4343848894975722E-05   4   0 0  0 0  0 2  1 1
   323  -.4343786054937930E-05   4   0 0  0 0  0 1  2 1
   324  -.4306894068341377E-05   4   0 0  0 0  0 0  3 1
   325  0.1713041008950123E-06   4   0 0  0 0  0 2  0 2
   326  0.2093947272236434E-06   4   0 0  0 0  0 1  1 2
   327  0.1709326711315977E-06   4   0 0  0 0  0 0  2 2
   328  -.2242839218641185E-08   4   0 0  0 0  0 1  0 3
   329  -.2239820911322088E-08   4   0 0  0 0  0 0  1 3
   330  0.1050162670853930E-15   4   0 0  0 0  0 0  0 4
   ----------------------------------------------------
     I  COEFFICIENT            ORDER EXPONENTS
     1  -.1857044904224178E-05   0   0 0  0 0  0 0  0 0
     2  0.8946830304397426       1   1 0  0 0  0 0  0 0
     3   1.307019713310502       1   0 1  0 0  0 0  0 0
     4  0.1594206841619170E-03   1   0 0  1 0  0 0  0 0
     5  0.5565504442666988E-04   1   0 0  0 1  0 0  0 0
     6  -.7169847388343903E-06   1   0 0  0 0  0 1  0 0
     7  -.7160198545631553E-06   1   0 0  0 0  0 0  1 0
     8  -.4240403108267425E-06   1   0 0  0 0  0 0  0 1
     9  -.5538987076016788E-04   2   2 0  0 0  0 0  0 0
    10  -.3050859941012578E-03   2   1 1  0 0  0 0  0 0
    11  -.9506232487145907E-04   2   0 2  0 0  0 0  0 0
    12  0.5980003003598595E-04   2   1 0  1 0  0 0  0 0
    13  -.3752467781194123E-04   2   0 1  1 0  0 0  0 0
    14  -.1496596396944296E-03   2   0 0  2 0  0 0  0 0
    15  -.4597819943084437E-04   2   1 0  0 1  0 0  0 0
    16  -.3475847871086754E-04   2   0 1  0 1  0 0  0 0
    17  0.1647990071995085E-03   2   0 0  1 1  0 0  0 0
    18  0.7553782686191045E-04   2   0 0  0 2  0 0  0 0
    19  -.2545098895002879E-01   2   1 0  0 0  0 1  0 0
    20  -.1597335990849679       2   0 1  0 0  0 1  0 0
    21  -.1810380240232014E-06   2   0 0  1 0  0 1  0 0
    22  -.2787116355894514E-04   2   0 0  0 1  0 1  0 0
    23  -.2541673820856402E-01   2   1 0  0 0  0 0  1 0
    24  -.1595186371353033       2   0 1  0 0  0 0  1 0
    25  -.1807943915825517E-06   2   0 0  1 0  0 0  1 0
    26  -.2783365586054997E-04   2   0 0  0 1  0 0  1 0
    27  0.9455507575983352       2   1 0  0 0  0 0  0 1
    28  0.3192522362202717       2   0 1  0 0  0 0  0 1
    29  0.1597825165775228E-03   2   0 0  1 0  0 0  0 1
    30  0.5570481941949516E-04   2   0 0  0 1  0 0  0 1
    31  0.5462414484216857E-06   2   0 0  0 0  0 2  0 0
    32  0.3759544891790554E-06   2   0 0  0 0  0 1  1 0
    33  0.5452533715614396E-06   2   0 0  0 0  0 0  2 0
    34  -.1468433460149921E-05   2   0 0  0 0  0 1  0 1
    35  -.1466457311604035E-05   2   0 0  0 0  0 0  1 1
    36  0.1467443467223145E-05   2   0 0  0 0  0 0  0 2
    37  -.7311696939352280       3   3 0  0 0  0 0  0 0
    38  -.9485915349082902       3   2 1  0 0  0 0  0 0
    39  -.8305889793126544       3   1 2  0 0  0 0  0 0
    40  -.5185818259383106E-01   3   0 3  0 0  0 0  0 0
    41  0.2414421075655089E-03   3   2 0  1 0  0 0  0 0
    42  0.1612588407219271E-03   3   1 1  1 0  0 0  0 0
    43  0.2933061672085293E-04   3   0 2  1 0  0 0  0 0
    44  -1.485447329880841       3   1 0  2 0  0 0  0 0
    45  -.3062921444236717       3   0 1  2 0  0 0  0 0
    46  -.1020918518255531E-03   3   0 0  3 0  0 0  0 0
    47  0.9447362164624281E-04   3   2 0  0 1  0 0  0 0
    48  -.9117249269475622E-04   3   1 1  0 1  0 0  0 0
    49  -.1459032161605681E-04   3   0 2  0 1  0 0  0 0
    50  -1.464279138019346       3   1 0  1 1  0 0  0 0
    51  -.4831829378126365       3   0 1  1 1  0 0  0 0
    52  -.1110044702504314E-03   3   0 0  2 1  0 0  0 0
    53  0.1791936306129911       3   1 0  0 2  0 0  0 0
    54  0.1992863049997849       3   0 1  0 2  0 0  0 0
    55  -.4200079937126069E-04   3   0 0  1 2  0 0  0 0
    56  0.2227843611282765E-04   3   0 0  0 3  0 0  0 0
    57  0.3287512150022468E-04   3   2 0  0 0  0 1  0 0
    58  0.1846424664920510E-03   3   1 1  0 0  0 1  0 0
    59  0.1007596576434125E-03   3   0 2  0 0  0 1  0 0
    60  -.3059693409193402E-04   3   1 0  1 0  0 1  0 0
    61  0.8310058422931588E-05   3   0 1  1 0  0 1  0 0
    62  0.7414255291072558E-04   3   0 0  2 0  0 1  0 0
    63  0.1606751227986157E-04   3   1 0  0 1  0 1  0 0
    64  0.3156415501180168E-04   3   0 1  0 1  0 1  0 0
    65  -.4043074505584498E-04   3   0 0  1 1  0 1  0 0
    66  -.7070788533037440E-04   3   0 0  0 2  0 1  0 0
    67  0.3283087971106042E-04   3   2 0  0 0  0 0  1 0
    68  0.1843939833625460E-03   3   1 1  0 0  0 0  1 0
    69  0.1006240600447954E-03   3   0 2  0 0  0 0  1 0
    70  -.3055575818001667E-04   3   1 0  1 0  0 0  1 0
    71  0.8298875137945346E-05   3   0 1  1 0  0 0  1 0
    72  0.7404277535723613E-04   3   0 0  2 0  0 0  1 0
    73  0.1604588937907099E-04   3   1 0  0 1  0 0  1 0
    74  0.3152167745955404E-04   3   0 1  0 1  0 0  1 0
    75  -.4037633526458453E-04   3   0 0  1 1  0 0  1 0
    76  -.7061272999064371E-04   3   0 0  0 2  0 0  1 0
    77  -.1210958719714555E-03   3   2 0  0 0  0 0  0 1
    78  -.3690364498545960E-03   3   1 1  0 0  0 0  0 1
    79  -.1063213928167467E-03   3   0 2  0 0  0 0  0 1
    80  0.1209527223079367E-03   3   1 0  1 0  0 0  0 1
    81  -.1660893356087671E-04   3   0 1  1 0  0 0  0 1
    82  -.2978449679623927E-03   3   0 0  2 0  0 0  0 1
    83  -.3211340165893249E-04   3   1 0  0 1  0 0  0 1
    84  -.2832735376048806E-04   3   0 1  0 1  0 0  0 1
    85  0.8080708032042983E-04   3   0 0  1 1  0 0  0 1
    86  0.6578278845910801E-04   3   0 0  0 2  0 0  0 1
    87  0.1932963283811732E-01   3   1 0  0 0  0 2  0 0
    88  0.1228831642760365       3   0 1  0 0  0 2  0 0
    89  0.1854562703141778E-06   3   0 0  1 0  0 2  0 0
    90  0.2091914255859952E-04   3   0 0  0 1  0 2  0 0
    91  0.1322466674676659E-01   3   1 0  0 0  0 1  1 0
    92  0.8613162852814776E-01   3   0 1  0 0  0 1  1 0
    93  0.1865712218366186E-06   3   0 0  1 0  0 1  1 0
    94  0.1399028398380179E-04   3   0 0  0 1  0 1  1 0
    95  0.1929472136259260E-01   3   1 0  0 0  0 0  2 0
    96  0.1226598379616220       3   0 1  0 0  0 0  2 0
    97  0.1850811526270466E-06   3   0 0  1 0  0 0  2 0
    98  0.2088157683000621E-04   3   0 0  0 1  0 0  2 0
    99  -.5188384216004580E-01   3   1 0  0 0  0 1  0 1
   100  -.1721643635398178       3   0 1  0 0  0 1  0 1
   101  -.5480057883912393E-06   3   0 0  1 0  0 1  0 1
   102  -.2797346389666584E-04   3   0 0  0 1  0 1  0 1
   103  -.5181401933046898E-01   3   1 0  0 0  0 0  1 1
   104  -.1719326728531921       3   0 1  0 0  0 0  1 1
   105  -.5472683080279678E-06   3   0 0  1 0  0 0  1 1
   106  -.2793581852729745E-04   3   0 0  0 1  0 0  1 1
   107  0.5184888720306406E-01   3   1 0  0 0  0 0  0 2
   108  0.1242240397386449E-01   3   0 1  0 0  0 0  0 2
   109  0.5424607944835645E-06   3   0 0  1 0  0 0  0 2
   110  0.1058252843395860E-06   3   0 0  0 1  0 0  0 2
   111  -.4618096496485943E-06   3   0 0  0 0  0 3  0 0
   112  -.2930597199634082E-06   3   0 0  0 0  0 2  1 0
   113  -.2933991090250220E-06   3   0 0  0 0  0 1  2 0
   114  -.4606805001601994E-06   3   0 0  0 0  0 0  3 0
   115  0.1132250981400948E-05   3   0 0  0 0  0 2  0 1
   116  0.7969706804034853E-06   3   0 0  0 0  0 1  1 1
   117  0.1130190988643902E-05   3   0 0  0 0  0 0  2 1
   118  -.7965214423545237E-06   3   0 0  0 0  0 1  0 2
   119  -.7954495213360952E-06   3   0 0  0 0  0 0  1 2
   120  0.4150916548917600E-07   3   0 0  0 0  0 0  0 3
   121  0.1683233759195399E-03   4   4 0  0 0  0 0  0 0
   122  0.1034993223814293E-02   4   3 1  0 0  0 0  0 0
   123  0.8675496940006144E-03   4   2 2  0 0  0 0  0 0
   124  0.6548078299015466E-04   4   1 3  0 0  0 0  0 0
   125  -.5785891048382771E-04   4   0 4  0 0  0 0  0 0
   126  0.7567754885826569E-07   4   3 0  1 0  0 0  0 0
   127  0.1530034651445907E-03   4   2 1  1 0  0 0  0 0
   128  0.9948146434730219E-04   4   1 2  1 0  0 0  0 0
   129  0.1887118456639706E-04   4   0 3  1 0  0 0  0 0
   130  -.6469911714210473E-04   4   2 0  2 0  0 0  0 0
   131  0.6182917968810004E-03   4   1 1  2 0  0 0  0 0
   132  -.4606901271017029E-04   4   0 2  2 0  0 0  0 0
   133  0.2883195667408534E-07   4   1 0  3 0  0 0  0 0
   134  0.1037211026490837E-03   4   0 1  3 0  0 0  0 0
   135  -.1088333426924349E-03   4   0 0  4 0  0 0  0 0
   136  -.1010235344881093E-06   4   3 0  0 1  0 0  0 0
   137  0.2675647930959758E-04   4   2 1  0 1  0 0  0 0
   138  0.4999275749506590E-04   4   1 2  0 1  0 0  0 0
   139  0.8730095565001031E-05   4   0 3  0 1  0 0  0 0
   140  0.1583668846770714E-02   4   2 0  1 1  0 0  0 0
   141  0.1834956215797146E-02   4   1 1  1 1  0 0  0 0
   142  0.4373445961087660E-03   4   0 2  1 1  0 0  0 0
   143  0.2076491743740611E-03   4   1 0  2 1  0 0  0 0
   144  0.1633046120657661E-03   4   0 1  2 1  0 0  0 0
   145  -.7759542888290142E-06   4   0 0  3 1  0 0  0 0
   146  0.3719919763263984E-03   4   2 0  0 2  0 0  0 0
   147  -.2397957002023596E-03   4   1 1  0 2  0 0  0 0
   148  0.2770937098936756E-06   4   0 2  0 2  0 0  0 0
   149  0.1059790233942011E-03   4   1 0  1 2  0 0  0 0
   150  0.7712287735704395E-05   4   0 1  1 2  0 0  0 0
   151  0.7940480864307360E-04   4   0 0  2 2  0 0  0 0
   152  0.4468966799324957E-04   4   1 0  0 3  0 0  0 0
   153  0.2277376820865543E-05   4   0 1  0 3  0 0  0 0
   154  -.3848544647908306E-04   4   0 0  1 3  0 0  0 0
   155  0.5311338073997669E-04   4   0 0  0 4  0 0  0 0
   156  0.4670525118033864       4   3 0  0 0  0 1  0 0
   157   1.056462464007548       4   2 1  0 0  0 1  0 0
   158   1.072966002148399       4   1 2  0 0  0 1  0 0
   159  0.1080369369062349       4   0 3  0 0  0 1  0 0
   160  -.8181087368418453E-04   4   2 0  1 0  0 1  0 0
   161  -.1309534513797706E-03   4   1 1  1 0  0 1  0 0
   162  -.3809054242124559E-04   4   0 2  1 0  0 1  0 0
   163  0.6571219149825258       4   1 0  2 0  0 1  0 0
   164  0.2613142869734422       4   0 1  2 0  0 1  0 0
   165  0.4913610583219354E-04   4   0 0  3 0  0 1  0 0
   166  -.8624641471675860E-04   4   2 0  0 1  0 1  0 0
   167  0.6439530661758590E-04   4   1 1  0 1  0 1  0 0
   168  0.1675777544505741E-04   4   0 2  0 1  0 1  0 0
   169   1.439753240037981       4   1 0  1 1  0 1  0 0
   170  0.7030864378053213       4   0 1  1 1  0 1  0 0
   171  0.1112642484448348E-03   4   0 0  2 1  0 1  0 0
   172  -.5730469741466192E-01   4   1 0  0 2  0 1  0 0
   173  -.2536244138798582       4   0 1  0 2  0 1  0 0
   174  0.6350544147316365E-04   4   0 0  1 2  0 1  0 0
   175  -.3060685397599994E-04   4   0 0  0 3  0 1  0 0
   176  0.4664239745444235       4   3 0  0 0  0 0  1 0
   177   1.055040726612839       4   2 1  0 0  0 0  1 0
   178   1.071522055069843       4   1 2  0 0  0 0  1 0
   179  0.1078915458881490       4   0 3  0 0  0 0  1 0
   180  -.8170077646599351E-04   4   2 0  1 0  0 0  1 0
   181  -.1307772203965258E-03   4   1 1  1 0  0 0  1 0
   182  -.3803928196440053E-04   4   0 2  1 0  0 0  1 0
   183  0.6562375912784261       4   1 0  2 0  0 0  1 0
   184  0.2609626225213477       4   0 1  2 0  0 0  1 0
   185  0.4906998077666910E-04   4   0 0  3 0  0 0  1 0
   186  -.8613034835648539E-04   4   2 0  0 1  0 0  1 0
   187  0.6430864644878500E-04   4   1 1  0 1  0 0  1 0
   188  0.1673522362062981E-04   4   0 2  0 1  0 0  1 0
   189   1.437815687980758       4   1 0  1 1  0 0  1 0
   190  0.7021402572126405       4   0 1  1 1  0 0  1 0
   191  0.1111145142629799E-03   4   0 0  2 1  0 0  1 0
   192  -.5722757945355846E-01   4   1 0  0 2  0 0  1 0
   193  -.2532830980965641       4   0 1  0 2  0 0  1 0
   194  0.6341997884293726E-04   4   0 0  1 2  0 0  1 0
   195  -.3056566471437023E-04   4   0 0  0 3  0 0  1 0
   196  -1.664646180283036       4   3 0  0 0  0 0  0 1
   197  -2.111503190620377       4   2 1  0 0  0 0  0 1
   198  -1.313899077905584       4   1 2  0 0  0 0  0 1
   199  -.1122121176067238       4   0 3  0 0  0 0  0 1
   200  0.4049537577156871E-03   4   2 0  1 0  0 0  0 1
   201  0.2617306717762971E-03   4   1 1  1 0  0 0  0 1
   202  0.4679920766479380E-04   4   0 2  1 0  0 0  0 1
   203  -2.798806836141794       4   1 0  2 0  0 0  0 1
   204  -.5222769094947861       4   0 1  2 0  0 0  0 1
   205  -.2002979384344160E-03   4   0 0  3 0  0 0  0 1
   206  0.1723767630732449E-03   4   2 0  0 1  0 0  0 1
   207  -.3753146037161472E-04   4   1 1  0 1  0 0  0 1
   208  -.4312355833574142E-05   4   0 2  0 1  0 0  0 1
   209  -2.877568928018739       4   1 0  1 1  0 0  0 1
   210  -.9220437572053281       4   0 1  1 1  0 0  0 1
   211  -.2223787627078142E-03   4   0 0  2 1  0 0  0 1
   212  -.6466135374477111E-01   4   1 0  0 2  0 0  0 1
   213  0.1083349019768510       4   0 1  0 2  0 0  0 1
   214  -.8492462094484039E-04   4   0 0  1 2  0 0  0 1
   215  0.1661564646471476E-04   4   0 0  0 3  0 0  0 1
   216  -.1636740098405742E-03   4   2 0  0 0  0 2  0 0
   217  -.5591462388005929E-03   4   1 1  0 0  0 2  0 0
   218  -.1655325005557008E-03   4   0 2  0 0  0 2  0 0
   219  -.4129224656785279E-04   4   1 0  1 0  0 2  0 0
   220  -.3889387827963248E-04   4   0 1  1 0  0 2  0 0
   221  -.3204791126499247E-04   4   0 0  2 0  0 2  0 0
   222  0.3218351027917469E-04   4   1 0  0 1  0 2  0 0
   223  0.4557816999083519E-05   4   0 1  0 1  0 2  0 0
   224  -.4893952882691080E-04   4   0 0  1 1  0 2  0 0
   225  0.1031875073994854E-03   4   0 0  0 2  0 2  0 0
   226  -.1793311968858384E-03   4   2 0  0 0  0 1  1 0
   227  -.5724588904035698E-03   4   1 1  0 0  0 1  1 0
   228  -.1829732157022935E-03   4   0 2  0 0  0 1  1 0
   229  -.4966668605453952E-04   4   1 0  1 0  0 1  1 0
   230  -.3688943322567612E-04   4   0 1  1 0  0 1  1 0
   231  -.1644753646639548E-04   4   0 0  2 0  0 1  1 0
   232  0.3764707712992260E-04   4   1 0  0 1  0 1  1 0
   233  0.1089153043840692E-04   4   0 1  0 1  0 1  1 0
   234  -.1017145091809687E-03   4   0 0  1 1  0 1  1 0
   235  0.1070602632469389E-03   4   0 0  0 2  0 1  1 0
   236  -.1633330773352287E-03   4   2 0  0 0  0 0  2 0
   237  -.5580085720462385E-03   4   1 1  0 0  0 0  2 0
   238  -.1651866163524979E-03   4   0 2  0 0  0 0  2 0
   239  -.4120325786576679E-04   4   1 0  1 0  0 0  2 0
   240  -.3881671470090064E-04   4   0 1  1 0  0 0  2 0
   241  -.3199371553666216E-04   4   0 0  2 0  0 0  2 0
   242  0.3211486739671922E-04   4   1 0  0 1  0 0  2 0
   243  0.4544354649586681E-05   4   0 1  0 1  0 0  2 0
   244  -.4880522701904759E-04   4   0 0  1 1  0 0  2 0
   245  0.1029766041867349E-03   4   0 0  0 2  0 0  2 0
   246  0.3257260506687196E-03   4   2 0  0 0  0 1  0 1
   247  0.7431058433834045E-03   4   1 1  0 0  0 1  0 1
   248  0.1915780777930428E-03   4   0 2  0 0  0 1  0 1
   249  0.6613248080620137E-04   4   1 0  1 0  0 1  0 1
   250  0.5182364924354134E-04   4   0 1  1 0  0 1  0 1
   251  0.7611071599013629E-04   4   0 0  2 0  0 1  0 1
   252  -.2372892845894499E-04   4   1 0  0 1  0 1  0 1
   253  0.3340782075244534E-05   4   0 1  0 1  0 1  0 1
   254  0.1024317276605749E-03   4   0 0  1 1  0 1  0 1
   255  -.7107421471465229E-04   4   0 0  0 2  0 1  0 1
   256  0.3252877039006674E-03   4   2 0  0 0  0 0  1 1
   257  0.7421058065607460E-03   4   1 1  0 0  0 0  1 1
   258  0.1913202610447112E-03   4   0 2  0 0  0 0  1 1
   259  0.6604348283024827E-04   4   1 0  1 0  0 0  1 1
   260  0.5175390741875349E-04   4   0 1  1 0  0 0  1 1
   261  0.7600828977553046E-04   4   0 0  2 0  0 0  1 1
   262  -.2369699518533058E-04   4   1 0  0 1  0 0  1 1
   263  0.3336286208173305E-05   4   0 1  0 1  0 0  1 1
   264  0.1022938798689294E-03   4   0 0  1 1  0 0  1 1
   265  -.7097856638610105E-04   4   0 0  0 2  0 0  1 1
   266  -.1446754827482496E-03   4   2 0  0 0  0 0  0 2
   267  -.1268423614196805E-03   4   1 1  0 0  0 0  0 2
   268  -.2189111460408704E-04   4   0 2  0 0  0 0  0 2
   269  -.1377313878979516E-07   4   1 0  1 0  0 0  0 2
   270  -.3623964026833583E-05   4   0 1  1 0  0 0  0 2
   271  -.7162983392469858E-04   4   0 0  2 0  0 0  0 2
   272  -.4385702992357093E-08   4   1 0  0 1  0 0  0 2
   273  -.6376803547157285E-06   4   0 1  0 1  0 0  0 2
   274  -.6680384143052524E-04   4   0 0  1 1  0 0  0 2
   275  -.1272343899460814E-04   4   0 0  0 2  0 0  0 2
   276  -.1627214325977489E-01   4   1 0  0 0  0 3  0 0
   277  -.1044942654010353       4   0 1  0 0  0 3  0 0
   278  -.1802731948368204E-06   4   0 0  1 0  0 3  0 0
   279  -.1745895233525062E-04   4   0 0  0 1  0 3  0 0
   280  -.1016133724397534E-01   4   1 0  0 0  0 2  1 0
   281  -.6774124973661083E-01   4   0 1  0 0  0 2  1 0
   282  -.1746588928365753E-06   4   0 0  1 0  0 2  1 0
   283  -.1053745633117288E-04   4   0 0  0 1  0 2  1 0
   284  -.1017362849157407E-01   4   1 0  0 0  0 1  2 0
   285  -.6781515658453478E-01   4   0 1  0 0  0 1  2 0
   286  -.1746697363052736E-06   4   0 0  1 0  0 1  2 0
   287  -.1055138083728394E-04   4   0 0  0 1  0 1  2 0
   288  -.1623246773128637E-01   4   1 0  0 0  0 0  3 0
   289  -.1042378101925164       4   0 1  0 0  0 0  3 0
   290  -.1797919246068471E-06   4   0 0  1 0  0 0  3 0
   291  -.1741662833954072E-04   4   0 0  0 1  0 0  3 0
   292  0.3964823308571416E-01   4   1 0  0 0  0 2  0 1
   293  0.1354577218961901       4   0 1  0 0  0 2  0 1
   294  0.5410702831281579E-06   4   0 0  1 0  0 2  0 1
   295  0.2105704449412457E-04   4   0 0  0 1  0 2  0 1
   296  0.2744546225920490E-01   4   1 0  0 0  0 1  1 1
   297  0.9884956459095638E-01   4   0 1  0 0  0 1  1 1
   298  0.5341524526774131E-06   4   0 0  1 0  0 1  1 1
   299  0.1415919001291457E-04   4   0 0  0 1  0 1  1 1
   300  0.3957640895736004E-01   4   1 0  0 0  0 0  2 1
   301  0.1352089157352601       4   0 1  0 0  0 0  2 1
   302  0.5399827176423578E-06   4   0 0  1 0  0 0  2 1
   303  0.2101917953071863E-04   4   0 0  0 1  0 0  2 1
   304  -.2742909527783323E-01   4   1 0  0 0  0 1  0 2
   305  -.1271814311235401E-01   4   0 1  0 0  0 1  0 2
   306  -.5408860228663187E-06   4   0 0  1 0  0 1  0 2
   307  -.1582649138605915E-06   4   0 0  0 1  0 1  0 2
   308  -.2739218249409775E-01   4   1 0  0 0  0 0  1 2
   309  -.1270102763473927E-01   4   0 1  0 0  0 0  1 2
   310  -.5401581239479105E-06   4   0 0  1 0  0 0  1 2
   311  -.1580519283983316E-06   4   0 0  0 1  0 0  1 2
   312  0.9907968562892920E-03   4   1 0  0 0  0 0  0 3
   313  0.1914542664548165E-03   4   0 1  0 0  0 0  0 3
   314  0.1795277843268141E-06   4   0 0  1 0  0 0  0 3
   315  0.3488875796023684E-07   4   0 0  0 1  0 0  0 3
   316  0.1244783149456489E-04   4   0 0  0 0  0 4  0 0
   317  0.7530273841275855E-05   4   0 0  0 0  0 3  1 0
   318  0.6877290505904137E-05   4   0 0  0 0  0 2  2 0
   319  0.7544336323976704E-05   4   0 0  0 0  0 1  3 0
   320  0.1240928236270861E-04   4   0 0  0 0  0 0  4 0
   321  -.1475580232629220E-04   4   0 0  0 0  0 3  0 1
   322  -.9636192507906320E-05   4   0 0  0 0  0 2  1 1
   323  -.9646487017067186E-05   4   0 0  0 0  0 1  2 1
   324  -.1471954060819058E-04   4   0 0  0 0  0 0  3 1
   325  0.6101921992172112E-06   4   0 0  0 0  0 2  0 2
   326  0.7349976094544201E-06   4   0 0  0 0  0 1  1 2
   327  0.6088764687411375E-06   4   0 0  0 0  0 0  2 2
   328  -.2530941742175905E-08   4   0 0  0 0  0 1  0 3
   329  -.2527535720058429E-08   4   0 0  0 0  0 0  1 3
   330  -.3116971673128998E-15   4   0 0  0 0  0 0  0 4
   ----------------------------------------------------
     I  COEFFICIENT            ORDER EXPONENTS
     1  -.2268115246348170E-04   0   0 0  0 0  0 0  0 0
     2  0.4459377512287613E-04   1   1 0  0 0  0 0  0 0
     3  0.1322729517817196E-04   1   0 1  0 0  0 0  0 0
     4  0.7717983153816379       1   0 0  1 0  0 0  0 0
     5  0.5608129001020795       1   0 0  0 1  0 0  0 0
     6  -.7536211383927885E-06   1   0 0  0 0  0 1  0 0
     7  -.7526069505816662E-06   1   0 0  0 0  0 0  1 0
     8  0.1506228088983506E-05   1   0 0  0 0  0 0  0 1
     9  0.2855487952997820E-04   2   2 0  0 0  0 0  0 0
    10  0.6255057930275002E-05   2   1 1  0 0  0 0  0 0
    11  0.1332835931150162E-05   2   0 2  0 0  0 0  0 0
    12  -.2417184233918921E-03   2   1 0  1 0  0 0  0 0
    13  -.2334171809378901E-04   2   0 1  1 0  0 0  0 0
    14  -.2971278310398046E-04   2   0 0  2 0  0 0  0 0
    15  -.8879248919479654E-05   2   1 0  0 1  0 0  0 0
    16  0.1404950693983151E-04   2   0 1  0 1  0 0  0 0
    17  -.7522867533801561E-06   2   0 0  1 1  0 0  0 0
    18  0.4674326342541840E-05   2   0 0  0 2  0 0  0 0
    19  -.2234444302786362E-04   2   1 0  0 0  0 1  0 0
    20  -.1324662357530279E-04   2   0 1  0 0  0 1  0 0
    21  0.1100561252209958       2   0 0  1 0  0 1  0 0
    22  -.2472940382029491       2   0 0  0 1  0 1  0 0
    23  -.2231437292949391E-04   2   1 0  0 0  0 0  1 0
    24  -.1322879689358690E-04   2   0 1  0 0  0 0  1 0
    25  0.1099080168744391       2   0 0  1 0  0 0  1 0
    26  -.2469612415408998       2   0 0  0 1  0 0  1 0
    27  0.4465881595735751E-04   2   1 0  0 0  0 0  0 1
    28  0.1324812529073204E-04   2   0 1  0 0  0 0  0 1
    29  -.2199641420954350       2   0 0  1 0  0 0  0 1
    30  -.6655762035823032E-01   2   0 0  0 1  0 0  0 1
    31  0.5626687529123083E-06   2   0 0  0 0  0 2  0 0
    32  0.3722277660220779E-06   2   0 0  0 0  0 1  1 0
    33  0.5616610764918961E-06   2   0 0  0 0  0 0  2 0
    34  -.7439392245701095E-06   2   0 0  0 0  0 1  0 1
    35  -.7429380662223279E-06   2   0 0  0 0  0 0  1 1
    36  -.9674947367164469E-08   2   0 0  0 0  0 0  0 2
    37  0.4075600547397459E-04   3   3 0  0 0  0 0  0 0
    38  0.1579217639363696E-03   3   2 1  0 0  0 0  0 0
    39  0.1163210738273027E-03   3   1 2  0 0  0 0  0 0
    40  0.2967512433950106E-04   3   0 3  0 0  0 0  0 0
    41  -.3408778828802144       3   2 0  1 0  0 0  0 0
    42  -.3968414241217237       3   1 1  1 0  0 0  0 0
    43  -.3062763059821597       3   0 2  1 0  0 0  0 0
    44  -.7802089736404935E-04   3   1 0  2 0  0 0  0 0
    45  0.2078472369273917E-04   3   0 1  2 0  0 0  0 0
    46  -.2587629721009722E-01   3   0 0  3 0  0 0  0 0
    47  -.4783963134876851       3   2 0  0 1  0 0  0 0
    48  -.1707224046272665       3   1 1  0 1  0 0  0 0
    49  0.1986531944689560       3   0 2  0 1  0 0  0 0
    50  -.1213458876159183E-03   3   1 0  1 1  0 0  0 0
    51  -.6950847018307983E-05   3   0 1  1 1  0 0  0 0
    52  -.2058293591769708       3   0 0  2 1  0 0  0 0
    53  0.3487838867716578E-04   3   1 0  0 2  0 0  0 0
    54  0.2302155705065271E-04   3   0 1  0 2  0 0  0 0
    55  -.3694686013240051       3   0 0  1 2  0 0  0 0
    56  0.1799986829897836       3   0 0  0 3  0 0  0 0
    57  -.1421231893542497E-04   3   2 0  0 0  0 1  0 0
    58  -.7601966223475285E-05   3   1 1  0 0  0 1  0 0
    59  -.2380125870994143E-05   3   0 2  0 0  0 1  0 0
    60  0.1195731908318418E-03   3   1 0  1 0  0 1  0 0
    61  0.2689118502504008E-04   3   0 1  1 0  0 1  0 0
    62  0.1423859523528681E-04   3   0 0  2 0  0 1  0 0
    63  0.6821757369809921E-05   3   1 0  0 1  0 1  0 0
    64  -.2055849258899640E-04   3   0 1  0 1  0 1  0 0
    65  0.2778203800128768E-05   3   0 0  1 1  0 1  0 0
    66  -.6323818542598311E-05   3   0 0  0 2  0 1  0 0
    67  -.1419319266640507E-04   3   2 0  0 0  0 0  1 0
    68  -.7591735855599967E-05   3   1 1  0 0  0 0  1 0
    69  -.2376922809768344E-05   3   0 2  0 0  0 0  1 0
    70  0.1194122748669092E-03   3   1 0  1 0  0 0  1 0
    71  0.2685499613557095E-04   3   0 1  1 0  0 0  1 0
    72  0.1421943360486086E-04   3   0 0  2 0  0 0  1 0
    73  0.6812576970239728E-05   3   1 0  0 1  0 0  1 0
    74  -.2053082593855792E-04   3   0 1  0 1  0 0  1 0
    75  0.2774465024386773E-05   3   0 0  1 1  0 0  1 0
    76  -.6315308245634920E-05   3   0 0  0 2  0 0  1 0
    77  0.2840551160183371E-04   3   2 0  0 0  0 0  0 1
    78  0.8938644148810902E-05   3   1 1  0 0  0 0  0 1
    79  0.2091376818469856E-05   3   0 2  0 0  0 0  0 1
    80  -.2389854656987508E-03   3   1 0  1 0  0 0  0 1
    81  -.3040446306682175E-04   3   0 1  1 0  0 0  0 1
    82  -.2845802884013906E-04   3   0 0  2 0  0 0  0 1
    83  -.4755085420570117E-05   3   1 0  0 1  0 0  0 1
    84  0.1299030464789067E-04   3   0 1  0 1  0 0  0 1
    85  -.4800382071047044E-05   3   0 0  1 1  0 0  0 1
    86  0.3290474103156554E-05   3   0 0  0 2  0 0  0 1
    87  0.1677051224098216E-04   3   1 0  0 0  0 2  0 0
    88  0.1324282105578790E-04   3   0 1  0 0  0 2  0 0
    89  -.8049064392992868E-01   3   0 0  1 0  0 2  0 0
    90  0.1692176840366700       3   0 0  0 1  0 2  0 0
    91  0.1121299176145432E-04   3   1 0  0 0  0 1  1 0
    92  0.1324712180022860E-04   3   0 1  0 0  0 1  1 0
    93  -.5100456017364962E-01   3   0 0  1 0  0 1  1 0
    94  0.9135103954263334E-01   3   0 0  0 1  0 1  1 0
    95  0.1674039831810741E-04   3   1 0  0 0  0 0  2 0
    96  0.1321608581522262E-04   3   0 1  0 0  0 0  2 0
    97  -.8034800364806050E-01   3   0 0  1 0  0 0  2 0
    98  0.1689284908905510       3   0 0  0 1  0 0  2 0
    99  -.2241142441225364E-04   3   1 0  0 0  0 1  0 1
   100  -.1327179558179878E-04   3   0 1  0 0  0 1  0 1
   101  0.1019297859021315       3   0 0  1 0  0 1  0 1
   102  0.6480160371520723E-01   3   0 0  0 1  0 1  0 1
   103  -.2238126417349358E-04   3   1 0  0 0  0 0  1 1
   104  -.1325393502478292E-04   3   0 1  0 0  0 0  1 1
   105  0.1017926136000489       3   0 0  1 0  0 0  1 1
   106  0.6471439677092115E-01   3   0 0  0 1  0 0  1 1
   107  0.6775101561422681E-07   3   1 0  0 0  0 0  0 2
   108  0.1207019996860840E-07   3   0 1  0 0  0 0  0 2
   109  0.8120851311779092E-02   3   0 0  1 0  0 0  0 2
   110  0.1799608977898979E-02   3   0 0  0 1  0 0  0 2
   111  -.4672280784069752E-06   3   0 0  0 0  0 3  0 0
   112  -.2764776176129606E-06   3   0 0  0 0  0 2  1 0
   113  -.2768614027588451E-06   3   0 0  0 0  0 1  2 0
   114  -.4660991337036509E-06   3   0 0  0 0  0 0  3 0
   115  0.5528319028665212E-06   3   0 0  0 0  0 2  0 1
   116  0.3622376002008072E-06   3   0 0  0 0  0 1  1 1
   117  0.5518441865481927E-06   3   0 0  0 0  0 0  2 1
   118  0.9989137056728316E-08   3   0 0  0 0  0 1  0 2
   119  0.9975694146850980E-08   3   0 0  0 0  0 0  1 2
   120  -.2049788230807170E-09   3   0 0  0 0  0 0  0 3
   121  0.3134441658403774E-05   4   4 0  0 0  0 0  0 0
   122  0.4572681407614520E-05   4   3 1  0 0  0 0  0 0
   123  -.1810827272449039E-04   4   2 2  0 0  0 0  0 0
   124  -.6891831593415886E-05   4   1 3  0 0  0 0  0 0
   125  0.5905572524427368E-05   4   0 4  0 0  0 0  0 0
   126  -.7313401643933688E-03   4   3 0  1 0  0 0  0 0
   127  -.1116150884817036E-02   4   2 1  1 0  0 0  0 0
   128  -.8261292336735199E-03   4   1 2  1 0  0 0  0 0
   129  -.3246225178074124E-03   4   0 3  1 0  0 0  0 0
   130  -.1240052875110856E-03   4   2 0  2 0  0 0  0 0
   131  -.9836842379842958E-04   4   1 1  2 0  0 0  0 0
   132  -.5706687965560185E-04   4   0 2  2 0  0 0  0 0
   133  -.1774456647353768E-03   4   1 0  3 0  0 0  0 0
   134  -.1606244214364110E-03   4   0 1  3 0  0 0  0 0
   135  -.4269765997211800E-04   4   0 0  4 0  0 0  0 0
   136  0.5939756549725534E-04   4   3 0  0 1  0 0  0 0
   137  0.6326175123802495E-03   4   2 1  0 1  0 0  0 0
   138  0.3447793757197679E-03   4   1 2  0 1  0 0  0 0
   139  0.1444570838625748E-03   4   0 3  0 1  0 0  0 0
   140  -.1593960964731401E-04   4   2 0  1 1  0 0  0 0
   141  0.8456798451878837E-04   4   1 1  1 1  0 0  0 0
   142  -.4077465543090526E-04   4   0 2  1 1  0 0  0 0
   143  0.3073674471070799E-04   4   1 0  2 1  0 0  0 0
   144  0.1632103912114382E-04   4   0 1  2 1  0 0  0 0
   145  0.7659819774599094E-06   4   0 0  3 1  0 0  0 0
   146  -.4498264670114259E-04   4   2 0  0 2  0 0  0 0
   147  0.2909228734068684E-05   4   1 1  0 2  0 0  0 0
   148  0.3610166949983649E-04   4   0 2  0 2  0 0  0 0
   149  -.1233976553807485E-03   4   1 0  1 2  0 0  0 0
   150  -.1680288336425615E-03   4   0 1  1 2  0 0  0 0
   151  0.6019252940231490E-05   4   0 0  2 2  0 0  0 0
   152  0.7287832524690898E-04   4   1 0  0 3  0 0  0 0
   153  0.1247579053297311E-03   4   0 1  0 3  0 0  0 0
   154  -.4530789585477859E-04   4   0 0  1 3  0 0  0 0
   155  0.2746716599785733E-04   4   0 0  0 4  0 0  0 0
   156  -.4707822771077607E-04   4   3 0  0 0  0 1  0 0
   157  -.2040752962580877E-03   4   2 1  0 0  0 1  0 0
   158  -.1962623111795778E-03   4   1 2  0 0  0 1  0 0
   159  -.6246768635919811E-04   4   0 3  0 0  0 1  0 0
   160  0.3697189237298439       4   2 0  1 0  0 1  0 0
   161  0.6075438704619915       4   1 1  1 0  0 1  0 0
   162  0.4955586417791138       4   0 2  1 0  0 1  0 0
   163  0.7453072449413860E-04   4   1 0  2 0  0 1  0 0
   164  0.5674430246949735E-05   4   0 1  2 0  0 1  0 0
   165  0.4757183934638252E-01   4   0 0  3 0  0 1  0 0
   166  0.5183781631188213       4   2 0  0 1  0 1  0 0
   167  0.3185265266889604       4   1 1  0 1  0 1  0 0
   168  -.2278606414015356       4   0 2  0 1  0 1  0 0
   169  0.1780270384314981E-03   4   1 0  1 1  0 1  0 0
   170  0.3940443142412320E-04   4   0 1  1 1  0 1  0 0
   171  0.1303100123345965       4   0 0  2 1  0 1  0 0
   172  -.3716395614232384E-04   4   1 0  0 2  0 1  0 0
   173  -.3934286907839205E-04   4   0 1  0 2  0 1  0 0
   174  0.4870037098857851       4   0 0  1 2  0 1  0 0
   175  -.2153840105886355       4   0 0  0 3  0 1  0 0
   176  -.4701487205064295E-04   4   3 0  0 0  0 0  1 0
   177  -.2038006613421198E-03   4   2 1  0 0  0 0  1 0
   178  -.1959981906107152E-03   4   1 2  0 0  0 0  1 0
   179  -.6238362029089603E-04   4   0 3  0 0  0 0  1 0
   180  0.3692213734265377       4   2 0  1 0  0 0  1 0
   181  0.6067262665536763       4   1 1  1 0  0 0  1 0
   182  0.4948917423138776       4   0 2  1 0  0 0  1 0
   183  0.7443042455762578E-04   4   1 0  2 0  0 0  1 0
   184  0.5666793866150114E-05   4   0 1  2 0  0 0  1 0
   185  0.4750781940697326E-01   4   0 0  3 0  0 0  1 0
   186  0.5176805542172126       4   2 0  0 1  0 0  1 0
   187  0.3180978687009778       4   1 1  0 1  0 0  1 0
   188  -.2275539972890382       4   0 2  0 1  0 0  1 0
   189  0.1777874580333008E-03   4   1 0  1 1  0 0  1 0
   190  0.3935140279737943E-04   4   0 1  1 1  0 0  1 0
   191  0.1301346472612952       4   0 0  2 1  0 0  1 0
   192  -.3711394264162403E-04   4   1 0  0 2  0 0  1 0
   193  -.3928992329935171E-04   4   0 1  0 2  0 0  1 0
   194  0.4863483232447102       4   0 0  1 2  0 0  1 0
   195  -.2150941569378821       4   0 0  0 3  0 0  1 0
   196  0.9409309976141902E-04   4   3 0  0 0  0 0  0 1
   197  0.2499541936638442E-03   4   2 1  0 0  0 0  0 1
   198  0.1596183541357049E-03   4   1 2  0 0  0 0  0 1
   199  0.3582593363160289E-04   4   0 3  0 0  0 0  0 1
   200  -.7389402971563814       4   2 0  1 0  0 0  0 1
   201  -.8174287128939445       4   1 1  1 0  0 0  0 1
   202  -.3778977721286725       4   0 2  1 0  0 0  0 1
   203  -.1489611490517644E-03   4   1 0  2 0  0 0  0 1
   204  -.3212594780582522E-04   4   0 1  2 0  0 0  0 1
   205  -.9507965875335542E-01   4   0 0  3 0  0 0  0 1
   206  -.5576624038483495       4   2 0  0 1  0 0  0 1
   207  -.2951795861354055       4   1 1  0 1  0 0  0 1
   208  -.1405449447162928       4   0 2  0 1  0 0  0 1
   209  -.2344686088488809E-03   4   1 0  1 1  0 0  0 1
   210  -.6485414018491152E-04   4   0 1  1 1  0 0  0 1
   211  -.5461530041892041E-01   4   0 0  2 1  0 0  0 1
   212  0.4521121429616109E-05   4   1 0  0 2  0 0  0 1
   213  0.9568121225796842E-05   4   0 1  0 2  0 0  0 1
   214  -.2344148304824847       4   0 0  1 2  0 0  0 1
   215  -.1095178814428332       4   0 0  0 3  0 0  0 1
   216  -.2215307509425823E-04   4   2 0  0 0  0 2  0 0
   217  -.1046415292192862E-04   4   1 1  0 0  0 2  0 0
   218  0.1620431153054791E-04   4   0 2  0 0  0 2  0 0
   219  -.1478717351432378E-03   4   1 0  1 0  0 2  0 0
   220  -.2117831104271386E-03   4   0 1  1 0  0 2  0 0
   221  -.1987964670689241E-04   4   0 0  2 0  0 2  0 0
   222  -.5062917664142689E-05   4   1 0  0 1  0 2  0 0
   223  0.1226306051005452E-03   4   0 1  0 1  0 2  0 0
   224  -.5848756328053196E-04   4   0 0  1 1  0 2  0 0
   225  0.4513198470497062E-04   4   0 0  0 2  0 2  0 0
   226  -.2630546991565282E-04   4   2 0  0 0  0 1  1 0
   227  -.1184358289552385E-04   4   1 1  0 0  0 1  1 0
   228  0.1894159340056510E-04   4   0 2  0 0  0 1  1 0
   229  -.1290008218362778E-03   4   1 0  1 0  0 1  1 0
   230  -.2455901042892059E-03   4   0 1  1 0  0 1  1 0
   231  -.1176844423294533E-04   4   0 0  2 0  0 1  1 0
   232  -.1438114876985139E-04   4   1 0  0 1  0 1  1 0
   233  0.1389974775573701E-03   4   0 1  0 1  0 1  1 0
   234  -.6738468290431802E-04   4   0 0  1 1  0 1  1 0
   235  0.5137257726945618E-04   4   0 0  0 2  0 1  1 0
   236  -.2210556219899746E-04   4   2 0  0 0  0 0  2 0
   237  -.1044210149024487E-04   4   1 1  0 0  0 0  2 0
   238  0.1616975917991230E-04   4   0 2  0 0  0 0  2 0
   239  -.1475859347178254E-03   4   1 0  1 0  0 0  2 0
   240  -.2113328509040782E-03   4   0 1  1 0  0 0  2 0
   241  -.1984497490644401E-04   4   0 0  2 0  0 0  2 0
   242  -.5046427492026254E-05   4   1 0  0 1  0 0  2 0
   243  0.1223720464843006E-03   4   0 1  0 1  0 0  2 0
   244  -.5836351190902203E-04   4   0 0  1 1  0 0  2 0
   245  0.4503668081025562E-04   4   0 0  0 2  0 0  2 0
   246  0.2131521546498494E-04   4   2 0  0 0  0 1  0 1
   247  0.1163971452114936E-04   4   1 1  0 0  0 1  0 1
   248  0.4746035261401502E-05   4   0 2  0 0  0 1  0 1
   249  0.2081073255347943E-03   4   1 0  1 0  0 1  0 1
   250  0.1832021832264787E-03   4   0 1  1 0  0 1  0 1
   251  0.1227683665425259E-04   4   0 0  2 0  0 1  0 1
   252  0.1734813955545439E-04   4   1 0  0 1  0 1  0 1
   253  0.5121934971170327E-04   4   0 1  0 1  0 1  0 1
   254  0.3928656336960122E-04   4   0 0  1 1  0 1  0 1
   255  0.1478535273459766E-04   4   0 0  0 2  0 1  0 1
   256  0.2128653045256347E-04   4   2 0  0 0  0 0  1 1
   257  0.1162405034190755E-04   4   1 1  0 0  0 0  1 1
   258  0.4739648270819607E-05   4   0 2  0 0  0 0  1 1
   259  0.2078272645038484E-03   4   1 0  1 0  0 0  1 1
   260  0.1829556383623124E-03   4   0 1  1 0  0 0  1 1
   261  0.1226031506607054E-04   4   0 0  2 0  0 0  1 1
   262  0.1732479324682996E-04   4   1 0  0 1  0 0  1 1
   263  0.5115042112474547E-04   4   0 1  0 1  0 0  1 1
   264  0.3923369336412997E-04   4   0 0  1 1  0 0  1 1
   265  0.1476545530369697E-04   4   0 0  0 2  0 0  1 1
   266  -.2484210131872692E-05   4   2 0  0 0  0 0  0 2
   267  -.1163886353532109E-05   4   1 1  0 0  0 0  0 2
   268  -.7038745973030780E-07   4   0 2  0 0  0 0  0 2
   269  -.1876633607838239E-04   4   1 0  1 0  0 0  0 2
   270  -.1394574907492931E-05   4   0 1  1 0  0 0  0 2
   271  0.1031345064595939E-04   4   0 0  2 0  0 0  0 2
   272  -.9945876026933002E-05   4   1 0  0 1  0 0  0 2
   273  -.1448287611769257E-05   4   0 1  0 1  0 0  0 2
   274  0.4510642526949273E-05   4   0 0  1 1  0 0  0 2
   275  0.2977580297361387E-06   4   0 0  0 2  0 0  0 2
   276  -.1398889960496782E-04   4   1 0  0 0  0 3  0 0
   277  -.1325618627829312E-04   4   0 1  0 0  0 3  0 0
   278  0.6573234615556903E-01   4   0 0  1 0  0 3  0 0
   279  -.1304285023059465       4   0 0  0 1  0 3  0 0
   280  -.8429226384389135E-05   4   1 0  0 0  0 2  1 0
   281  -.1327488419935666E-04   4   0 1  0 0  0 2  1 0
   282  0.3623563181043993E-01   4   0 0  1 0  0 2  1 0
   283  -.5290193365895288E-01   4   0 0  0 1  0 2  1 0
   284  -.8440411301766568E-05   4   1 0  0 0  0 1  2 0
   285  -.1327481044374720E-04   4   0 1  0 0  0 1  2 0
   286  0.3629499617556423E-01   4   0 0  1 0  0 1  2 0
   287  -.5305807674356612E-01   4   0 0  0 1  0 1  2 0
   288  -.1395499702435181E-04   4   1 0  0 0  0 0  3 0
   289  -.1322050663230173E-04   4   0 1  0 0  0 0  3 0
   290  0.6557530770477714E-01   4   0 0  1 0  0 0  3 0
   291  -.1301296671070833       4   0 0  0 1  0 0  3 0
   292  0.1685543536928434E-04   4   1 0  0 0  0 2  0 1
   293  0.1328248752086819E-04   4   0 1  0 0  0 2  0 1
   294  -.7245132031375910E-01   4   0 0  1 0  0 2  0 1
   295  -.6346568591043382E-01   4   0 0  0 1  0 2  0 1
   296  0.1131435971473652E-04   4   1 0  0 0  0 1  1 1
   297  0.1329312664689783E-04   4   0 1  0 0  0 1  1 1
   298  -.4305201158479950E-01   4   0 0  1 0  0 1  1 1
   299  -.6213324637710815E-01   4   0 0  0 1  0 1  1 1
   300  0.1682513895274657E-04   4   1 0  0 0  0 0  2 1
   301  0.1325566794349679E-04   4   0 1  0 0  0 0  2 1
   302  -.7232485005728344E-01   4   0 0  1 0  0 0  2 1
   303  -.6333846878400178E-01   4   0 0  0 1  0 0  2 1
   304  -.1015622065168493E-06   4   1 0  0 0  0 1  0 2
   305  -.2413240583726839E-07   4   0 1  0 0  0 1  0 2
   306  -.7952480049744507E-02   4   0 0  1 0  0 1  0 2
   307  -.2670104748589134E-02   4   0 0  0 1  0 1  0 2
   308  -.1014255288858118E-06   4   1 0  0 0  0 0  1 2
   309  -.2409992958283153E-07   4   0 1  0 0  0 0  1 2
   310  -.7941777976881014E-02   4   0 0  1 0  0 0  1 2
   311  -.2666511447456197E-02   4   0 0  0 1  0 0  1 2
   312  0.2249523481199422E-07   4   1 0  0 0  0 0  0 3
   313  0.4007245196456943E-08   4   0 1  0 0  0 0  0 3
   314  -.1158148656442175E-03   4   0 0  1 0  0 0  0 3
   315  -.2073691255057507E-04   4   0 0  0 1  0 0  0 3
   316  0.5922180156016769E-05   4   0 0  0 0  0 4  0 0
   317  0.3002748794820189E-05   4   0 0  0 0  0 3  1 0
   318  0.2614868650827212E-05   4   0 0  0 0  0 2  2 0
   319  0.3011104282096588E-05   4   0 0  0 0  0 1  3 0
   320  0.5904229369099131E-05   4   0 0  0 0  0 0  4 0
   321  0.6619422903501421E-06   4   0 0  0 0  0 3  0 1
   322  0.7479351256636661E-06   4   0 0  0 0  0 2  1 1
   323  0.7477597397921770E-06   4   0 0  0 0  0 1  2 1
   324  0.6601034844050920E-06   4   0 0  0 0  0 0  3 1
   325  0.7968727078521661E-08   4   0 0  0 0  0 2  0 2
   326  0.9932110632725890E-08   4   0 0  0 0  0 1  1 2
   327  0.7951320057970639E-08   4   0 0  0 0  0 0  2 2
   328  0.4294434429967583E-10   4   0 0  0 0  0 1  0 3
   329  0.4288655182501415E-10   4   0 0  0 0  0 0  1 3
   ----------------------------------------------------
     I  COEFFICIENT            ORDER EXPONENTS
     1  0.8427708068543906E-05   0   0 0  0 0  0 0  0 0
     2  0.1594147152311094E-03   1   1 0  0 0  0 0  0 0
     3  0.5561291315053392E-04   1   0 1  0 0  0 0  0 0
     4  -.7967960138206973       1   0 0  1 0  0 0  0 0
     5  0.7166982685411062       1   0 0  0 1  0 0  0 0
     6  0.7903286040530790E-07   1   0 0  0 0  0 1  0 0
     7  0.7892650170646888E-07   1   0 0  0 0  0 0  1 0
     8  0.8269748706517130E-05   1   0 0  0 0  0 0  0 1
     9  -.1945408618655940E-04   2   2 0  0 0  0 0  0 0
    10  -.6389576412059489E-04   2   1 1  0 0  0 0  0 0
    11  -.1618120005275165E-04   2   0 2  0 0  0 0  0 0
    12  0.9740607570610101E-04   2   1 0  1 0  0 0  0 0
    13  0.2352756065043712E-03   2   0 1  1 0  0 0  0 0
    14  0.1984958320629758E-05   2   0 0  2 0  0 0  0 0
    15  0.3044070498502958E-03   2   1 0  0 1  0 0  0 0
    16  0.1781302621103019E-03   2   0 1  0 1  0 0  0 0
    17  0.5884505908109762E-04   2   0 0  1 1  0 0  0 0
    18  0.1690213328111215E-04   2   0 0  0 2  0 0  0 0
    19  -.1779968226830685E-06   2   1 0  0 0  0 1  0 0
    20  -.2786994948847845E-04   2   0 1  0 0  0 1  0 0
    21  -.2354430842217691E-01   2   0 0  1 0  0 1  0 0
    22  0.1359965627246796       2   0 0  0 1  0 1  0 0
    23  -.1777572829478549E-06   2   1 0  0 0  0 0  1 0
    24  -.2783244342392210E-04   2   0 1  0 0  0 0  1 0
    25  -.2351262360150720E-01   2   0 0  1 0  0 0  1 0
    26  0.1358135449598606       2   0 0  0 1  0 0  1 0
    27  0.1597704693367402E-03   2   1 0  0 0  0 0  0 1
    28  0.5570239291253468E-04   2   0 1  0 0  0 0  0 1
    29  -.7497390817970132       2   0 0  1 0  0 0  0 1
    30  -.2718101076845404       2   0 0  0 1  0 0  0 1
    31  -.5249084772568029E-07   2   0 0  0 0  0 2  0 0
    32  -.2601894510004484E-07   2   0 0  0 0  0 1  1 0
    33  -.5240270053091424E-07   2   0 0  0 0  0 0  2 0
    34  0.1309967500270879E-06   2   0 0  0 0  0 1  0 1
    35  0.1308204607745695E-06   2   0 0  0 0  0 0  1 1
    36  -.1309074143911466E-06   2   0 0  0 0  0 0  0 2
    37  0.9936398888002680E-04   3   3 0  0 0  0 0  0 0
    38  0.1009334442328482E-03   3   2 1  0 0  0 0  0 0
    39  0.3744155700876001E-04   3   1 2  0 0  0 0  0 0
    40  0.3276797935248210E-04   3   0 3  0 0  0 0  0 0
    41  -1.785418044548210       3   2 0  1 0  0 0  0 0
    42  -1.532379443991541       3   1 1  1 0  0 0  0 0
    43  -.6587398331504110       3   0 2  1 0  0 0  0 0
    44  -.3627674953285943E-03   3   1 0  2 0  0 0  0 0
    45  -.1173999183482660E-03   3   0 1  2 0  0 0  0 0
    46  -.4026070869878846       3   0 0  3 0  0 0  0 0
    47  -.4869077271327807       3   2 0  0 1  0 0  0 0
    48  -.5687127628439830       3   1 1  0 1  0 0  0 0
    49  -.3993376253213489       3   0 2  0 1  0 0  0 0
    50  -.2624717825235588E-03   3   1 0  1 1  0 0  0 0
    51  -.2500916683599257E-03   3   0 1  1 1  0 0  0 0
    52  -.5930581079042058       3   0 0  2 1  0 0  0 0
    53  -.5008624306482179E-04   3   1 0  0 2  0 0  0 0
    54  -.4600491267978440E-04   3   0 1  0 2  0 0  0 0
    55  0.1416354932808815       3   0 0  1 2  0 0  0 0
    56  -.3715917235063960E-01   3   0 0  0 3  0 0  0 0
    57  0.9084245530224029E-05   3   2 0  0 0  0 1  0 0
    58  0.3404325927280190E-04   3   1 1  0 0  0 1  0 0
    59  0.1605252070657132E-04   3   0 2  0 0  0 1  0 0
    60  -.3871675385204188E-04   3   1 0  1 0  0 1  0 0
    61  -.1088654107817007E-03   3   0 1  1 0  0 1  0 0
    62  -.3403380834023147E-07   3   0 0  2 0  0 1  0 0
    63  -.1779666857698205E-03   3   1 0  0 1  0 1  0 0
    64  -.1799551061008448E-03   3   0 1  0 1  0 1  0 0
    65  -.2853178634169113E-04   3   0 0  1 1  0 1  0 0
    66  -.1704008931300958E-04   3   0 0  0 2  0 1  0 0
    67  0.9072020380715162E-05   3   2 0  0 0  0 0  1 0
    68  0.3399744545887589E-04   3   1 1  0 0  0 0  1 0
    69  0.1603091798073355E-04   3   0 2  0 0  0 0  1 0
    70  -.3866465066936542E-04   3   1 0  1 0  0 0  1 0
    71  -.1087189048425202E-03   3   0 1  1 0  0 0  1 0
    72  -.3398800724493644E-07   3   0 0  2 0  0 0  1 0
    73  -.1777271865913908E-03   3   1 0  0 1  0 0  1 0
    74  -.1797129310000446E-03   3   0 1  0 1  0 0  1 0
    75  -.2849338960828878E-04   3   0 0  1 1  0 0  1 0
    76  -.1701715756388381E-04   3   0 0  0 2  0 0  1 0
    77  -.3761035209749850E-04   3   2 0  0 0  0 0  0 1
    78  -.6804070473167797E-04   3   1 1  0 0  0 0  0 1
    79  -.1590223863455343E-04   3   0 2  0 0  0 0  0 1
    80  0.1747874802275087E-03   3   1 0  1 0  0 0  0 1
    81  0.2175843156242222E-03   3   0 1  1 0  0 0  0 1
    82  0.2052980136214901E-05   3   0 0  2 0  0 0  0 1
    83  0.3556938723612105E-03   3   1 0  0 1  0 0  0 1
    84  0.1815377749905864E-03   3   0 1  0 1  0 0  0 1
    85  0.5702517594987249E-04   3   0 0  1 1  0 0  0 1
    86  0.1715511359578127E-04   3   0 0  0 2  0 0  0 1
    87  0.1860257167544941E-06   3   1 0  0 0  0 2  0 0
    88  0.2093685314764950E-04   3   0 1  0 0  0 2  0 0
    89  0.1742282184368040E-01   3   0 0  1 0  0 2  0 0
    90  -.9914300598934389E-01   3   0 0  0 1  0 2  0 0
    91  0.1882775026070356E-06   3   1 0  0 0  0 1  1 0
    92  0.1401240679750192E-04   3   0 1  0 0  0 1  1 0
    93  0.1131774130028860E-01   3   0 0  1 0  0 1  1 0
    94  -.6238841732255269E-01   3   0 0  0 1  0 1  1 0
    95  0.1856486845205396E-06   3   1 0  0 0  0 0  2 0
    96  0.2089924869906758E-04   3   0 1  0 0  0 0  2 0
    97  0.1739175958972485E-01   3   0 0  1 0  0 0  2 0
    98  -.9896760430844728E-01   3   0 0  0 1  0 0  2 0
    99  -.5472663811232371E-06   3   1 0  0 0  0 1  0 1
   100  -.2798538765901513E-04   3   0 1  0 0  0 1  0 1
   101  -.4616332200802199E-01   3   0 0  1 0  0 1  0 1
   102  0.1246779358303681       3   0 0  0 1  0 1  0 1
   103  -.5465298958194285E-06   3   1 0  0 0  0 0  1 1
   104  -.2794772624320933E-04   3   0 1  0 0  0 0  1 1
   105  -.4610119758486562E-01   3   0 0  1 0  0 0  1 1
   106  0.1245101501401950       3   0 0  0 1  0 0  1 1
   107  0.5387247459038671E-06   3   1 0  0 0  0 0  0 2
   108  0.1045600986654550E-06   3   0 1  0 0  0 0  0 2
   109  0.4613223355486540E-01   3   0 0  1 0  0 0  0 2
   110  0.1131098812925253E-01   3   0 0  0 1  0 0  0 2
   111  0.4268419877867989E-07   3   0 0  0 0  0 3  0 0
   112  0.2307680961186593E-07   3   0 0  0 0  0 2  1 0
   113  0.2311627375807250E-07   3   0 0  0 0  0 1  2 0
   114  0.4258252836190486E-07   3   0 0  0 0  0 0  3 0
   115  -.9864476862074632E-07   3   0 0  0 0  0 2  0 1
   116  -.6637962562022090E-07   3   0 0  0 0  0 1  1 1
   117  -.9846735190611923E-07   3   0 0  0 0  0 0  2 1
   118  0.6633821280311873E-07   3   0 0  0 0  0 1  0 2
   119  0.6624893796274286E-07   3   0 0  0 0  0 0  1 2
   120  -.5599121249129236E-09   3   0 0  0 0  0 0  0 3
   121  0.4009375689171961E-04   4   4 0  0 0  0 0  0 0
   122  0.9324274592918245E-04   4   3 1  0 0  0 0  0 0
   123  0.6075780770738406E-04   4   2 2  0 0  0 0  0 0
   124  0.3092430640875706E-06   4   1 3  0 0  0 0  0 0
   125  -.1915300896731657E-04   4   0 4  0 0  0 0  0 0
   126  0.1802600042635549E-07   4   3 0  1 0  0 0  0 0
   127  0.1047005242854367E-02   4   2 1  1 0  0 0  0 0
   128  0.5007674639394027E-03   4   1 2  1 0  0 0  0 0
   129  -.6611303382664176E-04   4   0 3  1 0  0 0  0 0
   130  -.1541099481657508E-04   4   2 0  2 0  0 0  0 0
   131  0.2929325377118726E-03   4   1 1  2 0  0 0  0 0
   132  0.6606664342524248E-04   4   0 2  2 0  0 0  0 0
   133  0.6867622843884734E-08   4   1 0  3 0  0 0  0 0
   134  0.2944932559774425E-07   4   0 1  3 0  0 0  0 0
   135  -.2592353890115357E-04   4   0 0  4 0  0 0  0 0
   136  0.5235047277612113E-03   4   3 0  0 1  0 0  0 0
   137  0.8268831177424610E-03   4   2 1  0 1  0 0  0 0
   138  0.5562088093304585E-03   4   1 2  0 1  0 0  0 0
   139  0.4936144517675909E-04   4   0 3  0 1  0 0  0 0
   140  0.2945898437293767E-03   4   2 0  1 1  0 0  0 0
   141  0.4745286896136987E-03   4   1 1  1 1  0 0  0 0
   142  0.2426489931072585E-03   4   0 2  1 1  0 0  0 0
   143  0.3542385074458891E-03   4   1 0  2 1  0 0  0 0
   144  0.6232166765480136E-04   4   0 1  2 1  0 0  0 0
   145  0.8413191348617825E-04   4   0 0  3 1  0 0  0 0
   146  0.2195700906217594E-04   4   2 0  0 2  0 0  0 0
   147  0.5755426662791065E-06   4   1 1  0 2  0 0  0 0
   148  0.1975270218799250E-04   4   0 2  0 2  0 0  0 0
   149  0.2152174189459730E-03   4   1 0  1 2  0 0  0 0
   150  -.8391251125545004E-04   4   0 1  1 2  0 0  0 0
   151  0.1048207261420396E-03   4   0 0  2 2  0 0  0 0
   152  0.2557326535981446E-04   4   1 0  0 3  0 0  0 0
   153  -.2121288219198750E-04   4   0 1  0 3  0 0  0 0
   154  0.5495511552296053E-04   4   0 0  1 3  0 0  0 0
   155  0.1442038079575572E-04   4   0 0  0 4  0 0  0 0
   156  -.4605058966930229E-04   4   3 0  0 0  0 1  0 0
   157  -.9584961602871885E-04   4   2 1  0 0  0 1  0 0
   158  -.5427169163013974E-04   4   1 2  0 0  0 1  0 0
   159  -.5144518868014037E-04   4   0 3  0 0  0 1  0 0
   160  0.9556233518146422       4   2 0  1 0  0 1  0 0
   161   1.541129226455618       4   1 1  1 0  0 1  0 0
   162  0.7742338249783249       4   0 2  1 0  0 1  0 0
   163  0.2036565092984375E-03   4   1 0  2 0  0 1  0 0
   164  0.1207981252777047E-03   4   0 1  2 0  0 1  0 0
   165  0.1359234178893713       4   0 0  3 0  0 1  0 0
   166  0.5320553519856853       4   2 0  0 1  0 1  0 0
   167  0.8740442738708746       4   1 1  0 1  0 1  0 0
   168  0.6535645166980747       4   0 2  0 1  0 1  0 0
   169  0.2831168915299245E-03   4   1 0  1 1  0 1  0 0
   170  0.2999456250260789E-03   4   0 1  1 1  0 1  0 0
   171  0.5207687205946470       4   0 0  2 1  0 1  0 0
   172  0.7964538356440498E-04   4   1 0  0 2  0 1  0 0
   173  0.7918580328784861E-04   4   0 1  0 2  0 1  0 0
   174  -.2801111790501816E-01   4   0 0  1 2  0 1  0 0
   175  0.7121178671983242E-01   4   0 0  0 3  0 1  0 0
   176  -.4598861695601465E-04   4   3 0  0 0  0 0  1 0
   177  -.9572062613270340E-04   4   2 1  0 0  0 0  1 0
   178  -.5419865534528025E-04   4   1 2  0 0  0 0  1 0
   179  -.5137595616974255E-04   4   0 3  0 0  0 0  1 0
   180  0.9543373189447389       4   2 0  1 0  0 0  1 0
   181   1.539055247373560       4   1 1  1 0  0 0  1 0
   182  0.7731918975850451       4   0 2  1 0  0 0  1 0
   183  0.2033824379662227E-03   4   1 0  2 0  0 0  1 0
   184  0.1206355608537245E-03   4   0 1  2 0  0 0  1 0
   185  0.1357404985594245       4   0 0  3 0  0 0  1 0
   186  0.5313393369678830       4   2 0  0 1  0 0  1 0
   187  0.8728680262793796       4   1 1  0 1  0 0  1 0
   188  0.6526849803729308       4   0 2  0 1  0 0  1 0
   189  0.2827358861601405E-03   4   1 0  1 1  0 0  1 0
   190  0.2995419723398670E-03   4   0 1  1 1  0 0  1 0
   191  0.5200678945934507       4   0 0  2 1  0 0  1 0
   192  0.7953820056076106E-04   4   1 0  0 2  0 0  1 0
   193  0.7907923876568128E-04   4   0 1  0 2  0 0  1 0
   194  -.2797342186266153E-01   4   0 0  1 2  0 0  1 0
   195  0.7111595325336052E-01   4   0 0  0 3  0 0  1 0
   196  0.1914031955053434E-03   4   3 0  0 0  0 0  0 1
   197  0.1915702421614231E-03   4   2 1  0 0  0 0  0 1
   198  0.7102878996666017E-04   4   1 2  0 0  0 0  0 1
   199  0.3728518614491831E-04   4   0 3  0 0  0 0  0 1
   200  -3.695378715307586       4   2 0  1 0  0 0  0 1
   201  -3.080184473829171       4   1 1  1 0  0 0  0 1
   202  -.8886858894129617       4   0 2  1 0  0 0  0 1
   203  -.7698064425932533E-03   4   1 0  2 0  0 0  0 1
   204  -.2414336861314285E-03   4   0 1  2 0  0 0  0 1
   205  -.6742710034366809       4   0 0  3 0  0 0  0 1
   206  -1.063394688953568       4   2 0  0 1  0 0  0 1
   207  -1.178199537306268       4   1 1  0 1  0 0  0 1
   208  -.5075742464283052       4   0 2  0 1  0 0  0 1
   209  -.5658527776900646E-03   4   1 0  1 1  0 0  0 1
   210  -.3493959290060207E-03   4   0 1  1 1  0 0  0 1
   211  -1.040836615188098       4   0 0  2 1  0 0  0 1
   212  -.1090973410603441E-03   4   1 0  0 2  0 0  0 1
   213  -.6625521669396087E-04   4   0 1  0 2  0 0  0 1
   214  -.8565095351320116E-01   4   0 0  1 2  0 0  0 1
   215  -.6800939527191360E-01   4   0 0  0 3  0 0  0 1
   216  -.2124173652363317E-04   4   2 0  0 0  0 2  0 0
   217  -.6217082632754675E-04   4   1 1  0 0  0 2  0 0
   218  -.4418000042802905E-04   4   0 2  0 0  0 2  0 0
   219  -.1638264735298852E-03   4   1 0  1 0  0 2  0 0
   220  -.1845165063211539E-03   4   0 1  1 0  0 2  0 0
   221  -.2201417776629154E-04   4   0 0  2 0  0 2  0 0
   222  -.2175355570453092E-05   4   1 0  0 1  0 2  0 0
   223  -.5945396537612191E-04   4   0 1  0 1  0 2  0 0
   224  0.4675010379708823E-04   4   0 0  1 1  0 2  0 0
   225  0.1693932487312120E-04   4   0 0  0 2  0 2  0 0
   226  -.2087300874902321E-04   4   2 0  0 0  0 1  1 0
   227  -.6219825820113902E-04   4   1 1  0 0  0 1  1 0
   228  -.5054761527256068E-04   4   0 2  0 0  0 1  1 0
   229  -.1948599481334165E-03   4   1 0  1 0  0 1  1 0
   230  -.2237206337830776E-03   4   0 1  1 0  0 1  1 0
   231  -.2094310034556466E-04   4   0 0  2 0  0 1  1 0
   232  -.6442024161519998E-04   4   1 0  0 1  0 1  1 0
   233  -.1036451390953651E-03   4   0 1  0 1  0 1  1 0
   234  0.3473633446483111E-04   4   0 0  1 1  0 1  1 0
   235  0.1468746290001078E-04   4   0 0  0 2  0 1  1 0
   236  -.2119910543997625E-04   4   2 0  0 0  0 0  2 0
   237  -.6204530801719241E-04   4   1 1  0 0  0 0  2 0
   238  -.4408653276638074E-04   4   0 2  0 0  0 0  2 0
   239  -.1634748869152997E-03   4   1 0  1 0  0 0  2 0
   240  -.1841176563602304E-03   4   0 1  1 0  0 0  2 0
   241  -.2197046000463046E-04   4   0 0  2 0  0 0  2 0
   242  -.2129081216874848E-05   4   1 0  0 1  0 0  2 0
   243  -.5930421465970286E-04   4   0 1  0 1  0 0  2 0
   244  0.4666381644972621E-04   4   0 0  1 1  0 0  2 0
   245  0.1690664588034231E-04   4   0 0  0 2  0 0  2 0
   246  0.4892031679755578E-04   4   2 0  0 0  0 1  0 1
   247  0.9824894747545862E-04   4   1 1  0 0  0 1  0 1
   248  0.4523533492409788E-04   4   0 2  0 0  0 1  0 1
   249  0.2612580890474031E-03   4   1 0  1 0  0 1  0 1
   250  0.1659466847161310E-03   4   0 1  1 0  0 1  0 1
   251  0.4102240092636253E-04   4   0 0  2 0  0 1  0 1
   252  0.6169846678918826E-05   4   1 0  0 1  0 1  0 1
   253  0.3181968576225393E-04   4   0 1  0 1  0 1  0 1
   254  -.3271725744791073E-04   4   0 0  1 1  0 1  0 1
   255  -.1307301009179237E-04   4   0 0  0 2  0 1  0 1
   256  0.4885448214074439E-04   4   2 0  0 0  0 0  1 1
   257  0.9811672867225878E-04   4   1 1  0 0  0 0  1 1
   258  0.4517445934222457E-04   4   0 2  0 0  0 0  1 1
   259  0.2609065002238302E-03   4   1 0  1 0  0 0  1 1
   260  0.1657233614886364E-03   4   0 1  1 0  0 0  1 1
   261  0.4096719491251460E-04   4   0 0  2 0  0 0  1 1
   262  0.6161543590033034E-05   4   1 0  0 1  0 0  1 1
   263  0.3177686432876495E-04   4   0 1  0 1  0 0  1 1
   264  -.3267322810474826E-04   4   0 0  1 1  0 0  1 1
   265  -.1305541705092047E-04   4   0 0  0 2  0 0  1 1
   266  -.3446095114129139E-04   4   2 0  0 0  0 0  0 2
   267  -.2659210263161120E-04   4   1 1  0 0  0 0  0 2
   268  -.4581442148694118E-05   4   0 2  0 0  0 0  0 2
   269  -.3280690369098817E-08   4   1 0  1 0  0 0  0 2
   270  -.1044860866490145E-08   4   0 1  1 0  0 0  0 2
   271  -.1706185568036558E-04   4   0 0  2 0  0 0  0 2
   272  -.1352768451542412E-04   4   1 0  0 1  0 0  0 2
   273  -.2378579195200718E-05   4   0 1  0 1  0 0  0 2
   274  -.1913295783824319E-04   4   0 0  1 1  0 0  0 2
   275  -.3600670727241613E-05   4   0 0  0 2  0 0  0 2
   276  -.1793537611054027E-06   4   1 0  0 0  0 3  0 0
   277  -.1745968791990264E-04   4   0 1  0 0  0 3  0 0
   278  -.1436523352056069E-01   4   0 0  1 0  0 3  0 0
   279  0.8075104507294478E-01   4   0 0  0 1  0 3  0 0
   280  -.1725579127896148E-06   4   1 0  0 0  0 2  1 0
   281  -.1052045064796706E-04   4   0 1  0 0  0 2  1 0
   282  -.8254216645708591E-02   4   0 0  1 0  0 2  1 0
   283  0.4399189060302178E-01   4   0 0  0 1  0 2  1 0
   284  -.1725711437780963E-06   4   1 0  0 0  0 1  2 0
   285  -.1053441096513781E-04   4   0 1  0 0  0 1  2 0
   286  -.8266513499218982E-02   4   0 0  1 0  0 1  2 0
   287  0.4406587434318589E-01   4   0 0  0 1  0 1  2 0
   288  -.1788757585858142E-06   4   1 0  0 0  0 0  3 0
   289  -.1741737386666006E-04   4   0 1  0 0  0 0  3 0
   290  -.1433068886319914E-01   4   0 0  1 0  0 0  3 0
   291  0.8055847747437822E-01   4   0 0  0 1  0 0  3 0
   292  0.5386057928582693E-06   4   1 0  0 0  0 2  0 1
   293  0.2105726856234456E-04   4   0 1  0 0  0 2  0 1
   294  0.3392716457737740E-01   4   0 0  1 0  0 2  0 1
   295  -.8795894449310047E-01   4   0 0  0 1  0 2  0 1
   296  0.5299675234840201E-06   4   1 0  0 0  0 1  1 1
   297  0.1414774585513197E-04   4   0 1  0 0  0 1  1 1
   298  0.2172385723061192E-01   4   0 0  1 0  0 1  1 1
   299  -.5133855673382964E-01   4   0 0  0 1  0 1  1 1
   300  0.5375243598403531E-06   4   1 0  0 0  0 0  2 1
   301  0.2101941099791665E-04   4   0 1  0 0  0 0  2 1
   302  0.3386688952659562E-01   4   0 0  1 0  0 0  2 1
   303  -.8780602898588802E-01   4   0 0  0 1  0 0  2 1
   304  -.5390755903000418E-06   4   1 0  0 0  0 1  0 2
   305  -.1570014011278304E-06   4   0 1  0 0  0 1  0 2
   306  -.2170746463538729E-01   4   0 0  1 0  0 1  0 2
   307  -.1104973739061657E-01   4   0 0  0 1  0 1  0 2
   308  -.5383501277764571E-06   4   1 0  0 0  0 0  1 2
   309  -.1567901160414585E-06   4   0 1  0 0  0 0  1 2
   310  -.2167825175251837E-01   4   0 0  1 0  0 0  1 2
   311  -.1103486717479240E-01   4   0 0  0 1  0 0  1 2
   312  0.1795669908109569E-06   4   1 0  0 0  0 0  0 3
   313  0.3489043997886031E-07   4   0 1  0 0  0 0  0 3
   314  -.9155057223198720E-03   4   0 0  1 0  0 0  0 3
   315  -.1791238976985650E-03   4   0 0  0 1  0 0  0 3
   316  -.2632140490491137E-05   4   0 0  0 0  0 4  0 0
   317  -.1407248678520070E-05   4   0 0  0 0  0 3  1 0
   318  -.1245249207846428E-05   4   0 0  0 0  0 2  2 0
   319  -.1410752685006626E-05   4   0 0  0 0  0 1  3 0
   320  -.2624113389977121E-05   4   0 0  0 0  0 0  4 0
   321  0.2885544543852314E-05   4   0 0  0 0  0 3  0 1
   322  0.1554166581424369E-05   4   0 0  0 0  0 2  1 1
   323  0.1556846301197024E-05   4   0 0  0 0  0 1  2 1
   324  0.2878675347851839E-05   4   0 0  0 0  0 0  3 1
   325  0.1387875359196897E-06   4   0 0  0 0  0 2  0 2
   326  0.1657261822445312E-06   4   0 0  0 0  0 1  1 2
   327  0.1384892489518502E-06   4   0 0  0 0  0 0  2 2
   328  0.6337816202039409E-09   4   0 0  0 0  0 1  0 3
   329  0.6329287067685633E-09   4   0 0  0 0  0 0  1 3
   ----------------------------------------------------
     I  COEFFICIENT            ORDER EXPONENTS
     1  0.9061283629453313E-09   0   0 0  0 0  0 0  0 0
     2  -.5928295821092325E-06   1   1 0  0 0  0 0  0 0
     3  -.1667296061069750E-05   1   0 1  0 0  0 0  0 0
     4  0.5392522013537443E-06   1   0 0  1 0  0 0  0 0
     5  -.5845245167149511E-06   1   0 0  0 1  0 0  0 0
     6   1.000000000000000       1   0 0  0 0  1 0  0 0
     7  0.1570859944392954       1   0 0  0 0  0 1  0 0
     8  -.1570859944218455       1   0 0  0 0  0 0  1 0
     9  -.1745200420616171E-10   1   0 0  0 0  0 0  0 1
    10  -.4097536740939120E-01   2   2 0  0 0  0 0  0 0
    11  -.1481666770680277       2   1 1  0 0  0 0  0 0
    12  -.1974947297187405       2   0 2  0 0  0 0  0 0
    13  -.1172079825895408E-05   2   1 0  1 0  0 0  0 0
    14  -.2264682711850177E-04   2   0 1  1 0  0 0  0 0
    15  -.3476041365054328E-01   2   0 0  2 0  0 0  0 0
    16  -.2264644766826744E-04   2   1 0  0 1  0 0  0 0
    17  -.1333642043081406E-04   2   0 1  0 1  0 0  0 0
    18  0.9208098477319762E-01   2   0 0  1 1  0 0  0 0
    19  -.1267519181753462       2   0 0  0 2  0 0  0 0
    20  0.9557619956914532E-06   2   1 0  0 0  0 1  0 0
    21  0.2675544064728581E-05   2   0 1  0 0  0 1  0 0
    22  -.8062386782815383E-06   2   0 0  1 0  0 1  0 0
    23  0.7826260813824830E-06   2   0 0  0 1  0 1  0 0
    24  0.3632385514666544E-06   2   1 0  0 0  0 0  1 0
    25  0.1009124229824344E-05   2   0 1  0 0  0 0  1 0
    26  -.2673514346203037E-06   2   0 0  1 0  0 0  1 0
    27  0.1986191739965873E-06   2   0 0  0 1  0 0  1 0
    28  -.1318991477927812E-05   2   1 0  0 0  0 0  0 1
    29  -.2017340024972271E-05   2   0 1  0 0  0 0  0 1
    30  0.1073588743495495E-05   2   0 0  1 0  0 0  0 1
    31  -.3967149317104130E-06   2   0 0  0 1  0 0  0 1
    32  -.1178938238122017       2   0 0  0 0  0 2  0 0
    33  0.7870165315802886E-01   2   0 0  0 0  0 1  1 0
    34  0.3919217062708955E-01   2   0 0  0 0  0 0  2 0
    35  0.2706990984068787E-10   2   0 0  0 0  0 1  0 1
    36  0.9628416788694172E-11   2   0 0  0 0  0 0  1 1
    37  -.9623121773560269E-11   2   0 0  0 0  0 0  0 2
    38  -.2266162230275983E-04   3   3 0  0 0  0 0  0 0
    39  -.5642903923934124E-04   3   2 1  0 0  0 0  0 0
    40  0.3789109383807764E-05   3   1 2  0 0  0 0  0 0
    41  0.4502145731182470E-05   3   0 3  0 0  0 0  0 0
    42  -.2428519870848840E-06   3   2 0  1 0  0 0  0 0
    43  -.2700622509258281E-04   3   1 1  1 0  0 0  0 0
    44  0.4155123636107991E-05   3   0 2  1 0  0 0  0 0
    45  -.1250019752114808E-04   3   1 0  2 0  0 0  0 0
    46  0.8004108366259840E-04   3   0 1  2 0  0 0  0 0
    47  -.3782699338053069E-05   3   0 0  3 0  0 0  0 0
    48  -.8888813680433717E-05   3   2 0  0 1  0 0  0 0
    49  -.9551753956120054E-06   3   1 1  0 1  0 0  0 0
    50  0.2530263587867074E-05   3   0 2  0 1  0 0  0 0
    51  0.1213081074633621E-03   3   1 0  1 1  0 0  0 0
    52  0.3306874861828024E-04   3   0 1  1 1  0 0  0 0
    53  0.1714567016690329E-04   3   0 0  2 1  0 0  0 0
    54  0.5699685782457444E-05   3   1 0  0 2  0 0  0 0
    55  -.8257489075291786E-05   3   0 1  0 2  0 0  0 0
    56  0.3661973610362725E-05   3   0 0  1 2  0 0  0 0
    57  -.1522301826362527E-05   3   0 0  0 3  0 0  0 0
    58  0.6312262622025581E-01   3   2 0  0 0  0 1  0 0
    59  0.2380547813372991       3   1 1  0 0  0 1  0 0
    60  0.3188407854481913       3   0 2  0 0  0 1  0 0
    61  0.2346678608403873E-05   3   1 0  1 0  0 1  0 0
    62  0.3430375786147629E-04   3   0 1  1 0  0 1  0 0
    63  0.5068772201757910E-01   3   0 0  2 0  0 1  0 0
    64  0.3428251074663792E-04   3   1 0  0 1  0 1  0 0
    65  0.2673582468756489E-04   3   0 1  0 1  0 1  0 0
    66  -.1257720104749988       3   0 0  1 1  0 1  0 0
    67  0.1768787000731674       3   0 0  0 2  0 1  0 0
    68  0.2217254946534916E-01   3   2 0  0 0  0 0  1 0
    69  0.8996630343045571E-01   3   1 1  0 0  0 0  1 0
    70  0.1214482197791674       3   0 2  0 0  0 0  1 0
    71  0.1173704191920527E-05   3   1 0  1 0  0 0  1 0
    72  0.1166842510086402E-04   3   0 1  1 0  0 0  1 0
    73  0.1595261008119390E-01   3   0 0  2 0  0 0  1 0
    74  0.1165638843810719E-04   3   1 0  0 1  0 0  1 0
    75  0.1341002069401575E-04   3   0 1  0 1  0 0  1 0
    76  -.3376943692258590E-01   3   0 0  1 1  0 0  1 0
    77  0.5022968154375397E-01   3   0 0  0 2  0 0  1 0
    78  -.8529523827852409E-01   3   2 0  0 0  0 0  0 1
    79  -.1798545389881545       3   1 1  0 0  0 0  0 1
    80  -.4529972730253409E-01   3   0 2  0 0  0 0  0 1
    81  -.3519615950634905E-05   3   1 0  1 0  0 0  0 1
    82  -.2331647952673636E-04   3   0 1  1 0  0 0  0 1
    83  -.6664037291227590E-01   3   0 0  2 0  0 0  0 1
    84  -.2330733178771323E-04   3   1 0  0 1  0 0  0 1
    85  -.1351587613223435E-04   3   0 1  0 1  0 0  0 1
    86  0.6746046856903565E-01   3   0 0  1 1  0 0  0 1
    87  0.2639541009695957E-01   3   0 0  0 2  0 0  0 1
    88  -.1260459471005897E-05   3   1 0  0 0  0 2  0 0
    89  -.3529554740174507E-05   3   0 1  0 0  0 2  0 0
    90  0.9958604159814737E-06   3   0 0  1 0  0 2  0 0
    91  -.8882333153447975E-06   3   0 0  0 1  0 2  0 0
    92  -.6095612297514053E-06   3   1 0  0 0  0 1  1 0
    93  -.1708463248132065E-05   3   0 1  0 0  0 1  1 0
    94  0.3794541961556178E-06   3   0 0  1 0  0 1  1 0
    95  -.2114692643738421E-06   3   0 0  0 1  0 1  1 0
    96  -.3050125354571558E-06   3   1 0  0 0  0 0  2 0
    97  -.8548790351825792E-06   3   0 1  0 0  0 0  2 0
    98  0.1900132265147436E-06   3   0 0  1 0  0 0  2 0
    99  -.1061180492418169E-06   3   0 0  0 1  0 0  2 0
   100  0.2174750260854138E-05   3   1 0  0 0  0 1  0 1
   101  0.3416585825077035E-05   3   0 1  0 0  0 1  0 1
   102  -.1564940882622762E-05   3   0 0  1 0  0 1  0 1
   103  0.4227022532740143E-06   3   0 0  0 1  0 1  0 1
   104  0.8563797908953902E-06   3   1 0  0 0  0 0  1 1
   105  0.1400073948677677E-05   3   0 1  0 0  0 0  1 1
   106  -.4921337413858145E-06   3   0 0  1 0  0 0  1 1
   107  0.2648551083866205E-07   3   0 0  0 1  0 0  1 1
   108  -.8560737650611977E-06   3   1 0  0 0  0 0  0 2
   109  -.3909916971380141E-06   3   0 1  0 0  0 0  0 2
   110  0.4917437669957802E-06   3   0 0  1 0  0 0  0 2
   111  0.1721212871252447E-06   3   0 0  0 1  0 0  0 2
   112  0.9825810195699262E-01   3   0 0  0 0  0 3  0 0
   113  -.5898671737571234E-01   3   0 0  0 0  0 2  1 0
   114  -.1971494862282355E-01   3   0 0  0 0  0 1  2 0
   115  -.1955646849522525E-01   3   0 0  0 0  0 0  3 0
   116  -.4614481044786939E-09   3   0 0  0 0  0 2  0 1
   117  0.1860172989062528E-09   3   0 0  0 0  0 1  1 1
   118  0.9251082005660060E-10   3   0 0  0 0  0 0  2 1
   119  0.5710571724306804E-10   3   0 0  0 0  0 1  0 2
   120  0.3341542607699151E-10   3   0 0  0 0  0 0  1 2
   121  -.8962335949217298E-13   3   0 0  0 0  0 0  0 3
   122  -.1030343223113483       4   4 0  0 0  0 0  0 0
   123  -.3564216617405726       4   3 1  0 0  0 0  0 0
   124  -.6772868486185314       4   2 2  0 0  0 0  0 0
   125  -.4884560725743194       4   1 3  0 0  0 0  0 0
   126  -.2334367324940789       4   0 4  0 0  0 0  0 0
   127  0.4320440555294515E-04   4   3 0  1 0  0 0  0 0
   128  -.2254798507445332E-04   4   2 1  1 0  0 0  0 0
   129  -.6876790616550934E-04   4   1 2  1 0  0 0  0 0
   130  -.5211452104563904E-04   4   0 3  1 0  0 0  0 0
   131  -.4353418680522866       4   2 0  2 0  0 0  0 0
   132  -.3358660058568013       4   1 1  2 0  0 0  0 0
   133  -.3515304714437311       4   0 2  2 0  0 0  0 0
   134  -.5590969035135901E-04   4   1 0  3 0  0 0  0 0
   135  -.2106672150310231E-04   4   0 1  3 0  0 0  0 0
   136  -.6939192503212771E-01   4   0 0  4 0  0 0  0 0
   137  -.1863458329544181E-04   4   3 0  0 1  0 0  0 0
   138  -.1558841298687867E-03   4   2 1  0 1  0 0  0 0
   139  -.1240514695965790E-03   4   1 2  0 1  0 0  0 0
   140  -.4189681721515046E-04   4   0 3  0 1  0 0  0 0
   141  -.1586080744507687       4   2 0  1 1  0 0  0 0
   142  0.7794277514673345E-01   4   1 1  1 1  0 0  0 0
   143  0.6436571177806877E-01   4   0 2  1 1  0 0  0 0
   144  -.2982232387166661E-04   4   1 0  2 1  0 0  0 0
   145  -.5797324518579710E-04   4   0 1  2 1  0 0  0 0
   146  -.1122491270284929       4   0 0  3 1  0 0  0 0
   147  0.1109040570248639       4   2 0  0 2  0 0  0 0
   148  -.1066106986440466       4   1 1  0 2  0 0  0 0
   149  -.2445028984139517       4   0 2  0 2  0 0  0 0
   150  0.2919952892543824E-04   4   1 0  1 2  0 0  0 0
   151  -.3523301924926842E-04   4   0 1  1 2  0 0  0 0
   152  -.5115732537686852E-02   4   0 0  2 2  0 0  0 0
   153  -.2247812407952326E-04   4   1 0  0 3  0 0  0 0
   154  -.2344568285174650E-04   4   0 1  0 3  0 0  0 0
   155  0.1318767746335906       4   0 0  1 3  0 0  0 0
   156  -.6004293356433763E-01   4   0 0  0 4  0 0  0 0
   157  0.1791875216175214E-03   4   3 0  0 0  0 1  0 0
   158  0.6690771171343737E-03   4   2 1  0 0  0 1  0 0
   159  0.5506242212714638E-03   4   1 2  0 0  0 1  0 0
   160  0.3167510492128226E-03   4   0 3  0 0  0 1  0 0
   161  0.2206445639563030E-04   4   2 0  1 0  0 1  0 0
   162  0.4710006912360225E-04   4   1 1  1 0  0 1  0 0
   163  -.2098390904803533E-04   4   0 2  1 0  0 1  0 0
   164  0.6566759981927477E-04   4   1 0  2 0  0 1  0 0
   165  0.1753990496003200E-03   4   0 1  2 0  0 1  0 0
   166  0.1683705179811140E-04   4   0 0  3 0  0 1  0 0
   167  -.2698968801400319E-04   4   2 0  0 1  0 1  0 0
   168  0.1896605389692929E-04   4   1 1  0 1  0 1  0 0
   169  0.4225725007269648E-04   4   0 2  0 1  0 1  0 0
   170  -.1868852426209383E-03   4   1 0  1 1  0 1  0 0
   171  -.5871319718203575E-04   4   0 1  1 1  0 1  0 0
   172  -.3152810310327649E-04   4   0 0  2 1  0 1  0 0
   173  0.8092450652906025E-04   4   1 0  0 2  0 1  0 0
   174  0.2137362771624962E-03   4   0 1  0 2  0 1  0 0
   175  -.6358147424935123E-04   4   0 0  1 2  0 1  0 0
   176  0.2636273112316684E-04   4   0 0  0 3  0 1  0 0
   177  0.9506306784508345E-04   4   3 0  0 0  0 0  1 0
   178  0.3613140249480300E-03   4   2 1  0 0  0 0  1 0
   179  0.3371282425250541E-03   4   1 2  0 0  0 0  1 0
   180  0.1971439002747340E-03   4   0 3  0 0  0 0  1 0
   181  0.1168420461723929E-04   4   2 0  1 0  0 0  1 0
   182  0.1633355539420071E-04   4   1 1  1 0  0 0  1 0
   183  -.1190558399373565E-04   4   0 2  1 0  0 0  1 0
   184  0.3735082469719359E-04   4   1 0  2 0  0 0  1 0
   185  0.1110557683020577E-03   4   0 1  2 0  0 0  1 0
   186  0.6407794930937625E-05   4   0 0  3 0  0 0  1 0
   187  -.1506538564347565E-04   4   2 0  0 1  0 0  1 0
   188  0.1301012248502892E-04   4   1 1  0 1  0 0  1 0
   189  0.2559451625885696E-04   4   0 2  0 1  0 0  1 0
   190  -.5933667600561118E-04   4   1 0  1 1  0 0  1 0
   191  -.3783621396122905E-04   4   0 1  1 1  0 0  1 0
   192  -.8043862203245078E-05   4   0 0  2 1  0 0  1 0
   193  0.4741022519965089E-04   4   1 0  0 2  0 0  1 0
   194  0.1271679074258790E-03   4   0 1  0 2  0 0  1 0
   195  -.3525334644958037E-04   4   0 0  1 2  0 0  1 0
   196  0.1514997925117917E-04   4   0 0  0 3  0 0  1 0
   197  -.1892795261597704E-03   4   3 0  0 0  0 0  0 1
   198  -.4505836059538681E-03   4   2 1  0 0  0 0  0 1
   199  -.2741536988327809E-03   4   1 2  0 0  0 0  0 1
   200  -.5143907483571537E-04   4   0 3  0 0  0 0  0 1
   201  -.2197363664321153E-04   4   2 0  1 0  0 0  0 1
   202  -.3110970352924484E-04   4   1 1  1 0  0 0  0 1
   203  0.1036711202858038E-04   4   0 2  1 0  0 0  0 1
   204  -.4867352476619628E-04   4   1 0  2 0  0 0  0 1
   205  -.6514513459582002E-04   4   0 1  2 0  0 0  0 1
   206  -.1623561924163602E-04   4   0 0  3 0  0 0  0 1
   207  0.8171783971281912E-05   4   2 0  0 1  0 0  0 1
   208  -.8049958880329837E-05   4   1 1  0 1  0 0  0 1
   209  0.1378145506469493E-05   4   0 2  0 1  0 0  0 1
   210  0.1360865236207965E-03   4   1 0  1 1  0 0  0 1
   211  0.2628526374739787E-04   4   0 1  1 1  0 0  0 1
   212  0.6991848162148613E-05   4   0 0  2 1  0 0  0 1
   213  -.3206088243427410E-04   4   1 0  0 2  0 0  0 1
   214  -.9570579951203013E-05   4   0 1  0 2  0 0  0 1
   215  0.1975527278252324E-04   4   0 0  1 2  0 0  0 1
   216  0.5893043944701483E-05   4   0 0  0 3  0 0  0 1
   217  -.8060342011294062E-01   4   2 0  0 0  0 2  0 0
   218  -.3138879179052531       4   1 1  0 0  0 2  0 0
   219  -.4225565785555573       4   0 2  0 0  0 2  0 0
   220  -.3517136663032915E-05   4   1 0  1 0  0 2  0 0
   221  -.4328423931057471E-04   4   0 1  1 0  0 2  0 0
   222  -.6194350412266948E-01   4   0 0  2 0  0 2  0 0
   223  -.4327963616134113E-04   4   1 0  0 1  0 2  0 0
   224  -.4027182203433476E-04   4   0 1  0 1  0 2  0 0
   225  0.1452964256019768       4   0 0  1 1  0 2  0 0
   226  -.2088983944654256       4   0 0  0 2  0 2  0 0
   227  -.3497415239630600E-01   4   2 0  0 0  0 1  1 0
   228  -.1517042159641185       4   1 1  0 0  0 1  1 0
   229  -.2074792187106104       4   0 2  0 0  0 1  1 0
   230  -.2343993218474351E-05   4   1 0  1 0  0 1  1 0
   231  -.1797656122371376E-04   4   0 1  1 0  0 1  1 0
   232  -.2252416849431889E-01   4   0 0  2 0  0 1  1 0
   233  -.1799163640514437E-04   4   1 0  0 1  0 1  1 0
   234  -.2705035835271850E-04   4   0 1  0 1  0 1  1 0
   235  0.3908717168476433E-01   4   0 0  1 1  0 1  1 0
   236  -.6408837540283870E-01   4   0 0  0 2  0 1  1 0
   237  -.1750593983172956E-01   4   2 0  0 0  0 0  2 0
   238  -.7590991655036050E-01   4   1 1  0 0  0 0  2 0
   239  -.1038141443665070       4   0 2  0 0  0 0  2 0
   240  -.1170843435762558E-05   4   1 0  1 0  0 0  2 0
   241  -.8997842379187667E-05   4   0 1  1 0  0 0  2 0
   242  -.1128097276996492E-01   4   0 0  2 0  0 0  2 0
   243  -.9006978706808083E-05   4   1 0  0 1  0 0  2 0
   244  -.1352492701845368E-04   4   0 1  0 1  0 0  2 0
   245  0.1960176592268383E-01   4   0 0  1 1  0 0  2 0
   246  -.3211987727854499E-01   4   0 0  0 2  0 0  2 0
   247  0.1330582297169163       4   2 0  0 0  0 1  0 1
   248  0.3033701917211482       4   1 1  0 0  0 1  0 1
   249  0.9606964248461272E-01   4   0 2  0 0  0 1  0 1
   250  0.7037422134464915E-05   4   1 0  1 0  0 1  0 1
   251  0.3596192229882111E-04   4   0 1  1 0  0 1  0 1
   252  0.9572337965169658E-01   4   0 0  2 0  0 1  0 1
   253  0.3595888952047736E-04   4   1 0  0 1  0 1  0 1
   254  0.2730143033478093E-04   4   0 1  0 1  0 1  0 1
   255  -.7813599285595457E-01   4   0 0  1 1  0 1  0 1
   256  -.4875103985760863E-01   4   0 0  0 2  0 1  0 1
   257  0.4781334609334753E-01   4   2 0  0 0  0 0  1 1
   258  0.1235911452252512       4   1 1  0 0  0 0  1 1
   259  0.5076247162092436E-01   4   0 2  0 0  0 0  1 1
   260  0.3517802245125612E-05   4   1 0  1 0  0 0  1 1
   261  0.1265976112311194E-04   4   0 1  1 0  0 0  1 1
   262  0.2913342898369888E-01   4   0 0  2 0  0 0  1 1
   263  0.1266585556053639E-04   4   1 0  0 1  0 0  1 1
   264  0.1378516680457088E-04   4   0 1  0 1  0 0  1 1
   265  -.1075182061441706E-01   4   0 0  1 1  0 0  1 1
   266  -.2236101850320909E-01   4   0 0  0 2  0 0  1 1
   267  -.4778813055032444E-01   4   2 0  0 0  0 0  0 2
   268  -.3362607248566448E-01   4   1 1  0 0  0 0  0 2
   269  -.5466450671743975E-02   4   0 2  0 0  0 0  0 2
   270  -.3521537651086254E-05   4   1 0  1 0  0 0  0 2
   271  -.1000092418321586E-05   4   0 1  1 0  0 0  0 2
   272  -.2910820073003068E-01   4   0 0  2 0  0 0  0 2
   273  -.1000123002881345E-05   4   1 0  0 1  0 0  0 2
   274  -.2694918688621435E-06   4   0 1  0 1  0 0  0 2
   275  -.2301655803988339E-01   4   0 0  1 1  0 0  0 2
   276  -.4037085037168246E-02   4   0 0  0 2  0 0  0 2
   277  0.5095338102782599E-04   4   1 0  0 0  0 3  0 0
   278  0.1317093899587637E-03   4   0 1  0 0  0 3  0 0
   279  -.1098497214217863E-04   4   0 0  1 0  0 3  0 0
   280  0.2254702591430869E-04   4   0 0  0 1  0 3  0 0
   281  0.2406945334939171E-04   4   1 0  0 0  0 2  1 0
   282  0.6233047993203474E-04   4   0 1  0 0  0 2  1 0
   283  -.4202218822992703E-05   4   0 0  1 0  0 2  1 0
   284  0.8455726613549183E-05   4   0 0  0 1  0 2  1 0
   285  0.1479734488383207E-04   4   1 0  0 0  0 1  2 0
   286  0.3834978211613270E-04   4   0 1  0 0  0 1  2 0
   287  -.2443815737353889E-05   4   0 0  1 0  0 1  2 0
   288  0.4894515146968244E-05   4   0 0  0 1  0 1  2 0
   289  0.8036629035354592E-05   4   1 0  0 0  0 0  3 0
   290  0.2081154760186774E-04   4   0 1  0 0  0 0  3 0
   291  -.1404590518952085E-05   4   0 0  1 0  0 0  3 0
   292  0.2826637441250811E-05   4   0 0  0 1  0 0  3 0
   293  -.4584104991550047E-04   4   1 0  0 0  0 2  0 1
   294  -.1669370899295635E-04   4   0 1  0 0  0 2  0 1
   295  0.9528833162654190E-05   4   0 0  1 0  0 2  0 1
   296  0.3223884821479677E-05   4   0 0  0 1  0 2  0 1
   297  -.2118914036808523E-04   4   1 0  0 0  0 1  1 1
   298  -.1089659335474153E-04   4   0 1  0 0  0 1  1 1
   299  0.3161576031095653E-05   4   0 0  1 0  0 1  1 1
   300  0.2074398122470901E-05   4   0 0  0 1  0 1  1 1
   301  -.1060398757562227E-04   4   1 0  0 0  0 0  2 1
   302  -.5448516291511494E-05   4   0 1  0 0  0 0  2 1
   303  0.1584000059535494E-05   4   0 0  1 0  0 0  2 1
   304  0.1037271683959575E-05   4   0 0  0 1  0 0  2 1
   305  0.1753985495999773E-05   4   1 0  0 0  0 1  0 2
   306  0.6435079895716574E-06   4   0 1  0 0  0 1  0 2
   307  -.7031691537713098E-07   4   0 0  1 0  0 1  0 2
   308  -.1671078977330671E-06   4   0 0  0 1  0 1  0 2
   309  0.1224406601273680E-05   4   1 0  0 0  0 0  1 2
   310  0.4608683675297374E-06   4   0 1  0 0  0 0  1 2
   311  0.1220195830391320E-06   4   0 0  1 0  0 0  1 2
   312  -.6799087030135612E-07   4   0 0  0 1  0 0  1 2
   313  -.7729457710309413E-07   4   1 0  0 0  0 0  0 3
   314  -.2780090711591720E-07   4   0 1  0 0  0 0  0 3
   315  -.2458997002616128E-07   4   0 0  1 0  0 0  0 3
   316  -.6736853044186852E-08   4   0 0  0 1  0 0  0 3
   317  -.8598082662116886E-01   4   0 0  0 0  0 4  0 0
   318  0.4914891612502690E-01   4   0 0  0 0  0 3  1 0
   319  0.1475665001962759E-01   4   0 0  0 0  0 2  2 0
   320  0.9877163805164560E-02   4   0 0  0 0  0 1  3 0
   321  0.1219805179445237E-01   4   0 0  0 0  0 0  4 0
   322  0.1045813284565410E-08   4   0 0  0 0  0 3  0 1
   323  0.1049831955349896E-08   4   0 0  0 0  0 2  1 1
   324  0.8988987794146357E-09   4   0 0  0 0  0 1  2 1
   325  0.3403031525298540E-09   4   0 0  0 0  0 0  3 1
   326  -.3311732773919730E-10   4   0 0  0 0  0 2  0 2
   327  0.4726774741471708E-11   4   0 0  0 0  0 1  1 2
   328  0.2478293823530433E-11   4   0 0  0 0  0 0  2 2
   329  -.1469739831032413E-13   4   0 0  0 0  0 1  0 3
   330  -.1040599192621745E-12   4   0 0  0 0  0 0  1 3
   331  -.5673470274065468E-13   4   0 0  0 0  0 0  0 4
   ----------------------------------------------------
     I  COEFFICIENT            ORDER EXPONENTS
     1   1.000000000000000       1   0 0  0 0  0 1  0 0
     --------------------------------------------------
     I  COEFFICIENT            ORDER EXPONENTS
     1   1.000000000000000       1   0 0  0 0  0 0  1 0
     --------------------------------------------------
     I  COEFFICIENT            ORDER EXPONENTS
     1   1.000000000000000       1   0 0  0 0  0 0  0 1
     --------------------------------------------------
