 L    0.6291909999999999E+00
 P (  0.0000000000000000E+00,  0.0000000000000000E+00,  0.1066695000000000E+00)
 A (  0.0000000000000000E+00,  0.0000000000000000E+00,  0.0000000000000000E+00)
     I  COEFFICIENT            ORDER EXPONENTS
     1  -.9794256472844609E-04   0   0 0  0 0  0 0  0 0
     2   1.297912886326428       1   1 0  0 0  0 0  0 0
     3  0.7166485560274343       1   0 1  0 0  0 0  0 0
     4  0.5385419955924775E-04   1   0 0  1 0  0 0  0 0
     5  0.1598747342741569E-04   1   0 0  0 1  0 0  0 0
     6  -.2079547664860382E-05   1   0 0  0 0  0 1  0 0
     7  -.2076749107618633E-05   1   0 0  0 0  0 0  1 0
     8  0.4156296772479032E-05   1   0 0  0 0  0 0  0 1
     9  0.1422392160964575E-03   2   2 0  0 0  0 0  0 0
    10  0.1093334454485479E-04   2   1 1  0 0  0 0  0 0
    11  -.6716332147747210E-05   2   0 2  0 0  0 0  0 0
    12  0.8126377961791962E-04   2   1 0  1 0  0 0  0 0
    13  -.2816951208157258E-05   2   0 1  1 0  0 0  0 0
    14  -.1768956619649012E-03   2   0 0  2 0  0 0  0 0
    15  0.7960894943547370E-05   2   1 0  0 1  0 0  0 0
    16  -.3812654195445053E-05   2   0 1  0 1  0 0  0 0
    17  -.3282445570456815E-04   2   0 0  1 1  0 0  0 0
    18  0.7329057270887147E-05   2   0 0  0 2  0 0  0 0
    19  -.1554390812883969       2   1 0  0 0  0 1  0 0
    20  -.4037177735746694       2   0 1  0 0  0 1  0 0
    21  -.2697478124416568E-04   2   0 0  1 0  0 1  0 0
    22  -.1599886342350912E-04   2   0 0  0 1  0 1  0 0
    23  -.1552298986983893       2   1 0  0 0  0 0  1 0
    24  -.4031744692215523       2   0 1  0 0  0 0  1 0
    25  -.2693847985484471E-04   2   0 0  1 0  0 0  1 0
    26  -.1597733290711407E-04   2   0 0  0 1  0 0  1 0
    27  0.3106689799867863       2   1 0  0 0  0 0  0 1
    28  0.9024368676878744E-01   2   0 1  0 0  0 0  0 1
    29  0.5391326109901038E-04   2   0 0  1 0  0 0  0 1
    30  0.1598872290320750E-04   2   0 0  0 1  0 0  0 1
    31  0.1672031984536416E-05   2   0 0  0 0  0 2  0 0
    32  0.1265601748151934E-05   2   0 0  0 0  0 1  1 0
    33  0.1668930249131625E-05   2   0 0  0 0  0 0  2 0
    34  -.2530086340803878E-05   2   0 0  0 0  0 1  0 1
    35  -.2526681469845329E-05   2   0 0  0 0  0 0  1 1
    36  0.4502348760170760E-06   2   0 0  0 0  0 0  0 2
    37  0.1568976469543270       3   3 0  0 0  0 0  0 0
    38   1.090382497255850       3   2 1  0 0  0 0  0 0
    39  0.9814467540085028       3   1 2  0 0  0 0  0 0
    40  0.5651155297636050       3   0 3  0 0  0 0  0 0
    41  0.1507322612272141E-03   3   2 0  1 0  0 0  0 0
    42  0.2130751338407449E-03   3   1 1  1 0  0 0  0 0
    43  0.1341673102951777E-03   3   0 2  1 0  0 0  0 0
    44  -.3075841243846401       3   1 0  2 0  0 0  0 0
    45  0.4999380303229956       3   0 1  2 0  0 0  0 0
    46  -.2427266450826392E-04   3   0 0  3 0  0 0  0 0
    47  0.2057446422091701E-03   3   2 0  0 1  0 0  0 0
    48  0.1764236279713663E-03   3   1 1  0 1  0 0  0 0
    49  0.6891664098037941E-04   3   0 2  0 1  0 0  0 0
    50  -.4950747228227095       3   1 0  1 1  0 0  0 0
    51  -.5445309350174060E-01   3   0 1  1 1  0 0  0 0
    52  0.2060551376637893E-04   3   0 0  2 1  0 0  0 0
    53  0.1912498828079355       3   1 0  0 2  0 0  0 0
    54  0.3976073128632117       3   0 1  0 2  0 0  0 0
    55  0.5186938522116434E-04   3   0 0  1 2  0 0  0 0
    56  0.2255158223453764E-04   3   0 0  0 3  0 0  0 0
    57  -.6768325986155421E-04   3   2 0  0 0  0 1  0 0
    58  -.8959089730842772E-05   3   1 1  0 0  0 1  0 0
    59  0.9702550721238139E-05   3   0 2  0 0  0 1  0 0
    60  -.4530335973422466E-04   3   1 0  1 0  0 1  0 0
    61  0.1774449928651668E-05   3   0 1  1 0  0 1  0 0
    62  0.1026181516028152E-03   3   0 0  2 0  0 1  0 0
    63  -.9421500914219395E-05   3   1 0  0 1  0 1  0 0
    64  0.5238744641506803E-05   3   0 1  0 1  0 1  0 0
    65  0.3959901424721503E-04   3   0 0  1 1  0 1  0 0
    66  -.1065384567936767E-04   3   0 0  0 2  0 1  0 0
    67  -.6759217492023585E-04   3   2 0  0 0  0 0  1 0
    68  -.8947033010107500E-05   3   1 1  0 0  0 0  1 0
    69  0.9689493485745230E-05   3   0 2  0 0  0 0  1 0
    70  -.4524239260776780E-04   3   1 0  1 0  0 0  1 0
    71  0.1772061957564541E-05   3   0 1  1 0  0 0  1 0
    72  0.1024800529306141E-03   3   0 0  2 0  0 0  1 0
    73  -.9408821902308789E-05   3   1 0  0 1  0 0  1 0
    74  0.5231694585861613E-05   3   0 1  0 1  0 0  1 0
    75  0.3954572376007793E-04   3   0 0  1 1  0 0  1 0
    76  -.1063950823595114E-04   3   0 0  0 2  0 0  1 0
    77  0.1352754347817876E-03   3   2 0  0 0  0 0  0 1
    78  0.6972778196092351E-05   3   1 1  0 0  0 0  0 1
    79  -.5959379911491406E-05   3   0 2  0 0  0 0  0 1
    80  0.9054575234200866E-04   3   1 0  1 0  0 0  0 1
    81  -.7295606780381911E-06   3   0 1  1 0  0 0  0 1
    82  -.2050982045334293E-03   3   0 0  2 0  0 0  0 1
    83  0.1086942787296955E-04   3   1 0  0 1  0 0  0 1
    84  -.2845130836492592E-05   3   0 1  0 1  0 0  0 1
    85  -.4632028230272416E-04   3   0 0  1 1  0 0  0 1
    86  0.6635239373544619E-05   3   0 0  0 2  0 0  0 1
    87  0.1198003688198908       3   1 0  0 0  0 2  0 0
    88  0.3260187842364289       3   0 1  0 0  0 2  0 0
    89  0.2025861525902173E-04   3   0 0  1 0  0 2  0 0
    90  0.1598934347415699E-04   3   0 0  0 1  0 2  0 0
    91  0.8425732631404907E-01   3   1 0  0 0  0 1  1 0
    92  0.2485282761427883       3   0 1  0 0  0 1  1 0
    93  0.1355886155903657E-04   3   0 0  1 0  0 1  1 0
    94  0.1599134911242678E-04   3   0 0  0 1  0 1  1 0
    95  0.1195824523601078       3   1 0  0 0  0 0  2 0
    96  0.3254128147006866       3   0 1  0 0  0 0  2 0
    97  0.2022222873097753E-04   3   0 0  1 0  0 0  2 0
    98  0.1595706556726652E-04   3   0 0  0 1  0 0  2 0
    99  -.1684191019034456       3   1 0  0 0  0 1  0 1
   100  -.9313065033763805E-01   3   0 1  0 0  0 1  0 1
   101  -.2709639545607699E-04   3   0 0  1 0  0 1  0 1
   102  -.1602028341890796E-04   3   0 0  0 1  0 1  0 1
   103  -.1681924514134215       3   1 0  0 0  0 0  1 1
   104  -.9300531949750902E-01   3   0 1  0 0  0 0  1 1
   105  -.2705993040408109E-04   3   0 0  1 0  0 0  1 1
   106  -.1599872407649259E-04   3   0 0  0 1  0 0  1 1
   107  0.1297131865181578E-01   3   1 0  0 0  0 0  0 2
   108  0.2824315229728106E-02   3   0 1  0 0  0 0  0 2
   109  0.1192695383787264E-06   3   0 0  1 0  0 0  0 2
   110  0.2136776057997840E-07   3   0 0  0 1  0 0  0 2
   111  -.1469659328085797E-05   3   0 0  0 0  0 3  0 0
   112  -.1065196102082718E-05   3   0 0  0 0  0 2  1 0
   113  -.1066008571011924E-05   3   0 0  0 0  0 1  2 0
   114  -.1465976851739456E-05   3   0 0  0 0  0 0  3 0
   115  0.2130160266055383E-05   3   0 0  0 0  0 2  0 1
   116  0.1731306012728364E-05   3   0 0  0 0  0 1  1 1
   117  0.2126128641772217E-05   3   0 0  0 0  0 0  2 1
   118  -.4657285231185747E-06   3   0 0  0 0  0 1  0 2
   119  -.4651017676212260E-06   3   0 0  0 0  0 0  1 2
   120  0.1012017956410700E-07   3   0 0  0 0  0 0  0 3
   121  -.8096673554711552E-04   4   4 0  0 0  0 0  0 0
   122  0.5474133882580944E-03   4   3 1  0 0  0 0  0 0
   123  0.9198554714865947E-03   4   2 2  0 0  0 0  0 0
   124  0.6747357632215070E-03   4   1 3  0 0  0 0  0 0
   125  0.3503989535967682E-03   4   0 4  0 0  0 0  0 0
   126  -.2454352811756439E-04   4   3 0  1 0  0 0  0 0
   127  0.4343588996981478E-04   4   2 1  1 0  0 0  0 0
   128  -.3855586396301300E-04   4   1 2  1 0  0 0  0 0
   129  -.5644465528827981E-04   4   0 3  1 0  0 0  0 0
   130  -.6781380872822478E-03   4   2 0  2 0  0 0  0 0
   131  -.1511940335163289E-03   4   1 1  2 0  0 0  0 0
   132  0.1864452210851810E-03   4   0 2  2 0  0 0  0 0
   133  -.8552703901365633E-04   4   1 0  3 0  0 0  0 0
   134  0.3734845759742151E-04   4   0 1  3 0  0 0  0 0
   135  -.3005706349193712E-04   4   0 0  4 0  0 0  0 0
   136  -.7084185517097586E-04   4   3 0  0 1  0 0  0 0
   137  -.8183513895063022E-04   4   2 1  0 1  0 0  0 0
   138  0.8460148750922675E-05   4   1 2  0 1  0 0  0 0
   139  0.3516678399090299E-04   4   0 3  0 1  0 0  0 0
   140  -.6949732904115738E-03   4   2 0  1 1  0 0  0 0
   141  -.9046683130397131E-03   4   1 1  1 1  0 0  0 0
   142  -.1390235789519261E-03   4   0 2  1 1  0 0  0 0
   143  -.1955823022069348E-03   4   1 0  2 1  0 0  0 0
   144  -.1366861092375252E-03   4   0 1  2 1  0 0  0 0
   145  0.1898712951445989E-04   4   0 0  3 1  0 0  0 0
   146  0.4725112843399950E-03   4   2 0  0 2  0 0  0 0
   147  0.3764357849478175E-03   4   1 1  0 2  0 0  0 0
   148  0.3515474364891475E-03   4   0 2  0 2  0 0  0 0
   149  -.6488263742920192E-04   4   1 0  1 2  0 0  0 0
   150  -.1209637733863268E-03   4   0 1  1 2  0 0  0 0
   151  0.7130225907029605E-04   4   0 0  2 2  0 0  0 0
   152  0.4640812487273185E-04   4   1 0  0 3  0 0  0 0
   153  0.3046946429969371E-04   4   0 1  0 3  0 0  0 0
   154  -.1364401764035439E-04   4   0 0  1 3  0 0  0 0
   155  0.4827111971439999E-04   4   0 0  0 4  0 0  0 0
   156  -.2276911662416851       4   3 0  0 0  0 1  0 0
   157  -1.471622731765891       4   2 1  0 0  0 1  0 0
   158  -1.677306353584424       4   1 2  0 0  0 1  0 0
   159  -1.004490393705582       4   0 3  0 0  0 1  0 0
   160  -.1656492023178114E-03   4   2 0  1 0  0 1  0 0
   161  -.3329119226669985E-03   4   1 1  1 0  0 1  0 0
   162  -.2305133971756866E-03   4   0 2  1 0  0 1  0 0
   163  0.2553932412119075       4   1 0  2 0  0 1  0 0
   164  -.5142845708079899       4   0 1  2 0  0 1  0 0
   165  0.1598635472262698E-04   4   0 0  3 0  0 1  0 0
   166  -.2689400651973202E-03   4   2 0  0 1  0 1  0 0
   167  -.3255400363633124E-03   4   1 1  0 1  0 1  0 0
   168  -.1508892579230747E-03   4   0 2  0 1  0 1  0 0
   169  0.7191338813497316       4   1 0  1 1  0 1  0 0
   170  0.1339009062853350       4   0 1  1 1  0 1  0 0
   171  0.7936479353622429E-05   4   0 0  2 1  0 1  0 0
   172  -.2422874427888193       4   1 0  0 2  0 1  0 0
   173  -.6251766054380591       4   0 1  0 2  0 1  0 0
   174  -.6013139317008676E-04   4   0 0  1 2  0 1  0 0
   175  -.4225961991016079E-04   4   0 0  0 3  0 1  0 0
   176  -.2273847502008767       4   3 0  0 0  0 0  1 0
   177  -1.469642291248659       4   2 1  0 0  0 0  1 0
   178  -1.675049113742486       4   1 2  0 0  0 0  1 0
   179  -1.003138597873729       4   0 3  0 0  0 0  1 0
   180  -.1654262794281106E-03   4   2 0  1 0  0 0  1 0
   181  -.3324639054910695E-03   4   1 1  1 0  0 0  1 0
   182  -.2302031831094884E-03   4   0 2  1 0  0 0  1 0
   183  0.2550495450241520       4   1 0  2 0  0 0  1 0
   184  -.5135924708699880       4   0 1  2 0  0 0  1 0
   185  0.1596484103985218E-04   4   0 0  3 0  0 0  1 0
   186  -.2685781383322841E-03   4   2 0  0 1  0 0  1 0
   187  -.3251019399245458E-03   4   1 1  0 1  0 0  1 0
   188  -.1506861982709274E-03   4   0 2  0 1  0 0  1 0
   189  0.7181661048638184       4   1 0  1 1  0 0  1 0
   190  0.1337207087561882       4   0 1  1 1  0 0  1 0
   191  0.7925798813741763E-05   4   0 0  2 1  0 0  1 0
   192  -.2419613837669272       4   1 0  0 2  0 0  1 0
   193  -.6243352722260122       4   0 1  0 2  0 0  1 0
   194  -.6005047117505290E-04   4   0 0  1 2  0 0  1 0
   195  -.4220274890531249E-04   4   0 0  0 3  0 0  1 0
   196  0.4550759164425667       4   3 0  0 0  0 0  0 1
   197   1.850882525758713       4   2 1  0 0  0 0  0 1
   198   1.389461959309914       4   1 2  0 0  0 0  0 1
   199  0.3122824022884994       4   0 3  0 0  0 0  0 1
   200  0.3310754817459238E-03   4   2 0  1 0  0 0  0 1
   201  0.4523006943173062E-03   4   1 1  1 0  0 0  0 1
   202  0.1923819596947967E-03   4   0 2  1 0  0 0  0 1
   203  -.5104427862360602       4   1 0  2 0  0 0  0 1
   204  0.5279390113549821       4   0 1  2 0  0 0  0 1
   205  -.3195119576247929E-04   4   0 0  3 0  0 0  0 1
   206  0.3317735613204353E-03   4   2 0  0 1  0 0  0 1
   207  0.2977947203451413E-03   4   1 1  0 1  0 0  0 1
   208  0.9482553325288205E-04   4   0 2  0 1  0 0  0 1
   209  -.9422252633908387       4   1 0  1 1  0 0  0 1
   210  -.1587154280380441       4   0 1  1 1  0 0  0 1
   211  -.3646779193374306E-04   4   0 0  2 1  0 0  0 1
   212  0.1017490609398746       4   1 0  0 2  0 0  0 1
   213  0.5668993907443561E-01   4   0 1  0 2  0 0  0 1
   214  0.1644309390281065E-04   4   0 0  1 2  0 0  0 1
   215  0.1680762211186040E-04   4   0 0  0 3  0 0  0 1
   216  0.3549672743228856E-03   4   2 0  0 0  0 2  0 0
   217  0.5066841912282421E-03   4   1 1  0 0  0 2  0 0
   218  0.4514283770563048E-03   4   0 2  0 0  0 2  0 0
   219  0.6563290744137295E-05   4   1 0  1 0  0 2  0 0
   220  -.1865987154063766E-04   4   0 1  1 0  0 2  0 0
   221  0.7348719050001975E-04   4   0 0  2 0  0 2  0 0
   222  0.5966831333471351E-04   4   1 0  0 1  0 2  0 0
   223  0.6156653606995571E-04   4   0 1  0 1  0 2  0 0
   224  -.1285260218534221E-04   4   0 0  1 1  0 2  0 0
   225  0.1234872961328593E-03   4   0 0  0 2  0 2  0 0
   226  0.3785134316142915E-03   4   2 0  0 0  0 1  1 0
   227  0.6347717797826590E-03   4   1 1  0 0  0 1  1 0
   228  0.5657586886832364E-03   4   0 2  0 0  0 1  1 0
   229  -.6956319422382293E-05   4   1 0  1 0  0 1  1 0
   230  -.2157018854917527E-04   4   0 1  1 0  0 1  1 0
   231  0.9169897301246062E-04   4   0 0  2 0  0 1  1 0
   232  0.6930407781931761E-04   4   1 0  0 1  0 1  1 0
   233  0.7526100141947937E-04   4   0 1  0 1  0 1  1 0
   234  -.2734216358937713E-04   4   0 0  1 1  0 1  1 0
   235  0.1492533182703860E-03   4   0 0  0 2  0 1  1 0
   236  0.3542348833253689E-03   4   2 0  0 0  0 0  2 0
   237  0.5055751965501813E-03   4   1 1  0 0  0 0  2 0
   238  0.4504401803315919E-03   4   0 2  0 0  0 0  2 0
   239  0.6559138920196984E-05   4   1 0  1 0  0 0  2 0
   240  -.1862024589332836E-04   4   0 1  1 0  0 0  2 0
   241  0.7332659282425045E-04   4   0 0  2 0  0 0  2 0
   242  0.5954138144982275E-04   4   1 0  0 1  0 0  2 0
   243  0.6143304137284613E-04   4   0 1  0 1  0 0  2 0
   244  -.1281690786146411E-04   4   0 0  1 1  0 0  2 0
   245  0.1232206837086482E-03   4   0 0  0 2  0 0  2 0
   246  -.4500798771010453E-03   4   2 0  0 0  0 1  0 1
   247  -.4639279010272621E-03   4   1 1  0 0  0 1  0 1
   248  -.1233039011320341E-03   4   0 2  0 0  0 1  0 1
   249  -.2205981087039909E-05   4   1 0  1 0  0 1  0 1
   250  0.2475339096231321E-04   4   0 1  1 0  0 1  0 1
   251  -.4057660482723068E-04   4   0 0  2 0  0 1  0 1
   252  -.4953017710531882E-04   4   1 0  0 1  0 1  0 1
   253  -.1004428251599837E-04   4   0 1  0 1  0 1  0 1
   254  0.2615720190168220E-04   4   0 0  1 1  0 1  0 1
   255  -.1538672533370416E-04   4   0 0  0 2  0 1  0 1
   256  -.4494741808139727E-03   4   2 0  0 0  0 0  1 1
   257  -.4633035687222241E-03   4   1 1  0 0  0 0  1 1
   258  -.1231379645530021E-03   4   0 2  0 0  0 0  1 1
   259  -.2203012381657246E-05   4   1 0  1 0  0 0  1 1
   260  0.2472007901534306E-04   4   0 1  1 0  0 0  1 1
   261  -.4052199874476337E-04   4   0 0  2 0  0 0  1 1
   262  -.4946352172724687E-04   4   1 0  0 1  0 0  1 1
   263  -.1003076539395895E-04   4   0 1  0 1  0 0  1 1
   264  0.2612200077210915E-04   4   0 0  1 1  0 0  1 1
   265  -.1536601860390128E-04   4   0 0  0 2  0 0  1 1
   266  0.6785362017667853E-04   4   2 0  0 0  0 0  0 2
   267  0.3812514440123246E-04   4   1 1  0 0  0 0  0 2
   268  0.5835364314095842E-05   4   0 2  0 0  0 0  0 2
   269  -.1211927940850768E-04   4   1 0  1 0  0 0  0 2
   270  -.5910342493136493E-05   4   0 1  1 0  0 0  0 2
   271  -.1012886403072939E-04   4   0 0  2 0  0 0  0 2
   272  -.9584536110118150E-06   4   1 0  0 1  0 0  0 2
   273  -.1009593802371595E-05   4   0 1  0 1  0 0  0 2
   274  -.9990385941758743E-05   4   0 0  1 1  0 0  0 2
   275  -.1848972047752942E-05   4   0 0  0 2  0 0  0 2
   276  -.1020202129663191       4   1 0  0 0  0 3  0 0
   277  -.2875540101387952       4   0 1  0 0  0 3  0 0
   278  -.1690494555374742E-04   4   0 0  1 0  0 3  0 0
   279  -.1600865605128027E-04   4   0 0  0 1  0 3  0 0
   280  -.6648380754207731E-01   4   1 0  0 0  0 2  1 0
   281  -.2106753802100043       4   0 1  0 0  0 2  1 0
   282  -.1020377401618950E-04   4   0 0  1 0  0 2  1 0
   283  -.1603480394453089E-04   4   0 0  0 1  0 2  1 0
   284  -.6655526522586694E-01   4   1 0  0 0  0 1  2 0
   285  -.2108297885031191       4   0 1  0 0  0 1  2 0
   286  -.1021725527396044E-04   4   0 0  1 0  0 1  2 0
   287  -.1603470767289349E-04   4   0 0  0 1  0 1  2 0
   288  -.1017695969141145       4   1 0  0 0  0 0  3 0
   289  -.2868319778098297       4   0 1  0 0  0 0  3 0
   290  -.1686396411658046E-04   4   0 0  1 0  0 0  3 0
   291  -.1596556560670571E-04   4   0 0  0 1  0 0  3 0
   292  0.1329435565536491       4   1 0  0 0  0 2  0 1
   293  0.9528068813463848E-01   4   0 1  0 0  0 2  0 1
   294  0.2040594908283617E-04   4   0 0  1 0  0 2  0 1
   295  0.1604239071002284E-04   4   0 0  0 1  0 2  0 1
   296  0.9756318882235632E-01   4   1 0  0 0  0 1  1 1
   297  0.9742477042822159E-01   4   0 1  0 0  0 1  1 1
   298  0.1373346101167160E-04   4   0 0  1 0  0 1  1 1
   299  0.1606440948572626E-04   4   0 0  0 1  0 1  1 1
   300  0.1326989994098908       4   1 0  0 0  0 0  2 1
   301  0.9508690904268467E-01   4   0 1  0 0  0 0  2 1
   302  0.2036924679601873E-04   4   0 0  1 0  0 0  2 1
   303  0.1600999225405878E-04   4   0 0  0 1  0 0  2 1
   304  -.1330599937131754E-01   4   1 0  0 0  0 1  0 2
   305  -.4297073954809371E-02   4   0 1  0 0  0 1  0 2
   306  -.1785796671899023E-06   4   0 0  1 0  0 1  0 2
   307  -.4262363956810068E-07   4   0 0  0 1  0 1  0 2
   308  -.1328809278445373E-01   4   1 0  0 0  0 0  1 2
   309  -.4291291155194965E-02   4   0 1  0 0  0 0  1 2
   310  -.1783393430899790E-06   4   0 0  1 0  0 0  1 2
   311  -.4256627868274061E-07   4   0 0  0 1  0 0  1 2
   312  0.2171516173793950E-03   4   1 0  0 0  0 0  0 3
   313  0.3847314027322002E-04   4   0 1  0 0  0 0  0 3
   314  0.3945997788772401E-07   4   0 0  1 0  0 0  0 3
   315  0.7028878859508631E-08   4   0 0  0 1  0 0  0 3
   316  0.3283685891912183E-04   4   0 0  0 0  0 4  0 0
   317  0.2091823886937536E-04   4   0 0  0 0  0 3  1 0
   318  0.1933574745531167E-04   4   0 0  0 0  0 2  2 0
   319  0.2095230966562833E-04   4   0 0  0 0  0 1  3 0
   320  0.3273446041224143E-04   4   0 0  0 0  0 0  4 0
   321  -.5306382476397488E-05   4   0 0  0 0  0 3  0 1
   322  -.5358599433114632E-05   4   0 0  0 0  0 2  1 1
   323  -.5358479611245747E-05   4   0 0  0 0  0 1  2 1
   324  -.5292070040743416E-05   4   0 0  0 0  0 0  3 1
   325  0.2527825592307169E-06   4   0 0  0 0  0 2  0 2
   326  0.3096695087979160E-06   4   0 0  0 0  0 1  1 2
   327  0.2522340070603613E-06   4   0 0  0 0  0 0  2 2
   328  -.3970440649923767E-08   4   0 0  0 0  0 1  0 3
   329  -.3965097418017485E-08   4   0 0  0 0  0 0  1 3
   330  0.2284943617210068E-15   4   0 0  0 0  0 0  0 4
   ----------------------------------------------------
     I  COEFFICIENT            ORDER EXPONENTS
     1  -.1881696296908730E-05   0   0 0  0 0  0 0  0 0
     2   1.092013120163179       1   1 0  0 0  0 0  0 0
     3   1.373427788661044       1   0 1  0 0  0 0  0 0
     4  0.1924163191780398E-03   1   0 0  1 0  0 0  0 0
     5  0.6715447649273749E-04   1   0 0  0 1  0 0  0 0
     6  -.1054285215031848E-05   1   0 0  0 0  0 1  0 0
     7  -.1052866407676155E-05   1   0 0  0 0  0 0  1 0
     8  0.2254553257993812E-06   1   0 0  0 0  0 0  0 1
     9  -.8376964334381162E-04   2   2 0  0 0  0 0  0 0
    10  -.3843383953860414E-03   2   1 1  0 0  0 0  0 0
    11  -.1175423311270802E-03   2   0 2  0 0  0 0  0 0
    12  0.8741461254252056E-04   2   1 0  1 0  0 0  0 0
    13  -.4009484440225095E-04   2   0 1  1 0  0 0  0 0
    14  -.2173234047583459E-03   2   0 0  2 0  0 0  0 0
    15  -.5197720693341106E-04   2   1 0  0 1  0 0  0 0
    16  -.4033264260394769E-04   2   0 1  0 1  0 0  0 0
    17  0.1778588567343687E-03   2   0 0  1 1  0 0  0 0
    18  0.8867778149923152E-04   2   0 0  0 2  0 0  0 0
    19  -.3733400768814289E-01   2   1 0  0 0  0 1  0 0
    20  -.1958036759578508       2   0 1  0 0  0 1  0 0
    21  -.3174800408474217E-06   2   0 0  1 0  0 1  0 0
    22  -.3365125885125768E-04   2   0 0  0 1  0 1  0 0
    23  -.3728376534008746E-01   2   1 0  0 0  0 0  1 0
    24  -.1955401725986547       2   0 1  0 0  0 0  1 0
    25  -.3170527911707676E-06   2   0 0  1 0  0 0  1 0
    26  -.3360597257302461E-04   2   0 0  0 1  0 0  1 0
    27   1.166630893191408       2   1 0  0 0  0 0  0 1
    28  0.3913438485565053       2   0 1  0 0  0 0  0 1
    29  0.1930508520100579E-03   2   0 0  1 0  0 0  0 1
    30  0.6725723142428231E-04   2   0 0  0 1  0 0  0 1
    31  0.8070528272407440E-06   2   0 0  0 0  0 2  0 0
    32  0.5604816278495390E-06   2   0 0  0 0  0 1  1 0
    33  0.8055895987636217E-06   2   0 0  0 0  0 0  2 0
    34  -.2174582596350040E-05   2   0 0  0 0  0 1  0 1
    35  -.2171656145576503E-05   2   0 0  0 0  0 0  1 1
    36  0.2173117051116125E-05   2   0 0  0 0  0 0  0 2
    37  -1.126142264450137       3   3 0  0 0  0 0  0 0
    38  -1.446087030334527       3   2 1  0 0  0 0  0 0
    39  -1.126535415551798       3   1 2  0 0  0 0  0 0
    40  -.7805742920017734E-01   3   0 3  0 0  0 0  0 0
    41  0.3273877337102054E-03   3   2 0  1 0  0 0  0 0
    42  0.2160818481144552E-03   3   1 1  1 0  0 0  0 0
    43  0.3907252430480650E-04   3   0 2  1 0  0 0  0 0
    44  -2.109443986004971       3   1 0  2 0  0 0  0 0
    45  -.4186306291606552       3   0 1  2 0  0 0  0 0
    46  -.1472623125531737E-03   3   0 0  3 0  0 0  0 0
    47  0.1323401323024135E-03   3   2 0  0 1  0 0  0 0
    48  -.9747076961871201E-04   3   1 1  0 1  0 0  0 0
    49  -.1520760186983619E-04   3   0 2  0 1  0 0  0 0
    50  -2.115121757813940       3   1 0  1 1  0 0  0 0
    51  -.6898095968862955       3   0 1  1 1  0 0  0 0
    52  -.1615233309124143E-03   3   0 0  2 1  0 0  0 0
    53  0.1555197914685664       3   1 0  0 2  0 0  0 0
    54  0.2180250877060219       3   0 1  0 2  0 0  0 0
    55  -.6136061776403765E-04   3   0 0  1 2  0 0  0 0
    56  0.2546238515361422E-04   3   0 0  0 3  0 0  0 0
    57  0.5135228528887428E-04   3   2 0  0 0  0 1  0 0
    58  0.2410997779394634E-03   3   1 1  0 0  0 1  0 0
    59  0.1261805905988799E-03   3   0 2  0 0  0 1  0 0
    60  -.4482731610774439E-04   3   1 0  1 0  0 1  0 0
    61  0.5027746201779658E-05   3   0 1  1 0  0 1  0 0
    62  0.1072662534692973E-03   3   0 0  2 0  0 1  0 0
    63  0.1569350678817254E-04   3   1 0  0 1  0 1  0 0
    64  0.3569240844040822E-04   3   0 1  0 1  0 1  0 0
    65  -.2761837546572372E-04   3   0 0  1 1  0 1  0 0
    66  -.8152575874899204E-04   3   0 0  0 2  0 1  0 0
    67  0.5128317780348039E-04   3   2 0  0 0  0 0  1 0
    68  0.2407753172209541E-03   3   1 1  0 0  0 0  1 0
    69  0.1260107827067379E-03   3   0 2  0 0  0 0  1 0
    70  -.4476698961836481E-04   3   1 0  1 0  0 0  1 0
    71  0.5020980097890803E-05   3   0 1  1 0  0 0  1 0
    72  0.1071218996006620E-03   3   0 0  2 0  0 0  1 0
    73  0.1567238720634672E-04   3   1 0  0 1  0 0  1 0
    74  0.3564437527925393E-04   3   0 1  0 1  0 0  1 0
    75  -.2758120795763058E-04   3   0 0  1 1  0 0  1 0
    76  -.8141604522504412E-04   3   0 0  0 2  0 0  1 0
    77  -.1864051064361671E-03   3   2 0  0 0  0 0  0 1
    78  -.4818750951604184E-03   3   1 1  0 0  0 0  0 1
    79  -.1346490421785381E-03   3   0 2  0 0  0 0  0 1
    80  0.1770089182686296E-03   3   1 0  1 0  0 0  0 1
    81  -.1004872629967013E-04   3   0 1  1 0  0 0  0 1
    82  -.4317115578283055E-03   3   0 0  2 0  0 0  0 1
    83  -.3136589399451909E-04   3   1 0  0 1  0 0  0 1
    84  -.3100414111571430E-04   3   0 1  0 1  0 0  0 1
    85  0.5519958342335451E-04   3   0 0  1 1  0 0  0 1
    86  0.7426402247480500E-04   3   0 0  0 2  0 0  0 1
    87  0.2842812635612133E-01   3   1 0  0 0  0 2  0 0
    88  0.1513888094852284       3   0 1  0 0  0 2  0 0
    89  0.3236797365042918E-06   3   0 0  1 0  0 2  0 0
    90  0.2527246968721387E-04   3   0 0  0 1  0 2  0 0
    91  0.1954609856657267E-01   3   1 0  0 0  0 1  1 0
    92  0.1070931371829765       3   0 1  0 0  0 1  1 0
    93  0.3252346512990038E-06   3   0 0  1 0  0 1  1 0
    94  0.1692122869033912E-04   3   0 0  0 1  0 1  1 0
    95  0.2837671701430506E-01   3   1 0  0 0  0 0  2 0
    96  0.1511130171116828       3   0 1  0 0  0 0  2 0
    97  0.3230253008364632E-06   3   0 0  1 0  0 0  2 0
    98  0.2522707329250835E-04   3   0 0  0 1  0 0  2 0
    99  -.7640223640997243E-01   3   1 0  0 0  0 1  0 1
   100  -.2140670845553362       3   0 1  0 0  0 1  0 1
   101  -.9591276518855089E-06   3   0 0  1 0  0 1  0 1
   102  -.3383305748741695E-04   3   0 0  0 1  0 1  0 1
   103  -.7629941788092474E-01   3   1 0  0 0  0 0  1 1
   104  -.2137790031615734       3   0 1  0 0  0 0  1 1
   105  -.9578369030936608E-06   3   0 0  1 0  0 0  1 1
   106  -.3378752655314708E-04   3   0 0  0 1  0 0  1 1
   107  0.7635077221881283E-01   3   1 0  0 0  0 0  0 2
   108  0.1825112360280708E-01   3   0 1  0 0  0 0  0 2
   109  0.9511883430815397E-06   3   0 0  1 0  0 0  0 2
   110  0.1854393746393376E-06   3   0 0  0 1  0 0  0 2
   111  -.6844706700149981E-06   3   0 0  0 0  0 3  0 0
   112  -.4394717658428031E-06   3   0 0  0 0  0 2  1 0
   113  -.4399644684491880E-06   3   0 0  0 0  0 1  2 0
   114  -.6827936661066840E-06   3   0 0  0 0  0 0  3 0
   115  0.1685835267924995E-05   3   0 0  0 0  0 2  0 1
   116  0.1198399467555221E-05   3   0 0  0 0  0 1  1 1
   117  0.1682760175556282E-05   3   0 0  0 0  0 0  2 1
   118  -.1197745886738035E-05   3   0 0  0 0  0 1  0 2
   119  -.1196134016771592E-05   3   0 0  0 0  0 0  1 2
   120  0.7358761746449390E-07   3   0 0  0 0  0 0  0 3
   121  0.3084577210249497E-03   4   4 0  0 0  0 0  0 0
   122  0.1644922373075585E-02   4   3 1  0 0  0 0  0 0
   123  0.1345664883910025E-02   4   2 2  0 0  0 0  0 0
   124  0.1434543953759744E-03   4   1 3  0 0  0 0  0 0
   125  -.6839130620568792E-04   4   0 4  0 0  0 0  0 0
   126  0.1421523341447555E-06   4   3 0  1 0  0 0  0 0
   127  0.2357180110888473E-03   4   2 1  1 0  0 0  0 0
   128  0.1538656592654755E-03   4   1 2  1 0  0 0  0 0
   129  0.2922963457434325E-04   4   0 3  1 0  0 0  0 0
   130  -.1369701040391913E-03   4   2 0  2 0  0 0  0 0
   131  0.7817420130572674E-03   4   1 1  2 0  0 0  0 0
   132  -.9142347810781749E-04   4   0 2  2 0  0 0  0 0
   133  0.4287623134981357E-07   4   1 0  3 0  0 0  0 0
   134  0.1472860837453466E-03   4   0 1  3 0  0 0  0 0
   135  -.1822232649382636E-03   4   0 0  4 0  0 0  0 0
   136  -.1373331997052788E-06   4   3 0  0 1  0 0  0 0
   137  0.4123951556346158E-04   4   2 1  0 1  0 0  0 0
   138  0.6695307367968557E-04   4   1 2  0 1  0 0  0 0
   139  0.1175775022229290E-04   4   0 3  0 1  0 0  0 0
   140  0.2329963904517165E-02   4   2 0  1 1  0 0  0 0
   141  0.2631049357007263E-02   4   1 1  1 1  0 0  0 0
   142  0.5653735694755465E-03   4   0 2  1 1  0 0  0 0
   143  0.2948960328669439E-03   4   1 0  2 1  0 0  0 0
   144  0.2321204259249958E-03   4   0 1  2 1  0 0  0 0
   145  -.3926167514636033E-04   4   0 0  3 1  0 0  0 0
   146  0.5498224609007972E-03   4   2 0  0 2  0 0  0 0
   147  -.1999057135710440E-03   4   1 1  0 2  0 0  0 0
   148  0.7100502822934208E-05   4   0 2  0 2  0 0  0 0
   149  0.1517557524131589E-03   4   1 0  1 2  0 0  0 0
   150  0.2427152431828595E-04   4   0 1  1 2  0 0  0 0
   151  0.9788400177693899E-04   4   0 0  2 2  0 0  0 0
   152  0.5744849519108512E-04   4   1 0  0 3  0 0  0 0
   153  0.4505740629601575E-05   4   0 1  0 3  0 0  0 0
   154  -.5852602692008394E-04   4   0 0  1 3  0 0  0 0
   155  0.5975897495779273E-04   4   0 0  0 4  0 0  0 0
   156  0.7491042284982619       4   3 0  0 0  0 1  0 0
   157   1.642838484297895       4   2 1  0 0  0 1  0 0
   158   1.504282329685105       4   1 2  0 0  0 1  0 0
   159  0.1639118737066658       4   0 3  0 0  0 1  0 0
   160  -.9196775589723538E-04   4   2 0  1 0  0 1  0 0
   161  -.1608285766866427E-03   4   1 1  1 0  0 1  0 0
   162  -.4793670880008265E-04   4   0 2  1 0  0 1  0 0
   163  0.9008888101956967       4   1 0  2 0  0 1  0 0
   164  0.3397055916271734       4   0 1  2 0  0 1  0 0
   165  0.6946124993475965E-04   4   0 0  3 0  0 1  0 0
   166  -.1168780162629356E-03   4   2 0  0 1  0 1  0 0
   167  0.6343366752360806E-04   4   1 1  0 1  0 1  0 0
   168  0.1631682304306256E-04   4   0 2  0 1  0 1  0 0
   169   2.068976915274940       4   1 0  1 1  0 1  0 0
   170  0.9962581985830790       4   0 1  1 1  0 1  0 0
   171  0.1612219221127755E-03   4   0 0  2 1  0 1  0 0
   172  0.2161357961820897E-01   4   1 0  0 2  0 1  0 0
   173  -.2625298072889123       4   0 1  0 2  0 1  0 0
   174  0.9269283442563662E-04   4   0 0  1 2  0 1  0 0
   175  -.3407582066734853E-04   4   0 0  0 3  0 1  0 0
   176  0.7480961193316029       4   3 0  0 0  0 0  1 0
   177   1.640627629690023       4   2 1  0 0  0 0  1 0
   178   1.502257937420180       4   1 2  0 0  0 0  1 0
   179  0.1636912888319285       4   0 3  0 0  0 0  1 0
   180  -.9184399002564096E-04   4   2 0  1 0  0 0  1 0
   181  -.1606121411677270E-03   4   1 1  1 0  0 0  1 0
   182  -.4787219783655939E-04   4   0 2  1 0  0 0  1 0
   183  0.8996764364923551       4   1 0  2 0  0 0  1 0
   184  0.3392484318517311       4   0 1  2 0  0 0  1 0
   185  0.6936777225819289E-04   4   0 0  3 0  0 0  1 0
   186  -.1167207273369194E-03   4   2 0  0 1  0 0  1 0
   187  0.6334830148338020E-04   4   1 1  0 1  0 0  1 0
   188  0.1629486463159595E-04   4   0 2  0 1  0 0  1 0
   189   2.066192583649869       4   1 0  1 1  0 0  1 0
   190  0.9949174812514490       4   0 1  1 1  0 0  1 0
   191  0.1610049572481220E-03   4   0 0  2 1  0 0  1 0
   192  0.2158449308136916E-01   4   1 0  0 2  0 0  1 0
   193  -.2621765070468631       4   0 1  0 2  0 0  1 0
   194  0.9256809277752832E-04   4   0 0  1 2  0 0  1 0
   195  -.3402996303383211E-04   4   0 0  0 3  0 0  1 0
   196  -2.623342612280000       4   3 0  0 0  0 0  0 1
   197  -3.283466113987912       4   2 1  0 0  0 0  0 1
   198  -1.880004851553482       4   1 2  0 0  0 0  0 1
   199  -.1714883041382383       4   0 3  0 0  0 0  0 1
   200  0.5111994796330823E-03   4   2 0  1 0  0 0  0 1
   201  0.3214407178543708E-03   4   1 1  1 0  0 0  0 1
   202  0.5673638233183649E-04   4   0 2  1 0  0 0  0 1
   203  -3.910009232693024       4   1 0  2 0  0 0  0 1
   204  -.6789540234789043       4   0 1  2 0  0 0  0 1
   205  -.2860913347461266E-03   4   0 0  3 0  0 0  0 1
   206  0.2335987435998557E-03   4   2 0  0 1  0 0  0 1
   207  -.2931119938827430E-04   4   1 1  0 1  0 0  0 1
   208  -.2196483934985079E-05   4   0 2  0 1  0 0  0 1
   209  -4.135169498924810       4   1 0  1 1  0 0  0 1
   210  -1.301366082948235       4   0 1  1 1  0 0  0 1
   211  -.3222268793608977E-03   4   0 0  2 1  0 0  0 1
   212  -.1987178641681460       4   1 0  0 2  0 0  0 1
   213  0.8865613892372964E-01   4   0 1  0 2  0 0  0 1
   214  -.1239003094391278E-03   4   0 0  1 2  0 0  0 1
   215  0.1718101339395215E-04   4   0 0  0 3  0 0  0 1
   216  -.2515080398560620E-03   4   2 0  0 0  0 2  0 0
   217  -.7405724293819113E-03   4   1 1  0 0  0 2  0 0
   218  -.2161777628372181E-03   4   0 2  0 0  0 2  0 0
   219  -.6020279431269609E-04   4   1 0  1 0  0 2  0 0
   220  -.5076086763673899E-04   4   0 1  1 0  0 2  0 0
   221  -.3917039128683499E-04   4   0 0  2 0  0 2  0 0
   222  0.3750597640074304E-04   4   1 0  0 1  0 2  0 0
   223  0.4813927709900604E-05   4   0 1  0 1  0 2  0 0
   224  -.8852857212480672E-04   4   0 0  1 1  0 2  0 0
   225  0.1147946509449088E-03   4   0 0  0 2  0 2  0 0
   226  -.2785137105540734E-03   4   2 0  0 0  0 1  1 0
   227  -.7722287481670976E-03   4   1 1  0 0  0 1  1 0
   228  -.2426265667947847E-03   4   0 2  0 0  0 1  1 0
   229  -.7240806348761338E-04   4   1 0  1 0  0 1  1 0
   230  -.4948601270662220E-04   4   0 1  1 0  0 1  1 0
   231  -.1472481559864053E-04   4   0 0  2 0  0 1  1 0
   232  0.4353183715080776E-04   4   1 0  0 1  0 1  1 0
   233  0.1215362957804273E-04   4   0 1  0 1  0 1  1 0
   234  -.1558523289463650E-03   4   0 0  1 1  0 1  1 0
   235  0.1167160725080357E-03   4   0 0  0 2  0 1  1 0
   236  -.2509821668763041E-03   4   2 0  0 0  0 0  2 0
   237  -.7390561873807163E-03   4   1 1  0 0  0 0  2 0
   238  -.2157235832925974E-03   4   0 2  0 0  0 0  2 0
   239  -.6007305454968557E-04   4   1 0  1 0  0 0  2 0
   240  -.5065925808149749E-04   4   0 1  1 0  0 0  2 0
   241  -.3910776963883957E-04   4   0 0  2 0  0 0  2 0
   242  0.3742621107787195E-04   4   1 0  0 1  0 0  2 0
   243  0.4799271461908371E-05   4   0 1  0 1  0 0  2 0
   244  -.8830456518503316E-04   4   0 0  1 1  0 0  2 0
   245  0.1145616302188799E-03   4   0 0  0 2  0 0  2 0
   246  0.5028298874991220E-03   4   2 0  0 0  0 1  0 1
   247  0.1011186520383420E-02   4   1 1  0 0  0 1  0 1
   248  0.2556848538518575E-03   4   0 2  0 0  0 1  0 1
   249  0.9641894824264590E-04   4   1 0  1 0  0 1  0 1
   250  0.6765909157750534E-04   4   0 1  1 0  0 1  0 1
   251  0.9430801447164897E-04   4   0 0  2 0  0 1  0 1
   252  -.2700281818715380E-04   4   1 0  0 1  0 1  0 1
   253  0.4767215522800241E-05   4   0 1  0 1  0 1  0 1
   254  0.1681200503073526E-03   4   0 0  1 1  0 1  0 1
   255  -.7294623944918736E-04   4   0 0  0 2  0 1  0 1
   256  0.5021532027340773E-03   4   2 0  0 0  0 0  1 1
   257  0.1009825713219855E-02   4   1 1  0 0  0 0  1 1
   258  0.2553407652255534E-03   4   0 2  0 0  0 0  1 1
   259  0.9628919216616860E-04   4   1 0  1 0  0 0  1 1
   260  0.6756803916072280E-04   4   0 1  1 0  0 0  1 1
   261  0.9418109919035539E-04   4   0 0  2 0  0 0  1 1
   262  -.2696647906703626E-04   4   1 0  0 1  0 0  1 1
   263  0.4760800028820753E-05   4   0 1  0 1  0 0  1 1
   264  0.1678938022668726E-03   4   0 0  1 1  0 0  1 1
   265  -.7284807183797377E-04   4   0 0  0 2  0 0  1 1
   266  -.2239791921151813E-03   4   2 0  0 0  0 0  0 2
   267  -.1928431143514061E-03   4   1 1  0 0  0 0  0 2
   268  -.3303068319776649E-04   4   0 2  0 0  0 0  0 2
   269  -.2422803637296704E-07   4   1 0  1 0  0 0  0 2
   270  -.5337723661454467E-05   4   0 1  1 0  0 0  0 2
   271  -.9548612468835974E-04   4   0 0  2 0  0 0  0 2
   272  -.7709961416059128E-08   4   1 0  0 1  0 0  0 2
   273  -.9393814534862527E-06   4   0 1  0 1  0 0  0 2
   274  -.9162872902649722E-04   4   0 0  1 1  0 0  0 2
   275  -.1768016581015961E-04   4   0 0  0 2  0 0  0 2
   276  -.2398064974984904E-01   4   1 0  0 0  0 3  0 0
   277  -.1292386318139230       4   0 1  0 0  0 3  0 0
   278  -.3163150449684765E-06   4   0 0  1 0  0 3  0 0
   279  -.2110385149445815E-04   4   0 0  0 1  0 3  0 0
   280  -.1509175645465449E-01   4   1 0  0 0  0 2  1 0
   281  -.8496809222153816E-01   4   0 1  0 0  0 2  1 0
   282  -.3083371351742669E-06   4   0 0  1 0  0 2  1 0
   283  -.1276568084723926E-04   4   0 0  0 1  0 2  1 0
   284  -.1510963468990862E-01   4   1 0  0 0  0 1  2 0
   285  -.8505710694362648E-01   4   0 1  0 0  0 1  2 0
   286  -.3083523803228296E-06   4   0 0  1 0  0 1  2 0
   287  -.1278245519265786E-04   4   0 0  0 1  0 1  2 0
   288  -.2392210051535125E-01   4   1 0  0 0  0 0  3 0
   289  -.1289206509952949       4   0 1  0 0  0 0  3 0
   290  -.3154693289483515E-06   4   0 0  1 0  0 0  3 0
   291  -.2105267250086785E-04   4   0 0  0 1  0 0  3 0
   292  0.5860570749860270E-01   4   1 0  0 0  0 2  0 1
   293  0.1699063778450006       4   0 1  0 0  0 2  0 1
   294  0.9493423729555052E-06   4   0 0  1 0  0 2  0 1
   295  0.2551062208497308E-04   4   0 0  0 1  0 2  0 1
   296  0.4085693967867787E-01   4   1 0  0 0  0 1  1 1
   297  0.1258641422440407       4   0 1  0 0  0 1  1 1
   298  0.9395816945872367E-06   4   0 0  1 0  0 1  1 1
   299  0.1721052529203888E-04   4   0 0  0 1  0 1  1 1
   300  0.5849934702749332E-01   4   1 0  0 0  0 0  2 1
   301  0.1695930348336774       4   0 1  0 0  0 0  2 1
   302  0.9474325703491722E-06   4   0 0  1 0  0 0  2 1
   303  0.2546471053512817E-04   4   0 0  0 1  0 0  2 1
   304  -.4083312729202396E-01   4   1 0  0 0  0 1  0 2
   305  -.1877136917401498E-01   4   0 1  0 0  0 1  0 2
   306  -.9491310166699542E-06   4   0 0  1 0  0 1  0 2
   307  -.2775207342767747E-06   4   0 0  0 1  0 1  0 2
   308  -.4077817599371317E-01   4   1 0  0 0  0 0  1 2
   309  -.1874610755004422E-01   4   0 1  0 0  0 0  1 2
   310  -.9478537208787252E-06   4   0 0  1 0  0 0  1 2
   311  -.2771472599516439E-06   4   0 0  0 1  0 0  1 2
   312  0.1753510355641368E-02   4   1 0  0 0  0 0  0 3
   313  0.3384098394816757E-03   4   0 1  0 0  0 0  0 3
   314  0.3152654651239509E-06   4   0 0  1 0  0 0  0 3
   315  0.6126308179081365E-07   4   0 0  0 1  0 0  0 3
   316  0.1519316163558956E-04   4   0 0  0 0  0 4  0 0
   317  0.9291074400815373E-05   4   0 0  0 0  0 3  1 0
   318  0.8507670722085577E-05   4   0 0  0 0  0 2  2 0
   319  0.9307950725776704E-05   4   0 0  0 0  0 1  3 0
   320  0.1514604345315996E-04   4   0 0  0 0  0 0  4 0
   321  -.1813741299516003E-04   4   0 0  0 0  0 3  0 1
   322  -.1202592502886138E-04   4   0 0  0 0  0 2  1 1
   323  -.1203821258591819E-04   4   0 0  0 0  0 1  2 1
   324  -.1809271923203898E-04   4   0 0  0 0  0 0  3 1
   325  0.8919427191806581E-06   4   0 0  0 0  0 2  0 2
   326  0.1075234694733955E-05   4   0 0  0 0  0 1  1 2
   327  0.8900188846158736E-06   4   0 0  0 0  0 0  2 2
   328  -.4416822911538173E-08   4   0 0  0 0  0 1  0 3
   329  -.4410878959421481E-08   4   0 0  0 0  0 0  1 3
   330  -.6998092238650285E-15   4   0 0  0 0  0 0  0 4
   ----------------------------------------------------
     I  COEFFICIENT            ORDER EXPONENTS
     1  -.2237075725758030E-04   0   0 0  0 0  0 0  0 0
     2  0.5381214072319577E-04   1   1 0  0 0  0 0  0 0
     3  0.1596158022394211E-04   1   0 1  0 0  0 0  0 0
     4  0.7267536611236071       1   0 0  1 0  0 0  0 0
     5  0.5471552339213890       1   0 0  0 1  0 0  0 0
     6  -.9067045198922005E-06   1   0 0  0 0  0 1  0 0
     7  -.9054843196808201E-06   1   0 0  0 0  0 0  1 0
     8  0.1812188839557198E-05   1   0 0  0 0  0 0  0 1
     9  0.3445389880478026E-04   2   2 0  0 0  0 0  0 0
    10  0.8241127820404016E-05   2   1 1  0 0  0 0  0 0
    11  0.1800610634334512E-05   2   0 2  0 0  0 0  0 0
    12  -.2910882026700039E-03   2   1 0  1 0  0 0  0 0
    13  -.2996047137408230E-04   2   0 1  1 0  0 0  0 0
    14  -.3546713208829005E-04   2   0 0  2 0  0 0  0 0
    15  -.9734631187418303E-05   2   1 0  0 1  0 0  0 0
    16  0.1666944587205094E-04   2   0 1  0 1  0 0  0 0
    17  -.1858992069026445E-05   2   0 0  1 1  0 0  0 0
    18  0.5305283162200922E-05   2   0 0  0 2  0 0  0 0
    19  -.2697365099879298E-04   2   1 0  0 0  0 1  0 0
    20  -.1598576875932930E-04   2   0 1  0 0  0 1  0 0
    21  0.1307521509266741       2   0 0  1 0  0 1  0 0
    22  -.2340356083800702       2   0 0  0 1  0 1  0 0
    23  -.2693735113050297E-04   2   1 0  0 0  0 0  1 0
    24  -.1596425586511619E-04   2   0 1  0 0  0 0  1 0
    25  0.1305761908440925       2   0 0  1 0  0 0  1 0
    26  -.2337206542880285       2   0 0  0 1  0 0  1 0
    27  0.5391100212929593E-04   2   1 0  0 0  0 0  0 1
    28  0.1598844440052193E-04   2   0 1  0 0  0 0  0 1
    29  -.2613283417707666       2   0 0  1 0  0 0  0 1
    30  -.7939897125329037E-01   2   0 0  0 1  0 0  0 1
    31  0.6763068593701216E-06   2   0 0  0 0  0 2  0 0
    32  0.4465265754469526E-06   2   0 0  0 0  0 1  1 0
    33  0.6750962602121662E-06   2   0 0  0 0  0 0  2 0
    34  -.8924312024667681E-06   2   0 0  0 0  0 1  0 1
    35  -.8912302106133200E-06   2   0 0  0 0  0 0  1 1
    36  -.1426317789294792E-07   2   0 0  0 0  0 0  0 2
    37  0.6314374207602261E-04   3   3 0  0 0  0 0  0 0
    38  0.2141759614800803E-03   3   2 1  0 0  0 0  0 0
    39  0.1513677479505382E-03   3   1 2  0 0  0 0  0 0
    40  0.3735888497697807E-04   3   0 3  0 0  0 0  0 0
    41  -.5131943236180169       3   2 0  1 0  0 0  0 0
    42  -.5845873200422710       3   1 1  1 0  0 0  0 0
    43  -.3873914740778369       3   0 2  1 0  0 0  0 0
    44  -.1115194261928942E-03   3   1 0  2 0  0 0  0 0
    45  0.1217182440472490E-04   3   0 1  2 0  0 0  0 0
    46  -.5025962389367267E-01   3   0 0  3 0  0 0  0 0
    47  -.5980641983114637       3   2 0  0 1  0 0  0 0
    48  -.2375606538508208       3   1 1  0 1  0 0  0 0
    49  0.1685298730644083       3   0 2  0 1  0 0  0 0
    50  -.1741965207067726E-03   3   1 0  1 1  0 0  0 0
    51  -.2258212965877744E-04   3   0 1  1 1  0 0  0 0
    52  -.2135937106924534       3   0 0  2 1  0 0  0 0
    53  0.3459067941896040E-04   3   1 0  0 2  0 0  0 0
    54  0.2445925477301110E-04   3   0 1  0 2  0 0  0 0
    55  -.4133400670215027       3   0 0  1 2  0 0  0 0
    56  0.1583098875796666       3   0 0  0 3  0 0  0 0
    57  -.1738787651335933E-04   3   2 0  0 0  0 1  0 0
    58  -.1036095381655159E-04   3   1 1  0 0  0 1  0 0
    59  -.3278038790681284E-05   3   0 2  0 0  0 1  0 0
    60  0.1446555036901510E-03   3   1 0  1 0  0 1  0 0
    61  0.3538085589941745E-04   3   0 1  1 0  0 1  0 0
    62  0.1645875623977525E-04   3   0 0  2 0  0 1  0 0
    63  0.7030373412604019E-05   3   1 0  0 1  0 1  0 0
    64  -.2415898873865671E-04   3   0 1  0 1  0 1  0 0
    65  0.4482153165048724E-05   3   0 0  1 1  0 1  0 0
    66  -.7018636622155982E-05   3   0 0  0 2  0 1  0 0
    67  -.1736447672860992E-04   3   2 0  0 0  0 0  1 0
    68  -.1034701053319999E-04   3   1 1  0 0  0 0  1 0
    69  -.3273627360565380E-05   3   0 2  0 0  0 0  1 0
    70  0.1444608331306617E-03   3   1 0  1 0  0 0  1 0
    71  0.3533324201098945E-04   3   0 1  1 0  0 0  1 0
    72  0.1643660682130202E-04   3   0 0  2 0  0 0  1 0
    73  0.7020912267395818E-05   3   1 0  0 1  0 0  1 0
    74  -.2412647671018610E-04   3   0 1  0 1  0 0  1 0
    75  0.4476121294555753E-05   3   0 0  1 1  0 0  1 0
    76  -.7009191271766714E-05   3   0 0  0 2  0 0  1 0
    77  0.3475235324195975E-04   3   2 0  0 0  0 0  0 1
    78  0.1246683652932401E-04   3   1 1  0 0  0 0  0 1
    79  0.2950444882562781E-05   3   0 2  0 0  0 0  0 1
    80  -.2891163368206727E-03   3   1 0  1 0  0 0  0 1
    81  -.4075362653625646E-04   3   0 1  1 0  0 0  0 1
    82  -.3289536306109867E-04   3   0 0  2 0  0 0  0 1
    83  -.4316654492678543E-05   3   1 0  0 1  0 0  0 1
    84  0.1494657370469399E-04   3   0 1  0 1  0 0  0 1
    85  -.7099282390450461E-05   3   0 0  1 1  0 0  0 1
    86  0.3417261569510570E-05   3   0 0  0 2  0 0  0 1
    87  0.2025465755976847E-04   3   1 0  0 0  0 2  0 0
    88  0.1598590397912737E-04   3   0 1  0 0  0 2  0 0
    89  -.9510966550586818E-01   3   0 0  1 0  0 2  0 0
    90  0.1562618701138999       3   0 0  0 1  0 2  0 0
    91  0.1355512768225607E-04   3   1 0  0 0  0 1  1 0
    92  0.1599354672025603E-04   3   0 1  0 0  0 1  1 0
    93  -.5956289999984650E-01   3   0 0  1 0  0 1  1 0
    94  0.7869704893245433E-01   3   0 0  0 1  0 1  1 0
    95  0.2021827887027700E-04   3   1 0  0 0  0 0  2 0
    96  0.1595362922222982E-04   3   0 1  0 0  0 0  2 0
    97  -.9494159292853499E-01   3   0 0  1 0  0 0  2 0
    98  0.1559986268636725       3   0 0  0 1  0 0  2 0
    99  -.2709209607994622E-04   3   1 0  0 0  0 1  0 1
   100  -.1602372378320952E-04   3   0 1  0 0  0 1  0 1
   101  0.1190301544138610       3   0 0  1 0  0 1  0 1
   102  0.7685037011857238E-01   3   0 0  0 1  0 1  0 1
   103  -.2705563681384810E-04   3   1 0  0 0  0 0  1 1
   104  -.1600215981091401E-04   3   0 1  0 0  0 0  1 1
   105  0.1188699692417476       3   0 0  1 0  0 0  1 1
   106  0.7674694851229935E-01   3   0 0  0 1  0 0  1 1
   107  0.1188639086542949E-06   3   1 0  0 0  0 0  0 2
   108  0.2117584439965560E-07   3   0 1  0 0  0 0  0 2
   109  0.1171408608125495E-01   3   0 0  1 0  0 0  0 2
   110  0.2600298887509027E-02   3   0 0  0 1  0 0  0 2
   111  -.5611381643658974E-06   3   0 0  0 0  0 3  0 0
   112  -.3309582445667428E-06   3   0 0  0 0  0 2  1 0
   113  -.3314213680398763E-06   3   0 0  0 0  0 1  2 0
   114  -.5597830407083905E-06   3   0 0  0 0  0 0  3 0
   115  0.6617660880104081E-06   3   0 0  0 0  0 2  0 1
   116  0.4317201936419778E-06   3   0 0  0 0  0 1  1 1
   117  0.6605850199818214E-06   3   0 0  0 0  0 0  2 1
   118  0.1480575694137401E-07   3   0 0  0 0  0 1  0 2
   119  0.1478583205145570E-07   3   0 0  0 0  0 0  1 2
   120  -.3550777356455690E-09   3   0 0  0 0  0 0  0 3
   121  0.5407799150002084E-05   4   4 0  0 0  0 0  0 0
   122  0.6922926476536029E-05   4   3 1  0 0  0 0  0 0
   123  -.2256638892619157E-04   4   2 2  0 0  0 0  0 0
   124  -.9048746452545390E-05   4   1 3  0 0  0 0  0 0
   125  0.5221485888642990E-05   4   0 4  0 0  0 0  0 0
   126  -.1147985903204628E-02   4   3 0  1 0  0 0  0 0
   127  -.1714387441202473E-02   4   2 1  1 0  0 0  0 0
   128  -.1171109323888528E-02   4   1 2  1 0  0 0  0 0
   129  -.4166698022148835E-03   4   0 3  1 0  0 0  0 0
   130  -.1827617716917833E-03   4   2 0  2 0  0 0  0 0
   131  -.1403045040900128E-03   4   1 1  2 0  0 0  0 0
   132  -.6403338351876690E-04   4   0 2  2 0  0 0  0 0
   133  -.2567355227123413E-03   4   1 0  3 0  0 0  0 0
   134  -.2254029639958444E-03   4   0 1  3 0  0 0  0 0
   135  -.6094800604025398E-04   4   0 0  4 0  0 0  0 0
   136  0.7253062809670087E-04   4   3 0  0 1  0 0  0 0
   137  0.7479050532636909E-03   4   2 1  0 1  0 0  0 0
   138  0.3943935359058191E-03   4   1 2  0 1  0 0  0 0
   139  0.1378500184142174E-03   4   0 3  0 1  0 0  0 0
   140  -.2476134147399646E-04   4   2 0  1 1  0 0  0 0
   141  0.9338986338399431E-04   4   1 1  1 1  0 0  0 0
   142  -.4585976386670630E-04   4   0 2  1 1  0 0  0 0
   143  0.4861645577385484E-04   4   1 0  2 1  0 0  0 0
   144  0.3505670815177157E-05   4   0 1  2 1  0 0  0 0
   145  -.4634053414406057E-05   4   0 0  3 1  0 0  0 0
   146  -.5453698457931488E-04   4   2 0  0 2  0 0  0 0
   147  0.1746111290233583E-05   4   1 1  0 2  0 0  0 0
   148  0.3259914143562203E-04   4   0 2  0 2  0 0  0 0
   149  -.1759095027847752E-03   4   1 0  1 2  0 0  0 0
   150  -.2158888664967994E-03   4   0 1  1 2  0 0  0 0
   151  0.1371330098169107E-04   4   0 0  2 2  0 0  0 0
   152  0.7531910787689950E-04   4   1 0  0 3  0 0  0 0
   153  0.1148223817378996E-03   4   0 1  0 3  0 0  0 0
   154  -.4908156817475187E-04   4   0 0  1 3  0 0  0 0
   155  0.2459767748519457E-04   4   0 0  0 4  0 0  0 0
   156  -.7454958847166897E-04   4   3 0  0 0  0 1  0 0
   157  -.2857871595498698E-03   4   2 1  0 0  0 1  0 0
   158  -.2602938909150184E-03   4   1 2  0 0  0 1  0 0
   159  -.7941863767470768E-04   4   0 3  0 0  0 1  0 0
   160  0.5634163124598114       4   2 0  1 0  0 1  0 0
   161  0.8979614462552742       4   1 1  1 0  0 1  0 0
   162  0.6341257286777040       4   0 2  1 0  0 1  0 0
   163  0.1059764623874204E-03   4   1 0  2 0  0 1  0 0
   164  0.2478792674281775E-04   4   0 1  2 0  0 1  0 0
   165  0.8596043996647776E-01   4   0 0  3 0  0 1  0 0
   166  0.6633160088365366       4   2 0  0 1  0 1  0 0
   167  0.4508752172994936       4   1 1  0 1  0 1  0 0
   168  -.1615351173689377       4   0 2  0 1  0 1  0 0
   169  0.2546775359185985E-03   4   1 0  1 1  0 1  0 0
   170  0.7480001064083850E-04   4   0 1  1 1  0 1  0 0
   171  0.1205854035147639       4   0 0  2 1  0 1  0 0
   172  -.3023218009545813E-04   4   1 0  0 2  0 1  0 0
   173  -.3936625248624304E-04   4   0 1  0 2  0 1  0 0
   174  0.5293410977247786       4   0 0  1 2  0 1  0 0
   175  -.1767740869272678       4   0 0  0 3  0 1  0 0
   176  -.7444926314890476E-04   4   3 0  0 0  0 0  1 0
   177  -.2854025606592303E-03   4   2 1  0 0  0 0  1 0
   178  -.2599435996638516E-03   4   1 2  0 0  0 0  1 0
   179  -.7931175981499613E-04   4   0 3  0 0  0 0  1 0
   180  0.5626580933393934       4   2 0  1 0  0 0  1 0
   181  0.8967530120603633       4   1 1  1 0  0 0  1 0
   182  0.6332723521573611       4   0 2  1 0  0 0  1 0
   183  0.1058338442588371E-03   4   1 0  2 0  0 0  1 0
   184  0.2475456831922207E-04   4   0 1  2 0  0 0  1 0
   185  0.8584475845754588E-01   4   0 0  3 0  0 0  1 0
   186  0.6624233494128451       4   2 0  0 1  0 0  1 0
   187  0.4502684506810635       4   1 1  0 1  0 0  1 0
   188  -.1613177310208689       4   0 2  0 1  0 0  1 0
   189  0.2543348028932961E-03   4   1 0  1 1  0 0  1 0
   190  0.7469934831172072E-04   4   0 1  1 1  0 0  1 0
   191  0.1204231253617074       4   0 0  2 1  0 0  1 0
   192  -.3019149505227922E-04   4   1 0  0 2  0 0  1 0
   193  -.3931327523891407E-04   4   0 1  0 2  0 0  1 0
   194  0.5286287354224423       4   0 0  1 2  0 0  1 0
   195  -.1765361926921555       4   0 0  0 3  0 0  1 0
   196  0.1489988516205742E-03   4   3 0  0 0  0 0  0 1
   197  0.3570137587290320E-03   4   2 1  0 0  0 0  0 1
   198  0.2175019946778227E-03   4   1 2  0 0  0 0  0 1
   199  0.4665374255878750E-04   4   0 3  0 0  0 0  0 1
   200  -1.126074405799205       4   2 0  1 0  0 0  0 1
   201  -1.210127138273367       4   1 1  1 0  0 0  0 1
   202  -.4926151326793921       4   0 2  1 0  0 0  0 1
   203  -.2118103066462580E-03   4   1 0  2 0  0 0  0 1
   204  -.6171431946673975E-04   4   0 1  2 0  0 0  0 1
   205  -.1718051984240233       4   0 0  3 0  0 0  0 1
   206  -.7276751599379180       4   2 0  0 1  0 0  0 1
   207  -.4260223602789176       4   1 1  0 1  0 0  0 1
   208  -.1827367708034188       4   0 2  0 1  0 0  0 1
   209  -.3348158181051218E-03   4   1 0  1 1  0 0  0 1
   210  -.1043350996350400E-03   4   0 1  1 1  0 0  0 1
   211  -.2741481818401751E-01   4   0 0  2 1  0 0  0 1
   212  -.8757683690183876E-05   4   1 0  0 2  0 0  0 1
   213  0.5301763406135925E-05   4   0 1  0 2  0 0  0 1
   214  -.2312896991042150       4   0 0  1 2  0 0  0 1
   215  -.1216193831195769       4   0 0  0 3  0 0  0 1
   216  -.2771055573826114E-04   4   2 0  0 0  0 2  0 0
   217  -.1352885753003852E-04   4   1 1  0 0  0 2  0 0
   218  0.1489302213276658E-04   4   0 2  0 0  0 2  0 0
   219  -.1913678440095775E-03   4   1 0  1 0  0 2  0 0
   220  -.2572085377254624E-03   4   0 1  1 0  0 2  0 0
   221  -.1931435170453090E-04   4   0 0  2 0  0 2  0 0
   222  -.1400875544899585E-04   4   1 0  0 1  0 2  0 0
   223  0.1064521711483442E-03   4   0 1  0 1  0 2  0 0
   224  -.6644894310089690E-04   4   0 0  1 1  0 2  0 0
   225  0.4085003766855738E-04   4   0 0  0 2  0 2  0 0
   226  -.3287759944988124E-04   4   2 0  0 0  0 1  1 0
   227  -.1547670221048664E-04   4   1 1  0 0  0 1  1 0
   228  0.1729601595489778E-04   4   0 2  0 0  0 1  1 0
   229  -.1713666896726161E-03   4   1 0  1 0  0 1  1 0
   230  -.2983917091685014E-03   4   0 1  1 0  0 1  1 0
   231  -.8746341292902938E-05   4   0 0  2 0  0 1  1 0
   232  -.2775276537017031E-04   4   1 0  0 1  0 1  1 0
   233  0.1174372056062153E-03   4   0 1  0 1  0 1  1 0
   234  -.7565699482217682E-04   4   0 0  1 1  0 1  1 0
   235  0.4581544424778351E-04   4   0 0  0 2  0 1  1 0
   236  -.2765114161636963E-04   4   2 0  0 0  0 0  2 0
   237  -.1350023712295553E-04   4   1 1  0 0  0 0  2 0
   238  0.1486134172388852E-04   4   0 2  0 0  0 0  2 0
   239  -.1909950015766065E-03   4   1 0  1 0  0 0  2 0
   240  -.2566616178474766E-03   4   0 1  1 0  0 0  2 0
   241  -.1928247415331390E-04   4   0 0  2 0  0 0  2 0
   242  -.1397122894427079E-04   4   1 0  0 1  0 0  2 0
   243  0.1062298921049954E-03   4   0 1  0 1  0 0  2 0
   244  -.6630861143586929E-04   4   0 0  1 1  0 0  2 0
   245  0.4076423548022364E-04   4   0 0  0 2  0 0  2 0
   246  0.2736762522281886E-04   4   2 0  0 0  0 1  0 1
   247  0.1510944516272443E-04   4   1 1  0 0  0 1  0 1
   248  0.5682152174745327E-05   4   0 2  0 0  0 1  0 1
   249  0.2707026289021717E-03   4   1 0  1 0  0 1  0 1
   250  0.2236458688515599E-03   4   0 1  1 0  0 1  0 1
   251  0.7425728866358194E-05   4   0 0  2 0  0 1  0 1
   252  0.3179189304312074E-04   4   1 0  0 1  0 1  0 1
   253  0.6428637804861435E-04   4   0 1  0 1  0 1  0 1
   254  0.4203754234769322E-04   4   0 0  1 1  0 1  0 1
   255  0.1726986275353994E-04   4   0 0  0 2  0 1  0 1
   256  0.2733079516258548E-04   4   2 0  0 0  0 0  1 1
   257  0.1508911158350790E-04   4   1 1  0 0  0 0  1 1
   258  0.5674505402139110E-05   4   0 2  0 0  0 0  1 1
   259  0.2703383300619679E-03   4   1 0  1 0  0 0  1 1
   260  0.2233448967813241E-03   4   0 1  1 0  0 0  1 1
   261  0.7415735670412298E-05   4   0 0  2 0  0 0  1 1
   262  0.3174910901176332E-04   4   1 0  0 1  0 0  1 1
   263  0.6419986447074857E-04   4   0 1  0 1  0 0  1 1
   264  0.4198097020436240E-04   4   0 0  1 1  0 0  1 1
   265  0.1724662178614667E-04   4   0 0  0 2  0 0  1 1
   266  -.3519730300210605E-05   4   2 0  0 0  0 0  0 2
   267  -.1580900373222534E-05   4   1 1  0 0  0 0  0 2
   268  -.7850391629531339E-07   4   0 2  0 0  0 0  0 2
   269  -.2660066886259625E-04   4   1 0  1 0  0 0  0 2
   270  -.1982985837861031E-05   4   0 1  1 0  0 0  0 2
   271  0.1507653283286330E-04   4   0 0  2 0  0 0  0 2
   272  -.1421292738955353E-04   4   1 0  0 1  0 0  0 2
   273  -.2067938735526409E-05   4   0 1  0 1  0 0  0 2
   274  0.6867181889836357E-05   4   0 0  1 1  0 0  0 2
   275  0.5170152266075215E-06   4   0 0  0 2  0 0  0 2
   276  -.1690263401239152E-04   4   1 0  0 0  0 3  0 0
   277  -.1600172668266632E-04   4   0 1  0 0  0 3  0 0
   278  0.7732571047213671E-01   4   0 0  1 0  0 3  0 0
   279  -.1177222443558390       4   0 0  0 1  0 3  0 0
   280  -.1020316775176237E-04   4   1 0  0 0  0 2  1 0
   281  -.1602593727260376E-04   4   0 1  0 0  0 2  1 0
   282  0.4178173696712540E-01   4   0 0  1 0  0 2  1 0
   283  -.4069418799260607E-01   4   0 0  0 1  0 2  1 0
   284  -.1021664557339771E-04   4   1 0  0 0  0 1  2 0
   285  -.1602584493049055E-04   4   0 1  0 0  0 1  2 0
   286  0.4185327701256209E-01   4   0 0  1 0  0 1  2 0
   287  -.4084935928323091E-01   4   0 0  0 1  0 1  2 0
   288  -.1686165764866597E-04   4   1 0  0 0  0 0  3 0
   289  -.1595865618405827E-04   4   0 1  0 0  0 0  3 0
   290  0.7714154250915992E-01   4   0 0  1 0  0 0  3 0
   291  -.1174572616161474       4   0 0  0 1  0 0  3 0
   292  0.2040324934473659E-04   4   1 0  0 0  0 2  0 1
   293  0.1604320011904918E-04   4   0 1  0 0  0 2  0 1
   294  -.8353946364077494E-01   4   0 0  1 0  0 2  0 1
   295  -.7492475740054061E-01   4   0 0  0 1  0 2  0 1
   296  0.1373235661406537E-04   4   1 0  0 0  0 1  1 1
   297  0.1606259501477345E-04   4   0 1  0 0  0 1  1 1
   298  -.4814408069608010E-01   4   0 0  1 0  0 1  1 1
   299  -.7300418830027429E-01   4   0 0  0 1  0 1  1 1
   300  0.2036655143422294E-04   4   1 0  0 0  0 0  2 1
   301  0.1601080179477195E-04   4   0 1  0 0  0 0  2 1
   302  -.8339464515026138E-01   4   0 0  1 0  0 0  2 1
   303  -.7477480439508941E-01   4   0 0  0 1  0 0  2 1
   304  -.1782319759051800E-06   4   1 0  0 0  0 1  0 2
   305  -.4234640998491897E-07   4   0 1  0 0  0 1  0 2
   306  -.1141867419696922E-01   4   0 0  1 0  0 1  0 2
   307  -.3848713592674425E-02   4   0 0  0 1  0 1  0 2
   308  -.1779921197118013E-06   4   1 0  0 0  0 0  1 2
   309  -.4228942218206653E-07   4   0 1  0 0  0 0  1 2
   310  -.1140330748337836E-01   4   0 0  1 0  0 0  1 2
   311  -.3843534175305013E-02   4   0 0  0 1  0 0  1 2
   312  0.3949875956171028E-07   4   1 0  0 0  0 0  0 3
   313  0.7036099691303464E-08   4   0 1  0 0  0 0  0 3
   314  -.2020634940540917E-03   4   0 0  1 0  0 0  0 3
   315  -.3621629818253703E-04   4   0 0  0 1  0 0  0 3
   316  0.5780544235656680E-05   4   0 0  0 0  0 4  0 0
   317  0.2844806312513834E-05   4   0 0  0 0  0 3  1 0
   318  0.2454881089525464E-05   4   0 0  0 0  0 2  2 0
   319  0.2853209097212209E-05   4   0 0  0 0  0 1  3 0
   320  0.5763080594372829E-05   4   0 0  0 0  0 0  4 0
   321  0.7939439508549602E-06   4   0 0  0 0  0 3  0 1
   322  0.8964236628671364E-06   4   0 0  0 0  0 2  1 1
   323  0.8962146375112051E-06   4   0 0  0 0  0 1  2 1
   324  0.7917389026733277E-06   4   0 0  0 0  0 0  3 1
   325  0.1155503039245456E-07   4   0 0  0 0  0 2  0 2
   326  0.1440909590575942E-07   4   0 0  0 0  0 1  1 2
   327  0.1152978463602650E-07   4   0 0  0 0  0 0  2 2
   328  0.7455414202069728E-10   4   0 0  0 0  0 1  0 3
   329  0.7445381056998089E-10   4   0 0  0 0  0 0  1 3
   ----------------------------------------------------
     I  COEFFICIENT            ORDER EXPONENTS
     1  0.1012858524680374E-04   0   0 0  0 0  0 0  0 0
     2  0.1924076005573749E-03   1   1 0  0 0  0 0  0 0
     3  0.6711179094347097E-04   1   0 1  0 0  0 0  0 0
     4  -.9495477913148681       1   0 0  1 0  0 0  0 0
     5  0.6610905199899555       1   0 0  0 1  0 0  0 0
     6  0.1088927948373128E-06   1   0 0  0 0  0 1  0 0
     7  0.1087462520459565E-06   1   0 0  0 0  0 0  1 0
     8  0.9910946199772120E-05   1   0 0  0 0  0 0  0 1
     9  -.2792077119374788E-04   2   2 0  0 0  0 0  0 0
    10  -.7807682593399140E-04   2   1 1  0 0  0 0  0 0
    11  -.1944739681155663E-04   2   0 2  0 0  0 0  0 0
    12  0.1357324868410141E-03   2   1 0  1 0  0 0  0 0
    13  0.2791550072958058E-03   2   0 1  1 0  0 0  0 0
    14  0.2328756645993449E-05   2   0 0  2 0  0 0  0 0
    15  0.3796969697183578E-03   2   1 0  0 1  0 0  0 0
    16  0.2156442514855378E-03   2   0 1  0 1  0 0  0 0
    17  0.7046193338085954E-04   2   0 0  1 1  0 0  0 0
    18  0.2043722203510443E-04   2   0 0  0 2  0 0  0 0
    19  -.3130260677349925E-06   2   1 0  0 0  0 1  0 0
    20  -.3364948049778451E-04   2   0 1  0 0  0 1  0 0
    21  -.3398650794994173E-01   2   0 0  1 0  0 1  0 0
    22  0.1612555925461122       2   0 0  0 1  0 1  0 0
    23  -.3126048120054836E-06   2   1 0  0 0  0 0  1 0
    24  -.3360419661277572E-04   2   0 1  0 0  0 0  1 0
    25  -.3394077050927148E-01   2   0 0  1 0  0 0  1 0
    26  0.1610385823693765       2   0 0  0 1  0 0  1 0
    27  0.1930332314371153E-03   2   1 0  0 0  0 0  0 1
    28  0.6725367711073432E-04   2   0 1  0 0  0 0  0 1
    29  -.8816205128556547       2   0 0  1 0  0 0  0 1
    30  -.3222941749154891       2   0 0  0 1  0 0  0 1
    31  -.7498488898353588E-07   2   0 0  0 0  0 2  0 0
    32  -.4116663738099463E-07   2   0 0  0 0  0 1  1 0
    33  -.7485627785374704E-07   2   0 0  0 0  0 0  2 0
    34  0.1911317115955830E-06   2   0 0  0 0  0 1  0 1
    35  0.1908744955458377E-06   2   0 0  0 0  0 0  1 1
    36  -.1910016860705208E-06   2   0 0  0 0  0 0  0 2
    37  0.1421953578621867E-03   3   3 0  0 0  0 0  0 0
    38  0.1436150553600186E-03   3   2 1  0 0  0 0  0 0
    39  0.5328019431737367E-04   3   1 2  0 0  0 0  0 0
    40  0.4062689091473976E-04   3   0 3  0 0  0 0  0 0
    41  -2.634814596263094       3   2 0  1 0  0 0  0 0
    42  -2.234064884351387       3   1 1  1 0  0 0  0 0
    43  -.8514888646420897       3   0 2  1 0  0 0  0 0
    44  -.5407469597815964E-03   3   1 0  2 0  0 0  0 0
    45  -.1727015360408776E-03   3   0 1  2 0  0 0  0 0
    46  -.5474817399678559       3   0 0  3 0  0 0  0 0
    47  -.7354537934174243       3   2 0  0 1  0 0  0 0
    48  -.8398164121833386       3   1 1  0 1  0 0  0 0
    49  -.5088695775038581       3   0 2  0 1  0 0  0 0
    50  -.3939762045982876E-03   3   1 0  1 1  0 0  0 0
    51  -.3267744093514499E-03   3   0 1  1 1  0 0  0 0
    52  -.8203278399332832       3   0 0  2 1  0 0  0 0
    53  -.7552940199592577E-04   3   1 0  0 2  0 0  0 0
    54  -.6063292556032657E-04   3   0 1  0 2  0 0  0 0
    55  0.1167443055808464       3   0 0  1 2  0 0  0 0
    56  -.5221205687986955E-01   3   0 0  0 3  0 0  0 0
    57  0.1282841423389943E-04   3   2 0  0 0  0 1  0 0
    58  0.4187711551364039E-04   3   1 1  0 0  0 1  0 0
    59  0.1923820030050155E-04   3   0 2  0 0  0 1  0 0
    60  -.5028455916864010E-04   3   1 0  1 0  0 1  0 0
    61  -.1252370885841271E-03   3   0 1  1 0  0 1  0 0
    62  0.4278578110103336E-06   3   0 0  2 0  0 1  0 0
    63  -.2256086393880996E-03   3   1 0  0 1  0 1  0 0
    64  -.2177338210690231E-03   3   0 1  0 1  0 1  0 0
    65  -.3350791357437174E-04   3   0 0  1 1  0 1  0 0
    66  -.2054446522136518E-04   3   0 0  0 2  0 1  0 0
    67  0.1281115035860570E-04   3   2 0  0 0  0 0  1 0
    68  0.4182075926518233E-04   3   1 1  0 0  0 0  1 0
    69  0.1921231043720207E-04   3   0 2  0 0  0 0  1 0
    70  -.5021688857874107E-04   3   1 0  1 0  0 0  1 0
    71  -.1250685504125312E-03   3   0 1  1 0  0 0  1 0
    72  0.4272820201324926E-06   3   0 0  2 0  0 0  1 0
    73  -.2253050259137776E-03   3   1 0  0 1  0 0  1 0
    74  -.2174408051540689E-03   3   0 1  0 1  0 0  1 0
    75  -.3346282020345663E-04   3   0 0  1 1  0 0  1 0
    76  -.2051681744829736E-04   3   0 0  0 2  0 0  1 0
    77  -.5356033578625293E-04   3   2 0  0 0  0 0  0 1
    78  -.8369787477882249E-04   3   1 1  0 0  0 0  0 1
    79  -.1900311392614711E-04   3   0 2  0 0  0 0  0 1
    80  0.2362339345883949E-03   3   1 0  1 0  0 0  0 1
    81  0.2503056389966597E-03   3   0 1  1 0  0 0  0 1
    82  0.1473616814850576E-05   3   0 0  2 0  0 0  0 1
    83  0.4509136653018779E-03   3   1 0  0 1  0 0  0 1
    84  0.2195303747375533E-03   3   0 1  0 1  0 0  0 1
    85  0.6697073377770034E-04   3   0 0  1 1  0 0  0 1
    86  0.2062406063455829E-04   3   0 0  0 2  0 0  0 1
    87  0.3247423175789446E-06   3   1 0  0 0  0 2  0 0
    88  0.2529350683756251E-04   3   0 1  0 0  0 2  0 0
    89  0.2508031185123030E-01   3   0 0  1 0  0 2  0 0
    90  -.1168341433247840       3   0 0  0 1  0 2  0 0
    91  0.3280664421997989E-06   3   1 0  0 0  0 1  1 0
    92  0.1694759627416043E-04   3   0 1  0 0  0 1  1 0
    93  0.1619799403856814E-01   3   0 0  1 0  0 1  1 0
    94  -.7253198957616196E-01   3   0 0  0 1  0 1  1 0
    95  0.3240845464942078E-06   3   1 0  0 0  0 0  2 0
    96  0.2524806438993641E-04   3   0 1  0 0  0 0  2 0
    97  0.2503566070103897E-01   3   0 0  1 0  0 0  2 0
    98  -.1166281083742715       3   0 0  0 1  0 0  2 0
    99  -.9583875521656057E-06   3   1 0  0 0  0 1  0 1
   100  -.3384680595146629E-04   3   0 1  0 0  0 1  0 1
   101  -.6635854358484453E-01   3   0 0  1 0  0 1  0 1
   102  0.1449447670861753       3   0 0  0 1  0 1  0 1
   103  -.9570977993651448E-06   3   1 0  0 0  0 0  1 1
   104  -.3380125651516149E-04   3   0 1  0 0  0 0  1 1
   105  -.6626924138425822E-01   3   0 0  1 0  0 0  1 1
   106  0.1447497072496409       3   0 0  0 1  0 0  1 1
   107  0.9457820729111225E-06   3   1 0  0 0  0 0  0 2
   108  0.1835985265869915E-06   3   0 1  0 0  0 0  0 2
   109  0.6631386309441036E-01   3   0 0  1 0  0 0  0 2
   110  0.1629982357698262E-01   3   0 0  0 1  0 0  0 2
   111  0.6149357417138123E-07   3   0 0  0 0  0 3  0 0
   112  0.3452224872314991E-07   3   0 0  0 0  0 2  1 0
   113  0.3457652684101103E-07   3   0 0  0 0  0 1  2 0
   114  0.6134624363011386E-07   3   0 0  0 0  0 0  3 0
   115  -.1440256682789298E-06   3   0 0  0 0  0 2  0 1
   116  -.9704606525611225E-07   3   0 0  0 0  0 1  1 1
   117  -.1437665453751684E-06   3   0 0  0 0  0 0  2 1
   118  0.9698528359201165E-07   3   0 0  0 0  0 1  0 2
   119  0.9685476536811655E-07   3   0 0  0 0  0 0  1 2
   120  -.9461209632036136E-09   3   0 0  0 0  0 0  0 3
   121  0.7347303255169878E-04   4   4 0  0 0  0 0  0 0
   122  0.1557295720038715E-03   4   3 1  0 0  0 0  0 0
   123  0.9720539381883822E-04   4   2 2  0 0  0 0  0 0
   124  0.1977513369561039E-05   4   1 3  0 0  0 0  0 0
   125  -.2362554724215660E-04   4   0 4  0 0  0 0  0 0
   126  0.3385995020389412E-07   4   3 0  1 0  0 0  0 0
   127  0.1545118463997953E-02   4   2 1  1 0  0 0  0 0
   128  0.7350001373037305E-03   4   1 2  1 0  0 0  0 0
   129  -.6500503048037916E-04   4   0 3  1 0  0 0  0 0
   130  -.3262556981631554E-04   4   2 0  2 0  0 0  0 0
   131  0.4069373083435305E-03   4   1 1  2 0  0 0  0 0
   132  0.9142051136201590E-04   4   0 2  2 0  0 0  0 0
   133  0.1021289637742362E-07   4   1 0  3 0  0 0  0 0
   134  0.4230207014669615E-07   4   0 1  3 0  0 0  0 0
   135  -.4340463850928522E-04   4   0 0  4 0  0 0  0 0
   136  0.7725581656770414E-03   4   3 0  0 1  0 0  0 0
   137  0.1222166448338014E-02   4   2 1  0 1  0 0  0 0
   138  0.7528466068326587E-03   4   1 2  0 1  0 0  0 0
   139  0.6649550245350727E-04   4   0 3  0 1  0 0  0 0
   140  0.4445955206175581E-03   4   2 0  1 1  0 0  0 0
   141  0.6923150752462551E-03   4   1 1  1 1  0 0  0 0
   142  0.3158926068991037E-03   4   0 2  1 1  0 0  0 0
   143  0.4817209969825727E-03   4   1 0  2 1  0 0  0 0
   144  0.8475352142666598E-04   4   0 1  2 1  0 0  0 0
   145  0.1053050382650020E-03   4   0 0  3 1  0 0  0 0
   146  0.3596152684559398E-04   4   2 0  0 2  0 0  0 0
   147  0.1674416199012470E-04   4   1 1  0 2  0 0  0 0
   148  0.2686458643993880E-04   4   0 2  0 2  0 0  0 0
   149  0.2894345926536352E-03   4   1 0  1 2  0 0  0 0
   150  -.9552764753649064E-04   4   0 1  1 2  0 0  0 0
   151  0.1411106409343221E-03   4   0 0  2 2  0 0  0 0
   152  0.3170447918232404E-04   4   1 0  0 3  0 0  0 0
   153  -.2670613763683242E-04   4   0 1  0 3  0 0  0 0
   154  0.6998828226551204E-04   4   0 0  1 3  0 0  0 0
   155  0.1725331844725953E-04   4   0 0  0 4  0 0  0 0
   156  -.6346534173285384E-04   4   3 0  0 0  0 1  0 0
   157  -.1335873145912087E-03   4   2 1  0 0  0 1  0 0
   158  -.7628181536394277E-04   4   1 2  0 0  0 1  0 0
   159  -.6410709740060191E-04   4   0 3  0 0  0 1  0 0
   160   1.422414576983016       4   2 0  1 0  0 1  0 0
   161   2.245442483394453       4   1 1  1 0  0 1  0 0
   162   1.016954877102612       4   0 2  1 0  0 1  0 0
   163  0.3066670472855892E-03   4   1 0  2 0  0 1  0 0
   164  0.1778252876466454E-03   4   0 1  2 0  0 1  0 0
   165  0.1640791337447662       4   0 0  3 0  0 1  0 0
   166  0.8143693005752642       4   2 0  0 1  0 1  0 0
   167   1.295960621629583       4   1 1  0 1  0 1  0 0
   168  0.8436952628911812       4   0 2  0 1  0 1  0 0
   169  0.4285489018641455E-03   4   1 0  1 1  0 1  0 0
   170  0.4013464817957162E-03   4   0 1  1 1  0 1  0 0
   171  0.6984058495338604       4   0 0  2 1  0 1  0 0
   172  0.1209743065550243E-03   4   1 0  0 2  0 1  0 0
   173  0.1062992510276828E-03   4   0 1  0 2  0 1  0 0
   174  0.3439440672067886E-01   4   0 0  1 2  0 1  0 0
   175  0.9912269115640419E-01   4   0 0  0 3  0 1  0 0
   176  -.6337993306696827E-04   4   3 0  0 0  0 0  1 0
   177  -.1334075390789845E-03   4   2 1  0 0  0 0  1 0
   178  -.7617915889186381E-04   4   1 2  0 0  0 0  1 0
   179  -.6402082509018338E-04   4   0 3  0 0  0 0  1 0
   180   1.420500358481390       4   2 0  1 0  0 0  1 0
   181   2.242420672724343       4   1 1  1 0  0 0  1 0
   182   1.015586307156434       4   0 2  1 0  0 0  1 0
   183  0.3062543492260697E-03   4   1 0  2 0  0 0  1 0
   184  0.1775859787551466E-03   4   0 1  2 0  0 0  1 0
   185  0.1638583237793541       4   0 0  3 0  0 0  1 0
   186  0.8132733607504458       4   2 0  0 1  0 0  1 0
   187   1.294216578901501       4   1 1  0 1  0 0  1 0
   188  0.8425598575683642       4   0 2  0 1  0 0  1 0
   189  0.4279721809488276E-03   4   1 0  1 1  0 0  1 0
   190  0.4008063686153204E-03   4   0 1  1 1  0 0  1 0
   191  0.6974659678562856       4   0 0  2 1  0 0  1 0
   192  0.1208115050345838E-03   4   1 0  0 2  0 0  1 0
   193  0.1061561985053604E-03   4   0 1  0 2  0 0  1 0
   194  0.3434812034906658E-01   4   0 0  1 2  0 0  1 0
   195  0.9898929651013637E-01   4   0 0  0 3  0 0  1 0
   196  0.2690406326620091E-03   4   3 0  0 0  0 0  0 1
   197  0.2669948536701935E-03   4   2 1  0 0  0 0  0 1
   198  0.9918077993843402E-04   4   1 2  0 0  0 0  0 1
   199  0.4687414066130579E-04   4   0 3  0 0  0 0  0 1
   200  -5.477729531727499       4   2 0  1 0  0 0  0 1
   201  -4.487863156118796       4   1 1  1 0  0 0  0 1
   202  -1.181052319616957       4   0 2  1 0  0 0  0 1
   203  -.1153668356293256E-02   4   1 0  2 0  0 0  0 1
   204  -.3554112664017918E-03   4   0 1  2 0  0 0  0 1
   205  -.8754191974919763       4   0 0  3 0  0 0  0 1
   206  -1.627642661325710       4   2 0  0 1  0 0  0 1
   207  -1.750360788347747       4   1 1  0 1  0 0  0 1
   208  -.6685159654518277       4   0 2  0 1  0 0  0 1
   209  -.8565210828129736E-03   4   1 0  1 1  0 0  0 1
   210  -.4753784410595877E-03   4   0 1  1 1  0 0  0 1
   211  -1.395871817390145       4   0 0  2 1  0 0  0 1
   212  -.1662564095936827E-03   4   1 0  0 2  0 0  0 1
   213  -.9118959841238979E-04   4   0 1  0 2  0 0  0 1
   214  -.1854868326505912       4   0 0  1 2  0 0  0 1
   215  -.9368787390680208E-01   4   0 0  0 3  0 0  0 1
   216  -.3323884251318552E-04   4   2 0  0 0  0 2  0 0
   217  -.8646994106883228E-04   4   1 1  0 0  0 2  0 0
   218  -.5587773390634447E-04   4   0 2  0 0  0 2  0 0
   219  -.2359035918710883E-03   4   1 0  1 0  0 2  0 0
   220  -.2293636544029393E-03   4   0 1  1 0  0 2  0 0
   221  -.3003368328384060E-04   4   0 0  2 0  0 2  0 0
   222  -.2804759159752846E-04   4   1 0  0 1  0 2  0 0
   223  -.7926794220855972E-04   4   0 1  0 1  0 2  0 0
   224  0.4946430083674997E-04   4   0 0  1 1  0 2  0 0
   225  0.1847246236713444E-04   4   0 0  0 2  0 2  0 0
   226  -.3329713282078789E-04   4   2 0  0 0  0 1  1 0
   227  -.8878966394358226E-04   4   1 1  0 0  0 1  1 0
   228  -.6425921035818856E-04   4   0 2  0 0  0 1  1 0
   229  -.2798531577886399E-03   4   1 0  1 0  0 1  1 0
   230  -.2782999001826322E-03   4   0 1  1 0  0 1  1 0
   231  -.2799476377272606E-04   4   0 0  2 0  0 1  1 0
   232  -.1118728898175648E-03   4   1 0  0 1  0 1  1 0
   233  -.1359171955759056E-03   4   0 1  0 1  0 1  1 0
   234  0.3435845455804564E-04   4   0 0  1 1  0 1  1 0
   235  0.1529315816943651E-04   4   0 0  0 2  0 1  1 0
   236  -.3317170638936830E-04   4   2 0  0 0  0 0  2 0
   237  -.8629382942471728E-04   4   1 1  0 0  0 0  2 0
   238  -.5575929777704552E-04   4   0 2  0 0  0 0  2 0
   239  -.2353978173395350E-03   4   1 0  1 0  0 0  2 0
   240  -.2288677261614559E-03   4   0 1  1 0  0 0  2 0
   241  -.2997442835144677E-04   4   0 0  2 0  0 0  2 0
   242  -.2793456983922858E-04   4   1 0  0 1  0 0  2 0
   243  -.7906981166957935E-04   4   0 1  0 1  0 0  2 0
   244  0.4937461511741245E-04   4   0 0  1 1  0 0  2 0
   245  0.1843731259209633E-04   4   0 0  0 2  0 0  2 0
   246  0.7658071004976110E-04   4   2 0  0 0  0 1  0 1
   247  0.1389130444233576E-03   4   1 1  0 0  0 1  0 1
   248  0.5862152727907398E-04   4   0 2  0 0  0 1  0 1
   249  0.3758330582074024E-03   4   1 0  1 0  0 1  0 1
   250  0.2100216947187389E-03   4   0 1  1 0  0 1  0 1
   251  0.5541087418752713E-04   4   0 0  2 0  0 1  0 1
   252  0.4217351153053278E-04   4   1 0  0 1  0 1  0 1
   253  0.4726915164535081E-04   4   0 1  0 1  0 1  0 1
   254  -.2868006385019817E-04   4   0 0  1 1  0 1  0 1
   255  -.1305388180286167E-04   4   0 0  0 2  0 1  0 1
   256  0.7647765133929999E-04   4   2 0  0 0  0 0  1 1
   257  0.1387261017949176E-03   4   1 1  0 0  0 0  1 1
   258  0.5854263719039867E-04   4   0 2  0 0  0 0  1 1
   259  0.3753272797900654E-03   4   1 0  1 0  0 0  1 1
   260  0.2097390574199660E-03   4   0 1  1 0  0 0  1 1
   261  0.5533630484446955E-04   4   0 0  2 0  0 0  1 1
   262  0.4211675640628372E-04   4   1 0  0 1  0 0  1 1
   263  0.4720553904878438E-04   4   0 1  0 1  0 0  1 1
   264  -.2864146757191311E-04   4   0 0  1 1  0 0  1 1
   265  -.1303631450393948E-04   4   0 0  0 2  0 0  1 1
   266  -.5335068423153791E-04   4   2 0  0 0  0 0  0 2
   267  -.4060198993910278E-04   4   1 1  0 0  0 0  0 2
   268  -.6936796530577349E-05   4   0 2  0 0  0 0  0 2
   269  -.5770992858203724E-08   4   1 0  1 0  0 0  0 2
   270  -.1836762896124998E-08   4   0 1  1 0  0 0  0 2
   271  -.2274430065861755E-04   4   0 0  2 0  0 0  0 2
   272  -.1944601080889160E-04   4   1 0  0 1  0 0  0 2
   273  -.3419239994478388E-05   4   0 1  0 1  0 0  0 2
   274  -.2645505437003497E-04   4   0 0  1 1  0 0  0 2
   275  -.5031882615224887E-05   4   0 0  0 2  0 0  0 2
   276  -.3149492464696004E-06   4   1 0  0 0  0 3  0 0
   277  -.2110440527677282E-04   4   0 1  0 0  0 3  0 0
   278  -.2063256785319942E-01   4   0 0  1 0  0 3  0 0
   279  0.9467745954961210E-01   4   0 0  0 1  0 3  0 0
   280  -.3049695396919700E-06   4   1 0  0 0  0 2  1 0
   281  -.1274481896682272E-04   4   0 1  0 0  0 2  1 0
   282  -.1174312014846928E-01   4   0 0  1 0  0 2  1 0
   283  0.5039389636557749E-01   4   0 0  0 1  0 2  1 0
   284  -.3049888293475548E-06   4   1 0  0 0  0 1  2 0
   285  -.1276163654104229E-04   4   0 1  0 0  0 1  2 0
   286  -.1176100859819046E-01   4   0 0  1 0  0 1  2 0
   287  0.5048303126552708E-01   4   0 0  0 1  0 1  2 0
   288  -.3141085503256791E-06   4   1 0  0 0  0 0  3 0
   289  -.2105323918389970E-04   4   0 1  0 0  0 0  3 0
   290  -.2058302733704886E-01   4   0 0  1 0  0 0  3 0
   291  0.9445247773796532E-01   4   0 0  0 1  0 0  3 0
   292  0.9457191555459198E-06   4   1 0  0 0  0 2  0 1
   293  0.2551024208808319E-04   4   0 1  0 0  0 2  0 1
   294  0.4856059496629572E-01   4   0 0  1 0  0 2  0 1
   295  -.1007579032334465       4   0 0  0 1  0 2  0 1
   296  0.9330831203579068E-06   4   1 0  0 0  0 1  1 1
   297  0.1719605483604570E-04   4   0 1  0 0  0 1  1 1
   298  0.3081042944997909E-01   4   0 0  1 0  0 1  1 1
   299  -.5668970607621952E-01   4   0 0  0 1  0 1  1 1
   300  0.9438186015630535E-06   4   1 0  0 0  0 0  2 1
   301  0.2546434078646933E-04   4   0 1  0 0  0 0  2 1
   302  0.4847451279421734E-01   4   0 0  1 0  0 0  2 1
   303  -.1005841628284587       4   0 0  0 1  0 0  2 1
   304  -.9465023740637296E-06   4   1 0  0 0  0 1  0 2
   305  -.2756762351311125E-06   4   0 1  0 0  0 1  0 2
   306  -.3078657620614563E-01   4   0 0  1 0  0 1  0 2
   307  -.1584204077388501E-01   4   0 0  0 1  0 1  0 2
   308  -.9452286157758364E-06   4   1 0  0 0  0 0  1 2
   309  -.2753052430460036E-06   4   0 1  0 0  0 0  1 2
   310  -.3074514508280857E-01   4   0 0  1 0  0 0  1 2
   311  -.1582072130202111E-01   4   0 0  0 1  0 0  1 2
   312  0.3153163057748518E-06   4   1 0  0 0  0 0  0 3
   313  0.6126147504952101E-07   4   0 1  0 0  0 0  0 3
   314  -.1594047268485303E-02   4   0 0  1 0  0 0  0 3
   315  -.3122950260196720E-03   4   0 0  0 1  0 0  0 3
   316  -.3134952316365454E-05   4   0 0  0 0  0 4  0 0
   317  -.1651650481783086E-05   4   0 0  0 0  0 3  1 0
   318  -.1455416493785184E-05   4   0 0  0 0  0 2  2 0
   319  -.1655894028915271E-05   4   0 0  0 0  0 1  3 0
   320  -.3125408215184124E-05   4   0 0  0 0  0 0  4 0
   321  0.3405633411021933E-05   4   0 0  0 0  0 3  0 1
   322  0.1786700986537824E-05   4   0 0  0 0  0 2  1 1
   323  0.1789959759314048E-05   4   0 0  0 0  0 1  2 1
   324  0.3397558092669604E-05   4   0 0  0 0  0 0  3 1
   325  0.2009655400655089E-06   4   0 0  0 0  0 2  0 2
   326  0.2397332867283842E-06   4   0 0  0 0  0 1  1 2
   327  0.2005337792333487E-06   4   0 0  0 0  0 0  2 2
   328  0.1117855391079079E-08   4   0 0  0 0  0 1  0 3
   329  0.1116351033976465E-08   4   0 0  0 0  0 0  1 3
   330  -.1666212388669395E-15   4   0 0  0 0  0 0  0 4
   ----------------------------------------------------
     I  COEFFICIENT            ORDER EXPONENTS
     1  0.9021108164398389E-09   0   0 0  0 0  0 0  0 0
     2  -.9027032818468538E-06   1   1 0  0 0  0 0  0 0
     3  -.2100619161780868E-05   1   0 1  0 0  0 0  0 0
     4  0.7814776749199107E-06   1   0 0  1 0  0 0  0 0
     5  -.6591178217403546E-06   1   0 0  0 1  0 0  0 0
     6   1.000000000000000       1   0 0  0 0  1 0  0 0
     7  0.1570859944455565       1   0 0  0 0  0 1  0 0
     8  -.1570859944195996       1   0 0  0 0  0 0  1 0
     9  -.2595917147523888E-10   1   0 0  0 0  0 0  0 1
    10  -.6064261538791681E-01   2   2 0  0 0  0 0  0 0
    11  -.1867289917793335       2   1 1  0 0  0 0  0 0
    12  -.2070773936740735       2   0 2  0 0  0 0  0 0
    13  -.2058346684057087E-05   2   1 0  1 0  0 0  0 0
    14  -.2750307258165921E-04   2   0 1  1 0  0 0  0 0
    15  -.4972780076035422E-01   2   0 0  2 0  0 0  0 0
    16  -.2750253151707742E-04   2   1 0  0 1  0 0  0 0
    17  -.1613771794864145E-04   2   0 1  0 1  0 0  0 0
    18  0.1050349009970736       2   0 0  1 1  0 0  0 0
    19  -.1214752821955961       2   0 0  0 2  0 0  0 0
    20  0.1470817888016079E-05   2   1 0  0 0  0 1  0 0
    21  0.3417755523493032E-05   2   0 1  0 0  0 1  0 0
    22  -.1158275324536043E-05   2   0 0  1 0  0 1  0 0
    23  0.8557819473363130E-06   2   0 0  0 1  0 1  0 0
    24  0.5685606334200286E-06   2   1 0  0 0  0 0  1 0
    25  0.1318179120005640E-05   2   0 1  0 0  0 0  1 0
    26  -.3773402888070985E-06   2   0 0  1 0  0 0  1 0
    27  0.1972839706476922E-06   2   0 0  0 1  0 0  1 0
    28  -.2039367376710013E-05   2   1 0  0 0  0 0  0 1
    29  -.2635282331337096E-05   2   0 1  0 0  0 0  0 1
    30  0.1535614012976612E-05   2   0 0  1 0  0 0  0 1
    31  -.3939424322380711E-06   2   0 0  0 1  0 0  0 1
    32  -.1178938238202898       2   0 0  0 0  0 2  0 0
    33  0.7870165315437359E-01   2   0 0  0 0  0 1  1 0
    34  0.3919217062526031E-01   2   0 0  0 0  0 0  2 0
    35  0.4064008258096793E-10   2   0 0  0 0  0 1  0 1
    36  0.1469604184365913E-10   2   0 0  0 0  0 0  1 1
    37  -.1468843285982496E-10   2   0 0  0 0  0 0  0 2
    38  -.3212669931207232E-04   3   3 0  0 0  0 0  0 0
    39  -.6545287556736829E-04   3   2 1  0 0  0 0  0 0
    40  0.7506147497043495E-05   3   1 2  0 0  0 0  0 0
    41  0.5816915960361220E-05   3   0 3  0 0  0 0  0 0
    42  -.9416952718360682E-06   3   2 0  1 0  0 0  0 0
    43  -.3179471482347937E-04   3   1 1  1 0  0 0  0 0
    44  0.5569972249355452E-05   3   0 2  1 0  0 0  0 0
    45  -.1524455192584328E-04   3   1 0  2 0  0 0  0 0
    46  0.1009480017426555E-03   3   0 1  2 0  0 0  0 0
    47  -.5403024481326632E-05   3   0 0  3 0  0 0  0 0
    48  -.9421448883554596E-05   3   2 0  0 1  0 0  0 0
    49  -.3226542512785617E-06   3   1 1  0 1  0 0  0 0
    50  0.3281727707547928E-05   3   0 2  0 1  0 0  0 0
    51  0.1474615576035033E-03   3   1 0  1 1  0 0  0 0
    52  0.4382113151306514E-04   3   0 1  1 1  0 0  0 0
    53  0.2056427975084937E-04   3   0 0  2 1  0 0  0 0
    54  0.6766371053141960E-05   3   1 0  0 2  0 0  0 0
    55  -.9396857109795335E-05   3   0 1  0 2  0 0  0 0
    56  0.5342202017576870E-05   3   0 0  1 2  0 0  0 0
    57  -.1529189223878153E-05   3   0 0  0 3  0 0  0 0
    58  0.9392638267754655E-01   3   2 0  0 0  0 1  0 0
    59  0.3036915686502076       3   1 1  0 0  0 1  0 0
    60  0.3392707133243860       3   0 2  0 0  0 1  0 0
    61  0.4121384664421316E-05   3   1 0  1 0  0 1  0 0
    62  0.4184013814238610E-04   3   0 1  1 0  0 1  0 0
    63  0.7208396728359437E-01   3   0 0  2 0  0 1  0 0
    64  0.4181455785260127E-04   3   1 0  0 1  0 1  0 0
    65  0.3240622580799877E-04   3   0 1  0 1  0 1  0 0
    66  -.1400673822886630       3   0 0  1 1  0 1  0 0
    67  0.1672296571279241       3   0 0  0 2  0 1  0 0
    68  0.3332051063160150E-01   3   2 0  0 0  0 0  1 0
    69  0.1170561755991968       3   1 1  0 0  0 0  1 0
    70  0.1322937668250258       3   0 2  0 0  0 0  1 0
    71  0.2061742022484583E-05   3   1 0  1 0  0 0  1 0
    72  0.1435085456290200E-04   3   0 1  1 0  0 0  1 0
    73  0.2239293656482375E-01   3   0 0  2 0  0 0  1 0
    74  0.1433637042051857E-04   3   1 0  0 1  0 0  1 0
    75  0.1627906806853140E-04   3   0 1  0 1  0 0  1 0
    76  -.3512649587326658E-01   3   0 0  1 1  0 0  1 0
    77  0.4585606690115137E-01   3   0 0  0 2  0 0  1 0
    78  -.1272469770023550       3   2 0  0 0  0 0  0 1
    79  -.2340189184065201       3   1 1  0 0  0 0  0 1
    80  -.5740988489208049E-01   3   0 2  0 0  0 0  0 1
    81  -.6182005414953840E-05   3   1 0  1 0  0 0  0 1
    82  -.2867744533459021E-04   3   0 1  1 0  0 0  0 1
    83  -.9447695443235411E-01   3   0 0  2 0  0 0  0 1
    84  -.2866644191033925E-04   3   1 0  0 1  0 0  0 1
    85  -.1645292997275626E-04   3   0 1  0 1  0 0  0 1
    86  0.7015898282101594E-01   3   0 0  1 1  0 0  0 1
    87  0.2986479695493787E-01   3   0 0  0 2  0 0  0 1
    88  -.1956624027243498E-05   3   1 0  0 0  0 2  0 0
    89  -.4558268544699458E-05   3   0 1  0 0  0 2  0 0
    90  0.1424989014867760E-05   3   0 0  1 0  0 2  0 0
    91  -.9422778333729651E-06   3   0 0  0 1  0 2  0 0
    92  -.9718456403833863E-06   3   1 0  0 0  0 1  1 0
    93  -.2281529391772159E-05   3   0 1  0 0  0 1  1 0
    94  0.5337269324984639E-06   3   0 0  1 0  0 1  1 0
    95  -.1732943130724803E-06   3   0 0  0 1  0 1  1 0
    96  -.4862569635720605E-06   3   1 0  0 0  0 0  2 0
    97  -.1141524991936322E-05   3   0 1  0 0  0 0  2 0
    98  0.2672822176899197E-06   3   0 0  1 0  0 0  2 0
    99  -.8710542529312572E-07   3   0 0  0 1  0 0  2 0
   100  0.3414315605339419E-05   3   1 0  0 0  0 1  0 1
   101  0.4562660626899367E-05   3   0 1  0 0  0 1  0 1
   102  -.2225435072836200E-05   3   0 0  1 0  0 1  0 1
   103  0.3463043390069795E-06   3   0 0  0 1  0 1  0 1
   104  0.1375838679208076E-05   3   1 0  0 0  0 0  1 1
   105  0.1928326186820961E-05   3   0 1  0 0  0 0  1 1
   106  -.6909565070800858E-06   3   0 0  1 0  0 0  1 1
   107  -.4704454842062916E-07   3   0 0  0 1  0 0  1 1
   108  -.1375398931868650E-05   3   1 0  0 0  0 0  0 2
   109  -.6102132752091482E-06   3   0 1  0 0  0 0  0 2
   110  0.6903897816385997E-06   3   0 0  1 0  0 0  0 2
   111  0.2443128310007751E-06   3   0 0  0 1  0 0  0 2
   112  0.9825810202404077E-01   3   0 0  0 0  0 3  0 0
   113  -.5898671747170690E-01   3   0 0  0 0  0 2  1 0
   114  -.1971494870097230E-01   3   0 0  0 0  0 1  2 0
   115  -.1955646852708269E-01   3   0 0  0 0  0 0  3 0
   116  -.6017976490159194E-09   3   0 0  0 0  0 2  0 1
   117  0.1913704053349596E-09   3   0 0  0 0  0 1  1 1
   118  0.9508765956899564E-10   3   0 0  0 0  0 0  2 1
   119  0.8420064197818575E-10   3   0 0  0 0  0 1  0 2
   120  0.4962136579330629E-10   3   0 0  0 0  0 0  1 2
   121  -.2414420796496820E-12   3   0 0  0 0  0 0  0 3
   122  -.1695508780248872       4   4 0  0 0  0 0  0 0
   123  -.5840755879721133       4   3 1  0 0  0 0  0 0
   124  -.9888479907923502       4   2 2  0 0  0 0  0 0
   125  -.6626869813870350       4   1 3  0 0  0 0  0 0
   126  -.2676419076865904       4   0 4  0 0  0 0  0 0
   127  0.5838053299469363E-04   4   3 0  1 0  0 0  0 0
   128  -.4661012882078463E-04   4   2 1  1 0  0 0  0 0
   129  -.1089030498921504E-03   4   1 2  1 0  0 0  0 0
   130  -.6905337571469917E-04   4   0 3  1 0  0 0  0 0
   131  -.6489301743594599       4   2 0  2 0  0 0  0 0
   132  -.5230900685698205       4   1 1  2 0  0 0  0 0
   133  -.4659404339894764       4   0 2  2 0  0 0  0 0
   134  -.8267854945500668E-04   4   1 0  3 0  0 0  0 0
   135  -.3539022890103376E-04   4   0 1  3 0  0 0  0 0
   136  -.1051869831070765       4   0 0  4 0  0 0  0 0
   137  -.3505399287381208E-04   4   3 0  0 1  0 0  0 0
   138  -.2180935283600618E-03   4   2 1  0 1  0 0  0 0
   139  -.1689502216979015E-03   4   1 2  0 1  0 0  0 0
   140  -.5405366984266933E-04   4   0 3  0 1  0 0  0 0
   141  -.2120045368126971       4   2 0  1 1  0 0  0 0
   142  0.1093492380385264       4   1 1  1 1  0 0  0 0
   143  0.6981522641997462E-01   4   0 2  1 1  0 0  0 0
   144  -.4757632440393275E-04   4   1 0  2 1  0 0  0 0
   145  -.7061096498569005E-04   4   0 1  2 1  0 0  0 0
   146  -.1474684338351550       4   0 0  3 1  0 0  0 0
   147  0.1137125567649278       4   2 0  0 2  0 0  0 0
   148  -.1324587070774640       4   1 1  0 2  0 0  0 0
   149  -.2484163399464483       4   0 2  0 2  0 0  0 0
   150  0.3865331832681541E-04   4   1 0  1 2  0 0  0 0
   151  -.3757055582461193E-04   4   0 1  1 2  0 0  0 0
   152  -.3677830780193337E-01   4   0 0  2 2  0 0  0 0
   153  -.2522325644092029E-04   4   1 0  0 3  0 0  0 0
   154  -.2693180654590920E-04   4   0 1  0 3  0 0  0 0
   155  0.1351486724303314       4   0 0  1 3  0 0  0 0
   156  -.5275645230008641E-01   4   0 0  0 4  0 0  0 0
   157  0.2801230405720916E-03   4   3 0  0 0  0 1  0 0
   158  0.9114858865559911E-03   4   2 1  0 0  0 1  0 0
   159  0.7143051707885457E-03   4   1 2  0 0  0 1  0 0
   160  0.3501446991715581E-03   4   0 3  0 0  0 1  0 0
   161  0.3250788034886256E-04   4   2 0  1 0  0 1  0 0
   162  0.5665898848758395E-04   4   1 1  1 0  0 1  0 0
   163  -.2620919150344063E-04   4   0 2  1 0  0 1  0 0
   164  0.9124343251098893E-04   4   1 0  2 0  0 1  0 0
   165  0.2153992526730141E-03   4   0 1  2 0  0 1  0 0
   166  0.2121864327535634E-04   4   0 0  3 0  0 1  0 0
   167  -.2938158870594308E-04   4   2 0  0 1  0 1  0 0
   168  0.2444785571269335E-04   4   1 1  0 1  0 1  0 0
   169  0.4168669928540223E-04   4   0 2  0 1  0 1  0 0
   170  -.2293521458915085E-03   4   1 0  1 1  0 1  0 0
   171  -.7298366959823922E-04   4   0 1  1 1  0 1  0 0
   172  -.2951992662470852E-04   4   0 0  2 1  0 1  0 0
   173  0.9748510606087421E-04   4   1 0  0 2  0 1  0 0
   174  0.2182875467440210E-03   4   0 1  0 2  0 1  0 0
   175  -.7092099083609738E-04   4   0 0  1 2  0 1  0 0
   176  0.2323537715722449E-04   4   0 0  0 3  0 1  0 0
   177  0.1512639496742284E-03   4   3 0  0 0  0 0  1 0
   178  0.5034221749818986E-03   4   2 1  0 0  0 0  1 0
   179  0.4411919545394519E-03   4   1 2  0 0  0 0  1 0
   180  0.2195120544109027E-03   4   0 3  0 0  0 0  1 0
   181  0.1706479187823396E-04   4   2 0  1 0  0 0  1 0
   182  0.1952891680265790E-04   4   1 1  1 0  0 0  1 0
   183  -.1491383225451190E-04   4   0 2  1 0  0 0  1 0
   184  0.5238764784907084E-04   4   1 0  2 0  0 0  1 0
   185  0.1376211568443817E-03   4   0 1  2 0  0 0  1 0
   186  0.7413508168710867E-05   4   0 0  3 0  0 0  1 0
   187  -.1597249041701353E-04   4   2 0  0 1  0 0  1 0
   188  0.1673754125967261E-04   4   1 1  0 1  0 0  1 0
   189  0.2530541737727682E-04   4   0 2  0 1  0 0  1 0
   190  -.7314354110316365E-04   4   1 0  1 1  0 0  1 0
   191  -.4639490758961805E-04   4   0 1  1 1  0 0  1 0
   192  -.5091860239435176E-05   4   0 0  2 1  0 0  1 0
   193  0.5743996499176632E-04   4   1 0  0 2  0 0  1 0
   194  0.1297783637807324E-03   4   0 1  0 2  0 0  1 0
   195  -.3882438975678689E-04   4   0 0  1 2  0 0  1 0
   196  0.1319787363435050E-04   4   0 0  0 3  0 0  1 0
   197  -.2958212846651701E-03   4   3 0  0 0  0 0  0 1
   198  -.6298105585762346E-03   4   2 1  0 0  0 0  0 1
   199  -.3660683019952855E-03   4   1 2  0 0  0 0  0 1
   200  -.6673067702466712E-04   4   0 3  0 0  0 0  0 1
   201  -.3269182635615468E-04   4   2 0  1 0  0 0  0 1
   202  -.3684319464961588E-04   4   1 1  1 0  0 0  0 1
   203  0.1342766201702245E-04   4   0 2  1 0  0 0  0 1
   204  -.6407905599218938E-04   4   1 0  2 0  0 0  0 1
   205  -.7823615224180127E-04   4   0 1  2 0  0 0  0 1
   206  -.1972679631893033E-04   4   0 0  3 0  0 0  0 1
   207  0.7478009391809333E-05   4   2 0  0 1  0 0  0 1
   208  -.1076649673273071E-04   4   1 1  0 1  0 0  0 1
   209  0.1632213668550905E-05   4   0 2  0 1  0 0  0 1
   210  0.1714046200528056E-03   4   1 0  1 1  0 0  0 1
   211  0.3507860810319244E-04   4   0 1  1 1  0 0  0 1
   212  0.2860754879676210E-05   4   0 0  2 1  0 0  0 1
   213  -.3759905563962884E-04   4   1 0  0 2  0 0  0 1
   214  -.1112945063535432E-04   4   0 1  0 2  0 0  0 1
   215  0.2029046287856441E-04   4   0 0  1 2  0 0  0 1
   216  0.6624264185437013E-05   4   0 0  0 3  0 0  0 1
   217  -.1204508177909911       4   2 0  0 0  0 2  0 0
   218  -.4041160905515615       4   1 1  0 0  0 2  0 0
   219  -.4548326546960821       4   0 2  0 0  0 2  0 0
   220  -.6179405953765295E-05   4   1 0  1 0  0 2  0 0
   221  -.5301750253640002E-04   4   0 1  1 0  0 2  0 0
   222  -.8766791875110475E-01   4   0 0  2 0  0 2  0 0
   223  -.5301200022631754E-04   4   1 0  0 1  0 2  0 0
   224  -.4887936194011235E-04   4   0 1  0 1  0 2  0 0
   225  0.1583254420783685       4   0 0  1 1  0 2  0 0
   226  -.1955151212560076       4   0 0  0 2  0 2  0 0
   227  -.5306707731105377E-01   4   2 0  0 0  0 1  1 0
   228  -.2008936854855351       4   1 1  0 0  0 1  1 0
   229  -.2311688158034652       4   0 2  0 0  0 1  1 0
   230  -.4120549713306926E-05   4   1 0  1 0  0 1  1 0
   231  -.2237346913371984E-04   4   0 1  1 0  0 1  1 0
   232  -.3118618365857265E-01   4   0 0  2 0  0 1  1 0
   233  -.2239167840520217E-04   4   1 0  0 1  0 1  1 0
   234  -.3292447243914461E-04   4   0 1  0 1  0 1  1 0
   235  0.3656152227697159E-01   4   0 0  1 1  0 1  1 0
   236  -.5661819413165515E-01   4   0 0  0 2  0 1  1 0
   237  -.2656091725601156E-01   4   2 0  0 0  0 0  2 0
   238  -.1005156348028791       4   1 1  0 0  0 0  2 0
   239  -.1156567214374018       4   0 2  0 0  0 0  2 0
   240  -.2058580387441953E-05   4   1 0  1 0  0 0  2 0
   241  -.1119796652550675E-04   4   0 1  1 0  0 0  2 0
   242  -.1562052305846020E-01   4   0 0  2 0  0 0  2 0
   243  -.1120900800440765E-04   4   1 0  0 1  0 0  2 0
   244  -.1646176953754739E-04   4   0 1  0 1  0 0  2 0
   245  0.1835024515113539E-01   4   0 0  1 1  0 0  2 0
   246  -.2838333340279230E-01   4   0 0  0 2  0 0  2 0
   247  0.2000421447426320       4   2 0  0 0  0 1  0 1
   248  0.4017423505044224       4   1 1  0 0  0 1  0 1
   249  0.1230215830064463       4   0 2  0 0  0 1  0 1
   250  0.1236652685907844E-04   4   1 0  1 0  0 1  0 1
   251  0.4475789494573278E-04   4   0 1  1 0  0 1  0 1
   252  0.1344379617401811       4   0 0  2 0  0 1  0 1
   253  0.4475426747482613E-04   4   1 0  0 1  0 1  0 1
   254  0.3337953070851966E-04   4   0 1  0 1  0 1  0 1
   255  -.7307763102051328E-01   4   0 0  1 1  0 1  0 1
   256  -.5404063838920650E-01   4   0 0  0 2  0 1  0 1
   257  0.7286821596821846E-01   4   2 0  0 0  0 0  1 1
   258  0.1678122256188307       4   1 1  0 0  0 0  1 1
   259  0.6560055652845201E-01   4   0 2  0 0  0 0  1 1
   260  0.6184506862245308E-05   4   1 0  1 0  0 0  1 1
   261  0.1609735011800122E-04   4   0 1  1 0  0 0  1 1
   262  0.4003420119765633E-01   4   0 0  2 0  0 0  1 1
   263  0.1610470135717311E-04   4   1 0  0 1  0 0  1 1
   264  0.1692593349488205E-04   4   0 1  0 1  0 0  1 1
   265  -.3009010011422225E-02   4   0 0  1 1  0 0  1 1
   266  -.2418344327583306E-01   4   0 0  0 2  0 0  1 1
   267  -.7283163952592332E-01   4   2 0  0 0  0 0  0 2
   268  -.5075829611078601E-01   4   1 1  0 0  0 0  0 2
   269  -.8196223054929718E-02   4   0 2  0 0  0 0  0 2
   270  -.6189992714577414E-05   4   1 0  1 0  0 0  0 2
   271  -.1757333319582830E-05   4   0 1  1 0  0 0  0 2
   272  -.3999758339015123E-01   4   0 0  2 0  0 0  0 2
   273  -.1757375924828726E-05   4   1 0  0 1  0 0  0 2
   274  -.4734314030990418E-06   4   0 1  0 1  0 0  0 2
   275  -.3211565808688253E-01   4   0 0  1 1  0 0  0 2
   276  -.5685153639558920E-02   4   0 0  0 2  0 0  0 2
   277  0.6256554157808787E-04   4   1 0  0 0  0 3  0 0
   278  0.1363725792234840E-03   4   0 1  0 0  0 3  0 0
   279  -.1318036716280963E-04   4   0 0  1 0  0 3  0 0
   280  0.2166300703911264E-04   4   0 0  0 1  0 3  0 0
   281  0.3011479301673911E-04   4   1 0  0 0  0 2  1 0
   282  0.6582366120592838E-04   4   0 1  0 0  0 2  1 0
   283  -.4907394599140314E-05   4   0 0  1 0  0 2  1 0
   284  0.7826105491707386E-05   4   0 0  0 1  0 2  1 0
   285  0.1859564828966928E-04   4   1 0  0 0  0 1  2 0
   286  0.4069272843431549E-04   4   0 1  0 0  0 1  2 0
   287  -.2831556680045177E-05   4   0 0  1 0  0 1  2 0
   288  0.4480830820448815E-05   4   0 0  0 1  0 1  2 0
   289  0.1005427581220935E-04   4   1 0  0 0  0 0  3 0
   290  0.2197593033932255E-04   4   0 1  0 0  0 0  3 0
   291  -.1640546922306311E-05   4   0 0  1 0  0 0  3 0
   292  0.2616730687654345E-05   4   0 0  0 1  0 0  3 0
   293  -.5693092464439819E-04   4   1 0  0 0  0 2  0 1
   294  -.2077829820919914E-04   4   0 1  0 0  0 2  0 1
   295  0.1142404395325670E-04   4   0 0  1 0  0 2  0 1
   296  0.3991852736681078E-05   4   0 0  0 1  0 2  0 1
   297  -.2701949758334886E-04   4   1 0  0 0  0 1  1 1
   298  -.1375890243604457E-04   4   0 1  0 0  0 1  1 1
   299  0.3615413054368181E-05   4   0 0  1 0  0 1  1 1
   300  0.2546539895115177E-05   4   0 0  0 1  0 1  1 1
   301  -.1352073361706705E-04   4   1 0  0 0  0 0  2 1
   302  -.6879526595682203E-05   4   0 1  0 0  0 0  2 1
   303  0.1811734021535228E-05   4   0 0  1 0  0 0  2 1
   304  0.1273382077213889E-05   4   0 0  0 1  0 0  2 1
   305  0.2719579454128848E-05   4   1 0  0 0  0 1  0 2
   306  0.1010126111277251E-05   4   0 1  0 0  0 1  0 2
   307  -.6314693387456668E-07   4   0 0  1 0  0 1  0 2
   308  -.2285941936957801E-06   4   0 0  0 1  0 1  0 2
   309  0.1876920045627877E-05   4   1 0  0 0  0 0  1 2
   310  0.7186186197497581E-06   4   0 1  0 0  0 0  1 2
   311  0.1948703780734370E-06   4   0 0  1 0  0 0  1 2
   312  -.9036860804361763E-07   4   0 0  0 1  0 0  1 2
   313  -.1447534737268893E-06   4   1 0  0 0  0 0  0 3
   314  -.5131586307978765E-07   4   0 1  0 0  0 0  0 3
   315  -.4215517320333743E-07   4   0 0  1 0  0 0  0 3
   316  -.1161173853869106E-07   4   0 0  0 1  0 0  0 3
   317  -.8598082688272041E-01   4   0 0  0 0  0 4  0 0
   318  0.4914891579969202E-01   4   0 0  0 0  0 3  1 0
   319  0.1475664970887074E-01   4   0 0  0 0  0 2  2 0
   320  0.9877163600645394E-02   4   0 0  0 0  0 1  3 0
   321  0.1219805171686783E-01   4   0 0  0 0  0 0  4 0
   322  0.1289398315839765E-08   4   0 0  0 0  0 3  0 1
   323  0.1272402726454263E-08   4   0 0  0 0  0 2  1 1
   324  0.1091515326462167E-08   4   0 0  0 0  0 1  2 1
   325  0.4109341199086969E-09   4   0 0  0 0  0 0  3 1
   326  -.4860032195998588E-10   4   0 0  0 0  0 2  0 2
   327  0.7229961252839490E-11   4   0 0  0 0  0 1  1 2
   328  0.3520349877369127E-11   4   0 0  0 0  0 0  2 2
   329  0.1985240475637440E-12   4   0 0  0 0  0 1  0 3
   330  -.4253579091285101E-13   4   0 0  0 0  0 0  1 3
   331  -.1273783416508259E-12   4   0 0  0 0  0 0  0 4
   ----------------------------------------------------
     I  COEFFICIENT            ORDER EXPONENTS
     1   1.000000000000000       1   0 0  0 0  0 1  0 0
     --------------------------------------------------
     I  COEFFICIENT            ORDER EXPONENTS
     1   1.000000000000000       1   0 0  0 0  0 0  1 0
     --------------------------------------------------
     I  COEFFICIENT            ORDER EXPONENTS
     1   1.000000000000000       1   0 0  0 0  0 0  0 1
     --------------------------------------------------
