 L    0.6291909999999999E+00
 P (  0.0000000000000000E+00,  0.0000000000000000E+00,  0.1066695000000000E+00)
 A (  0.0000000000000000E+00,  0.0000000000000000E+00,  0.0000000000000000E+00)
     I  COEFFICIENT            ORDER EXPONENTS
     1  -.9750005913355423E-04   0   0 0  0 0  0 0  0 0
     2   1.330758861480231       1   1 0  0 0  0 0  0 0
     3  0.7261792294530141       1   0 1  0 0  0 0  0 0
     4  0.5953064455869332E-04   1   0 0  1 0  0 0  0 0
     5  0.1767073955687675E-04   1   0 0  0 1  0 0  0 0
     6  -.2351050959019269E-05   1   0 0  0 0  0 1  0 0
     7  -.2347887025439884E-05   1   0 0  0 0  0 0  1 0
     8  0.4698937984459103E-05   1   0 0  0 0  0 0  0 1
     9  0.1564148195407002E-03   2   2 0  0 0  0 0  0 0
    10  0.1165416435387761E-04   2   1 1  0 0  0 0  0 0
    11  -.7326838197001748E-05   2   0 2  0 0  0 0  0 0
    12  0.9088785710161212E-04   2   1 0  1 0  0 0  0 0
    13  -.2875364699555160E-05   2   0 1  1 0  0 0  0 0
    14  -.1988010784849207E-03   2   0 0  2 0  0 0  0 0
    15  0.9135591576292103E-05   2   1 0  0 1  0 0  0 0
    16  -.4102426420488005E-05   2   0 1  0 1  0 0  0 0
    17  -.3786339611939086E-04   2   0 0  1 1  0 0  0 0
    18  0.8016421094877537E-05   2   0 0  0 2  0 0  0 0
    19  -.1733152297455250       2   1 0  0 0  0 1  0 0
    20  -.4135687039228307       2   0 1  0 0  0 1  0 0
    21  -.2982882045429766E-04   2   0 0  1 0  0 1  0 0
    22  -.1768573673585261E-04   2   0 0  0 1  0 1  0 0
    23  -.1730819902773971       2   1 0  0 0  0 0  1 0
    24  -.4130121426519090       2   0 1  0 0  0 0  1 0
    25  -.2978867823351387E-04   2   0 0  1 0  0 0  1 0
    26  -.1766193610485335E-04   2   0 0  0 1  0 0  1 0
    27  0.3463972200229229       2   1 0  0 0  0 0  0 1
    28  0.1004016171217263       2   0 1  0 0  0 0  0 1
    29  0.5961749868781166E-04   2   0 0  1 0  0 0  0 1
    30  0.1767693328382925E-04   2   0 0  0 1  0 0  0 1
    31  0.1901570863630302E-05   2   0 0  0 0  0 2  0 0
    32  0.1453288603660262E-05   2   0 0  0 0  0 1  1 0
    33  0.1898033935560826E-05   2   0 0  0 0  0 0  2 0
    34  -.2905347278380266E-05   2   0 0  0 0  0 1  0 1
    35  -.2901437398937354E-05   2   0 0  0 0  0 0  1 1
    36  0.5539226544372790E-06   2   0 0  0 0  0 0  0 2
    37  0.2101359987893758       3   3 0  0 0  0 0  0 0
    38   1.296129468517993       3   2 1  0 0  0 0  0 0
    39   1.133146126388805       3   1 2  0 0  0 0  0 0
    40  0.5987772487413765       3   0 3  0 0  0 0  0 0
    41  0.1880236596082375E-03   3   2 0  1 0  0 0  0 0
    42  0.2637090246856457E-03   3   1 1  1 0  0 0  0 0
    43  0.1551293838198110E-03   3   0 2  1 0  0 0  0 0
    44  -.3622664214981039       3   1 0  2 0  0 0  0 0
    45  0.5562689014434204       3   0 1  2 0  0 0  0 0
    46  -.2753365984444591E-04   3   0 0  3 0  0 0  0 0
    47  0.2422907844646350E-03   3   2 0  0 1  0 0  0 0
    48  0.2092784245541359E-03   3   1 1  0 1  0 0  0 0
    49  0.7921177757709932E-04   3   0 2  0 1  0 0  0 0
    50  -.5986052248879341       3   1 0  1 1  0 0  0 0
    51  -.7206535272863600E-01   3   0 1  1 1  0 0  0 0
    52  0.1634248312044610E-04   3   0 0  2 1  0 0  0 0
    53  0.2010295539634119       3   1 0  0 2  0 0  0 0
    54  0.4033153115071427       3   0 1  0 2  0 0  0 0
    55  0.5328405928848597E-04   3   0 0  1 2  0 0  0 0
    56  0.2426614829543808E-04   3   0 0  0 3  0 0  0 0
    57  -.7414507674449976E-04   3   2 0  0 0  0 1  0 0
    58  -.9569621303104799E-05   3   1 1  0 0  0 1  0 0
    59  0.1044517973057563E-04   3   0 2  0 0  0 1  0 0
    60  -.5104173763105130E-04   3   1 0  1 0  0 1  0 0
    61  0.1651596174191508E-05   3   0 1  1 0  0 1  0 0
    62  0.1167475247787136E-03   3   0 0  2 0  0 1  0 0
    63  -.1090187269884472E-04   3   1 0  0 1  0 1  0 0
    64  0.5576815864588456E-05   3   0 1  0 1  0 1  0 0
    65  0.4627964352103850E-04   3   0 0  1 1  0 1  0 0
    66  -.1157358590957788E-04   3   0 0  0 2  0 1  0 0
    67  -.7404529579454962E-04   3   2 0  0 0  0 0  1 0
    68  -.9556742957745592E-05   3   1 1  0 0  0 0  1 0
    69  0.1043112309996186E-04   3   0 2  0 0  0 0  1 0
    70  -.5097304806606111E-04   3   1 0  1 0  0 0  1 0
    71  0.1649373533897311E-05   3   0 1  1 0  0 0  1 0
    72  0.1165904114619864E-03   3   0 0  2 0  0 0  1 0
    73  -.1088720147235413E-04   3   1 0  0 1  0 0  1 0
    74  0.5569310848624179E-05   3   0 1  0 1  0 0  1 0
    75  0.4621736255787170E-04   3   0 0  1 1  0 0  1 0
    76  -.1155801072310481E-04   3   0 0  0 2  0 0  1 0
    77  0.1481903725390522E-03   3   2 0  0 0  0 0  0 1
    78  0.7472199906974281E-05   3   1 1  0 0  0 0  0 1
    79  -.6222626436532866E-05   3   0 2  0 0  0 0  0 1
    80  0.1020147856971361E-03   3   1 0  1 0  0 0  0 1
    81  -.4256050085059677E-06   3   0 1  1 0  0 0  0 1
    82  -.2333379362407004E-03   3   0 0  2 0  0 0  0 1
    83  0.1265348259489283E-04   3   1 0  0 1  0 0  0 1
    84  -.2941273872253308E-05   3   0 1  0 1  0 0  0 1
    85  -.5463360995951921E-04   3   0 0  1 1  0 0  0 1
    86  0.7098754442927512E-05   3   0 0  0 2  0 0  0 1
    87  0.1339450848805137       3   1 0  0 0  0 2  0 0
    88  0.3361086326367662       3   0 1  0 0  0 2  0 0
    89  0.2240948429375136E-04   3   0 0  1 0  0 2  0 0
    90  0.1767861243488363E-04   3   0 0  0 1  0 2  0 0
    91  0.9468062398530547E-01   3   1 0  0 0  0 1  1 0
    92  0.2588563834206057       3   0 1  0 0  0 1  1 0
    93  0.1500818152824409E-04   3   0 0  1 0  0 1  1 0
    94  0.1768304103088927E-04   3   0 0  0 1  0 1  1 0
    95  0.1337011195370864       3   1 0  0 0  0 0  2 0
    96  0.3354821351185499       3   0 1  0 0  0 0  2 0
    97  0.2236922801427776E-04   3   0 0  1 0  0 0  2 0
    98  0.1764292288980959E-04   3   0 0  0 1  0 0  2 0
    99  -.1892556975198201       3   1 0  0 0  0 1  0 1
   100  -.1039366023019504       3   0 1  0 0  0 1  0 1
   101  -.2999251396947654E-04   3   0 0  1 0  0 1  0 1
   102  -.1771711239831078E-04   3   0 0  0 1  0 1  0 1
   103  -.1890010061214099       3   1 0  0 0  0 0  1 1
   104  -.1037967293209345       3   0 1  0 0  0 0  1 1
   105  -.2995215145767462E-04   3   0 0  1 0  0 0  1 1
   106  -.1769326954342370E-04   3   0 0  0 1  0 0  1 1
   107  0.1592977747638930E-01   3   1 0  0 0  0 0  0 2
   108  0.3465067496157517E-02   3   0 1  0 0  0 0  0 2
   109  0.1609236887120550E-06   3   0 0  1 0  0 0  0 2
   110  0.2881459063876975E-07   3   0 0  0 1  0 0  0 2
   111  -.1678681233185625E-05   3   0 0  0 0  0 3  0 0
   112  -.1233210727440579E-05   3   0 0  0 0  0 2  1 0
   113  -.1234105407047357E-05   3   0 0  0 0  0 1  2 0
   114  -.1674463918414322E-05   3   0 0  0 0  0 0  3 0
   115  0.2466163732200157E-05   3   0 0  0 0  0 2  0 1
   116  0.2028156989556441E-05   3   0 0  0 0  0 1  1 1
   117  0.2461480186263166E-05   3   0 0  0 0  0 0  2 1
   118  -.5748966864132238E-06   3   0 0  0 0  0 1  0 2
   119  -.5741230175466019E-06   3   0 0  0 0  0 0  1 2
   120  0.1372479835393770E-07   3   0 0  0 0  0 0  0 3
   121  -.6922247842438366E-04   4   4 0  0 0  0 0  0 0
   122  0.7278066441832195E-03   4   3 1  0 0  0 0  0 0
   123  0.1136513485628424E-02   4   2 2  0 0  0 0  0 0
   124  0.7911268644773972E-03   4   1 3  0 0  0 0  0 0
   125  0.3731734474089399E-03   4   0 4  0 0  0 0  0 0
   126  -.2382947053067202E-04   4   3 0  1 0  0 0  0 0
   127  0.5769801490705580E-04   4   2 1  1 0  0 0  0 0
   128  -.4744154646246615E-04   4   1 2  1 0  0 0  0 0
   129  -.6510654185966041E-04   4   0 3  1 0  0 0  0 0
   130  -.8307793604169289E-03   4   2 0  2 0  0 0  0 0
   131  -.1965593828156809E-03   4   1 1  2 0  0 0  0 0
   132  0.1997822820241649E-03   4   0 2  2 0  0 0  0 0
   133  -.9576869955293797E-04   4   1 0  3 0  0 0  0 0
   134  0.4552112310632191E-04   4   0 1  3 0  0 0  0 0
   135  -.4104391341604447E-04   4   0 0  4 0  0 0  0 0
   136  -.8660342600966687E-04   4   3 0  0 1  0 0  0 0
   137  -.9536612881404599E-04   4   2 1  0 1  0 0  0 0
   138  0.7036210254748133E-05   4   1 2  0 1  0 0  0 0
   139  0.3442210612878628E-04   4   0 3  0 1  0 0  0 0
   140  -.8617561448744369E-03   4   2 0  1 1  0 0  0 0
   141  -.1051077542683656E-02   4   1 1  1 1  0 0  0 0
   142  -.1673811484860395E-03   4   0 2  1 1  0 0  0 0
   143  -.2274207435290506E-03   4   1 0  2 1  0 0  0 0
   144  -.1446601199951102E-03   4   0 1  2 1  0 0  0 0
   145  0.2112984376093816E-04   4   0 0  3 1  0 0  0 0
   146  0.5343491939407826E-03   4   2 0  0 2  0 0  0 0
   147  0.4270902223175811E-03   4   1 1  0 2  0 0  0 0
   148  0.3651805415852753E-03   4   0 2  0 2  0 0  0 0
   149  -.8370122429984388E-04   4   1 0  1 2  0 0  0 0
   150  -.1335152191290499E-03   4   0 1  1 2  0 0  0 0
   151  0.8005972980136195E-04   4   0 0  2 2  0 0  0 0
   152  0.4904617898275150E-04   4   1 0  0 3  0 0  0 0
   153  0.2950183966342696E-04   4   0 1  0 3  0 0  0 0
   154  -.1752742422064225E-04   4   0 0  1 3  0 0  0 0
   155  0.4864254544699103E-04   4   0 0  0 4  0 0  0 0
   156  -.3088631813591949       4   3 0  0 0  0 1  0 0
   157  -1.788132131425743       4   2 1  0 0  0 1  0 0
   158  -1.959945320304553       4   1 2  0 0  0 1  0 0
   159  -1.079819014315709       4   0 3  0 0  0 1  0 0
   160  -.2090030781246927E-03   4   2 0  1 0  0 1  0 0
   161  -.4140451121512168E-03   4   1 1  1 0  0 1  0 0
   162  -.2691325388569306E-03   4   0 2  1 0  0 1  0 0
   163  0.2917057644586443       4   1 0  2 0  0 1  0 0
   164  -.5784528181356517       4   0 1  2 0  0 1  0 0
   165  0.1651750162377735E-04   4   0 0  3 0  0 1  0 0
   166  -.3218730589527942E-03   4   2 0  0 1  0 1  0 0
   167  -.3900338049431738E-03   4   1 1  0 1  0 1  0 0
   168  -.1746447551822680E-03   4   0 2  0 1  0 1  0 0
   169  0.8659515936874447       4   1 0  1 1  0 1  0 0
   170  0.1692754116452718       4   0 1  1 1  0 1  0 0
   171  0.1635401226806293E-04   4   0 0  2 1  0 1  0 0
   172  -.2476829574482114       4   1 0  0 2  0 1  0 0
   173  -.6340188576225643       4   0 1  0 2  0 1  0 0
   174  -.5912611292980661E-04   4   0 0  1 2  0 1  0 0
   175  -.4514812108945077E-04   4   0 0  0 3  0 1  0 0
   176  -.3084475278459538       4   3 0  0 0  0 0  1 0
   177  -1.785725747475046       4   2 1  0 0  0 0  1 0
   178  -1.957307718261537       4   1 2  0 0  0 0  1 0
   179  -1.078365844776356       4   0 3  0 0  0 0  1 0
   180  -.2087218116321304E-03   4   2 0  1 0  0 0  1 0
   181  -.4134879097525585E-03   4   1 1  1 0  0 0  1 0
   182  -.2687703529699163E-03   4   0 2  1 0  0 0  1 0
   183  0.2913132005884518       4   1 0  2 0  0 0  1 0
   184  -.5776743635945412       4   0 1  2 0  0 0  1 0
   185  0.1649527314853492E-04   4   0 0  3 0  0 0  1 0
   186  -.3214398973594097E-03   4   2 0  0 1  0 0  1 0
   187  -.3895089158301426E-03   4   1 1  0 1  0 0  1 0
   188  -.1744097265014676E-03   4   0 2  0 1  0 0  1 0
   189  0.8647862368435437       4   1 0  1 1  0 0  1 0
   190  0.1690476087739537       4   0 1  1 1  0 0  1 0
   191  0.1633200380909038E-04   4   0 0  2 1  0 0  1 0
   192  -.2473496373969709       4   1 0  0 2  0 0  1 0
   193  -.6331656249242500       4   0 1  0 2  0 0  1 0
   194  -.5904654379354287E-04   4   0 0  1 2  0 0  1 0
   195  -.4508736287584584E-04   4   0 0  0 3  0 0  1 0
   196  0.6173107092051415       4   3 0  0 0  0 0  0 1
   197   2.277728410382782       4   2 1  0 0  0 0  0 1
   198   1.650960785788474       4   1 2  0 0  0 0  0 1
   199  0.3618531128679343       4   0 3  0 0  0 0  0 1
   200  0.4177248897568216E-03   4   2 0  1 0  0 0  0 1
   201  0.5638239972181001E-03   4   1 1  1 0  0 0  0 1
   202  0.2276441241871933E-03   4   0 2  1 0  0 0  0 1
   203  -.5830189650470968       4   1 0  2 0  0 0  0 1
   204  0.5998582802867736       4   0 1  2 0  0 0  0 1
   205  -.3301277477231219E-04   4   0 0  3 0  0 0  0 1
   206  0.4010221718475674E-03   4   2 0  0 1  0 0  0 1
   207  0.3609858716650601E-03   4   1 1  0 1  0 0  0 1
   208  0.1114191489524558E-03   4   0 2  0 1  0 0  0 1
   209  -1.132132605643052       4   1 0  1 1  0 0  0 1
   210  -.1941923149619530       4   0 1  1 1  0 0  0 1
   211  -.4902849919759893E-04   4   0 0  2 1  0 0  0 1
   212  0.9297348691835586E-01   4   1 0  0 2  0 0  0 1
   213  0.5723854802538538E-01   4   0 1  0 2  0 0  0 1
   214  0.1160453814637746E-04   4   0 0  1 2  0 0  0 1
   215  0.1743703907898237E-04   4   0 0  0 3  0 0  0 1
   216  0.4126689796225293E-03   4   2 0  0 0  0 2  0 0
   217  0.5771218622226030E-03   4   1 1  0 0  0 2  0 0
   218  0.4722553990478228E-03   4   0 2  0 0  0 2  0 0
   219  0.4509504250548653E-05   4   1 0  1 0  0 2  0 0
   220  -.2204570797357941E-04   4   0 1  1 0  0 2  0 0
   221  0.7987388356983832E-04   4   0 0  2 0  0 2  0 0
   222  0.6586320965286776E-04   4   1 0  0 1  0 2  0 0
   223  0.6301845239834650E-04   4   0 1  0 1  0 2  0 0
   224  -.1891184122795236E-04   4   0 0  1 1  0 2  0 0
   225  0.1252712139391690E-03   4   0 0  0 2  0 2  0 0
   226  0.4450398815755578E-03   4   2 0  0 0  0 1  1 0
   227  0.7256944787798559E-03   4   1 1  0 0  0 1  1 0
   228  0.5942193970005817E-03   4   0 2  0 0  0 1  1 0
   229  -.1106386169151204E-04   4   1 0  1 0  0 1  1 0
   230  -.2562769485163630E-04   4   0 1  1 0  0 1  1 0
   231  0.1002977805557732E-03   4   0 0  2 0  0 1  1 0
   232  0.7649403120090181E-04   4   1 0  0 1  0 1  1 0
   233  0.7712583747873144E-04   4   0 1  0 1  0 1  1 0
   234  -.3642211500092057E-04   4   0 0  1 1  0 1  1 0
   235  0.1512648431598264E-03   4   0 0  0 2  0 1  1 0
   236  0.4118141723088761E-03   4   2 0  0 0  0 0  2 0
   237  0.5758568961049036E-03   4   1 1  0 0  0 0  2 0
   238  0.4712200237584859E-03   4   0 2  0 0  0 0  2 0
   239  0.4510880184084206E-05   4   1 0  1 0  0 0  2 0
   240  -.2199879562678635E-04   4   0 1  1 0  0 0  2 0
   241  0.7969890504855892E-04   4   0 0  2 0  0 0  2 0
   242  0.6572310301826130E-04   4   1 0  0 1  0 0  2 0
   243  0.6288174897642725E-04   4   0 1  0 1  0 0  2 0
   244  -.1886188298039004E-04   4   0 0  1 1  0 0  2 0
   245  0.1250008472947491E-03   4   0 0  0 2  0 0  2 0
   246  -.5286387296729324E-03   4   2 0  0 0  0 1  0 1
   247  -.5352092015387762E-03   4   1 1  0 0  0 1  0 1
   248  -.1403698021573900E-03   4   0 2  0 0  0 1  0 1
   249  0.2347671861051704E-05   4   1 0  1 0  0 1  0 1
   250  0.2960670506351118E-04   4   0 1  1 0  0 1  0 1
   251  -.4275367485862434E-04   4   0 0  2 0  0 1  0 1
   252  -.5438494276966561E-04   4   1 0  0 1  0 1  0 1
   253  -.1069058968710867E-04   4   0 1  0 1  0 1  0 1
   254  0.3469526446882564E-04   4   0 0  1 1  0 1  0 1
   255  -.1566566147435781E-04   4   0 0  0 2  0 1  0 1
   256  -.5279273125844185E-03   4   2 0  0 0  0 0  1 1
   257  -.5344889422188806E-03   4   1 1  0 0  0 0  1 1
   258  -.1401808990930461E-03   4   0 2  0 0  0 0  1 1
   259  0.2344512474903068E-05   4   1 0  1 0  0 0  1 1
   260  0.2956686175515241E-04   4   0 1  1 0  0 0  1 1
   261  -.4269613897791049E-04   4   0 0  2 0  0 0  1 1
   262  -.5431175407675974E-04   4   1 0  0 1  0 0  1 1
   263  -.1067620279533778E-04   4   0 1  0 1  0 0  1 1
   264  0.3464857321703467E-04   4   0 0  1 1  0 0  1 1
   265  -.1564457936544263E-04   4   0 0  0 2  0 0  1 1
   266  0.8467574131892637E-04   4   2 0  0 0  0 0  0 2
   267  0.4779553951876514E-04   4   1 1  0 0  0 0  0 2
   268  0.7354419062250366E-05   4   0 2  0 0  0 0  0 2
   269  -.1536257610746253E-04   4   1 0  1 0  0 0  0 2
   270  -.7346695531651393E-05   4   0 1  1 0  0 0  0 2
   271  -.1160543148000099E-04   4   0 0  2 0  0 0  0 2
   272  -.1344595334736745E-05   4   1 0  0 1  0 0  0 2
   273  -.1278800584149602E-05   4   0 1  0 1  0 0  0 2
   274  -.1178411923142418E-04   4   0 0  1 1  0 0  0 2
   275  -.2209792810464467E-05   4   0 0  0 2  0 0  0 2
   276  -.1143101335309552       4   1 0  0 0  0 3  0 0
   277  -.2978452034278430       4   0 1  0 0  0 3  0 0
   278  -.1870567827515661E-04   4   0 0  1 0  0 3  0 0
   279  -.1770056377306369E-04   4   0 0  0 1  0 3  0 0
   280  -.7506661177435500E-01   4   1 0  0 0  0 2  1 0
   281  -.2213687684665492       4   0 1  0 0  0 2  1 0
   282  -.1130501959562454E-04   4   0 0  1 0  0 2  1 0
   283  -.1773184609964790E-04   4   0 0  0 1  0 2  1 0
   284  -.7514551936531391E-01   4   1 0  0 0  0 1  2 0
   285  -.2215223369203038       4   0 1  0 0  0 1  2 0
   286  -.1131990796682174E-04   4   0 0  1 0  0 1  2 0
   287  -.1773173486729659E-04   4   0 0  0 1  0 1  2 0
   288  -.1140289413051155       4   1 0  0 0  0 0  3 0
   289  -.2970952113611939       4   0 1  0 0  0 0  3 0
   290  -.1866032182335202E-04   4   0 0  1 0  0 0  3 0
   291  -.1765291763307618E-04   4   0 0  0 1  0 0  3 0
   292  0.1501066706515970       4   1 0  0 0  0 2  0 1
   293  0.1065780999249980       4   0 1  0 0  0 2  0 1
   294  0.2260856360000723E-04   4   0 0  1 0  0 2  0 1
   295  0.1774670531277420E-04   4   0 0  0 1  0 2  0 1
   296  0.1110626708623479       4   1 0  0 0  0 1  1 1
   297  0.1092122997075550       4   0 1  0 0  0 1  1 1
   298  0.1524443285761059E-04   4   0 0  1 0  0 1  1 1
   299  0.1777618649119386E-04   4   0 0  0 1  0 1  1 1
   300  0.1498299327143936       4   1 0  0 0  0 0  2 1
   301  0.1063611857579958       4   0 1  0 0  0 0  2 1
   302  0.2256788044103375E-04   4   0 0  1 0  0 0  2 1
   303  0.1771086145612888E-04   4   0 0  0 1  0 0  2 1
   304  -.1638225220363019E-01   4   1 0  0 0  0 1  0 2
   305  -.5279319602157522E-02   4   0 1  0 0  0 1  0 2
   306  -.2410118541448331E-06   4   0 0  1 0  0 1  0 2
   307  -.5749677351080540E-07   4   0 0  0 1  0 1  0 2
   308  -.1636020574068330E-01   4   1 0  0 0  0 0  1 2
   309  -.5272214942642602E-02   4   0 1  0 0  0 0  1 2
   310  -.2406875117500176E-06   4   0 0  1 0  0 0  1 2
   311  -.5741939706273333E-07   4   0 0  0 1  0 0  1 2
   312  0.2943009971781643E-03   4   1 0  0 0  0 0  0 3
   313  0.5211068544248277E-04   4   0 1  0 0  0 0  0 3
   314  0.5328399621195744E-07   4   0 0  1 0  0 0  0 3
   315  0.9490799579124897E-08   4   0 0  0 1  0 0  0 3
   316  0.3340088508760708E-04   4   0 0  0 0  0 4  0 0
   317  0.2148913235408016E-04   4   0 0  0 0  0 3  1 0
   318  0.1990810548418507E-04   4   0 0  0 0  0 2  2 0
   319  0.2152318013607927E-04   4   0 0  0 0  0 1  3 0
   320  0.3329658564798408E-04   4   0 0  0 0  0 0  4 0
   321  -.5931618435315927E-05   4   0 0  0 0  0 3  0 1
   322  -.6004516638299791E-05   4   0 0  0 0  0 2  1 1
   323  -.6004353370159930E-05   4   0 0  0 0  0 1  2 1
   324  -.5915609843220573E-05   4   0 0  0 0  0 0  3 1
   325  0.3114455469674405E-06   4   0 0  0 0  0 2  0 2
   326  0.3820451168287278E-06   4   0 0  0 0  0 1  1 2
   327  0.3107693490717147E-06   4   0 0  0 0  0 0  2 2
   328  -.5388419694933277E-08   4   0 0  0 0  0 1  0 3
   329  -.5381168213655260E-08   4   0 0  0 0  0 0  1 3
   330  0.3466525447906721E-15   4   0 0  0 0  0 0  0 4
   ----------------------------------------------------
     I  COEFFICIENT            ORDER EXPONENTS
     1  -.1833799475846267E-05   0   0 0  0 0  0 0  0 0
     2   1.215664405967778       1   1 0  0 0  0 0  0 0
     3   1.414824500138275       1   0 1  0 0  0 0  0 0
     4  0.2127483565167688E-03   1   0 0  1 0  0 0  0 0
     5  0.7423630202187172E-04   1   0 0  0 1  0 0  0 0
     6  -.1296548424080739E-05   1   0 0  0 0  0 1  0 0
     7  -.1294803590315987E-05   1   0 0  0 0  0 0  1 0
     8  0.7575525385502988E-06   1   0 0  0 0  0 0  0 1
     9  -.1047909362452677E-03   2   2 0  0 0  0 0  0 0
    10  -.4363113170189662E-03   2   1 1  0 0  0 0  0 0
    11  -.1319328455929110E-03   2   0 2  0 0  0 0  0 0
    12  0.1070584889931460E-03   2   1 0  1 0  0 0  0 0
    13  -.4083456768042460E-04   2   0 1  1 0  0 0  0 0
    14  -.2650920783803043E-03   2   0 0  2 0  0 0  0 0
    15  -.5503612967620116E-04   2   1 0  0 1  0 0  0 0
    16  -.4349439740790569E-04   2   0 1  0 1  0 0  0 0
    17  0.1822969016399618E-03   2   0 0  1 1  0 0  0 0
    18  0.9632760870782420E-04   2   0 0  0 2  0 0  0 0
    19  -.4583088598270495E-01   2   1 0  0 0  0 1  0 0
    20  -.2185456469811253       2   0 1  0 0  0 1  0 0
    21  -.4284500380334184E-06   2   0 0  1 0  0 1  0 0
    22  -.3721611797630509E-04   2   0 0  0 1  0 1  0 0
    23  -.4576920893628404E-01   2   1 0  0 0  0 0  1 0
    24  -.2182515385491173       2   0 1  0 0  0 0  1 0
    25  -.4278734501643792E-06   2   0 0  1 0  0 0  1 0
    26  -.3716603427866743E-04   2   0 0  0 1  0 0  1 0
    27   1.307264500886770       2   1 0  0 0  0 0  0 1
    28  0.4367971855302435       2   0 1  0 0  0 0  0 1
    29  0.2136046800049667E-03   2   0 0  1 0  0 0  0 1
    30  0.7438215225497263E-04   2   0 0  0 1  0 0  0 1
    31  0.9951810554422761E-06   2   0 0  0 0  0 2  0 0
    32  0.6946198916962834E-06   2   0 0  0 0  0 1  1 0
    33  0.9933743943896004E-06   2   0 0  0 0  0 0  2 0
    34  -.2684976855368530E-05   2   0 0  0 0  0 1  0 1
    35  -.2681363540055269E-05   2   0 0  0 0  0 0  1 1
    36  0.2683167628782678E-05   2   0 0  0 0  0 0  0 2
    37  -1.424046343853019       3   3 0  0 0  0 0  0 0
    38  -1.817456462102967       3   2 1  0 0  0 0  0 0
    39  -1.334628822664890       3   1 2  0 0  0 0  0 0
    40  -.9734939961456147E-01   3   0 3  0 0  0 0  0 0
    41  0.3812068329124536E-03   3   2 0  1 0  0 0  0 0
    42  0.2495706528529620E-03   3   1 1  1 0  0 0  0 0
    43  0.4495543512839574E-04   3   0 2  1 0  0 0  0 0
    44  -2.536905460631262       3   1 0  2 0  0 0  0 0
    45  -.4910490702983150       3   0 1  2 0  0 0  0 0
    46  -.1787474388744986E-03   3   0 0  3 0  0 0  0 0
    47  0.1575922824041450E-03   3   2 0  0 1  0 0  0 0
    48  -.1001701876548051E-03   3   1 1  0 1  0 0  0 0
    49  -.1536642659196831E-04   3   0 2  0 1  0 0  0 0
    50  -2.571388503995849       3   1 0  1 1  0 0  0 0
    51  -.8325884914102553       3   0 1  1 1  0 0  0 0
    52  -.1971533619399919E-03   3   0 0  2 1  0 0  0 0
    53  0.1307169050292769       3   1 0  0 2  0 0  0 0
    54  0.2260353080640402       3   0 1  0 2  0 0  0 0
    55  -.7509153889088960E-04   3   0 0  1 2  0 0  0 0
    56  0.2717857279146531E-04   3   0 0  0 3  0 0  0 0
    57  0.6550192230556945E-04   3   2 0  0 0  0 1  0 0
    58  0.2796850817628145E-03   3   1 1  0 0  0 1  0 0
    59  0.1427629227525876E-03   3   0 2  0 0  0 1  0 0
    60  -.5495751928578443E-04   3   1 0  1 0  0 1  0 0
    61  0.2219512808789824E-05   3   0 1  1 0  0 1  0 0
    62  0.1305101415369586E-03   3   0 0  2 0  0 1  0 0
    63  0.1478349696028139E-04   3   1 0  0 1  0 1  0 0
    64  0.3783530476744195E-04   3   0 1  0 1  0 1  0 0
    65  -.1611100881738203E-04   3   0 0  1 1  0 1  0 0
    66  -.8750519947405469E-04   3   0 0  0 2  0 1  0 0
    67  0.6541377290553518E-04   3   2 0  0 0  0 0  1 0
    68  0.2793086947608910E-03   3   1 1  0 0  0 0  1 0
    69  0.1425707991393327E-03   3   0 2  0 0  0 0  1 0
    70  -.5488356004638774E-04   3   1 0  1 0  0 0  1 0
    71  0.2216525893053703E-05   3   0 1  1 0  0 0  1 0
    72  0.1303345071392077E-03   3   0 0  2 0  0 0  1 0
    73  0.1476360202679428E-04   3   1 0  0 1  0 0  1 0
    74  0.3778438779740202E-04   3   0 1  0 1  0 0  1 0
    75  -.1608932738100135E-04   3   0 0  1 1  0 0  1 0
    76  -.8738743910057974E-04   3   0 0  0 2  0 0  1 0
    77  -.2357066314563719E-03   3   2 0  0 0  0 0  0 1
    78  -.5589937765237002E-03   3   1 1  0 0  0 0  0 1
    79  -.1534008762990100E-03   3   0 2  0 0  0 0  0 1
    80  0.2168995683253178E-03   3   1 0  1 0  0 0  0 1
    81  -.4436038701843595E-05   3   0 1  1 0  0 0  0 1
    82  -.5259367270564710E-03   3   0 0  2 0  0 0  0 1
    83  -.2954709898707529E-04   3   1 0  0 1  0 0  0 1
    84  -.3212529515693838E-04   3   0 1  0 1  0 0  0 1
    85  0.3220033619838375E-04   3   0 0  1 1  0 0  0 1
    86  0.7856502986680990E-04   3   0 0  0 2  0 0  0 1
    87  0.3495348596057572E-01   3   1 0  0 0  0 2  0 0
    88  0.1694867243044083       3   0 1  0 0  0 2  0 0
    89  0.4358560776795400E-06   3   0 0  1 0  0 2  0 0
    90  0.2796136703083117E-04   3   0 0  0 1  0 2  0 0
    91  0.2410522435361497E-01   3   1 0  0 0  0 1  1 0
    92  0.1205594545062253       3   0 1  0 0  0 1  1 0
    93  0.4377083597081909E-06   3   0 0  1 0  0 1  1 0
    94  0.1873680374813594E-04   3   0 0  0 1  0 1  1 0
    95  0.3489022736902253E-01   3   1 0  0 0  0 0  2 0
    96  0.1691775154424196       3   0 1  0 0  0 0  2 0
    97  0.4349749994702703E-06   3   0 0  1 0  0 0  2 0
    98  0.2791113038713006E-04   3   0 0  0 1  0 0  2 0
    99  -.9401206514185195E-01   3   1 0  0 0  0 1  0 1
   100  -.2409872593511042       3   0 1  0 0  0 1  0 1
   101  -.1293213192452066E-05   3   0 0  1 0  0 1  0 1
   102  -.3746266814420935E-04   3   0 0  0 1  0 1  0 1
   103  -.9388554813521881E-01   3   1 0  0 0  0 0  1 1
   104  -.2406629500548050       3   0 1  0 0  0 0  1 1
   105  -.1291472847084597E-05   3   0 0  1 0  0 0  1 1
   106  -.3741225265097521E-04   3   0 0  0 1  0 0  1 1
   107  0.9394874429206540E-01   3   1 0  0 0  0 0  0 2
   108  0.2242651593995901E-01   3   0 1  0 0  0 0  0 2
   109  0.1283610237056956E-05   3   0 0  1 0  0 0  0 2
   110  0.2501692140976825E-06   3   0 0  0 1  0 0  0 2
   111  -.8456140300573448E-06   3   0 0  0 0  0 3  0 0
   112  -.5466819074602014E-06   3   0 0  0 0  0 2  1 0
   113  -.5472830434867488E-06   3   0 0  0 0  0 1  2 0
   114  -.8435396955426149E-06   3   0 0  0 0  0 0  3 0
   115  0.2088347568615022E-05   3   0 0  0 0  0 2  0 1
   116  0.1493319250479763E-05   3   0 0  0 0  0 1  1 1
   117  0.2084532349590711E-05   3   0 0  0 0  0 0  2 1
   118  -.1492521147355224E-05   3   0 0  0 0  0 1  0 2
   119  -.1490512582735234E-05   3   0 0  0 0  0 0  1 2
   120  0.9995536710260123E-07   3   0 0  0 0  0 0  0 3
   121  0.4275455615410506E-03   4   4 0  0 0  0 0  0 0
   122  0.2118585905156642E-02   4   3 1  0 0  0 0  0 0
   123  0.1708864530644101E-02   4   2 2  0 0  0 0  0 0
   124  0.2061416948416984E-03   4   1 3  0 0  0 0  0 0
   125  -.7442427468154199E-04   4   0 4  0 0  0 0  0 0
   126  0.1997676540039758E-06   4   3 0  1 0  0 0  0 0
   127  0.2981208839264110E-03   4   2 1  1 0  0 0  0 0
   128  0.1950306142343174E-03   4   1 2  1 0  0 0  0 0
   129  0.3706805939000820E-04   4   0 3  1 0  0 0  0 0
   130  -.2043491823920249E-03   4   2 0  2 0  0 0  0 0
   131  0.8634642983669388E-03   4   1 1  2 0  0 0  0 0
   132  -.1304050160967989E-03   4   0 2  2 0  0 0  0 0
   133  0.5154424262786183E-07   4   1 0  3 0  0 0  0 0
   134  0.1771277582281311E-03   4   0 1  3 0  0 0  0 0
   135  -.2389053208007719E-03   4   0 0  4 0  0 0  0 0
   136  -.1597044650002639E-06   4   3 0  0 1  0 0  0 0
   137  0.5217078389059050E-04   4   2 1  0 1  0 0  0 0
   138  0.7885112068835289E-04   4   1 2  0 1  0 0  0 0
   139  0.1389204955527191E-04   4   0 3  0 1  0 0  0 0
   140  0.2862185439297557E-02   4   2 0  1 1  0 0  0 0
   141  0.3182807301198347E-02   4   1 1  1 1  0 0  0 0
   142  0.6485748500706370E-03   4   0 2  1 1  0 0  0 0
   143  0.3546675964203096E-03   4   1 0  2 1  0 0  0 0
   144  0.2793551897177093E-03   4   0 1  2 1  0 0  0 0
   145  -.7468721987567668E-04   4   0 0  3 1  0 0  0 0
   146  0.6773770132044738E-03   4   2 0  0 2  0 0  0 0
   147  -.1614947564936732E-03   4   1 1  0 2  0 0  0 0
   148  0.1210560921648537E-04   4   0 2  0 2  0 0  0 0
   149  0.1834806523033072E-03   4   1 0  1 2  0 0  0 0
   150  0.3668458807482821E-04   4   0 1  1 2  0 0  0 0
   151  0.1071161098198766E-03   4   0 0  2 2  0 0  0 0
   152  0.6584646544110755E-04   4   1 0  0 3  0 0  0 0
   153  0.6147331529149328E-05   4   0 1  0 3  0 0  0 0
   154  -.7323104529797330E-04   4   0 0  1 3  0 0  0 0
   155  0.6311080009569514E-04   4   0 0  0 4  0 0  0 0
   156  0.9699906049333421       4   3 0  0 0  0 1  0 0
   157   2.089449725695899       4   2 1  0 0  0 1  0 0
   158   1.815681194724018       4   1 2  0 0  0 1  0 0
   159  0.2054107130153958       4   0 3  0 0  0 1  0 0
   160  -.9087612444714187E-04   4   2 0  1 0  0 1  0 0
   161  -.1732437456681766E-03   4   1 1  1 0  0 1  0 0
   162  -.5276906459252905E-04   4   0 2  1 0  0 1  0 0
   163   1.057941066093979       4   1 0  2 0  0 1  0 0
   164  0.3845549018513245       4   0 1  2 0  0 1  0 0
   165  0.8309060585043999E-04   4   0 0  3 0  0 1  0 0
   166  -.1358593054167424E-03   4   2 0  0 1  0 1  0 0
   167  0.6249327584034519E-04   4   1 1  0 1  0 1  0 0
   168  0.1587243753089826E-04   4   0 2  0 1  0 1  0 0
   169   2.506638477074341       4   1 0  1 1  0 1  0 0
   170   1.196690625681434       4   0 1  1 1  0 1  0 0
   171  0.1961409608120353E-03   4   0 0  2 1  0 1  0 0
   172  0.8532909741415579E-01   4   1 0  0 2  0 1  0 0
   173  -.2613526590405109       4   0 1  0 2  0 1  0 0
   174  0.1133317576591180E-03   4   0 0  1 2  0 1  0 0
   175  -.3572482383290389E-04   4   0 0  0 3  0 1  0 0
   176  0.9686852372912779       4   3 0  0 0  0 0  1 0
   177   2.086637842727373       4   2 1  0 0  0 0  1 0
   178   1.813237736542217       4   1 2  0 0  0 0  1 0
   179  0.2051342809584865       4   0 3  0 0  0 0  1 0
   180  -.9075382764170912E-04   4   2 0  1 0  0 0  1 0
   181  -.1730106023999576E-03   4   1 1  1 0  0 0  1 0
   182  -.5269805047232282E-04   4   0 2  1 0  0 0  1 0
   183   1.056517338866262       4   1 0  2 0  0 0  1 0
   184  0.3840373859878581       4   0 1  2 0  0 0  1 0
   185  0.8297878642901076E-04   4   0 0  3 0  0 0  1 0
   186  -.1356764723663432E-03   4   2 0  0 1  0 0  1 0
   187  0.6240917533491922E-04   4   1 1  0 1  0 0  1 0
   188  0.1585107715250931E-04   4   0 2  0 1  0 0  1 0
   189   2.503265161145672       4   1 0  1 1  0 0  1 0
   190   1.195080175835468       4   0 1  1 1  0 0  1 0
   191  0.1958770035507772E-03   4   0 0  2 1  0 0  1 0
   192  0.8521426553627708E-01   4   1 0  0 2  0 0  1 0
   193  -.2610009429490975       4   0 1  0 2  0 0  1 0
   194  0.1131792411208010E-03   4   0 0  1 2  0 0  1 0
   195  -.3567674704864223E-04   4   0 0  0 3  0 0  1 0
   196  -3.362722186077657       4   3 0  0 0  0 0  0 1
   197  -4.176087568423298       4   2 1  0 0  0 0  0 1
   198  -2.294290108601365       4   1 2  0 0  0 0  0 1
   199  -.2158461947447617       4   0 3  0 0  0 0  0 1
   200  0.5628367850013002E-03   4   2 0  1 0  0 0  0 1
   201  0.3462543480681297E-03   4   1 1  1 0  0 0  0 1
   202  0.6051167993645367E-04   4   0 2  1 0  0 0  0 1
   203  -4.651363865591508       4   1 0  2 0  0 0  0 1
   204  -.7685922878391814       4   0 1  2 0  0 0  0 1
   205  -.3448168311539493E-03   4   0 0  3 0  0 0  0 1
   206  0.2715357777830838E-03   4   2 0  0 1  0 0  0 1
   207  -.2473226352046271E-04   4   1 1  0 1  0 0  0 1
   208  -.9906614994718193E-06   4   0 2  0 1  0 0  0 1
   209  -5.009903638220009       4   1 0  1 1  0 0  0 1
   210  -1.559182310106645       4   0 1  1 1  0 0  0 1
   211  -.3920179643628119E-03   4   0 0  2 1  0 0  0 1
   212  -.3012602679797117       4   1 0  0 2  0 0  0 1
   213  0.7028298586152852E-01   4   0 1  0 2  0 0  0 1
   214  -.1514194598890291E-03   4   0 0  1 2  0 0  0 1
   215  0.1704442529861555E-04   4   0 0  0 3  0 0  0 1
   216  -.3175902183425239E-03   4   2 0  0 0  0 2  0 0
   217  -.8658922519577571E-03   4   1 1  0 0  0 2  0 0
   218  -.2506285875304344E-03   4   0 2  0 0  0 2  0 0
   219  -.7360245298313812E-04   4   1 0  1 0  0 2  0 0
   220  -.5865510047445939E-04   4   0 1  1 0  0 2  0 0
   221  -.4235680593939576E-04   4   0 0  2 0  0 2  0 0
   222  0.4053074649686364E-04   4   1 0  0 1  0 2  0 0
   223  0.4863080388426776E-05   4   0 1  0 1  0 2  0 0
   224  -.1168605554499617E-03   4   0 0  1 1  0 2  0 0
   225  0.1204543623192836E-03   4   0 0  0 2  0 2  0 0
   226  -.3539107510340773E-03   4   2 0  0 0  0 1  1 0
   227  -.9124784442139207E-03   4   1 1  0 0  0 1  1 0
   228  -.2837663958722282E-03   4   0 2  0 0  0 1  1 0
   229  -.8851240579557948E-04   4   1 0  1 0  0 1  1 0
   230  -.5798762374407688E-04   4   0 1  1 0  0 1  1 0
   231  -.1122402917358044E-04   4   0 0  2 0  0 1  1 0
   232  0.4679199068257725E-04   4   1 0  0 1  0 1  1 0
   233  0.1277566735386566E-04   4   0 1  0 1  0 1  1 0
   234  -.1934388270050154E-03   4   0 0  1 1  0 1  1 0
   235  0.1207622574050859E-03   4   0 0  0 2  0 1  1 0
   236  -.3169246821894299E-03   4   2 0  0 0  0 0  2 0
   237  -.8641129897298522E-03   4   1 1  0 0  0 0  2 0
   238  -.2501003636679924E-03   4   0 2  0 0  0 0  2 0
   239  -.7344384435853952E-04   4   1 0  1 0  0 0  2 0
   240  -.5853714669897353E-04   4   0 1  1 0  0 0  2 0
   241  -.4229225176142401E-04   4   0 0  2 0  0 0  2 0
   242  0.4044471690046079E-04   4   1 0  0 1  0 0  2 0
   243  0.4847939438514810E-05   4   0 1  0 1  0 0  2 0
   244  -.1165731295934207E-03   4   0 0  1 1  0 0  2 0
   245  0.1202110024379479E-03   4   0 0  0 2  0 0  2 0
   246  0.6366539845372700E-03   4   2 0  0 0  0 1  0 1
   247  0.1200348528324837E-02   4   1 1  0 0  0 1  0 1
   248  0.3001304110264918E-03   4   0 2  0 0  0 1  0 1
   249  0.1178750463292211E-03   4   1 0  1 0  0 1  0 1
   250  0.7820185077679455E-04   4   0 1  1 0  0 1  0 1
   251  0.1031507932796079E-03   4   0 0  2 0  0 1  0 1
   252  -.2870997583618099E-04   4   1 0  0 1  0 1  0 1
   253  0.5762193215166756E-05   4   0 1  0 1  0 1  0 1
   254  0.2140423657371865E-03   4   0 0  1 1  0 1  0 1
   255  -.7224013934972135E-04   4   0 0  0 2  0 1  0 1
   256  0.6357972056093434E-03   4   2 0  0 0  0 0  1 1
   257  0.1198733155845883E-02   4   1 1  0 0  0 0  1 1
   258  0.2997265096639879E-03   4   0 2  0 0  0 0  1 1
   259  0.1177164156471297E-03   4   1 0  1 0  0 0  1 1
   260  0.7809661041154471E-04   4   0 1  1 0  0 0  1 1
   261  0.1030119778033405E-03   4   0 0  2 0  0 0  1 1
   262  -.2867133930375496E-04   4   1 0  0 1  0 0  1 1
   263  0.5754438727100524E-05   4   0 1  0 1  0 0  1 1
   264  0.2137543176088446E-03   4   0 0  1 1  0 0  1 1
   265  -.7214292197474423E-04   4   0 0  0 2  0 0  1 1
   266  -.2840255630681569E-03   4   2 0  0 0  0 0  0 2
   267  -.2419395590869717E-03   4   1 1  0 0  0 0  0 2
   268  -.4125148932002976E-04   4   0 2  0 0  0 0  0 2
   269  -.3275880415064838E-07   4   1 0  1 0  0 0  0 2
   270  -.6568907264600764E-05   4   0 1  1 0  0 0  0 2
   271  -.1102896690308890E-03   4   0 0  2 0  0 0  0 2
   272  -.1042015064902012E-07   4   1 0  0 1  0 0  0 2
   273  -.1156163717545308E-05   4   0 1  0 1  0 0  0 2
   274  -.1078502268713600E-03   4   0 0  1 1  0 0  0 2
   275  -.2098453007164819E-04   4   0 0  0 2  0 0  0 2
   276  -.2952217419229631E-01   4   1 0  0 0  0 3  0 0
   277  -.1450311554952672       4   0 1  0 0  0 3  0 0
   278  -.4269952584378151E-06   4   0 0  1 0  0 3  0 0
   279  -.2335836505747443E-04   4   0 0  0 1  0 3  0 0
   280  -.1866694462088821E-01   4   1 0  0 0  0 2  1 0
   281  -.9615290886761567E-01   4   0 1  0 0  0 2  1 0
   282  -.4173991930499010E-06   4   0 0  1 0  0 2  1 0
   283  -.1415160062924182E-04   4   0 0  0 1  0 2  1 0
   284  -.1868877710620510E-01   4   1 0  0 0  0 1  2 0
   285  -.9625118194057168E-01   4   0 1  0 0  0 1  2 0
   286  -.4174174039835873E-06   4   0 0  1 0  0 1  2 0
   287  -.1417012221896518E-04   4   0 0  0 1  0 1  2 0
   288  -.2945003625845715E-01   4   1 0  0 0  0 0  3 0
   289  -.1446737795733172       4   0 1  0 0  0 0  3 0
   290  -.4258528336995877E-06   4   0 0  1 0  0 0  3 0
   291  -.2330170374170143E-04   4   0 0  0 1  0 0  3 0
   292  0.7228012915223010E-01   4   1 0  0 0  0 2  0 1
   293  0.1922729394623441       4   0 1  0 0  0 2  0 1
   294  0.1281503804769639E-05   4   0 0  1 0  0 2  0 1
   295  0.2828082552647212E-04   4   0 0  0 1  0 2  0 1
   296  0.5060651453250982E-01   4   1 0  0 0  0 1  1 1
   297  0.1436892980051765       4   0 1  0 0  0 1  1 1
   298  0.1269823591439637E-05   4   0 0  1 0  0 1  1 1
   299  0.1912362804433221E-04   4   0 0  0 1  0 1  1 1
   300  0.7214880602973209E-01   4   1 0  0 0  0 0  2 1
   301  0.1919175024592181       4   0 1  0 0  0 0  2 1
   302  0.1278924782971854E-05   4   0 0  1 0  0 0  2 1
   303  0.2822989868562933E-04   4   0 0  0 1  0 0  2 1
   304  -.5057743291859232E-01   4   1 0  0 0  0 1  0 2
   305  -.2313033564007308E-01   4   0 1  0 0  0 1  0 2
   306  -.1281302491618227E-05   4   0 0  1 0  0 1  0 2
   307  -.3745158537520640E-06   4   0 0  0 1  0 1  0 2
   308  -.5050936819300193E-01   4   1 0  0 0  0 0  1 2
   309  -.2309920792446337E-01   4   0 1  0 0  0 0  1 2
   310  -.1279578175110678E-05   4   0 0  1 0  0 0  1 2
   311  -.3740118479663776E-06   4   0 0  0 1  0 0  1 2
   312  0.2379352273177076E-02   4   1 0  0 0  0 0  0 3
   313  0.4588372282063823E-03   4   0 1  0 0  0 0  0 3
   314  0.4257568102490087E-06   4   0 0  1 0  0 0  0 3
   315  0.8272975800935537E-07   4   0 0  0 1  0 0  0 3
   316  0.1691306672149344E-04   4   0 0  0 0  0 4  0 0
   317  0.1041045989021706E-04   4   0 0  0 0  0 3  1 0
   318  0.9547599103667367E-05   4   0 0  0 0  0 2  2 0
   319  0.1042905220344949E-04   4   0 0  0 0  0 1  3 0
   320  0.1686056924085623E-04   4   0 0  0 0  0 0  4 0
   321  -.2027666155225497E-04   4   0 0  0 0  0 3  0 1
   322  -.1356627315815613E-04   4   0 0  0 0  0 2  1 1
   323  -.1357976386173689E-04   4   0 0  0 0  0 1  2 1
   324  -.2022661437277260E-04   4   0 0  0 0  0 0  3 1
   325  0.1092548346397581E-05   4   0 0  0 0  0 2  0 2
   326  0.1317700234169338E-05   4   0 0  0 0  0 1  1 2
   327  0.1090191396885950E-05   4   0 0  0 0  0 0  2 2
   328  -.5941316274689894E-08   4   0 0  0 0  0 1  0 3
   329  -.5933320731251956E-08   4   0 0  0 0  0 0  1 3
   330  -.1081705293136476E-14   4   0 0  0 0  0 0  0 4
   ----------------------------------------------------
     I  COEFFICIENT            ORDER EXPONENTS
     1  -.2218015903323535E-04   0   0 0  0 0  0 0  0 0
     2  0.5948833542045107E-04   1   1 0  0 0  0 0  0 0
     3  0.1764481550999330E-04   1   0 1  0 0  0 0  0 0
     4  0.6993749781940326       1   0 0  1 0  0 0  0 0
     5  0.5388262186636188       1   0 0  0 1  0 0  0 0
     6  -.1000480024763098E-05   1   0 0  0 0  0 1  0 0
     7  -.9991336258967527E-06   1   0 0  0 0  0 0  1 0
     8  0.1999613650640995E-05   1   0 0  0 0  0 0  0 1
     9  0.3813418551050817E-04   2   2 0  0 0  0 0  0 0
    10  0.9611941676171891E-05   2   1 1  0 0  0 0  0 0
    11  0.2125608553625218E-05   2   0 2  0 0  0 0  0 0
    12  -.3215729695088172E-03   2   1 0  1 0  0 0  0 0
    13  -.3438836527045208E-04   2   0 1  1 0  0 0  0 0
    14  -.3887595652235096E-04   2   0 0  2 0  0 0  0 0
    15  -.1015025617632344E-04   2   1 0  0 1  0 0  0 0
    16  0.1821721940292162E-04   2   0 1  0 1  0 0  0 0
    17  -.2641996971691876E-05   2   0 0  1 1  0 0  0 0
    18  0.5648382950459608E-05   2   0 0  0 2  0 0  0 0
    19  -.2982744011300578E-04   2   1 0  0 0  0 1  0 0
    20  -.1767259608963591E-04   2   0 1  0 0  0 1  0 0
    21  0.1431554676859307       2   0 0  1 0  0 1  0 0
    22  -.2259886568919892       2   0 0  0 1  0 1  0 0
    23  -.2978729974982025E-04   2   1 0  0 0  0 0  1 0
    24  -.1764881314269904E-04   2   0 1  0 0  0 0  1 0
    25  0.1429628158042025       2   0 0  1 0  0 0  1 0
    26  -.2256845320080205       2   0 0  0 1  0 0  1 0
    27  0.5961473986281295E-04   2   1 0  0 0  0 0  0 1
    28  0.1767659372236063E-04   2   0 1  0 0  0 0  0 1
    29  -.2861182834901339       2   0 0  1 0  0 0  0 1
    30  -.8715302976360906E-01   2   0 0  0 1  0 0  0 1
    31  0.7457972513676015E-06   2   0 0  0 0  0 2  0 0
    32  0.4917971012273221E-06   2   0 0  0 0  0 1  1 0
    33  0.7444626738374031E-06   2   0 0  0 0  0 0  2 0
    34  -.9829072124606964E-06   2   0 0  0 0  0 1  0 1
    35  -.9815844622569811E-06   2   0 0  0 0  0 0  1 1
    36  -.1756040294951338E-07   2   0 0  0 0  0 0  0 2
    37  0.8008345391367295E-04   3   3 0  0 0  0 0  0 0
    38  0.2536668357834105E-03   3   2 1  0 0  0 0  0 0
    39  0.1751102178856121E-03   3   1 2  0 0  0 0  0 0
    40  0.4238550149046341E-04   3   0 3  0 0  0 0  0 0
    41  -.6397164268450678       3   2 0  1 0  0 0  0 0
    42  -.7193727332261000       3   1 1  1 0  0 0  0 0
    43  -.4404454988531294       3   0 2  1 0  0 0  0 0
    44  -.1348346792434062E-03   3   1 0  2 0  0 0  0 0
    45  0.4963323873676833E-05   3   0 1  2 0  0 0  0 0
    46  -.7038217990911699E-01   3   0 0  3 0  0 0  0 0
    47  -.6766123019258252       3   2 0  0 1  0 0  0 0
    48  -.2847573932769882       3   1 1  0 1  0 0  0 0
    49  0.1488568287947759       3   0 2  0 1  0 0  0 0
    50  -.2110870747536696E-03   3   1 0  1 1  0 0  0 0
    51  -.3438423398081191E-04   3   0 1  1 1  0 0  0 0
    52  -.2155701046712045       3   0 0  2 1  0 0  0 0
    53  0.3321640873777961E-04   3   1 0  0 2  0 0  0 0
    54  0.2481976173623610E-04   3   0 1  0 2  0 0  0 0
    55  -.4361684857204797       3   0 0  1 2  0 0  0 0
    56  0.1458283871956596       3   0 0  0 3  0 0  0 0
    57  -.1946087126115605E-04   3   2 0  0 0  0 1  0 0
    58  -.1232379664226131E-04   3   1 1  0 0  0 1  0 0
    59  -.3910854558335255E-05   3   0 2  0 0  0 1  0 0
    60  0.1604517034011359E-03   3   1 0  1 0  0 1  0 0
    61  0.4120269819116365E-04   3   0 1  1 0  0 1  0 0
    62  0.1761404083640824E-04   3   0 0  2 0  0 1  0 0
    63  0.7070236501050072E-05   3   1 0  0 1  0 1  0 0
    64  -.2622201365771836E-04   3   0 1  0 1  0 1  0 0
    65  0.5613089813082042E-05   3   0 0  1 1  0 1  0 0
    66  -.7369205922677779E-05   3   0 0  0 2  0 1  0 0
    67  -.1943468173777191E-04   3   2 0  0 0  0 0  1 0
    68  -.1230721185754053E-04   3   1 1  0 0  0 0  1 0
    69  -.3905591514582855E-05   3   0 2  0 0  0 0  1 0
    70  0.1602357750605266E-03   3   1 0  1 0  0 0  1 0
    71  0.4114724954175487E-04   3   0 1  1 0  0 0  1 0
    72  0.1759033669037155E-04   3   0 0  2 0  0 0  1 0
    73  0.7060721709976127E-05   3   1 0  0 1  0 0  1 0
    74  -.2618672530753847E-04   3   0 1  0 1  0 0  1 0
    75  0.5605535981347240E-05   3   0 0  1 1  0 0  1 0
    76  -.7359288792645658E-05   3   0 0  0 2  0 0  1 0
    77  0.3889555299891391E-04   3   2 0  0 0  0 0  0 1
    78  0.1501906682368876E-04   3   1 1  0 0  0 0  0 1
    79  0.3565228965655105E-05   3   0 2  0 0  0 0  0 1
    80  -.3206874784616633E-03   3   1 0  1 0  0 0  0 1
    81  -.4796158246246614E-04   3   0 1  1 0  0 0  0 1
    82  -.3520437752681037E-04   3   0 0  2 0  0 0  0 1
    83  -.3980702034702329E-05   3   1 0  0 1  0 0  0 1
    84  0.1597430015941279E-04   3   0 1  0 1  0 0  0 1
    85  -.8576628822606057E-05   3   0 0  1 1  0 0  0 1
    86  0.3431728814393147E-05   3   0 0  0 2  0 0  0 1
    87  0.2240513820636514E-04   3   1 0  0 0  0 2  0 0
    88  0.1767577246077077E-04   3   0 1  0 0  0 2  0 0
    89  -.1037796906324092       3   0 0  1 0  0 2  0 0
    90  0.1484276461602829       3   0 0  0 1  0 2  0 0
    91  0.1500412301963543E-04   3   1 0  0 0  0 1  1 0
    92  0.1768607850870471E-04   3   0 1  0 0  0 1  1 0
    93  -.6450966127227817E-01   3   0 0  1 0  0 1  1 0
    94  0.7107499327876722E-01   3   0 0  0 1  0 1  1 0
    95  0.2236489050655642E-04   3   1 0  0 0  0 0  2 0
    96  0.1764008469375417E-04   3   0 1  0 0  0 0  2 0
    97  -.1035966217847710       3   0 0  1 0  0 0  2 0
    98  0.1481800745410802       3   0 0  0 1  0 0  2 0
    99  -.2998776854894291E-04   3   1 0  0 0  0 1  0 1
   100  -.1772083901393844E-04   3   0 1  0 0  0 1  0 1
   101  0.1289136557934505       3   0 0  1 0  0 1  0 1
   102  0.8404697527320079E-01   3   0 0  0 1  0 1  0 1
   103  -.2994741242330431E-04   3   1 0  0 0  0 0  1 1
   104  -.1769699114394767E-04   3   0 1  0 0  0 0  1 1
   105  0.1287401698709738       3   0 0  1 0  0 0  1 1
   106  0.8393386881487487E-01   3   0 0  0 1  0 0  1 1
   107  0.1604432928740297E-06   3   1 0  0 0  0 0  0 2
   108  0.2858301358116514E-07   3   0 1  0 0  0 0  0 2
   109  0.1423220428574342E-01   3   0 0  1 0  0 0  0 2
   110  0.3162593558947728E-02   3   0 0  0 1  0 0  0 2
   111  -.6184791792389163E-06   3   0 0  0 0  0 3  0 0
   112  -.3640168855634373E-06   3   0 0  0 0  0 2  1 0
   113  -.3645288703631214E-06   3   0 0  0 0  0 1  2 0
   114  -.6169860909393128E-06   3   0 0  0 0  0 0  3 0
   115  0.7278666902000607E-06   3   0 0  0 0  0 2  0 1
   116  0.4735108306938277E-06   3   0 0  0 0  0 1  1 1
   117  0.7265685471490502E-06   3   0 0  0 0  0 0  2 1
   118  0.1828592170324910E-07   3   0 0  0 0  0 1  0 2
   119  0.1826131337161074E-07   3   0 0  0 0  0 0  1 2
   120  -.4754763919452772E-09   3   0 0  0 0  0 0  0 3
   121  0.7240502139242122E-05   4   4 0  0 0  0 0  0 0
   122  0.8725233508818046E-05   4   3 1  0 0  0 0  0 0
   123  -.2533029021090911E-04   4   2 2  0 0  0 0  0 0
   124  -.1043225187604372E-04   4   1 3  0 0  0 0  0 0
   125  0.4808873223698051E-05   4   0 4  0 0  0 0  0 0
   126  -.1467265933651442E-02   4   3 0  1 0  0 0  0 0
   127  -.2163765091849844E-02   4   2 1  1 0  0 0  0 0
   128  -.1419342580820803E-02   4   1 2  1 0  0 0  0 0
   129  -.4782480785540121E-03   4   0 3  1 0  0 0  0 0
   130  -.2248062512929292E-03   4   2 0  2 0  0 0  0 0
   131  -.1689401209022813E-03   4   1 1  2 0  0 0  0 0
   132  -.6731039138077365E-04   4   0 2  2 0  0 0  0 0
   133  -.3114392710447974E-03   4   1 0  3 0  0 0  0 0
   134  -.2691427036194333E-03   4   0 1  3 0  0 0  0 0
   135  -.7313635871721092E-04   4   0 0  4 0  0 0  0 0
   136  0.7748438901159370E-04   4   3 0  0 1  0 0  0 0
   137  0.8121861272363513E-03   4   2 1  0 1  0 0  0 0
   138  0.4197100335733356E-03   4   1 2  0 1  0 0  0 0
   139  0.1327569051776236E-03   4   0 3  0 1  0 0  0 0
   140  -.3152181107360564E-04   4   2 0  1 1  0 0  0 0
   141  0.9740390634961655E-04   4   1 1  1 1  0 0  0 0
   142  -.4838201285932579E-04   4   0 2  1 1  0 0  0 0
   143  0.6345630413686916E-04   4   1 0  2 1  0 0  0 0
   144  -.5165026669017183E-05   4   0 1  2 1  0 0  0 0
   145  -.9333072336963053E-05   4   0 0  3 1  0 0  0 0
   146  -.6052712051789795E-04   4   2 0  0 2  0 0  0 0
   147  0.6786316778328597E-06   4   1 1  0 2  0 0  0 0
   148  0.3048959426150221E-04   4   0 2  0 2  0 0  0 0
   149  -.2117330360551760E-03   4   1 0  1 2  0 0  0 0
   150  -.2467324593374166E-03   4   0 1  1 2  0 0  0 0
   151  0.1871540609967163E-04   4   0 0  2 2  0 0  0 0
   152  0.7480291384928529E-04   4   1 0  0 3  0 0  0 0
   153  0.1080890853073230E-03   4   0 1  0 3  0 0  0 0
   154  -.5072798791919104E-04   4   0 0  1 3  0 0  0 0
   155  0.2295249254205893E-04   4   0 0  0 4  0 0  0 0
   156  -.9574714916281386E-04   4   3 0  0 0  0 1  0 0
   157  -.3445960333688197E-03   4   2 1  0 0  0 1  0 0
   158  -.3044722491808158E-03   4   1 2  0 0  0 1  0 0
   159  -.9064275004266904E-04   4   0 3  0 0  0 1  0 0
   160  0.7071797137519265       4   2 0  1 0  0 1  0 0
   161   1.107137798223681       4   1 1  1 0  0 1  0 0
   162  0.7257789014713232       4   0 2  1 0  0 1  0 0
   163  0.1278189733210948E-03   4   1 0  2 0  0 1  0 0
   164  0.3908281835114969E-04   4   0 1  2 0  0 1  0 0
   165  0.1166672869140736       4   0 0  3 0  0 1  0 0
   166  0.7616885035540089       4   2 0  0 1  0 1  0 0
   167  0.5453800505651287       4   1 1  0 1  0 1  0 0
   168  -.1177717356747030       4   0 2  0 1  0 1  0 0
   169  0.3080188167215341E-03   4   1 0  1 1  0 1  0 0
   170  0.1006759430603472E-03   4   0 1  1 1  0 1  0 0
   171  0.1139527731950413       4   0 0  2 1  0 1  0 0
   172  -.2365434353476062E-04   4   1 0  0 2  0 1  0 0
   173  -.3811781680657712E-04   4   0 1  0 2  0 1  0 0
   174  0.5486397798715402       4   0 0  1 2  0 1  0 0
   175  -.1549733271631358       4   0 0  0 3  0 1  0 0
   176  -.9561829716187875E-04   4   3 0  0 0  0 0  1 0
   177  -.3441322922673626E-03   4   2 1  0 0  0 0  1 0
   178  -.3040625047771504E-03   4   1 2  0 0  0 0  1 0
   179  -.9052076730150702E-04   4   0 3  0 0  0 0  1 0
   180  0.7062280246213848       4   2 0  1 0  0 0  1 0
   181   1.105647864352424       4   1 1  1 0  0 0  1 0
   182  0.7248021824304951       4   0 2  1 0  0 0  1 0
   183  0.1276469605706988E-03   4   1 0  2 0  0 0  1 0
   184  0.3903022253612179E-04   4   0 1  2 0  0 0  1 0
   185  0.1165102815776835       4   0 0  3 0  0 0  1 0
   186  0.7606634590630618       4   2 0  0 1  0 0  1 0
   187  0.5446461037959480       4   1 1  0 1  0 0  1 0
   188  -.1176132440232220       4   0 2  0 1  0 0  1 0
   189  0.3076042995144137E-03   4   1 0  1 1  0 0  1 0
   190  0.1005404581208688E-03   4   0 1  1 1  0 0  1 0
   191  0.1137994209232839       4   0 0  2 1  0 0  1 0
   192  -.2362251063402233E-04   4   1 0  0 2  0 0  1 0
   193  -.3806651964514935E-04   4   0 1  0 2  0 0  1 0
   194  0.5479014463122870       4   0 0  1 2  0 0  1 0
   195  -.1547647713630796       4   0 0  0 3  0 0  1 0
   196  0.1913654463246923E-03   4   3 0  0 0  0 0  0 1
   197  0.4350614898527861E-03   4   2 1  0 0  0 0  0 1
   198  0.2583143181867776E-03   4   1 2  0 0  0 0  0 1
   199  0.5400701287263667E-04   4   0 3  0 0  0 0  0 1
   200  -1.413407738373315       4   2 0  1 0  0 0  0 1
   201  -1.493412929350006       4   1 1  1 0  0 0  0 1
   202  -.5696900861955599       4   0 2  1 0  0 0  0 1
   203  -.2554659338917942E-03   4   1 0  2 0  0 0  0 1
   204  -.8307636476091395E-04   4   0 1  2 0  0 0  0 1
   205  -.2331775684917585       4   0 0  3 0  0 0  0 1
   206  -.8457396606912452       4   2 0  0 1  0 0  0 1
   207  -.5205113678071001       4   1 1  0 1  0 0  0 1
   208  -.2111855066864007       4   0 2  0 1  0 0  0 1
   209  -.4045360414822775E-03   4   1 0  1 1  0 0  0 1
   210  -.1324479332196332E-03   4   0 1  1 1  0 0  0 1
   211  -.1218208944712145E-01   4   0 0  2 1  0 0  0 1
   212  -.1915596330677641E-04   4   1 0  0 2  0 0  0 1
   213  0.1725051243030919E-05   4   0 1  0 2  0 0  0 1
   214  -.2242042547428694       4   0 0  1 2  0 0  0 1
   215  -.1277470630607637       4   0 0  0 3  0 0  0 1
   216  -.3130315451216961E-04   4   2 0  0 0  0 2  0 0
   217  -.1553607700499045E-04   4   1 1  0 0  0 2  0 0
   218  0.1410315204852956E-04   4   0 2  0 0  0 2  0 0
   219  -.2202162785791214E-03   4   1 0  1 0  0 2  0 0
   220  -.2854548910152494E-03   4   0 1  1 0  0 2  0 0
   221  -.1827250665072665E-04   4   0 0  2 0  0 2  0 0
   222  -.2090271176507690E-04   4   1 0  0 1  0 2  0 0
   223  0.9611161149850727E-04   4   0 1  0 1  0 2  0 0
   224  -.7065055679802851E-04   4   0 0  1 1  0 2  0 0
   225  0.3831208828747465E-04   4   0 0  0 2  0 2  0 0
   226  -.3712715007260983E-04   4   2 0  0 0  0 1  1 0
   227  -.1786765859180327E-04   4   1 1  0 0  0 1  1 0
   228  0.1631277175360628E-04   4   0 2  0 0  0 1  1 0
   229  -.1999417097655796E-03   4   1 0  1 0  0 1  1 0
   230  -.3312442804564722E-03   4   0 1  1 0  0 1  1 0
   231  -.6118503419555200E-05   4   0 0  2 0  0 1  1 0
   232  -.3783207077968029E-04   4   1 0  0 1  0 1  1 0
   233  0.1036145358383288E-03   4   0 1  0 1  0 1  1 0
   234  -.7981005345782425E-04   4   0 0  1 1  0 1  1 0
   235  0.4253981133550408E-04   4   0 0  0 2  0 1  1 0
   236  -.3123604621768606E-04   4   2 0  0 0  0 0  2 0
   237  -.1550314655832963E-04   4   1 1  0 0  0 0  2 0
   238  0.1407319621143821E-04   4   0 2  0 0  0 0  2 0
   239  -.2197853858248138E-03   4   1 0  1 0  0 0  2 0
   240  -.2848478528051360E-03   4   0 1  1 0  0 0  2 0
   241  -.1824379937566761E-04   4   0 0  2 0  0 0  2 0
   242  -.2084912557174271E-04   4   1 0  0 1  0 0  2 0
   243  0.9591254924176853E-04   4   0 1  0 1  0 0  2 0
   244  -.7050177630400819E-04   4   0 0  1 1  0 0  2 0
   245  0.3823190564800763E-04   4   0 0  0 2  0 0  2 0
   246  0.3136137709978351E-04   4   2 0  0 0  0 1  0 1
   247  0.1736322719347498E-04   4   1 1  0 0  0 1  0 1
   248  0.6232881456165230E-05   4   0 2  0 0  0 1  0 1
   249  0.3123546253042701E-03   4   1 0  1 0  0 1  0 1
   250  0.2489944887769470E-03   4   0 1  1 0  0 1  0 1
   251  0.3329415479131660E-05   4   0 0  2 0  0 1  0 1
   252  0.4256529606288125E-04   4   1 0  0 1  0 1  0 1
   253  0.7277955339865880E-04   4   0 1  0 1  0 1  0 1
   254  0.4279107078088922E-04   4   0 0  1 1  0 1  0 1
   255  0.1867236467429500E-04   4   0 0  0 2  0 1  0 1
   256  0.3131917243649311E-04   4   2 0  0 0  0 0  1 1
   257  0.1733986058061852E-04   4   1 1  0 0  0 0  1 1
   258  0.6224493538047038E-05   4   0 2  0 0  0 0  1 1
   259  0.3119342731702989E-03   4   1 0  1 0  0 0  1 1
   260  0.2486594037286546E-03   4   0 1  1 0  0 0  1 1
   261  0.3324934908689721E-05   4   0 0  2 0  0 0  1 1
   262  0.4250801369347275E-04   4   1 0  0 1  0 0  1 1
   263  0.7268161010567642E-04   4   0 1  0 1  0 0  1 1
   264  0.4273348457450556E-04   4   0 0  1 1  0 0  1 1
   265  0.1864723628591440E-04   4   0 0  0 2  0 0  1 1
   266  -.4217584013412388E-05   4   2 0  0 0  0 0  0 2
   267  -.1840206285456300E-05   4   1 1  0 0  0 0  0 2
   268  -.7706254826060296E-07   4   0 2  0 0  0 0  0 2
   269  -.3201506863713857E-04   4   1 0  1 0  0 0  0 2
   270  -.2404141320723005E-05   4   0 1  1 0  0 0  0 2
   271  0.1843124180501576E-04   4   0 0  2 0  0 0  0 2
   272  -.1717998515332318E-04   4   1 0  0 1  0 0  0 2
   273  -.2501157397942743E-05   4   0 1  0 1  0 0  0 2
   274  0.8590275586998692E-05   4   0 0  1 1  0 0  0 2
   275  0.6902244481116605E-06   4   0 0  0 2  0 0  0 2
   276  -.1870309672364906E-04   4   1 0  0 0  0 3  0 0
   277  -.1769370099769211E-04   4   0 1  0 0  0 3  0 0
   278  0.8413907681852736E-01   4   0 0  1 0  0 3  0 0
   279  -.1100631726367733       4   0 0  0 1  0 3  0 0
   280  -.1130427836577007E-04   4   1 0  0 0  0 2  1 0
   281  -.1772249940331371E-04   4   0 1  0 0  0 2  1 0
   282  0.4488426870543510E-01   4   0 0  1 0  0 2  1 0
   283  -.3338500016276392E-01   4   0 0  0 1  0 2  1 0
   284  -.1131916302895069E-04   4   1 0  0 0  0 1  2 0
   285  -.1772239320372466E-04   4   0 1  0 0  0 1  2 0
   286  0.4496328104133804E-01   4   0 0  1 0  0 1  2 0
   287  -.3353948597396771E-01   4   0 0  0 1  0 1  2 0
   288  -.1865774598101955E-04   4   1 0  0 0  0 0  3 0
   289  -.1764607499180712E-04   4   0 1  0 0  0 0  3 0
   290  0.8393907039178726E-01   4   0 0  1 0  0 0  3 0
   291  -.1098185622759887       4   0 0  0 1  0 0  3 0
   292  0.2260552580183875E-04   4   1 0  0 0  0 2  0 1
   293  0.1774751975676737E-04   4   0 1  0 0  0 2  0 1
   294  -.8974203721964986E-01   4   0 0  1 0  0 2  0 1
   295  -.8170848468152150E-01   4   0 0  0 1  0 2  0 1
   296  0.1524309809445488E-04   4   1 0  0 0  0 1  1 1
   297  0.1777409659525391E-04   4   0 1  0 0  0 1  1 1
   298  -.5067561581303305E-01   4   0 0  1 0  0 1  1 1
   299  -.7937613593735847E-01   4   0 0  0 1  0 1  1 1
   300  0.2256484762911823E-04   4   1 0  0 0  0 0  2 1
   301  0.1771167621036320E-04   4   0 1  0 0  0 0  2 1
   302  -.8958716818760429E-01   4   0 0  1 0  0 0  2 1
   303  -.8154511492218622E-01   4   0 0  0 1  0 0  2 1
   304  -.2406114499944913E-06   4   1 0  0 0  0 1  0 2
   305  -.5716468591024024E-07   4   0 1  0 0  0 1  0 2
   306  -.1383383648715715E-01   4   0 0  1 0  0 1  0 2
   307  -.4673921259982493E-02   4   0 0  0 1  0 1  0 2
   308  -.2402876464447100E-06   4   1 0  0 0  0 0  1 2
   309  -.5708775637001017E-07   4   0 1  0 0  0 0  1 2
   310  -.1381521956197886E-01   4   0 0  1 0  0 0  1 2
   311  -.4667631317025146E-02   4   0 0  0 1  0 0  1 2
   312  0.5333750371598765E-07   4   1 0  0 0  0 0  0 3
   313  0.9501133887840506E-08   4   0 1  0 0  0 0  0 3
   314  -.2717841741169357E-03   4   0 0  1 0  0 0  0 3
   315  -.4874269994517674E-04   4   0 0  0 1  0 0  0 3
   316  0.5693815715520756E-05   4   0 0  0 0  0 4  0 0
   317  0.2748169217565947E-05   4   0 0  0 0  0 3  1 0
   318  0.2357015910987449E-05   4   0 0  0 0  0 2  2 0
   319  0.2756600725593249E-05   4   0 0  0 0  0 1  3 0
   320  0.5676650318883315E-05   4   0 0  0 0  0 0  4 0
   321  0.8744004190161243E-06   4   0 0  0 0  0 3  0 1
   322  0.9868067412562220E-06   4   0 0  0 0  0 2  1 1
   323  0.9865774591882133E-06   4   0 0  0 0  0 1  2 1
   324  0.8719722243488368E-06   4   0 0  0 0  0 0  3 1
   325  0.1408485118508705E-07   4   0 0  0 0  0 2  0 2
   326  0.1756921449294892E-07   4   0 0  0 0  0 1  1 2
   327  0.1405407454573198E-07   4   0 0  0 0  0 0  2 2
   328  0.9997281769375773E-10   4   0 0  0 0  0 1  0 3
   329  0.9983827898726104E-10   4   0 0  0 0  0 0  1 3
   ----------------------------------------------------
     I  COEFFICIENT            ORDER EXPONENTS
     1  0.1116972531401742E-04   0   0 0  0 0  0 0  0 0
     2  0.2127376824066294E-03   1   1 0  0 0  0 0  0 0
     3  0.7419322180837973E-04   1   0 1  0 0  0 0  0 0
     4  -1.041617020207119       1   0 0  1 0  0 0  0 0
     5  0.6273450620673547       1   0 0  0 1  0 0  0 0
     6  0.1300873710923348E-06   1   0 0  0 0  0 1  0 0
     7  0.1299123056391022E-06   1   0 0  0 0  0 0  1 0
     8  0.1090972563710928E-04   1   0 0  0 0  0 0  0 1
     9  -.3381425342575159E-04   2   2 0  0 0  0 0  0 0
    10  -.8693423761533757E-04   2   1 1  0 0  0 0  0 0
    11  -.2144123871893437E-04   2   0 2  0 0  0 0  0 0
    12  0.1612797799223347E-03   2   1 0  1 0  0 0  0 0
    13  0.3050743922828917E-03   2   0 1  1 0  0 0  0 0
    14  0.2442517801341287E-05   2   0 0  2 0  0 0  0 0
    15  0.4278277475275718E-03   2   1 0  0 1  0 0  0 0
    16  0.2387578693683254E-03   2   0 1  0 1  0 0  0 0
    17  0.7744436263828165E-04   2   0 0  1 1  0 0  0 0
    18  0.2260415640263327E-04   2   0 0  0 2  0 0  0 0
    19  -.4229892139596957E-06   2   1 0  0 0  0 1  0 0
    20  -.3721393721774840E-04   2   0 1  0 0  0 1  0 0
    21  -.4131092949629649E-01   2   0 0  1 0  0 1  0 0
    22  0.1763379419479048       2   0 0  0 1  0 1  0 0
    23  -.4224199750102962E-06   2   1 0  0 0  0 0  1 0
    24  -.3716385645487285E-04   2   0 1  0 0  0 0  1 0
    25  -.4125533519429736E-01   2   0 0  1 0  0 0  1 0
    26  0.1761006346561508       2   0 0  0 1  0 0  1 0
    27  0.2135830915955995E-03   2   1 0  0 0  0 0  0 1
    28  0.7437779367281892E-04   2   0 1  0 0  0 0  0 1
    29  -.9590507555165246       2   0 0  1 0  0 0  0 1
    30  -.3524385766040551       2   0 0  0 1  0 0  0 1
    31  -.9095937429483754E-07   2   0 0  0 0  0 2  0 0
    32  -.5193490696080727E-07   2   0 0  0 0  0 1  1 0
    33  -.9080201974740579E-07   2   0 0  0 0  0 0  2 0
    34  0.2338484508889216E-06   2   0 0  0 0  0 1  0 1
    35  0.2335337486646050E-06   2   0 0  0 0  0 0  1 1
    36  -.2336895471885044E-06   2   0 0  0 0  0 0  0 2
    37  0.1716358247805776E-03   3   3 0  0 0  0 0  0 0
    38  0.1727565455475969E-03   3   2 1  0 0  0 0  0 0
    39  0.6411620929054919E-04   3   1 2  0 0  0 0  0 0
    40  0.4561817760716447E-04   3   0 3  0 0  0 0  0 0
    41  -3.245065142939213       3   2 0  1 0  0 0  0 0
    42  -2.731410786253409       3   1 1  1 0  0 0  0 0
    43  -.9792704626143182       3   0 2  1 0  0 0  0 0
    44  -.6696450790920488E-03   3   1 0  2 0  0 0  0 0
    45  -.2121970800364379E-03   3   0 1  2 0  0 0  0 0
    46  -.6409765828241616       3   0 0  3 0  0 0  0 0
    47  -.9185799765508805       3   2 0  0 1  0 0  0 0
    48  -1.034998778319754       3   1 1  0 1  0 0  0 0
    49  -.5810859420487975       3   0 2  0 1  0 0  0 0
    50  -.4899762134032515E-03   3   1 0  1 1  0 0  0 0
    51  -.3785962178938751E-03   3   0 1  1 1  0 0  0 0
    52  -.9710404956597590       3   0 0  2 1  0 0  0 0
    53  -.9420344749772244E-04   3   1 0  0 2  0 0  0 0
    54  -.7060772855129087E-04   3   0 1  0 2  0 0  0 0
    55  0.9484954274417527E-01   3   0 0  1 2  0 0  0 0
    56  -.6241590320135455E-01   3   0 0  0 3  0 0  0 0
    57  0.1537707292674285E-04   3   2 0  0 0  0 1  0 0
    58  0.4677960784514170E-04   3   1 1  0 0  0 1  0 0
    59  0.2116945287416063E-04   3   0 2  0 0  0 1  0 0
    60  -.5686914011445704E-04   3   1 0  1 0  0 1  0 0
    61  -.1338507397681034E-03   3   0 1  1 0  0 1  0 0
    62  0.8555750921657874E-06   3   0 0  2 0  0 1  0 0
    63  -.2562782901361899E-03   3   1 0  0 1  0 1  0 0
    64  -.2408873101204142E-03   3   0 1  0 1  0 1  0 0
    65  -.3631458374648465E-04   3   0 0  1 1  0 1  0 0
    66  -.2266887481061156E-04   3   0 0  0 2  0 1  0 0
    67  0.1535637918669433E-04   3   2 0  0 0  0 0  1 0
    68  0.4671665405355013E-04   3   1 1  0 0  0 0  1 0
    69  0.2114096402216425E-04   3   0 2  0 0  0 0  1 0
    70  -.5679260830583960E-04   3   1 0  1 0  0 0  1 0
    71  -.1336706097506889E-03   3   0 1  1 0  0 0  1 0
    72  0.8544236995285484E-06   3   0 0  2 0  0 0  1 0
    73  -.2559334028913018E-03   3   1 0  0 1  0 0  1 0
    74  -.2405631353310801E-03   3   0 1  0 1  0 0  1 0
    75  -.3626571329112544E-04   3   0 0  1 1  0 0  1 0
    76  -.2263836810723870E-04   3   0 0  0 2  0 0  1 0
    77  -.6454770553918876E-04   3   2 0  0 0  0 0  0 1
    78  -.9349626189869224E-04   3   1 1  0 0  0 0  0 1
    79  -.2086917817739065E-04   3   0 2  0 0  0 0  0 1
    80  0.2749415283426298E-03   3   1 0  1 0  0 0  0 1
    81  0.2675213495187922E-03   3   0 1  1 0  0 0  0 1
    82  0.7325190096468696E-06   3   0 0  2 0  0 0  0 1
    83  0.5122116930274902E-03   3   1 0  0 1  0 0  0 1
    84  0.2426925760831689E-03   3   0 1  0 1  0 0  0 1
    85  0.7258029703747018E-04   3   0 0  1 1  0 0  0 1
    86  0.2270308651521696E-04   3   0 0  0 2  0 0  0 1
    87  0.4373261409080481E-06   3   1 0  0 0  0 2  0 0
    88  0.2798440388777771E-04   3   0 1  0 0  0 2  0 0
    89  0.3043302094577927E-01   3   0 0  1 0  0 2  0 0
    90  -.1272692111194751       3   0 0  0 1  0 2  0 0
    91  0.4414243870933438E-06   3   1 0  0 0  0 1  1 0
    92  0.1876574211378202E-04   3   0 1  0 0  0 1  1 0
    93  0.1958428219189222E-01   3   0 0  1 0  0 1  1 0
    94  -.7833225906559983E-01   3   0 0  0 1  0 1  1 0
    95  0.4364405839297247E-06   3   1 0  0 0  0 0  2 0
    96  0.2793411677022885E-04   3   0 1  0 0  0 0  2 0
    97  0.3037888781844997E-01   3   0 0  1 0  0 0  2 0
    98  -.1270452302818514       3   0 0  0 1  0 0  2 0
    99  -.1292552280655525E-05   3   1 0  0 0  0 1  0 1
   100  -.3747744078746489E-04   3   0 1  0 0  0 1  0 1
   101  -.8045024343456499E-01   3   0 0  1 0  0 1  0 1
   102  0.1565328314115682       3   0 0  0 1  0 1  0 1
   103  -.1290812824712043E-05   3   1 0  0 0  0 0  1 1
   104  -.3742700541390367E-04   3   0 1  0 0  0 0  1 1
   105  -.8034197728843967E-01   3   0 0  1 0  0 0  1 1
   106  0.1563221769041914       3   0 0  0 1  0 0  1 1
   107  0.1277023348188085E-05   3   1 0  0 0  0 0  0 2
   108  0.2479192531192337E-06   3   0 1  0 0  0 0  0 2
   109  0.8039607946422297E-01   3   0 0  1 0  0 0  0 2
   110  0.1979175512252127E-01   3   0 0  0 1  0 0  0 2
   111  0.7485608110295649E-07   3   0 0  0 0  0 3  0 0
   112  0.4266458781512899E-07   3   0 0  0 0  0 2  1 0
   113  0.4272936722339817E-07   3   0 0  0 0  0 1  2 0
   114  0.7467630522174205E-07   3   0 0  0 0  0 0  3 0
   115  -.1762819038745125E-06   3   0 0  0 0  0 2  0 1
   116  -.1188698743342698E-06   3   0 0  0 0  0 1  1 1
   117  -.1759646873293148E-06   3   0 0  0 0  0 0  2 1
   118  0.1187953218267366E-06   3   0 0  0 0  0 1  0 2
   119  0.1186354526812560E-06   3   0 0  0 0  0 0  1 2
   120  -.1247075773161043E-08   3   0 0  0 0  0 0  0 3
   121  0.1018391397565279E-03   4   4 0  0 0  0 0  0 0
   122  0.2061088936868390E-03   4   3 1  0 0  0 0  0 0
   123  0.1256830078189163E-03   4   2 2  0 0  0 0  0 0
   124  0.3622312525807607E-05   4   1 3  0 0  0 0  0 0
   125  -.2644551919672202E-04   4   0 4  0 0  0 0  0 0
   126  0.4758362117389073E-07   4   3 0  1 0  0 0  0 0
   127  0.1902991816207386E-02   4   2 1  1 0  0 0  0 0
   128  0.9022919726623629E-03   4   1 2  1 0  0 0  0 0
   129  -.6177049403243768E-04   4   0 3  1 0  0 0  0 0
   130  -.4867491752163930E-04   4   2 0  2 0  0 0  0 0
   131  0.4817948493511223E-03   4   1 1  2 0  0 0  0 0
   132  0.1079772921220071E-03   4   0 2  2 0  0 0  0 0
   133  0.1227757179759318E-07   4   1 0  3 0  0 0  0 0
   134  0.5111804730416447E-07   4   0 1  3 0  0 0  0 0
   135  -.5690601082587063E-04   4   0 0  4 0  0 0  0 0
   136  0.9514914068057585E-03   4   3 0  0 1  0 0  0 0
   137  0.1506843493071341E-02   4   2 1  0 1  0 0  0 0
   138  0.8886331720423126E-03   4   1 2  0 1  0 0  0 0
   139  0.7825660098298974E-04   4   0 3  0 1  0 0  0 0
   140  0.5543381004668082E-03   4   2 0  1 1  0 0  0 0
   141  0.8465982619739812E-03   4   1 1  1 1  0 0  0 0
   142  0.3647258738664142E-03   4   0 2  1 1  0 0  0 0
   143  0.5639954057747529E-03   4   1 0  2 1  0 0  0 0
   144  0.9923158298696572E-04   4   0 1  2 1  0 0  0 0
   145  0.1164468011352250E-03   4   0 0  3 1  0 0  0 0
   146  0.4683275423142389E-04   4   2 0  0 2  0 0  0 0
   147  0.2958612676145433E-04   4   1 1  0 2  0 0  0 0
   148  0.3176080724756280E-04   4   0 2  0 2  0 0  0 0
   149  0.3363792546645779E-03   4   1 0  1 2  0 0  0 0
   150  -.1023811289130361E-03   4   0 1  1 2  0 0  0 0
   151  0.1641571499932764E-03   4   0 0  2 2  0 0  0 0
   152  0.3469493510590094E-04   4   1 0  0 3  0 0  0 0
   153  -.3046435128278054E-04   4   0 1  0 3  0 0  0 0
   154  0.7944913917369148E-04   4   0 0  1 3  0 0  0 0
   155  0.1894144854894594E-04   4   0 0  0 4  0 0  0 0
   156  -.7443854755460059E-04   4   3 0  0 0  0 1  0 0
   157  -.1582801035633631E-03   4   2 1  0 0  0 1  0 0
   158  -.9099046190978586E-04   4   1 2  0 0  0 1  0 0
   159  -.7215893633500680E-04   4   0 3  0 0  0 1  0 0
   160   1.759698077055277       4   2 0  1 0  0 1  0 0
   161   2.743465431870955       4   1 1  1 0  0 1  0 0
   162   1.179272581703798       4   0 2  1 0  0 1  0 0
   163  0.3815260909877533E-03   4   1 0  2 0  0 1  0 0
   164  0.2184283242240394E-03   4   0 1  2 0  0 1  0 0
   165  0.1765456398342544       4   0 0  3 0  0 1  0 0
   166   1.024833518752176       4   2 0  0 1  0 1  0 0
   167   1.600951990423658       4   1 1  0 1  0 1  0 0
   168  0.9705658460954197       4   0 2  0 1  0 1  0 0
   169  0.5352945871913166E-03   4   1 0  1 1  0 1  0 0
   170  0.4710747362182187E-03   4   0 1  1 1  0 1  0 0
   171  0.8104715352575380       4   0 0  2 1  0 1  0 0
   172  0.1514726010203114E-03   4   1 0  0 2  0 1  0 0
   173  0.1250469862177003E-03   4   0 1  0 2  0 1  0 0
   174  0.7955750774362548E-01   4   0 0  1 2  0 1  0 0
   175  0.1178006178724222       4   0 0  0 3  0 1  0 0
   176  -.7433837166547057E-04   4   3 0  0 0  0 0  1 0
   177  -.1580670976594734E-03   4   2 1  0 0  0 0  1 0
   178  -.9086801123438248E-04   4   1 2  0 0  0 0  1 0
   179  -.7206182823922043E-04   4   0 3  0 0  0 0  1 0
   180   1.757329958314874       4   2 0  1 0  0 0  1 0
   181   2.739773405387783       4   1 1  1 0  0 0  1 0
   182   1.177685572240530       4   0 2  1 0  0 0  1 0
   183  0.3810126511552036E-03   4   1 0  2 0  0 0  1 0
   184  0.2181343736794686E-03   4   0 1  2 0  0 0  1 0
   185  0.1763080530324741       4   0 0  3 0  0 0  1 0
   186   1.023454346101371       4   2 0  0 1  0 0  1 0
   187   1.598797504685199       4   1 1  0 1  0 0  1 0
   188  0.9692597043209285       4   0 2  0 1  0 0  1 0
   189  0.5345742129634337E-03   4   1 0  1 1  0 0  1 0
   190  0.4704407860391991E-03   4   0 1  1 1  0 0  1 0
   191  0.8093808408615905       4   0 0  2 1  0 0  1 0
   192  0.1512687563325148E-03   4   1 0  0 2  0 0  1 0
   193  0.1248787038769087E-03   4   0 1  0 2  0 0  1 0
   194  0.7945044299911901E-01   4   0 0  1 2  0 0  1 0
   195  0.1176420873526412       4   0 0  0 3  0 0  1 0
   196  0.3204127440006478E-03   4   3 0  0 0  0 0  0 1
   197  0.3163472012228349E-03   4   2 1  0 0  0 0  0 1
   198  0.1177422638536172E-03   4   1 2  0 0  0 0  0 1
   199  0.5298440935989805E-04   4   0 3  0 0  0 0  0 1
   200  -6.762093178309368       4   2 0  1 0  0 0  0 1
   201  -5.483238837258732       4   1 1  1 0  0 0  0 1
   202  -1.377687691330010       4   0 2  1 0  0 0  0 1
   203  -.1432183821235007E-02   4   1 0  2 0  0 0  0 1
   204  -.4365626979035078E-03   4   0 1  2 0  0 0  0 1
   205  -.9938302756908911       4   0 0  3 0  0 0  0 1
   206  -2.048287864853551       4   2 0  0 1  0 0  0 1
   207  -2.164750716789102       4   1 1  0 1  0 0  0 1
   208  -.7776536663187523       4   0 2  0 1  0 0  0 1
   209  -.1069868800154750E-02   4   1 0  1 1  0 0  0 1
   210  -.5629193043635420E-03   4   0 1  1 1  0 0  0 1
   211  -1.619852376119127       4   0 0  2 1  0 0  0 1
   212  -.2085379098551037E-03   4   1 0  0 2  0 0  0 1
   213  -.1087102329920271E-03   4   0 1  0 2  0 0  0 1
   214  -.2538574934869218       4   0 0  1 2  0 0  0 1
   215  -.1106108988223543       4   0 0  0 3  0 0  0 1
   216  -.4238732476746283E-04   4   2 0  0 0  0 2  0 0
   217  -.1036743776091030E-03   4   1 1  0 0  0 2  0 0
   218  -.6355875418444138E-04   4   0 2  0 0  0 2  0 0
   219  -.2861680934184491E-03   4   1 0  1 0  0 2  0 0
   220  -.2579682783179342E-03   4   0 1  1 0  0 2  0 0
   221  -.3523763649869258E-04   4   0 0  2 0  0 2  0 0
   222  -.4859904887239825E-04   4   1 0  0 1  0 2  0 0
   223  -.9285534925561819E-04   4   0 1  0 1  0 2  0 0
   224  0.5023155786030071E-04   4   0 0  1 1  0 2  0 0
   225  0.1912800923905329E-04   4   0 0  0 2  0 2  0 0
   226  -.4291662236693921E-04   4   2 0  0 0  0 1  1 0
   227  -.1078827432791096E-03   4   1 1  0 0  0 1  1 0
   228  -.7331167200986807E-04   4   0 2  0 0  0 1  1 0
   229  -.3388739663118562E-03   4   1 0  1 0  0 1  1 0
   230  -.3130727106384482E-03   4   0 1  1 0  0 1  1 0
   231  -.3240882437786996E-04   4   0 0  2 0  0 1  1 0
   232  -.1473534036952572E-03   4   1 0  0 1  0 1  1 0
   233  -.1577998004051789E-03   4   0 1  0 1  0 1  1 0
   234  0.3320695203267502E-04   4   0 0  1 1  0 1  1 0
   235  0.1531646057100219E-04   4   0 0  0 2  0 1  1 0
   236  -.4230140431954062E-04   4   2 0  0 0  0 0  2 0
   237  -.1034622657619370E-03   4   1 1  0 0  0 0  2 0
   238  -.6342389011191445E-04   4   0 2  0 0  0 0  2 0
   239  -.2855549615783183E-03   4   1 0  1 0  0 0  2 0
   240  -.2574104575169114E-03   4   0 1  1 0  0 0  2 0
   241  -.3516840821394860E-04   4   0 0  2 0  0 0  2 0
   242  -.4843449592973584E-04   4   1 0  0 1  0 0  2 0
   243  -.9262420913544228E-04   4   0 1  0 1  0 0  2 0
   244  0.5014161442153566E-04   4   0 0  1 1  0 0  2 0
   245  0.1909196158029275E-04   4   0 0  0 2  0 0  2 0
   246  0.9769511904845015E-04   4   2 0  0 0  0 1  0 1
   247  0.1680694013299849E-03   4   1 1  0 0  0 1  0 1
   248  0.6764245646873767E-04   4   0 2  0 0  0 1  0 1
   249  0.4556089806943222E-03   4   1 0  1 0  0 1  0 1
   250  0.2386413247605829E-03   4   0 1  1 0  0 1  0 1
   251  0.6458610897215254E-04   4   0 0  2 0  0 1  0 1
   252  0.7063718714246139E-04   4   1 0  0 1  0 1  0 1
   253  0.5842978315944563E-04   4   0 1  0 1  0 1  0 1
   254  -.2488362059952879E-04   4   0 0  1 1  0 1  0 1
   255  -.1266231014277103E-04   4   0 0  0 2  0 1  0 1
   256  0.9756364556144612E-04   4   2 0  0 0  0 0  1 1
   257  0.1678432214505113E-03   4   1 1  0 0  0 0  1 1
   258  0.6755142643870049E-04   4   0 2  0 0  0 0  1 1
   259  0.4549958436002109E-03   4   1 0  1 0  0 0  1 1
   260  0.2383201725124961E-03   4   0 1  1 0  0 0  1 1
   261  0.6449919203053564E-04   4   0 0  2 0  0 0  1 1
   262  0.7054212694502055E-04   4   1 0  0 1  0 0  1 1
   263  0.5835115111096992E-04   4   0 1  0 1  0 0  1 1
   264  -.2485013339565031E-04   4   0 0  1 1  0 0  1 1
   265  -.1264526980253488E-04   4   0 0  0 2  0 0  1 1
   266  -.6765341898876748E-04   4   2 0  0 0  0 0  0 2
   267  -.5106752195879311E-04   4   1 1  0 0  0 0  0 2
   268  -.8681162544302054E-05   4   0 2  0 0  0 0  0 2
   269  -.7802977587064963E-08   4   1 0  1 0  0 0  0 2
   270  -.2482369800915564E-08   4   0 1  1 0  0 0  0 2
   271  -.2627042829693721E-04   4   0 0  2 0  0 0  0 2
   272  -.2357575476254794E-04   4   1 0  0 1  0 0  0 2
   273  -.4145412506065401E-05   4   0 1  0 1  0 0  0 2
   274  -.3130204987569077E-04   4   0 0  1 1  0 0  0 2
   275  -.5994113363030168E-05   4   0 0  0 2  0 0  0 2
   276  -.4253033457115896E-06   4   1 0  0 0  0 3  0 0
   277  -.2335875048842630E-04   4   0 1  0 0  0 3  0 0
   278  -.2500125942088199E-01   4   0 0  1 0  0 3  0 0
   279  0.1028039218036423       4   0 0  0 1  0 3  0 0
   280  -.4130502655627530E-06   4   1 0  0 0  0 2  1 0
   281  -.1412829911082585E-04   4   0 1  0 0  0 2  1 0
   282  -.1414510631882675E-01   4   0 0  1 0  0 2  1 0
   283  0.5390622758393396E-01   4   0 0  0 1  0 2  1 0
   284  -.4130738445278039E-06   4   1 0  0 0  0 1  2 0
   285  -.1414686851469756E-04   4   0 1  0 0  0 1  2 0
   286  -.1416695294981874E-01   4   0 0  1 0  0 1  2 0
   287  0.5400465462786696E-01   4   0 0  0 1  0 1  2 0
   288  -.4241672585761049E-06   4   1 0  0 0  0 0  3 0
   289  -.2330210405257930E-04   4   0 1  0 0  0 0  3 0
   290  -.2494128607638759E-01   4   0 0  1 0  0 0  3 0
   291  0.1025601755026201       4   0 0  0 1  0 0  3 0
   292  0.1277042069600052E-05   4   1 0  0 0  0 2  0 1
   293  0.2827996119316990E-04   4   0 1  0 0  0 2  0 1
   294  0.5871595512949244E-01   4   0 0  1 0  0 2  0 1
   295  -.1077794756900720       4   0 0  0 1  0 2  0 1
   296  0.1261571263596693E-05   4   1 0  0 0  0 1  1 1
   297  0.1910716879461528E-04   4   0 1  0 0  0 1  1 1
   298  0.3704001908674223E-01   4   0 0  1 0  0 1  1 1
   299  -.5915705641659496E-01   4   0 0  0 1  0 1  1 1
   300  0.1274474604923124E-05   4   1 0  0 0  0 0  2 1
   301  0.2822904659057179E-04   4   0 1  0 0  0 0  2 1
   302  0.5861201460824071E-01   4   0 0  1 0  0 0  2 1
   303  -.1075946257618840       4   0 0  0 1  0 0  2 1
   304  -.1278087059544191E-05   4   1 0  0 0  0 1  0 2
   305  -.3722553421405361E-06   4   0 1  0 0  0 1  0 2
   306  -.3701088465701468E-01   4   0 0  1 0  0 1  0 2
   307  -.1917486094447990E-01   4   0 0  0 1  0 1  0 2
   308  -.1276367070213582E-05   4   1 0  0 0  0 0  1 2
   309  -.3717543784448415E-06   4   0 1  0 0  0 0  1 2
   310  -.3696107715270579E-01   4   0 0  1 0  0 0  1 2
   311  -.1914905632030076E-01   4   0 0  0 1  0 0  1 2
   312  0.4258102606892264E-06   4   1 0  0 0  0 0  0 3
   313  0.8272373817556332E-07   4   0 1  0 0  0 0  0 3
   314  -.2141372551500703E-02   4   0 0  1 0  0 0  0 3
   315  -.4198643267539391E-03   4   0 0  0 1  0 0  0 3
   316  -.3437661228957622E-05   4   0 0  0 0  0 4  0 0
   317  -.1794368609311674E-05   4   0 0  0 0  0 3  1 0
   318  -.1576962684624304E-05   4   0 0  0 0  0 2  2 0
   319  -.1799070039078262E-05   4   0 0  0 0  0 1  3 0
   320  -.3427206812123722E-05   4   0 0  0 0  0 0  4 0
   321  0.3713136625029433E-05   4   0 0  0 0  0 3  0 1
   322  0.1915205513792433E-05   4   0 0  0 0  0 2  1 1
   323  0.1918824783207816E-05   4   0 0  0 0  0 1  2 1
   324  0.3704354220747722E-05   4   0 0  0 0  0 0  3 1
   325  0.2447387908936392E-06   4   0 0  0 0  0 2  0 2
   326  0.2917684250120633E-06   4   0 0  0 0  0 1  1 2
   327  0.2442131088650905E-06   4   0 0  0 0  0 0  2 2
   328  0.1513583676134299E-08   4   0 0  0 0  0 1  0 3
   329  0.1511546766555684E-08   4   0 0  0 0  0 0  1 3
   330  -.2575488717280574E-15   4   0 0  0 0  0 0  0 4
   ----------------------------------------------------
     I  COEFFICIENT            ORDER EXPONENTS
     1  0.8992138509134755E-09   0   0 0  0 0  0 0  0 0
     2  -.1132916228939639E-05   1   1 0  0 0  0 0  0 0
     3  -.2384874482736379E-05   1   0 1  0 0  0 0  0 0
     4  0.9507141752628065E-06   1   0 0  1 0  0 0  0 0
     5  -.6978923106655862E-06   1   0 0  0 1  0 0  0 0
     6   1.000000000000000       1   0 0  0 0  1 0  0 0
     7  0.1570859944501055       1   0 0  0 0  0 1  0 0
     8  -.1570859944179458       1   0 0  0 0  0 0  1 0
     9  -.3216211116259510E-10   1   0 0  0 0  0 0  0 1
    10  -.7485165183241765E-01   2   2 0  0 0  0 0  0 0
    11  -.2119291969607275       2   1 1  0 0  0 0  0 0
    12  -.2132119126593892       2   0 2  0 0  0 0  0 0
    13  -.2779844130712280E-05   2   1 0  1 0  0 0  0 0
    14  -.3054153383715075E-04   2   0 1  1 0  0 0  0 0
    15  -.6011067343947830E-01   2   0 0  2 0  0 0  0 0
    16  -.3054088115806288E-04   2   1 0  0 1  0 0  0 0
    17  -.1787506309475020E-04   2   0 1  0 1  0 0  0 0
    18  0.1120672849023696       2   0 0  1 1  0 0  0 0
    19  -.1183941878043387       2   0 0  0 2  0 0  0 0
    20  0.1858014960633365E-05   2   1 0  0 0  0 1  0 0
    21  0.3913168366843691E-05   2   0 1  0 0  0 1  0 0
    22  -.1403081528841552E-05   2   0 0  1 0  0 1  0 0
    23  0.8870539816940416E-06   2   0 0  0 1  0 1  0 0
    24  0.7256426234103693E-06   2   1 0  0 0  0 0  1 0
    25  0.1529434415065829E-05   2   0 1  0 0  0 0  1 0
    26  -.4530356944321452E-06   2   0 0  1 0  0 0  1 0
    27  0.1898437543695718E-06   2   0 0  0 1  0 0  1 0
    28  -.2583645131788633E-05   2   1 0  0 0  0 0  0 1
    29  -.3057694568626490E-05   2   0 1  0 0  0 0  0 1
    30  0.1856115488341986E-05   2   0 0  1 0  0 0  0 1
    31  -.3789998463065020E-06   2   0 0  0 1  0 0  0 1
    32  -.1178938238262049       2   0 0  0 0  0 2  0 0
    33  0.7870165315164063E-01   2   0 0  0 0  0 1  1 0
    34  0.3919217062389262E-01   2   0 0  0 0  0 0  2 0
    35  0.5065423475127164E-10   2   0 0  0 0  0 1  0 1
    36  0.1851046176648449E-10   2   0 0  0 0  0 0  1 1
    37  -.1850124719308002E-10   2   0 0  0 0  0 0  0 2
    38  -.3859467761468428E-04   3   3 0  0 0  0 0  0 0
    39  -.7036080500102694E-04   3   2 1  0 0  0 0  0 0
    40  0.1031317652394196E-04   3   1 2  0 0  0 0  0 0
    41  0.6682155549917720E-05   3   0 3  0 0  0 0  0 0
    42  -.1569004730580430E-05   3   2 0  1 0  0 0  0 0
    43  -.3456616576120906E-04   3   1 1  1 0  0 0  0 0
    44  0.6550962640616727E-05   3   0 2  1 0  0 0  0 0
    45  -.1645343082261864E-04   3   1 0  2 0  0 0  0 0
    46  0.1145338591657964E-03   3   0 1  2 0  0 0  0 0
    47  -.6490977102671305E-05   3   0 0  3 0  0 0  0 0
    48  -.9549715326619938E-05   3   2 0  0 1  0 0  0 0
    49  0.2217500690604241E-06   3   1 1  0 1  0 0  0 0
    50  0.3787611487855671E-05   3   0 2  0 1  0 0  0 0
    51  0.1640638021330321E-03   3   1 0  1 1  0 0  0 0
    52  0.5109828772077313E-04   3   0 1  1 1  0 0  0 0
    53  0.2256746358629991E-04   3   0 0  2 1  0 0  0 0
    54  0.7440493871882700E-05   3   1 0  0 2  0 0  0 0
    55  -.1000634938579191E-04   3   0 1  0 2  0 0  0 0
    56  0.6454480206588602E-05   3   0 0  1 2  0 0  0 0
    57  -.1496286447769850E-05   3   0 0  0 3  0 0  0 0
    58  0.1163176607818336       3   2 0  0 0  0 1  0 0
    59  0.3471757337448222       3   1 1  0 0  0 1  0 0
    60  0.3524570205807911       3   0 2  0 0  0 1  0 0
    61  0.5566444086474975E-05   3   1 0  1 0  0 1  0 0
    62  0.4660304198005711E-04   3   0 1  1 0  0 1  0 0
    63  0.8681460204205896E-01   3   0 0  2 0  0 1  0 0
    64  0.4657480101830215E-04   3   1 0  0 1  0 1  0 0
    65  0.3593613395053173E-04   3   0 1  0 1  0 1  0 0
    66  -.1470996326744959       3   0 0  1 1  0 1  0 0
    67  0.1616913425279534       3   0 0  0 2  0 1  0 0
    68  0.4151084250827219E-01   3   2 0  0 0  0 0  1 0
    69  0.1353494035979102       3   1 1  0 0  0 0  1 0
    70  0.1393443110226515       3   0 2  0 0  0 0  1 0
    71  0.2785020412791390E-05   3   1 0  1 0  0 0  1 0
    72  0.1607668134606462E-04   3   0 1  1 0  0 0  1 0
    73  0.2674880456120065E-01   3   0 0  2 0  0 0  1 0
    74  0.1606069416969328E-04   3   1 0  0 1  0 0  1 0
    75  0.1807158074558634E-04   3   0 1  0 1  0 0  1 0
    76  -.3513581314749689E-01   3   0 0  1 1  0 0  1 0
    77  0.4339801248504948E-01   3   0 0  0 2  0 0  1 0
    78  -.1578286015781956       3   2 0  0 0  0 0  0 1
    79  -.2705961290279482       3   1 1  0 0  0 0  0 1
    80  -.6537770511952978E-01   3   0 2  0 0  0 0  0 1
    81  -.8350088742620108E-05   3   1 0  1 0  0 0  0 1
    82  -.3212676280325123E-04   3   0 1  1 0  0 0  0 1
    83  -.1135634633822063       3   0 0  2 0  0 0  0 1
    84  -.3211462432026255E-04   3   1 0  0 1  0 0  0 1
    85  -.1830080638913710E-04   3   0 1  0 1  0 0  0 1
    86  0.7016816618342452E-01   3   0 0  1 1  0 0  0 1
    87  0.3169897789272694E-01   3   0 0  0 2  0 0  0 1
    88  -.2484490020793804E-05   3   1 0  0 0  0 2  0 0
    89  -.5253847847058925E-05   3   0 1  0 0  0 2  0 0
    90  0.1722237941218972E-05   3   0 0  1 0  0 2  0 0
    91  -.9555458717827945E-06   3   0 0  0 1  0 2  0 0
    92  -.1253228848818164E-05   3   1 0  0 0  0 1  1 0
    93  -.2681892615494289E-05   3   0 1  0 0  0 1  1 0
    94  0.6386751351314000E-06   3   0 0  1 0  0 1  1 0
    95  -.1373146921976633E-06   3   0 0  0 1  0 1  1 0
    96  -.6270193312779838E-06   3   1 0  0 0  0 0  2 0
    97  -.1341769937788406E-05   3   0 1  0 0  0 0  2 0
    98  0.3198501161206364E-06   3   0 0  1 0  0 0  2 0
    99  -.6916084930728734E-07   3   0 0  0 1  0 0  2 0
   100  0.4364238662477255E-05   3   1 0  0 0  0 1  0 1
   101  0.5363359249928354E-05   3   0 1  0 0  0 1  0 1
   102  -.2680075474150019E-05   3   0 0  1 0  0 1  0 1
   103  0.2743165617162798E-06   3   0 0  0 1  0 1  0 1
   104  0.1781669560574249E-05   3   1 0  0 0  0 0  1 1
   105  0.2306671190042165E-05   3   0 1  0 0  0 0  1 1
   106  -.8253456505201114E-06   3   0 0  1 0  0 0  1 1
   107  -.1040330530158182E-06   3   0 0  0 1  0 0  1 1
   108  -.1781137646900139E-05   3   1 0  0 0  0 0  0 2
   109  -.7773230709397176E-06   3   0 1  0 0  0 0  0 2
   110  0.8246539209901266E-06   3   0 0  1 0  0 0  0 2
   111  0.2938584218336686E-06   3   0 0  0 1  0 0  0 2
   112  0.9825810207052735E-01   3   0 0  0 0  0 3  0 0
   113  -.5898671752670601E-01   3   0 0  0 0  0 2  1 0
   114  -.1971494874641234E-01   3   0 0  0 0  0 1  2 0
   115  -.1955646854532924E-01   3   0 0  0 0  0 0  3 0
   116  -.6963881341784245E-09   3   0 0  0 0  0 2  0 1
   117  0.1883812624123456E-09   3   0 0  0 0  0 1  1 1
   118  0.9353254307926268E-10   3   0 0  0 0  0 0  2 1
   119  0.1037545367726890E-09   3   0 0  0 0  0 1  0 2
   120  0.6140779675875094E-10   3   0 0  0 0  0 0  1 2
   121  -.3992166265091749E-12   3   0 0  0 0  0 0  0 3
   122  -.2242450424128629       4   4 0  0 0  0 0  0 0
   123  -.7669789416965975       4   3 1  0 0  0 0  0 0
   124  -1.222906351713919       4   2 2  0 0  0 0  0 0
   125  -.7864450321519382       4   1 3  0 0  0 0  0 0
   126  -.2908892282394269       4   0 4  0 0  0 0  0 0
   127  0.6736996994939570E-04   4   3 0  1 0  0 0  0 0
   128  -.6828572873954256E-04   4   2 1  1 0  0 0  0 0
   129  -.1401027464926772E-03   4   1 2  1 0  0 0  0 0
   130  -.8087543404401883E-04   4   0 3  1 0  0 0  0 0
   131  -.8060437270749067       4   2 0  2 0  0 0  0 0
   132  -.6656611717412017       4   1 1  2 0  0 0  0 0
   133  -.5448858923307273       4   0 2  2 0  0 0  0 0
   134  -.1020933401598748E-03   4   1 0  3 0  0 0  0 0
   135  -.4671614929779763E-04   4   0 1  3 0  0 0  0 0
   136  -.1322489366362555       4   0 0  4 0  0 0  0 0
   137  -.4911026077172252E-04   4   3 0  0 1  0 0  0 0
   138  -.2639925116326559E-03   4   2 1  0 1  0 0  0 0
   139  -.2009771490673432E-03   4   1 2  0 1  0 0  0 0
   140  -.6228844068615692E-04   4   0 3  0 1  0 0  0 0
   141  -.2457366545721164       4   2 0  1 1  0 0  0 0
   142  0.1300544408829791       4   1 1  1 1  0 0  0 0
   143  0.7146020791829638E-01   4   0 2  1 1  0 0  0 0
   144  -.6104341949866472E-04   4   1 0  2 1  0 0  0 0
   145  -.7947960511721740E-04   4   0 1  2 1  0 0  0 0
   146  -.1698521555595904       4   0 0  3 1  0 0  0 0
   147  0.1128295092384755       4   2 0  0 2  0 0  0 0
   148  -.1489937269901673       4   1 1  0 2  0 0  0 0
   149  -.2512226216018454       4   0 2  0 2  0 0  0 0
   150  0.4449644324159182E-04   4   1 0  1 2  0 0  0 0
   151  -.3864121066393456E-04   4   0 1  1 2  0 0  0 0
   152  -.5831954350702065E-01   4   0 0  2 2  0 0  0 0
   153  -.2672226991790691E-04   4   1 0  0 3  0 0  0 0
   154  -.2892253673368540E-04   4   0 1  0 3  0 0  0 0
   155  0.1345141187149127       4   0 0  1 3  0 0  0 0
   156  -.4888129937705075E-01   4   0 0  0 4  0 0  0 0
   157  0.3573253618117095E-03   4   3 0  0 0  0 1  0 0
   158  0.1083258378245801E-02   4   2 1  0 0  0 1  0 0
   159  0.8253595220139938E-03   4   1 2  0 0  0 1  0 0
   160  0.3721812613629013E-03   4   0 3  0 0  0 1  0 0
   161  0.3991854669701876E-04   4   2 0  1 0  0 1  0 0
   162  0.6228383055831129E-04   4   1 1  1 0  0 1  0 0
   163  -.2965742753621033E-04   4   0 2  1 0  0 1  0 0
   164  0.1082999040394932E-03   4   1 0  2 0  0 1  0 0
   165  0.2404666065664620E-03   4   0 1  2 0  0 1  0 0
   166  0.2354611235872880E-04   4   0 0  3 0  0 1  0 0
   167  -.3020443546568374E-04   4   2 0  0 1  0 1  0 0
   168  0.2808341567990792E-04   4   1 1  0 1  0 1  0 0
   169  0.4133520807087432E-04   4   0 2  0 1  0 1  0 0
   170  -.2568274893533265E-03   4   1 0  1 1  0 1  0 0
   171  -.8232707200706616E-04   4   0 1  1 1  0 1  0 0
   172  -.2749931019042608E-04   4   0 0  2 1  0 1  0 0
   173  0.1075564820749186E-03   4   1 0  0 2  0 1  0 0
   174  0.2210288041932880E-03   4   0 1  0 2  0 1  0 0
   175  -.7466484712089055E-04   4   0 0  1 2  0 1  0 0
   176  0.2143431717439378E-04   4   0 0  0 3  0 1  0 0
   177  0.1949468911121610E-03   4   3 0  0 0  0 0  1 0
   178  0.6058804366259011E-03   4   2 1  0 0  0 0  1 0
   179  0.5124651974970039E-03   4   1 2  0 0  0 0  1 0
   180  0.2343555902620421E-03   4   0 3  0 0  0 0  1 0
   181  0.2083395591128495E-04   4   2 0  1 0  0 0  1 0
   182  0.2131256990587467E-04   4   1 1  1 0  0 0  1 0
   183  -.1691456728143321E-04   4   0 2  1 0  0 0  1 0
   184  0.6256659529434562E-04   4   1 0  2 0  0 0  1 0
   185  0.1544594258710063E-03   4   0 1  2 0  0 0  1 0
   186  0.7688768217712007E-05   4   0 0  3 0  0 0  1 0
   187  -.1609036542135381E-04   4   2 0  0 1  0 0  1 0
   188  0.1920463216194252E-04   4   1 1  0 1  0 0  1 0
   189  0.2512537232153259E-04   4   0 2  0 1  0 0  1 0
   190  -.8232232634918115E-04   4   1 0  1 1  0 0  1 0
   191  -.5192772887330183E-04   4   0 1  1 1  0 0  1 0
   192  -.2926855455920624E-05   4   0 0  2 1  0 0  1 0
   193  0.6358948150310894E-04   4   1 0  0 2  0 0  1 0
   194  0.1313619654122023E-03   4   0 1  0 2  0 0  1 0
   195  -.4053974649733134E-04   4   0 0  1 2  0 0  1 0
   196  0.1207957215849805E-04   4   0 0  0 3  0 0  1 0
   197  -.3772225940596958E-03   4   3 0  0 0  0 0  0 1
   198  -.7591203132621392E-03   4   2 1  0 0  0 0  0 1
   199  -.4301010033042340E-03   4   1 2  0 0  0 0  0 1
   200  -.7710401769908543E-04   4   0 3  0 0  0 0  0 1
   201  -.4033342477675550E-04   4   2 0  1 0  0 0  0 1
   202  -.3996322348561282E-04   4   1 1  1 0  0 0  0 1
   203  0.1555110414270888E-04   4   0 2  1 0  0 0  0 1
   204  -.7335937649629417E-04   4   1 0  2 0  0 0  0 1
   205  -.8607794263259466E-04   4   0 1  2 0  0 0  0 1
   206  -.2126663469759019E-04   4   0 0  3 0  0 0  0 1
   207  0.6543700999386618E-05   4   2 0  0 1  0 0  0 1
   208  -.1259846199292109E-04   4   1 1  0 1  0 0  0 1
   209  0.1797708485986692E-05   4   0 2  0 1  0 0  0 1
   210  0.1951290694689062E-03   4   1 0  1 1  0 0  0 1
   211  0.4121788618646858E-04   4   0 1  1 1  0 0  0 1
   212  0.1615729386659680E-07   4   0 0  2 1  0 0  0 1
   213  -.4072705296608514E-04   4   1 0  0 2  0 0  0 1
   214  -.1199504072322365E-04   4   0 1  0 2  0 0  0 1
   215  0.2020499802140217E-04   4   0 0  1 2  0 0  0 1
   216  0.7005923958490849E-05   4   0 0  0 3  0 0  0 1
   217  -.1495542227944386       4   2 0  0 0  0 2  0 0
   218  -.4644765587568469       4   1 1  0 0  0 2  0 0
   219  -.4758004643832486       4   0 2  0 0  0 2  0 0
   220  -.8347924394331836E-05   4   1 0  1 0  0 2  0 0
   221  -.5922641521472920E-04   4   0 1  1 0  0 2  0 0
   222  -.1052678607401361       4   0 0  2 0  0 2  0 0
   223  -.5922036607919515E-04   4   1 0  0 1  0 2  0 0
   224  -.5425723433358120E-04   4   0 1  0 1  0 2  0 0
   225  0.1638335314223822       4   0 0  1 1  0 2  0 0
   226  -.1879555471223495       4   0 0  0 2  0 2  0 0
   227  -.6649529499048649E-01   4   2 0  0 0  0 1  1 0
   228  -.2346500883760623       4   1 1  0 0  0 1  1 0
   229  -.2467298492389610       4   0 2  0 0  0 1  1 0
   230  -.5568487908512174E-05   4   1 0  1 0  0 1  1 0
   231  -.2526739001925014E-04   4   0 1  1 0  0 1  1 0
   232  -.3692879388116659E-01   4   0 0  2 0  0 1  1 0
   233  -.2528753365414816E-04   4   1 0  0 1  0 1  1 0
   234  -.3662026895049452E-04   4   0 1  0 1  0 1  1 0
   235  0.3351732779657589E-01   4   0 0  1 1  0 1  1 0
   236  -.5257449953924342E-01   4   0 0  0 2  0 1  1 0
   237  -.3328102951567956E-01   4   2 0  0 0  0 0  2 0
   238  -.1174003261447495       4   1 1  0 0  0 0  2 0
   239  -.1234356220480340       4   0 2  0 0  0 0  2 0
   240  -.2782162162427898E-05   4   1 0  1 0  0 0  2 0
   241  -.1264588899872350E-04   4   0 1  1 0  0 0  2 0
   242  -.1849785828987440E-01   4   0 0  2 0  0 0  2 0
   243  -.1265810314673743E-04   4   1 0  0 1  0 0  2 0
   244  -.1830949711073223E-04   4   0 1  0 1  0 0  2 0
   245  0.1683492156339321E-01   4   0 0  1 1  0 0  2 0
   246  -.2636048774170335E-01   4   0 0  0 2  0 0  2 0
   247  0.2492858600527429       4   2 0  0 0  0 1  0 1
   248  0.4692513056357410       4   1 1  0 0  0 1  0 1
   249  0.1409592977925130       4   0 2  0 0  0 1  0 1
   250  0.1670838398402526E-04   4   1 0  1 0  0 1  0 1
   251  0.5054714599420750E-04   4   0 1  1 0  0 1  0 1
   252  0.1606498104105231       4   0 0  2 0  0 1  0 1
   253  0.5054315596797923E-04   4   1 0  0 1  0 1  0 1
   254  0.3724142878278676E-04   4   0 1  0 1  0 1  0 1
   255  -.6698511339380595E-01   4   0 0  1 1  0 1  0 1
   256  -.5658853722193804E-01   4   0 0  0 2  0 1  0 1
   257  0.9154629206451001E-01   4   2 0  0 0  0 0  1 1
   258  0.1987515012877672       4   1 1  0 0  0 0  1 1
   259  0.7556774235966174E-01   4   0 2  0 0  0 0  1 1
   260  0.8358269075051178E-05   4   1 0  1 0  0 0  1 1
   261  0.1843877040748006E-04   4   0 1  1 0  0 0  1 1
   262  0.4717560312934750E-01   4   0 0  2 0  0 0  1 1
   263  0.1844689158501645E-04   4   1 0  0 1  0 0  1 1
   264  0.1893972821573437E-04   4   0 1  0 1  0 0  1 1
   265  0.3084467254160700E-02   4   0 0  1 1  0 0  1 1
   266  -.2489866571533818E-01   4   0 0  0 2  0 0  1 1
   267  -.9150171300324339E-01   4   2 0  0 0  0 0  0 2
   268  -.6340518979875445E-01   4   1 1  0 0  0 0  0 2
   269  -.1019694045466178E-01   4   0 2  0 0  0 0  0 2
   270  -.8365008567045225E-05   4   1 0  1 0  0 0  0 2
   271  -.2374269857007553E-05   4   0 1  1 0  0 0  0 2
   272  -.4713095184914057E-01   4   0 0  2 0  0 0  0 2
   273  -.2374321986989927E-05   4   1 0  0 1  0 0  0 2
   274  -.6395316206705256E-06   4   0 1  0 1  0 0  0 2
   275  -.3821783866885227E-01   4   0 0  1 1  0 0  0 2
   276  -.6804864413465273E-02   4   0 0  0 2  0 0  0 2
   277  0.6992159521623999E-04   4   1 0  0 0  0 3  0 0
   278  0.1393295694645315E-03   4   0 1  0 0  0 3  0 0
   279  -.1451486474992763E-04   4   0 0  1 0  0 3  0 0
   280  0.2110949105179260E-04   4   0 0  0 1  0 3  0 0
   281  0.3404019347003447E-04   4   1 0  0 0  0 2  1 0
   282  0.6806750828202740E-04   4   0 1  0 0  0 2  1 0
   283  -.5311633892784567E-05   4   0 0  1 0  0 2  1 0
   284  0.7435524185428645E-05   4   0 0  0 1  0 2  1 0
   285  0.2107502194519720E-04   4   1 0  0 0  0 1  2 0
   286  0.4220190368205035E-04   4   0 1  0 0  0 1  2 0
   287  -.3049043445414312E-05   4   0 0  1 0  0 1  2 0
   288  0.4224893403030496E-05   4   0 0  0 1  0 1  2 0
   289  0.1136425529810698E-04   4   1 0  0 0  0 0  3 0
   290  0.2272384365923883E-04   4   0 1  0 0  0 0  3 0
   291  -.1775862308587552E-05   4   0 0  1 0  0 0  3 0
   292  0.2486512513859537E-05   4   0 0  0 1  0 0  3 0
   293  -.6408667488498986E-04   4   1 0  0 0  0 2  0 1
   294  -.2342750884324341E-04   4   0 1  0 0  0 2  0 1
   295  0.1256846308015395E-04   4   0 0  1 0  0 2  0 1
   296  0.4477264180143483E-05   4   0 0  0 1  0 2  0 1
   297  -.3089875847421413E-04   4   1 0  0 0  0 1  1 1
   298  -.1565007899359014E-04   4   0 1  0 0  0 1  1 1
   299  0.3855912873832418E-05   4   0 0  1 0  0 1  1 1
   300  0.2840723800397995E-05   4   0 0  0 1  0 1  1 1
   301  -.1546125714265034E-04   4   1 0  0 0  0 0  2 1
   302  -.7824986281137739E-05   4   0 1  0 0  0 0  2 1
   303  0.1932510199707199E-05   4   0 0  1 0  0 0  2 1
   304  0.1420503284333812E-05   4   0 0  0 1  0 0  2 1
   305  0.3455077337382178E-05   4   1 0  0 0  0 1  0 2
   306  0.1291776119735505E-05   4   0 1  0 0  0 1  0 2
   307  -.4848750691204986E-07   4   0 0  1 0  0 1  0 2
   308  -.2684837759212381E-06   4   0 0  0 1  0 1  0 2
   309  0.2368709005687974E-05   4   1 0  0 0  0 0  1 2
   310  0.9155443975182249E-06   4   0 1  0 0  0 0  1 2
   311  0.2505701733824868E-06   4   0 0  1 0  0 0  1 2
   312  -.1040830562911457E-06   4   0 0  0 1  0 0  1 2
   313  -.2031937194977648E-06   4   1 0  0 0  0 0  0 3
   314  -.7142371332110582E-07   4   0 1  0 0  0 0  0 3
   315  -.5608311212671024E-07   4   0 0  1 0  0 0  0 3
   316  -.1550046053232274E-07   4   0 0  0 1  0 0  0 3
   317  -.8598082704718500E-01   4   0 0  0 0  0 4  0 0
   318  0.4914891559789629E-01   4   0 0  0 0  0 3  1 0
   319  0.1475664951565381E-01   4   0 0  0 0  0 2  2 0
   320  0.9877163473649996E-02   4   0 0  0 0  0 1  3 0
   321  0.1219805166893876E-01   4   0 0  0 0  0 0  4 0
   322  0.1444289769924470E-08   4   0 0  0 0  0 3  0 1
   323  0.1410299979280081E-08   4   0 0  0 0  0 2  1 1
   324  0.1211238733258505E-08   4   0 0  0 0  0 1  2 1
   325  0.4545808427585437E-09   4   0 0  0 0  0 0  3 1
   326  -.5980446879903813E-10   4   0 0  0 0  0 2  0 2
   327  0.8977847572734404E-11   4   0 0  0 0  0 1  1 2
   328  0.4177853813039775E-11   4   0 0  0 0  0 0  2 2
   329  0.4644793524414322E-12   4   0 0  0 0  0 1  0 3
   330  0.6571142235138065E-13   4   0 0  0 0  0 0  1 3
   331  -.1968905548899234E-12   4   0 0  0 0  0 0  0 4
   ----------------------------------------------------
     I  COEFFICIENT            ORDER EXPONENTS
     1   1.000000000000000       1   0 0  0 0  0 1  0 0
     --------------------------------------------------
     I  COEFFICIENT            ORDER EXPONENTS
     1   1.000000000000000       1   0 0  0 0  0 0  1 0
     --------------------------------------------------
     I  COEFFICIENT            ORDER EXPONENTS
     1   1.000000000000000       1   0 0  0 0  0 0  0 1
     --------------------------------------------------
