 L    0.6291909999999999E+00
 P (  0.0000000000000000E+00,  0.0000000000000000E+00,  0.1066695000000000E+00)
 A (  0.0000000000000000E+00,  0.0000000000000000E+00,  0.0000000000000000E+00)
     I  COEFFICIENT            ORDER EXPONENTS
     1  -.9681743796606807E-04   0   0 0  0 0  0 0  0 0
     2   1.380570129140347       1   1 0  0 0  0 0  0 0
     3  0.7405931843543538       1   0 1  0 0  0 0  0 0
     4  0.6805086450635953E-04   1   0 0  1 0  0 0  0 0
     5  0.2019662689048350E-04   1   0 0  0 1  0 0  0 0
     6  -.2777894023313459E-05   1   0 0  0 0  0 1  0 0
     7  -.2774155664454295E-05   1   0 0  0 0  0 0  1 0
     8  0.5552049687750309E-05   1   0 0  0 0  0 0  0 1
     9  0.1774605835571834E-03   2   2 0  0 0  0 0  0 0
    10  0.1272360839336890E-04   2   1 1  0 0  0 0  0 0
    11  -.8170003515894493E-05   2   0 2  0 0  0 0  0 0
    12  0.1056617507904630E-03   2   1 0  1 0  0 0  0 0
    13  -.2898760580020361E-05   2   0 1  1 0  0 0  0 0
    14  -.2328474221879405E-03   2   0 0  2 0  0 0  0 0
    15  0.1101044995553212E-04   2   1 0  0 1  0 0  0 0
    16  -.4501618389367389E-05   2   0 1  0 1  0 0  0 0
    17  -.4604343320011234E-04   2   0 0  1 1  0 0  0 0
    18  0.9003490243471832E-05   2   0 0  0 2  0 0  0 0
    19  -.2006873980528481       2   1 0  0 0  0 1  0 0
    20  -.4285248395772578       2   0 1  0 0  0 1  0 0
    21  -.3411820489419376E-04   2   0 0  1 0  0 1  0 0
    22  -.2021802369455747E-04   2   0 0  0 1  0 1  0 0
    23  -.2004173224106178       2   1 0  0 0  0 0  1 0
    24  -.4279481510438314       2   0 1  0 0  0 0  1 0
    25  -.3407229022198242E-04   2   0 0  1 0  0 0  1 0
    26  -.2019081523111182E-04   2   0 0  0 1  0 0  1 0
    27  0.4011047204634653       2   1 0  0 0  0 0  0 1
    28  0.1158798062667352       2   0 1  0 0  0 0  0 1
    29  0.6819049511617607E-04   2   0 0  1 0  0 0  0 1
    30  0.2021221203518580E-04   2   0 0  0 1  0 0  0 1
    31  0.2266010470894356E-05   2   0 0  0 0  0 2  0 0
    32  0.1755491847298575E-05   2   0 0  0 0  0 1  1 0
    33  0.2261779751739918E-05   2   0 0  0 0  0 0  2 0
    34  -.3509586113965366E-05   2   0 0  0 0  0 1  0 1
    35  -.3504863078374152E-05   2   0 0  0 0  0 0  1 1
    36  0.7311989938188858E-06   2   0 0  0 0  0 0  0 2
    37  0.3121306147986626       3   3 0  0 0  0 0  0 0
    38   1.648220304974268       3   2 1  0 0  0 0  0 0
    39   1.382008735143998       3   1 2  0 0  0 0  0 0
    40  0.6523345632459775       3   0 3  0 0  0 0  0 0
    41  0.2536022492014605E-03   3   2 0  1 0  0 0  0 0
    42  0.3513863082547006E-03   3   1 1  1 0  0 0  0 0
    43  0.1893075859295980E-03   3   0 2  1 0  0 0  0 0
    44  -.4467420158990804       3   1 0  2 0  0 0  0 0
    45  0.6439933408327684       3   0 1  2 0  0 0  0 0
    46  -.3189478151212191E-04   3   0 0  3 0  0 0  0 0
    47  0.3034248322517821E-03   3   2 0  0 1  0 0  0 0
    48  0.2643779145157840E-03   3   1 1  0 1  0 0  0 0
    49  0.9585630349308178E-04   3   0 2  0 1  0 0  0 0
    50  -.7696548777647279       3   1 0  1 1  0 0  0 0
    51  -.1016586984325820       3   0 1  1 1  0 0  0 0
    52  0.8525740533411553E-05   3   0 0  2 1  0 0  0 0
    53  0.2122664182330036       3   1 0  0 2  0 0  0 0
    54  0.4109325451532624       3   0 1  0 2  0 0  0 0
    55  0.5428323673297340E-04   3   0 0  1 2  0 0  0 0
    56  0.2664043013308672E-04   3   0 0  0 3  0 0  0 0
    57  -.8378379736146886E-04   3   2 0  0 0  0 1  0 0
    58  -.1071260059252417E-04   3   1 1  0 0  0 1  0 0
    59  0.1135331178610636E-04   3   0 2  0 0  0 1  0 0
    60  -.5992402656542915E-04   3   1 0  1 0  0 1  0 0
    61  0.1400436439399587E-05   3   0 1  1 0  0 1  0 0
    62  0.1391243136441931E-03   3   0 0  2 0  0 1  0 0
    63  -.1328019725414460E-04   3   1 0  0 1  0 1  0 0
    64  0.6020001373030419E-05   3   0 1  0 1  0 1  0 0
    65  0.5729279560927333E-04   3   0 0  1 1  0 1  0 0
    66  -.1284862755145391E-04   3   0 0  0 2  0 1  0 0
    67  -.8367104507558155E-04   3   2 0  0 0  0 0  1 0
    68  -.1069818407951065E-04   3   1 1  0 0  0 0  1 0
    69  0.1133803303417167E-04   3   0 2  0 0  0 0  1 0
    70  -.5984338363459892E-04   3   1 0  1 0  0 0  1 0
    71  0.1398551798039673E-05   3   0 1  1 0  0 0  1 0
    72  0.1389370866995931E-03   3   0 0  2 0  0 0  1 0
    73  -.1326232539055415E-04   3   1 0  0 1  0 0  1 0
    74  0.6011899938895413E-05   3   0 1  0 1  0 0  1 0
    75  0.5721569366505842E-04   3   0 0  1 1  0 0  1 0
    76  -.1283133647402998E-04   3   0 0  0 2  0 0  1 0
    77  0.1674548424370105E-03   3   2 0  0 0  0 0  0 1
    78  0.8687176278571106E-05   3   1 1  0 0  0 0  0 1
    79  -.6351337788537522E-05   3   0 2  0 0  0 0  0 1
    80  0.1197674102000284E-03   3   1 0  1 0  0 0  0 1
    81  0.9977234258120619E-07   3   0 1  1 0  0 0  0 1
    82  -.2780614003437971E-03   3   0 0  2 0  0 0  0 1
    83  0.1553207268916695E-04   3   1 0  0 1  0 0  0 1
    84  -.3028664533191483E-05   3   0 1  0 1  0 0  0 1
    85  -.6846505607420725E-04   3   0 0  1 1  0 0  0 1
    86  0.7672983538536280E-05   3   0 0  0 2  0 0  0 1
    87  0.1557317221817867       3   1 0  0 0  0 2  0 0
    88  0.3514708395301580       3   0 1  0 0  0 2  0 0
    89  0.2564623479506731E-04   3   0 0  1 0  0 2  0 0
    90  0.2021551161024247E-04   3   0 0  0 1  0 2  0 0
    91  0.1108967190134211       3   1 0  0 0  0 1  1 0
    92  0.2746235440631425       3   0 1  0 0  0 1  1 0
    93  0.1719469861027867E-04   3   0 0  1 0  0 1  1 0
    94  0.2022457238403280E-04   3   0 0  0 1  0 1  1 0
    95  0.1554475259804228       3   1 0  0 0  0 0  2 0
    96  0.3508130589270456       3   0 1  0 0  0 0  2 0
    97  0.2560015139349969E-04   3   0 0  1 0  0 0  2 0
    98  0.2017469788925988E-04   3   0 0  0 1  0 0  2 0
    99  -.2216729208431436       3   1 0  0 0  0 1  0 1
   100  -.1205159183515273       3   0 1  0 0  0 1  0 1
   101  -.3436168124799786E-04   3   0 0  1 0  0 1  0 1
   102  -.2026831495817515E-04   3   0 0  0 1  0 1  0 1
   103  -.2213746038733543       3   1 0  0 0  0 0  1 1
   104  -.1203537337083282       3   0 1  0 0  0 0  1 1
   105  -.3431543891678413E-04   3   0 0  1 0  0 0  1 1
   106  -.2024103881511702E-04   3   0 0  0 1  0 0  1 1
   107  0.2097144337800529E-01   3   1 0  0 0  0 0  0 2
   108  0.4555041113367371E-02   3   0 1  0 0  0 0  0 2
   109  0.2400150784896631E-06   3   0 0  1 0  0 0  0 2
   110  0.4294822379312765E-07   3   0 0  0 1  0 0  0 2
   111  -.2012803608192735E-05   3   0 0  0 0  0 3  0 0
   112  -.1506737513743423E-05   3   0 0  0 0  0 2  1 0
   113  -.1507753605719402E-05   3   0 0  0 0  0 1  2 0
   114  -.2007728022573561E-05   3   0 0  0 0  0 0  3 0
   115  0.3013179746413647E-05   3   0 0  0 0  0 2  0 1
   116  0.2518103103675648E-05   3   0 0  0 0  0 1  1 1
   117  0.3007430378913469E-05   3   0 0  0 0  0 0  2 1
   118  -.7626471324566883E-06   3   0 0  0 0  0 1  0 2
   119  -.7616207978881106E-06   3   0 0  0 0  0 0  1 2
   120  0.2062331421988736E-07   3   0 0  0 0  0 0  0 3
   121  -.2692701448867199E-04   4   4 0  0 0  0 0  0 0
   122  0.1073582004918001E-02   4   3 1  0 0  0 0  0 0
   123  0.1523891875566446E-02   4   2 2  0 0  0 0  0 0
   124  0.9872290787659034E-03   4   1 3  0 0  0 0  0 0
   125  0.4100054646078295E-03   4   0 4  0 0  0 0  0 0
   126  -.1810174791725237E-04   4   3 0  1 0  0 0  0 0
   127  0.8474059616470578E-04   4   2 1  1 0  0 0  0 0
   128  -.6274355036785469E-04   4   1 2  1 0  0 0  0 0
   129  -.7923624689517906E-04   4   0 3  1 0  0 0  0 0
   130  -.1092396538624120E-02   4   2 0  2 0  0 0  0 0
   131  -.2812666339027915E-03   4   1 1  2 0  0 0  0 0
   132  0.2166563419390158E-03   4   0 2  2 0  0 0  0 0
   133  -.1089398578312381E-03   4   1 0  3 0  0 0  0 0
   134  0.5894538087881641E-04   4   0 1  3 0  0 0  0 0
   135  -.6220094366711822E-04   4   0 0  4 0  0 0  0 0
   136  -.1129394543355068E-03   4   3 0  0 1  0 0  0 0
   137  -.1170793571630712E-03   4   2 1  0 1  0 0  0 0
   138  0.4053052282855606E-05   4   1 2  0 1  0 0  0 0
   139  0.3305496851535367E-04   4   0 3  0 1  0 0  0 0
   140  -.1152911031741155E-02   4   2 0  1 1  0 0  0 0
   141  -.1296646261245870E-02   4   1 1  1 1  0 0  0 0
   142  -.2161040950700340E-03   4   0 2  1 1  0 0  0 0
   143  -.2750327988602194E-03   4   1 0  2 1  0 0  0 0
   144  -.1538866050763707E-03   4   0 1  2 1  0 0  0 0
   145  0.2305593131896515E-04   4   0 0  3 1  0 0  0 0
   146  0.6313696849202794E-03   4   2 0  0 2  0 0  0 0
   147  0.5064472441490138E-03   4   1 1  0 2  0 0  0 0
   148  0.3857633343201469E-03   4   0 2  0 2  0 0  0 0
   149  -.1146694584524560E-03   4   1 0  1 2  0 0  0 0
   150  -.1519658780701511E-03   4   0 1  1 2  0 0  0 0
   151  0.9396319597648258E-04   4   0 0  2 2  0 0  0 0
   152  0.5232635637577146E-04   4   1 0  0 3  0 0  0 0
   153  0.2795694825464663E-04   4   0 1  0 3  0 0  0 0
   154  -.2389689419116291E-04   4   0 0  1 3  0 0  0 0
   155  0.4899173935063230E-04   4   0 0  0 4  0 0  0 0
   156  -.4667498416172915       4   3 0  0 0  0 1  0 0
   157  -2.344641344747173       4   2 1  0 0  0 1  0 0
   158  -2.432498263645833       4   1 2  0 0  0 1  0 0
   159  -1.201148257962591       4   0 3  0 0  0 1  0 0
   160  -.2868628849063387E-03   4   2 0  1 0  0 1  0 0
   161  -.5558891850170815E-03   4   1 1  1 0  0 1  0 0
   162  -.3329771894571830E-03   4   0 2  1 0  0 1  0 0
   163  0.3412508638548790       4   1 0  2 0  0 1  0 0
   164  -.6820087833732141       4   0 1  2 0  0 1  0 0
   165  0.1582707881081611E-04   4   0 0  3 0  0 1  0 0
   166  -.4122529157543226E-03   4   2 0  0 1  0 1  0 0
   167  -.4994762765337671E-03   4   1 1  0 1  0 1  0 0
   168  -.2134556260255233E-03   4   0 2  0 1  0 1  0 0
   169   1.106258922188868       4   1 0  1 1  0 1  0 0
   170  0.2272911475222210       4   0 1  1 1  0 1  0 0
   171  0.3004324160706518E-04   4   0 0  2 1  0 1  0 0
   172  -.2492807260249538       4   1 0  0 2  0 1  0 0
   173  -.6451023818871707       4   0 1  0 2  0 1  0 0
   174  -.5576870518836174E-04   4   0 0  1 2  0 1  0 0
   175  -.4903417273038228E-04   4   0 0  0 3  0 1  0 0
   176  -.4661217116775928       4   3 0  0 0  0 0  1 0
   177  -2.341486036924495       4   2 1  0 0  0 0  1 0
   178  -2.429224722122284       4   1 2  0 0  0 0  1 0
   179  -1.199531809245186       4   0 3  0 0  0 0  1 0
   180  -.2864768383552088E-03   4   2 0  1 0  0 0  1 0
   181  -.5551410955500285E-03   4   1 1  1 0  0 0  1 0
   182  -.3325290844482824E-03   4   0 2  1 0  0 0  1 0
   183  0.3407916245249000       4   1 0  2 0  0 0  1 0
   184  -.6810909680945126       4   0 1  2 0  0 0  1 0
   185  0.1580577947405694E-04   4   0 0  3 0  0 0  1 0
   186  -.4116981252091039E-03   4   2 0  0 1  0 0  1 0
   187  -.4988041049003088E-03   4   1 1  0 1  0 0  1 0
   188  -.2131683675038346E-03   4   0 2  0 1  0 0  1 0
   189   1.104770171067563       4   1 0  1 1  0 0  1 0
   190  0.2269852698077458       4   0 1  1 1  0 0  1 0
   191  0.3000281082839922E-04   4   0 0  2 1  0 0  1 0
   192  -.2489452557720620       4   1 0  0 2  0 0  1 0
   193  -.6442342335042490       4   0 1  0 2  0 0  1 0
   194  -.5569365429320727E-04   4   0 0  1 2  0 0  1 0
   195  -.4896818485162222E-04   4   0 0  0 3  0 0  1 0
   196  0.9328715532948760       4   3 0  0 0  0 0  0 1
   197   3.037907076697351       4   2 1  0 0  0 0  0 1
   198   2.097705515480082       4   1 2  0 0  0 0  0 1
   199  0.4436763774698307       4   0 3  0 0  0 0  0 1
   200  0.5733397232615452E-03   4   2 0  1 0  0 0  0 1
   201  0.7596439723123610E-03   4   1 1  1 0  0 0  0 1
   202  0.2868911020462234E-03   4   0 2  1 0  0 0  0 1
   203  -.6820424883797820       4   1 0  2 0  0 0  0 1
   204  0.7191064106349533       4   0 1  2 0  0 0  0 1
   205  -.3163285828487325E-04   4   0 0  3 0  0 0  0 1
   206  0.5205262087116404E-03   4   2 0  0 1  0 0  0 1
   207  0.4695245524025216E-03   4   1 1  0 1  0 0  0 1
   208  0.1390550830501294E-03   4   0 2  0 1  0 0  0 1
   209  -1.441374215491710       4   1 0  1 1  0 0  0 1
   210  -.2509590204648059       4   0 1  1 1  0 0  0 1
   211  -.6857179296887717E-04   4   0 0  2 1  0 0  0 1
   212  0.7369314533100541E-01   4   1 0  0 2  0 0  0 1
   213  0.5653897993163487E-01   4   0 1  0 2  0 0  0 1
   214  0.2895886015621600E-05   4   0 0  1 2  0 0  0 1
   215  0.1808106718274453E-04   4   0 0  0 3  0 0  0 1
   216  0.5078735427250106E-03   4   2 0  0 0  0 2  0 0
   217  0.6899389475256549E-03   4   1 1  0 0  0 2  0 0
   218  0.5049451212068649E-03   4   0 2  0 0  0 2  0 0
   219  0.2969906494122240E-06   4   1 0  1 0  0 2  0 0
   220  -.2767045649839019E-04   4   0 1  1 0  0 2  0 0
   221  0.8936957871483567E-04   4   0 0  2 0  0 2  0 0
   222  0.7504980661632878E-04   4   1 0  0 1  0 2  0 0
   223  0.6508353604334118E-04   4   0 1  0 1  0 2  0 0
   224  -.2945467886143695E-04   4   0 0  1 1  0 2  0 0
   225  0.1275396185464002E-03   4   0 0  0 2  0 2  0 0
   226  0.5564242856692428E-03   4   2 0  0 0  0 1  1 0
   227  0.8722866083833398E-03   4   1 1  0 0  0 1  1 0
   228  0.6390577337093287E-03   4   0 2  0 0  0 1  1 0
   229  -.1861470346393619E-04   4   1 0  1 0  0 1  1 0
   230  -.3239961349955466E-04   4   0 1  1 0  0 1  1 0
   231  0.1133580246135102E-03   4   0 0  2 0  0 1  1 0
   232  0.8713966871562009E-04   4   1 0  0 1  0 1  1 0
   233  0.7977338712085909E-04   4   0 1  0 1  0 1  1 0
   234  -.5193968276189896E-04   4   0 0  1 1  0 1  1 0
   235  0.1537050544545030E-03   4   0 0  0 2  0 1  1 0
   236  0.5068156656563385E-03   4   2 0  0 0  0 0  2 0
   237  0.6884235191017629E-03   4   1 1  0 0  0 0  2 0
   238  0.5038355829698727E-03   4   0 2  0 0  0 0  2 0
   239  0.3091163687270713E-06   4   1 0  1 0  0 0  2 0
   240  -.2761141796563036E-04   4   0 1  1 0  0 0  2 0
   241  0.8917303340407616E-04   4   0 0  2 0  0 0  2 0
   242  0.7489017389384910E-04   4   1 0  0 1  0 0  2 0
   243  0.6494227205540899E-04   4   0 1  0 1  0 0  2 0
   244  -.2938009115416731E-04   4   0 0  1 1  0 0  2 0
   245  0.1272645572292876E-03   4   0 0  0 2  0 0  2 0
   246  -.6600307773166304E-03   4   2 0  0 0  0 1  0 1
   247  -.6519064325270238E-03   4   1 1  0 0  0 1  0 1
   248  -.1677831876485620E-03   4   0 2  0 0  0 1  0 1
   249  0.1122846836801179E-04   4   1 0  1 0  0 1  0 1
   250  0.3777202956802467E-04   4   0 1  1 0  0 1  0 1
   251  -.4603161658889886E-04   4   0 0  2 0  0 1  0 1
   252  -.6139414039653251E-04   4   1 0  0 1  0 1  0 1
   253  -.1147025633640067E-04   4   0 1  0 1  0 1  0 1
   254  0.4913833911244454E-04   4   0 0  1 1  0 1  0 1
   255  -.1564187804907338E-04   4   0 0  0 2  0 1  0 1
   256  -.6591425390026893E-03   4   2 0  0 0  0 0  1 1
   257  -.6510291275734142E-03   4   1 1  0 0  0 0  1 1
   258  -.1675573929419724E-03   4   0 2  0 0  0 0  1 1
   259  0.1121335762446162E-04   4   1 0  1 0  0 0  1 1
   260  0.3772119775076602E-04   4   0 1  1 0  0 0  1 1
   261  -.4596966940868842E-04   4   0 0  2 0  0 0  1 1
   262  -.6131151905579240E-04   4   1 0  0 1  0 0  1 1
   263  -.1145482020599760E-04   4   0 1  0 1  0 0  1 1
   264  0.4907221105147670E-04   4   0 0  1 1  0 0  1 1
   265  -.1562082794677113E-04   4   0 0  0 2  0 0  1 1
   266  0.1143658482720630E-03   4   2 0  0 0  0 0  0 2
   267  0.6502150550547471E-04   4   1 1  0 0  0 0  0 2
   268  0.1008400532652116E-04   4   0 2  0 0  0 0  0 2
   269  -.2114424437730739E-04   4   1 0  1 0  0 0  0 2
   270  -.9837673049868218E-05   4   0 1  1 0  0 0  0 2
   271  -.1366770783286812E-04   4   0 0  2 0  0 0  0 2
   272  -.2096025395693792E-05   4   1 0  0 1  0 0  0 2
   273  -.1758412879481403E-05   4   0 1  0 1  0 0  0 2
   274  -.1456522704241923E-04   4   0 0  1 1  0 0  0 2
   275  -.2788431530009148E-05   4   0 0  0 2  0 0  0 2
   276  -.1333243609837856       4   1 0  0 0  0 3  0 0
   277  -.3135500969322764       4   0 1  0 0  0 3  0 0
   278  -.2141890818371522E-04   4   0 0  1 0  0 3  0 0
   279  -.2024239468264539E-04   4   0 0  0 1  0 3  0 0
   280  -.8853970732466082E-01   4   1 0  0 0  0 2  1 0
   281  -.2377581927360336       4   0 1  0 0  0 2  1 0
   282  -.1297242767089866E-04   4   0 0  1 0  0 2  1 0
   283  -.2028334085081573E-04   4   0 0  0 1  0 2  1 0
   284  -.8862974875327667E-01   4   1 0  0 0  0 1  2 0
   285  -.2379103367123843       4   0 1  0 0  0 1  2 0
   286  -.1298941979791068E-04   4   0 0  1 0  0 1  2 0
   287  -.2028320320567324E-04   4   0 0  0 1  0 1  2 0
   288  -.1329957325760384       4   1 0  0 0  0 0  3 0
   289  -.3127573893101190       4   0 1  0 0  0 0  3 0
   290  -.2136695427999101E-04   4   0 0  1 0  0 0  3 0
   291  -.2018790300113581E-04   4   0 0  0 1  0 0  3 0
   292  0.1770491430075025       4   1 0  0 0  0 2  0 1
   293  0.1239955669568546       4   0 1  0 0  0 2  0 1
   294  0.2594366129029613E-04   4   0 0  1 0  0 2  0 1
   295  0.2031208810583066E-04   4   0 0  0 1  0 2  0 1
   296  0.1325450688652716       4   1 0  0 0  0 1  1 1
   297  0.1274656318075267       4   0 1  0 0  0 1  1 1
   298  0.1754823625115821E-04   4   0 0  1 0  0 1  1 1
   299  0.2035570673092194E-04   4   0 0  0 1  0 1  1 1
   300  0.1767216921613567       4   1 0  0 0  0 0  2 1
   301  0.1237429309465330       4   0 1  0 0  0 0  2 1
   302  0.2589693973902152E-04   4   0 0  1 0  0 0  2 1
   303  0.2027105617953979E-04   4   0 0  0 1  0 0  2 1
   304  -.2164868971028284E-01   4   1 0  0 0  0 1  0 2
   305  -.6954474243814408E-02   4   0 1  0 0  0 1  0 2
   306  -.3595837347686333E-06   4   0 0  1 0  0 1  0 2
   307  -.8573234607600506E-07   4   0 0  0 1  0 1  0 2
   308  -.2161955592393713E-01   4   1 0  0 0  0 0  1 2
   309  -.6945115240129864E-02   4   0 1  0 0  0 0  1 2
   310  -.3590998239248723E-06   4   0 0  1 0  0 0  1 2
   311  -.8561697152505814E-07   4   0 0  0 1  0 0  1 2
   312  0.4417862927363004E-03   4   1 0  0 0  0 0  0 3
   313  0.7815538128056830E-04   4   0 1  0 0  0 0  0 3
   314  0.7955113397212647E-07   4   0 0  1 0  0 0  0 3
   315  0.1416821544046770E-07   4   0 0  0 1  0 0  0 3
   316  0.3425987211645192E-04   4   0 0  0 0  0 4  0 0
   317  0.2236130425990596E-04   4   0 0  0 0  0 3  1 0
   318  0.2078301868400504E-04   4   0 0  0 0  0 2  2 0
   319  0.2239530896451697E-04   4   0 0  0 0  0 1  3 0
   320  0.3415267580943334E-04   4   0 0  0 0  0 0  4 0
   321  -.6894735168586080E-05   4   0 0  0 0  0 3  0 1
   322  -.7004813203662297E-05   4   0 0  0 0  0 2  1 1
   323  -.7004572266843798E-05   4   0 0  0 0  0 1  2 1
   324  -.6876110231806496E-05   4   0 0  0 0  0 0  3 1
   325  0.4120106589626241E-06   4   0 0  0 0  0 2  0 2
   326  0.5064132157794673E-06   4   0 0  0 0  0 1  1 2
   327  0.4111154409154862E-06   4   0 0  0 0  0 0  2 2
   328  -.8105343649553222E-08   4   0 0  0 0  0 1  0 3
   329  -.8094435860061268E-08   4   0 0  0 0  0 0  1 3
   330  0.4264843115805353E-15   4   0 0  0 0  0 0  0 4
   ----------------------------------------------------
     I  COEFFICIENT            ORDER EXPONENTS
     1  -.1670528072827856E-05   0   0 0  0 0  0 0  0 0
     2   1.404340737623901       1   1 0  0 0  0 0  0 0
     3   1.477683121552062       1   0 1  0 0  0 0  0 0
     4  0.2432907261857169E-03   1   0 0  1 0  0 0  0 0
     5  0.8486765159866887E-04   1   0 0  0 1  0 0  0 0
     6  -.1710877550966510E-05   1   0 0  0 0  0 1  0 0
     7  -.1708575132589226E-05   1   0 0  0 0  0 0  1 0
     8  0.1748924610564542E-05   1   0 0  0 0  0 0  0 1
     9  -.1418376680583192E-03   2   2 0  0 0  0 0  0 0
    10  -.5191190650454406E-03   2   1 1  0 0  0 0  0 0
    11  -.1543575782357263E-03   2   0 2  0 0  0 0  0 0
    12  0.1403281987262393E-03   2   1 0  1 0  0 0  0 0
    13  -.4076394339584259E-04   2   0 1  1 0  0 0  0 0
    14  -.3454112659443019E-03   2   0 0  2 0  0 0  0 0
    15  -.5870032679142268E-04   2   1 0  0 1  0 0  0 0
    16  -.4785516819266808E-04   2   0 1  0 1  0 0  0 0
    17  0.1838086977559542E-03   2   0 0  1 1  0 0  0 0
    18  0.1071707604020472E-03   2   0 0  0 2  0 0  0 0
    19  -.6030050348149112E-01   2   1 0  0 0  0 1  0 0
    20  -.2534464871819258       2   0 1  0 0  0 1  0 0
    21  -.6391897051082296E-06   2   0 0  1 0  0 1  0 0
    22  -.4257632398468594E-04   2   0 0  0 1  0 1  0 0
    23  -.6021935390577006E-01   2   1 0  0 0  0 0  1 0
    24  -.2531054108439956       2   0 1  0 0  0 0  1 0
    25  -.6383295137270229E-06   2   0 0  1 0  0 0  1 0
    26  -.4251902677441999E-04   2   0 0  0 1  0 0  1 0
    27   1.524860595011162       2   1 0  0 0  0 0  0 1
    28  0.5065518980259215       2   0 1  0 0  0 0  0 1
    29  0.2445682454045521E-03   2   0 0  1 0  0 0  0 1
    30  0.8509535075910588E-04   2   0 0  0 1  0 0  0 1
    31  0.1318245561835978E-05   2   0 0  0 0  0 2  0 0
    32  0.9266642898963651E-06   2   0 0  0 0  0 1  1 0
    33  0.1315847998594943E-05   2   0 0  0 0  0 0  2 0
    34  -.3563149582680676E-05   2   0 0  0 0  0 1  0 1
    35  -.3558354463897689E-05   2   0 0  0 0  0 0  1 1
    36  0.3560749076865118E-05   2   0 0  0 0  0 0  0 2
    37  -1.957954845453225       3   3 0  0 0  0 0  0 0
    38  -2.476636658792969       3   2 1  0 0  0 0  0 0
    39  -1.686923258746192       3   1 2  0 0  0 0  0 0
    40  -.1311521869034329       3   0 3  0 0  0 0  0 0
    41  0.4598500952259760E-03   3   2 0  1 0  0 0  0 0
    42  0.2969596596623765E-03   3   1 1  1 0  0 0  0 0
    43  0.5316123664289197E-04   3   0 2  1 0  0 0  0 0
    44  -3.233934819200960       3   1 0  2 0  0 0  0 0
    45  -.6015632424669071       3   0 1  2 0  0 0  0 0
    46  -.2309225364293384E-03   3   0 0  3 0  0 0  0 0
    47  0.1974507594946266E-03   3   2 0  0 1  0 0  0 0
    48  -.1031598248069297E-03   3   1 1  0 1  0 0  0 0
    49  -.1540610000940018E-04   3   0 2  0 1  0 0  0 0
    50  -3.333126627267731       3   1 0  1 1  0 0  0 0
    51  -1.067636982387616       3   0 1  1 1  0 0  0 0
    52  -.2569157109869664E-03   3   0 0  2 1  0 0  0 0
    53  0.7898248423571985E-01   3   1 0  0 2  0 0  0 0
    54  0.2331796142307983       3   0 1  0 2  0 0  0 0
    55  -.9826018911362695E-04   3   0 0  1 2  0 0  0 0
    56  0.2940561085202196E-04   3   0 0  0 3  0 0  0 0
    57  0.9123738523683506E-04   3   2 0  0 0  0 1  0 0
    58  0.3435349277601464E-03   3   1 1  0 0  0 1  0 0
    59  0.1690769643031284E-03   3   0 2  0 0  0 1  0 0
    60  -.7211064487489353E-04   3   1 0  1 0  0 1  0 0
    61  -.3080308477243528E-05   3   0 1  1 0  0 1  0 0
    62  0.1693366178588788E-03   3   0 0  2 0  0 1  0 0
    63  0.1242401489136659E-04   3   1 0  0 1  0 1  0 0
    64  0.4048723772870355E-04   3   0 1  0 1  0 1  0 0
    65  0.6312179330511792E-05   3   0 0  1 1  0 1  0 0
    66  -.9549168054410349E-04   3   0 0  0 2  0 1  0 0
    67  0.9111460226364280E-04   3   2 0  0 0  0 0  1 0
    68  0.3430726146446104E-03   3   1 1  0 0  0 0  1 0
    69  0.1688494284928964E-03   3   0 2  0 0  0 0  1 0
    70  -.7201360176747772E-04   3   1 0  1 0  0 0  1 0
    71  -.3076163143264820E-05   3   0 1  1 0  0 0  1 0
    72  0.1691087326191233E-03   3   0 0  2 0  0 0  1 0
    73  0.1240729523764905E-04   3   1 0  0 1  0 0  1 0
    74  0.4043275191226577E-04   3   0 1  0 1  0 0  1 0
    75  0.6303684697051620E-05   3   0 0  1 1  0 0  1 0
    76  -.9536317234079399E-04   3   0 0  0 2  0 0  1 0
    77  -.3241896555587785E-03   3   2 0  0 0  0 0  0 1
    78  -.6866075424047420E-03   3   1 1  0 0  0 0  0 1
    79  -.1835688145602857E-03   3   0 2  0 0  0 0  0 1
    80  0.2844524453686105E-03   3   1 0  1 0  0 0  0 1
    81  0.6156471620508539E-05   3   0 1  1 0  0 0  0 1
    82  -.6838566164223026E-03   3   0 0  2 0  0 0  0 1
    83  -.2483131012901529E-04   3   1 0  0 1  0 0  0 1
    84  -.3306482144830180E-04   3   0 1  0 1  0 0  0 1
    85  -.1261586402756185E-04   3   0 0  1 1  0 0  0 1
    86  0.8368409248284910E-04   3   0 0  0 2  0 0  0 1
    87  0.4609790145219717E-01   3   1 0  0 0  0 2  0 0
    88  0.1974396215911676       3   0 1  0 0  0 2  0 0
    89  0.6485457686435788E-06   3   0 0  1 0  0 2  0 0
    90  0.3201096732538394E-04   3   0 0  0 1  0 2  0 0
    91  0.3193335196279786E-01   3   1 0  0 0  0 1  1 0
    92  0.1415830466135005       3   0 1  0 0  0 1  1 0
    93  0.6508801338195703E-06   3   0 0  1 0  0 1  1 0
    94  0.2147967648140496E-04   3   0 0  0 1  0 1  1 0
    95  0.4601437786888928E-01   3   1 0  0 0  0 0  2 0
    96  0.1970786487576607       3   0 1  0 0  0 0  2 0
    97  0.6472350244084091E-06   3   0 0  1 0  0 0  2 0
    98  0.3195343530602888E-04   3   0 0  0 1  0 0  2 0
    99  -.1241289976775839       3   1 0  0 0  0 1  0 1
   100  -.2830158035178017       3   0 1  0 0  0 1  0 1
   101  -.1927275288703012E-05   3   0 0  1 0  0 1  0 1
   102  -.4294593120523304E-04   3   0 0  0 1  0 1  0 1
   103  -.1239619507225046       3   1 0  0 0  0 0  1 1
   104  -.2826349341874998       3   0 1  0 0  0 0  1 1
   105  -.1924681652448629E-05   3   0 0  1 0  0 0  1 1
   106  -.4288813659498862E-04   3   0 0  0 1  0 0  1 1
   107  0.1240454001361302       3   1 0  0 0  0 0  0 2
   108  0.2954942367110729E-01   3   0 1  0 0  0 0  0 2
   109  0.1914916067189465E-05   3   0 0  1 0  0 0  0 2
   110  0.3730666812461326E-06   3   0 0  0 1  0 0  0 2
   111  -.1123215775247631E-05   3   0 0  0 0  0 3  0 0
   112  -.7334195257444483E-06   3   0 0  0 0  0 2  1 0
   113  -.7342033286377360E-06   3   0 0  0 0  0 1  2 0
   114  -.1120455583808770E-05   3   0 0  0 0  0 0  3 0
   115  0.2784826325114715E-05   3   0 0  0 0  0 2  0 1
   116  0.2008591476117657E-05   3   0 0  0 0  0 1  1 1
   117  0.2779727103265263E-05   3   0 0  0 0  0 0  2 1
   118  -.2007549941813852E-05   3   0 0  0 0  0 1  0 2
   119  -.2004848275714641E-05   3   0 0  0 0  0 0  1 2
   120  0.1505497135545699E-06   3   0 0  0 0  0 0  0 3
   121  0.6636640347302846E-03   4   4 0  0 0  0 0  0 0
   122  0.2990429296280682E-02   4   3 1  0 0  0 0  0 0
   123  0.2364190223085669E-02   4   2 2  0 0  0 0  0 0
   124  0.3236405949330735E-03   4   1 3  0 0  0 0  0 0
   125  -.8269290153031190E-04   4   0 4  0 0  0 0  0 0
   126  0.3159787345507001E-06   4   3 0  1 0  0 0  0 0
   127  0.4099870900949343E-03   4   2 1  1 0  0 0  0 0
   128  0.2690319658942930E-03   4   1 2  1 0  0 0  0 0
   129  0.5114659506003171E-04   4   0 3  1 0  0 0  0 0
   130  -.3484216117804020E-03   4   2 0  2 0  0 0  0 0
   131  0.9434057315513617E-03   4   1 1  2 0  0 0  0 0
   132  -.2077166359644643E-03   4   0 2  2 0  0 0  0 0
   133  0.6291214216948702E-07   4   1 0  3 0  0 0  0 0
   134  0.2257846315329782E-03   4   0 1  3 0  0 0  0 0
   135  -.3410943884720298E-03   4   0 0  4 0  0 0  0 0
   136  -.1913005144551141E-06   4   3 0  0 1  0 0  0 0
   137  0.7177450175811505E-04   4   2 1  0 1  0 0  0 0
   138  0.9899975016516887E-04   4   1 2  0 1  0 0  0 0
   139  0.1752005318282778E-04   4   0 3  0 1  0 0  0 0
   140  0.3763723168328363E-02   4   2 0  1 1  0 0  0 0
   141  0.4092634702408834E-02   4   1 1  1 1  0 0  0 0
   142  0.7784151052975671E-03   4   0 2  1 1  0 0  0 0
   143  0.4521386155286808E-03   4   1 0  2 1  0 0  0 0
   144  0.3565577216658390E-03   4   0 1  2 1  0 0  0 0
   145  -.1464431949623196E-03   4   0 0  3 1  0 0  0 0
   146  0.8946962397899027E-03   4   2 0  0 2  0 0  0 0
   147  -.8505801812091903E-04   4   1 1  0 2  0 0  0 0
   148  0.2053842034780408E-04   4   0 2  0 2  0 0  0 0
   149  0.2358352597932579E-03   4   1 0  1 2  0 0  0 0
   150  0.5829153218522134E-04   4   0 1  1 2  0 0  0 0
   151  0.1169757594788526E-03   4   0 0  2 2  0 0  0 0
   152  0.7918943180226147E-04   4   1 0  0 3  0 0  0 0
   153  0.8978738297256208E-05   4   0 1  0 3  0 0  0 0
   154  -.9876703423010253E-04   4   0 0  1 3  0 0  0 0
   155  0.6708850520443913E-04   4   0 0  0 4  0 0  0 0
   156   1.379718904079280       4   3 0  0 0  0 1  0 0
   157   2.897269456657268       4   2 1  0 0  0 1  0 0
   158   2.355138305980956       4   1 2  0 0  0 1  0 0
   159  0.2787204850956457       4   0 3  0 0  0 1  0 0
   160  -.7450142317590644E-04   4   2 0  1 0  0 1  0 0
   161  -.1791113694504292E-03   4   1 1  1 0  0 1  0 0
   162  -.5727699861929645E-04   4   0 2  1 0  0 1  0 0
   163   1.296710503062401       4   1 0  2 0  0 1  0 0
   164  0.4428156001501554       4   0 1  2 0  0 1  0 0
   165  0.1046706167544386E-03   4   0 0  3 0  0 1  0 0
   166  -.1630674849595354E-03   4   2 0  0 1  0 1  0 0
   167  0.6196982867424437E-04   4   1 1  0 1  0 1  0 0
   168  0.1527244410131043E-04   4   0 2  0 1  0 1  0 0
   169   3.231185296191734       4   1 0  1 1  0 1  0 0
   170   1.523006381878333       4   0 1  1 1  0 1  0 0
   171  0.2540917984488524E-03   4   0 0  2 1  0 1  0 0
   172  0.2022570396310066       4   1 0  0 2  0 1  0 0
   173  -.2504955527852198       4   0 1  0 2  0 1  0 0
   174  0.1480228959074758E-03   4   0 0  1 2  0 1  0 0
   175  -.3750991804524301E-04   4   0 0  0 3  0 1  0 0
   176   1.377862143402075       4   3 0  0 0  0 0  1 0
   177   2.893370447966114       4   2 1  0 0  0 0  1 0
   178   2.351968871842596       4   1 2  0 0  0 0  1 0
   179  0.2783453962024392       4   0 3  0 0  0 0  1 0
   180  -.7440116267172530E-04   4   2 0  1 0  0 0  1 0
   181  -.1788703298106425E-03   4   1 1  1 0  0 0  1 0
   182  -.5719991793392620E-04   4   0 2  1 0  0 0  1 0
   183   1.294965451179231       4   1 0  2 0  0 0  1 0
   184  0.4422196797846467       4   0 1  2 0  0 0  1 0
   185  0.1045297559713660E-03   4   0 0  3 0  0 0  1 0
   186  -.1628480364233782E-03   4   2 0  0 1  0 0  1 0
   187  0.6188643259935102E-04   4   1 1  0 1  0 0  1 0
   188  0.1525189116580191E-04   4   0 2  0 1  0 0  1 0
   189   3.226836919300605       4   1 0  1 1  0 0  1 0
   190   1.520956791666404       4   0 1  1 1  0 0  1 0
   191  0.2537498536814311E-03   4   0 0  2 1  0 0  1 0
   192  0.2019848516391174       4   1 0  0 2  0 0  1 0
   193  -.2501584476757283       4   0 1  0 2  0 0  1 0
   194  0.1478236936702412E-03   4   0 0  1 2  0 0  1 0
   195  -.3745943896531900E-04   4   0 0  0 3  0 0  1 0
   196  -4.715535892934580       4   3 0  0 0  0 0  0 1
   197  -5.790639904623443       4   2 1  0 0  0 0  0 1
   198  -3.020183919077402       4   1 2  0 0  0 0  0 1
   199  -.2947615074912374       4   0 3  0 0  0 0  0 1
   200  0.6087526810736101E-03   4   2 0  1 0  0 0  0 1
   201  0.3579816992610612E-03   4   1 1  1 0  0 0  0 1
   202  0.6131567991032717E-04   4   0 2  1 0  0 0  0 1
   203  -5.825610773442603       4   1 0  2 0  0 0  0 1
   204  -.8850352799348109       4   0 1  2 0  0 0  0 1
   205  -.4401229091551438E-03   4   0 0  3 0  0 0  0 1
   206  0.3259155213829073E-03   4   2 0  0 1  0 0  0 1
   207  -.2069643646667292E-04   4   1 1  0 1  0 0  0 1
   208  0.2878647516824713E-06   4   0 2  0 1  0 0  0 1
   209  -6.458022215492343       4   1 0  1 1  0 0  0 1
   210  -1.976326191157126       4   0 1  1 1  0 0  0 1
   211  -.5078416521302846E-03   4   0 0  2 1  0 0  0 1
   212  -.4832243755058468       4   1 0  0 2  0 0  0 1
   213  0.3429477199935442E-01   4   0 1  0 2  0 0  0 1
   214  -.1975864004640910E-03   4   0 0  1 2  0 0  0 1
   215  0.1615813530651839E-04   4   0 0  0 3  0 0  0 1
   216  -.4357303153677061E-03   4   2 0  0 0  0 2  0 0
   217  -.1074951460766865E-02   4   1 1  0 0  0 2  0 0
   218  -.3072989132877657E-03   4   0 2  0 0  0 2  0 0
   219  -.9620190552522602E-04   4   1 0  1 0  0 2  0 0
   220  -.7130749234281102E-04   4   0 1  1 0  0 2  0 0
   221  -.4478025673539265E-04   4   0 0  2 0  0 2  0 0
   222  0.4469677859657290E-04   4   1 0  0 1  0 2  0 0
   223  0.4785591416223572E-05   4   0 1  0 1  0 2  0 0
   224  -.1644765414303179E-03   4   0 0  1 1  0 2  0 0
   225  0.1269144358505143E-03   4   0 0  0 2  0 2  0 0
   226  -.4899988043285288E-03   4   2 0  0 0  0 1  1 0
   227  -.1149781185621692E-02   4   1 1  0 0  0 1  1 0
   228  -.3522516962758033E-03   4   0 2  0 0  0 1  1 0
   229  -.1156505131811850E-03   4   1 0  1 0  0 1  1 0
   230  -.7175735654017051E-04   4   0 1  1 0  0 1  1 0
   231  -.1702367981122326E-05   4   0 0  2 0  0 1  1 0
   232  0.5114628763583125E-04   4   1 0  0 1  0 1  1 0
   233  0.1349396941636631E-04   4   0 1  0 1  0 1  1 0
   234  -.2551965113842051E-03   4   0 0  1 1  0 1  1 0
   235  0.1242433176792281E-03   4   0 0  0 2  0 1  1 0
   236  -.4348142213955367E-03   4   2 0  0 0  0 0  2 0
   237  -.1072731181085520E-02   4   1 1  0 0  0 0  2 0
   238  -.3066483430268563E-03   4   0 2  0 0  0 0  2 0
   239  -.9599462302949920E-04   4   1 0  1 0  0 0  2 0
   240  -.7116324624590944E-04   4   0 1  1 0  0 0  2 0
   241  -.4471884809299851E-04   4   0 0  2 0  0 0  2 0
   242  0.4460221264669397E-04   4   1 0  0 1  0 0  2 0
   243  0.4770071418786873E-05   4   0 1  0 1  0 0  2 0
   244  -.1640834809333591E-03   4   0 0  1 1  0 0  2 0
   245  0.1266600399832431E-03   4   0 0  0 2  0 0  2 0
   246  0.8768426701293103E-03   4   2 0  0 0  0 1  0 1
   247  0.1521616470926070E-02   4   1 1  0 0  0 1  0 1
   248  0.3744483686204689E-03   4   0 2  0 0  0 1  0 1
   249  0.1540516865611905E-03   4   1 0  1 0  0 1  0 1
   250  0.9511360434573175E-04   4   0 1  1 0  0 1  0 1
   251  0.1116794895662132E-03   4   0 0  2 0  0 1  0 1
   252  -.3081669123842967E-04   4   1 0  0 1  0 1  0 1
   253  0.7418196449797189E-05   4   0 1  0 1  0 1  0 1
   254  0.2897040550528633E-03   4   0 0  1 1  0 1  0 1
   255  -.6869637846686412E-04   4   0 0  0 2  0 1  0 1
   256  0.8756626565880136E-03   4   2 0  0 0  0 0  1 1
   257  0.1519568751190796E-02   4   1 1  0 0  0 0  1 1
   258  0.3739444536531189E-03   4   0 2  0 0  0 0  1 1
   259  0.1538443710616208E-03   4   1 0  1 0  0 0  1 1
   260  0.9498560493955196E-04   4   0 1  1 0  0 0  1 1
   261  0.1115291965724270E-03   4   0 0  2 0  0 0  1 1
   262  -.3077521958770128E-04   4   1 0  0 1  0 0  1 1
   263  0.7408213390622532E-05   4   0 1  0 1  0 0  1 1
   264  0.2893141849888523E-03   4   0 0  1 1  0 0  1 1
   265  -.6860393011827153E-04   4   0 0  0 2  0 0  1 1
   266  -.3919620198110675E-03   4   2 0  0 0  0 0  0 2
   267  -.3287651360861089E-03   4   1 1  0 0  0 0  0 2
   268  -.5568109040237391E-04   4   0 2  0 0  0 0  0 2
   269  -.4901582485373654E-07   4   1 0  1 0  0 0  0 2
   270  -.8675026162204794E-05   4   0 1  1 0  0 0  0 2
   271  -.1320071935845848E-03   4   0 0  2 0  0 0  0 2
   272  -.1558008914324774E-07   4   1 0  0 1  0 0  0 2
   273  -.1527061101266602E-05   4   0 1  0 1  0 0  0 2
   274  -.1330795026758798E-03   4   0 0  1 1  0 0  0 2
   275  -.2623311606722724E-04   4   0 0  0 2  0 0  0 2
   276  -.3900782684959442E-01   4   1 0  0 0  0 3  0 0
   277  -.1695412606296280       4   0 1  0 0  0 3  0 0
   278  -.6372430694575493E-06   4   0 0  1 0  0 3  0 0
   279  -.2675898557556620E-04   4   0 0  0 1  0 3  0 0
   280  -.2483731856219444E-01   4   1 0  0 0  0 2  1 0
   281  -.1137820054183434       4   0 1  0 0  0 2  1 0
   282  -.6250137515537253E-06   4   0 0  1 0  0 2  1 0
   283  -.1625460699617845E-04   4   0 0  0 1  0 2  1 0
   284  -.2486581759779046E-01   4   1 0  0 0  0 1  2 0
   285  -.1138941021133220       4   0 1  0 0  0 1  2 0
   286  -.6250367068937969E-06   4   0 0  1 0  0 1  2 0
   287  -.1627573874981226E-04   4   0 0  0 1  0 1  2 0
   288  -.3891239459906473E-01   4   1 0  0 0  0 0  3 0
   289  -.1691225616809336       4   0 1  0 0  0 0  3 0
   290  -.6355367216384094E-06   4   0 0  1 0  0 0  3 0
   291  -.2669404651259282E-04   4   0 0  0 1  0 0  3 0
   292  0.9576307790090681E-01   4   1 0  0 0  0 2  0 1
   293  0.2275265632492028       4   0 1  0 0  0 2  0 1
   294  0.1912488041974504E-05   4   0 0  1 0  0 2  0 1
   295  0.3248456704137008E-04   4   0 0  0 1  0 2  0 1
   296  0.6747328035630719E-01   4   1 0  0 0  0 1  1 1
   297  0.1721861600334838       4   0 1  0 0  0 1  1 1
   298  0.1897737105495302E-05   4   0 0  1 0  0 1  1 1
   299  0.2205128192229371E-04   4   0 0  0 1  0 1  1 1
   300  0.9558880328342706E-01   4   1 0  0 0  0 0  2 1
   301  0.2271045087136778       4   0 1  0 0  0 0  2 1
   302  0.1908637363120371E-05   4   0 0  1 0  0 0  2 1
   303  0.3242601305400540E-04   4   0 0  0 1  0 0  2 1
   304  -.6743531628529240E-01   4   1 0  0 0  0 1  0 2
   305  -.3060384944211214E-01   4   0 1  0 0  0 1  0 2
   306  -.1912366927124026E-05   4   0 0  1 0  0 1  0 2
   307  -.5587270180309157E-06   4   0 0  0 1  0 1  0 2
   308  -.6734456501474960E-01   4   1 0  0 0  0 0  1 2
   309  -.3056266422384183E-01   4   0 1  0 0  0 0  1 2
   310  -.1909793353840001E-05   4   0 0  1 0  0 0  1 2
   311  -.5579751095418896E-06   4   0 0  0 1  0 0  1 2
   312  0.3578160387971449E-02   4   1 0  0 0  0 0  0 3
   313  0.6892221079130464E-03   4   0 1  0 0  0 0  0 3
   314  0.6357480717065957E-06   4   0 0  1 0  0 0  0 3
   315  0.1235229219059011E-06   4   0 0  0 1  0 0  0 3
   316  0.1953668083827456E-04   4   0 0  0 0  0 4  0 0
   317  0.1214105206170032E-04   4   0 0  0 0  0 3  1 0
   318  0.1116018458451258E-04   4   0 0  0 0  0 2  2 0
   319  0.1216219568637781E-04   4   0 0  0 0  0 1  3 0
   320  0.1947596208716896E-04   4   0 0  0 0  0 0  4 0
   321  -.2356930410407197E-04   4   0 0  0 0  0 3  0 1
   322  -.1597724952779586E-04   4   0 0  0 0  0 2  1 1
   323  -.1599251104385711E-04   4   0 0  0 0  0 1  2 1
   324  -.2351099019786202E-04   4   0 0  0 0  0 0  3 1
   325  0.1432735944745556E-05   4   0 0  0 0  0 2  0 2
   326  0.1729223184536034E-05   4   0 0  0 0  0 1  1 2
   327  0.1429644282700460E-05   4   0 0  0 0  0 0  2 2
   328  -.8818177625526177E-08   4   0 0  0 0  0 1  0 3
   329  -.8806310537664062E-08   4   0 0  0 0  0 0  1 3
   330  -.1943233826808510E-14   4   0 0  0 0  0 0  0 4
   ----------------------------------------------------
     I  COEFFICIENT            ORDER EXPONENTS
     1  -.2189485966664766E-04   0   0 0  0 0  0 0  0 0
     2  0.6800813330798243E-04   1   1 0  0 0  0 0  0 0
     3  0.2017065098756725E-04   1   0 1  0 0  0 0  0 0
     4  0.6587906040092659       1   0 0  1 0  0 0  0 0
     5  0.5264401870838417       1   0 0  0 1  0 0  0 0
     6  -.1140520244601755E-05   1   0 0  0 0  0 1  0 0
     7  -.1138985386207411E-05   1   0 0  0 0  0 0  1 0
     8  0.2279505630809200E-05   1   0 0  0 0  0 0  0 1
     9  0.4375571741001788E-04   2   2 0  0 0  0 0  0 0
    10  0.1189827917311148E-04   2   1 1  0 0  0 0  0 0
    11  0.2668625509340567E-05   2   0 2  0 0  0 0  0 0
    12  -.3675551050589253E-03   2   1 0  1 0  0 0  0 0
    13  -.4156457577612130E-04   2   0 1  1 0  0 0  0 0
    14  -.4376804004151099E-04   2   0 0  2 0  0 0  0 0
    15  -.1064900865496193E-04   2   1 0  0 1  0 0  0 0
    16  0.2043631421172033E-04   2   0 1  0 1  0 0  0 0
    17  -.3933011668323069E-05   2   0 0  1 1  0 0  0 0
    18  0.6104024629245606E-05   2   0 0  0 2  0 0  0 0
    19  -.3411640398646620E-04   2   1 0  0 0  0 1  0 0
    20  -.2020480608085397E-04   2   0 1  0 0  0 1  0 0
    21  0.1612905533992254       2   0 0  1 0  0 1  0 0
    22  -.2140770491809844       2   0 0  0 1  0 1  0 0
    23  -.3407049173783162E-04   2   1 0  0 0  0 0  1 0
    24  -.2017761540504992E-04   2   0 1  0 0  0 0  1 0
    25  0.1610734961738212       2   0 0  1 0  0 0  1 0
    26  -.2137889543772986       2   0 0  0 1  0 0  1 0
    27  0.6818689572429774E-04   2   1 0  0 0  0 0  0 1
    28  0.2021177049836123E-04   2   0 1  0 0  0 0  0 1
    29  -.3223640495730461       2   0 0  1 0  0 0  0 1
    30  -.9857418352555897E-01   2   0 0  0 1  0 0  0 1
    31  0.8493918605197742E-06   2   0 0  0 0  0 2  0 0
    32  0.5590440173062425E-06   2   0 0  0 0  0 1  1 0
    33  0.8478726213693183E-06   2   0 0  0 0  0 0  2 0
    34  -.1117303431132765E-05   2   0 0  0 0  0 1  0 1
    35  -.1115799816831831E-05   2   0 0  0 0  0 0  1 1
    36  -.2320053454405260E-07   2   0 0  0 0  0 0  0 2
    37  0.1104970183370654E-03   3   3 0  0 0  0 0  0 0
    38  0.3203863787225336E-03   3   2 1  0 0  0 0  0 0
    39  0.2140123503554169E-03   3   1 2  0 0  0 0  0 0
    40  0.5037137278938654E-04   3   0 3  0 0  0 0  0 0
    41  -.8604601296799367       3   2 0  1 0  0 0  0 0
    42  -.9497029976085301       3   1 1  1 0  0 0  0 0
    43  -.5245498867353831       3   0 2  1 0  0 0  0 0
    44  -.1735902519535817E-03   3   1 0  2 0  0 0  0 0
    45  -.8440325485337373E-05   3   0 1  2 0  0 0  0 0
    46  -.1086486668086893       3   0 0  3 0  0 0  0 0
    47  -.8022139925416015       3   2 0  0 1  0 0  0 0
    48  -.3646060200840748       3   1 1  0 1  0 0  0 0
    49  0.1176807251995333       3   0 2  0 1  0 0  0 0
    50  -.2725093822502921E-03   3   1 0  1 1  0 0  0 0
    51  -.5509280507311613E-04   3   0 1  1 1  0 0  0 0
    52  -.2159782902439537       3   0 0  2 1  0 0  0 0
    53  0.2947862282438794E-04   3   1 0  0 2  0 0  0 0
    54  0.2463174723719430E-04   3   0 1  0 2  0 0  0 0
    55  -.4651078648690155       3   0 0  1 2  0 0  0 0
    56  0.1282575138011018       3   0 0  0 3  0 0  0 0
    57  -.2278745990280226E-04   3   2 0  0 0  0 1  0 0
    58  -.1568379903800021E-04   3   1 1  0 0  0 1  0 0
    59  -.4981104267773347E-05   3   0 2  0 0  0 1  0 0
    60  0.1848300496728558E-03   3   1 0  1 0  0 1  0 0
    61  0.5084399604309500E-04   3   0 1  1 0  0 1  0 0
    62  0.1900767965709743E-04   3   0 0  2 0  0 1  0 0
    63  0.7074476524479341E-05   3   1 0  0 1  0 1  0 0
    64  -.2907195601952992E-04   3   0 1  0 1  0 1  0 0
    65  0.7375190675160695E-05   3   0 0  1 1  0 1  0 0
    66  -.7797990561492730E-05   3   0 0  0 2  0 1  0 0
    67  -.2275679361320092E-04   3   2 0  0 0  0 0  1 0
    68  -.1566269252040678E-04   3   1 1  0 0  0 0  1 0
    69  -.4974400932401177E-05   3   0 2  0 0  0 0  1 0
    70  0.1845813141027429E-03   3   1 0  1 0  0 0  1 0
    71  0.5077557258941505E-04   3   0 1  1 0  0 0  1 0
    72  0.1898210001761582E-04   3   0 0  2 0  0 0  1 0
    73  0.7064956027380876E-05   3   1 0  0 1  0 0  1 0
    74  -.2903283235123334E-04   3   0 1  0 1  0 0  1 0
    75  0.7365265491130616E-05   3   0 0  1 1  0 0  1 0
    76  -.7787496393301567E-05   3   0 0  0 2  0 0  1 0
    77  0.4554425351600322E-04   3   2 0  0 0  0 0  0 1
    78  0.1944821238529578E-04   3   1 1  0 0  0 0  0 1
    79  0.4618254181493680E-05   3   0 2  0 0  0 0  0 1
    80  -.3694113637755688E-03   3   1 0  1 0  0 0  0 1
    81  -.6005499285635921E-04   3   0 1  1 0  0 0  0 1
    82  -.3798977967471336E-04   3   0 0  2 0  0 0  0 1
    83  -.3490423896911979E-05   3   1 0  0 1  0 0  0 1
    84  0.1723215994730942E-04   3   0 1  0 1  0 0  0 1
    85  -.1080744449787947E-04   3   0 0  1 1  0 0  0 1
    86  0.3377437696302960E-05   3   0 0  0 2  0 0  0 1
    87  0.2564132859324552E-04   3   1 0  0 0  0 2  0 0
    88  0.2021355355034679E-04   3   0 1  0 0  0 2  0 0
    89  -.1163252664021368       3   0 0  1 0  0 2  0 0
    90  0.1368723550620498       3   0 0  0 1  0 2  0 0
    91  0.1719019575234262E-04   3   1 0  0 0  0 1  1 0
    92  0.2022884827096521E-04   3   0 1  0 0  0 1  1 0
    93  -.7148074136743111E-01   3   0 0  1 0  0 1  1 0
    94  0.5987507952708672E-01   3   0 0  0 1  0 1  1 0
    95  0.2559525482400986E-04   3   1 0  0 0  0 0  2 0
    96  0.2017273958728713E-04   3   0 1  0 0  0 0  2 0
    97  -.1161206236343520       3   0 0  1 0  0 0  2 0
    98  0.1366478701670716       3   0 0  0 1  0 0  2 0
    99  -.3435628942942699E-04   3   1 0  0 0  0 1  0 1
   100  -.2027244819571498E-04   3   0 1  0 0  0 1  0 1
   101  0.1428408112018233       3   0 0  1 0  0 1  0 1
   102  0.9453426250475169E-01   3   0 0  0 1  0 1  0 1
   103  -.3431005435426858E-04   3   1 0  0 0  0 0  1 1
   104  -.2024516649034057E-04   3   0 1  0 0  0 0  1 1
   105  0.1426485827699623       3   0 0  1 0  0 0  1 1
   106  0.9440704274951825E-01   3   0 0  0 1  0 0  1 1
   107  0.2394180587414789E-06   3   1 0  0 0  0 0  0 2
   108  0.4265178779275012E-07   3   0 1  0 0  0 0  0 2
   109  0.1843730096697885E-01   3   0 0  1 0  0 0  0 2
   110  0.4103515168844538E-02   3   0 0  0 1  0 0  0 2
   111  -.7038351353281390E-06   3   0 0  0 0  0 3  0 0
   112  -.4129201417568809E-06   3   0 0  0 0  0 2  1 0
   113  -.4135054791465177E-06   3   0 0  0 0  0 1  2 0
   114  -.7021368835100334E-06   3   0 0  0 0  0 0  3 0
   115  0.8256481475976868E-06   3   0 0  0 0  0 2  0 1
   116  0.5347758322147412E-06   3   0 0  0 0  0 1  1 1
   117  0.8241771910735194E-06   3   0 0  0 0  0 0  2 1
   118  0.2426829427504645E-07   3   0 0  0 0  0 1  0 2
   119  0.2423563514833604E-07   3   0 0  0 0  0 0  1 2
   120  -.7009534450944529E-09   3   0 0  0 0  0 0  0 3
   121  0.1071218895224422E-04   4   4 0  0 0  0 0  0 0
   122  0.1207792193832428E-04   4   3 1  0 0  0 0  0 0
   123  -.2937539236349325E-04   4   2 2  0 0  0 0  0 0
   124  -.1252404091090969E-04   4   1 3  0 0  0 0  0 0
   125  0.4212283829068690E-05   4   0 4  0 0  0 0  0 0
   126  -.2047270405803386E-02   4   3 0  1 0  0 0  0 0
   127  -.2965551106078412E-02   4   2 1  1 0  0 0  0 0
   128  -.1846914883837713E-02   4   1 2  1 0  0 0  0 0
   129  -.5780804213059753E-03   4   0 3  1 0  0 0  0 0
   130  -.2962245743594236E-03   4   2 0  2 0  0 0  0 0
   131  -.2152272033297437E-03   4   1 1  2 0  0 0  0 0
   132  -.7062902474336822E-04   4   0 2  2 0  0 0  0 0
   133  -.4006869400628725E-03   4   1 0  3 0  0 0  0 0
   134  -.3395223048036120E-03   4   0 1  3 0  0 0  0 0
   135  -.9221655408897598E-04   4   0 0  4 0  0 0  0 0
   136  0.7816517324470242E-04   4   3 0  0 1  0 0  0 0
   137  0.8964189944011341E-03   4   2 1  0 1  0 0  0 0
   138  0.4492480197387950E-03   4   1 2  0 1  0 0  0 0
   139  0.1235336814284473E-03   4   0 3  0 1  0 0  0 0
   140  -.4378629109188713E-04   4   2 0  1 1  0 0  0 0
   141  0.1015346479557090E-03   4   1 1  1 1  0 0  0 0
   142  -.5124954530141970E-04   4   0 2  1 1  0 0  0 0
   143  0.9281735098190421E-04   4   1 0  2 1  0 0  0 0
   144  -.1823263574123555E-04   4   0 1  2 1  0 0  0 0
   145  -.1823671986037925E-04   4   0 0  3 1  0 0  0 0
   146  -.6972964032631756E-04   4   2 0  0 2  0 0  0 0
   147  -.1447746791081767E-05   4   1 1  0 2  0 0  0 0
   148  0.2739209775859840E-04   4   0 2  0 2  0 0  0 0
   149  -.2696473157554675E-03   4   1 0  1 2  0 0  0 0
   150  -.2945053236195921E-03   4   0 1  1 2  0 0  0 0
   151  0.2631584385432182E-04   4   0 0  2 2  0 0  0 0
   152  0.7124136287932711E-04   4   1 0  0 3  0 0  0 0
   153  0.9716137167530234E-04   4   0 1  0 3  0 0  0 0
   154  -.5235295623706668E-04   4   0 0  1 3  0 0  0 0
   155  0.2064673931452941E-04   4   0 0  0 4  0 0  0 0
   156  -.1344869580472752E-03   4   3 0  0 0  0 1  0 0
   157  -.4461115455472342E-03   4   2 1  0 0  0 1  0 0
   158  -.3780374021619019E-03   4   1 2  0 0  0 1  0 0
   159  -.1086740217308723E-03   4   0 3  0 0  0 1  0 0
   160  0.9603707261565985       4   2 0  1 0  0 1  0 0
   161   1.465619698595772       4   1 1  1 0  0 1  0 0
   162  0.8724620243617563       4   0 2  1 0  0 1  0 0
   163  0.1641285714289821E-03   4   1 0  2 0  0 1  0 0
   164  0.6391059106638489E-04   4   0 1  2 0  0 1  0 0
   165  0.1735815745018182       4   0 0  3 0  0 1  0 0
   166  0.9239271060409592       4   2 0  0 1  0 1  0 0
   167  0.7067668573792673       4   1 1  0 1  0 1  0 0
   168  -.4778357504623853E-01   4   0 2  0 1  0 1  0 0
   169  0.3966213409199384E-03   4   1 0  1 1  0 1  0 0
   170  0.1450827143492302E-03   4   0 1  1 1  0 1  0 0
   171  0.1055117671992302       4   0 0  2 1  0 1  0 0
   172  -.1055584632317089E-04   4   1 0  0 2  0 1  0 0
   173  -.3449724372638190E-04   4   0 1  0 2  0 1  0 0
   174  0.5694188452510248       4   0 0  1 2  0 1  0 0
   175  -.1248316574939141       4   0 0  0 3  0 1  0 0
   176  -.1343059718372851E-03   4   3 0  0 0  0 0  1 0
   177  -.4455111896537426E-03   4   2 1  0 0  0 0  1 0
   178  -.3775286572423577E-03   4   1 2  0 0  0 0  1 0
   179  -.1085277733540566E-03   4   0 3  0 0  0 0  1 0
   180  0.9590783044940403       4   2 0  1 0  0 0  1 0
   181   1.463647336677670       4   1 1  1 0  0 0  1 0
   182  0.8712879060870817       4   0 2  1 0  0 0  1 0
   183  0.1639076949326644E-03   4   1 0  2 0  0 0  1 0
   184  0.6382458320492983E-04   4   0 1  2 0  0 0  1 0
   185  0.1733479765994700       4   0 0  3 0  0 0  1 0
   186  0.9226837284848260       4   2 0  0 1  0 0  1 0
   187  0.7058157238513759       4   1 1  0 1  0 0  1 0
   188  -.4771927016290188E-01   4   0 2  0 1  0 0  1 0
   189  0.3960875866114453E-03   4   1 0  1 1  0 0  1 0
   190  0.1448874688697705E-03   4   0 1  1 1  0 0  1 0
   191  0.1053697744355304       4   0 0  2 1  0 0  1 0
   192  -.1054164076266876E-04   4   1 0  0 2  0 0  1 0
   193  -.3445081896157339E-04   4   0 1  0 2  0 0  1 0
   194  0.5686525482048673       4   0 0  1 2  0 0  1 0
   195  -.1246636649323713       4   0 0  0 3  0 0  1 0
   196  0.2687929298845591E-03   4   3 0  0 0  0 0  0 1
   197  0.5712363564784629E-03   4   2 1  0 0  0 0  0 1
   198  0.3275413586934731E-03   4   1 2  0 0  0 0  0 1
   199  0.6608767671679514E-04   4   0 3  0 0  0 0  0 1
   200  -1.919449030650635       4   2 0  1 0  0 0  0 1
   201  -1.979564037664912       4   1 1  1 0  0 0  0 1
   202  -.6946501569780699       4   0 2  1 0  0 0  0 1
   203  -.3280362663616460E-03   4   1 0  2 0  0 0  0 1
   204  -.1192948487859269E-03   4   0 1  2 0  0 0  0 1
   205  -.3469295511012888       4   0 0  3 0  0 0  0 1
   206  -1.044396841984184       4   2 0  0 1  0 0  0 1
   207  -.6833705410624964       4   1 1  0 1  0 0  0 1
   208  -.2575393303894626       4   0 2  0 1  0 0  0 1
   209  -.5201995452810922E-03   4   1 0  1 1  0 0  0 1
   210  -.1797845730728188E-03   4   0 1  1 1  0 0  0 1
   211  0.5096748609194485E-02   4   0 0  2 1  0 0  0 1
   212  -.3785975856293678E-04   4   1 0  0 2  0 0  0 1
   213  -.4947179023615909E-05   4   0 1  0 2  0 0  0 1
   214  -.2078556637178608       4   0 0  1 2  0 0  0 1
   215  -.1352772189770196       4   0 0  0 3  0 0  0 1
   216  -.3693770224112194E-04   4   2 0  0 0  0 2  0 0
   217  -.1869805017516383E-04   4   1 1  0 0  0 2  0 0
   218  0.1295003277091111E-04   4   0 2  0 0  0 2  0 0
   219  -.2663971276695240E-03   4   1 0  1 0  0 2  0 0
   220  -.3282446995668991E-03   4   0 1  1 0  0 2  0 0
   221  -.1577887507242189E-04   4   0 0  2 0  0 2  0 0
   222  -.3325692312452895E-04   4   1 0  0 1  0 2  0 0
   223  0.8003582078423962E-04   4   0 1  0 1  0 2  0 0
   224  -.7596606973650144E-04   4   0 0  1 1  0 2  0 0
   225  0.3465133875050385E-04   4   0 0  0 2  0 2  0 0
   226  -.4379539242435701E-04   4   2 0  0 0  0 1  1 0
   227  -.2164389065983551E-04   4   1 1  0 0  0 1  1 0
   228  0.1489106995602916E-04   4   0 2  0 0  0 1  1 0
   229  -.2462867700178983E-03   4   1 0  1 0  0 1  1 0
   230  -.3810391604029527E-03   4   0 1  1 0  0 1  1 0
   231  -.1172189533603989E-05   4   0 0  2 0  0 1  1 0
   232  -.5564557394759521E-04   4   1 0  0 1  0 1  1 0
   233  0.8206224336739797E-04   4   0 1  0 1  0 1  1 0
   234  -.8472382847094271E-04   4   0 0  1 1  0 1  1 0
   235  0.3784185379660775E-04   4   0 0  0 2  0 1  1 0
   236  -.3685852433470784E-04   4   2 0  0 0  0 0  2 0
   237  -.1865832355645929E-04   4   1 1  0 0  0 0  2 0
   238  0.1292258537703542E-04   4   0 2  0 0  0 0  2 0
   239  -.2658729024059832E-03   4   1 0  1 0  0 0  2 0
   240  -.3275465710477143E-03   4   0 1  1 0  0 0  2 0
   241  -.1575685186728360E-04   4   0 0  2 0  0 0  2 0
   242  -.3317472492925928E-04   4   1 0  0 1  0 0  2 0
   243  0.7987289459876019E-04   4   0 1  0 1  0 0  2 0
   244  -.7580682951225997E-04   4   0 0  1 1  0 0  2 0
   245  0.3457924372016305E-04   4   0 0  0 2  0 0  2 0
   246  0.3771977080523446E-04   4   2 0  0 0  0 1  0 1
   247  0.2086987958268966E-04   4   1 1  0 0  0 1  0 1
   248  0.7011387176598140E-05   4   0 2  0 0  0 1  0 1
   249  0.3792140282337468E-03   4   1 0  1 0  0 1  0 1
   250  0.2876917805298585E-03   4   0 1  1 0  0 1  0 1
   251  -.4302405319498322E-05   4   0 0  2 0  0 1  0 1
   252  0.6145041254416967E-04   4   1 0  0 1  0 1  0 1
   253  0.8618500848431059E-04   4   0 1  0 1  0 1  0 1
   254  0.4258576964829997E-04   4   0 0  1 1  0 1  0 1
   255  0.2058348830774961E-04   4   0 0  0 2  0 1  0 1
   256  0.3766900931535595E-04   4   2 0  0 0  0 0  1 1
   257  0.2084179388231059E-04   4   1 1  0 0  0 0  1 1
   258  0.7001951582171101E-05   4   0 2  0 0  0 0  1 1
   259  0.3787036998662873E-03   4   1 0  1 0  0 0  1 1
   260  0.2873046184900654E-03   4   0 1  1 0  0 0  1 1
   261  -.4296615345184724E-05   4   0 0  2 0  0 0  1 1
   262  0.6136771547502545E-04   4   1 0  0 1  0 0  1 1
   263  0.8606902476165123E-04   4   0 1  0 1  0 0  1 1
   264  0.4252845972650507E-04   4   0 0  1 1  0 0  1 1
   265  0.2055578801925124E-04   4   0 0  0 2  0 0  1 1
   266  -.5327743591411663E-05   4   2 0  0 0  0 0  0 2
   267  -.2213357674355827E-05   4   1 1  0 0  0 0  0 2
   268  -.6212863019714784E-07   4   0 2  0 0  0 0  0 2
   269  -.4097511192161981E-04   4   1 0  1 0  0 0  0 2
   270  -.3135582989128492E-05   4   0 1  1 0  0 0  0 2
   271  0.2403495476126336E-04   4   0 0  2 0  0 0  0 2
   272  -.2210788406997229E-04   4   1 0  0 1  0 0  0 2
   273  -.3226916273238698E-05   4   0 1  0 1  0 0  0 2
   274  0.1156720621031446E-04   4   0 0  1 1  0 0  0 2
   275  0.1008704259745550E-05   4   0 0  0 2  0 0  0 2
   276  -.2141591789240514E-04   4   1 0  0 0  0 3  0 0
   277  -.2023561613372277E-04   4   0 1  0 0  0 3  0 0
   278  0.9390825723883009E-01   4   0 0  1 0  0 3  0 0
   279  -.9880080873698675E-01   4   0 0  0 1  0 3  0 0
   280  -.1297145924504213E-04   4   1 0  0 0  0 2  1 0
   281  -.2027325849643011E-04   4   0 1  0 0  0 2  1 0
   282  0.4910436228361274E-01   4   0 0  1 0  0 2  1 0
   283  -.2270778782128530E-01   4   0 0  0 1  0 2  1 0
   284  -.1298844729877032E-04   4   1 0  0 0  0 1  2 0
   285  -.2027312753886489E-04   4   0 1  0 0  0 1  2 0
   286  0.4919454963012177E-01   4   0 0  1 0  0 1  2 0
   287  -.2286112302347375E-01   4   0 0  0 1  0 1  2 0
   288  -.2136397067571066E-04   4   1 0  0 0  0 0  3 0
   289  -.2018114491063560E-04   4   0 1  0 0  0 0  3 0
   290  0.9368569468996490E-01   4   0 0  1 0  0 0  3 0
   291  -.9858610767641476E-01   4   0 0  0 1  0 0  3 0
   292  0.2594011139875188E-04   4   1 0  0 0  0 2  0 1
   293  0.2031288717971227E-04   4   0 1  0 0  0 2  0 1
   294  -.9817851040521297E-01   4   0 0  1 0  0 2  0 1
   295  -.9150690967093950E-01   4   0 0  0 1  0 2  0 1
   296  0.1754652333900724E-04   4   1 0  0 0  0 1  1 1
   297  0.2035318060794558E-04   4   0 1  0 0  0 1  1 1
   298  -.5363615975573760E-01   4   0 0  1 0  0 1  1 1
   299  -.8848753376831467E-01   4   0 0  0 1  0 1  1 1
   300  0.2589339577732228E-04   4   1 0  0 0  0 0  2 1
   301  0.2027185587787835E-04   4   0 1  0 0  0 0  2 1
   302  -.9801029588489532E-01   4   0 0  1 0  0 0  2 1
   303  -.9132422280813962E-01   4   0 0  0 1  0 0  2 1
   304  -.3591100854724359E-06   4   1 0  0 0  0 1  0 2
   305  -.8531252965686651E-07   4   0 1  0 0  0 1  0 2
   306  -.1784424964072176E-01   4   0 0  1 0  0 1  0 2
   307  -.6050729745110976E-02   4   0 0  0 1  0 1  0 2
   308  -.3586268120435761E-06   4   1 0  0 0  0 0  1 2
   309  -.8519772007507123E-07   4   0 1  0 0  0 0  1 2
   310  -.1782023569052571E-01   4   0 0  1 0  0 0  1 2
   311  -.6042586958181034E-02   4   0 0  0 1  0 0  1 2
   312  0.7963359354065064E-07   4   1 0  0 0  0 0  0 3
   313  0.1418496217129564E-07   4   0 1  0 0  0 0  0 3
   314  -.4033722009034632E-03   4   0 0  1 0  0 0  0 3
   315  -.7240960108053657E-04   4   0 0  0 1  0 0  0 3
   316  0.5564339972638116E-05   4   0 0  0 0  0 4  0 0
   317  0.2604013527180974E-05   4   0 0  0 0  0 3  1 0
   318  0.2211062787532435E-05   4   0 0  0 0  0 2  2 0
   319  0.2612487564781536E-05   4   0 0  0 0  0 1  3 0
   320  0.5547619745608409E-05   4   0 0  0 0  0 0  4 0
   321  0.9939802095119264E-06   4   0 0  0 0  0 3  0 1
   322  0.1120960267730325E-05   4   0 0  0 0  0 2  1 1
   323  0.1120701241844712E-05   4   0 0  0 0  0 1  2 1
   324  0.9912204804539352E-06   4   0 0  0 0  0 0  3 1
   325  0.1833699346566104E-07   4   0 0  0 0  0 2  0 2
   326  0.2288413850790201E-07   4   0 0  0 0  0 1  1 2
   327  0.1829691820649165E-07   4   0 0  0 0  0 0  2 2
   328  0.1476986947041360E-09   4   0 0  0 0  0 1  0 3
   329  0.1474999287616013E-09   4   0 0  0 0  0 0  1 3
   ----------------------------------------------------
     I  COEFFICIENT            ORDER EXPONENTS
     1  0.1272348497293675E-04   0   0 0  0 0  0 0  0 0
     2  0.2432767407659694E-03   1   1 0  0 0  0 0  0 0
     3  0.8482390244395138E-04   1   0 1  0 0  0 0  0 0
     4  -1.176989762754529       1   0 0  1 0  0 0  0 0
     5  0.5773993829494100       1   0 0  0 1  0 0  0 0
     6  0.1659215942367964E-06   1   0 0  0 0  0 1  0 0
     7  0.1656983047748686E-06   1   0 0  0 0  0 0  1 0
     8  0.1239186507392509E-04   1   0 0  0 0  0 0  0 1
     9  -.4359092278003794E-04   2   2 0  0 0  0 0  0 0
    10  -.1003882880602084E-03   2   1 1  0 0  0 0  0 0
    11  -.2440743216337218E-04   2   0 2  0 0  0 0  0 0
    12  0.2017597114348528E-03   2   1 0  1 0  0 0  0 0
    13  0.3422438186307504E-03   2   0 1  1 0  0 0  0 0
    14  0.2435685517222303E-05   2   0 0  2 0  0 0  0 0
    15  0.5023975563207176E-03   2   1 0  0 1  0 0  0 0
    16  0.2734077932202362E-03   2   0 1  0 1  0 0  0 0
    17  0.8764352104207238E-04   2   0 0  1 1  0 0  0 0
    18  0.2583419303309895E-04   2   0 0  0 2  0 0  0 0
    19  -.6320208817485364E-06   2   1 0  0 0  0 1  0 0
    20  -.4257346017585279E-04   2   0 1  0 0  0 1  0 0
    21  -.5355307816033116E-01   2   0 0  1 0  0 1  0 0
    22  0.1983102626094140       2   0 0  0 1  0 1  0 0
    23  -.6311703378319882E-06   2   1 0  0 0  0 0  1 0
    24  -.4251616681956582E-04   2   0 1  0 0  0 0  1 0
    25  -.5348100895161230E-01   2   0 0  1 0  0 0  1 0
    26  0.1980433860040333       2   0 0  0 1  0 0  1 0
    27  0.2445399319855499E-03   2   1 0  0 0  0 0  0 1
    28  0.8508962699564870E-04   2   0 1  0 0  0 0  0 1
    29  -1.069955675642586       2   0 0  1 0  0 0  0 1
    30  -.3963536486134472       2   0 0  0 1  0 0  0 1
    31  -.1179802049502999E-06   2   0 0  0 0  0 2  0 0
    32  -.7016580220766155E-07   2   0 0  0 0  0 1  1 0
    33  -.1177742199127164E-06   2   0 0  0 0  0 0  2 0
    34  0.3061202563749000E-06   2   0 0  0 0  0 1  0 1
    35  0.3057082941608182E-06   2   0 0  0 0  0 0  1 1
    36  -.3059125266386039E-06   2   0 0  0 0  0 0  0 2
    37  0.2196078207574451E-03   3   3 0  0 0  0 0  0 0
    38  0.2199357804921611E-03   3   2 1  0 0  0 0  0 0
    39  0.8171042521996563E-04   3   1 2  0 0  0 0  0 0
    40  0.5330301764582094E-04   3   0 3  0 0  0 0  0 0
    41  -4.287919077990250       3   2 0  1 0  0 0  0 0
    42  -3.570485152995487       3   1 1  1 0  0 0  0 0
    43  -1.183665795987598       3   0 2  1 0  0 0  0 0
    44  -.8913379900594752E-03   3   1 0  2 0  0 0  0 0
    45  -.2792383797916749E-03   3   0 1  2 0  0 0  0 0
    46  -.7845711013372055       3   0 0  3 0  0 0  0 0
    47  -1.239096661635714       3   2 0  0 1  0 0  0 0
    48  -1.369404203987467       3   1 1  0 1  0 0  0 0
    49  -.6963718894100879       3   0 2  0 1  0 0  0 0
    50  -.6563751586469732E-03   3   1 0  1 1  0 0  0 0
    51  -.4630885855609308E-03   3   0 1  1 1  0 0  0 0
    52  -1.209312253905382       3   0 0  2 1  0 0  0 0
    53  -.1267428386080884E-03   3   1 0  0 2  0 0  0 0
    54  -.8700590259855827E-04   3   0 1  0 2  0 0  0 0
    55  0.5389050885757668E-01   3   0 0  1 2  0 0  0 0
    56  -.7890727240575904E-01   3   0 0  0 3  0 0  0 0
    57  0.1950970895151787E-04   3   2 0  0 0  0 1  0 0
    58  0.5422238993704786E-04   3   1 1  0 0  0 1  0 0
    59  0.2402158967602730E-04   3   0 2  0 0  0 1  0 0
    60  -.6534620732696111E-04   3   1 0  1 0  0 1  0 0
    61  -.1444549162147792E-03   3   0 1  1 0  0 1  0 0
    62  0.1722866917474178E-05   3   0 0  2 0  0 1  0 0
    63  -.3039096772182259E-03   3   1 0  0 1  0 1  0 0
    64  -.2753614328584726E-03   3   0 1  0 1  0 1  0 0
    65  -.4011654837640841E-04   3   0 0  1 1  0 1  0 0
    66  -.2579525917703404E-04   3   0 0  0 2  0 1  0 0
    67  0.1948345370467133E-04   3   2 0  0 0  0 0  1 0
    68  0.5414942000008277E-04   3   1 1  0 0  0 0  1 0
    69  0.2398926255273943E-04   3   0 2  0 0  0 0  1 0
    70  -.6525826748080123E-04   3   1 0  1 0  0 0  1 0
    71  -.1442605155964630E-03   3   0 1  1 0  0 0  1 0
    72  0.1720548364372519E-05   3   0 0  2 0  0 0  1 0
    73  -.3035006898973940E-03   3   1 0  0 1  0 0  1 0
    74  -.2749908644194675E-03   3   0 1  0 1  0 0  1 0
    75  -.4006256141623096E-04   3   0 0  1 1  0 0  1 0
    76  -.2576054513292212E-04   3   0 0  0 2  0 0  1 0
    77  -.8258408543622784E-04   3   2 0  0 0  0 0  0 1
    78  -.1083718099371313E-03   3   1 1  0 0  0 0  0 1
    79  -.2360342006539446E-04   3   0 2  0 0  0 0  0 1
    80  0.3323641862426171E-03   3   1 0  1 0  0 0  0 1
    81  0.2887154318112412E-03   3   0 1  1 0  0 0  0 1
    82  -.1007729764624363E-05   3   0 0  2 0  0 0  0 1
    83  0.6074103671156192E-03   3   1 0  0 1  0 0  0 1
    84  0.2769445040577050E-03   3   0 1  0 1  0 0  0 1
    85  0.8017910979248066E-04   3   0 0  1 1  0 0  0 1
    86  0.2572161127685712E-04   3   0 0  0 2  0 0  0 1
    87  0.6507948851407724E-06   3   1 0  0 0  0 2  0 0
    88  0.3203693966392858E-04   3   0 1  0 0  0 2  0 0
    89  0.3934950447096149E-01   3   0 0  1 0  0 2  0 0
    90  -.1422866903007308       3   0 0  0 1  0 2  0 0
    91  0.6562255756414740E-06   3   1 0  0 0  0 1  1 0
    92  0.2151241778976723E-04   3   0 1  0 0  0 1  1 0
    93  0.2518402673240534E-01   3   0 0  1 0  0 1  1 0
    94  -.8641357946197764E-01   3   0 0  0 1  0 1  1 0
    95  0.6494775173287766E-06   3   1 0  0 0  0 0  2 0
    96  0.3197935066138613E-04   3   0 1  0 0  0 0  2 0
    97  0.3927960402417538E-01   3   0 0  1 0  0 0  2 0
    98  -.1420370619173092       3   0 0  0 1  0 0  2 0
    99  -.1926870120912018E-05   3   1 0  0 0  0 1  0 1
   100  -.4296210262432820E-04   3   0 1  0 0  0 1  0 1
   101  -.1038829458774145       3   0 0  1 0  0 1  0 1
   102  0.1726768023723941       3   0 0  0 1  0 1  0 1
   103  -.1924277029913360E-05   3   1 0  0 0  0 0  1 1
   104  -.4290428625135011E-04   3   0 1  0 0  0 0  1 1
   105  -.1037431451046866       3   0 0  1 0  0 0  1 1
   106  0.1724444220697371       3   0 0  0 1  0 0  1 1
   107  0.1906336243864793E-05   3   1 0  0 0  0 0  0 2
   108  0.3701229504317226E-06   3   0 1  0 0  0 0  0 2
   109  0.1038130129699023       3   0 0  1 0  0 0  0 2
   110  0.2561617981894779E-01   3   0 0  0 1  0 0  0 2
   111  0.9746559108382409E-07   3   0 0  0 0  0 3  0 0
   112  0.5645781181436564E-07   3   0 0  0 0  0 2  1 0
   113  0.5654032662580625E-07   3   0 0  0 0  0 1  2 0
   114  0.9723090637572089E-07   3   0 0  0 0  0 0  3 0
   115  -.2308841383463550E-06   3   0 0  0 0  0 2  0 1
   116  -.1558499647118535E-06   3   0 0  0 0  0 1  1 1
   117  -.2304685576664808E-06   3   0 0  0 0  0 0  2 1
   118  0.1557521023010078E-06   3   0 0  0 0  0 1  0 2
   119  0.1555424984620721E-06   3   0 0  0 0  0 0  1 2
   120  -.1794024708151660E-08   3   0 0  0 0  0 0  0 3
   121  0.1580813379062276E-03   4   4 0  0 0  0 0  0 0
   122  0.3018669695347583E-03   4   3 1  0 0  0 0  0 0
   123  0.1783969499941705E-03   4   2 2  0 0  0 0  0 0
   124  0.7212563991083892E-05   4   1 3  0 0  0 0  0 0
   125  -.3075698370413342E-04   4   0 4  0 0  0 0  0 0
   126  0.7526449904429968E-07   4   3 0  1 0  0 0  0 0
   127  0.2514564899740984E-02   4   2 1  1 0  0 0  0 0
   128  0.1186589195851329E-02   4   1 2  1 0  0 0  0 0
   129  -.5326354435179694E-04   4   0 3  1 0  0 0  0 0
   130  -.8299222447405139E-04   4   2 0  2 0  0 0  0 0
   131  0.5978318051410675E-03   4   1 1  2 0  0 0  0 0
   132  0.1334957103690451E-03   4   0 2  2 0  0 0  0 0
   133  0.1498534662741909E-07   4   1 0  3 0  0 0  0 0
   134  0.6541415664764374E-07   4   0 1  3 0  0 0  0 0
   135  -.8124691780816282E-04   4   0 0  4 0  0 0  0 0
   136  0.1257270126557038E-02   4   3 0  0 1  0 0  0 0
   137  0.1994591108918935E-02   4   2 1  0 1  0 0  0 0
   138  0.1113821286879972E-02   4   1 2  0 1  0 0  0 0
   139  0.9764984261181280E-04   4   0 3  0 1  0 0  0 0
   140  0.7446516110200103E-03   4   2 0  1 1  0 0  0 0
   141  0.1106602851286328E-02   4   1 1  1 1  0 0  0 0
   142  0.4431921601101954E-03   4   0 2  1 1  0 0  0 0
   143  0.6903628666585127E-03   4   1 0  2 1  0 0  0 0
   144  0.1214705238692725E-03   4   0 1  2 1  0 0  0 0
   145  0.1294266633746493E-03   4   0 0  3 1  0 0  0 0
   146  0.6664527683550338E-04   4   2 0  0 2  0 0  0 0
   147  0.5302737175078183E-04   4   1 1  0 2  0 0  0 0
   148  0.3984201688703061E-04   4   0 2  0 2  0 0  0 0
   149  0.4068853855774306E-03   4   1 0  1 2  0 0  0 0
   150  -.1125436423025497E-03   4   0 1  1 2  0 0  0 0
   151  0.1989623168768721E-03   4   0 0  2 2  0 0  0 0
   152  0.3760942226253124E-04   4   1 0  0 3  0 0  0 0
   153  -.3673352314847929E-04   4   0 1  0 3  0 0  0 0
   154  0.9375147168340756E-04   4   0 0  1 3  0 0  0 0
   155  0.2138106790257260E-04   4   0 0  0 4  0 0  0 0
   156  -.9034876990173373E-04   4   3 0  0 0  0 1  0 0
   157  -.1961836997109010E-03   4   2 1  0 0  0 1  0 0
   158  -.1142103213324200E-03   4   1 2  0 0  0 1  0 0
   159  -.8454260819870095E-04   4   0 3  0 0  0 1  0 0
   160   2.338173325301781       4   2 0  1 0  0 1  0 0
   161   3.581054001215306       4   1 1  1 0  0 1  0 0
   162   1.440382986437589       4   0 2  1 0  0 1  0 0
   163  0.5102976830780944E-03   4   1 0  2 0  0 1  0 0
   164  0.2870253939103599E-03   4   0 1  2 0  0 1  0 0
   165  0.1863789546285725       4   0 0  3 0  0 1  0 0
   166   1.397008302522875       4   2 0  0 1  0 1  0 0
   167   2.125404866042561       4   1 1  0 1  0 1  0 0
   168   1.175171852117771       4   0 2  0 1  0 1  0 0
   169  0.7210236273188270E-03   4   1 0  1 1  0 1  0 0
   170  0.5863235899649184E-03   4   0 1  1 1  0 1  0 0
   171  0.9784886913646069       4   0 0  2 1  0 1  0 0
   172  0.2048453654358521E-03   4   1 0  0 2  0 1  0 0
   173  0.1562160539255423E-03   4   0 1  0 2  0 1  0 0
   174  0.1547161581223254       4   0 0  1 2  0 1  0 0
   175  0.1476025094186677       4   0 0  0 3  0 1  0 0
   176  -.9022718278518953E-04   4   3 0  0 0  0 0  1 0
   177  -.1959196849336447E-03   4   2 1  0 0  0 0  1 0
   178  -.1140566224645179E-03   4   1 2  0 0  0 0  1 0
   179  -.8442883474094314E-04   4   0 3  0 0  0 0  1 0
   180   2.335026721834885       4   2 0  1 0  0 0  1 0
   181   3.576234787509702       4   1 1  1 0  0 0  1 0
   182   1.438444586897343       4   0 2  1 0  0 0  1 0
   183  0.5096109485057048E-03   4   1 0  2 0  0 0  1 0
   184  0.2866391286622732E-03   4   0 1  2 0  0 0  1 0
   185  0.1861281346151700       4   0 0  3 0  0 0  1 0
   186   1.395128274588066       4   2 0  0 1  0 0  1 0
   187   2.122544596340711       4   1 1  0 1  0 0  1 0
   188   1.173590361223125       4   0 2  0 1  0 0  1 0
   189  0.7200533077018488E-03   4   1 0  1 1  0 0  1 0
   190  0.5855345433100184E-03   4   0 1  1 1  0 0  1 0
   191  0.9771718873983443       4   0 0  2 1  0 0  1 0
   192  0.2045696941970772E-03   4   1 0  0 2  0 0  1 0
   193  0.1560058257223773E-03   4   0 1  0 2  0 0  1 0
   194  0.1545079484082451       4   0 0  1 2  0 0  1 0
   195  0.1474038729177578       4   0 0  0 3  0 0  1 0
   196  0.4001837734443692E-03   4   3 0  0 0  0 0  0 1
   197  0.3921033846445407E-03   4   2 1  0 0  0 0  0 1
   198  0.1465565185769676E-03   4   1 2  0 0  0 0  0 1
   199  0.6236540764800060E-04   4   0 3  0 0  0 0  0 1
   200  -8.961119125126922       4   2 0  1 0  0 0  0 1
   201  -7.157288788725017       4   1 1  1 0  0 0  0 1
   202  -1.695161777347333       4   0 2  1 0  0 0  0 1
   203  -.1911246621643277E-02   4   1 0  2 0  0 0  0 1
   204  -.5736645225726351E-03   4   0 1  2 0  0 0  0 1
   205  -1.157078190580949       4   0 0  3 0  0 0  0 1
   206  -2.792136577110932       4   2 0  0 1  0 0  0 1
   207  -2.878545258395798       4   1 1  0 1  0 0  0 1
   208  -.9560184345207217       4   0 2  0 1  0 0  0 1
   209  -.1441076935020675E-02   4   1 0  1 1  0 0  0 1
   210  -.7087695477140065E-03   4   0 1  1 1  0 0  0 1
   211  -1.955660578762951       4   0 0  2 1  0 0  0 1
   212  -.2826722210248403E-03   4   1 0  0 2  0 0  0 1
   213  -.1382100744508029E-03   4   0 1  0 2  0 0  0 1
   214  -.3631146153881456       4   0 0  1 2  0 0  0 1
   215  -.1371918375249070       4   0 0  0 3  0 0  0 1
   216  -.5891810781634745E-04   4   2 0  0 0  0 2  0 0
   217  -.1328759519306073E-03   4   1 1  0 0  0 2  0 0
   218  -.7579506644372935E-04   4   0 2  0 0  0 2  0 0
   219  -.3695827817581407E-03   4   1 0  1 0  0 2  0 0
   220  -.3022036633991472E-03   4   0 1  1 0  0 2  0 0
   221  -.4327865663010439E-04   4   0 0  2 0  0 2  0 0
   222  -.8619159518986972E-04   4   1 0  0 1  0 2  0 0
   223  -.1152831817137192E-03   4   0 1  0 1  0 2  0 0
   224  0.5023000265408554E-04   4   0 0  1 1  0 2  0 0
   225  0.1972414263936521E-04   4   0 0  0 2  0 2  0 0
   226  -.6052734548043986E-04   4   2 0  0 0  0 1  1 0
   227  -.1406535805612707E-03   4   1 1  0 0  0 1  1 0
   228  -.8780176233546398E-04   4   0 2  0 0  0 1  1 0
   229  -.4363623356385986E-03   4   1 0  1 0  0 1  1 0
   230  -.3667452191805435E-03   4   0 1  1 0  0 1  1 0
   231  -.3896292403363993E-04   4   0 0  2 0  0 1  1 0
   232  -.2097756484227147E-03   4   1 0  0 1  0 1  1 0
   233  -.1935986377654273E-03   4   0 1  0 1  0 1  1 0
   234  0.3034592850427999E-04   4   0 0  1 1  0 1  1 0
   235  0.1488521951253348E-04   4   0 0  0 2  0 1  1 0
   236  -.5879809117906624E-04   4   2 0  0 0  0 0  2 0
   237  -.1326024912567531E-03   4   1 1  0 0  0 0  2 0
   238  -.7563398527850857E-04   4   0 2  0 0  0 0  2 0
   239  -.3687917967351552E-03   4   1 0  1 0  0 0  2 0
   240  -.3015501977353757E-03   4   0 1  1 0  0 0  2 0
   241  -.4319419702021133E-04   4   0 0  2 0  0 0  2 0
   242  -.8593444951250157E-04   4   1 0  0 1  0 0  2 0
   243  -.1149977710795190E-03   4   0 1  0 1  0 0  2 0
   244  0.5014198642355803E-04   4   0 0  1 1  0 0  2 0
   245  0.1968758290431580E-04   4   0 0  0 2  0 0  2 0
   246  0.1358948707723503E-03   4   2 0  0 0  0 1  0 1
   247  0.2181110921794878E-03   4   1 1  0 0  0 1  0 1
   248  0.8234969176017137E-04   4   0 2  0 0  0 1  0 1
   249  0.5877697911733889E-03   4   1 0  1 0  0 1  0 1
   250  0.2835671650444608E-03   4   0 1  1 0  0 1  0 1
   251  0.7849242201184499E-04   4   0 0  2 0  0 1  0 1
   252  0.1225358217565279E-03   4   1 0  0 1  0 1  0 1
   253  0.7760328793120470E-04   4   0 1  0 1  0 1  0 1
   254  -.1757187271292170E-04   4   0 0  1 1  0 1  0 1
   255  -.1157470066914728E-04   4   0 0  0 2  0 1  0 1
   256  0.1357119898597680E-03   4   2 0  0 0  0 0  1 1
   257  0.2178175685508520E-03   4   1 1  0 0  0 0  1 1
   258  0.8223886942600707E-04   4   0 2  0 0  0 0  1 1
   259  0.5869787982890584E-03   4   1 0  1 0  0 0  1 1
   260  0.2831855537178013E-03   4   0 1  1 0  0 0  1 1
   261  0.7838679060952115E-04   4   0 0  2 0  0 0  1 1
   262  0.1223709188225213E-03   4   1 0  0 1  0 0  1 1
   263  0.7749885308362323E-04   4   0 1  0 1  0 0  1 1
   264  -.1754822531475826E-04   4   0 0  1 1  0 0  1 1
   265  -.1155912398248348E-04   4   0 0  0 2  0 0  1 1
   266  -.9336332429908216E-04   4   2 0  0 0  0 0  0 2
   267  -.6964708767086221E-04   4   1 1  0 0  0 0  0 2
   268  -.1175302574518320E-04   4   0 2  0 0  0 0  0 2
   269  -.1167531577119499E-07   4   1 0  1 0  0 0  0 2
   270  -.3711525987093509E-08   4   0 1  1 0  0 0  0 2
   271  -.3144343023436306E-04   4   0 0  2 0  0 0  0 2
   272  -.3044314345669748E-04   4   1 0  0 1  0 0  0 2
   273  -.5352989161779411E-05   4   0 1  0 1  0 0  0 2
   274  -.3894633272045932E-04   4   0 0  1 1  0 0  0 2
   275  -.7536087458170689E-05   4   0 0  0 2  0 0  0 2
   276  -.6349824733178958E-06   4   1 0  0 0  0 3  0 0
   277  -.2675903729440404E-04   4   0 1  0 0  0 3  0 0
   278  -.3225853670968191E-01   4   0 0  1 0  0 3  0 0
   279  0.1143717276676024       4   0 0  0 1  0 3  0 0
   280  -.6188701828564100E-06   4   1 0  0 0  0 2  1 0
   281  -.1622754620550458E-04   4   0 1  0 0  0 2  1 0
   282  -.1808621083330462E-01   4   0 0  1 0  0 2  1 0
   283  0.5857927500974048E-01   4   0 0  0 1  0 2  1 0
   284  -.6189009825234912E-06   4   1 0  0 0  0 1  2 0
   285  -.1624873268913635E-04   4   0 1  0 0  0 1  2 0
   286  -.1811473187290067E-01   4   0 0  1 0  0 1  2 0
   287  0.5869158859029840E-01   4   0 0  0 1  0 1  2 0
   288  -.6332848170049185E-06   4   1 0  0 0  0 0  3 0
   289  -.2669411631112589E-04   4   0 1  0 0  0 0  3 0
   290  -.3218126531381544E-01   4   0 0  1 0  0 0  3 0
   291  0.1141014901168039       4   0 0  0 1  0 0  3 0
   292  0.1906575599221455E-05   4   1 0  0 0  0 2  0 1
   293  0.3248281223480455E-04   4   0 1  0 0  0 2  0 1
   294  0.7551242026465342E-01   4   0 0  1 0  0 2  0 1
   295  -.1171209671429503       4   0 0  0 1  0 2  0 1
   296  0.1886332210893269E-05   4   1 0  0 0  0 1  1 1
   297  0.2203164910917964E-04   4   0 1  0 0  0 1  1 1
   298  0.4721806594722723E-01   4   0 0  1 0  0 1  1 1
   299  -.6171434803663895E-01   4   0 0  0 1  0 1  1 1
   300  0.1902740551071954E-05   4   1 0  0 0  0 0  2 1
   301  0.3242427381946414E-04   4   0 1  0 0  0 0  2 1
   302  0.7537902728431797E-01   4   0 0  1 0  0 0  2 1
   303  -.1169218251345437       4   0 0  0 1  0 0  2 1
   304  -.1908142008790861E-05   4   1 0  0 0  0 1  0 2
   305  -.5557546747806103E-06   4   0 1  0 0  0 1  0 2
   306  -.4718002674912918E-01   4   0 0  1 0  0 1  0 2
   307  -.2469869992774851E-01   4   0 0  0 1  0 1  0 2
   308  -.1905574121202823E-05   4   1 0  0 0  0 0  1 2
   309  -.5550067663310484E-06   4   0 1  0 0  0 0  1 2
   310  -.4711653409264784E-01   4   0 0  1 0  0 0  1 2
   311  -.2466546158139513E-01   4   0 0  0 1  0 0  1 2
   312  0.6357932956025884E-06   4   1 0  0 0  0 0  0 3
   313  0.1235051801624182E-06   4   0 1  0 0  0 0  0 3
   314  -.3172150709374958E-02   4   0 0  1 0  0 0  0 3
   315  -.6227327095840367E-03   4   0 0  0 1  0 0  0 3
   316  -.3882193786870711E-05   4   0 0  0 0  0 4  0 0
   317  -.1997564957254346E-05   4   0 0  0 0  0 3  1 0
   318  -.1748261786008617E-05   4   0 0  0 0  0 2  2 0
   319  -.2002957076485732E-05   4   0 0  0 0  0 1  3 0
   320  -.3870406846766184E-05   4   0 0  0 0  0 0  4 0
   321  0.4156608797972056E-05   4   0 0  0 0  0 3  0 1
   322  0.2087341960032243E-05   4   0 0  0 0  0 2  1 1
   323  0.2091507750971763E-05   4   0 0  0 0  0 1  2 1
   324  0.4146815517620929E-05   4   0 0  0 0  0 0  3 1
   325  0.3181593675953382E-06   4   0 0  0 0  0 2  0 2
   326  0.3789371598482837E-06   4   0 0  0 0  0 1  1 2
   327  0.3174762258272420E-06   4   0 0  0 0  0 0  2 2
   328  0.2268741039237092E-08   4   0 0  0 0  0 1  0 3
   329  0.2265687874468546E-08   4   0 0  0 0  0 0  1 3
   330  -.4626747070333351E-15   4   0 0  0 0  0 0  0 4
   ----------------------------------------------------
     I  COEFFICIENT            ORDER EXPONENTS
     1  0.8942356868898841E-09   0   0 0  0 0  0 0  0 0
     2  -.1539412010961009E-05   1   1 0  0 0  0 0  0 0
     3  -.2837882934456206E-05   1   0 1  0 0  0 0  0 0
     4  0.1232513669318998E-05   1   0 0  1 0  0 0  0 0
     5  -.7460846735839663E-06   1   0 0  0 1  0 0  0 0
     6   1.000000000000000       1   0 0  0 0  1 0  0 0
     7  0.1570859944579837       1   0 0  0 0  0 1  0 0
     8  -.1570859944150431       1   0 0  0 0  0 0  1 0
     9  -.4294286741178638E-10   1   0 0  0 0  0 0  0 1
    10  -.9929221135561103E-01   2   2 0  0 0  0 0  0 0
    11  -.2518942407391989       2   1 1  0 0  0 0  0 0
    12  -.2227615908972555       2   0 2  0 0  0 0  0 0
    13  -.4151231993462631E-05   2   1 0  1 0  0 0  0 0
    14  -.3518129652831887E-04   2   0 1  1 0  0 0  0 0
    15  -.7727853661743456E-01   2   0 0  2 0  0 0  0 0
    16  -.3518046017562536E-04   2   1 0  0 1  0 0  0 0
    17  -.2050318484326186E-04   2   0 1  0 1  0 0  0 0
    18  0.1213215545998603       2   0 0  1 1  0 0  0 0
    19  -.1140032247449455       2   0 0  0 2  0 0  0 0
    20  0.2549222918241639E-05   2   1 0  0 0  0 1  0 0
    21  0.4715413938210657E-05   2   0 1  0 0  0 1  0 0
    22  -.1808821189755614E-05   2   0 0  1 0  0 1  0 0
    23  0.9148533399017994E-06   2   0 0  0 1  0 1  0 0
    24  0.1010517559198358E-05   2   1 0  0 0  0 0  1 0
    25  0.1878810243212542E-05   2   0 1  0 0  0 0  1 0
    26  -.5771877282019617E-06   2   0 0  1 0  0 0  1 0
    27  0.1695430068851345E-06   2   0 0  0 1  0 0  1 0
    28  -.3559726023243405E-05   2   1 0  0 0  0 0  0 1
    29  -.3756306646629290E-05   2   0 1  0 0  0 0  0 1
    30  0.2386006991365043E-05   2   0 0  1 0  0 0  0 1
    31  -.3383062174599738E-06   2   0 0  0 1  0 0  0 1
    32  -.1178938238365178       2   0 0  0 0  0 2  0 0
    33  0.7870165314676981E-01   2   0 0  0 0  0 1  1 0
    34  0.3919217062145519E-01   2   0 0  0 0  0 0  2 0
    35  0.6827254122889720E-10   2   0 0  0 0  0 1  0 1
    36  0.2535329905125913E-10   2   0 0  0 0  0 0  1 1
    37  -.2534143915737389E-10   2   0 0  0 0  0 0  0 2
    38  -.4912476314944748E-04   3   3 0  0 0  0 0  0 0
    39  -.7672728917285180E-04   3   2 1  0 0  0 0  0 0
    40  0.1525160620573074E-04   3   1 2  0 0  0 0  0 0
    41  0.8050469708364090E-05   3   0 3  0 0  0 0  0 0
    42  -.2824766579558061E-05   3   2 0  1 0  0 0  0 0
    43  -.3844030577265916E-04   3   1 1  1 0  0 0  0 0
    44  0.8190064912802229E-05   3   0 2  1 0  0 0  0 0
    45  -.1732584371590225E-04   3   1 0  2 0  0 0  0 0
    46  0.1359226850876251E-03   3   0 1  2 0  0 0  0 0
    47  -.8207687196815643E-05   3   0 0  3 0  0 0  0 0
    48  -.9463894064939209E-05   3   2 0  0 1  0 0  0 0
    49  0.1271089397747121E-05   3   1 1  0 1  0 0  0 0
    50  0.4611575981448344E-05   3   0 2  0 1  0 0  0 0
    51  0.1898573674535892E-03   3   1 0  1 1  0 0  0 0
    52  0.6295167583280948E-04   3   0 1  1 1  0 0  0 0
    53  0.2541138261500670E-04   3   0 0  2 1  0 0  0 0
    54  0.8495831463547487E-05   3   1 0  0 2  0 0  0 0
    55  -.1079223404829608E-04   3   0 1  0 2  0 0  0 0
    56  0.8203095516759215E-05   3   0 0  1 2  0 0  0 0
    57  -.1400528205044862E-05   3   0 0  0 3  0 0  0 0
    58  0.1550590841933802       3   2 0  0 0  0 1  0 0
    59  0.4169880455304095       3   1 1  0 0  0 1  0 0
    60  0.3731401272319376       3   0 2  0 0  0 1  0 0
    61  0.8313839218705743E-05   3   1 0  1 0  0 1  0 0
    62  0.5395286247060160E-04   3   0 1  1 0  0 1  0 0
    63  0.1109905677373993       3   0 0  2 0  0 1  0 0
    64  0.5392063800439119E-04   3   1 0  0 1  0 1  0 0
    65  0.4129736238818858E-04   3   0 1  0 1  0 1  0 0
    66  -.1552415060354426       3   0 0  1 1  0 1  0 0
    67  0.1539354502765551       3   0 0  0 2  0 1  0 0
    68  0.5582531632538623E-01   3   2 0  0 0  0 0  1 0
    69  0.1652102248553690       3   1 1  0 0  0 0  1 0
    70  0.1504755930218979       3   0 2  0 0  0 0  1 0
    71  0.4160549611945478E-05   3   1 0  1 0  0 0  1 0
    72  0.1878876726388269E-04   3   0 1  1 0  0 0  1 0
    73  0.3377055303300870E-01   3   0 0  2 0  0 0  1 0
    74  0.1877052871802997E-04   3   1 0  0 1  0 0  1 0
    75  0.2080458514470646E-04   3   0 1  0 1  0 0  1 0
    76  -.3403735016249039E-01   3   0 0  1 1  0 0  1 0
    77  0.4003171017022699E-01   3   0 0  0 2  0 0  1 0
    78  -.2108845231238030       3   2 0  0 0  0 0  0 1
    79  -.3303042543925722       3   1 1  0 0  0 0  0 1
    80  -.7809274774703578E-01   3   0 2  0 0  0 0  0 1
    81  -.1247257649610423E-04   3   1 0  1 0  0 0  0 1
    82  -.3754751958535519E-04   3   0 1  1 0  0 0  0 1
    83  -.1447611870797771       3   0 0  2 0  0 0  0 1
    84  -.3753368985966207E-04   3   1 0  0 1  0 0  0 1
    85  -.2113904539352871E-04   3   0 1  0 1  0 0  0 1
    86  0.6795730598781924E-01   3   0 0  1 1  0 0  0 1
    87  0.3403924732624342E-01   3   0 0  0 2  0 0  0 1
    88  -.3434296919007437E-05   3   1 0  0 0  0 2  0 0
    89  -.6393589778989324E-05   3   0 1  0 0  0 2  0 0
    90  0.2212984390227103E-05   3   0 0  1 0  0 2  0 0
    91  -.9478061442272408E-06   3   0 0  0 1  0 2  0 0
    92  -.1770499254394732E-05   3   1 0  0 0  0 1  1 0
    93  -.3356917996046626E-05   3   0 1  0 0  0 1  1 0
    94  0.8087943259697404E-06   3   0 0  1 0  0 1  1 0
    95  -.6627744275397290E-07   3   0 0  0 1  0 1  1 0
    96  -.8857707857613079E-06   3   1 0  0 0  0 0  2 0
    97  -.1679367218721257E-05   3   0 1  0 0  0 0  2 0
    98  0.4050677432311369E-06   3   0 0  1 0  0 0  2 0
    99  -.3370872988980790E-07   3   0 0  0 1  0 0  2 0
   100  0.6089922575388772E-05   3   1 0  0 0  0 1  0 1
   101  0.6713381129542599E-05   3   0 1  0 0  0 1  0 1
   102  -.3425948720585128E-05   3   0 0  1 0  0 1  0 1
   103  0.1322008936348107E-06   3   0 0  0 1  0 1  0 1
   104  0.2531575597543062E-05   3   1 0  0 0  0 0  1 1
   105  0.2958143249030583E-05   3   0 1  0 0  0 0  1 1
   106  -.1041748879232161E-05   3   0 0  1 0  0 0  1 1
   107  -.2053732931198627E-06   3   0 0  0 1  0 0  1 1
   108  -.2530893119306212E-05   3   1 0  0 0  0 0  0 2
   109  -.1079458284557984E-05   3   0 1  0 0  0 0  0 2
   110  0.1040846562289714E-05   3   0 0  1 0  0 0  0 2
   111  0.3748928020678194E-06   3   0 0  0 1  0 0  0 2
   112  0.9825810214791726E-01   3   0 0  0 0  0 3  0 0
   113  -.5898671760311894E-01   3   0 0  0 0  0 2  1 0
   114  -.1971494881058325E-01   3   0 0  0 0  0 1  2 0
   115  -.1955646857067072E-01   3   0 0  0 0  0 0  3 0
   116  -.8503833862026628E-09   3   0 0  0 0  0 2  0 1
   117  0.1744944996156996E-09   3   0 0  0 0  0 1  1 1
   118  0.8649969750752216E-10   3   0 0  0 0  0 0  2 1
   119  0.1374075331053126E-09   3   0 0  0 0  0 1  0 2
   120  0.8184034395957567E-10   3   0 0  0 0  0 0  1 2
   121  -.7671873843494942E-12   3   0 0  0 0  0 0  0 3
   122  -.3312501082852397       4   4 0  0 0  0 0  0 0
   123  -1.115100738435967       4   3 1  0 0  0 0  0 0
   124  -1.643769498681163       4   2 2  0 0  0 0  0 0
   125  -.9984611182785675       4   1 3  0 0  0 0  0 0
   126  -.3291833411581349       4   0 4  0 0  0 0  0 0
   127  0.7905487119926828E-04   4   3 0  1 0  0 0  0 0
   128  -.1133861757819991E-03   4   2 1  1 0  0 0  0 0
   129  -.1976877961741177E-03   4   1 2  1 0  0 0  0 0
   130  -.1008415281007618E-03   4   0 3  1 0  0 0  0 0
   131  -1.082110314646127       4   2 0  2 0  0 0  0 0
   132  -.9232439196772358       4   1 1  2 0  0 0  0 0
   133  -.6763702712060127       4   0 2  2 0  0 0  0 0
   134  -.1357378218194973E-03   4   1 0  3 0  0 0  0 0
   135  -.6772459682986629E-04   4   0 1  3 0  0 0  0 0
   136  -.1810440749343731       4   0 0  4 0  0 0  0 0
   137  -.7711350617192151E-04   4   3 0  0 1  0 0  0 0
   138  -.3454523238909716E-03   4   2 1  0 1  0 0  0 0
   139  -.2560475253637738E-03   4   1 2  0 1  0 0  0 0
   140  -.7581985812483570E-04   4   0 3  0 1  0 0  0 0
   141  -.2966852952667556       4   2 0  1 1  0 0  0 0
   142  0.1620939168352632       4   1 1  1 1  0 0  0 0
   143  0.7123471229541384E-01   4   0 2  1 1  0 0  0 0
   144  -.8512491602789951E-04   4   1 0  2 1  0 0  0 0
   145  -.9480876981477843E-04   4   0 1  2 1  0 0  0 0
   146  -.2045085686655879       4   0 0  3 1  0 0  0 0
   147  0.1081440266899357       4   2 0  0 2  0 0  0 0
   148  -.1747243985936226       4   1 1  0 2  0 0  0 0
   149  -.2560224516682047       4   0 2  0 2  0 0  0 0
   150  0.5306397854412998E-04   4   1 0  1 2  0 0  0 0
   151  -.3994345241878213E-04   4   0 1  1 2  0 0  0 0
   152  -.9245430595260971E-01   4   0 0  2 2  0 0  0 0
   153  -.2875886843969752E-04   4   1 0  0 3  0 0  0 0
   154  -.3172435326083731E-04   4   0 1  0 3  0 0  0 0
   155  0.1303852975775438       4   0 0  1 3  0 0  0 0
   156  -.4385231345777001E-01   4   0 0  0 4  0 0  0 0
   157  0.4974656009644014E-03   4   3 0  0 0  0 1  0 0
   158  0.1376369710607298E-02   4   2 1  0 0  0 1  0 0
   159  0.1007877904479923E-02   4   1 2  0 0  0 1  0 0
   160  0.4075094805865481E-03   4   0 3  0 0  0 1  0 0
   161  0.5236815935376694E-04   4   2 0  1 0  0 1  0 0
   162  0.7017819417293845E-04   4   1 1  1 0  0 1  0 0
   163  -.3521465583413538E-04   4   0 2  1 0  0 1  0 0
   164  0.1354256902652517E-03   4   1 0  2 0  0 1  0 0
   165  0.2786383606587685E-03   4   0 1  2 0  0 1  0 0
   166  0.2627581952653967E-04   4   0 0  3 0  0 1  0 0
   167  -.3047008699652629E-04   4   2 0  0 1  0 1  0 0
   168  0.3389322955183097E-04   4   1 1  0 1  0 1  0 0
   169  0.4079646188014328E-04   4   0 2  0 1  0 1  0 0
   170  -.3003198245412565E-03   4   1 0  1 1  0 1  0 0
   171  -.9723896137182829E-04   4   0 1  1 1  0 1  0 0
   172  -.2367905470672567E-04   4   0 0  2 1  0 1  0 0
   173  0.1224369652290886E-03   4   1 0  0 2  0 1  0 0
   174  0.2250413398813300E-03   4   0 1  0 2  0 1  0 0
   175  -.7929177240142157E-04   4   0 0  1 2  0 1  0 0
   176  0.1890013419360056E-04   4   0 0  0 3  0 1  0 0
   177  0.2754109580743868E-03   4   3 0  0 0  0 0  1 0
   178  0.7833378586087575E-03   4   2 1  0 0  0 0  1 0
   179  0.6306103904257330E-03   4   1 2  0 0  0 0  1 0
   180  0.2582787593305087E-03   4   0 3  0 0  0 0  1 0
   181  0.2707632989779604E-04   4   2 0  1 0  0 0  1 0
   182  0.2361010901330372E-04   4   1 1  1 0  0 0  1 0
   183  -.2016566835056472E-04   4   0 2  1 0  0 0  1 0
   184  0.7901819388782128E-04   4   1 0  2 0  0 0  1 0
   185  0.1803684984310430E-03   4   0 1  2 0  0 0  1 0
   186  0.7490766202992388E-05   4   0 0  3 0  0 0  1 0
   187  -.1561442348138464E-04   4   2 0  0 1  0 0  1 0
   188  0.2313943277766860E-04   4   1 1  0 1  0 0  1 0
   189  0.2484408704528550E-04   4   0 2  0 1  0 0  1 0
   190  -.9728863041320981E-04   4   1 0  1 1  0 0  1 0
   191  -.6067414369315743E-04   4   0 1  1 1  0 0  1 0
   192  0.6052670644078111E-06   4   0 0  2 1  0 0  1 0
   193  0.7274389372719721E-04   4   1 0  0 2  0 0  1 0
   194  0.1336945823992140E-03   4   0 1  0 2  0 0  1 0
   195  -.4250401108460301E-04   4   0 0  1 2  0 0  1 0
   196  0.1051440983911001E-04   4   0 0  0 3  0 0  1 0
   197  -.5247900592321286E-03   4   3 0  0 0  0 0  0 1
   198  -.9830854948672751E-03   4   2 1  0 0  0 0  0 1
   199  -.5377762850507241E-03   4   1 2  0 0  0 0  0 1
   200  -.9415010664638226E-04   4   0 3  0 0  0 0  0 1
   201  -.5319222738334266E-04   4   2 0  1 0  0 0  0 1
   202  -.4383748472675872E-04   4   1 1  1 0  0 0  0 1
   203  0.1913419712702833E-04   4   0 2  1 0  0 0  0 1
   204  -.8648865730631221E-04   4   1 0  2 0  0 0  0 1
   205  -.9749161411474490E-04   4   0 1  2 0  0 0  0 1
   206  -.2241881933768871E-04   4   0 0  3 0  0 0  0 1
   207  0.4386548112336361E-05   4   2 0  0 1  0 0  0 1
   208  -.1554664594805244E-04   4   1 1  0 1  0 0  0 1
   209  0.2069754542949397E-05   4   0 2  0 1  0 0  0 1
   210  0.2339487919876686E-03   4   1 0  1 1  0 0  0 1
   211  0.5153492033274437E-04   4   0 1  1 1  0 0  0 1
   212  -.4359545319918264E-05   4   0 0  2 1  0 0  0 1
   213  -.4496471243594852E-04   4   1 0  0 2  0 0  0 1
   214  -.1314823548422066E-04   4   0 1  0 2  0 0  0 1
   215  0.1958599134620751E-04   4   0 0  1 2  0 0  0 1
   216  0.7489375350242158E-05   4   0 0  0 3  0 0  0 1
   217  -.2001394010459041       4   2 0  0 0  0 2  0 0
   218  -.5622276130621340       4   1 1  0 0  0 2  0 0
   219  -.5088855213899672       4   0 2  0 0  0 2  0 0
   220  -.1247227276135818E-04   4   1 0  1 0  0 2  0 0
   221  -.6889985706807171E-04   4   0 1  1 0  0 2  0 0
   222  -.1339747098840830       4   0 0  2 0  0 2  0 0
   223  -.6889299666259732E-04   4   1 0  0 1  0 2  0 0
   224  -.6245690845303175E-04   4   0 1  0 1  0 2  0 0
   225  0.1687053618488958       4   0 0  1 1  0 2  0 0
   226  -.1775446682362725       4   0 0  0 2  0 2  0 0
   227  -.9018943015792555E-01   4   2 0  0 0  0 1  1 0
   228  -.2905327196036483       4   1 1  0 0  0 1  1 0
   229  -.2715303236293015       4   0 2  0 0  0 1  1 0
   230  -.8324126934192756E-05   4   1 0  1 0  0 1  1 0
   231  -.2991743412150798E-04   4   0 1  1 0  0 1  1 0
   232  -.4599725678168016E-01   4   0 0  2 0  0 1  1 0
   233  -.2994048894815895E-04   4   1 0  0 1  0 1  1 0
   234  -.4229690995641584E-04   4   0 1  0 1  0 1  1 0
   235  0.2698308715591358E-01   4   0 0  1 1  0 1  1 0
   236  -.4726261193929245E-01   4   0 0  0 2  0 1  1 0
   237  -.4513817412920774E-01   4   2 0  0 0  0 0  2 0
   238  -.1453509248048444       4   1 1  0 0  0 0  2 0
   239  -.1358330601144509       4   0 2  0 0  0 0  2 0
   240  -.4159321902097539E-05   4   1 0  1 0  0 0  2 0
   241  -.1497225205344234E-04   4   0 1  1 0  0 0  2 0
   242  -.2304222630715693E-01   4   0 0  2 0  0 0  2 0
   243  -.1498622418545800E-04   4   1 0  0 1  0 0  2 0
   244  -.2114750058826331E-04   4   0 1  0 1  0 0  2 0
   245  0.1357766987851163E-01   4   0 0  1 1  0 0  2 0
   246  -.2370290961486017E-01   4   0 0  0 2  0 0  2 0
   247  0.3354088703700477       4   2 0  0 0  0 1  0 1
   248  0.5810113350948960       4   1 1  0 0  0 1  0 1
   249  0.1698805407753288       4   0 2  0 0  0 1  0 1
   250  0.2496863125444577E-04   4   1 0  1 0  0 1  0 1
   251  0.5984947881141707E-04   4   0 1  1 0  0 1  0 1
   252  0.2029559893550681       4   0 0  2 0  0 1  0 1
   253  0.5984495051265776E-04   4   1 0  0 1  0 1  0 1
   254  0.4323387485801863E-04   4   0 1  0 1  0 1  0 1
   255  -.5391078531454441E-01   4   0 0  1 1  0 1  0 1
   256  -.5945450545791969E-01   4   0 0  0 2  0 1  0 1
   257  0.1246401847783466       4   2 0  0 0  0 0  1 1
   258  0.2508136006296103       4   1 1  0 0  0 0  1 1
   259  0.9176922145184609E-01   4   0 2  0 0  0 0  1 1
   260  0.1249600057393364E-04   4   1 0  1 0  0 0  1 1
   261  0.2232240798223002E-04   4   0 1  1 0  0 0  1 1
   262  0.5831103706636606E-01   4   0 0  2 0  0 0  1 1
   263  0.2233167830539511E-04   4   1 0  0 1  0 0  1 1
   264  0.2209350493144689E-04   4   0 1  0 1  0 0  1 1
   265  0.1393628686219340E-01   4   0 0  1 1  0 0  1 1
   266  -.2542680224309405E-01   4   0 0  0 2  0 0  1 1
   267  -.1245821869340817       4   2 0  0 0  0 0  0 2
   268  -.8560811084654267E-01   4   1 1  0 0  0 0  0 2
   269  -.1368573349695874E-01   4   0 2  0 0  0 0  0 2
   270  -.1250487849664861E-04   4   1 0  1 0  0 0  0 2
   271  -.3547933649675466E-05   4   0 1  1 0  0 0  0 2
   272  -.5825289276750620E-01   4   0 0  2 0  0 0  0 2
   273  -.3548004742298249E-05   4   1 0  0 1  0 0  0 2
   274  -.9554089579598204E-06   4   0 1  0 1  0 0  0 2
   275  -.4797005201055551E-01   4   0 0  1 1  0 0  0 2
   276  -.8618216217913104E-02   4   0 0  0 2  0 0  0 2
   277  0.8127097365780159E-04   4   1 0  0 0  0 3  0 0
   278  0.1438979984634137E-03   4   0 1  0 0  0 3  0 0
   279  -.1649087947214588E-04   4   0 0  1 0  0 3  0 0
   280  0.2026690296389341E-04   4   0 0  0 1  0 3  0 0
   281  0.4023563804851509E-04   4   1 0  0 0  0 2  1 0
   282  0.7157696402272492E-04   4   0 1  0 0  0 2  1 0
   283  -.5874511784580080E-05   4   0 0  1 0  0 2  1 0
   284  0.6846402725393387E-05   4   0 0  0 1  0 2  1 0
   285  0.2500688944595034E-04   4   1 0  0 0  0 1  2 0
   286  0.4456857705325042E-04   4   0 1  0 0  0 1  2 0
   287  -.3344521242371555E-05   4   0 0  1 0  0 1  2 0
   288  0.3839895291271284E-05   4   0 0  0 1  0 1  2 0
   289  0.1343160320490137E-04   4   1 0  0 0  0 0  3 0
   290  0.2389356427078629E-04   4   0 1  0 0  0 0  3 0
   291  -.1964364626669322E-05   4   0 0  1 0  0 0  3 0
   292  0.2290096004352345E-05   4   0 0  0 1  0 0  3 0
   293  -.7532932071829853E-04   4   1 0  0 0  0 2  0 1
   294  -.2761227433301399E-04   4   0 1  0 0  0 2  0 1
   295  0.1424897211633688E-04   4   0 0  1 0  0 2  0 1
   296  0.5221254343313984E-05   4   0 0  0 1  0 2  0 1
   297  -.3716310253875727E-04   4   1 0  0 0  0 1  1 1
   298  -.1868865974782073E-04   4   0 1  0 0  0 1  1 1
   299  0.4158964617489388E-05   4   0 0  1 0  0 1  1 1
   300  0.3285201763965099E-05   4   0 0  0 1  0 1  1 1
   301  -.1859466124522005E-04   4   1 0  0 0  0 0  2 1
   302  -.9344021825876939E-05   4   0 1  0 0  0 0  2 1
   303  0.2084859437455570E-05   4   0 0  1 0  0 0  2 1
   304  0.1642793581664192E-05   4   0 0  0 1  0 0  2 1
   305  0.4786988030273783E-05   4   1 0  0 0  0 1  0 2
   306  0.1805139703956598E-05   4   0 1  0 0  0 1  0 2
   307  -.8672585313484979E-08   4   0 0  1 0  0 1  0 2
   308  -.3299507651649929E-06   4   0 0  0 1  0 1  0 2
   309  0.3250937497072838E-05   4   1 0  0 0  0 0  1 2
   310  0.1272791503094508E-05   4   0 1  0 0  0 0  1 2
   311  0.3508976855466297E-06   4   0 0  1 0  0 0  1 2
   312  -.1238304797000775E-06   4   0 0  0 1  0 0  1 2
   313  -.3211427771845576E-06   4   1 0  0 0  0 0  0 3
   314  -.1115138133711764E-06   4   0 1  0 0  0 0  0 3
   315  -.8186438614136462E-07   4   0 0  1 0  0 0  0 3
   316  -.2274252558418468E-07   4   0 0  0 1  0 0  0 3
   317  -.8598082729900233E-01   4   0 0  0 0  0 4  0 0
   318  0.4914891529294333E-01   4   0 0  0 0  0 3  1 0
   319  0.1475664922301494E-01   4   0 0  0 0  0 2  2 0
   320  0.9877163281521417E-02   4   0 0  0 0  0 1  3 0
   321  0.1219805159673279E-01   4   0 0  0 0  0 0  4 0
   322  0.1684000527854230E-08   4   0 0  0 0  0 3  0 1
   323  0.1618526715500282E-08   4   0 0  0 0  0 2  1 1
   324  0.1392581267393756E-08   4   0 0  0 0  0 1  2 1
   325  0.5204058289151898E-09   4   0 0  0 0  0 0  3 1
   326  -.7921834715382554E-10   4   0 0  0 0  0 2  0 2
   327  0.1177500404748484E-10   4   0 0  0 0  0 1  1 2
   328  0.5101431834527947E-11   4   0 0  0 0  0 0  2 2
   329  0.1155229310514946E-11   4   0 0  0 0  0 1  0 3
   330  0.3885507728392359E-12   4   0 0  0 0  0 0  1 3
   331  -.3537048297042149E-12   4   0 0  0 0  0 0  0 4
   ----------------------------------------------------
     I  COEFFICIENT            ORDER EXPONENTS
     1   1.000000000000000       1   0 0  0 0  0 1  0 0
     --------------------------------------------------
     I  COEFFICIENT            ORDER EXPONENTS
     1   1.000000000000000       1   0 0  0 0  0 0  1 0
     --------------------------------------------------
     I  COEFFICIENT            ORDER EXPONENTS
     1   1.000000000000000       1   0 0  0 0  0 0  0 1
     --------------------------------------------------
