 L    0.6000004999999999E+00
 P (  0.0000000000000000E+00,  0.0000000000000000E+00,  0.1467310000000000E+00)
 A (  0.0000000000000000E+00,  0.0000000000000000E+00,  0.0000000000000000E+00)
     I  COEFFICIENT            ORDER EXPONENTS
     1  0.2091689618887102E-03   0   0 0  0 0  0 0  0 0
     2  0.8699711839681659       1   1 0  0 0  0 0  0 0
     3  0.5685214582704400       1   0 1  0 0  0 0  0 0
     4  -.1030984007934676E-03   1   0 0  1 0  0 0  0 0
     5  -.2481605377949997E-04   1   0 0  0 1  0 0  0 0
     6  0.6361530204546475E-05   1   0 0  0 0  0 1  0 0
     7  0.6352969157005631E-05   1   0 0  0 0  0 0  1 0
     8  -.1271449936159838E-04   1   0 0  0 0  0 0  0 1
     9  0.1331288891330201E-03   2   2 0  0 0  0 0  0 0
    10  -.4361747392014137E-04   2   1 1  0 0  0 0  0 0
    11  -.3437096616241975E-04   2   0 2  0 0  0 0  0 0
    12  0.7102742694109220E-05   2   1 0  1 0  0 0  0 0
    13  -.4389490668570838E-05   2   0 1  1 0  0 0  0 0
    14  -.1305894400001331E-03   2   0 0  2 0  0 0  0 0
    15  -.1116706749157258E-05   2   1 0  0 1  0 0  0 0
    16  -.9679412476435984E-06   2   0 1  0 1  0 0  0 0
    17  0.2223933412484928E-05   2   0 0  1 1  0 0  0 0
    18  -.6425979429803736E-05   2   0 0  0 2  0 0  0 0
    19  0.6385797732187780E-01   2   1 0  0 0  0 1  0 0
    20  -.2689056249168439       2   0 1  0 0  0 1  0 0
    21  0.5160395548086343E-04   2   0 0  1 0  0 1  0 0
    22  0.2483859141456859E-04   2   0 0  0 1  0 1  0 0
    23  0.6377204026552016E-01   2   1 0  0 0  0 0  1 0
    24  -.2685437443999142       2   0 1  0 0  0 0  1 0
    25  0.5153450930958744E-04   2   0 0  1 0  0 0  1 0
    26  0.2480516480884508E-04   2   0 0  0 1  0 0  1 0
    27  -.1276300175873980       2   1 0  0 0  0 0  0 1
    28  -.3107208895368167E-01   2   0 1  0 0  0 0  0 1
    29  -.1031384647904509E-03   2   0 0  1 0  0 0  0 1
    30  -.2482770244391375E-04   2   0 0  0 1  0 0  0 1
    31  -.4738858341916899E-05   2   0 0  0 0  0 2  0 0
    32  -.3120484865845280E-05   2   0 0  0 0  0 1  1 0
    33  -.4730381308961508E-05   2   0 0  0 0  0 0  2 0
    34  0.6236439738426119E-05   2   0 0  0 0  0 1  0 1
    35  0.6228047031739385E-05   2   0 0  0 0  0 0  1 1
    36  0.1249958694200730E-06   2   0 0  0 0  0 0  0 2
    37  -.8789876795348062E-02   3   3 0  0 0  0 0  0 0
    38  -.1450548341033777       3   2 1  0 0  0 0  0 0
    39  -.2108985330484059       3   1 2  0 0  0 0  0 0
    40  0.2386081803692032       3   0 3  0 0  0 0  0 0
    41  0.1003505619994099E-03   3   2 0  1 0  0 0  0 0
    42  0.1341514568503435E-03   3   1 1  1 0  0 0  0 0
    43  -.1255537278466202E-03   3   0 2  1 0  0 0  0 0
    44  -.1009585182276481       3   1 0  2 0  0 0  0 0
    45  -.2127571088600645       3   0 1  2 0  0 0  0 0
    46  -.4156905347439671E-04   3   0 0  3 0  0 0  0 0
    47  -.9492986434191939E-04   3   2 0  0 1  0 0  0 0
    48  -.3264746964206960E-04   3   1 1  0 1  0 0  0 0
    49  -.5360448775516542E-04   3   0 2  0 1  0 0  0 0
    50  -.1078120091541797       3   1 0  1 1  0 0  0 0
    51  -.6002165879137454E-02   3   0 1  1 1  0 0  0 0
    52  -.2362965926204922E-03   3   0 0  2 1  0 0  0 0
    53  -.1476750725018931       3   1 0  0 2  0 0  0 0
    54  0.2612447827808874       3   0 1  0 2  0 0  0 0
    55  -.1732974671944556E-03   3   0 0  1 2  0 0  0 0
    56  -.4329062651218897E-04   3   0 0  0 3  0 0  0 0
    57  -.6561442103516406E-04   3   2 0  0 0  0 1  0 0
    58  0.3560740334260237E-04   3   1 1  0 0  0 1  0 0
    59  0.4946104899912915E-04   3   0 2  0 0  0 1  0 0
    60  -.2549940186577108E-05   3   1 0  1 0  0 1  0 0
    61  0.4393416581503766E-05   3   0 1  1 0  0 1  0 0
    62  0.6506144310267722E-04   3   0 0  2 0  0 1  0 0
    63  0.1519935449218188E-05   3   1 0  0 1  0 1  0 0
    64  0.1472299330519923E-05   3   0 1  0 1  0 1  0 0
    65  0.2289436420870374E-05   3   0 0  1 1  0 1  0 0
    66  0.1059753573410513E-04   3   0 0  0 2  0 1  0 0
    67  -.6552612023963557E-04   3   2 0  0 0  0 0  1 0
    68  0.3555948457730311E-04   3   1 1  0 0  0 0  1 0
    69  0.4939448665040449E-04   3   0 2  0 0  0 0  1 0
    70  -.2546508597248515E-05   3   1 0  1 0  0 0  1 0
    71  0.4387504128522921E-05   3   0 1  1 0  0 0  1 0
    72  0.6497388647878924E-04   3   0 0  2 0  0 0  1 0
    73  0.1517889991722709E-05   3   1 0  0 1  0 0  1 0
    74  0.1470317979467965E-05   3   0 1  0 1  0 0  1 0
    75  0.2286355405232213E-05   3   0 0  1 1  0 0  1 0
    76  0.1058327406995865E-04   3   0 0  0 2  0 0  1 0
    77  0.1311405412747885E-03   3   2 0  0 0  0 0  0 1
    78  -.2754941399971512E-04   3   1 1  0 0  0 0  0 1
    79  -.3011360332474801E-04   3   0 2  0 0  0 0  0 1
    80  0.5096448783831927E-05   3   1 0  1 0  0 0  0 1
    81  -.4391430041469672E-05   3   0 1  1 0  0 0  0 1
    82  -.1300353295814706E-03   3   0 0  2 0  0 0  0 1
    83  -.1921118691767039E-05   3   1 0  0 1  0 0  0 1
    84  -.1006734814737214E-05   3   0 1  0 1  0 0  0 1
    85  -.6799725238609148E-05   3   0 0  1 1  0 0  0 1
    86  -.8328850944485691E-05   3   0 0  0 2  0 0  0 1
    87  -.4728641484790941E-01   3   1 0  0 0  0 2  0 0
    88  0.1939565553183751       3   0 1  0 0  0 2  0 0
    89  -.3870244043375358E-04   3   0 0  1 0  0 2  0 0
    90  -.2484811005567604E-04   3   0 0  0 1  0 2  0 0
    91  -.3075940874962703E-01   3   1 0  0 0  0 1  1 0
    92  0.1192089876935655       3   0 1  0 0  0 1  1 0
    93  -.2583731783778083E-04   3   0 0  1 0  0 1  1 0
    94  -.2485209324548627E-04   3   0 0  0 1  0 1  1 0
    95  -.4720208173801135E-01   3   1 0  0 0  0 0  2 0
    96  0.1936153248083270       3   0 1  0 0  0 0  2 0
    97  -.3863297119107452E-04   3   0 0  1 0  0 0  2 0
    98  -.2479794825228845E-04   3   0 0  0 1  0 0  2 0
    99  0.6147447769190766E-01   3   1 0  0 0  0 1  0 1
   100  0.3068808653506660E-01   3   0 1  0 0  0 1  0 1
   101  0.5164190565524506E-04   3   0 0  1 0  0 1  0 1
   102  0.2484817868900924E-04   3   0 0  0 1  0 1  0 1
   103  0.6139174823702172E-01   3   1 0  0 0  0 0  1 1
   104  0.3064678795448715E-01   3   0 1  0 0  0 0  1 1
   105  0.5157240841241298E-04   3   0 0  1 0  0 0  1 1
   106  0.2481473918118368E-04   3   0 0  0 1  0 0  1 1
   107  0.2381831024321564E-02   3   1 0  0 0  0 0  0 2
   108  0.4045972372067213E-03   3   0 1  0 0  0 0  0 2
   109  -.3982185422379540E-07   3   0 0  1 0  0 0  0 2
   110  -.5332776082887188E-08   3   0 0  0 1  0 0  0 2
   111  0.3927997722448134E-05   3   0 0  0 0  0 3  0 0
   112  0.2307458995498324E-05   3   0 0  0 0  0 2  1 0
   113  0.2310719591763057E-05   3   0 0  0 0  0 1  2 0
   114  0.3918518010592437E-05   3   0 0  0 0  0 0  3 0
   115  -.4614084562457316E-05   3   0 0  0 0  0 2  0 1
   116  -.2996084670233782E-05   3   0 0  0 0  0 1  1 1
   117  -.4605859150134763E-05   3   0 0  0 0  0 0  2 1
   118  -.1243280291009609E-06   3   0 0  0 0  0 1  0 2
   119  -.1241607142987733E-06   3   0 0  0 0  0 0  1 2
   120  -.5009984791681620E-09   3   0 0  0 0  0 0  0 3
   121  0.9806490324867716E-04   4   4 0  0 0  0 0  0 0
   122  -.6501018744923364E-04   4   3 1  0 0  0 0  0 0
   123  0.7041023325052858E-04   4   2 2  0 0  0 0  0 0
   124  0.2316619317556620E-03   4   1 3  0 0  0 0  0 0
   125  -.3510317281324003E-03   4   0 4  0 0  0 0  0 0
   126  0.2805936062800116E-05   4   3 0  1 0  0 0  0 0
   127  -.6035502962793944E-06   4   2 1  1 0  0 0  0 0
   128  0.1028033049756178E-05   4   1 2  1 0  0 0  0 0
   129  -.4241827728699539E-05   4   0 3  1 0  0 0  0 0
   130  0.2762977655278619E-03   4   2 0  2 0  0 0  0 0
   131  -.2351619456010145E-04   4   1 1  2 0  0 0  0 0
   132  0.2026248645204284E-03   4   0 2  2 0  0 0  0 0
   133  0.1090078096604215E-04   4   1 0  3 0  0 0  0 0
   134  -.2726857885931019E-05   4   0 1  3 0  0 0  0 0
   135  -.5235972027574968E-05   4   0 0  4 0  0 0  0 0
   136  0.2716511941710553E-05   4   3 0  0 1  0 0  0 0
   137  -.2007982006937113E-05   4   2 1  0 1  0 0  0 0
   138  0.2714442932790176E-05   4   1 2  0 1  0 0  0 0
   139  -.1021206578202300E-04   4   0 3  0 1  0 0  0 0
   140  0.1570188948494911E-03   4   2 0  1 1  0 0  0 0
   141  -.5409666713887876E-03   4   1 1  1 1  0 0  0 0
   142  0.9250716175641219E-05   4   0 2  1 1  0 0  0 0
   143  0.1346138774604798E-04   4   1 0  2 1  0 0  0 0
   144  -.2420433553186909E-04   4   0 1  2 1  0 0  0 0
   145  -.1360090573000415E-04   4   0 0  3 1  0 0  0 0
   146  0.2687933291844382E-03   4   2 0  0 2  0 0  0 0
   147  0.1705947970857842E-03   4   1 1  0 2  0 0  0 0
   148  -.4272606670351073E-03   4   0 2  0 2  0 0  0 0
   149  0.1377879313134744E-04   4   1 0  1 2  0 0  0 0
   150  -.1193230276949401E-04   4   0 1  1 2  0 0  0 0
   151  0.7480963862232484E-04   4   0 0  2 2  0 0  0 0
   152  0.7466564864013244E-05   4   1 0  0 3  0 0  0 0
   153  -.1060975056471047E-04   4   0 1  0 3  0 0  0 0
   154  0.2594150683850941E-04   4   0 0  1 3  0 0  0 0
   155  -.6910780615905967E-04   4   0 0  0 4  0 0  0 0
   156  0.1198449999798131E-01   4   3 0  0 0  0 1  0 0
   157  0.1182857860479932       4   2 1  0 0  0 1  0 0
   158  0.2991911503751151       4   1 2  0 0  0 1  0 0
   159  -.3299341072832502       4   0 3  0 0  0 1  0 0
   160  -.9853968380734721E-04   4   2 0  1 0  0 1  0 0
   161  -.1993193756218109E-03   4   1 1  1 0  0 1  0 0
   162  0.1742216078317809E-03   4   0 2  1 0  0 1  0 0
   163  0.1057872042030468       4   1 0  2 0  0 1  0 0
   164  0.2173273007033246       4   0 1  2 0  0 1  0 0
   165  0.4509646213588271E-04   4   0 0  3 0  0 1  0 0
   166  0.6339859209552893E-04   4   2 0  0 1  0 1  0 0
   167  0.2118011436342511E-04   4   1 1  0 1  0 1  0 0
   168  0.1020486376097419E-03   4   0 2  0 1  0 1  0 0
   169  0.1635101959743523       4   1 0  1 1  0 1  0 0
   170  0.2094843176066506E-01   4   0 1  1 1  0 1  0 0
   171  0.2772517614793946E-03   4   0 0  2 1  0 1  0 0
   172  0.2293823572167482       4   1 0  0 2  0 1  0 0
   173  -.3706770711803434       4   0 1  0 2  0 1  0 0
   174  0.2768051058881242E-03   4   0 0  1 2  0 1  0 0
   175  0.8863246931450338E-04   4   0 0  0 3  0 1  0 0
   176  0.1196837182269390E-01   4   3 0  0 0  0 0  1 0
   177  0.1181266026117457       4   2 1  0 0  0 0  1 0
   178  0.2987885130253310       4   1 2  0 0  0 0  1 0
   179  -.3294900975109245       4   0 3  0 0  0 0  1 0
   180  -.9840707374489385E-04   4   2 0  1 0  0 0  1 0
   181  -.1990511409996967E-03   4   1 1  1 0  0 0  1 0
   182  0.1739871486027412E-03   4   0 2  1 0  0 0  1 0
   183  0.1056448407692086       4   1 0  2 0  0 0  1 0
   184  0.2170348318643190       4   0 1  2 0  0 0  1 0
   185  0.4503577344246287E-04   4   0 0  3 0  0 0  1 0
   186  0.6331327325815854E-04   4   2 0  0 1  0 0  1 0
   187  0.2115161116369957E-04   4   1 1  0 1  0 0  1 0
   188  0.1019113053626326E-03   4   0 2  0 1  0 0  1 0
   189  0.1632901516585795       4   1 0  1 1  0 0  1 0
   190  0.2092024034846644E-01   4   0 1  1 1  0 0  1 0
   191  0.2768786491252190E-03   4   0 0  2 1  0 0  1 0
   192  0.2290736652508219       4   1 0  0 2  0 0  1 0
   193  -.3701782314473542       4   0 1  0 2  0 0  1 0
   194  0.2764325946219926E-03   4   0 0  1 2  0 0  1 0
   195  0.8851319191440360E-04   4   0 0  0 3  0 0  1 0
   196  -.2395287182067533E-01   4   3 0  0 0  0 0  0 1
   197  -.9135755455636096E-01   4   2 1  0 0  0 0  0 1
   198  -.1761825973036352       4   1 2  0 0  0 0  0 1
   199  -.5640033631343445E-01   4   0 3  0 0  0 0  0 1
   200  0.1969467575522409E-03   4   2 0  1 0  0 0  0 1
   201  0.2642190597711641E-03   4   1 1  1 0  0 0  0 1
   202  -.9710130074128202E-04   4   0 2  1 0  0 0  0 1
   203  -.2114320449722553       4   1 0  2 0  0 0  0 1
   204  -.2216050237075791       4   0 1  2 0  0 0  0 1
   205  -.9013223557834544E-04   4   0 0  3 0  0 0  0 1
   206  -.3178200101176775E-04   4   2 0  0 1  0 0  0 1
   207  0.2296321375701430E-04   4   1 1  0 1  0 0  0 1
   208  -.4314647970687730E-04   4   0 2  0 1  0 0  0 1
   209  -.2189883384787521       4   1 0  1 1  0 0  0 1
   210  -.2986434035085606E-01   4   0 1  1 1  0 0  0 1
   211  -.3178338179841214E-03   4   0 0  2 1  0 0  0 1
   212  -.1631058774637843       4   1 0  0 2  0 0  0 1
   213  -.4287904571496537E-01   4   0 1  0 2  0 0  0 1
   214  -.2066427661212053E-03   4   0 0  1 2  0 0  0 1
   215  -.4727378169234043E-04   4   0 0  0 3  0 0  0 1
   216  0.1356299084743713E-03   4   2 0  0 0  0 2  0 0
   217  0.2561086080403253E-03   4   1 1  0 0  0 2  0 0
   218  -.5449474541194549E-03   4   0 2  0 0  0 2  0 0
   219  0.3582371884720419E-05   4   1 0  1 0  0 2  0 0
   220  -.1221849131272636E-05   4   0 1  1 0  0 2  0 0
   221  0.9116825551632150E-04   4   0 0  2 0  0 2  0 0
   222  0.5820060173267599E-05   4   1 0  0 1  0 2  0 0
   223  -.1163420112909300E-04   4   0 1  0 1  0 2  0 0
   224  0.4538822513337686E-04   4   0 0  1 1  0 2  0 0
   225  -.1777766509743670E-03   4   0 0  0 2  0 2  0 0
   226  0.1078396756020707E-03   4   2 0  0 0  0 1  1 0
   227  0.3128652925407747E-03   4   1 1  0 0  0 1  1 0
   228  -.6387326988859083E-03   4   0 2  0 0  0 1  1 0
   229  0.2523547671772707E-05   4   1 0  1 0  0 1  1 0
   230  -.1059730268380621E-05   4   0 1  1 0  0 1  1 0
   231  0.1080553602078558E-03   4   0 0  2 0  0 1  1 0
   232  0.6714663644227768E-05   4   1 0  0 1  0 1  1 0
   233  -.1382559334562459E-04   4   0 1  0 1  0 1  1 0
   234  0.4765182877407120E-04   4   0 0  1 1  0 1  1 0
   235  -.2106881943308288E-03   4   0 0  0 2  0 1  1 0
   236  0.1353748213590039E-03   4   2 0  0 0  0 0  2 0
   237  0.2555534294626707E-03   4   1 1  0 0  0 0  2 0
   238  -.5437843013363201E-03   4   0 2  0 0  0 0  2 0
   239  0.3575852861706472E-05   4   1 0  1 0  0 0  2 0
   240  -.1219491756769932E-05   4   0 1  1 0  0 0  2 0
   241  0.9097285766901112E-04   4   0 0  2 0  0 0  2 0
   242  0.5807709671636114E-05   4   1 0  0 1  0 0  2 0
   243  -.1160924145354180E-04   4   0 1  0 1  0 0  2 0
   244  0.4529508000635928E-04   4   0 0  1 1  0 0  2 0
   245  -.1773956404145395E-03   4   0 0  0 2  0 0  2 0
   246  -.1272769084346212E-03   4   2 0  0 0  0 1  0 1
   247  -.1879072855252633E-03   4   1 1  0 0  0 1  0 1
   248  -.5068175903676547E-04   4   0 2  0 0  0 1  0 1
   249  -.4628288975250162E-05   4   1 0  1 0  0 1  0 1
   250  0.8614396469126934E-06   4   0 1  1 0  0 1  0 1
   251  -.8193676957414039E-04   4   0 0  2 0  0 1  0 1
   252  -.4314239877104248E-05   4   1 0  0 1  0 1  0 1
   253  -.1560613422636405E-05   4   0 1  0 1  0 1  0 1
   254  -.4681460421551627E-04   4   0 0  1 1  0 1  0 1
   255  -.2126219335942308E-04   4   0 0  0 2  0 1  0 1
   256  -.1271056251696028E-03   4   2 0  0 0  0 0  1 1
   257  -.1876544087561670E-03   4   1 1  0 0  0 0  1 1
   258  -.5061355391400236E-04   4   0 2  0 0  0 0  1 1
   259  -.4622060442070974E-05   4   1 0  1 0  0 0  1 1
   260  0.8602803620341236E-06   4   0 1  1 0  0 0  1 1
   261  -.8182650293119368E-04   4   0 0  2 0  0 0  1 1
   262  -.4308433976400724E-05   4   1 0  0 1  0 0  1 1
   263  -.1558513222641384E-05   4   0 1  0 1  0 0  1 1
   264  -.4675160332745885E-04   4   0 0  1 1  0 0  1 1
   265  -.2123357970165243E-04   4   0 0  0 2  0 0  1 1
   266  -.2195930283323613E-04   4   2 0  0 0  0 0  0 2
   267  -.1494132109952551E-05   4   1 1  0 0  0 0  0 2
   268  0.1300548607630604E-05   4   0 2  0 0  0 0  0 2
   269  0.6839383741254056E-07   4   1 0  1 0  0 0  0 2
   270  0.3302326218638084E-06   4   0 1  1 0  0 0  0 2
   271  0.7308774397886470E-05   4   0 0  2 0  0 0  0 2
   272  -.2710605814663587E-06   4   1 0  0 1  0 0  0 2
   273  0.1585131648757732E-07   4   0 1  0 1  0 0  0 2
   274  0.1818885247879752E-05   4   0 0  1 1  0 0  0 2
   275  -.1445432953750291E-06   4   0 0  0 2  0 0  0 2
   276  0.3900842033510954E-01   4   1 0  0 0  0 3  0 0
   277  -.1565579596289260       4   0 1  0 0  0 3  0 0
   278  0.3225955970183824E-04   4   0 0  1 0  0 3  0 0
   279  0.2484405323120345E-04   4   0 0  0 1  0 3  0 0
   280  0.2246353719111350E-01   4   1 0  0 0  0 2  1 0
   281  -.8181089619067847E-01   4   0 1  0 0  0 2  1 0
   282  0.1938155031469112E-04   4   0 0  1 0  0 2  1 0
   283  0.2484194555222938E-04   4   0 0  0 1  0 2  1 0
   284  0.2249682920777045E-01   4   1 0  0 0  0 1  2 0
   285  -.8196135750195563E-01   4   0 1  0 0  0 1  2 0
   286  0.1940745860632734E-04   4   0 0  1 0  0 1  2 0
   287  0.2484188231608851E-04   4   0 0  0 1  0 1  2 0
   288  0.3891458199858240E-01   4   1 0  0 0  0 0  3 0
   289  -.1561869527916928       4   0 1  0 0  0 0  3 0
   290  0.3218141581049774E-04   4   0 0  1 0  0 0  3 0
   291  0.2477720926274106E-04   4   0 0  0 1  0 0  3 0
   292  -.4491574424868497E-01   4   1 0  0 0  0 2  0 1
   293  -.3038597211387254E-01   4   0 1  0 0  0 2  0 1
   294  -.3875325767442341E-04   4   0 0  1 0  0 2  0 1
   295  -.2485404824205362E-04   4   0 0  0 1  0 2  0 1
   296  -.2840146739821249E-01   4   1 0  0 0  0 1  1 1
   297  -.3008461525768243E-01   4   0 1  0 0  0 1  1 1
   298  -.2589920603750072E-04   4   0 0  1 0  0 1  1 1
   299  -.2485985699551005E-04   4   0 0  0 1  0 1  1 1
   300  -.4483618807872593E-01   4   1 0  0 0  0 0  2 1
   301  -.3032483687595549E-01   4   0 1  0 0  0 0  2 1
   302  -.3868367840118569E-04   4   0 0  1 0  0 0  2 1
   303  -.2480387322329017E-04   4   0 0  0 1  0 0  2 1
   304  -.2358068005172390E-02   4   1 0  0 0  0 1  0 2
   305  -.6038998802889614E-03   4   0 1  0 0  0 1  0 2
   306  0.5990209981195497E-07   4   0 0  1 0  0 1  0 2
   307  0.1069094941939864E-07   4   0 0  0 1  0 1  0 2
   308  -.2354894628382927E-02   4   1 0  0 0  0 0  1 2
   309  -.6030871802908832E-03   4   0 1  0 0  0 0  1 2
   310  0.5982148638911311E-07   4   0 0  1 0  0 0  1 2
   311  0.1067656204351623E-07   4   0 0  0 1  0 0  1 2
   312  -.1689980503256831E-04   4   1 0  0 0  0 0  0 3
   313  -.2268217015073943E-05   4   0 1  0 0  0 0  0 3
   314  -.1335995921426479E-07   4   0 0  1 0  0 0  0 3
   315  -.1789727738883578E-08   4   0 0  0 1  0 0  0 3
   316  -.5757303953030617E-04   4   0 0  0 0  0 4  0 0
   317  -.3093704152621146E-04   4   0 0  0 0  0 3  1 0
   318  -.2739835651256817E-04   4   0 0  0 0  0 2  2 0
   319  -.3101325811366236E-04   4   0 0  0 0  0 1  3 0
   320  -.5739735719018120E-04   4   0 0  0 0  0 0  4 0
   321  -.2940476250521938E-05   4   0 0  0 0  0 3  0 1
   322  -.3590759131851794E-05   4   0 0  0 0  0 2  1 1
   323  -.3589438463741220E-05   4   0 0  0 0  0 1  2 1
   324  -.2932127636884724E-05   4   0 0  0 0  0 0  3 1
   325  -.5729381136476434E-08   4   0 0  0 0  0 2  0 2
   326  -.1093389584291887E-07   4   0 0  0 0  0 1  1 2
   327  -.5714313644494599E-08   4   0 0  0 0  0 0  2 2
   328  0.8616173882034814E-10   4   0 0  0 0  0 1  0 3
   329  0.8604578641290584E-10   4   0 0  0 0  0 0  1 3
   330  0.3777071375350447E-15   4   0 0  0 0  0 0  0 4
   ----------------------------------------------------
     I  COEFFICIENT            ORDER EXPONENTS
     1  -.5024256923707364E-04   0   0 0  0 0  0 0  0 0
     2  -.4029840309042523       1   1 0  0 0  0 0  0 0
     3  0.8861154763602375       1   0 1  0 0  0 0  0 0
     4  -.3222207007588944E-03   1   0 0  1 0  0 0  0 0
     5  -.9018726120313153E-04   1   0 0  0 1  0 0  0 0
     6  -.3228019184120184E-06   1   0 0  0 0  0 1  0 0
     7  -.3223675068032065E-06   1   0 0  0 0  0 0  1 0
     8  -.4959739981217402E-04   1   0 0  0 0  0 0  0 1
     9  -.1971184161009962E-04   2   2 0  0 0  0 0  0 0
    10  -.2767576236650514E-03   2   1 1  0 0  0 0  0 0
    11  -.5229547895291182E-04   2   0 2  0 0  0 0  0 0
    12  -.9094874437189746E-05   2   1 0  1 0  0 0  0 0
    13  -.1114352428940325E-04   2   0 1  1 0  0 0  0 0
    14  0.2855065131145049E-04   2   0 0  2 0  0 0  0 0
    15  -.1133278482916175E-04   2   1 0  0 1  0 0  0 0
    16  -.5811495957876343E-05   2   0 1  0 1  0 0  0 0
    17  0.2594374158834628E-03   2   0 0  1 1  0 0  0 0
    18  0.4652960491193190E-04   2   0 0  0 2  0 0  0 0
    19  -.5389336871588859E-02   2   1 0  0 0  0 1  0 0
    20  0.5599631217394635E-01   2   0 1  0 0  0 1  0 0
    21  0.7357563689176492E-07   2   0 0  1 0  0 1  0 0
    22  0.4514111886314751E-04   2   0 0  0 1  0 1  0 0
    23  -.5382084156017633E-02   2   1 0  0 0  0 0  1 0
    24  0.5592095497603750E-01   2   0 1  0 0  0 0  1 0
    25  0.7347662226707660E-07   2   0 0  1 0  0 0  1 0
    26  0.4508037007280860E-04   2   0 0  0 1  0 0  1 0
    27  -.3922126098766460       2   1 0  0 0  0 0  0 1
    28  -.1119172671499838       2   0 1  0 0  0 0  0 1
    29  -.3223677530180533E-03   2   0 0  1 0  0 0  0 1
    30  -.9022148893595631E-04   2   0 0  0 1  0 0  0 1
    31  0.2432966703850752E-06   2   0 0  0 0  0 2  0 0
    32  0.1640044967909515E-06   2   0 0  0 0  0 1  1 0
    33  0.2428588984276697E-06   2   0 0  0 0  0 0  2 0
    34  -.6505960623102153E-06   2   0 0  0 0  0 1  0 1
    35  -.6497205207910388E-06   2   0 0  0 0  0 0  1 1
    36  0.6501573652043935E-06   2   0 0  0 0  0 0  0 2
    37  -.1214298344911257       3   3 0  0 0  0 0  0 0
    38  -.1440107161810536       3   2 1  0 0  0 0  0 0
    39  0.1513279422619434       3   1 2  0 0  0 0  0 0
    40  -.5958967278009016E-02   3   0 3  0 0  0 0  0 0
    41  0.3547634645352479E-03   3   2 0  1 0  0 0  0 0
    42  0.2028434502279542E-03   3   1 1  1 0  0 0  0 0
    43  0.3173987393286825E-04   3   0 2  1 0  0 0  0 0
    44  -.4368748291079167       3   1 0  2 0  0 0  0 0
    45  -.8411092202445150E-01   3   0 1  2 0  0 0  0 0
    46  -.1075392390383624E-03   3   0 0  3 0  0 0  0 0
    47  0.9508546453402960E-04   3   2 0  0 1  0 0  0 0
    48  0.3821356703360376E-03   3   1 1  0 1  0 0  0 0
    49  0.5517309822406522E-04   3   0 2  0 1  0 0  0 0
    50  -.3227434539566258       3   1 0  1 1  0 0  0 0
    51  -.9831799830622004E-01   3   0 1  1 1  0 0  0 0
    52  -.8892131462336866E-04   3   0 0  2 1  0 0  0 0
    53  -.2449116338493804       3   1 0  0 2  0 0  0 0
    54  -.1306454500303489       3   0 1  0 2  0 0  0 0
    55  -.2754622076149286E-04   3   0 0  1 2  0 0  0 0
    56  -.4816711211589121E-04   3   0 0  0 3  0 0  0 0
    57  0.7743649470510311E-05   3   2 0  0 0  0 1  0 0
    58  0.1429237368825328E-03   3   1 1  0 0  0 1  0 0
    59  0.5388290399109333E-04   3   0 2  0 0  0 1  0 0
    60  0.4612261603701270E-05   3   1 0  1 0  0 1  0 0
    61  0.6773631675858108E-05   3   0 1  1 0  0 1  0 0
    62  -.1323791118266766E-04   3   0 0  2 0  0 1  0 0
    63  0.6890393373674004E-05   3   1 0  0 1  0 1  0 0
    64  0.6267082621996448E-05   3   0 1  0 1  0 1  0 0
    65  -.1266475557792662E-03   3   0 0  1 1  0 1  0 0
    66  -.4542931190775132E-04   3   0 0  0 2  0 1  0 0
    67  0.7733228431998256E-05   3   2 0  0 0  0 0  1 0
    68  0.1427313968531981E-03   3   1 1  0 0  0 0  1 0
    69  0.5381039091831524E-04   3   0 2  0 0  0 0  1 0
    70  0.4606054639403412E-05   3   1 0  1 0  0 0  1 0
    71  0.6764516041578914E-05   3   0 1  1 0  0 0  1 0
    72  -.1322009622567923E-04   3   0 0  2 0  0 0  1 0
    73  0.6881120607004685E-05   3   1 0  0 1  0 0  1 0
    74  0.6258648677561119E-05   3   0 1  0 1  0 0  1 0
    75  -.1264771194673918E-03   3   0 0  1 1  0 0  1 0
    76  -.4536817528079509E-04   3   0 0  0 2  0 0  1 0
    77  -.3518871951260809E-04   3   2 0  0 0  0 0  0 1
    78  -.2856551337357329E-03   3   1 1  0 0  0 0  0 1
    79  -.5539781595649615E-04   3   0 2  0 0  0 0  0 1
    80  -.1831319068029440E-04   3   1 0  1 0  0 0  0 1
    81  -.1353814771743701E-04   3   0 1  1 0  0 0  0 1
    82  0.5500865871979719E-04   3   0 0  2 0  0 0  0 1
    83  -.1377151398067870E-04   3   1 0  0 1  0 0  0 1
    84  -.6714235341681223E-05   3   0 1  0 1  0 0  0 1
    85  0.2531246752466581E-03   3   0 0  1 1  0 0  0 1
    86  0.4426788227661432E-04   3   0 0  0 2  0 0  0 1
    87  0.4017669901080353E-02   3   1 0  0 0  0 2  0 0
    88  -.4149866843031786E-01   3   0 1  0 0  0 2  0 0
    89  -.7182229490718105E-07   3   0 0  1 0  0 2  0 0
    90  -.3385145764751934E-04   3   0 0  0 1  0 2  0 0
    91  0.2649750638356570E-02   3   1 0  0 0  0 1  1 0
    92  -.2703993941570091E-01   3   0 1  0 0  0 1  1 0
    93  -.7154604811615028E-07   3   0 0  1 0  0 1  1 0
    94  -.2259577487459971E-04   3   0 0  0 1  0 1  1 0
    95  0.4010480155508449E-02   3   1 0  0 0  0 0  2 0
    96  -.4142462694005004E-01   3   0 1  0 0  0 0  2 0
    97  -.7167749822187943E-07   3   0 0  1 0  0 0  2 0
    98  -.3379069778671917E-04   3   0 0  0 1  0 0  2 0
    99  -.1068522365210224E-01   3   1 0  0 0  0 1  0 1
   100  0.5404096035044380E-01   3   0 1  0 0  0 1  0 1
   101  0.2177673474325502E-06   3   0 0  1 0  0 1  0 1
   102  0.4516801881907660E-04   3   0 0  0 1  0 1  0 1
   103  -.1067084398168834E-01   3   1 0  0 0  0 0  1 1
   104  0.5396823457286645E-01   3   0 1  0 0  0 0  1 1
   105  0.2174742863993592E-06   3   0 0  1 0  0 0  1 1
   106  0.4510723382804488E-04   3   0 0  0 1  0 0  1 1
   107  0.1067809403618940E-01   3   1 0  0 0  0 0  0 2
   108  0.1954037207235651E-02   3   0 1  0 0  0 0  0 2
   109  -.2194518180939238E-06   3   0 0  1 0  0 0  0 2
   110  -.3082759008613384E-07   3   0 0  0 1  0 0  0 2
   111  -.2025428635500868E-06   3   0 0  0 0  0 3  0 0
   112  -.1210939620779985E-06   3   0 0  0 0  0 2  1 0
   113  -.1212578269897747E-06   3   0 0  0 0  0 1  2 0
   114  -.2020526332119343E-06   3   0 0  0 0  0 0  3 0
   115  0.4854293407750366E-06   3   0 0  0 0  0 2  0 1
   116  0.3207059882869173E-06   3   0 0  0 0  0 1  1 1
   117  0.4845602773374912E-06   3   0 0  0 0  0 0  2 1
   118  -.3204860511987906E-06   3   0 0  0 0  0 1  0 2
   119  -.3200547561750727E-06   3   0 0  0 0  0 0  1 2
   120  -.3205519276820430E-08   3   0 0  0 0  0 0  0 3
   121  0.3345528504096107E-04   4   4 0  0 0  0 0  0 0
   122  -.2836616203117804E-03   4   3 1  0 0  0 0  0 0
   123  -.2352441578509200E-03   4   2 2  0 0  0 0  0 0
   124  -.1686049881397169E-03   4   1 3  0 0  0 0  0 0
   125  -.4415394831479097E-04   4   0 4  0 0  0 0  0 0
   126  0.4583177699088184E-07   4   3 0  1 0  0 0  0 0
   127  -.6897363687175231E-05   4   2 1  1 0  0 0  0 0
   128  -.3351306706850892E-05   4   1 2  1 0  0 0  0 0
   129  -.7766409406089763E-06   4   0 3  1 0  0 0  0 0
   130  0.8036051049399192E-05   4   2 0  2 0  0 0  0 0
   131  -.6133406761978320E-03   4   1 1  2 0  0 0  0 0
   132  0.2877952964955264E-05   4   0 2  2 0  0 0  0 0
   133  0.7023797706284714E-07   4   1 0  3 0  0 0  0 0
   134  -.9226736074854925E-05   4   0 1  3 0  0 0  0 0
   135  -.4109836179639109E-04   4   0 0  4 0  0 0  0 0
   136  0.2846088138660855E-06   4   3 0  0 1  0 0  0 0
   137  -.4201134992383938E-06   4   2 1  0 1  0 0  0 0
   138  0.3872287034073995E-05   4   1 2  0 1  0 0  0 0
   139  0.8218584962119784E-06   4   0 3  0 1  0 0  0 0
   140  -.7573864991326944E-03   4   2 0  1 1  0 0  0 0
   141  -.8933045311962185E-03   4   1 1  1 1  0 0  0 0
   142  0.1954714195086190E-03   4   0 2  1 1  0 0  0 0
   143  -.1863126509973600E-04   4   1 0  2 1  0 0  0 0
   144  -.1139395056204421E-04   4   0 1  2 1  0 0  0 0
   145  -.1360900097794306E-03   4   0 0  3 1  0 0  0 0
   146  -.1242980235311423E-03   4   2 0  0 2  0 0  0 0
   147  -.7988111463994049E-03   4   1 1  0 2  0 0  0 0
   148  -.1834867499226965E-04   4   0 2  0 2  0 0  0 0
   149  -.6553768707784273E-05   4   1 0  1 2  0 0  0 0
   150  -.1212338929511441E-04   4   0 1  1 2  0 0  0 0
   151  -.8150658947636789E-04   4   0 0  2 2  0 0  0 0
   152  0.3206975299101730E-05   4   1 0  0 3  0 0  0 0
   153  -.3292483521697142E-06   4   0 1  0 3  0 0  0 0
   154  0.1047185627702146E-04   4   0 0  1 3  0 0  0 0
   155  0.6991559842682256E-04   4   0 0  0 4  0 0  0 0
   156  0.5201049399760431E-01   4   3 0  0 0  0 1  0 0
   157  0.1363208336501567       4   2 1  0 0  0 1  0 0
   158  -.1259374424535314       4   1 2  0 0  0 1  0 0
   159  0.1170883888096614E-01   4   0 3  0 0  0 1  0 0
   160  -.1904694513781556E-03   4   2 0  1 0  0 1  0 0
   161  -.2124248488121698E-03   4   1 1  1 0  0 1  0 0
   162  -.4929680517081779E-04   4   0 2  1 0  0 1  0 0
   163  0.2269328961378201       4   1 0  2 0  0 1  0 0
   164  0.8890670110551074E-01   4   0 1  2 0  0 1  0 0
   165  0.5288590105827225E-04   4   0 0  3 0  0 1  0 0
   166  -.9669149924030788E-04   4   2 0  0 1  0 1  0 0
   167  -.4139856433645776E-03   4   1 1  0 1  0 1  0 0
   168  -.8815823582441644E-04   4   0 2  0 1  0 1  0 0
   169  0.3238119290118919       4   1 0  1 1  0 1  0 0
   170  0.1493134973603412       4   0 1  1 1  0 1  0 0
   171  0.8753337946345388E-04   4   0 0  2 1  0 1  0 0
   172  0.2637930820210822       4   1 0  0 2  0 1  0 0
   173  0.2036295235498870       4   0 1  0 2  0 1  0 0
   174  0.4085870961150413E-04   4   0 0  1 2  0 1  0 0
   175  0.7379368006673770E-04   4   0 0  0 3  0 1  0 0
   176  0.5194050072595197E-01   4   3 0  0 0  0 0  1 0
   177  0.1361373794968083       4   2 1  0 0  0 0  1 0
   178  -.1257679617787038       4   1 2  0 0  0 0  1 0
   179  0.1169308167741837E-01   4   0 3  0 0  0 0  1 0
   180  -.1902131265670050E-03   4   2 0  1 0  0 0  1 0
   181  -.2121389774618768E-03   4   1 1  1 0  0 0  1 0
   182  -.4923046385369609E-04   4   0 2  1 0  0 0  1 0
   183  0.2266275005411746       4   1 0  2 0  0 0  1 0
   184  0.8878705465719047E-01   4   0 1  2 0  0 0  1 0
   185  0.5281472970505411E-04   4   0 0  3 0  0 0  1 0
   186  -.9656137637754363E-04   4   2 0  0 1  0 0  1 0
   187  -.4134285209962045E-03   4   1 1  0 1  0 0  1 0
   188  -.8803959662539778E-04   4   0 2  0 1  0 0  1 0
   189  0.3233761581785573       4   1 0  1 1  0 0  1 0
   190  0.1491125582924939       4   0 1  1 1  0 0  1 0
   191  0.8741558116667813E-04   4   0 0  2 1  0 0  1 0
   192  0.2634380817234349       4   1 0  0 2  0 0  1 0
   193  0.2033554885338208       4   0 1  0 2  0 0  1 0
   194  0.4080372388571273E-04   4   0 0  1 2  0 0  1 0
   195  0.7369437200987964E-04   4   0 0  0 3  0 0  1 0
   196  -.2253808292146823       4   3 0  0 0  0 0  0 1
   197  -.2724582131469647       4   2 1  0 0  0 0  0 1
   198  0.1003774619702901       4   1 2  0 0  0 0  0 1
   199  -.1148398600236570E-01   4   0 3  0 0  0 0  0 1
   200  0.7354460424804084E-03   4   2 0  1 0  0 0  0 1
   201  0.4245638262740459E-03   4   1 1  1 0  0 0  0 1
   202  0.6678739509164525E-04   4   0 2  1 0  0 0  0 1
   203  -.8904352257869111       4   1 0  2 0  0 0  0 1
   204  -.1776937557627015       4   0 1  2 0  0 0  0 1
   205  -.2132398698016886E-03   4   0 0  3 0  0 0  0 1
   206  0.1932528756178517E-03   4   2 0  0 1  0 0  0 1
   207  0.4452784940247439E-03   4   1 1  0 1  0 0  0 1
   208  0.6585163600168468E-04   4   0 2  0 1  0 0  0 1
   209  -.6471880871904478       4   1 0  1 1  0 0  0 1
   210  -.2001080573466147       4   0 1  1 1  0 0  0 1
   211  -.1749489606301313E-03   4   0 0  2 1  0 0  0 1
   212  -.2823195298951373       4   1 0  0 2  0 0  0 1
   213  -.1456941120230104       4   0 1  0 2  0 0  0 1
   214  -.5411621273572381E-04   4   0 0  1 2  0 0  0 1
   215  -.5115382784483539E-04   4   0 0  0 3  0 0  0 1
   216  0.5831928986107732E-04   4   2 0  0 0  0 2  0 0
   217  -.2912135708894769E-03   4   1 1  0 0  0 2  0 0
   218  -.6513736103514882E-04   4   0 2  0 0  0 2  0 0
   219  0.2939745449697067E-05   4   1 0  1 0  0 2  0 0
   220  -.2383458583409563E-05   4   0 1  1 0  0 2  0 0
   221  0.3987009430251559E-04   4   0 0  2 0  0 2  0 0
   222  0.5132126137521079E-05   4   1 0  0 1  0 2  0 0
   223  0.1543183741609439E-05   4   0 1  0 1  0 2  0 0
   224  0.1708228500201062E-03   4   0 0  1 1  0 2  0 0
   225  0.1508949903601978E-03   4   0 0  0 2  0 2  0 0
   226  0.5830833988105877E-04   4   2 0  0 0  0 1  1 0
   227  -.2454229049106108E-03   4   1 1  0 0  0 1  1 0
   228  -.6093891158352409E-04   4   0 2  0 0  0 1  1 0
   229  0.3517846457120853E-05   4   1 0  1 0  0 1  1 0
   230  -.8996952220395696E-06   4   0 1  1 0  0 1  1 0
   231  0.3727683316882165E-04   4   0 0  2 0  0 1  1 0
   232  0.6298314232547279E-05   4   1 0  0 1  0 1  1 0
   233  0.2681858273871600E-05   4   0 1  0 1  0 1  1 0
   234  0.1518035142544387E-03   4   0 0  1 1  0 1  1 0
   235  0.1719710496204039E-03   4   0 0  0 2  0 1  1 0
   236  0.5820157220135758E-04   4   2 0  0 0  0 0  2 0
   237  -.2906565301006702E-03   4   1 1  0 0  0 0  2 0
   238  -.6500869788685665E-04   4   0 2  0 0  0 0  2 0
   239  0.2933422202830484E-05   4   1 0  1 0  0 0  2 0
   240  -.2379645653462215E-05   4   0 1  1 0  0 0  2 0
   241  0.3979135630597452E-04   4   0 0  2 0  0 0  2 0
   242  0.5120981576801490E-05   4   1 0  0 1  0 0  2 0
   243  0.1539302438421021E-05   4   0 1  0 1  0 0  2 0
   244  0.1704908196715347E-03   4   0 0  1 1  0 0  2 0
   245  0.1505762077266738E-03   4   0 0  0 2  0 0  2 0
   246  -.1107442099246027E-03   4   2 0  0 0  0 1  0 1
   247  0.2796195036383969E-03   4   1 1  0 0  0 1  0 1
   248  0.5946671112130376E-04   4   0 2  0 0  0 1  0 1
   249  -.4691873404495467E-05   4   1 0  1 0  0 1  0 1
   250  0.3299645527919702E-05   4   0 1  1 0  0 1  0 1
   251  -.9050822338029969E-04   4   0 0  2 0  0 1  0 1
   252  -.3875668176982228E-05   4   1 0  0 1  0 1  0 1
   253  -.3755509323426884E-06   4   0 1  0 1  0 1  0 1
   254  -.2498731646837234E-03   4   0 0  1 1  0 1  0 1
   255  -.1396097684914182E-03   4   0 0  0 2  0 1  0 1
   256  -.1105951755860799E-03   4   2 0  0 0  0 0  1 1
   257  0.2792432048884109E-03   4   1 1  0 0  0 0  1 1
   258  0.5938668362404575E-04   4   0 2  0 0  0 0  1 1
   259  -.4685559302388030E-05   4   1 0  1 0  0 0  1 1
   260  0.3295205020475129E-05   4   0 1  1 0  0 0  1 1
   261  -.9038642167877923E-04   4   0 0  2 0  0 0  1 1
   262  -.3870452485403554E-05   4   1 0  0 1  0 0  1 1
   263  -.3750455335970401E-06   4   0 1  0 1  0 0  1 1
   264  -.2495368971548061E-03   4   0 0  1 1  0 0  1 1
   265  -.1394218882445629E-03   4   0 0  0 2  0 0  1 1
   266  0.4651020238485650E-04   4   2 0  0 0  0 0  0 2
   267  0.4051222457525053E-04   4   1 1  0 0  0 0  0 2
   268  0.5589103028255712E-05   4   0 2  0 0  0 0  0 2
   269  -.1358137352324407E-07   4   1 0  1 0  0 0  0 2
   270  0.2203658860759317E-06   4   0 1  1 0  0 0  0 2
   271  0.6395633925885779E-04   4   0 0  2 0  0 0  0 2
   272  -.3417429918811353E-08   4   1 0  0 1  0 0  0 2
   273  0.2310989856463586E-07   4   0 1  0 1  0 0  0 2
   274  0.4209232635277967E-04   4   0 0  1 1  0 0  0 2
   275  0.5799126273781230E-05   4   0 0  0 2  0 0  0 2
   276  -.3332443190809571E-02   4   1 0  0 0  0 3  0 0
   277  0.3425635147927500E-01   4   0 1  0 0  0 3  0 0
   278  0.7316826801584595E-07   4   0 0  1 0  0 3  0 0
   279  0.2821749641851090E-04   4   0 0  0 1  0 3  0 0
   280  -.1962848855059905E-02   4   1 0  0 0  0 2  1 0
   281  0.1978149850321091E-01   4   0 1  0 0  0 2  1 0
   282  0.7456865355071191E-07   4   0 0  1 0  0 2  1 0
   283  0.1695379737828652E-04   4   0 0  0 1  0 2  1 0
   284  -.1965604505489528E-02   4   1 0  0 0  0 1  2 0
   285  0.1981062480566076E-01   4   0 1  0 0  0 1  2 0
   286  0.7456562794885555E-07   4   0 0  1 0  0 1  2 0
   287  0.1697645795630055E-04   4   0 0  0 1  0 1  2 0
   288  -.3324397250048025E-02   4   1 0  0 0  0 0  3 0
   289  0.3417390805439927E-01   4   0 1  0 0  0 0  3 0
   290  0.7297046055340725E-07   4   0 0  1 0  0 0  3 0
   291  0.2814914332898451E-04   4   0 0  0 1  0 0  3 0
   292  0.7942374442517624E-02   4   1 0  0 0  0 2  0 1
   293  -.3955321030323426E-01   4   0 1  0 0  0 2  0 1
   294  -.2198337225102498E-06   4   0 0  1 0  0 2  0 1
   295  -.3389346462698821E-04   4   0 0  0 1  0 2  0 1
   296  0.5206888275848899E-02   4   1 0  0 0  0 1  1 1
   297  -.2510435624755987E-01   4   0 1  0 0  0 1  1 1
   298  -.2218941410260689E-06   4   0 0  1 0  0 1  1 1
   299  -.2264917416036301E-04   4   0 0  0 1  0 1  1 1
   300  0.7928182376879271E-02   4   1 0  0 0  0 0  2 1
   301  -.3948308932713109E-01   4   0 1  0 0  0 0  2 1
   302  -.2193885733332163E-06   4   0 0  1 0  0 0  2 1
   303  -.3383261230405368E-04   4   0 0  0 1  0 0  2 1
   304  -.5203145712464888E-02   4   1 0  0 0  0 1  0 2
   305  -.1935575097835013E-02   4   0 1  0 0  0 1  0 2
   306  0.2202257806385861E-06   4   0 0  1 0  0 1  0 2
   307  0.4644977611642280E-07   4   0 0  0 1  0 1  0 2
   308  -.5196143564180821E-02   4   1 0  0 0  0 0  1 2
   309  -.1932970292088843E-02   4   0 1  0 0  0 0  1 2
   310  0.2199294111618763E-06   4   0 0  1 0  0 0  1 2
   311  0.4638726619682395E-07   4   0 0  0 1  0 0  1 2
   312  -.9293491984902662E-04   4   1 0  0 0  0 0  0 3
   313  -.1317634151578689E-04   4   0 1  0 0  0 0  0 3
   314  -.7356779086463620E-07   4   0 0  1 0  0 0  0 3
   315  -.1039395383318995E-07   4   0 0  0 1  0 0  0 3
   316  0.1218523606838405E-04   4   0 0  0 0  0 4  0 0
   317  0.6741004783928317E-05   4   0 0  0 0  0 3  1 0
   318  0.6017262588316104E-05   4   0 0  0 0  0 2  2 0
   319  0.6756581701522271E-05   4   0 0  0 0  0 1  3 0
   320  0.1214792345173672E-04   4   0 0  0 0  0 0  4 0
   321  -.1364261065247809E-04   4   0 0  0 0  0 3  0 1
   322  -.7771916094996132E-05   4   0 0  0 0  0 2  1 1
   323  -.7783729789893696E-05   4   0 0  0 0  0 1  2 1
   324  -.1360984879387587E-04   4   0 0  0 0  0 0  3 1
   325  -.3249697779154472E-06   4   0 0  0 0  0 2  0 2
   326  -.3885712921177878E-06   4   0 0  0 0  0 1  1 2
   327  -.3242709884375234E-06   4   0 0  0 0  0 0  2 2
   328  -.1045732915972152E-08   4   0 0  0 0  0 1  0 3
   329  -.1044325617897522E-08   4   0 0  0 0  0 0  1 3
   330  0.2402486291972224E-15   4   0 0  0 0  0 0  0 4
   ----------------------------------------------------
     I  COEFFICIENT            ORDER EXPONENTS
     1  0.8267433640559822E-05   0   0 0  0 0  0 0  0 0
     2  -.1031252782840808E-03   1   1 0  0 0  0 0  0 0
     3  -.2483207396089815E-04   1   0 1  0 0  0 0  0 0
     4   1.134894773316488       1   0 0  1 0  0 0  0 0
     5  0.6323022875326455       1   0 0  0 1  0 0  0 0
     6  -.5282170463314207E-06   1   0 0  0 0  0 1  0 0
     7  -.5275061967244788E-06   1   0 0  0 0  0 0  1 0
     8  0.1055723243081231E-05   1   0 0  0 0  0 0  0 1
     9  0.4213361004811390E-05   2   2 0  0 0  0 0  0 0
    10  -.1079585265345651E-05   2   1 1  0 0  0 0  0 0
    11  0.6157206489139763E-06   2   0 2  0 0  0 0  0 0
    12  -.2924760656931171E-03   2   1 0  1 0  0 0  0 0
    13  0.1751602452445309E-05   2   0 1  1 0  0 0  0 0
    14  -.4285924107376339E-05   2   0 0  2 0  0 0  0 0
    15  0.5732030375184737E-04   2   1 0  0 1  0 0  0 0
    16  0.1904948794415654E-04   2   0 1  0 1  0 0  0 0
    17  0.4980361980832590E-05   2   0 0  1 1  0 0  0 0
    18  0.2596853699828216E-05   2   0 0  0 2  0 0  0 0
    19  0.5160413904680883E-04   2   1 0  0 0  0 1  0 0
    20  0.2484661718056825E-04   2   0 1  0 0  0 1  0 0
    21  -.6872733894781578E-01   2   0 0  1 0  0 1  0 0
    22  -.3327339950121049       2   0 0  0 1  0 1  0 0
    23  0.5153469262849844E-04   2   1 0  0 0  0 0  1 0
    24  0.2481317977414711E-04   2   0 1  0 0  0 0  1 0
    25  -.6863484893406709E-01   2   0 0  1 0  0 0  1 0
    26  -.3322862172828276       2   0 0  0 1  0 0  1 0
    27  -.1031388316753072E-03   2   1 0  0 0  0 0  0 1
    28  -.2482772299398244E-04   2   0 1  0 0  0 0  0 1
    29  0.1373621878818830       2   0 0  1 0  0 0  0 1
    30  0.3271792476228715E-01   2   0 0  0 1  0 0  0 1
    31  0.3999871857115330E-06   2   0 0  0 0  0 2  0 0
    32  0.2721043259160271E-06   2   0 0  0 0  0 1  1 0
    33  0.3992658093165661E-06   2   0 0  0 0  0 0  2 0
    34  -.5438725376817527E-06   2   0 0  0 0  0 1  0 1
    35  -.5431406196523659E-06   2   0 0  0 0  0 0  1 1
    36  0.1564553923282251E-07   2   0 0  0 0  0 0  0 2
    37  0.2859967792299061E-04   3   3 0  0 0  0 0  0 0
    38  -.9741034859131791E-04   3   2 1  0 0  0 0  0 0
    39  -.1136597323587972E-03   3   1 2  0 0  0 0  0 0
    40  -.3598243667082878E-04   3   0 3  0 0  0 0  0 0
    41  -.8227111425899916E-01   3   2 0  1 0  0 0  0 0
    42  -.1014401208776458       3   1 1  1 0  0 0  0 0
    43  0.1176920420777150       3   0 2  1 0  0 0  0 0
    44  -.1101508525860916E-03   3   1 0  2 0  0 0  0 0
    45  -.2338156081020841E-03   3   0 1  2 0  0 0  0 0
    46  0.5839716715637801E-02   3   0 0  3 0  0 0  0 0
    47  0.2066935166603209       3   2 0  0 1  0 0  0 0
    48  -.3654766512311097E-01   3   1 1  0 1  0 0  0 0
    49  0.3310272864793737       3   0 2  0 1  0 0  0 0
    50  -.1435861653119779E-03   3   1 0  1 1  0 0  0 0
    51  -.1519218397961311E-03   3   0 1  1 1  0 0  0 0
    52  0.2865199751996241       3   0 0  2 1  0 0  0 0
    53  -.1851806201168637E-03   3   1 0  0 2  0 0  0 0
    54  -.7557570124609909E-04   3   0 1  0 2  0 0  0 0
    55  0.2915706873854972       3   0 0  1 2  0 0  0 0
    56  0.3724673895871615       3   0 0  0 3  0 0  0 0
    57  -.2038407395098701E-05   3   2 0  0 0  0 1  0 0
    58  0.1405447754839786E-05   3   1 1  0 0  0 1  0 0
    59  -.8657016817090753E-06   3   0 2  0 0  0 1  0 0
    60  0.1593470092861449E-03   3   1 0  1 0  0 1  0 0
    61  0.2596547750815537E-05   3   0 1  1 0  0 1  0 0
    62  0.1907282778043559E-05   3   0 0  2 0  0 1  0 0
    63  -.5548482704917719E-04   3   1 0  0 1  0 1  0 0
    64  -.2748336335623610E-04   3   0 1  0 1  0 1  0 0
    65  -.5901245504980704E-05   3   0 0  1 1  0 1  0 0
    66  -.4166482630896562E-05   3   0 0  0 2  0 1  0 0
    67  -.2035664202493190E-05   3   2 0  0 0  0 0  1 0
    68  0.1403556369487780E-05   3   1 1  0 0  0 0  1 0
    69  -.8645366611849416E-06   3   0 2  0 0  0 0  1 0
    70  0.1591325675908125E-03   3   1 0  1 0  0 0  1 0
    71  0.2593053439223031E-05   3   0 1  1 0  0 0  1 0
    72  0.1904716046767979E-05   3   0 0  2 0  0 0  1 0
    73  -.5541015818384391E-04   3   1 0  0 1  0 0  1 0
    74  -.2744637754107748E-04   3   0 1  0 1  0 0  1 0
    75  -.5893303886896205E-05   3   0 0  1 1  0 0  1 0
    76  -.4160875574931460E-05   3   0 0  0 2  0 0  1 0
    77  0.4074071597588872E-05   3   2 0  0 0  0 0  0 1
    78  -.1729418858968742E-05   3   1 1  0 0  0 0  0 1
    79  0.4987970450515976E-06   3   0 2  0 0  0 0  0 1
    80  -.3184795768769492E-03   3   1 0  1 0  0 0  0 1
    81  -.6941203642501645E-05   3   0 1  1 0  0 0  0 1
    82  -.3811998824821518E-05   3   0 0  2 0  0 0  0 1
    83  0.5357468148119503E-04   3   1 0  0 1  0 0  0 1
    84  0.1683076500895478E-04   3   0 1  0 1  0 0  0 1
    85  0.6814187410867692E-05   3   0 0  1 1  0 0  0 1
    86  0.3133650806102527E-05   3   0 0  0 2  0 0  0 1
    87  -.3870388945881071E-04   3   1 0  0 0  0 2  0 0
    88  -.2485851158393367E-04   3   0 1  0 0  0 2  0 0
    89  0.5215592749935388E-01   3   0 0  1 0  0 2  0 0
    90  0.2577897090959447       3   0 0  0 1  0 2  0 0
    91  -.2583874351360627E-04   3   1 0  0 0  0 1  1 0
    92  -.2486157020956239E-04   3   0 1  0 0  0 1  1 0
    93  0.3562904878108179E-01   3   0 0  1 0  0 1  1 0
    94  0.1830466619130635       3   0 0  0 1  0 1  1 0
    95  -.3863441730680055E-04   3   1 0  0 0  0 0  2 0
    96  -.2480832940589882E-04   3   0 1  0 0  0 0  2 0
    97  0.5206176456279364E-01   3   0 0  1 0  0 0  2 0
    98  0.2573196200691956       3   0 0  0 1  0 0  2 0
    99  0.5164339925162836E-04   3   1 0  0 0  0 1  0 1
   100  0.2485154417624205E-04   3   0 1  0 0  0 1  0 1
   101  -.7121371994698564E-01   3   0 0  1 0  0 1  0 1
   102  -.3315859208348104E-01   3   0 0  0 1  0 1  0 1
   103  0.5157389999878466E-04   3   1 0  0 0  0 0  1 1
   104  0.2481810013930238E-04   3   0 1  0 0  0 0  1 1
   105  -.7111788387886740E-01   3   0 0  1 0  0 0  1 1
   106  -.3311396881296540E-01   3   0 0  0 1  0 0  1 1
   107  -.3986419931099000E-07   3   1 0  0 0  0 0  0 2
   108  -.5352690977420911E-08   3   0 1  0 0  0 0  0 2
   109  0.2484762810985574E-02   3   0 0  1 0  0 0  0 2
   110  0.4183767091448791E-03   3   0 0  0 1  0 0  0 2
   111  -.3359335362561972E-06   3   0 0  0 0  0 3  0 0
   112  -.2079087213218693E-06   3   0 0  0 0  0 2  1 0
   113  -.2081662433734997E-06   3   0 0  0 0  0 1  2 0
   114  -.3351157027688661E-06   3   0 0  0 0  0 0  3 0
   115  0.4157192381624359E-06   3   0 0  0 0  0 2  0 1
   116  0.2879098791874071E-06   3   0 0  0 0  0 1  1 1
   117  0.4149660551271991E-06   3   0 0  0 0  0 0  2 1
   118  -.1580098438519609E-07   3   0 0  0 0  0 1  0 2
   119  -.1577972016508502E-07   3   0 0  0 0  0 0  1 2
   120  0.9654202823181059E-10   3   0 0  0 0  0 0  0 3
   121  0.1356064149529038E-06   4   4 0  0 0  0 0  0 0
   122  -.5150272333222729E-06   4   3 1  0 0  0 0  0 0
   123  -.2015919929898059E-05   4   2 2  0 0  0 0  0 0
   124  -.5913836710115967E-06   4   1 3  0 0  0 0  0 0
   125  -.3057642988198765E-05   4   0 4  0 0  0 0  0 0
   126  0.2130740022938273E-03   4   3 0  1 0  0 0  0 0
   127  0.3304678080714278E-03   4   2 1  1 0  0 0  0 0
   128  -.9483787283409050E-04   4   1 2  1 0  0 0  0 0
   129  -.2091565954398049E-03   4   0 3  1 0  0 0  0 0
   130  0.8842181794338493E-05   4   2 0  2 0  0 0  0 0
   131  0.4792274684205823E-05   4   1 1  2 0  0 0  0 0
   132  -.1279664513999888E-04   4   0 2  2 0  0 0  0 0
   133  0.7554749866706103E-04   4   1 0  3 0  0 0  0 0
   134  0.1034855070942076E-03   4   0 1  3 0  0 0  0 0
   135  0.2168313230779662E-05   4   0 0  4 0  0 0  0 0
   136  -.7527644995014351E-04   4   3 0  0 1  0 0  0 0
   137  0.5886149668275965E-03   4   2 1  0 1  0 0  0 0
   138  0.3756154916207330E-03   4   1 2  0 1  0 0  0 0
   139  -.3354152018786466E-03   4   0 3  0 1  0 0  0 0
   140  -.3838007540256215E-06   4   2 0  1 1  0 0  0 0
   141  0.1450879938584660E-04   4   1 1  1 1  0 0  0 0
   142  -.7432861620716111E-05   4   0 2  1 1  0 0  0 0
   143  -.6818439969905712E-04   4   1 0  2 1  0 0  0 0
   144  0.2004145636532828E-03   4   0 1  2 1  0 0  0 0
   145  -.5631151771571041E-05   4   0 0  3 1  0 0  0 0
   146  -.6058369365675279E-05   4   2 0  0 2  0 0  0 0
   147  -.1884044305049286E-05   4   1 1  0 2  0 0  0 0
   148  -.1817425418281555E-04   4   0 2  0 2  0 0  0 0
   149  0.5527813871284619E-04   4   1 0  1 2  0 0  0 0
   150  -.7457427100836391E-04   4   0 1  1 2  0 0  0 0
   151  -.1269552073017909E-04   4   0 0  2 2  0 0  0 0
   152  0.1873303396429493E-03   4   1 0  0 3  0 0  0 0
   153  -.3410190046718472E-03   4   0 1  0 3  0 0  0 0
   154  -.1061364549401881E-04   4   0 0  1 3  0 0  0 0
   155  -.1546320469061958E-04   4   0 0  0 4  0 0  0 0
   156  -.2551672269059347E-04   4   3 0  0 0  0 1  0 0
   157  0.6846407312973842E-04   4   2 1  0 0  0 1  0 0
   158  0.1573691995055510E-03   4   1 2  0 0  0 1  0 0
   159  0.7033386627119642E-04   4   0 3  0 0  0 1  0 0
   160  0.7754492178110457E-01   4   2 0  1 0  0 1  0 0
   161  0.1504974812472763       4   1 1  1 0  0 1  0 0
   162  -.1693912751235001       4   0 2  1 0  0 1  0 0
   163  0.1132953395332766E-03   4   1 0  2 0  0 1  0 0
   164  0.2721856229173264E-03   4   0 1  2 0  0 1  0 0
   165  -.1007393458402489E-01   4   0 0  3 0  0 1  0 0
   166  -.2081484288259419       4   2 0  0 1  0 1  0 0
   167  0.6422718325575992E-01   4   1 1  0 1  0 1  0 0
   168  -.5105959470662731       4   0 2  0 1  0 1  0 0
   169  0.2182204813684464E-03   4   1 0  1 1  0 1  0 0
   170  0.2600502169303688E-03   4   0 1  1 1  0 1  0 0
   171  -.3314768657059733       4   0 0  2 1  0 1  0 0
   172  0.2936410991573426E-03   4   1 0  0 2  0 1  0 0
   173  0.1570218231087816E-03   4   0 1  0 2  0 1  0 0
   174  -.4608576343103041       4   0 0  1 2  0 1  0 0
   175  -.5983964163154054       4   0 0  0 3  0 1  0 0
   176  -.2548238348775803E-04   4   3 0  0 0  0 0  1 0
   177  0.6837193740671998E-04   4   2 1  0 0  0 0  1 0
   178  0.1571574194534103E-03   4   1 2  0 0  0 0  1 0
   179  0.7023921426868896E-04   4   0 3  0 0  0 0  1 0
   180  0.7744056547993730E-01   4   2 0  1 0  0 0  1 0
   181  0.1502949488297154       4   1 1  1 0  0 0  1 0
   182  -.1691633163285734       4   0 2  1 0  0 0  1 0
   183  0.1131428720047572E-03   4   1 0  2 0  0 0  1 0
   184  0.2718193283336688E-03   4   0 1  2 0  0 0  1 0
   185  -.1006037755762977E-01   4   0 0  3 0  0 0  1 0
   186  -.2078683124801236       4   2 0  0 1  0 0  1 0
   187  0.6414074933945628E-01   4   1 1  0 1  0 0  1 0
   188  -.5099088111042649       4   0 2  0 1  0 0  1 0
   189  0.2179268105289968E-03   4   1 0  1 1  0 0  1 0
   190  0.2597002536041658E-03   4   0 1  1 1  0 0  1 0
   191  -.3310307797620701       4   0 0  2 1  0 0  1 0
   192  0.2932459308049224E-03   4   1 0  0 2  0 0  1 0
   193  0.1568105105394243E-03   4   0 1  0 2  0 0  1 0
   194  -.4602374338255175       4   0 0  1 2  0 0  1 0
   195  -.5975911226197748       4   0 0  0 3  0 0  1 0
   196  0.5099910617835153E-04   4   3 0  0 0  0 0  0 1
   197  -.3942566194514036E-04   4   2 1  0 0  0 0  0 1
   198  -.8720715424136719E-04   4   1 2  0 0  0 0  0 1
   199  -.3262577052739890E-04   4   0 3  0 0  0 0  0 1
   200  -.1549854872610421       4   2 0  1 0  0 0  0 1
   201  -.1993523091993455       4   1 1  1 0  0 0  0 1
   202  0.1031705072966432       4   0 2  1 0  0 0  0 1
   203  -.2264382115380336E-03   4   1 0  2 0  0 0  0 1
   204  -.3101893431489111E-03   4   0 1  2 0  0 0  0 1
   205  0.2013431214165447E-01   4   0 0  3 0  0 0  0 1
   206  0.2093232246457439       4   2 0  0 1  0 0  0 1
   207  -.5527260234899432E-01   4   1 1  0 1  0 0  0 1
   208  0.2742289873241732E-01   4   0 2  0 1  0 0  0 1
   209  -.2925611265854654E-03   4   1 0  1 1  0 0  0 1
   210  -.2159067909422719E-03   4   0 1  1 1  0 0  0 1
   211  0.3759876702684193       4   0 0  2 1  0 0  0 1
   212  -.2165257897285374E-03   4   1 0  0 2  0 0  0 1
   213  -.8710522990990893E-04   4   0 1  0 2  0 0  0 1
   214  0.3379536933648268       4   0 0  1 2  0 0  0 1
   215  0.7858537017369574E-01   4   0 0  0 3  0 0  0 1
   216  -.2451157212792414E-05   4   2 0  0 0  0 2  0 0
   217  -.1279845134736203E-05   4   1 1  0 0  0 2  0 0
   218  -.7551343188176344E-05   4   0 2  0 0  0 2  0 0
   219  -.7069343040572061E-04   4   1 0  1 0  0 2  0 0
   220  -.2066181509869611E-03   4   0 1  1 0  0 2  0 0
   221  -.7487408968430891E-05   4   0 0  2 0  0 2  0 0
   222  0.7399572609892010E-04   4   1 0  0 1  0 2  0 0
   223  -.4714606929593897E-03   4   0 1  0 1  0 2  0 0
   224  -.9114634997385152E-05   4   0 0  1 1  0 2  0 0
   225  -.2183300918570738E-04   4   0 0  0 2  0 2  0 0
   226  -.3030909664828603E-05   4   2 0  0 0  0 1  1 0
   227  -.1283899454569545E-05   4   1 1  0 0  0 1  1 0
   228  -.9147889654878593E-05   4   0 2  0 0  0 1  1 0
   229  -.3085195877112112E-04   4   1 0  1 0  0 1  1 0
   230  -.2426222294314352E-03   4   0 1  1 0  0 1  1 0
   231  -.7353666647947727E-05   4   0 0  2 0  0 1  1 0
   232  0.7834785676309087E-04   4   1 0  0 1  0 1  1 0
   233  -.5709650728731005E-03   4   0 1  0 1  0 1  1 0
   234  -.1155978751823005E-04   4   0 0  1 1  0 1  1 0
   235  -.2660707773949543E-04   4   0 0  0 2  0 1  1 0
   236  -.2445819133242012E-05   4   2 0  0 0  0 0  2 0
   237  -.1277258873781648E-05   4   1 1  0 0  0 0  2 0
   238  -.7535025547010304E-05   4   0 2  0 0  0 0  2 0
   239  -.7057753496269033E-04   4   1 0  1 0  0 0  2 0
   240  -.2061768392359497E-03   4   0 1  1 0  0 0  2 0
   241  -.7472384657306520E-05   4   0 0  2 0  0 0  2 0
   242  0.7384342771142154E-04   4   1 0  0 1  0 0  2 0
   243  -.4704420344347677E-03   4   0 1  0 1  0 0  2 0
   244  -.9094590642540725E-05   4   0 0  1 1  0 0  2 0
   245  -.2178572407526415E-04   4   0 0  0 2  0 0  2 0
   246  0.1684535721490831E-05   4   2 0  0 0  0 1  0 1
   247  0.1376300719127893E-05   4   1 1  0 0  0 1  0 1
   248  0.5907713089177884E-06   4   0 2  0 0  0 1  0 1
   249  0.8638682752056395E-04   4   1 0  1 0  0 1  0 1
   250  0.1740666545768266E-03   4   0 1  1 0  0 1  0 1
   251  0.8575151748042214E-05   4   0 0  2 0  0 1  0 1
   252  -.8316804238369025E-04   4   1 0  0 1  0 1  0 1
   253  0.3727863302975529E-04   4   0 1  0 1  0 1  0 1
   254  0.5979495957058610E-05   4   0 0  1 1  0 1  0 1
   255  0.1668246206902931E-06   4   0 0  0 2  0 1  0 1
   256  0.1682268752706266E-05   4   2 0  0 0  0 0  1 1
   257  0.1374448558482896E-05   4   1 1  0 0  0 0  1 1
   258  0.5899762767323337E-06   4   0 2  0 0  0 0  1 1
   259  0.8627057219935681E-04   4   1 0  1 0  0 0  1 1
   260  0.1738324038765743E-03   4   0 1  1 0  0 0  1 1
   261  0.8563611712952599E-05   4   0 0  2 0  0 0  1 1
   262  -.8305611875182443E-04   4   1 0  0 1  0 0  1 1
   263  0.3722846520230494E-04   4   0 1  0 1  0 0  1 1
   264  0.5971449033203481E-05   4   0 0  1 1  0 0  1 1
   265  0.1666001159779418E-06   4   0 0  0 2  0 0  1 1
   266  0.3308512601027630E-06   4   2 0  0 0  0 0  0 2
   267  0.1602585550777653E-07   4   1 1  0 0  0 0  0 2
   268  -.2250771547182805E-07   4   0 2  0 0  0 0  0 2
   269  0.1639613282555680E-04   4   1 0  1 0  0 0  0 2
   270  -.1248560645245904E-05   4   0 1  1 0  0 0  0 2
   271  -.1611122957035790E-06   4   0 0  2 0  0 0  0 2
   272  0.8942875806210117E-05   4   1 0  0 1  0 0  0 2
   273  0.9402565138181994E-06   4   0 1  0 1  0 0  0 2
   274  0.7477357392286732E-06   4   0 0  1 1  0 0  0 2
   275  0.2250417648377072E-06   4   0 0  0 2  0 0  0 2
   276  0.3226031706368385E-04   4   1 0  0 0  0 3  0 0
   277  0.2485146604203206E-04   4   0 1  0 0  0 3  0 0
   278  -.4387803599794317E-01   4   0 0  1 0  0 3  0 0
   279  -.2203955555621759       4   0 0  0 1  0 3  0 0
   280  0.1938160458846467E-04   4   1 0  0 0  0 2  1 0
   281  0.2484551615412647E-04   4   0 1  0 0  0 2  1 0
   282  -.2733338208188467E-01   4   0 0  1 0  0 2  1 0
   283  -.1456575106398533       4   0 0  0 1  0 2  1 0
   284  0.1940751429732147E-04   4   1 0  0 0  0 1  2 0
   285  0.2484546065384344E-04   4   0 1  0 0  0 1  2 0
   286  -.2736666040713345E-01   4   0 0  1 0  0 1  2 0
   287  -.1458077803263969       4   0 0  0 1  0 1  2 0
   288  0.3218217160704488E-04   4   1 0  0 0  0 0  3 0
   289  0.2478460471052067E-04   4   0 1  0 0  0 0  3 0
   290  -.4377109532435233E-01   4   0 0  1 0  0 0  3 0
   291  -.2198527812930295       4   0 0  0 1  0 0  3 0
   292  -.3875405219182004E-04   4   1 0  0 0  0 2  0 1
   293  -.2485635600552541E-04   4   0 1  0 0  0 2  0 1
   294  0.5465549092968515E-01   4   0 0  1 0  0 2  0 1
   295  0.3347456585726784E-01   4   0 0  0 1  0 2  0 1
   296  -.2589930335462140E-04   4   1 0  0 0  0 1  1 1
   297  -.2486110987694649E-04   4   0 1  0 0  0 1  1 1
   298  0.3814169950920349E-01   4   0 0  1 0  0 1  1 1
   299  0.3378962913392913E-01   4   0 0  0 1  0 1  1 1
   300  -.3868447178387908E-04   4   1 0  0 0  0 0  2 1
   301  -.2480617703805526E-04   4   0 1  0 0  0 0  2 1
   302  0.5455627349499434E-01   4   0 0  1 0  0 0  2 1
   303  0.3340678111891961E-01   4   0 0  0 1  0 0  2 1
   304  0.5992273461486831E-07   4   1 0  0 0  0 1  0 2
   305  0.1071406426293546E-07   4   0 1  0 0  0 1  0 2
   306  -.2512571060383750E-02   4   0 0  1 0  0 1  0 2
   307  -.6314774310844152E-03   4   0 0  0 1  0 1  0 2
   308  0.5984209342268095E-07   4   1 0  0 0  0 0  1 2
   309  0.1069964578018601E-07   4   0 1  0 0  0 0  1 2
   310  -.2509189760664051E-02   4   0 0  1 0  0 0  1 2
   311  -.6306276185181592E-03   4   0 0  0 1  0 0  1 2
   312  -.1334547633138776E-07   4   1 0  0 0  0 0  0 3
   313  -.1785212273512947E-08   4   0 1  0 0  0 0  0 3
   314  0.1741173302766550E-04   4   0 0  1 0  0 0  0 3
   315  0.2324974056634166E-05   4   0 0  0 1  0 0  0 3
   316  -.2005293642051397E-05   4   0 0  0 0  0 4  0 0
   317  -.1206884245737384E-05   4   0 0  0 0  0 3  1 0
   318  -.1100810102294026E-05   4   0 0  0 0  0 2  2 0
   319  -.1209167562555960E-05   4   0 0  0 0  0 1  3 0
   320  -.1999087708654006E-05   4   0 0  0 0  0 0  4 0
   321  -.2816318333007025E-08   4   0 0  0 0  0 3  0 1
   322  0.5225987307022231E-07   4   0 0  0 0  0 2  1 1
   323  0.5214870230767038E-07   4   0 0  0 0  0 1  2 1
   324  -.2845750347289045E-08   4   0 0  0 0  0 0  3 1
   325  0.4652394753484120E-08   4   0 0  0 0  0 2  0 2
   326  0.5494247525030871E-08   4   0 0  0 0  0 1  1 2
   327  0.4642436830192518E-08   4   0 0  0 0  0 0  2 2
   328  -.3544595628490417E-10   4   0 0  0 0  0 1  0 3
   329  -.3539825478744597E-10   4   0 0  0 0  0 0  1 3
   ----------------------------------------------------
     I  COEFFICIENT            ORDER EXPONENTS
     1  0.3357012416492238E-05   0   0 0  0 0  0 0  0 0
     2  -.3222219626669478E-03   1   1 0  0 0  0 0  0 0
     3  -.9021411559255503E-04   1   0 1  0 0  0 0  0 0
     4  0.4249034738587633       1   0 0  1 0  0 0  0 0
     5   1.117872306173674       1   0 0  0 1  0 0  0 0
     6  -.1613648438642861E-06   1   0 0  0 0  0 1  0 0
     7  -.1611476866622754E-06   1   0 0  0 0  0 0  1 0
     8  0.3679524946767637E-05   1   0 0  0 0  0 0  0 1
     9  -.7253510891096234E-06   2   2 0  0 0  0 0  0 0
    10  -.1053738656267879E-04   2   1 1  0 0  0 0  0 0
    11  -.8441595687667172E-06   2   0 2  0 0  0 0  0 0
    12  -.1585782293223032E-03   2   1 0  1 0  0 0  0 0
    13  0.2332593302259205E-03   2   0 1  1 0  0 0  0 0
    14  -.3197494488184334E-05   2   0 0  2 0  0 0  0 0
    15  0.2211985985769072E-03   2   1 0  0 1  0 0  0 0
    16  0.1353659323929317E-03   2   0 1  0 1  0 0  0 0
    17  0.6745907798205586E-05   2   0 0  1 1  0 0  0 0
    18  0.4019603852661332E-06   2   0 0  0 2  0 0  0 0
    19  0.7418948154037645E-07   2   1 0  0 0  0 1  0 0
    20  0.4514129548919795E-04   2   0 1  0 0  0 1  0 0
    21  -.5578582718408211E-02   2   0 0  1 0  0 1  0 0
    22  -.5998687516150707E-01   2   0 0  0 1  0 1  0 0
    23  0.7408964083256389E-07   2   1 0  0 0  0 0  1 0
    24  0.4508054646116410E-04   2   0 1  0 0  0 0  1 0
    25  -.5571075324695167E-02   2   0 0  1 0  0 0  1 0
    26  -.5990614765199796E-01   2   0 0  0 1  0 0  1 0
    27  -.3223702417893207E-03   2   1 0  0 0  0 0  0 1
    28  -.9022184195036208E-04   2   0 1  0 0  0 0  0 1
    29  0.4360531319018667       2   0 0  1 0  0 0  0 1
    30  0.1198930228135052       2   0 0  0 1  0 0  0 1
    31  0.5872168099338084E-07   2   0 0  0 0  0 2  0 0
    32  -.4364430714216167E-07   2   0 0  0 0  0 1  1 0
    33  0.5867202334244975E-07   2   0 0  0 0  0 0  2 0
    34  -.7380230731900193E-07   2   0 0  0 0  0 1  0 1
    35  -.7370298765199354E-07   2   0 0  0 0  0 0  1 1
    36  0.7375379754170812E-07   2   0 0  0 0  0 0  0 2
    37  0.1092247817178128E-03   3   3 0  0 0  0 0  0 0
    38  0.9335077767577273E-04   3   2 1  0 0  0 0  0 0
    39  0.2892353655110971E-04   3   1 2  0 0  0 0  0 0
    40  -.4189175623281367E-04   3   0 3  0 0  0 0  0 0
    41  -.4020618218830169       3   2 0  1 0  0 0  0 0
    42  -.3182764088483447       3   1 1  1 0  0 0  0 0
    43  0.1680935629096120       3   0 2  1 0  0 0  0 0
    44  -.2955032157121686E-03   3   1 0  2 0  0 0  0 0
    45  -.8717716337465695E-04   3   0 1  2 0  0 0  0 0
    46  -.1605959925120568       3   0 0  3 0  0 0  0 0
    47  -.6558434448223403E-01   3   2 0  0 1  0 0  0 0
    48  -.9109125177108297E-01   3   1 1  0 1  0 0  0 0
    49  0.1016621536474409       3   0 2  0 1  0 0  0 0
    50  -.1616811109798699E-03   3   1 0  1 1  0 0  0 0
    51  0.2692385650398298E-03   3   0 1  1 1  0 0  0 0
    52  -.1784099774326001       3   0 0  2 1  0 0  0 0
    53  -.2472818215118010E-04   3   1 0  0 2  0 0  0 0
    54  0.3632418413874763E-04   3   0 1  0 2  0 0  0 0
    55  -.2724590653223044       3   0 0  1 2  0 0  0 0
    56  -.6880882667631081E-02   3   0 0  0 3  0 0  0 0
    57  0.2839228538613957E-06   3   2 0  0 0  0 1  0 0
    58  0.6033333047915222E-05   3   1 1  0 0  0 1  0 0
    59  0.1028298243733124E-05   3   0 2  0 0  0 1  0 0
    60  0.7937719553035582E-04   3   1 0  1 0  0 1  0 0
    61  -.1004520890472573E-03   3   0 1  1 0  0 1  0 0
    62  0.1833066104855091E-05   3   0 0  2 0  0 1  0 0
    63  -.8935868326561281E-04   3   1 0  0 1  0 1  0 0
    64  -.1290048906961171E-03   3   0 1  0 1  0 1  0 0
    65  -.2119717558844556E-05   3   0 0  1 1  0 1  0 0
    66  -.9473757104809431E-07   3   0 0  0 2  0 1  0 0
    67  0.2835407638654878E-06   3   2 0  0 0  0 0  1 0
    68  0.6025213672640489E-05   3   1 1  0 0  0 0  1 0
    69  0.1026914408418723E-05   3   0 2  0 0  0 0  1 0
    70  0.7927037344153042E-04   3   1 0  1 0  0 0  1 0
    71  -.1003169053599616E-03   3   0 1  1 0  0 0  1 0
    72  0.1830599250880584E-05   3   0 0  2 0  0 0  1 0
    73  -.8923842856100267E-04   3   1 0  0 1  0 0  1 0
    74  -.1288312819940082E-03   3   0 1  0 1  0 0  1 0
    75  -.2116864942852707E-05   3   0 0  1 1  0 0  1 0
    76  -.9461007768982169E-07   3   0 0  0 2  0 0  1 0
    77  -.1292814706836551E-05   3   2 0  0 0  0 0  0 1
    78  -.1205854672055571E-04   3   1 1  0 0  0 0  0 1
    79  -.1211053083385140E-05   3   0 2  0 0  0 0  0 1
    80  -.3172257982941885E-03   3   1 0  1 0  0 0  0 1
    81  0.2007689944072182E-03   3   0 1  1 0  0 0  0 1
    82  -.6861159843920031E-05   3   0 0  2 0  0 0  0 1
    83  0.1785971118266158E-03   3   1 0  0 1  0 0  0 1
    84  0.1224702402971934E-03   3   0 1  0 1  0 0  0 1
    85  0.4236582501650757E-05   3   0 0  1 1  0 0  0 1
    86  -.2126127365281667E-06   3   0 0  0 2  0 0  0 1
    87  -.7200125229617121E-07   3   1 0  0 0  0 2  0 0
    88  -.3386038931875181E-04   3   0 1  0 0  0 2  0 0
    89  0.4206905498016528E-02   3   0 0  1 0  0 2  0 0
    90  0.4548927076838696E-01   3   0 0  0 1  0 2  0 0
    91  -.7162694295422855E-07   3   1 0  0 0  0 1  1 0
    92  -.2260618347768327E-04   3   0 1  0 0  0 1  1 0
    93  0.2838986908994283E-02   3   0 0  1 0  0 1  1 0
    94  0.3103062578127969E-01   3   0 0  0 1  0 1  1 0
    95  -.7185616029509855E-07   3   1 0  0 0  0 0  2 0
    96  -.3379961043442477E-04   3   0 1  0 0  0 0  2 0
    97  0.4199333755469218E-02   3   0 0  1 0  0 0  2 0
    98  0.4540717367474524E-01   3   0 0  0 1  0 0  2 0
    99  0.2184537299020713E-06   3   1 0  0 0  0 1  0 1
   100  0.4517580486563897E-04   3   0 1  0 0  0 1  0 1
   101  -.1125295392260931E-01   3   0 0  1 0  0 1  0 1
   102  -.6202242816479232E-01   3   0 0  0 1  0 1  0 1
   103  0.2181597451677437E-06   3   1 0  0 0  0 0  1 1
   104  0.4511500939651271E-04   3   0 1  0 0  0 0  1 1
   105  -.1123781022755354E-01   3   0 0  1 0  0 0  1 1
   106  -.6193896130398386E-01   3   0 0  0 1  0 0  1 1
   107  -.2204327314203019E-06   3   1 0  0 0  0 0  0 2
   108  -.3109618167132170E-07   3   0 1  0 0  0 0  0 2
   109  0.1124545706999567E-01   3   0 0  1 0  0 0  0 2
   110  0.2034228718804833E-02   3   0 0  0 1  0 0  0 2
   111  -.3866331459962037E-07   3   0 0  0 0  0 3  0 0
   112  0.1511819664303764E-08   3   0 0  0 0  0 2  1 0
   113  0.1430826001369639E-08   3   0 0  0 0  0 1  2 0
   114  -.3858628363693058E-07   3   0 0  0 0  0 0  3 0
   115  0.5575193495204840E-07   3   0 0  0 0  0 2  0 1
   116  0.3775001158349931E-07   3   0 0  0 0  0 1  1 1
   117  0.5565150552083201E-07   3   0 0  0 0  0 0  2 1
   118  -.3772423597892564E-07   3   0 0  0 0  0 1  0 2
   119  -.3767346848002668E-07   3   0 0  0 0  0 0  1 2
   120  0.5479689724154060E-09   3   0 0  0 0  0 0  0 3
   121  0.1106940794722652E-05   4   4 0  0 0  0 0  0 0
   122  -.1455095967741806E-05   4   3 1  0 0  0 0  0 0
   123  -.1609125425437600E-05   4   2 2  0 0  0 0  0 0
   124  0.1750022505402688E-06   4   1 3  0 0  0 0  0 0
   125  -.2064254229570742E-05   4   0 4  0 0  0 0  0 0
   126  0.1516443921598097E-08   4   3 0  1 0  0 0  0 0
   127  -.5150540252940520E-03   4   2 1  1 0  0 0  0 0
   128  -.1843376099447428E-03   4   1 2  1 0  0 0  0 0
   129  -.1487559436843920E-03   4   0 3  1 0  0 0  0 0
   130  0.2658902091003721E-06   4   2 0  2 0  0 0  0 0
   131  -.2806609405461569E-04   4   1 1  2 0  0 0  0 0
   132  -.4652978498840913E-05   4   0 2  2 0  0 0  0 0
   133  0.2323976078945498E-08   4   1 0  3 0  0 0  0 0
   134  -.8731727977441967E-08   4   0 1  3 0  0 0  0 0
   135  -.1359828595481883E-05   4   0 0  4 0  0 0  0 0
   136  -.2575331420028059E-03   4   3 0  0 1  0 0  0 0
   137  -.3153521712534319E-03   4   2 1  0 1  0 0  0 0
   138  0.1709380032654182E-03   4   1 2  0 1  0 0  0 0
   139  -.9700796755552513E-05   4   0 3  0 1  0 0  0 0
   140  -.1534151620785506E-04   4   2 0  1 1  0 0  0 0
   141  -.2864192892239157E-04   4   1 1  1 1  0 0  0 0
   142  0.1700277535041308E-04   4   0 2  1 1  0 0  0 0
   143  -.3086190156374712E-03   4   1 0  2 1  0 0  0 0
   144  -.3292991656080253E-04   4   0 1  2 1  0 0  0 0
   145  -.1459315597024894E-04   4   0 0  3 1  0 0  0 0
   146  0.8302967532938851E-06   4   2 0  0 2  0 0  0 0
   147  -.1100666186471113E-04   4   1 1  0 2  0 0  0 0
   148  -.1452032392835809E-06   4   0 2  0 2  0 0  0 0
   149  -.1541001242747454E-03   4   1 0  1 2  0 0  0 0
   150  -.1513812545196814E-03   4   0 1  1 2  0 0  0 0
   151  -.1029579812112513E-04   4   0 0  2 2  0 0  0 0
   152  -.2220593018618454E-04   4   1 0  0 3  0 0  0 0
   153  -.3357802191170681E-04   4   0 1  0 3  0 0  0 0
   154  0.2389816936551021E-05   4   0 0  1 3  0 0  0 0
   155  0.1465066750435855E-05   4   0 0  0 4  0 0  0 0
   156  -.5431038775364994E-04   4   3 0  0 0  0 1  0 0
   157  -.9398709461620417E-04   4   2 1  0 0  0 1  0 0
   158  -.4370598613195649E-04   4   1 2  0 0  0 1  0 0
   159  0.6124586837001745E-04   4   0 3  0 0  0 1  0 0
   160  0.1915501634213523       4   2 0  1 0  0 1  0 0
   161  0.3168540234466247       4   1 1  1 0  0 1  0 0
   162  -.1485879821823780       4   0 2  1 0  0 1  0 0
   163  0.1311051003587338E-03   4   1 0  2 0  0 1  0 0
   164  0.8481914370161894E-04   4   0 1  2 0  0 1  0 0
   165  0.9106630247511492E-01   4   0 0  3 0  0 1  0 0
   166  0.6095135591201623E-01   4   2 0  0 1  0 1  0 0
   167  0.1349557540412024       4   1 1  0 1  0 1  0 0
   168  -.1456335596249484       4   0 2  0 1  0 1  0 0
   169  0.1505951466783910E-03   4   1 0  1 1  0 1  0 0
   170  -.2449036860893774E-03   4   0 1  1 1  0 1  0 0
   171  0.1878420308218100       4   0 0  2 1  0 1  0 0
   172  0.3526529633920556E-04   4   1 0  0 2  0 1  0 0
   173  -.5048089857411151E-04   4   0 1  0 2  0 1  0 0
   174  0.3081345439255795       4   0 0  1 2  0 1  0 0
   175  0.1401791990361122E-01   4   0 0  0 3  0 1  0 0
   176  -.5423729939337097E-04   4   3 0  0 0  0 0  1 0
   177  -.9386061121372915E-04   4   2 1  0 0  0 0  1 0
   178  -.4364716867561179E-04   4   1 2  0 0  0 0  1 0
   179  0.6116344656678276E-04   4   0 3  0 0  0 0  1 0
   180  0.1912923842388663       4   2 0  1 0  0 0  1 0
   181  0.3164276162346860       4   1 1  1 0  0 0  1 0
   182  -.1483880194786667       4   0 2  1 0  0 0  1 0
   183  0.1309286652934403E-03   4   1 0  2 0  0 0  1 0
   184  0.8470499809541411E-04   4   0 1  2 0  0 0  1 0
   185  0.9094374973705008E-01   4   0 0  3 0  0 0  1 0
   186  0.6086933044976772E-01   4   2 0  0 1  0 0  1 0
   187  0.1347741369476581       4   1 1  0 1  0 0  1 0
   188  -.1454375728438768       4   0 2  0 1  0 0  1 0
   189  0.1503924828272965E-03   4   1 0  1 1  0 0  1 0
   190  -.2445741062505499E-03   4   0 1  1 1  0 0  1 0
   191  0.1875892418694179       4   0 0  2 1  0 0  1 0
   192  0.3521783796538827E-04   4   1 0  0 2  0 0  1 0
   193  -.5041296375989256E-04   4   0 1  0 2  0 0  1 0
   194  0.3077198709782424       4   0 0  1 2  0 0  1 0
   195  0.1399905524764616E-01   4   0 0  0 3  0 0  1 0
   196  0.2177724688648337E-03   4   3 0  0 0  0 0  0 1
   197  0.1878477058299338E-03   4   2 1  0 0  0 0  0 1
   198  0.5842961825645805E-04   4   1 2  0 0  0 0  0 1
   199  -.3862580247117245E-04   4   0 3  0 0  0 0  0 1
   200  -.7849043695432361       4   2 0  1 0  0 0  0 1
   201  -.6332816396813095       4   1 1  1 0  0 0  0 1
   202  0.1288824387514320       4   0 2  1 0  0 0  0 1
   203  -.5575369813643431E-03   4   1 0  2 0  0 0  0 1
   204  -.1695241417970324E-03   4   0 1  2 0  0 0  0 1
   205  -.3426060447242218       4   0 0  3 0  0 0  0 1
   206  -.1218206863617859       4   2 0  0 1  0 0  0 1
   207  -.1786386392177770       4   1 1  0 1  0 0  0 1
   208  0.8774682517394271E-01   4   0 2  0 1  0 0  0 1
   209  -.3009876295056871E-03   4   1 0  1 1  0 0  0 1
   210  0.2202392273000981E-03   4   0 1  1 1  0 0  0 1
   211  -.3754312726912285       4   0 0  2 1  0 0  0 1
   212  -.4575495215341346E-04   4   1 0  0 2  0 0  0 1
   213  0.2824549405650826E-04   4   0 1  0 2  0 0  0 1
   214  -.3433953495815187       4   0 0  1 2  0 0  0 1
   215  -.1425520981599451E-01   4   0 0  0 3  0 0  0 1
   216  0.8240318093012668E-06   4   2 0  0 0  0 2  0 0
   217  -.1529833877770117E-05   4   1 1  0 0  0 2  0 0
   218  -.4155537080963564E-05   4   0 2  0 0  0 2  0 0
   219  0.9328746059388052E-04   4   1 0  1 0  0 2  0 0
   220  -.1556800095261514E-03   4   0 1  1 0  0 2  0 0
   221  0.2528853239184151E-05   4   0 0  2 0  0 2  0 0
   222  0.1350342773615418E-03   4   1 0  0 1  0 2  0 0
   223  -.4578783197485181E-04   4   0 1  0 1  0 2  0 0
   224  0.1431273299492158E-04   4   0 0  1 1  0 2  0 0
   225  0.3047199110898869E-05   4   0 0  0 2  0 2  0 0
   226  0.6145277067369538E-06   4   2 0  0 0  0 1  1 0
   227  -.7872560895139571E-07   4   1 1  0 0  0 1  1 0
   228  -.4650258920265636E-05   4   0 2  0 0  0 1  1 0
   229  0.1120106646835936E-03   4   1 0  1 0  0 1  1 0
   230  -.1841865145657070E-03   4   0 1  1 0  0 1  1 0
   231  0.2700924393754732E-05   4   0 0  2 0  0 1  1 0
   232  0.1141341548320408E-03   4   1 0  0 1  0 1  1 0
   233  -.7689846539012305E-04   4   0 1  0 1  0 1  1 0
   234  0.1367470591469002E-04   4   0 0  1 1  0 1  1 0
   235  0.3117416634877498E-05   4   0 0  0 2  0 1  1 0
   236  0.8225093649145623E-06   4   2 0  0 0  0 0  2 0
   237  -.1527722126828815E-05   4   1 1  0 0  0 0  2 0
   238  -.4146815705355797E-05   4   0 2  0 0  0 0  2 0
   239  0.9308654938907409E-04   4   1 0  1 0  0 0  2 0
   240  -.1553465679408300E-03   4   0 1  1 0  0 0  2 0
   241  0.2523632639296098E-05   4   0 0  2 0  0 0  2 0
   242  0.1347757564117052E-03   4   1 0  0 1  0 0  2 0
   243  -.4567446970317435E-04   4   0 1  0 1  0 0  2 0
   244  0.1428427020601603E-04   4   0 0  1 1  0 0  2 0
   245  0.3041000697750691E-05   4   0 0  0 2  0 0  2 0
   246  -.1901258991435400E-05   4   2 0  0 0  0 1  0 1
   247  0.1551704353655822E-05   4   1 1  0 0  0 1  0 1
   248  0.3515082343963350E-05   4   0 2  0 0  0 1  0 1
   249  -.1492925680992807E-03   4   1 0  1 0  0 1  0 1
   250  0.1211989039996387E-03   4   0 1  1 0  0 1  0 1
   251  -.4938095450488010E-05   4   0 0  2 0  0 1  0 1
   252  -.1789440774603792E-03   4   1 0  0 1  0 1  0 1
   253  0.1152440166462967E-04   4   0 1  0 1  0 1  0 1
   254  -.1703296790765006E-04   4   0 0  1 1  0 1  0 1
   255  -.3192177956816260E-05   4   0 0  0 2  0 1  0 1
   256  -.1898700366687959E-05   4   2 0  0 0  0 0  1 1
   257  0.1549616143065962E-05   4   1 1  0 0  0 0  1 1
   258  0.3510351911804932E-05   4   0 2  0 0  0 0  1 1
   259  -.1490916571970476E-03   4   1 0  1 0  0 0  1 1
   260  0.1210358002265424E-03   4   0 1  1 0  0 0  1 1
   261  -.4931449994355115E-05   4   0 0  2 0  0 0  1 1
   262  -.1787032629542752E-03   4   1 0  0 1  0 0  1 1
   263  0.1150889266799566E-04   4   0 1  0 1  0 0  1 1
   264  -.1701004574217589E-04   4   0 0  1 1  0 0  1 1
   265  -.3187882074164113E-05   4   0 0  0 2  0 0  1 1
   266  0.1538891099793943E-05   4   2 0  0 0  0 0  0 2
   267  0.1113987348319675E-05   4   1 1  0 0  0 0  0 2
   268  0.1606706922493330E-06   4   0 2  0 0  0 0  0 2
   269  -.4493692516160767E-09   4   1 0  1 0  0 0  0 2
   270  -.1129983454204516E-09   4   0 1  1 0  0 0  0 2
   271  0.2116134443932320E-05   4   0 0  2 0  0 0  0 2
   272  0.7203010802682213E-05   4   1 0  0 1  0 0  0 2
   273  0.7683284523625017E-06   4   0 1  0 1  0 0  0 2
   274  0.1628240574983131E-05   4   0 0  1 1  0 0  0 2
   275  0.2168981033690430E-06   4   0 0  0 2  0 0  0 2
   276  0.7339608934943911E-07   4   1 0  0 0  0 3  0 0
   277  0.2821968536370169E-04   4   0 1  0 0  0 3  0 0
   278  -.3521693481609025E-02   4   0 0  1 0  0 3  0 0
   279  -.3824709512330258E-01   4   0 0  0 1  0 3  0 0
   280  0.7477033718468058E-07   4   1 0  0 0  0 2  1 0
   281  0.1694903450732679E-04   4   0 1  0 0  0 2  1 0
   282  -.2152117095185575E-02   4   0 0  1 0  0 2  1 0
   283  -.2377248058520341E-01   4   0 0  0 1  0 2  1 0
   284  0.7476736367280165E-07   4   1 0  0 0  0 1  2 0
   285  0.1697170911253305E-04   4   0 1  0 0  0 1  2 0
   286  -.2154872195269339E-02   4   0 0  1 0  0 1  2 0
   287  -.2380159556517613E-01   4   0 0  0 1  0 1  2 0
   288  0.7319768642146821E-07   4   1 0  0 0  0 0  3 0
   289  0.2815133105601844E-04   4   0 1  0 0  0 0  3 0
   290  -.3513138332143035E-02   4   0 0  1 0  0 0  3 0
   291  -.3815391404734852E-01   4   0 0  0 1  0 0  3 0
   292  -.2205093397590613E-06   4   1 0  0 0  0 2  0 1
   293  -.3389616888065404E-04   4   0 1  0 0  0 2  0 1
   294  0.8510135009022092E-02   4   0 0  1 0  0 2  0 1
   295  0.4753509589155718E-01   4   0 0  0 1  0 2  0 1
   296  -.2225590213042099E-06   4   1 0  0 0  0 1  1 1
   297  -.2264681028502792E-04   4   0 1  0 0  0 1  1 1
   298  0.5774678028622491E-02   4   0 0  1 0  0 1  1 1
   299  0.3308664403057261E-01   4   0 0  0 1  0 1  1 1
   300  -.2200628339300079E-06   4   1 0  0 0  0 0  2 1
   301  -.3383531450905681E-04   4   0 1  0 0  0 0  2 1
   302  0.8494796825625830E-02   4   0 0  1 0  0 0  2 1
   303  0.4744886217664943E-01   4   0 0  0 1  0 0  2 1
   304  0.2208124765697643E-06   4   1 0  0 0  0 1  0 2
   305  0.4674043331006588E-07   4   0 1  0 0  0 1  0 2
   306  -.5770921106889843E-02   4   0 0  1 0  0 1  0 2
   307  -.2055947795421114E-02   4   0 0  0 1  0 1  0 2
   308  0.2205153175453184E-06   4   1 0  0 0  0 0  1 2
   309  0.4667753223771422E-07   4   0 1  0 0  0 0  1 2
   310  -.5763154873238261E-02   4   0 0  1 0  0 0  1 2
   311  -.2053180997771493E-02   4   0 0  0 1  0 0  1 2
   312  -.7363168760211431E-07   4   1 0  0 0  0 0  0 3
   313  -.1040853406750386E-07   4   0 1  0 0  0 0  0 3
   314  0.9620630337750142E-04   4   0 0  1 0  0 0  0 3
   315  0.1355711852765018E-04   4   0 0  0 1  0 0  0 3
   316  -.4040325046135985E-06   4   0 0  0 0  0 4  0 0
   317  -.2517696207502072E-06   4   0 0  0 0  0 3  1 0
   318  -.2253205854885873E-06   4   0 0  0 0  0 2  2 0
   319  -.2522133396112061E-06   4   0 0  0 0  0 1  3 0
   320  -.4027763353932073E-06   4   0 0  0 0  0 0  4 0
   321  0.4824277568244764E-06   4   0 0  0 0  0 3  0 1
   322  0.3035809091131778E-06   4   0 0  0 0  0 2  1 1
   323  0.3039406240497573E-06   4   0 0  0 0  0 1  2 1
   324  0.4812499170638343E-06   4   0 0  0 0  0 0  3 1
   325  -.1098230549665920E-07   4   0 0  0 0  0 2  0 2
   326  -.1321439049078045E-07   4   0 0  0 0  0 1  1 2
   327  -.1095863437552498E-07   4   0 0  0 0  0 0  2 2
   328  0.3370938570656782E-10   4   0 0  0 0  0 1  0 3
   329  0.3366402120395238E-10   4   0 0  0 0  0 0  1 3
   ----------------------------------------------------
     I  COEFFICIENT            ORDER EXPONENTS
     1  0.3938247169425712E-07   0   0 0  0 0  0 0  0 0
     2  -.2282613138355219E-05   1   1 0  0 0  0 0  0 0
     3  0.5820613837048188E-05   1   0 1  0 0  0 0  0 0
     4  -.4339223001740124E-07   1   0 0  1 0  0 0  0 0
     5  -.4890295858184553E-06   1   0 0  0 1  0 0  0 0
     6   1.000000000000000       1   0 0  0 0  1 0  0 0
     7  0.1497981744628626       1   0 0  0 0  0 1  0 0
     8  -.1497981742075200       1   0 0  0 0  0 0  1 0
     9  -.2553799745186777E-09   1   0 0  0 0  0 0  0 1
    10  -.1052259634972134E-01   2   2 0  0 0  0 0  0 0
    11  0.5964948953528529E-01   2   1 1  0 0  0 0  0 0
    12  -.1350582713720415       2   0 2  0 0  0 0  0 0
    13  0.7105674884269448E-06   2   1 0  1 0  0 0  0 0
    14  0.5174668735565854E-04   2   0 1  1 0  0 0  0 0
    15  -.1143569781051194E-01   2   0 0  2 0  0 0  0 0
    16  0.5174682954955268E-04   2   1 0  0 1  0 0  0 0
    17  0.2487376443142469E-04   2   0 1  0 1  0 0  0 0
    18  -.7330104096891232E-01   2   0 0  1 1  0 0  0 0
    19  -.1670121402272584       2   0 0  0 2  0 0  0 0
    20  0.3382123155754998E-05   2   1 0  0 0  0 1  0 0
    21  -.8405672029764866E-05   2   0 1  0 0  0 1  0 0
    22  0.2016034841512548E-06   2   0 0  1 0  0 1  0 0
    23  0.7991664510687620E-06   2   0 0  0 1  0 1  0 0
    24  0.1101081432875654E-05   2   1 0  0 0  0 0  1 0
    25  -.2589345857899861E-05   2   0 1  0 0  0 0  1 0
    26  0.1580566170330660E-06   2   0 0  1 0  0 0  1 0
    27  0.3103790283783406E-06   2   0 0  0 1  0 0  1 0
    28  -.4483155221411498E-05   2   1 0  0 0  0 0  0 1
    29  0.5174176471466829E-05   2   0 1  0 0  0 0  0 1
    30  -.3596603431399710E-06   2   0 0  1 0  0 0  0 1
    31  -.6205251035232982E-06   2   0 0  0 1  0 0  0 1
    32  -.1124242785896328       2   0 0  0 0  0 2  0 0
    33  0.7505038233731613E-01   2   0 0  0 0  0 1  1 0
    34  0.3737389587316010E-01   2   0 0  0 0  0 0  2 0
    35  0.3789377857130792E-09   2   0 0  0 0  0 1  0 1
    36  0.1237347487431180E-09   2   0 0  0 0  0 0  1 1
    37  -.1236495771399406E-09   2   0 0  0 0  0 0  0 2
    38  0.5432219173631820E-05   3   3 0  0 0  0 0  0 0
    39  -.8141605941495238E-04   3   2 1  0 0  0 0  0 0
    40  0.1095026883459594E-04   3   1 2  0 0  0 0  0 0
    41  0.1509546659285767E-04   3   0 3  0 0  0 0  0 0
    42  -.1515606031882494E-05   3   2 0  1 0  0 0  0 0
    43  -.4760320639823561E-05   3   1 1  1 0  0 0  0 0
    44  0.1632853755627030E-05   3   0 2  1 0  0 0  0 0
    45  -.8246851952108397E-05   3   1 0  2 0  0 0  0 0
    46  0.4855230806949308E-04   3   0 1  2 0  0 0  0 0
    47  -.2141193334417912E-06   3   0 0  3 0  0 0  0 0
    48  -.3101802762672940E-05   3   2 0  0 1  0 0  0 0
    49  0.5444115221227758E-06   3   1 1  0 1  0 0  0 0
    50  -.1647136538645687E-08   3   0 2  0 1  0 0  0 0
    51  0.1275482836623743E-03   3   1 0  1 1  0 0  0 0
    52  -.1329858159543759E-04   3   0 1  1 1  0 0  0 0
    53  0.6842237022850912E-06   3   0 0  2 1  0 0  0 0
    54  -.3651157818598247E-04   3   1 0  0 2  0 0  0 0
    55  -.9425241828403531E-05   3   0 1  0 2  0 0  0 0
    56  -.3419691921716237E-05   3   0 0  1 2  0 0  0 0
    57  -.1454189980532307E-05   3   0 0  0 3  0 0  0 0
    58  0.1556044986200545E-01   3   2 0  0 0  0 1  0 0
    59  -.8624414047555265E-01   3   1 1  0 0  0 1  0 0
    60  0.1954607623888421       3   0 2  0 0  0 1  0 0
    61  -.1422072099724008E-05   3   1 0  1 0  0 1  0 0
    62  -.7776524183717768E-04   3   0 1  1 0  0 1  0 0
    63  0.1738686398349597E-01   3   0 0  2 0  0 1  0 0
    64  -.7776320257263877E-04   3   1 0  0 1  0 1  0 0
    65  -.4979994353922470E-04   3   0 1  0 1  0 1  0 0
    66  0.1135538475680242       3   0 0  1 1  0 1  0 0
    67  0.2594130157352755       3   0 0  0 2  0 1  0 0
    68  0.5045190066595009E-02   3   2 0  0 0  0 0  1 0
    69  -.2663910883405048E-01   3   1 1  0 0  0 0  1 0
    70  0.6050284217805968E-01   3   0 2  0 0  0 0  1 0
    71  -.7111714206855743E-06   3   1 0  1 0  0 0  1 0
    72  -.2605320202394974E-04   3   0 1  1 0  0 0  1 0
    73  0.5958489655468091E-02   3   0 0  2 0  0 0  1 0
    74  -.2605165257607641E-04   3   1 0  0 1  0 0  1 0
    75  -.2491895625427459E-04   3   0 1  0 1  0 0  1 0
    76  0.4029715699427436E-01   3   0 0  1 1  0 0  1 0
    77  0.9250103609919796E-01   3   0 0  0 2  0 0  1 0
    78  -.2060558800277579E-01   3   2 0  0 0  0 0  0 1
    79  0.5323400004252471E-01   3   1 1  0 0  0 0  0 1
    80  0.1415241626570743E-01   3   0 2  0 0  0 0  0 1
    81  0.2132916142328866E-05   3   1 0  1 0  0 0  0 1
    82  0.5207103073223279E-04   3   0 1  1 0  0 0  0 1
    83  -.2334527980969070E-01   3   0 0  2 0  0 0  0 1
    84  0.5207047025689863E-04   3   1 0  0 1  0 0  0 1
    85  0.2494290109734565E-04   3   0 1  0 1  0 0  0 1
    86  -.8054999649939062E-01   3   0 0  1 1  0 0  0 1
    87  -.1788999018393363E-01   3   0 0  0 2  0 0  0 1
    88  -.4189549764709604E-05   3   1 0  0 0  0 2  0 0
    89  0.1018630859993288E-04   3   0 1  0 0  0 2  0 0
    90  -.2906773386656992E-06   3   0 0  1 0  0 2  0 0
    91  -.1046332936321192E-05   3   0 0  0 1  0 2  0 0
    92  -.1615693376049728E-05   3   1 0  0 0  0 1  1 0
    93  0.3563619546507312E-05   3   0 1  0 0  0 1  1 0
    94  -.1783333477177095E-06   3   0 0  1 0  0 1  1 0
    95  -.4944965770260461E-06   3   0 0  0 1  0 1  1 0
    96  -.8090309423195193E-06   3   1 0  0 0  0 0  2 0
    97  0.1785058497442051E-05   3   0 1  0 0  0 0  2 0
    98  -.8918189985416645E-07   3   0 0  1 0  0 0  2 0
    99  -.2474521133661849E-06   3   0 0  0 1  0 0  2 0
   100  0.6612818464059807E-05   3   1 0  0 0  0 1  0 1
   101  -.7125579955221949E-05   3   0 1  0 0  0 1  0 1
   102  0.5580836096673482E-06   3   0 0  1 0  0 1  0 1
   103  0.9888031844109978E-06   3   0 0  0 1  0 1  0 1
   104  0.2132822342015270E-05   3   1 0  0 0  0 0  1 1
   105  -.1955731169061618E-05   3   0 1  0 0  0 0  1 1
   106  0.1986396004230923E-06   3   0 0  1 0  0 0  1 1
   107  0.3686164192402928E-06   3   0 0  0 1  0 0  1 1
   108  -.2131266200857155E-05   3   1 0  0 0  0 0  0 2
   109  -.6335383411158745E-06   3   0 1  0 0  0 0  0 2
   110  -.1985315517070018E-06   3   0 0  1 0  0 0  0 2
   111  -.5818498575249272E-07   3   0 0  0 1  0 0  0 2
   112  0.9369947767555416E-01   3   0 0  0 0  0 3  0 0
   113  -.5625011915089206E-01   3   0 0  0 0  0 2  1 0
   114  -.1880030911718437E-01   3   0 0  0 0  0 1  2 0
   115  -.1864917621022396E-01   3   0 0  0 0  0 0  3 0
   116  -.5071967313808109E-08   3   0 0  0 0  0 2  0 1
   117  -.3060413602454505E-08   3   0 0  0 0  0 1  1 1
   118  -.1530526094663280E-08   3   0 0  0 0  0 0  2 1
   119  0.7634541254242990E-10   3   0 0  0 0  0 1  0 2
   120  -.2422162696673132E-11   3   0 0  0 0  0 0  1 2
   121  0.2325808253399095E-11   3   0 0  0 0  0 0  0 3
   122  -.1837014174831768E-01   4   4 0  0 0  0 0  0 0
   123  -.2892734439922116E-01   4   3 1  0 0  0 0  0 0
   124  0.4560754436279003E-01   4   2 2  0 0  0 0  0 0
   125  0.9388848199154136E-01   4   1 3  0 0  0 0  0 0
   126  -.8357319714802633E-01   4   0 4  0 0  0 0  0 0
   127  0.5474549810023746E-04   4   3 0  1 0  0 0  0 0
   128  0.1606802179557902E-05   4   2 1  1 0  0 0  0 0
   129  -.4825435201704785E-04   4   1 2  1 0  0 0  0 0
   130  0.6525941584314028E-04   4   0 3  1 0  0 0  0 0
   131  -.1070697556002016       4   2 0  2 0  0 0  0 0
   132  -.2048386181637695E-01   4   1 1  2 0  0 0  0 0
   133  0.7738586187411067E-01   4   0 2  2 0  0 0  0 0
   134  -.5438381880742087E-04   4   1 0  3 0  0 0  0 0
   135  0.1342851949745367E-04   4   0 1  3 0  0 0  0 0
   136  -.1860499601118568E-01   4   0 0  4 0  0 0  0 0
   137  0.8186752986219014E-05   4   3 0  0 1  0 0  0 0
   138  0.1170157084391846E-03   4   2 1  0 1  0 0  0 0
   139  0.8036243794180145E-04   4   1 2  0 1  0 0  0 0
   140  0.4569184820006461E-04   4   0 3  0 1  0 0  0 0
   141  -.4996048792818922E-01   4   2 0  1 1  0 0  0 0
   142  0.6040935315146546E-01   4   1 1  1 1  0 0  0 0
   143  -.7378103470141519E-01   4   0 2  1 1  0 0  0 0
   144  0.1733168337531717E-04   4   1 0  2 1  0 0  0 0
   145  0.2285767785859847E-03   4   0 1  2 1  0 0  0 0
   146  -.5498274814876024E-01   4   0 0  3 1  0 0  0 0
   147  -.1349361424310062       4   2 0  0 2  0 0  0 0
   148  0.7447883282028256E-01   4   1 1  0 2  0 0  0 0
   149  -.2258316990119622       4   0 2  0 2  0 0  0 0
   150  0.6328868035518021E-04   4   1 0  1 2  0 0  0 0
   151  0.1607466337624446E-03   4   0 1  1 2  0 0  0 0
   152  -.1860337342902227       4   0 0  2 2  0 0  0 0
   153  0.9204832328599418E-04   4   1 0  0 3  0 0  0 0
   154  0.5926338934824537E-04   4   0 1  0 3  0 0  0 0
   155  -.1620227865386791       4   0 0  1 3  0 0  0 0
   156  -.1509740934638408       4   0 0  0 4  0 0  0 0
   157  -.4833731735903898E-04   4   3 0  0 0  0 1  0 0
   158  0.2548508515015241E-03   4   2 1  0 0  0 1  0 0
   159  0.3012383662002212E-03   4   1 2  0 0  0 1  0 0
   160  -.3496582509897470E-03   4   0 3  0 0  0 1  0 0
   161  -.1067467179468442E-05   4   2 0  1 0  0 1  0 0
   162  0.5535800780129835E-05   4   1 1  1 0  0 1  0 0
   163  -.3342950397009837E-05   4   0 2  1 0  0 1  0 0
   164  -.4509909574057973E-04   4   1 0  2 0  0 1  0 0
   165  0.1518929628501272E-03   4   0 1  2 0  0 1  0 0
   166  -.2783580722074284E-05   4   0 0  3 0  0 1  0 0
   167  -.5439348549602176E-05   4   2 0  0 1  0 1  0 0
   168  0.2491966194065468E-07   4   1 1  0 1  0 1  0 0
   169  -.1382339680780374E-04   4   0 2  0 1  0 1  0 0
   170  -.2033623308816305E-03   4   1 0  1 1  0 1  0 0
   171  -.5378344241052928E-04   4   0 1  1 1  0 1  0 0
   172  -.1643457739086791E-04   4   0 0  2 1  0 1  0 0
   173  0.1210946112579071E-03   4   1 0  0 2  0 1  0 0
   174  -.4001062504974609E-03   4   0 1  0 2  0 1  0 0
   175  -.1243761661112499E-04   4   0 0  1 2  0 1  0 0
   176  -.1550619058847114E-04   4   0 0  0 3  0 1  0 0
   177  -.2112926855429958E-04   4   3 0  0 0  0 0  1 0
   178  0.9925220327233419E-04   4   2 1  0 0  0 0  1 0
   179  0.1767921746120892E-03   4   1 2  0 0  0 0  1 0
   180  -.2054186028151993E-03   4   0 3  0 0  0 0  1 0
   181  -.6073101462340119E-06   4   2 0  1 0  0 0  1 0
   182  0.1656061432583840E-05   4   1 1  1 0  0 0  1 0
   183  -.1799647746114558E-05   4   0 2  1 0  0 0  1 0
   184  -.2453896774196534E-04   4   1 0  2 0  0 0  1 0
   185  0.8799094525375219E-04   4   0 1  2 0  0 0  1 0
   186  -.1402364628197017E-05   4   0 0  3 0  0 0  1 0
   187  -.3339125244520678E-05   4   2 0  0 1  0 0  1 0
   188  0.2738489580462719E-06   4   1 1  0 1  0 0  1 0
   189  -.8292230085898308E-05   4   0 2  0 1  0 0  1 0
   190  -.6807867228769957E-04   4   1 0  1 1  0 0  1 0
   191  -.4069755950688482E-04   4   0 1  1 1  0 0  1 0
   192  -.8137607263774007E-05   4   0 0  2 1  0 0  1 0
   193  0.6680644610217302E-04   4   1 0  0 2  0 0  1 0
   194  -.2403970061502545E-03   4   0 1  0 2  0 0  1 0
   195  -.7519714172229395E-05   4   0 0  1 2  0 0  1 0
   196  -.9399628452463873E-05   4   0 0  0 3  0 0  1 0
   197  0.4835667022082221E-04   4   3 0  0 0  0 0  0 1
   198  -.1157973513479999E-03   4   2 1  0 0  0 0  0 1
   199  -.1110640006546856E-03   4   1 2  0 0  0 0  0 1
   200  -.2177239411170562E-04   4   0 3  0 0  0 0  0 1
   201  0.7487628199430224E-06   4   2 0  1 0  0 0  0 1
   202  -.3130939357976399E-05   4   1 1  1 0  0 0  0 1
   203  0.1389963973167137E-05   4   0 2  1 0  0 0  0 1
   204  0.4335851550718993E-04   4   1 0  2 0  0 0  0 1
   205  -.5975935943524281E-04   4   0 1  2 0  0 0  0 1
   206  0.3045967853291432E-05   4   0 0  3 0  0 0  0 1
   207  0.2025028614274403E-05   4   2 0  0 1  0 0  0 1
   208  0.8163945840318711E-06   4   1 1  0 1  0 0  0 1
   209  0.7038377076518007E-07   4   0 2  0 1  0 0  0 1
   210  0.1359923869850266E-03   4   1 0  1 1  0 0  0 1
   211  0.1917346150865517E-04   4   0 1  1 1  0 0  0 1
   212  0.1013776569850035E-04   4   0 0  2 1  0 0  0 1
   213  -.5783938396189453E-04   4   1 0  0 2  0 0  0 1
   214  -.6482249648551476E-05   4   0 1  0 2  0 0  0 1
   215  0.5138950870458159E-05   4   0 0  1 2  0 0  0 1
   216  0.5257630439376540E-06   4   0 0  0 3  0 0  0 1
   217  -.1923183716789162E-01   4   2 0  0 0  0 2  0 0
   218  0.1046418785114713       4   1 1  0 0  0 2  0 0
   219  -.2374550291482178       4   0 2  0 0  0 2  0 0
   220  0.2133799114581780E-05   4   1 0  1 0  0 2  0 0
   221  0.9740358372346795E-04   4   0 1  1 0  0 2  0 0
   222  -.2197169105364357E-01   4   0 0  2 0  0 2  0 0
   223  0.9740557033832524E-04   4   1 0  0 1  0 2  0 0
   224  0.7472994406222328E-04   4   0 1  0 1  0 2  0 0
   225  -.1456158179938337       4   0 0  1 1  0 2  0 0
   226  -.3334496250440035       4   0 0  0 2  0 2  0 0
   227  -.7346524563948839E-02   4   2 0  0 0  0 1  1 0
   228  0.3681749146651105E-01   4   1 1  0 0  0 1  1 0
   229  -.8403808921478065E-01   4   0 2  0 0  0 1  1 0
   230  0.1423025684801278E-05   4   1 0  1 0  0 1  1 0
   231  0.3929488556903495E-04   4   0 1  1 0  0 1  1 0
   232  -.9173433789072694E-02   4   0 0  2 0  0 1  1 0
   233  0.3929956096603007E-04   4   1 0  0 1  0 1  1 0
   234  0.4987380799324609E-04   4   0 1  0 1  0 1  1 0
   235  -.6414611310012761E-01   4   0 0  1 1  0 1  1 0
   236  -.1481228184700631       4   0 0  0 2  0 1  1 0
   237  -.3678770295824864E-02   4   2 0  0 0  0 0  2 0
   238  0.1844190602116664E-01   4   1 1  0 0  0 0  2 0
   239  -.4209378391155114E-01   4   0 2  0 0  0 0  2 0
   240  0.7118869425876942E-06   4   1 0  1 0  0 0  2 0
   241  0.1967318717411806E-04   4   0 1  1 0  0 0  2 0
   242  -.4592217979688470E-02   4   0 0  2 0  0 0  2 0
   243  0.1967593452574362E-04   4   1 0  0 1  0 0  2 0
   244  0.2493695765902914E-04   4   0 1  0 1  0 0  2 0
   245  -.3210614672269512E-01   4   0 0  1 1  0 0  2 0
   246  -.7413596937543727E-01   4   0 0  0 2  0 0  2 0
   247  0.3024985424506457E-01   4   2 0  0 0  0 1  0 1
   248  -.7361248139365727E-01   4   1 1  0 0  0 1  0 1
   249  -.2743519873511954E-01   4   0 2  0 0  0 1  0 1
   250  -.4267644644564263E-05   4   1 0  1 0  0 1  0 1
   251  -.7857569992882855E-04   4   0 1  1 0  0 1  0 1
   252  0.3573011720204097E-01   4   0 0  2 0  0 1  0 1
   253  -.7857686331185014E-04   4   1 0  0 1  0 1  0 1
   254  -.4998960888466460E-04   4   0 1  0 1  0 1  0 1
   255  0.1282700556474735       4   0 0  1 1  0 1  0 1
   256  0.3678262550728353E-01   4   0 0  0 2  0 1  0 1
   257  0.9658980154758402E-02   4   2 0  0 0  0 0  1 1
   258  -.2042260035028258E-01   4   1 1  0 0  0 0  1 1
   259  -.1328392715084612E-01   4   0 2  0 0  0 0  1 1
   260  -.2134722200427363E-05   4   1 0  1 0  0 0  1 1
   261  -.2653898089776808E-04   4   0 1  1 0  0 0  1 1
   262  0.1239954515972028E-01   4   0 0  2 0  0 0  1 1
   263  -.2654070168299028E-04   4   1 0  0 1  0 0  1 1
   264  -.2504652291630712E-04   4   0 1  0 1  0 0  1 1
   265  0.4776409425041396E-01   4   0 0  1 1  0 0  1 1
   266  0.1889125361109343E-01   4   0 0  0 2  0 0  1 1
   267  -.9651645378737132E-02   4   2 0  0 0  0 0  0 2
   268  -.6216540216369011E-02   4   1 1  0 0  0 0  0 2
   269  -.8690922249382511E-03   4   0 2  0 0  0 0  0 2
   270  0.2133970401804783E-05   4   1 0  1 0  0 0  0 2
   271  0.4867972764295491E-06   4   0 1  1 0  0 0  0 2
   272  -.1239223712935423E-01   4   0 0  2 0  0 0  0 2
   273  0.4866835942571161E-06   4   1 0  0 1  0 0  0 2
   274  0.1034504068111139E-06   4   0 1  0 1  0 0  0 2
   275  -.7467098929750770E-02   4   0 0  1 1  0 0  0 2
   276  -.1001964932106661E-02   4   0 0  0 2  0 0  0 2
   277  0.5113259857442445E-04   4   1 0  0 0  0 3  0 0
   278  -.2307989530326544E-03   4   0 1  0 0  0 3  0 0
   279  -.1479448405522888E-05   4   0 0  1 0  0 3  0 0
   280  -.7914454551109879E-05   4   0 0  0 1  0 3  0 0
   281  0.2064229571956562E-04   4   1 0  0 0  0 2  1 0
   282  -.9268572644857103E-04   4   0 1  0 0  0 2  1 0
   283  -.6216447170128298E-06   4   0 0  1 0  0 2  1 0
   284  -.3503723478152079E-05   4   0 0  0 1  0 2  1 0
   285  0.1219488923884980E-04   4   1 0  0 0  0 1  2 0
   286  -.5468235490238825E-04   4   0 1  0 0  0 1  2 0
   287  -.3847655916334794E-06   4   0 0  1 0  0 1  2 0
   288  -.2125575248768824E-05   4   0 0  0 1  0 1  2 0
   289  0.6897653323036817E-05   4   1 0  0 0  0 0  3 0
   290  -.3097193248162326E-04   4   0 1  0 0  0 0  3 0
   291  -.2076710979914668E-06   4   0 0  1 0  0 0  3 0
   292  -.1170223084156503E-05   4   0 0  0 1  0 0  3 0
   293  -.4526582994076551E-04   4   1 0  0 0  0 2  0 1
   294  -.9391188777892321E-05   4   0 1  0 0  0 2  0 1
   295  0.1044125194184491E-05   4   0 0  1 0  0 2  0 1
   296  -.2511080027089124E-06   4   0 0  0 1  0 2  0 1
   297  -.1648876331444957E-04   4   1 0  0 0  0 1  1 1
   298  -.7870105260728521E-05   4   0 1  0 0  0 1  1 1
   299  0.4501585871672360E-06   4   0 0  1 0  0 1  1 1
   300  -.4451123169827499E-07   4   0 0  0 1  0 1  1 1
   301  -.8258156742646306E-05   4   1 0  0 0  0 0  2 1
   302  -.3933419829547873E-05   4   0 1  0 0  0 0  2 1
   303  0.2253265959710636E-06   4   0 0  1 0  0 0  2 1
   304  -.2237940887779844E-07   4   0 0  0 1  0 0  2 1
   305  0.1117704034786530E-05   4   1 0  0 0  0 1  0 2
   306  0.7451170564979557E-06   4   0 1  0 0  0 1  0 2
   307  0.1644552450094958E-06   4   0 0  1 0  0 1  0 2
   308  0.7881234800701336E-07   4   0 0  0 1  0 1  0 2
   309  0.1097307724214919E-07   4   1 0  0 0  0 0  1 2
   310  0.3404072574414241E-06   4   0 1  0 0  0 0  1 2
   311  0.4936910709150738E-07   4   0 0  1 0  0 0  1 2
   312  0.4081410225916304E-07   4   0 0  0 1  0 0  1 2
   313  0.5611995534668751E-07   4   1 0  0 0  0 0  0 3
   314  0.1251007680840393E-07   4   0 1  0 0  0 0  0 3
   315  -.5391261165114335E-08   4   0 0  1 0  0 0  0 3
   316  -.1239388861700655E-08   4   0 0  0 1  0 0  0 3
   317  -.8199185426326652E-01   4   0 0  0 0  0 4  0 0
   318  0.4686865141004386E-01   4   0 0  0 0  0 3  1 0
   319  0.1407200798431928E-01   4   0 0  0 0  0 2  2 0
   320  0.9418907983688361E-02   4   0 0  0 0  0 1  3 0
   321  0.1163212298185732E-01   4   0 0  0 0  0 0  4 0
   322  0.5766220060506968E-09   4   0 0  0 0  0 3  0 1
   323  -.4275389868513217E-08   4   0 0  0 0  0 2  1 1
   324  -.2821859351857271E-08   4   0 0  0 0  0 1  2 1
   325  -.1502929110950431E-08   4   0 0  0 0  0 0  3 1
   326  -.1558227181886700E-09   4   0 0  0 0  0 2  0 2
   327  -.1055809439860377E-09   4   0 0  0 0  0 1  1 2
   328  -.4102408302551103E-10   4   0 0  0 0  0 0  2 2
   329  -.4625375580394036E-11   4   0 0  0 0  0 1  0 3
   330  -.2299767204352866E-11   4   0 0  0 0  0 0  1 3
   331  -.2753614642756674E-13   4   0 0  0 0  0 0  0 4
   ----------------------------------------------------
     I  COEFFICIENT            ORDER EXPONENTS
     1   1.000000000000000       1   0 0  0 0  0 1  0 0
     --------------------------------------------------
     I  COEFFICIENT            ORDER EXPONENTS
     1   1.000000000000000       1   0 0  0 0  0 0  1 0
     --------------------------------------------------
     I  COEFFICIENT            ORDER EXPONENTS
     1   1.000000000000000       1   0 0  0 0  0 0  0 1
     --------------------------------------------------
