 L    0.6000004999999999E+00
 P (  0.0000000000000000E+00,  0.0000000000000000E+00,  0.1467310000000000E+00)
 A (  0.0000000000000000E+00,  0.0000000000000000E+00,  0.0000000000000000E+00)
     I  COEFFICIENT            ORDER EXPONENTS
     1  0.1868773166841256E-03   0   0 0  0 0  0 0  0 0
     2  0.6497272352490364       1   1 0  0 0  0 0  0 0
     3  0.5143542805270342       1   0 1  0 0  0 0  0 0
     4  -.2873332170392626E-03   1   0 0  1 0  0 0  0 0
     5  -.6914410532779167E-04   1   0 0  0 1  0 0  0 0
     6  0.1709777037604594E-04   1   0 0  0 0  0 1  0 0
     7  0.1707476100246378E-04   1   0 0  0 0  0 0  1 0
     8  -.3417253137851185E-04   1   0 0  0 0  0 0  0 1
     9  0.3415340490517198E-03   2   2 0  0 0  0 0  0 0
    10  -.5618773779586268E-04   2   1 1  0 0  0 0  0 0
    11  -.7681385538165013E-04   2   0 2  0 0  0 0  0 0
    12  0.8689160358817014E-05   2   1 0  1 0  0 0  0 0
    13  -.1342494407641871E-04   2   0 1  1 0  0 0  0 0
    14  -.3735987739226215E-03   2   0 0  2 0  0 0  0 0
    15  -.7279748115293046E-05   2   1 0  0 1  0 0  0 0
    16  -.3448119085275311E-05   2   0 1  0 1  0 0  0 0
    17  -.4457522715307616E-04   2   0 0  1 1  0 0  0 0
    18  -.2798493610177902E-04   2   0 0  0 2  0 0  0 0
    19  0.1661823453911871       2   1 0  0 0  0 1  0 0
    20  -.2160453613437376       2   0 1  0 0  0 1  0 0
    21  0.1440588581431606E-03   2   0 0  1 0  0 1  0 0
    22  0.6923362892722870E-04   2   0 0  0 1  0 1  0 0
    23  0.1659587050226624       2   1 0  0 0  0 0  1 0
    24  -.2157546176783065       2   0 1  0 0  0 0  1 0
    25  0.1438649905211302E-03   2   0 0  1 0  0 0  1 0
    26  0.6914045757228635E-04   2   0 0  0 1  0 0  1 0
    27  -.3321410504138494       2   1 0  0 0  0 0  0 1
    28  -.8255430150498982E-01   2   0 1  0 0  0 0  0 1
    29  -.2879238486642907E-03   2   0 0  1 0  0 0  0 1
    30  -.6922998117172313E-04   2   0 0  0 1  0 0  0 1
    31  -.1258308780205204E-04   2   0 0  0 0  0 2  0 0
    32  -.8080484722229281E-05   2   0 0  0 0  0 1  1 0
    33  -.1256071690775468E-04   2   0 0  0 0  0 0  2 0
    34  0.1614872336560682E-04   2   0 0  0 0  0 1  0 1
    35  0.1612699117476436E-04   2   0 0  0 0  0 0  1 1
    36  0.9483832535965837E-06   2   0 0  0 0  0 0  0 2
    37  -.1450842226415903       3   3 0  0 0  0 0  0 0
    38  -.1998403157077718       3   2 1  0 0  0 0  0 0
    39  -.4363237953153166       3   1 2  0 0  0 0  0 0
    40  0.1517024500817022       3   0 3  0 0  0 0  0 0
    41  0.7384115278353553E-03   3   2 0  1 0  0 0  0 0
    42  0.9906382258267829E-03   3   1 1  1 0  0 0  0 0
    43  -.2129625780531142E-03   3   0 2  1 0  0 0  0 0
    44  -.9129707348033048       3   1 0  2 0  0 0  0 0
    45  -.6635432616885543       3   0 1  2 0  0 0  0 0
    46  -.4242006005964113E-03   3   0 0  3 0  0 0  0 0
    47  0.2644829344123649E-04   3   2 0  0 1  0 0  0 0
    48  0.1701648768994747E-03   3   1 1  0 1  0 0  0 0
    49  -.9941752716359580E-04   3   0 2  0 1  0 0  0 0
    50  -.8802758045753285       3   1 0  1 1  0 0  0 0
    51  -.1469697419007397       3   0 1  1 1  0 0  0 0
    52  -.1122926464977471E-02   3   0 0  2 1  0 0  0 0
    53  -.4894814622711066       3   1 0  0 2  0 0  0 0
    54  0.1704529490772657       3   0 1  0 2  0 0  0 0
    55  -.6653087796828602E-03   3   0 0  1 2  0 0  0 0
    56  -.1419002454469978E-03   3   0 0  0 3  0 0  0 0
    57  -.1348071052261048E-03   3   2 0  0 0  0 1  0 0
    58  0.1592871247023853E-04   3   1 1  0 0  0 1  0 0
    59  0.1022297716245411E-03   3   0 2  0 0  0 1  0 0
    60  0.5153076042242767E-05   3   1 0  1 0  0 1  0 0
    61  0.1491287259197280E-04   3   0 1  1 0  0 1  0 0
    62  0.2048573134660162E-03   3   0 0  2 0  0 1  0 0
    63  0.1067043085052027E-04   3   1 0  0 1  0 1  0 0
    64  0.5963488547511760E-05   3   0 1  0 1  0 1  0 0
    65  0.8905723810956863E-04   3   0 0  1 1  0 1  0 0
    66  0.5039239023340798E-04   3   0 0  0 2  0 1  0 0
    67  -.1346256881771304E-03   3   2 0  0 0  0 0  1 0
    68  0.1590727635969040E-04   3   1 1  0 0  0 0  1 0
    69  0.1020921956158116E-03   3   0 2  0 0  0 0  1 0
    70  0.5146141275361208E-05   3   1 0  1 0  0 0  1 0
    71  0.1489280355085784E-04   3   0 1  1 0  0 0  1 0
    72  0.2045816261481443E-03   3   0 0  2 0  0 0  1 0
    73  0.1065607108756164E-04   3   1 0  0 1  0 0  1 0
    74  0.5955463165673989E-05   3   0 1  0 1  0 0  1 0
    75  0.8893738907564232E-04   3   0 0  1 1  0 0  1 0
    76  0.5032457452954294E-04   3   0 0  0 2  0 0  1 0
    77  0.2694327934032358E-03   3   2 0  0 0  0 0  0 1
    78  0.2435174896593271E-04   3   1 1  0 0  0 0  0 1
    79  -.5069425647705174E-04   3   0 2  0 0  0 0  0 1
    80  -.1029921731760398E-04   3   1 0  1 0  0 0  0 1
    81  -.1638073206641191E-04   3   0 1  1 0  0 0  0 1
    82  -.4094389396141608E-03   3   0 0  2 0  0 0  0 1
    83  -.1404675382278883E-04   3   1 0  0 1  0 0  0 1
    84  -.5022713542635137E-05   3   0 1  0 1  0 0  0 1
    85  -.1334194000321337E-03   3   0 0  1 1  0 0  0 1
    86  -.4474709255939329E-04   3   0 0  0 2  0 0  0 1
    87  -.1201594874390566       3   1 0  0 0  0 2  0 0
    88  0.1420930829865931       3   0 1  0 0  0 2  0 0
    89  -.1082284094192176E-03   3   0 0  1 0  0 2  0 0
    90  -.6927526135019226E-04   3   0 0  0 1  0 2  0 0
    91  -.7426035186268293E-01   3   1 0  0 0  0 1  1 0
    92  0.6833963415135304E-01   3   0 1  0 0  0 1  1 0
    93  -.7250133831875761E-04   3   0 0  1 0  0 1  1 0
    94  -.6931482420493399E-04   3   0 0  0 1  0 1  1 0
    95  -.1199478144228979       3   1 0  0 0  0 0  2 0
    96  0.1418558766826722       3   0 1  0 0  0 0  2 0
    97  -.1080339762843624E-03   3   0 0  1 0  0 0  2 0
    98  -.6913539365643696E-04   3   0 0  0 1  0 0  2 0
    99  0.1483974531645302       3   1 0  0 0  0 1  0 1
   100  0.7956418415418279E-01   3   0 1  0 0  0 1  0 1
   101  0.1449143618684132E-03   3   0 0  1 0  0 1  0 1
   102  0.6938652840259466E-04   3   0 0  0 1  0 1  0 1
   103  0.1481977468657913       3   1 0  0 0  0 0  1 1
   104  0.7945711042487824E-01   3   0 1  0 0  0 0  1 1
   105  0.1447193429497879E-03   3   0 0  1 0  0 0  1 1
   106  0.6929315128274421E-04   3   0 0  0 1  0 0  1 1
   107  0.1777280541647563E-01   3   1 0  0 0  0 0  0 2
   108  0.3043526043643298E-02   3   0 1  0 0  0 0  0 2
   109  -.8632889409176976E-06   3   0 0  1 0  0 0  0 2
   110  -.1156335938436145E-06   3   0 0  0 1  0 0  0 2
   111  0.1032850396800881E-04   3   0 0  0 0  0 3  0 0
   112  0.5822441939715098E-05   3   0 0  0 0  0 2  1 0
   113  0.5831509950423770E-05   3   0 0  0 0  0 1  2 0
   114  0.1030374204818359E-04   3   0 0  0 0  0 0  3 0
   115  -.1164203264890286E-04   3   0 0  0 0  0 2  0 1
   116  -.7147442469888362E-05   3   0 0  0 0  0 1  1 1
   117  -.1162155600443081E-04   3   0 0  0 0  0 0  2 1
   118  -.9330057681646858E-06   3   0 0  0 0  0 1  0 2
   119  -.9317501729729283E-06   3   0 0  0 0  0 0  1 2
   120  -.1067018865852066E-07   3   0 0  0 0  0 0  0 3
   121  0.6895120362676055E-03   4   4 0  0 0  0 0  0 0
   122  -.1440055007776388E-03   4   3 1  0 0  0 0  0 0
   123  -.1979442072547289E-03   4   2 2  0 0  0 0  0 0
   124  0.4499130191678379E-03   4   1 3  0 0  0 0  0 0
   125  -.2491403878426547E-03   4   0 4  0 0  0 0  0 0
   126  0.1066707663336042E-04   4   3 0  1 0  0 0  0 0
   127  0.1070048900239778E-04   4   2 1  1 0  0 0  0 0
   128  0.6565837835439387E-05   4   1 2  1 0  0 0  0 0
   129  -.8494542917562948E-05   4   0 3  1 0  0 0  0 0
   130  0.2209621544435525E-02   4   2 0  2 0  0 0  0 0
   131  -.1501849537912502E-03   4   1 1  2 0  0 0  0 0
   132  0.5548007150760734E-03   4   0 2  2 0  0 0  0 0
   133  0.1086931991490707E-03   4   1 0  3 0  0 0  0 0
   134  -.2323055842678050E-04   4   0 1  3 0  0 0  0 0
   135  -.1120597243440094E-03   4   0 0  4 0  0 0  0 0
   136  0.1156405782903966E-04   4   3 0  0 1  0 0  0 0
   137  0.1140642662377192E-04   4   2 1  0 1  0 0  0 0
   138  0.8166770755056925E-05   4   1 2  0 1  0 0  0 0
   139  -.9036075995046777E-05   4   0 3  0 1  0 0  0 0
   140  0.1045847009748097E-02   4   2 0  1 1  0 0  0 0
   141  -.1436002289538110E-02   4   1 1  1 1  0 0  0 0
   142  0.2059528638159533E-04   4   0 2  1 1  0 0  0 0
   143  0.1076334387672514E-03   4   1 0  2 1  0 0  0 0
   144  -.8022233969086890E-04   4   0 1  2 1  0 0  0 0
   145  -.1402809116060003E-03   4   0 0  3 1  0 0  0 0
   146  0.3829350485452405E-03   4   2 0  0 2  0 0  0 0
   147  0.3188326663127682E-03   4   1 1  0 2  0 0  0 0
   148  -.3117310923111375E-03   4   0 2  0 2  0 0  0 0
   149  0.5423815321432161E-04   4   1 0  1 2  0 0  0 0
   150  -.3369672472605784E-04   4   0 1  1 2  0 0  0 0
   151  0.2145526965976006E-03   4   0 0  2 2  0 0  0 0
   152  0.1863928847289259E-04   4   1 0  0 3  0 0  0 0
   153  -.1017432942814638E-04   4   0 1  0 3  0 0  0 0
   154  0.8225409205146221E-04   4   0 0  1 3  0 0  0 0
   155  -.4773422584664175E-04   4   0 0  0 4  0 0  0 0
   156  0.1969082138739500       4   3 0  0 0  0 1  0 0
   157  0.8507620712523604E-01   4   2 1  0 0  0 1  0 0
   158  0.5529014083982509       4   1 2  0 0  0 1  0 0
   159  -.1695840208558799       4   0 3  0 0  0 1  0 0
   160  -.7170546567648698E-03   4   2 0  1 0  0 1  0 0
   161  -.1453795940608083E-02   4   1 1  1 0  0 1  0 0
   162  0.2162535327326753E-03   4   0 2  1 0  0 1  0 0
   163   1.013951845737382       4   1 0  2 0  0 1  0 0
   164  0.7409698742659871       4   0 1  2 0  0 1  0 0
   165  0.5082398005246359E-03   4   0 0  3 0  0 1  0 0
   166  -.2372006704633814E-03   4   2 0  0 1  0 1  0 0
   167  -.4482378768884653E-03   4   1 1  0 1  0 1  0 0
   168  0.1615828312990932E-03   4   0 2  0 1  0 1  0 0
   169   1.354258634075427       4   1 0  1 1  0 1  0 0
   170  0.3316195206981953       4   0 1  1 1  0 1  0 0
   171  0.1535455794351263E-02   4   0 0  2 1  0 1  0 0
   172  0.7970727962671664       4   1 0  0 2  0 1  0 0
   173  -.1732331824713857       4   0 1  0 2  0 1  0 0
   174  0.1155390222133142E-02   4   0 0  1 2  0 1  0 0
   175  0.3019476728001921E-03   4   0 0  0 3  0 1  0 0
   176  0.1966432240796815       4   3 0  0 0  0 0  1 0
   177  0.8496171557518917E-01   4   2 1  0 0  0 0  1 0
   178  0.5521573397401691       4   1 2  0 0  0 0  1 0
   179  -.1693558026728300       4   0 3  0 0  0 0  1 0
   180  -.7160896784014111E-03   4   2 0  1 0  0 0  1 0
   181  -.1451839490546243E-02   4   1 1  1 0  0 0  1 0
   182  0.2159625089199999E-03   4   0 2  1 0  0 0  1 0
   183   1.012587317129285       4   1 0  2 0  0 0  1 0
   184  0.7399727119299000       4   0 1  2 0  0 0  1 0
   185  0.5075558353536020E-03   4   0 0  3 0  0 0  1 0
   186  -.2368814569799525E-03   4   2 0  0 1  0 0  1 0
   187  -.4476346594784670E-03   4   1 1  0 1  0 0  1 0
   188  0.1613653807398661E-03   4   0 2  0 1  0 0  1 0
   189   1.352436136629688       4   1 0  1 1  0 0  1 0
   190  0.3311732427759254       4   0 1  1 1  0 0  1 0
   191  0.1533389450306749E-02   4   0 0  2 1  0 0  1 0
   192  0.7960001332626896       4   1 0  0 2  0 0  1 0
   193  -.1730000534186129       4   0 1  0 2  0 0  1 0
   194  0.1153835352423850E-02   4   0 0  1 2  0 0  1 0
   195  0.3015413258524384E-03   4   0 0  0 3  0 0  1 0
   196  -.3935514379536320       4   3 0  0 0  0 0  0 1
   197  0.2980239300734736E-01   4   2 1  0 0  0 0  0 1
   198  -.2324111575077874       4   1 2  0 0  0 0  0 1
   199  -.1161675267163961       4   0 3  0 0  0 0  0 1
   200  0.1433144335166282E-02   4   2 0  1 0  0 0  0 1
   201  0.1914997205327543E-02   4   1 1  1 0  0 0  0 1
   202  -.6290885546448357E-05   4   0 2  1 0  0 0  0 1
   203  -2.026539162866667       4   1 0  2 0  0 0  0 1
   204  -.8173993245073334       4   0 1  2 0  0 0  0 1
   205  -.1015795635878238E-02   4   0 0  3 0  0 0  0 1
   206  0.4476338340020980E-03   4   2 0  0 1  0 0  0 1
   207  0.5555427825679808E-03   4   1 1  0 1  0 0  0 1
   208  -.2469563054817105E-04   4   0 2  0 1  0 0  0 1
   209  -1.826418966129786       4   1 0  1 1  0 0  0 1
   210  -.3688532796726398       4   0 1  1 1  0 0  0 1
   211  -.1945918779680543E-02   4   0 0  2 1  0 0  0 1
   212  -.6141100049876420       4   1 0  0 2  0 0  0 1
   213  -.1651256113417989       4   0 1  0 2  0 0  0 1
   214  -.9786080151912720E-03   4   0 0  1 2  0 0  0 1
   215  -.1777882623116372E-03   4   0 0  0 3  0 0  0 1
   216  0.1532464490177793E-03   4   2 0  0 0  0 2  0 0
   217  0.5806211798354709E-03   4   1 1  0 0  0 2  0 0
   218  -.4019040951285276E-03   4   0 2  0 0  0 2  0 0
   219  0.7880639918639773E-05   4   1 0  1 0  0 2  0 0
   220  -.1619163314300636E-05   4   0 1  1 0  0 2  0 0
   221  0.2918672310913386E-03   4   0 0  2 0  0 2  0 0
   222  0.1105582468360707E-04   4   1 0  0 1  0 2  0 0
   223  -.8736770373445268E-05   4   0 1  0 1  0 2  0 0
   224  0.1468887352491443E-03   4   0 0  1 1  0 2  0 0
   225  -.1305521059758286E-03   4   0 0  0 2  0 2  0 0
   226  0.3410104264630262E-04   4   2 0  0 0  0 1  1 0
   227  0.6757951767352799E-03   4   1 1  0 0  0 1  1 0
   228  -.4451404447231903E-03   4   0 2  0 0  0 1  1 0
   229  0.4488567246740314E-05   4   1 0  1 0  0 1  1 0
   230  -.1167884309187838E-05   4   0 1  1 0  0 1  1 0
   231  0.3414783932383514E-03   4   0 0  2 0  0 1  1 0
   232  0.1192478549304741E-04   4   1 0  0 1  0 1  1 0
   233  -.1051364662837067E-04   4   0 1  0 1  0 1  1 0
   234  0.1601162287865859E-03   4   0 0  1 1  0 1  1 0
   235  -.1514201608563019E-03   4   0 0  0 2  0 1  1 0
   236  0.1530172713809066E-03   4   2 0  0 0  0 0  2 0
   237  0.5793850805655206E-03   4   1 1  0 0  0 0  2 0
   238  -.4010637070225068E-03   4   0 2  0 0  0 0  2 0
   239  0.7867014273716342E-05   4   1 0  1 0  0 0  2 0
   240  -.1616198478794692E-05   4   0 1  1 0  0 0  2 0
   241  0.2912446771628087E-03   4   0 0  2 0  0 0  2 0
   242  0.1103292236863934E-04   4   1 0  0 1  0 0  2 0
   243  -.8717938454561460E-05   4   0 1  0 1  0 0  2 0
   244  0.1465833208745240E-03   4   0 0  1 1  0 0  2 0
   245  -.1302745280461693E-03   4   0 0  0 2  0 0  2 0
   246  0.1241553096863161E-04   4   2 0  0 0  0 1  0 1
   247  -.3590963898834814E-03   4   1 1  0 0  0 1  0 1
   248  -.1439912738551727E-03   4   0 2  0 0  0 1  0 1
   249  -.6181431531287746E-05   4   1 0  1 0  0 1  0 1
   250  0.1914603478550400E-06   4   0 1  1 0  0 1  0 1
   251  -.2919720655318149E-03   4   0 0  2 0  0 1  0 1
   252  -.3910327139968648E-05   4   1 0  0 1  0 1  0 1
   253  -.3245106429006377E-05   4   0 1  0 1  0 1  0 1
   254  -.1469232429029865E-03   4   0 0  1 1  0 1  0 1
   255  -.4948997773169793E-04   4   0 0  0 2  0 1  0 1
   256  0.1239882273217811E-04   4   2 0  0 0  0 0  1 1
   257  -.3586131348856028E-03   4   1 1  0 0  0 0  1 1
   258  -.1437974971848921E-03   4   0 2  0 0  0 0  1 1
   259  -.6173112852053686E-05   4   1 0  1 0  0 0  1 1
   260  0.1912026895421111E-06   4   0 1  1 0  0 0  1 1
   261  -.2915791432861887E-03   4   0 0  2 0  0 0  1 1
   262  -.3905064805991003E-05   4   1 0  0 1  0 0  1 1
   263  -.3240739317710790E-05   4   0 1  0 1  0 0  1 1
   264  -.1467255205269401E-03   4   0 0  1 1  0 0  1 1
   265  -.4942337645204841E-04   4   0 0  0 2  0 0  1 1
   266  -.2014174883121921E-03   4   2 0  0 0  0 0  0 2
   267  -.4827142651339637E-04   4   1 1  0 0  0 0  0 2
   268  0.3214263297157435E-05   4   0 2  0 0  0 0  0 2
   269  -.4074988514234698E-05   4   1 0  1 0  0 0  0 2
   270  0.1701411728843424E-05   4   0 1  1 0  0 0  0 2
   271  0.4232303897331092E-04   4   0 0  2 0  0 0  0 2
   272  -.3227855589818308E-05   4   1 0  0 1  0 0  0 2
   273  -.1253339753681947E-06   4   0 1  0 1  0 0  0 2
   274  0.3669909451711944E-05   4   0 0  1 1  0 0  0 2
   275  -.2630937661907418E-05   4   0 0  0 2  0 0  0 2
   276  0.9720821285507084E-01   4   1 0  0 0  0 3  0 0
   277  -.1055172416609740       4   0 1  0 0  0 3  0 0
   278  0.9036924329444601E-04   4   0 0  1 0  0 3  0 0
   279  0.6930997883433022E-04   4   0 0  0 1  0 3  0 0
   280  0.5133639592158767E-01   4   1 0  0 0  0 2  1 0
   281  -.3241378069424170E-01   4   0 1  0 0  0 2  1 0
   282  0.5467101983682286E-04   4   0 0  1 0  0 2  1 0
   283  0.6938326217661243E-04   4   0 0  0 1  0 2  1 0
   284  0.5142873004211939E-01   4   1 0  0 0  0 1  2 0
   285  -.3256106283739901E-01   4   0 1  0 0  0 1  2 0
   286  0.5474283582203327E-04   4   0 0  1 0  0 1  2 0
   287  0.6938292595887200E-04   4   0 0  0 1  0 1  2 0
   288  0.9697748906143114E-01   4   1 0  0 0  0 0  3 0
   289  -.1052824604753775       4   0 1  0 0  0 0  3 0
   290  0.9015008406664112E-04   4   0 0  1 0  0 0  3 0
   291  0.6912344423036602E-04   4   0 0  0 1  0 0  3 0
   292  -.1026415731193964       4   1 0  0 0  0 2  0 1
   293  -.7731452189941665E-01   4   0 1  0 0  0 2  0 1
   294  -.1093128041803480E-03   4   0 0  1 0  0 2  0 1
   295  -.6950409044830991E-04   4   0 0  0 1  0 2  0 1
   296  -.5700857653285540E-01   4   1 0  0 0  0 1  1 1
   297  -.7507077052872781E-01   4   0 1  0 0  0 1  1 1
   298  -.7380680584191168E-04   4   0 0  1 0  0 1  1 1
   299  -.6962121041194190E-04   4   0 0  0 1  0 1  1 1
   300  -.1024650831998338       4   1 0  0 0  0 0  2 1
   301  -.7715996230704436E-01   4   0 1  0 0  0 0  2 1
   302  -.1091160332997955E-03   4   0 0  1 0  0 0  2 1
   303  -.6936370864707978E-04   4   0 0  0 1  0 0  2 1
   304  -.1725171664690747E-01   4   1 0  0 0  0 1  0 2
   305  -.4496485645080857E-02   4   0 1  0 0  0 1  0 2
   306  0.1297032465480989E-05   4   0 0  1 0  0 1  0 2
   307  0.2315897105862511E-06   4   0 0  0 1  0 1  0 2
   308  -.1722850009968929E-01   4   1 0  0 0  0 0  1 2
   309  -.4490434486611735E-02   4   0 1  0 0  0 0  1 2
   310  0.1295286980315935E-05   4   0 0  1 0  0 0  1 2
   311  0.2312780480681782E-06   4   0 0  0 1  0 0  1 2
   312  -.3551313621362553E-03   4   1 0  0 0  0 0  0 3
   313  -.4788599975555604E-04   4   0 1  0 0  0 0  0 3
   314  -.2885805213216683E-06   4   0 0  1 0  0 0  0 3
   315  -.3865565919563138E-07   4   0 0  0 1  0 0  0 3
   316  -.5202050170660007E-04   4   0 0  0 0  0 4  0 0
   317  -.2436009995589799E-04   4   0 0  0 0  0 3  1 0
   318  -.2070236034603649E-04   4   0 0  0 0  0 2  2 0
   319  -.2443926001742756E-04   4   0 0  0 0  0 1  3 0
   320  -.5186417549890391E-04   4   0 0  0 0  0 0  4 0
   321  -.8073677156887157E-05   4   0 0  0 0  0 3  0 1
   322  -.9779057419069837E-05   4   0 0  0 0  0 2  1 1
   323  -.9775592955729870E-05   4   0 0  0 0  0 1  2 1
   324  -.8050808163277865E-05   4   0 0  0 0  0 0  3 1
   325  -.5057655986968538E-07   4   0 0  0 0  0 2  0 2
   326  -.9356380424680462E-07   4   0 0  0 0  0 1  1 2
   327  -.5044553943988099E-07   4   0 0  0 0  0 0  2 2
   328  0.1790374616115354E-08   4   0 0  0 0  0 1  0 3
   329  0.1787965214334418E-08   4   0 0  0 0  0 0  1 3
   330  0.1797289153707715E-13   4   0 0  0 0  0 0  0 4
   ----------------------------------------------------
     I  COEFFICIENT            ORDER EXPONENTS
     1  -.1366882254107543E-03   0   0 0  0 0  0 0  0 0
     2  -1.069342059932379       1   1 0  0 0  0 0  0 0
     3  0.6925665103201643       1   0 1  0 0  0 0  0 0
     4  -.8985469776487296E-03   1   0 0  1 0  0 0  0 0
     5  -.2513297594057576E-03   1   0 0  0 1  0 0  0 0
     6  -.2486026891140374E-05   1   0 0  0 0  0 1  0 0
     7  -.2482681313312608E-05   1   0 0  0 0  0 0  1 0
     8  -.1317195172063012E-03   1   0 0  0 0  0 0  0 1
     9  -.9957047274475497E-04   2   2 0  0 0  0 0  0 0
    10  -.7932772128262460E-03   2   1 1  0 0  0 0  0 0
    11  -.1576311801280486E-03   2   0 2  0 0  0 0  0 0
    12  -.7187082179946093E-04   2   1 0  1 0  0 0  0 0
    13  -.4402858723846248E-04   2   0 1  1 0  0 0  0 0
    14  0.1930186127579427E-03   2   0 0  2 0  0 0  0 0
    15  -.4341572565038791E-04   2   1 0  0 1  0 0  0 0
    16  -.2084349864173866E-04   2   0 1  0 1  0 0  0 0
    17  0.6851503852785119E-03   2   0 0  1 1  0 0  0 0
    18  0.1180155868747683E-03   2   0 0  0 2  0 0  0 0
    19  -.4050305255052779E-01   2   1 0  0 0  0 1  0 0
    20  0.1463708941989714       2   0 1  0 0  0 1  0 0
    21  0.1589855147290451E-05   2   0 0  1 0  0 1  0 0
    22  0.1259812880446563E-03   2   0 0  0 1  0 1  0 0
    23  -.4044854545124811E-01   2   1 0  0 0  0 0  1 0
    24  0.1461739151477796       2   0 1  0 0  0 0  1 0
    25  0.1587715595160551E-05   2   0 0  1 0  0 0  1 0
    26  0.1258117483644983E-03   2   0 0  0 1  0 0  1 0
    27  -.9883904619306024       2   1 0  0 0  0 0  0 1
    28  -.2925448093467510       2   0 1  0 0  0 0  0 1
    29  -.9017245483911808E-03   2   0 0  1 0  0 0  0 1
    30  -.2517930364091543E-03   2   0 0  0 1  0 0  0 1
    31  0.1849018081056564E-05   2   0 0  0 0  0 2  0 0
    32  0.1213712937795898E-05   2   0 0  0 0  0 1  1 0
    33  0.1845713080806009E-05   2   0 0  0 0  0 0  2 0
    34  -.4911728749512438E-05   2   0 0  0 0  0 1  0 1
    35  -.4905118776443051E-05   2   0 0  0 0  0 0  1 1
    36  0.4908413584449254E-05   2   0 0  0 0  0 0  0 2
    37  -.7200341122222630       3   3 0  0 0  0 0  0 0
    38  -.9171821979976120       3   2 1  0 0  0 0  0 0
    39  0.2050493290816723       3   1 2  0 0  0 0  0 0
    40  -.4053713081751997E-01   3   0 3  0 0  0 0  0 0
    41  0.3065029524080637E-02   3   2 0  1 0  0 0  0 0
    42  0.1813300851255457E-02   3   1 1  1 0  0 0  0 0
    43  0.2895086013981094E-03   3   0 2  1 0  0 0  0 0
    44  -3.597823587460547       3   1 0  2 0  0 0  0 0
    45  -.7829536580427453       3   0 1  2 0  0 0  0 0
    46  -.7894266447070798E-03   3   0 0  3 0  0 0  0 0
    47  0.7695572988740393E-03   3   2 0  0 1  0 0  0 0
    48  0.1400919635652603E-02   3   1 1  0 1  0 0  0 0
    49  0.2114915181242282E-03   3   0 2  0 1  0 0  0 0
    50  -2.514000278974598       3   1 0  1 1  0 0  0 0
    51  -.8099932914074262       3   0 1  1 1  0 0  0 0
    52  -.6363837627959784E-03   3   0 0  2 1  0 0  0 0
    53  -.8615251084322143       3   1 0  0 2  0 0  0 0
    54  -.4408047258034618       3   0 1  0 2  0 0  0 0
    55  -.1975619832621684E-03   3   0 0  1 2  0 0  0 0
    56  -.1479831319941024E-03   3   0 0  0 3  0 0  0 0
    57  0.1225066743342719E-04   3   2 0  0 0  0 1  0 0
    58  0.3993054113351540E-03   3   1 1  0 0  0 1  0 0
    59  0.1646398323194084E-03   3   0 2  0 0  0 1  0 0
    60  0.3674389007353951E-04   3   1 0  1 0  0 1  0 0
    61  0.3303865760046130E-04   3   0 1  1 0  0 1  0 0
    62  -.7495982225921826E-04   3   0 0  2 0  0 1  0 0
    63  0.3074490810674197E-04   3   1 0  0 1  0 1  0 0
    64  0.2463364172428317E-04   3   0 1  0 1  0 1  0 0
    65  -.3093111534625754E-03   3   0 0  1 1  0 1  0 0
    66  -.1088925389957655E-03   3   0 0  0 2  0 1  0 0
    67  0.1223418106254923E-04   3   2 0  0 0  0 0  1 0
    68  0.3987680449311903E-03   3   1 1  0 0  0 0  1 0
    69  0.1644182677922798E-03   3   0 2  0 0  0 0  1 0
    70  0.3669444187795810E-04   3   1 0  1 0  0 0  1 0
    71  0.3299419573212059E-04   3   0 1  1 0  0 0  1 0
    72  -.7485894486315478E-04   3   0 0  2 0  0 0  1 0
    73  0.3070353305836928E-04   3   1 0  0 1  0 0  1 0
    74  0.2460049093019396E-04   3   0 1  0 1  0 0  1 0
    75  -.3088948970895750E-03   3   0 0  1 1  0 0  1 0
    76  -.1087459965487122E-03   3   0 0  0 2  0 0  1 0
    77  -.1240553212407317E-03   3   2 0  0 0  0 0  0 1
    78  -.7980734562663455E-03   3   1 1  0 0  0 0  0 1
    79  -.1714269199836395E-03   3   0 2  0 0  0 0  0 1
    80  -.1453091537509585E-03   3   1 0  1 0  0 0  0 1
    81  -.6603285333258180E-04   3   0 1  1 0  0 0  0 1
    82  0.3428373798803158E-03   3   0 0  2 0  0 0  0 1
    83  -.6144844116511113E-04   3   1 0  0 1  0 0  0 1
    84  -.2839063401273851E-04   3   0 1  0 1  0 0  0 1
    85  0.6182060505521525E-03   3   0 0  1 1  0 0  0 1
    86  0.9962294866970784E-04   3   0 0  0 2  0 0  0 1
    87  0.2987764274090772E-01   3   1 0  0 0  0 2  0 0
    88  -.1060964739634115       3   0 1  0 0  0 2  0 0
    89  -.1574119113503600E-05   3   0 0  1 0  0 2  0 0
    90  -.9461554491362319E-04   3   0 0  0 1  0 2  0 0
    91  0.1928086878892382E-01   3   1 0  0 0  0 1  1 0
    92  -.6593020692012419E-01   3   0 1  0 0  0 1  1 0
    93  -.1571514957001448E-05   3   0 0  1 0  0 1  1 0
    94  -.6334811542943011E-04   3   0 0  0 1  0 1  1 0
    95  0.2982446117512164E-01   3   1 0  0 0  0 0  2 0
    96  -.1059093314462603       3   0 1  0 0  0 0  2 0
    97  -.1570943302874253E-05   3   0 0  1 0  0 0  2 0
    98  -.9444559031822893E-04   3   0 0  0 1  0 0  2 0
    99  -.7903638616672470E-01   3   1 0  0 0  0 1  0 1
   100  0.1317523342335784       3   0 1  0 0  0 1  0 1
   101  0.4742005884504868E-05   3   0 0  1 0  0 1  0 1
   102  0.1266357822047940E-03   3   0 0  0 1  0 1  0 1
   103  -.7893002272307743E-01   3   1 0  0 0  0 0  1 1
   104  0.1315750281514393       3   0 1  0 0  0 0  1 1
   105  0.4735624316468289E-05   3   0 0  1 0  0 0  1 1
   106  0.1264653617372404E-03   3   0 0  0 1  0 0  1 1
   107  0.7898328212218737E-01   3   1 0  0 0  0 0  0 2
   108  0.1460868324390621E-01   3   0 1  0 0  0 0  0 2
   109  -.4754980175051457E-05   3   0 0  1 0  0 0  0 2
   110  -.6703930104162780E-06   3   0 0  0 1  0 0  0 2
   111  -.1529738210423683E-05   3   0 0  0 0  0 3  0 0
   112  -.8916226760053153E-06   3   0 0  0 0  0 2  1 0
   113  -.8929066390406687E-06   3   0 0  0 0  0 1  2 0
   114  -.1526051093368676E-05   3   0 0  0 0  0 0  3 0
   115  0.3631851108870370E-05   3   0 0  0 0  0 2  0 1
   116  0.2355409370769596E-05   3   0 0  0 0  0 1  1 1
   117  0.3625378635304250E-05   3   0 0  0 0  0 0  2 1
   118  -.2353707123352445E-05   3   0 0  0 0  0 1  0 2
   119  -.2350539615232205E-05   3   0 0  0 0  0 0  1 2
   120  -.6805561528761572E-07   3   0 0  0 0  0 0  0 3
   121  0.5978744132841173E-03   4   4 0  0 0  0 0  0 0
   122  -.1346037646928362E-02   4   3 1  0 0  0 0  0 0
   123  -.1386454821277809E-02   4   2 2  0 0  0 0  0 0
   124  -.5752135070917247E-03   4   1 3  0 0  0 0  0 0
   125  -.1125239318169074E-03   4   0 4  0 0  0 0  0 0
   126  0.5482899281210792E-06   4   3 0  1 0  0 0  0 0
   127  -.3851218300425674E-04   4   2 1  1 0  0 0  0 0
   128  -.1759860466293516E-04   4   1 2  1 0  0 0  0 0
   129  -.4112925512757432E-05   4   0 3  1 0  0 0  0 0
   130  0.4914510811046811E-03   4   2 0  2 0  0 0  0 0
   131  -.5644540749464184E-02   4   1 1  2 0  0 0  0 0
   132  -.1320246696835995E-03   4   0 2  2 0  0 0  0 0
   133  0.2028502952515073E-05   4   1 0  3 0  0 0  0 0
   134  -.7593296422633696E-04   4   0 1  3 0  0 0  0 0
   135  -.1057246580060816E-02   4   0 0  4 0  0 0  0 0
   136  0.2136242307482800E-05   4   3 0  0 1  0 0  0 0
   137  -.1618141619362296E-05   4   2 1  0 1  0 0  0 0
   138  0.8657671807245237E-05   4   1 2  0 1  0 0  0 0
   139  0.1664231868948822E-05   4   0 3  0 1  0 0  0 0
   140  -.5015894944136877E-02   4   2 0  1 1  0 0  0 0
   141  -.7042510390045427E-02   4   1 1  1 1  0 0  0 0
   142  0.1628194457590692E-03   4   0 2  1 1  0 0  0 0
   143  -.1516799677586034E-03   4   1 0  2 1  0 0  0 0
   144  -.9439298465251289E-04   4   0 1  2 1  0 0  0 0
   145  -.1849291127587693E-02   4   0 0  3 1  0 0  0 0
   146  -.7984457074951892E-03   4   2 0  0 2  0 0  0 0
   147  -.2896514501705023E-02   4   1 1  0 2  0 0  0 0
   148  -.1046720261356586E-03   4   0 2  0 2  0 0  0 0
   149  -.5189900459621560E-04   4   1 0  1 2  0 0  0 0
   150  -.5269852229744550E-04   4   0 1  1 2  0 0  0 0
   151  -.8993960195631866E-03   4   0 0  2 2  0 0  0 0
   152  0.4601657896379948E-05   4   1 0  0 3  0 0  0 0
   153  -.2778083436395285E-05   4   0 1  0 3  0 0  0 0
   154  0.4723128489828567E-04   4   0 0  1 3  0 0  0 0
   155  0.2137355487480471E-03   4   0 0  0 4  0 0  0 0
   156  0.2023187574605706       4   3 0  0 0  0 1  0 0
   157  0.7741720266675849       4   2 1  0 0  0 1  0 0
   158  -.6304665740038251E-01   4   1 2  0 0  0 1  0 0
   159  0.7696668984133424E-01   4   0 3  0 0  0 1  0 0
   160  -.1745830874958190E-02   4   2 0  1 0  0 1  0 0
   161  -.1987346660502289E-02   4   1 1  1 0  0 1  0 0
   162  -.4667091147305072E-03   4   0 2  1 0  0 1  0 0
   163   1.948070770849748       4   1 0  2 0  0 1  0 0
   164  0.8854963420704357       4   0 1  2 0  0 1  0 0
   165  0.3446980806324088E-03   4   0 0  3 0  0 1  0 0
   166  -.7877482223278946E-03   4   2 0  0 1  0 1  0 0
   167  -.1680839359007845E-02   4   1 1  0 1  0 1  0 0
   168  -.3661411223409767E-03   4   0 2  0 1  0 1  0 0
   169   2.515794194717184       4   1 0  1 1  0 1  0 0
   170   1.252867724190958       4   0 1  1 1  0 1  0 0
   171  0.5847876132958395E-03   4   0 0  2 1  0 1  0 0
   172  0.9968899508276319       4   1 0  0 2  0 1  0 0
   173  0.7235313635433648       4   0 1  0 2  0 1  0 0
   174  0.2820249521652730E-03   4   0 0  1 2  0 1  0 0
   175  0.2320936064617407E-03   4   0 0  0 3  0 1  0 0
   176  0.2020464864117335       4   3 0  0 0  0 0  1 0
   177  0.7731301824395598       4   2 1  0 0  0 0  1 0
   178  -.6296181218013976E-01   4   1 2  0 0  0 0  1 0
   179  0.7686311169746043E-01   4   0 3  0 0  0 0  1 0
   180  -.1743481418044829E-02   4   2 0  1 0  0 0  1 0
   181  -.1984672183026991E-02   4   1 1  1 0  0 0  1 0
   182  -.4660810395991418E-03   4   0 2  1 0  0 0  1 0
   183   1.945449149015734       4   1 0  2 0  0 0  1 0
   184  0.8843046828252753       4   0 1  2 0  0 0  1 0
   185  0.3442342022005509E-03   4   0 0  3 0  0 0  1 0
   186  -.7866881078955749E-03   4   2 0  0 1  0 0  1 0
   187  -.1678577364613706E-02   4   1 1  0 1  0 0  1 0
   188  -.3656483868741642E-03   4   0 2  0 1  0 0  1 0
   189   2.512408557455210       4   1 0  1 1  0 0  1 0
   190   1.251181673853352       4   0 1  1 1  0 0  1 0
   191  0.5840006336859519E-03   4   0 0  2 1  0 0  1 0
   192  0.9955483833136026       4   1 0  0 2  0 0  1 0
   193  0.7225576691331607       4   0 1  0 2  0 0  1 0
   194  0.2816454162760238E-03   4   0 0  1 2  0 0  1 0
   195  0.2317812658243575E-03   4   0 0  0 3  0 0  1 0
   196  -1.124399356094568       4   3 0  0 0  0 0  0 1
   197  -1.547302209107145       4   2 1  0 0  0 0  0 1
   198  -.7904085950115081E-01   4   1 2  0 0  0 0  0 1
   199  -.7275553990375477E-01   4   0 3  0 0  0 0  0 1
   200  0.6554341817083664E-02   4   2 0  1 0  0 0  0 1
   201  0.3972018843529280E-02   4   1 1  1 0  0 0  0 1
   202  0.6432815529315374E-03   4   0 2  1 0  0 0  0 1
   203  -7.491343507326031       4   1 0  2 0  0 0  0 1
   204  -1.769801024895712       4   0 1  2 0  0 0  0 1
   205  -.1478358927540041E-02   4   0 0  3 0  0 0  0 1
   206  0.1574436330223468E-02   4   2 0  0 1  0 0  0 1
   207  0.1958497087968944E-02   4   1 1  0 1  0 0  0 1
   208  0.3088064729666861E-03   4   0 2  0 1  0 0  0 1
   209  -5.028202752172392       4   1 0  1 1  0 0  0 1
   210  -1.694056106636880       4   0 1  1 1  0 0  0 1
   211  -.1168788246981793E-02   4   0 0  2 1  0 0  0 1
   212  -1.130913225709017       4   1 0  0 2  0 0  0 1
   213  -.5644795810696036       4   0 1  0 2  0 0  0 1
   214  -.3661083851791267E-03   4   0 0  1 2  0 0  0 1
   215  -.1679086082978939E-03   4   0 0  0 3  0 0  0 1
   216  0.3488946936639966E-03   4   2 0  0 0  0 2  0 0
   217  -.5133957485491125E-03   4   1 1  0 0  0 2  0 0
   218  -.1177834450990325E-03   4   0 2  0 0  0 2  0 0
   219  0.2194593422710585E-04   4   1 0  1 0  0 2  0 0
   220  -.1673660349254424E-05   4   0 1  1 0  0 2  0 0
   221  0.4174237975005941E-03   4   0 0  2 0  0 2  0 0
   222  0.1365867665732779E-04   4   1 0  0 1  0 2  0 0
   223  0.4205803723531393E-05   4   0 1  0 1  0 2  0 0
   224  0.8873180923714874E-03   4   0 0  1 1  0 2  0 0
   225  0.4936315843604114E-03   4   0 0  0 2  0 2  0 0
   226  0.3222774130705043E-03   4   2 0  0 0  0 1  1 0
   227  -.3474830265357433E-03   4   1 1  0 0  0 1  1 0
   228  -.8863944995405056E-04   4   0 2  0 0  0 1  1 0
   229  0.2604944137361760E-04   4   1 0  1 0  0 1  1 0
   230  0.4532802518805658E-05   4   0 1  1 0  0 1  1 0
   231  0.4253854236360465E-03   4   0 0  2 0  0 1  1 0
   232  0.1690168040552178E-04   4   1 0  0 1  0 1  1 0
   233  0.7454737717810192E-05   4   0 1  0 1  0 1  1 0
   234  0.9222623415331495E-03   4   0 0  1 1  0 1  1 0
   235  0.5738831524799065E-03   4   0 0  0 2  0 1  1 0
   236  0.3482083147510506E-03   4   2 0  0 0  0 0  2 0
   237  -.5124710316058174E-03   4   1 1  0 0  0 0  2 0
   238  -.1175652942924014E-03   4   0 2  0 0  0 0  2 0
   239  0.2189887236783274E-04   4   1 0  1 0  0 0  2 0
   240  -.1674458032036435E-05   4   0 1  1 0  0 0  2 0
   241  0.4165758163987162E-03   4   0 0  2 0  0 0  2 0
   242  0.1362892271152299E-04   4   1 0  0 1  0 0  2 0
   243  0.4195127633747427E-05   4   0 1  0 1  0 0  2 0
   244  0.8855034129033676E-03   4   0 0  1 1  0 0  2 0
   245  0.4925811257880143E-03   4   0 0  0 2  0 0  2 0
   246  -.6395064842464228E-03   4   2 0  0 0  0 1  0 1
   247  0.3155274691365396E-03   4   1 1  0 0  0 1  0 1
   248  0.7967702757122032E-04   4   0 2  0 0  0 1  0 1
   249  -.3482310230597572E-04   4   1 0  1 0  0 1  0 1
   250  0.3316598917332922E-05   4   0 1  1 0  0 1  0 1
   251  -.9491312629425594E-03   4   0 0  2 0  0 1  0 1
   252  -.9135605901659918E-05   4   1 0  0 1  0 1  0 1
   253  -.6223299128247726E-06   4   0 1  0 1  0 1  0 1
   254  -.1398592981114977E-02   4   0 0  1 1  0 1  0 1
   255  -.4988208022977936E-03   4   0 0  0 2  0 1  0 1
   256  -.6386458665588204E-03   4   2 0  0 0  0 0  1 1
   257  0.3151028471388700E-03   4   1 1  0 0  0 0  1 1
   258  0.7956980198256320E-04   4   0 2  0 0  0 0  1 1
   259  -.3477623901604821E-04   4   1 0  1 0  0 0  1 1
   260  0.3312135594815867E-05   4   0 1  1 0  0 0  1 1
   261  -.9478539668198969E-03   4   0 0  2 0  0 0  1 1
   262  -.9123311633783637E-05   4   1 0  0 1  0 0  1 1
   263  -.6214924105574817E-06   4   0 1  0 1  0 0  1 1
   264  -.1396710820594395E-02   4   0 0  1 1  0 0  1 1
   265  -.4981495127706709E-03   4   0 0  0 2  0 0  1 1
   266  0.2587720348409318E-03   4   2 0  0 0  0 0  0 2
   267  0.2608308834594536E-03   4   1 1  0 0  0 0  0 2
   268  0.3730571403324588E-04   4   0 2  0 0  0 0  0 2
   269  -.2949065602418690E-06   4   1 0  1 0  0 0  0 2
   270  0.1583201964715661E-05   4   0 1  1 0  0 0  0 2
   271  0.6376000308586760E-03   4   0 0  2 0  0 0  0 2
   272  -.7407480572163286E-07   4   1 0  0 1  0 0  0 2
   273  0.1602998046830531E-06   4   0 1  0 1  0 0  0 2
   274  0.3927351191859879E-03   4   0 0  1 1  0 0  0 2
   275  0.5225122853141619E-04   4   0 0  0 2  0 0  0 2
   276  -.2457164135627047E-01   4   1 0  0 0  0 3  0 0
   277  0.8600752330160422E-01   4   0 1  0 0  0 3  0 0
   278  0.1585722874101507E-05   4   0 0  1 0  0 3  0 0
   279  0.7899223134488935E-04   4   0 0  0 1  0 3  0 0
   280  -.1396668393382899E-01   4   1 0  0 0  0 2  1 0
   281  0.4585664540790725E-01   4   0 1  0 0  0 2  1 0
   282  0.1597776145829310E-05   4   0 0  1 0  0 2  1 0
   283  0.4775477216089060E-04   4   0 0  0 1  0 2  1 0
   284  -.1398802466095009E-01   4   1 0  0 0  0 1  2 0
   285  0.4593746150075349E-01   4   0 1  0 0  0 1  2 0
   286  0.1597747507078661E-05   4   0 0  1 0  0 1  2 0
   287  0.4781761442307511E-04   4   0 0  0 1  0 1  2 0
   288  -.2451265514552131E-01   4   1 0  0 0  0 0  3 0
   289  0.8580309176745278E-01   4   0 1  0 0  0 0  3 0
   290  0.1581448230349168E-05   4   0 0  1 0  0 0  3 0
   291  0.7880068559017119E-04   4   0 0  0 1  0 0  3 0
   292  0.5780372855260246E-01   4   1 0  0 0  0 2  0 1
   293  -.9168617750963344E-01   4   0 1  0 0  0 2  0 1
   294  -.4760326796295311E-05   4   0 0  1 0  0 2  0 1
   295  -.9546654515218190E-04   4   0 0  0 1  0 2  0 1
   296  0.3662807561947830E-01   4   1 0  0 0  0 1  1 1
   297  -.5172762046644939E-01   4   0 1  0 0  0 1  1 1
   298  -.4778589804791838E-05   4   0 0  1 0  0 1  1 1
   299  -.6438097093372261E-04   4   0 0  0 1  0 1  1 1
   300  0.5770129284993817E-01   4   1 0  0 0  0 0  2 1
   301  -.9152798427606819E-01   4   0 1  0 0  0 0  2 1
   302  -.4750705172439627E-05   4   0 0  1 0  0 0  2 1
   303  -.9529475033664240E-04   4   0 0  0 1  0 0  2 1
   304  -.3659949089552589E-01   4   1 0  0 0  0 1  0 2
   305  -.1420239189325694E-01   4   0 1  0 0  0 1  0 2
   306  0.4764210428753300E-05   4   0 0  1 0  0 1  0 2
   307  0.1007742925214570E-05   4   0 0  0 1  0 1  0 2
   308  -.3655023702555298E-01   4   1 0  0 0  0 0  1 2
   309  -.1418327898358253E-01   4   0 1  0 0  0 0  1 2
   310  0.4757798978887617E-05   4   0 0  1 0  0 0  1 2
   311  0.1006386752279066E-05   4   0 0  0 1  0 0  1 2
   312  -.1944518067036265E-02   4   1 0  0 0  0 0  0 3
   313  -.2772318703207446E-03   4   0 1  0 0  0 0  0 3
   314  -.1589009741276260E-05   4   0 0  1 0  0 0  0 3
   315  -.2244478838703205E-06   4   0 0  0 1  0 0  0 3
   316  0.3207692054945976E-04   4   0 0  0 0  0 4  0 0
   317  0.1664185234166473E-04   4   0 0  0 0  0 3  1 0
   318  0.1459516955186600E-04   4   0 0  0 0  0 2  2 0
   319  0.1668601899015055E-04   4   0 0  0 0  0 1  3 0
   320  0.3197943819167934E-04   4   0 0  0 0  0 0  4 0
   321  -.3451309502744841E-04   4   0 0  0 0  0 3  0 1
   322  -.1758423527352529E-04   4   0 0  0 0  0 2  1 1
   323  -.1761831460851414E-04   4   0 0  0 0  0 1  2 1
   324  -.3443160982980760E-04   4   0 0  0 0  0 0  3 1
   325  -.2443909192456203E-05   4   0 0  0 0  0 2  0 2
   326  -.2904845857751331E-05   4   0 0  0 0  0 1  1 2
   327  -.2438665692315084E-05   4   0 0  0 0  0 0  2 2
   328  -.2237314062547053E-07   4   0 0  0 0  0 1  0 3
   329  -.2234303190722636E-07   4   0 0  0 0  0 0  1 3
   330  0.1365696511808246E-13   4   0 0  0 0  0 0  0 4
   ----------------------------------------------------
     I  COEFFICIENT            ORDER EXPONENTS
     1  0.1020154153221559E-04   0   0 0  0 0  0 0  0 0
     2  -.2873609493467087E-03   1   1 0  0 0  0 0  0 0
     3  -.6916010497793313E-04   1   0 1  0 0  0 0  0 0
     4   1.388002080075257       1   0 0  1 0  0 0  0 0
     5  0.6920268205691762       1   0 0  0 1  0 0  0 0
     6  -.1549799124931619E-05   1   0 0  0 0  0 1  0 0
     7  -.1547713478308791E-05   1   0 0  0 0  0 0  1 0
     8  0.3097512603240402E-05   1   0 0  0 0  0 0  0 1
     9  0.1175825225701684E-04   2   2 0  0 0  0 0  0 0
    10  -.5928944768436730E-05   2   1 1  0 0  0 0  0 0
    11  0.1161923073060431E-05   2   0 2  0 0  0 0  0 0
    12  -.9311011396418019E-03   2   1 0  1 0  0 0  0 0
    13  -.3647413750897640E-04   2   0 1  1 0  0 0  0 0
    14  -.7296704005767512E-05   2   0 0  2 0  0 0  0 0
    15  0.1452850713804760E-03   2   1 0  0 1  0 0  0 0
    16  0.4292773331793915E-04   2   0 1  0 1  0 0  0 0
    17  0.2377894118739800E-04   2   0 0  1 1  0 0  0 0
    18  0.9661027953357566E-05   2   0 0  0 2  0 0  0 0
    19  0.1440595212368510E-03   2   1 0  0 0  0 1  0 0
    20  0.6924153882836123E-04   2   0 1  0 0  0 1  0 0
    21  -.2039447604261181       2   0 0  1 0  0 1  0 0
    22  -.3939367435732917       2   0 0  0 1  0 1  0 0
    23  0.1438656527224605E-03   2   1 0  0 0  0 0  1 0
    24  0.6914835682864670E-04   2   0 1  0 0  0 0  1 0
    25  -.2036703011791200       2   0 0  1 0  0 0  1 0
    26  -.3934066020693865       2   0 0  0 1  0 0  1 0
    27  -.2879251739593114E-03   2   1 0  0 0  0 0  0 1
    28  -.6922979067907462E-04   2   0 1  0 0  0 0  0 1
    29  0.4076150616052381       2   0 0  1 0  0 0  0 1
    30  0.9531652507350169E-01   2   0 0  0 1  0 0  0 1
    31  0.1193463099349150E-05   2   0 0  0 0  0 2  0 0
    32  0.8380870850998079E-06   2   0 0  0 0  0 1  1 0
    33  0.1191293063893545E-05   2   0 0  0 0  0 0  2 0
    34  -.1675228073937389E-05   2   0 0  0 0  0 1  0 1
    35  -.1672973630946245E-05   2   0 0  0 0  0 0  1 1
    36  0.1253459546700256E-06   2   0 0  0 0  0 0  0 2
    37  0.1406341272928082E-03   3   3 0  0 0  0 0  0 0
    38  -.2912789290228143E-04   3   2 1  0 0  0 0  0 0
    39  -.1985856380571705E-03   3   1 2  0 0  0 0  0 0
    40  -.8482869416151501E-04   3   0 3  0 0  0 0  0 0
    41  -.5064205148586072       3   2 0  1 0  0 0  0 0
    42  -.7374966857929902       3   1 1  1 0  0 0  0 0
    43  0.2578343817822989       3   0 2  1 0  0 0  0 0
    44  -.9560628974180474E-03   3   1 0  2 0  0 0  0 0
    45  -.1067348834035470E-02   3   0 1  2 0  0 0  0 0
    46  0.1768873799647669       3   0 0  3 0  0 0  0 0
    47  0.6125791397620447       3   2 0  0 1  0 0  0 0
    48  -.1838754826590115       3   1 1  0 1  0 0  0 0
    49  0.3696197708589791       3   0 2  0 1  0 0  0 0
    50  -.1196861563777117E-02   3   1 0  1 1  0 0  0 0
    51  -.7632797104392129E-03   3   0 1  1 1  0 0  0 0
    52   1.341233588230300       3   0 0  2 1  0 0  0 0
    53  -.6796537388466669E-03   3   1 0  0 2  0 0  0 0
    54  -.2707051750216388E-03   3   0 1  0 2  0 0  0 0
    55   1.072921908439250       3   0 0  1 2  0 0  0 0
    56  0.5350414742506915       3   0 0  0 3  0 0  0 0
    57  -.6446751574809890E-05   3   2 0  0 0  0 1  0 0
    58  0.7978209633063022E-05   3   1 1  0 0  0 1  0 0
    59  -.1335414367283808E-05   3   0 2  0 0  0 1  0 0
    60  0.5475177226030436E-03   3   1 0  1 0  0 1  0 0
    61  0.6717440045046485E-04   3   0 1  1 0  0 1  0 0
    62  -.1928526038097905E-05   3   0 0  2 0  0 1  0 0
    63  -.1376121498343663E-03   3   1 0  0 1  0 1  0 0
    64  -.5724743337875492E-04   3   0 1  0 1  0 1  0 0
    65  -.3265134219258529E-04   3   0 0  1 1  0 1  0 0
    66  -.1646421052733017E-04   3   0 0  0 2  0 1  0 0
    67  -.6438075840365391E-05   3   2 0  0 0  0 0  1 0
    68  0.7967472934538821E-05   3   1 1  0 0  0 0  1 0
    69  -.1333617229564206E-05   3   0 2  0 0  0 0  1 0
    70  0.5467808990555819E-03   3   1 0  1 0  0 0  1 0
    71  0.6708400030815912E-04   3   0 1  1 0  0 0  1 0
    72  -.1925930718644077E-05   3   0 0  2 0  0 0  1 0
    73  -.1374269578885557E-03   3   1 0  0 1  0 0  1 0
    74  -.5717039248089068E-04   3   0 1  0 1  0 0  1 0
    75  -.3260740155506692E-04   3   0 0  1 1  0 0  1 0
    76  -.1644205376873386E-04   3   0 0  0 2  0 0  1 0
    77  0.1288482741517525E-04   3   2 0  0 0  0 0  0 1
    78  -.1001673779916509E-04   3   1 1  0 0  0 0  0 1
    79  0.3451854507271560E-06   3   0 2  0 0  0 0  0 1
    80  -.1094298621658625E-02   3   1 0  1 0  0 0  0 1
    81  -.9778426324964562E-04   3   0 1  1 0  0 0  0 1
    82  0.3854456756742042E-05   3   0 0  2 0  0 0  0 1
    83  0.1297540363424467E-03   3   1 0  0 1  0 0  0 1
    84  0.2856235922376701E-04   3   0 1  0 1  0 0  0 1
    85  0.4147980256010258E-04   3   0 0  1 1  0 0  0 1
    86  0.1358420838934891E-04   3   0 0  0 2  0 0  0 1
    87  -.1082323467238824E-03   3   1 0  0 0  0 2  0 0
    88  -.6929368293393997E-04   3   0 1  0 0  0 2  0 0
    89  0.1579296280435189       3   0 0  1 0  0 2  0 0
    90  0.3200838226862922       3   0 0  0 1  0 2  0 0
    91  -.7250514661803599E-04   3   1 0  0 0  0 1  1 0
    92  -.6933427469207796E-04   3   0 1  0 0  0 1  1 0
    93  0.1120381212100869       3   0 0  1 0  0 1  1 0
    94  0.2464291247601558       3   0 0  0 1  0 1  1 0
    95  -.1080379057278850E-03   3   1 0  0 0  0 0  2 0
    96  -.6915377736158924E-04   3   0 1  0 0  0 0  2 0
    97  0.1576417059813882       3   0 0  1 0  0 0  2 0
    98  0.3194872526115993       3   0 0  0 1  0 0  2 0
    99  0.1449181639954317E-03   3   1 0  0 0  0 1  0 1
   100  0.6939598987290136E-04   3   0 1  0 0  0 1  0 1
   101  -.2239530320228839       3   0 0  1 0  0 1  0 1
   102  -.9872389818282645E-01   3   0 0  0 1  0 1  0 1
   103  0.1447231399600831E-03   3   1 0  0 0  0 0  1 1
   104  0.6930260002025010E-04   3   0 1  0 0  0 0  1 1
   105  -.2236516465869279       3   0 0  1 0  0 0  1 1
   106  -.9859104021334805E-01   3   0 0  0 1  0 0  1 1
   107  -.8630034321321408E-06   3   1 0  0 0  0 0  0 2
   108  -.1155963058013167E-06   3   0 1  0 0  0 0  0 2
   109  0.1999494961540659E-01   3   0 0  1 0  0 0  0 2
   110  0.3340993749481354E-02   3   0 0  0 1  0 0  0 2
   111  -.1015689813625665E-05   3   0 0  0 0  0 3  0 0
   112  -.6603776372147189E-06   3   0 0  0 0  0 2  1 0
   113  -.6610921215696470E-06   3   0 0  0 0  0 1  2 0
   114  -.1013195759057356E-05   3   0 0  0 0  0 0  3 0
   115  0.1320501527266287E-05   3   0 0  0 0  0 2  0 1
   116  0.9667266950141242E-06   3   0 0  0 0  0 1  1 1
   117  0.1318073970912326E-05   3   0 0  0 0  0 0  2 1
   118  -.1286351842817796E-06   3   0 0  0 0  0 1  0 2
   119  -.1284620731131385E-06   3   0 0  0 0  0 0  1 2
   120  0.2135116018434382E-08   3   0 0  0 0  0 0  0 3
   121  0.4322885592793101E-05   4   4 0  0 0  0 0  0 0
   122  -.4197637147305797E-05   4   3 1  0 0  0 0  0 0
   123  -.3922674938213624E-05   4   2 2  0 0  0 0  0 0
   124  -.7565804089304238E-06   4   1 3  0 0  0 0  0 0
   125  -.3882055852805056E-05   4   0 4  0 0  0 0  0 0
   126  0.9801666943946563E-03   4   3 0  1 0  0 0  0 0
   127  0.1930354015384501E-02   4   2 1  1 0  0 0  0 0
   128  0.4762621882554316E-03   4   1 2  1 0  0 0  0 0
   129  -.4899806789697239E-03   4   0 3  1 0  0 0  0 0
   130  0.6895326777540134E-04   4   2 0  2 0  0 0  0 0
   131  0.1714143017486757E-04   4   1 1  2 0  0 0  0 0
   132  -.4501111415437986E-04   4   0 2  2 0  0 0  0 0
   133  0.1943920339725838E-03   4   1 0  3 0  0 0  0 0
   134  0.8502364727648942E-03   4   0 1  3 0  0 0  0 0
   135  -.9126660173310213E-05   4   0 0  4 0  0 0  0 0
   136  -.5166285307499649E-03   4   3 0  0 1  0 0  0 0
   137  0.1222460014098522E-02   4   2 1  0 1  0 0  0 0
   138  0.1050702908107199E-02   4   1 2  0 1  0 0  0 0
   139  -.3235474652640420E-03   4   0 3  0 1  0 0  0 0
   140  0.8533610918182273E-05   4   2 0  1 1  0 0  0 0
   141  0.3394450533945127E-05   4   1 1  1 1  0 0  0 0
   142  -.2561389681263476E-04   4   0 2  1 1  0 0  0 0
   143  -.8430544970446028E-03   4   1 0  2 1  0 0  0 0
   144  0.8327921188510667E-03   4   0 1  2 1  0 0  0 0
   145  -.8505602735655893E-04   4   0 0  3 1  0 0  0 0
   146  -.1023379703285645E-04   4   2 0  0 2  0 0  0 0
   147  -.1640247461477932E-04   4   1 1  0 2  0 0  0 0
   148  -.2223939906007095E-04   4   0 2  0 2  0 0  0 0
   149  0.4947710678163931E-03   4   1 0  1 2  0 0  0 0
   150  -.1333220932444769E-03   4   0 1  1 2  0 0  0 0
   151  -.7826499113148263E-04   4   0 0  2 2  0 0  0 0
   152  0.6894166974891833E-03   4   1 0  0 3  0 0  0 0
   153  -.3352462767701602E-03   4   0 1  0 3  0 0  0 0
   154  -.3424170673103490E-04   4   0 0  1 3  0 0  0 0
   155  -.1717874681901676E-04   4   0 0  0 4  0 0  0 0
   156  -.8101346334995517E-04   4   3 0  0 0  0 1  0 0
   157  -.1262107111570761E-03   4   2 1  0 0  0 1  0 0
   158  0.2162322281264124E-03   4   1 2  0 0  0 1  0 0
   159  0.1587591696781232E-03   4   0 3  0 0  0 1  0 0
   160  0.4050630820274697       4   2 0  1 0  0 1  0 0
   161   1.069112090237561       4   1 1  1 0  0 1  0 0
   162  -.3343847846005155       4   0 2  1 0  0 1  0 0
   163  0.1050680501027075E-02   4   1 0  2 0  0 1  0 0
   164  0.1424465240015580E-02   4   0 1  2 0  0 1  0 0
   165  -.2918282297812671       4   0 0  3 0  0 1  0 0
   166  -.6598398727123098       4   2 0  0 1  0 1  0 0
   167  0.3316297520198263       4   1 1  0 1  0 1  0 0
   168  -.5774334804822154       4   0 2  0 1  0 1  0 0
   169  0.1869443392316917E-02   4   1 0  1 1  0 1  0 0
   170  0.1430077887650797E-02   4   0 1  1 1  0 1  0 0
   171  -1.849733620981578       4   0 0  2 1  0 1  0 0
   172  0.1155361665943014E-02   4   1 0  0 2  0 1  0 0
   173  0.5912784155509064E-03   4   0 1  0 2  0 1  0 0
   174  -1.839852304335547       4   0 0  1 2  0 1  0 0
   175  -.9490409507160285       4   0 0  0 3  0 1  0 0
   176  -.8090443924901093E-04   4   3 0  0 0  0 0  1 0
   177  -.1260408627301064E-03   4   2 1  0 0  0 0  1 0
   178  0.2159412329844718E-03   4   1 2  0 0  0 0  1 0
   179  0.1585455190696308E-03   4   0 3  0 0  0 0  1 0
   180  0.4045179672216387       4   2 0  1 0  0 0  1 0
   181   1.067673329572028       4   1 1  1 0  0 0  1 0
   182  -.3339347853164085       4   0 2  1 0  0 0  1 0
   183  0.1049266544725649E-02   4   1 0  2 0  0 0  1 0
   184  0.1422548261828288E-02   4   0 1  2 0  0 0  1 0
   185  -.2914355011030149       4   0 0  3 0  0 0  1 0
   186  -.6589518913087901       4   2 0  0 1  0 0  1 0
   187  0.3311834603287256       4   1 1  0 1  0 0  1 0
   188  -.5766563977176792       4   0 2  0 1  0 0  1 0
   189  0.1866927583503351E-02   4   1 0  1 1  0 0  1 0
   190  0.1428153356226832E-02   4   0 1  1 1  0 0  1 0
   191  -1.847244336649384       4   0 0  2 1  0 0  1 0
   192  0.1153806834663296E-02   4   1 0  0 2  0 0  1 0
   193  0.5904827009252447E-03   4   0 1  0 2  0 0  1 0
   194  -1.837376317813607       4   0 0  1 2  0 0  1 0
   195  -.9477637761313054       4   0 0  0 3  0 0  1 0
   196  0.1619179025989665E-03   4   3 0  0 0  0 0  0 1
   197  0.2813794667894645E-03   4   2 1  0 0  0 0  0 1
   198  -.3500218499654432E-04   4   1 2  0 0  0 0  0 1
   199  -.6281860626320864E-04   4   0 3  0 0  0 0  0 1
   200  -.8095810492491102       4   2 0  1 0  0 0  0 1
   201  -1.399288734016599       4   1 1  1 0  0 0  0 1
   202  0.1526508063523281       4   0 2  1 0  0 0  0 1
   203  -.2099947045752726E-02   4   1 0  2 0  0 0  0 1
   204  -.1779664667808400E-02   4   0 1  2 0  0 0  0 1
   205  0.5832637308842825       4   0 0  3 0  0 0  0 1
   206  0.7062126242590543       4   2 0  0 1  0 0  0 1
   207  -.2950622470305282       4   1 1  0 1  0 0  0 1
   208  0.4523056562295745E-01   4   0 2  0 1  0 0  0 1
   209  -.2539509412043153E-02   4   1 0  1 1  0 0  0 1
   210  -.1331671822999203E-02   4   0 1  1 1  0 0  0 1
   211   2.355744369400665       4   0 0  2 1  0 0  0 1
   212  -.9498610229129766E-03   4   1 0  0 2  0 0  0 1
   213  -.3696455914112345E-03   4   0 1  0 2  0 0  0 1
   214   1.531384805270656       4   0 0  1 2  0 0  0 1
   215  0.2916803040952586       4   0 0  0 3  0 0  0 1
   216  -.5618856282183883E-05   4   2 0  0 0  0 2  0 0
   217  -.3630610925770836E-05   4   1 1  0 0  0 2  0 0
   218  -.9515515766629827E-05   4   0 2  0 0  0 2  0 0
   219  -.1509858026676059E-04   4   1 0  1 0  0 2  0 0
   220  -.5885291032276063E-03   4   0 1  1 0  0 2  0 0
   221  -.2555813543262570E-04   4   0 0  2 0  0 2  0 0
   222  0.3020221777014677E-03   4   1 0  0 1  0 2  0 0
   223  -.5584960500722327E-03   4   0 1  0 1  0 2  0 0
   224  -.1998033964164208E-04   4   0 0  1 1  0 2  0 0
   225  -.2047220124293782E-04   4   0 0  0 2  0 2  0 0
   226  -.7271444440128158E-05   4   2 0  0 0  0 1  1 0
   227  -.3554472869642132E-05   4   1 1  0 0  0 1  1 0
   228  -.1179673995973522E-04   4   0 2  0 0  0 1  1 0
   229  0.1376689695084756E-03   4   1 0  1 0  0 1  1 0
   230  -.6909986197214919E-03   4   0 1  1 0  0 1  1 0
   231  -.2712046601353592E-04   4   0 0  2 0  0 1  1 0
   232  0.3386656768679251E-03   4   1 0  0 1  0 1  1 0
   233  -.6838695358613998E-03   4   0 1  0 1  0 1  1 0
   234  -.2657696439791435E-04   4   0 0  1 1  0 1  1 0
   235  -.2527101221898583E-04   4   0 0  0 2  0 1  1 0
   236  -.5606401906592353E-05   4   2 0  0 0  0 0  2 0
   237  -.3623333299651386E-05   4   1 1  0 0  0 0  2 0
   238  -.9494772485624954E-05   4   0 2  0 0  0 0  2 0
   239  -.1517089551452938E-04   4   1 0  1 0  0 0  2 0
   240  -.5872721318085086E-03   4   0 1  1 0  0 0  2 0
   241  -.2550549177597913E-04   4   0 0  2 0  0 0  2 0
   242  0.3013878503349497E-03   4   1 0  0 1  0 0  2 0
   243  -.5572842927132017E-03   4   0 1  0 1  0 0  2 0
   244  -.1993556802914527E-04   4   0 0  1 1  0 0  2 0
   245  -.2042764645071188E-04   4   0 0  0 2  0 0  2 0
   246  0.1557353788551775E-05   4   2 0  0 0  0 1  0 1
   247  0.3437114474664891E-05   4   1 1  0 0  0 1  0 1
   248  0.2286334458807301E-05   4   0 2  0 0  0 1  0 1
   249  -.7918426350890401E-04   4   1 0  1 0  0 1  0 1
   250  0.4928152526968262E-03   4   0 1  1 0  0 1  0 1
   251  0.2465851843856638E-04   4   0 0  2 0  0 1  0 1
   252  -.3826962434772000E-03   4   1 0  0 1  0 1  0 1
   253  0.8523712870951910E-04   4   0 1  0 1  0 1  0 1
   254  0.1689813201732837E-05   4   0 0  1 1  0 1  0 1
   255  -.5305249821865678E-05   4   0 0  0 2  0 1  0 1
   256  0.1555257975218686E-05   4   2 0  0 0  0 0  1 1
   257  0.3432488967990483E-05   4   1 1  0 0  0 0  1 1
   258  0.2283257617643848E-05   4   0 2  0 0  0 0  1 1
   259  -.7907770105889942E-04   4   1 0  1 0  0 0  1 1
   260  0.4921520451553249E-03   4   0 1  1 0  0 0  1 1
   261  0.2462533416656745E-04   4   0 0  2 0  0 0  1 1
   262  -.3821812289085776E-03   4   1 0  0 1  0 0  1 1
   263  0.8512242059878860E-04   4   0 1  0 1  0 0  1 1
   264  0.1687539130764052E-05   4   0 0  1 1  0 0  1 1
   265  -.5298110266683175E-05   4   0 0  0 2  0 0  1 1
   266  0.3459557409813161E-05   4   2 0  0 0  0 0  0 2
   267  0.7825309710683949E-06   4   1 1  0 0  0 0  0 2
   268  -.8079240576208016E-07   4   0 2  0 0  0 0  0 2
   269  0.1836657535031004E-03   4   1 0  1 0  0 0  0 2
   270  0.4891145818409383E-05   4   0 1  1 0  0 0  0 2
   271  0.7432465384211993E-05   4   0 0  2 0  0 0  0 2
   272  0.7864881979416285E-04   4   1 0  0 1  0 0  0 2
   273  0.1021973950476234E-04   4   0 1  0 1  0 0  0 2
   274  0.1194639129714897E-04   4   0 0  1 1  0 0  0 2
   275  0.2697409936811848E-05   4   0 0  0 2  0 0  0 2
   276  0.9037113712322990E-04   4   1 0  0 0  0 3  0 0
   277  0.6932175129815397E-04   4   0 1  0 0  0 3  0 0
   278  -.1349860287977587       4   0 0  1 0  0 3  0 0
   279  -.2836072159340986       4   0 0  0 1  0 3  0 0
   280  0.5467073800628250E-04   4   1 0  0 0  0 2  1 0
   281  0.6938777868841836E-04   4   0 1  0 0  0 2  1 0
   282  -.8912956626980260E-01   4   0 0  1 0  0 2  1 0
   283  -.2107020008736578       4   0 0  0 1  0 2  1 0
   284  0.5474255837823695E-04   4   1 0  0 0  0 1  2 0
   285  0.6938745708577203E-04   4   0 1  0 0  0 1  2 0
   286  -.8922176676916596E-01   4   0 0  1 0  0 1  2 0
   287  -.2108483990368355       4   0 0  0 1  0 1  2 0
   288  0.9015197426191000E-04   4   1 0  0 0  0 0  3 0
   289  0.6913518989499657E-04   4   0 1  0 0  0 0  3 0
   290  -.1346536497326357       4   0 0  1 0  0 0  3 0
   291  -.2828931328264636       4   0 0  0 1  0 0  3 0
   292  -.1093142773352919E-03   4   1 0  0 0  0 2  0 1
   293  -.6951039445205174E-04   4   0 1  0 0  0 2  0 1
   294  0.1782280041037007       4   0 0  1 0  0 2  0 1
   295  0.1012716084565035       4   0 0  0 1  0 2  0 1
   296  -.7380595628514312E-04   4   1 0  0 0  0 1  1 1
   297  -.6962436543211584E-04   4   0 1  0 0  0 1  1 1
   298  0.1326256397694244       4   0 0  1 0  0 1  1 1
   299  0.1038122827593450       4   0 0  0 1  0 1  1 1
   300  -.1091175050439244E-03   4   1 0  0 0  0 0  2 1
   301  -.6937000204427337E-04   4   0 1  0 0  0 0  2 1
   302  0.1778989125875871       4   0 0  1 0  0 0  2 1
   303  0.1010654690597913       4   0 0  0 1  0 0  2 1
   304  0.1296256767125624E-05   4   1 0  0 0  0 1  0 2
   305  0.2313806884799593E-06   4   0 1  0 0  0 1  0 2
   306  -.2058765946704249E-01   4   0 0  1 0  0 1  0 2
   307  -.5091866078146153E-02   4   0 0  0 1  0 1  0 2
   308  0.1294512325858857E-05   4   1 0  0 0  0 0  1 2
   309  0.2310693072539855E-06   4   0 1  0 0  0 0  1 2
   310  -.2055995356519443E-01   4   0 0  1 0  0 0  1 2
   311  -.5085013684749489E-02   4   0 0  0 1  0 0  1 2
   312  -.2882540755160878E-06   4   1 0  0 0  0 0  0 3
   313  -.3855369210844883E-07   4   0 1  0 0  0 0  0 3
   314  0.3859046004895062E-03   4   0 0  1 0  0 0  0 3
   315  0.5129950482174076E-04   4   0 0  0 1  0 0  0 3
   316  -.2013934153671440E-05   4   0 0  0 0  0 4  0 0
   317  -.1305900061784926E-05   4   0 0  0 0  0 3  1 0
   318  -.1212196230495797E-05   4   0 0  0 0  0 2  2 0
   319  -.1307923364619874E-05   4   0 0  0 0  0 1  3 0
   320  -.2007638486841574E-05   4   0 0  0 0  0 0  4 0
   321  -.6002194374699670E-07   4   0 0  0 0  0 3  0 1
   322  0.8478556064261541E-07   4   0 0  0 0  0 2  1 1
   323  0.8449341103029167E-07   4   0 0  0 0  0 1  2 1
   324  -.5995775518970623E-07   4   0 0  0 0  0 0  3 1
   325  0.3871059796777309E-07   4   0 0  0 0  0 2  0 2
   326  0.4638341998087730E-07   4   0 0  0 0  0 1  1 2
   327  0.3862729275907767E-07   4   0 0  0 0  0 0  2 2
   328  -.7893276777335510E-09   4   0 0  0 0  0 1  0 3
   329  -.7882654377445818E-09   4   0 0  0 0  0 0  1 3
   330  -.1830279887390719E-15   4   0 0  0 0  0 0  0 4
   ----------------------------------------------------
     I  COEFFICIENT            ORDER EXPONENTS
     1  0.1016039718944995E-04   0   0 0  0 0  0 0  0 0
     2  -.8985562527813588E-03   1   1 0  0 0  0 0  0 0
     3  -.2513577657690204E-03   1   0 1  0 0  0 0  0 0
     4   1.239312481102657       1   0 0  1 0  0 0  0 0
     5   1.338353517264419       1   0 0  0 1  0 0  0 0
     6  -.4163314610608562E-06   1   0 0  0 0  0 1  0 0
     7  -.4157711818015841E-06   1   0 0  0 0  0 0  1 0
     8  0.1099249983231238E-04   1   0 0  0 0  0 0  0 1
     9  -.3390366972725054E-05   2   2 0  0 0  0 0  0 0
    10  -.3649678016394532E-04   2   1 1  0 0  0 0  0 0
    11  -.3769121670536588E-05   2   0 2  0 0  0 0  0 0
    12  -.1226257644324183E-02   2   1 0  1 0  0 0  0 0
    13  0.4833398709664461E-03   2   0 1  1 0  0 0  0 0
    14  -.3186604873407064E-04   2   0 0  2 0  0 0  0 0
    15  0.4161335373132876E-03   2   1 0  0 1  0 0  0 0
    16  0.3144786660851857E-03   2   0 1  0 1  0 0  0 0
    17  0.3543800831762546E-05   2   0 0  1 1  0 0  0 0
    18  -.1933217774359380E-05   2   0 0  0 2  0 0  0 0
    19  0.1594083007042390E-05   2   1 0  0 0  0 1  0 0
    20  0.1259825842226519E-03   2   0 1  0 0  0 1  0 0
    21  -.4458857700144137E-01   2   0 0  1 0  0 1  0 0
    22  -.1773174696140609       2   0 0  0 1  0 1  0 0
    23  0.1591937765258058E-05   2   1 0  0 0  0 0  1 0
    24  0.1258130427981586E-03   2   0 1  0 0  0 0  1 0
    25  -.4452857179589986E-01   2   0 0  1 0  0 0  1 0
    26  -.1770788441201370       2   0 0  0 1  0 0  1 0
    27  -.9017422735536591E-03   2   1 0  0 0  0 0  0 1
    28  -.2517956270208104E-03   2   0 1  0 0  0 0  0 1
    29   1.328429629899998       2   0 0  1 0  0 0  0 1
    30  0.3543963137341972       2   0 0  0 1  0 0  0 1
    31  0.2527777468011040E-06   2   0 0  0 0  0 2  0 0
    32  0.8966617223946042E-07   2   0 0  0 0  0 1  1 0
    33  0.2523772361255510E-06   2   0 0  0 0  0 0  2 0
    34  -.5952290569699633E-06   2   0 0  0 0  0 1  0 1
    35  -.5944280257572668E-06   2   0 0  0 0  0 0  1 1
    36  0.5948308173657687E-06   2   0 0  0 0  0 0  0 2
    37  0.8249484621969010E-03   3   3 0  0 0  0 0  0 0
    38  0.7305762980191494E-03   3   2 1  0 0  0 0  0 0
    39  0.2297751578726613E-03   3   1 2  0 0  0 0  0 0
    40  -.1000987101325577E-03   3   0 3  0 0  0 0  0 0
    41  -2.839570814664222       3   2 0  1 0  0 0  0 0
    42  -2.413788401445254       3   1 1  1 0  0 0  0 0
    43  0.2711847382772670       3   0 2  1 0  0 0  0 0
    44  -.1777847767437475E-02   3   1 0  2 0  0 0  0 0
    45  -.5973177484825325E-03   3   0 1  2 0  0 0  0 0
    46  -1.569789530470777       3   0 0  3 0  0 0  0 0
    47  -.3804836521855813       3   2 0  0 1  0 0  0 0
    48  -.6565214448721065       3   1 1  0 1  0 0  0 0
    49  0.2166192301053965       3   0 2  0 1  0 0  0 0
    50  -.9204283632853939E-03   3   1 0  1 1  0 0  0 0
    51  0.5464180781058485E-03   3   0 1  1 1  0 0  0 0
    52  -1.662111297537012       3   0 0  2 1  0 0  0 0
    53  -.1378140495420679E-03   3   1 0  0 2  0 0  0 0
    54  0.6777879670437803E-04   3   0 1  0 2  0 0  0 0
    55  -1.163963805661144       3   0 0  1 2  0 0  0 0
    56  -.6056477519519179E-01   3   0 0  0 3  0 0  0 0
    57  -.7102218742009833E-07   3   2 0  0 0  0 1  0 0
    58  0.2351310595422874E-04   3   1 1  0 0  0 1  0 0
    59  0.4758443962777019E-05   3   0 2  0 0  0 1  0 0
    60  0.6084783601478659E-03   3   1 0  1 0  0 1  0 0
    61  -.1091302702200698E-03   3   0 1  1 0  0 1  0 0
    62  0.2199551624429055E-04   3   0 0  2 0  0 1  0 0
    63  -.6187140944060310E-04   3   1 0  0 1  0 1  0 0
    64  -.2673032138282712E-03   3   0 1  0 1  0 1  0 0
    65  0.1245501789006554E-04   3   0 0  1 1  0 1  0 0
    66  0.4535126877643976E-05   3   0 0  0 2  0 1  0 0
    67  -.7092660910743644E-07   3   2 0  0 0  0 0  1 0
    68  0.2348146312436978E-04   3   1 1  0 0  0 0  1 0
    69  0.4752040273149646E-05   3   0 2  0 0  0 0  1 0
    70  0.6076594986473734E-03   3   1 0  1 0  0 0  1 0
    71  -.1089834078455390E-03   3   0 1  1 0  0 0  1 0
    72  0.2196591571514181E-04   3   0 0  2 0  0 0  1 0
    73  -.6178814581367790E-04   3   1 0  0 1  0 0  1 0
    74  -.2669434897606624E-03   3   0 1  0 1  0 0  1 0
    75  0.1243825651397377E-04   3   0 0  1 1  0 0  1 0
    76  0.4529023717625114E-05   3   0 0  0 2  0 0  1 0
    77  -.3248418176197557E-05   3   2 0  0 0  0 0  0 1
    78  -.4699456907859846E-04   3   1 1  0 0  0 0  0 1
    79  -.5741362565390069E-05   3   0 2  0 0  0 0  0 1
    80  -.2442395503119424E-02   3   1 0  1 0  0 0  0 1
    81  0.2181136780656124E-03   3   0 1  1 0  0 0  0 1
    82  -.7582748069350292E-04   3   0 0  2 0  0 0  0 1
    83  0.1236595552542825E-03   3   1 0  0 1  0 0  0 1
    84  0.2197680375037475E-03   3   0 1  0 1  0 0  0 1
    85  -.2489327440417458E-04   3   0 0  1 1  0 0  0 1
    86  -.7130932820909768E-05   3   0 0  0 2  0 0  0 1
    87  -.1578306393519333E-05   3   1 0  0 0  0 2  0 0
    88  -.9464281752417561E-04   3   0 1  0 0  0 2  0 0
    89  0.3396347067958164E-01   3   0 0  1 0  0 2  0 0
    90  0.1370487135174336       3   0 0  0 1  0 2  0 0
    91  -.1575865421015430E-05   3   1 0  0 0  0 1  1 0
    92  -.6337997939121975E-04   3   0 1  0 0  0 1  1 0
    93  0.2336705135036141E-01   3   0 0  1 0  0 1  1 0
    94  0.9688812658246429E-01   3   0 0  0 1  0 1  1 0
    95  -.1575122020353288E-05   3   1 0  0 0  0 0  2 0
    96  -.9447280478607173E-04   3   0 1  0 0  0 0  2 0
    97  0.3390204110315572E-01   3   0 0  1 0  0 0  2 0
    98  0.1367990860803764       3   0 0  0 1  0 0  2 0
    99  0.4753059267076754E-05   3   1 0  0 0  0 1  0 1
   100  0.1266618628129965E-03   3   0 1  0 0  0 1  0 1
   101  -.9129434873687498E-01   3   0 0  1 0  0 1  0 1
   102  -.1936683928933862       3   0 0  0 1  0 1  0 1
   103  0.4746662823918864E-05   3   1 0  0 0  0 0  1 1
   104  0.1264914072473895E-03   3   0 1  0 0  0 0  1 1
   105  -.9117148910489800E-01   3   0 0  1 0  0 0  1 1
   106  -.1934077630975053       3   0 0  0 1  0 0  1 1
   107  -.4765338848103506E-05   3   1 0  0 0  0 0  0 2
   108  -.6730997229444248E-06   3   0 1  0 0  0 0  0 2
   109  0.9123307143064982E-01   3   0 0  1 0  0 0  0 2
   110  0.1634001034701799E-01   3   0 0  0 1  0 0  0 2
   111  -.2023036768185971E-06   3   0 0  0 0  0 3  0 0
   112  -.1013361178514323E-06   3   0 0  0 0  0 2  1 0
   113  -.1015393842906469E-06   3   0 0  0 0  0 1  2 0
   114  -.2018272059497479E-06   3   0 0  0 0  0 0  3 0
   115  0.4554590753883186E-06   3   0 0  0 0  0 2  0 1
   116  0.3160642077026427E-06   3   0 0  0 0  0 1  1 1
   117  0.4546334677922593E-06   3   0 0  0 0  0 0  2 1
   118  -.3158735235246085E-06   3   0 0  0 0  0 1  0 2
   119  -.3154484358232500E-06   3   0 0  0 0  0 0  1 2
   120  0.1216371399404744E-07   3   0 0  0 0  0 0  0 3
   121  0.1978197398033729E-04   4   4 0  0 0  0 0  0 0
   122  0.2828825213400749E-05   4   3 1  0 0  0 0  0 0
   123  -.7623135303391487E-05   4   2 2  0 0  0 0  0 0
   124  0.2550755885829296E-05   4   1 3  0 0  0 0  0 0
   125  -.5470562093030582E-05   4   0 4  0 0  0 0  0 0
   126  0.1814136355536640E-07   4   3 0  1 0  0 0  0 0
   127  -.3637549669951865E-02   4   2 1  1 0  0 0  0 0
   128  -.1355025851693533E-02   4   1 2  1 0  0 0  0 0
   129  -.4865066238024103E-03   4   0 3  1 0  0 0  0 0
   130  0.1626072680651985E-04   4   2 0  2 0  0 0  0 0
   131  -.2305980506820020E-03   4   1 1  2 0  0 0  0 0
   132  -.3886622811027988E-04   4   0 2  2 0  0 0  0 0
   133  0.6711742756180166E-07   4   1 0  3 0  0 0  0 0
   134  -.5643590692909327E-07   4   0 1  3 0  0 0  0 0
   135  -.3498130020764894E-04   4   0 0  4 0  0 0  0 0
   136  -.1818841389484949E-02   4   3 0  0 1  0 0  0 0
   137  -.2227526402360360E-02   4   2 1  0 1  0 0  0 0
   138  0.5206613814377784E-04   4   1 2  0 1  0 0  0 0
   139  -.5486287502282850E-04   4   0 3  0 1  0 0  0 0
   140  -.7521218946902410E-04   4   2 0  1 1  0 0  0 0
   141  -.2110619944793141E-03   4   1 1  1 1  0 0  0 0
   142  0.2461637258288904E-04   4   0 2  1 1  0 0  0 0
   143  -.3016576284543707E-02   4   1 0  2 1  0 0  0 0
   144  -.3218435382299949E-03   4   0 1  2 1  0 0  0 0
   145  -.1598189791764140E-03   4   0 0  3 1  0 0  0 0
   146  0.1331432727234132E-04   4   2 0  0 2  0 0  0 0
   147  -.4008807562469109E-04   4   1 1  0 2  0 0  0 0
   148  -.2916937893434406E-05   4   0 2  0 2  0 0  0 0
   149  -.1550271227172717E-02   4   1 0  1 2  0 0  0 0
   150  -.5487121904271232E-03   4   0 1  1 2  0 0  0 0
   151  -.1018554040475965E-03   4   0 0  2 2  0 0  0 0
   152  -.2297970523662634E-03   4   1 0  0 3  0 0  0 0
   153  -.1080666818903234E-03   4   0 1  0 3  0 0  0 0
   154  -.6627039118234661E-05   4   0 0  1 3  0 0  0 0
   155  0.3371774767582486E-05   4   0 0  0 4  0 0  0 0
   156  -.3869011288967855E-03   4   3 0  0 0  0 1  0 0
   157  -.7302635186015754E-03   4   2 1  0 0  0 1  0 0
   158  -.3473538513908504E-03   4   1 2  0 0  0 1  0 0
   159  0.1371757276500821E-03   4   0 3  0 0  0 1  0 0
   160   1.196376015566495       4   2 0  1 0  0 1  0 0
   161   2.368058679131058       4   1 1  1 0  0 1  0 0
   162  -.1167643477544812       4   0 2  1 0  0 1  0 0
   163  0.4487968648217196E-03   4   1 0  2 0  0 1  0 0
   164  0.5272072938999449E-03   4   0 1  2 0  0 1  0 0
   165   1.062620696350640       4   0 0  3 0  0 1  0 0
   166  0.2823923368322717       4   2 0  0 1  0 1  0 0
   167  0.9461910254307613       4   1 1  0 1  0 1  0 0
   168  -.2754413500863244       4   0 2  0 1  0 1  0 0
   169  0.6425322430047236E-03   4   1 0  1 1  0 1  0 0
   170  -.4223015629738973E-03   4   0 1  1 1  0 1  0 0
   171   1.899061122304495       4   0 0  2 1  0 1  0 0
   172  0.1626467792553870E-03   4   1 0  0 2  0 1  0 0
   173  -.8130174205093371E-04   4   0 1  0 2  0 1  0 0
   174   1.525222730021538       4   0 0  1 2  0 1  0 0
   175  0.1271714437563765       4   0 0  0 3  0 1  0 0
   176  -.3863804555915348E-03   4   3 0  0 0  0 0  1 0
   177  -.7292807643743694E-03   4   2 1  0 0  0 0  1 0
   178  -.3468863989478681E-03   4   1 2  0 0  0 0  1 0
   179  0.1369911230206781E-03   4   0 3  0 0  0 0  1 0
   180   1.194765989107994       4   2 0  1 0  0 0  1 0
   181   2.364871857363427       4   1 1  1 0  0 0  1 0
   182  -.1166072117981860       4   0 2  1 0  0 0  1 0
   183  0.4481928951521069E-03   4   1 0  2 0  0 0  1 0
   184  0.5264978031702351E-03   4   0 1  2 0  0 0  1 0
   185   1.061190671497070       4   0 0  3 0  0 0  1 0
   186  0.2820123065340521       4   2 0  0 1  0 0  1 0
   187  0.9449176861411723       4   1 1  0 1  0 0  1 0
   188  -.2750706740984772       4   0 2  0 1  0 0  1 0
   189  0.6416675533935853E-03   4   1 0  1 1  0 0  1 0
   190  -.4217332494328304E-03   4   0 1  1 1  0 0  1 0
   191   1.896505455345750       4   0 0  2 1  0 0  1 0
   192  0.1624278968851408E-03   4   1 0  0 2  0 0  1 0
   193  -.8119232999809748E-04   4   0 1  0 2  0 0  1 0
   194   1.523170157152733       4   0 0  1 2  0 0  1 0
   195  0.1270003024207514       4   0 0  0 3  0 0  1 0
   196  0.1598230046685220E-02   4   3 0  0 0  0 0  0 1
   197  0.1459544282975945E-02   4   2 1  0 0  0 0  0 1
   198  0.4644650924660551E-03   4   1 2  0 0  0 0  0 1
   199  -.7396943040564474E-04   4   0 3  0 0  0 0  0 1
   200  -5.230712819338712       4   2 0  1 0  0 0  0 1
   201  -4.732930536494488       4   1 1  1 0  0 0  0 1
   202  -.3781317872459731E-01   4   0 2  1 0  0 0  0 1
   203  -.2674837527411301E-02   4   1 0  2 0  0 0  0 1
   204  -.1053705097070182E-02   4   0 1  2 0  0 0  0 1
   205  -3.693600898318485       4   0 0  3 0  0 0  0 1
   206  -.5644046433663246       4   2 0  0 1  0 0  0 1
   207  -1.234587266699825       4   1 1  0 1  0 0  0 1
   208  0.1172735639740086       4   0 2  0 1  0 0  0 1
   209  -.1284199796398310E-02   4   1 0  1 1  0 0  0 1
   210  0.2976167343008775E-03   4   0 1  1 1  0 0  0 1
   211  -3.795566577650241       4   0 0  2 1  0 0  0 1
   212  -.1872606265984622E-03   4   1 0  0 2  0 0  0 1
   213  0.2693647864027566E-04   4   0 1  0 2  0 0  0 1
   214  -1.884429081513124       4   0 0  1 2  0 0  0 1
   215  -.1330421957867444       4   0 0  0 3  0 0  0 1
   216  0.3474293416834291E-05   4   2 0  0 0  0 2  0 0
   217  0.3504465294333835E-05   4   1 1  0 0  0 2  0 0
   218  -.1043622209791456E-04   4   0 2  0 0  0 2  0 0
   219  0.7245549507892531E-03   4   1 0  1 0  0 2  0 0
   220  -.3735349632580194E-03   4   0 1  1 0  0 2  0 0
   221  0.2449616177622756E-04   4   0 0  2 0  0 2  0 0
   222  0.5383031966169858E-03   4   1 0  0 1  0 2  0 0
   223  -.9662139960464151E-04   4   0 1  0 1  0 2  0 0
   224  0.5408716949863851E-04   4   0 0  1 1  0 2  0 0
   225  0.1022019242647847E-04   4   0 0  0 2  0 2  0 0
   226  0.1146601545211817E-05   4   2 0  0 0  0 1  1 0
   227  0.8796040092660473E-05   4   1 1  0 0  0 1  1 0
   228  -.1152273642810232E-04   4   0 2  0 0  0 1  1 0
   229  0.8692826255399470E-03   4   1 0  1 0  0 1  1 0
   230  -.4251188950222312E-03   4   0 1  1 0  0 1  1 0
   231  0.2738636514109348E-04   4   0 0  2 0  0 1  1 0
   232  0.5319473049107728E-03   4   1 0  0 1  0 1  1 0
   233  -.1675359403694168E-03   4   0 1  0 1  0 1  1 0
   234  0.5540688397562449E-04   4   0 0  1 1  0 1  1 0
   235  0.1085973362780957E-04   4   0 0  0 2  0 1  1 0
   236  0.3468846355330634E-05   4   2 0  0 0  0 0  2 0
   237  0.3493830501993583E-05   4   1 1  0 0  0 0  2 0
   238  -.1041442414423868E-04   4   0 2  0 0  0 0  2 0
   239  0.7229949590887838E-03   4   1 0  1 0  0 0  2 0
   240  -.3727462250216789E-03   4   0 1  1 0  0 0  2 0
   241  0.2444476835640710E-04   4   0 0  2 0  0 0  2 0
   242  0.5372208387377578E-03   4   1 0  0 1  0 0  2 0
   243  -.9637864009223409E-04   4   0 1  0 1  0 0  2 0
   244  0.5397709954835798E-04   4   0 0  1 1  0 0  2 0
   245  0.1019913131431449E-04   4   0 0  0 2  0 0  2 0
   246  -.8331492484579463E-05   4   2 0  0 0  0 1  0 1
   247  -.7438700110240106E-05   4   1 1  0 0  0 1  0 1
   248  0.8029699026636663E-05   4   0 2  0 0  0 1  0 1
   249  -.1159191381460604E-02   4   1 0  1 0  0 1  0 1
   250  0.2679420891983421E-03   4   0 1  1 0  0 1  0 1
   251  -.4874464060183177E-04   4   0 0  2 0  0 1  0 1
   252  -.7109307627875428E-03   4   1 0  0 1  0 1  0 1
   253  0.2080264645151935E-05   4   0 1  0 1  0 1  0 1
   254  -.7139684749200995E-04   4   0 0  1 1  0 1  0 1
   255  -.1173181710524431E-04   4   0 0  0 2  0 1  0 1
   256  -.8320280354643331E-05   4   2 0  0 0  0 0  1 1
   257  -.7428689458205523E-05   4   1 1  0 0  0 0  1 1
   258  0.8018893036113226E-05   4   0 2  0 0  0 0  1 1
   259  -.1157631396330231E-02   4   1 0  1 0  0 0  1 1
   260  0.2675815053623720E-03   4   0 1  1 0  0 0  1 1
   261  -.4867904236176508E-04   4   0 0  2 0  0 0  1 1
   262  -.7099740256719888E-03   4   1 0  0 1  0 0  1 1
   263  0.2077465123032069E-05   4   0 1  0 1  0 0  1 1
   264  -.7130076497947211E-04   4   0 0  1 1  0 0  1 1
   265  -.1171602897868545E-04   4   0 0  0 2  0 0  1 1
   266  0.8562035013245533E-05   4   2 0  0 0  0 0  0 2
   267  0.6953170137929293E-05   4   1 1  0 0  0 0  0 2
   268  0.1051834729157028E-05   4   0 2  0 0  0 0  0 2
   269  -.9757624296686040E-08   4   1 0  1 0  0 0  0 2
   270  -.2449668205613943E-08   4   0 1  1 0  0 0  0 2
   271  0.2109638235064388E-04   4   0 0  2 0  0 0  0 2
   272  0.5843570947341096E-04   4   1 0  0 1  0 0  0 2
   273  0.6233024172536714E-05   4   0 1  0 1  0 0  0 2
   274  0.1490527939093507E-04   4   0 0  1 1  0 0  0 2
   275  0.1929045289893204E-05   4   0 0  0 2  0 0  0 2
   276  0.1588596734201472E-05   4   1 0  0 0  0 3  0 0
   277  0.7900022755770363E-04   4   0 1  0 0  0 3  0 0
   278  -.2865789838512496E-01   4   0 0  1 0  0 3  0 0
   279  -.1169655744939209       4   0 0  0 1  0 3  0 0
   280  0.1598862824631020E-05   4   1 0  0 0  0 2  1 0
   281  0.4774309145383855E-04   4   0 1  0 0  0 2  1 0
   282  -.1805373594751163E-01   4   0 0  1 0  0 2  1 0
   283  -.7682623030244860E-01   4   0 0  0 1  0 2  1 0
   284  0.1598837785656058E-05   4   1 0  0 0  0 1  2 0
   285  0.4780597341469413E-04   4   0 1  0 0  0 1  2 0
   286  -.1807506396922494E-01   4   0 0  1 0  0 1  2 0
   287  -.7690693901312093E-01   4   0 0  0 1  0 1  2 0
   288  0.1584315558904233E-05   4   1 0  0 0  0 0  3 0
   289  0.7880867351068744E-04   4   0 1  0 0  0 0  3 0
   290  -.2858791716109684E-01   4   0 0  1 0  0 0  3 0
   291  -.1166778395079008       4   0 0  0 1  0 0  3 0
   292  -.4768651542778082E-05   4   1 0  0 0  0 2  0 1
   293  -.9547807301737627E-04   4   0 1  0 0  0 2  0 1
   294  0.7006359705908038E-01   4   0 0  1 0  0 2  0 1
   295  0.1536252313735699       4   0 0  0 1  0 2  0 1
   296  -.4784193243928101E-05   4   1 0  0 0  0 1  1 1
   297  -.6437798517989773E-04   4   0 1  0 0  0 1  1 1
   298  0.4888982273265913E-01   4   0 0  1 0  0 1  1 1
   299  0.1136894955096669       4   0 0  0 1  0 1  1 1
   300  -.4759014945372386E-05   4   1 0  0 0  0 0  2 1
   301  -.9530626469720835E-04   4   0 1  0 0  0 0  2 1
   302  0.6993641196247349E-01   4   0 0  1 0  0 0  2 1
   303  0.1533419907947656       4   0 0  0 1  0 0  2 1
   304  0.4771628181595821E-05   4   1 0  0 0  0 1  0 2
   305  0.1010954889168812E-05   4   0 1  0 0  0 1  0 2
   306  -.4886117435214362E-01   4   0 0  1 0  0 1  0 2
   307  -.1680150138038686E-01   4   0 0  0 1  0 1  0 2
   308  0.4765206749267938E-05   4   1 0  0 0  0 0  1 2
   309  0.1009594393723591E-05   4   0 1  0 0  0 0  1 2
   310  -.4879541928644760E-01   4   0 0  1 0  0 0  1 2
   311  -.1677889071165639E-01   4   0 0  0 1  0 0  1 2
   312  -.1590498694258171E-05   4   1 0  0 0  0 0  0 3
   313  -.2247832788833278E-06   4   0 1  0 0  0 0  0 3
   314  0.2141174069313703E-02   4   0 0  1 0  0 0  0 3
   315  0.3001237993357657E-03   4   0 0  0 1  0 0  0 3
   316  -.1206584621208572E-05   4   0 0  0 0  0 4  0 0
   317  -.7624718920368954E-06   4   0 0  0 0  0 3  1 0
   318  -.6973967740217802E-06   4   0 0  0 0  0 2  2 0
   319  -.7637497382152432E-06   4   0 0  0 0  0 1  3 0
   320  -.1202826142890166E-05   4   0 0  0 0  0 0  4 0
   321  0.1465866789562970E-05   4   0 0  0 0  0 3  0 1
   322  0.9917458805476567E-06   4   0 0  0 0  0 2  1 1
   323  0.9926989727711027E-06   4   0 0  0 0  0 1  2 1
   324  0.1462241325304670E-05   4   0 0  0 0  0 0  3 1
   325  -.8760677715958875E-07   4   0 0  0 0  0 2  0 2
   326  -.1059691786354311E-06   4   0 0  0 0  0 1  1 2
   327  -.8741757592442454E-07   4   0 0  0 0  0 0  2 2
   328  0.7339749758793023E-09   4   0 0  0 0  0 1  0 3
   329  0.7329872269478067E-09   4   0 0  0 0  0 0  1 3
   330  0.4465492070625436E-15   4   0 0  0 0  0 0  0 4
   ----------------------------------------------------
     I  COEFFICIENT            ORDER EXPONENTS
     1  0.3854827025805372E-07   0   0 0  0 0  0 0  0 0
     2  -.1666685263736509E-04   1   1 0  0 0  0 0  0 0
     3  0.1312040250954698E-04   1   0 1  0 0  0 0  0 0
     4  -.1358893930872531E-05   1   0 0  1 0  0 0  0 0
     5  -.1790535644619474E-05   1   0 0  0 1  0 0  0 0
     6   1.000000000000000       1   0 0  0 0  1 0  0 0
     7  0.1497981756865705       1   0 0  0 0  0 1  0 0
     8  -.1497981738174190       1   0 0  0 0  0 0  1 0
     9  -.1869179450035577E-08   1   0 0  0 0  0 0  0 1
    10  -.7569498291866458E-01   2   2 0  0 0  0 0  0 0
    11  0.1359251957525835       2   1 1  0 0  0 0  0 0
    12  -.1124561461911645       2   0 2  0 0  0 0  0 0
    13  0.1536196118397490E-04   2   1 0  1 0  0 0  0 0
    14  0.1471303901090597E-03   2   0 1  1 0  0 0  0 0
    15  -.9543118672805834E-01   2   0 0  2 0  0 0  0 0
    16  0.1471309576996126E-03   2   1 0  0 1  0 0  0 0
    17  0.6990480852568683E-04   2   0 1  0 1  0 0  0 0
    18  -.2420937207105807       2   0 0  1 1  0 0  0 0
    19  -.2022590931828737       2   0 0  0 2  0 0  0 0
    20  0.2422720452134638E-04   2   1 0  0 0  0 1  0 0
    21  -.1736657950234559E-04   2   0 1  0 0  0 1  0 0
    22  0.2264692858801207E-05   2   0 0  1 0  0 1  0 0
    23  0.2964400104483820E-05   2   0 0  0 1  0 1  0 0
    24  0.7572543510551852E-05   2   1 0  0 0  0 0  1 0
    25  -.4258055899561628E-05   2   0 1  0 0  0 0  1 0
    26  0.9064065625914082E-06   2   0 0  1 0  0 0  1 0
    27  0.1174693671633224E-05   2   0 0  0 1  0 0  1 0
    28  -.3179964820877452E-04   2   1 0  0 0  0 0  0 1
    29  0.8504067619704295E-05   2   0 1  0 0  0 0  0 1
    30  -.3171101147101308E-05   2   0 0  1 0  0 0  0 1
    31  -.2348568223032379E-05   2   0 0  0 1  0 0  0 1
    32  -.1124242800921974       2   0 0  0 0  0 2  0 0
    33  0.7505038177929335E-01   2   0 0  0 0  0 1  1 0
    34  0.3737389559370254E-01   2   0 0  0 0  0 0  2 0
    35  0.2718420497860397E-08   2   0 0  0 0  0 1  0 1
    36  0.8506102476795859E-09   2   0 0  0 0  0 0  1 1
    37  -.8499333266265072E-09   2   0 0  0 0  0 0  0 2
    38  0.3091785523881943E-04   3   3 0  0 0  0 0  0 0
    39  -.2499520310116615E-03   3   2 1  0 0  0 0  0 0
    40  -.3425997404311434E-04   3   1 2  0 0  0 0  0 0
    41  0.2525587782515348E-04   3   0 3  0 0  0 0  0 0
    42  -.1528881507311446E-04   3   2 0  1 0  0 0  0 0
    43  -.1268469169966652E-04   3   1 1  1 0  0 0  0 0
    44  0.2902130830637662E-05   3   0 2  1 0  0 0  0 0
    45  -.2556725918796671E-04   3   1 0  2 0  0 0  0 0
    46  0.6519379556401504E-04   3   0 1  2 0  0 0  0 0
    47  -.4415255968219361E-05   3   0 0  3 0  0 0  0 0
    48  -.1513619825912022E-04   3   2 0  0 1  0 0  0 0
    49  0.2292189316862670E-05   3   1 1  0 1  0 0  0 0
    50  -.2489013740375021E-06   3   0 2  0 1  0 0  0 0
    51  0.3001796175333760E-03   3   1 0  1 1  0 0  0 0
    52  -.5252539518428640E-04   3   0 1  1 1  0 0  0 0
    53  -.1430225121315331E-04   3   0 0  2 1  0 0  0 0
    54  -.1372325341734036E-03   3   1 0  0 2  0 0  0 0
    55  -.3247106143526009E-04   3   0 1  0 2  0 0  0 0
    56  -.2165663288850095E-04   3   0 0  1 2  0 0  0 0
    57  -.6426563672108771E-05   3   0 0  0 3  0 0  0 0
    58  0.1090795014338984       3   2 0  0 0  0 1  0 0
    59  -.1815983936368045       3   1 1  0 0  0 1  0 0
    60  0.1529800617877844       3   0 2  0 0  0 1  0 0
    61  -.3075324654029415E-04   3   1 0  1 0  0 1  0 0
    62  -.2241610293766158E-03   3   0 1  1 0  0 1  0 0
    63  0.1485830032983209       3   0 0  2 0  0 1  0 0
    64  -.2241528877409195E-03   3   1 0  0 1  0 1  0 0
    65  -.1405753020983460E-03   3   0 1  0 1  0 1  0 0
    66  0.3943221552286236       3   0 0  1 1  0 1  0 0
    67  0.3335439697229972       3   0 0  0 2  0 1  0 0
    68  0.3344130741920098E-01   3   2 0  0 0  0 0  1 0
    69  -.4579456683678651E-01   3   1 1  0 0  0 0  1 0
    70  0.4062060116188944E-01   3   0 2  0 0  0 0  1 0
    71  -.1538887626104530E-04   3   1 0  1 0  0 0  1 0
    72  -.7712349839923612E-04   3   0 1  1 0  0 0  1 0
    73  0.5320846901407010E-01   3   0 0  2 0  0 0  1 0
    74  -.7711747730569898E-04   3   1 0  0 1  0 0  1 0
    75  -.7066149178410570E-04   3   0 1  0 1  0 0  1 0
    76  0.1523489698817911       3   0 0  1 1  0 0  1 0
    77  0.1313800834796096       3   0 0  0 2  0 0  1 0
    78  -.1425207782436800       3   2 0  0 0  0 0  0 1
    79  0.9146823746728638E-01   3   1 1  0 0  0 0  0 1
    80  0.3131126370146835E-01   3   0 2  0 0  0 0  0 1
    81  0.4613985752693380E-04   3   1 0  1 0  0 0  0 1
    82  0.1541487191053288E-03   3   0 1  1 0  0 0  0 1
    83  -.2017913245583197       3   0 0  2 0  0 0  0 1
    84  0.1541448047396405E-03   3   1 0  0 1  0 0  0 1
    85  0.7139629406041357E-04   3   0 1  0 1  0 0  0 1
    86  -.3045775310546337       3   0 0  1 1  0 0  0 1
    87  -.6040610169355326E-01   3   0 0  0 2  0 0  0 1
    88  -.2953305247617211E-04   3   1 0  0 0  0 2  0 0
    89  0.1947569803219124E-04   3   0 1  0 0  0 2  0 0
    90  -.2954115564794526E-05   3   0 0  1 0  0 2  0 0
    91  -.3974601391377027E-05   3   0 0  0 1  0 2  0 0
    92  -.1061790004320463E-04   3   1 0  0 0  0 1  1 0
    93  0.4224141599297711E-05   3   0 1  0 0  0 1  1 0
    94  -.1379429487736355E-05   3   0 0  1 0  0 1  1 0
    95  -.2020839249414294E-05   3   0 0  0 1  0 1  1 0
    96  -.5318076729010453E-05   3   1 0  0 0  0 0  2 0
    97  0.2120896614655373E-05   3   0 1  0 0  0 0  2 0
    98  -.6903066534574849E-06   3   0 0  1 0  0 0  2 0
    99  -.1011050056337549E-05   3   0 0  0 1  0 0  2 0
   100  0.4545711136553346E-04   3   1 0  0 0  0 1  0 1
   101  -.8442875691500309E-05   3   0 1  0 0  0 1  0 1
   102  0.5022965537225580E-05   3   0 0  1 0  0 1  0 1
   103  0.4041216861114782E-05   3   0 0  0 1  0 1  0 1
   104  0.1368182046361236E-04   3   1 0  0 0  0 0  1 1
   105  0.4968060686958444E-07   3   0 1  0 0  0 0  1 1
   106  0.1853634013753102E-05   3   0 0  1 0  0 0  1 1
   107  0.1693527090371072E-05   3   0 0  0 1  0 0  1 1
   108  -.1366968388459209E-04   3   1 0  0 0  0 0  0 2
   109  -.4307509119658497E-05   3   0 1  0 0  0 0  0 2
   110  -.1852750345961577E-05   3   0 0  1 0  0 0  0 2
   111  -.5188049020496280E-06   3   0 0  0 1  0 0  0 2
   112  0.9369948931236247E-01   3   0 0  0 0  0 3  0 0
   113  -.5625011172935767E-01   3   0 0  0 0  0 2  1 0
   114  -.1880030431932344E-01   3   0 0  0 0  0 1  2 0
   115  -.1864917373511920E-01   3   0 0  0 0  0 0  3 0
   116  -.1442594724919449E-07   3   0 0  0 0  0 2  0 1
   117  -.7832721834114744E-08   3   0 0  0 0  0 1  1 1
   118  -.3918149021320706E-08   3   0 0  0 0  0 0  2 1
   119  0.4233935147858640E-09   3   0 0  0 0  0 1  0 2
   120  -.9475170342442473E-10   3   0 0  0 0  0 0  1 2
   121  0.4607748368357748E-10   3   0 0  0 0  0 0  0 3
   122  -.1796539812497370       4   4 0  0 0  0 0  0 0
   123  -.1282054212271060       4   3 1  0 0  0 0  0 0
   124  -.3953401032838767E-01   4   2 2  0 0  0 0  0 0
   125  0.1509010030876562       4   1 3  0 0  0 0  0 0
   126  -.4934432231059260E-01   4   0 4  0 0  0 0  0 0
   127  0.4488237335668625E-03   4   3 0  1 0  0 0  0 0
   128  0.9507295140331477E-04   4   2 1  1 0  0 0  0 0
   129  -.2976305141145566E-03   4   1 2  1 0  0 0  0 0
   130  0.1357668289774406E-03   4   0 3  1 0  0 0  0 0
   131  -.9358815674868636       4   2 0  2 0  0 0  0 0
   132  0.2645143739493150E-02   4   1 1  2 0  0 0  0 0
   133  0.1181859387353225       4   0 2  2 0  0 0  0 0
   134  -.3967531975202559E-03   4   1 0  3 0  0 0  0 0
   135  0.2840493662463320E-03   4   0 1  3 0  0 0  0 0
   136  -.2131193583241746       4   0 0  4 0  0 0  0 0
   137  0.1969934382874476E-03   4   3 0  0 1  0 0  0 0
   138  0.2403955893849149E-03   4   2 1  0 1  0 0  0 0
   139  0.9833928115675327E-04   4   1 2  0 1  0 0  0 0
   140  0.1027801809003000E-03   4   0 3  0 1  0 0  0 0
   141  -.6343231461755650       4   2 0  1 1  0 0  0 0
   142  0.4491850796233041       4   1 1  1 1  0 0  0 0
   143  -.1979225308454838       4   0 2  1 1  0 0  0 0
   144  0.3562703497767856E-03   4   1 0  2 1  0 0  0 0
   145  0.1172463670438557E-02   4   0 1  2 1  0 0  0 0
   146  -.7271494564559038       4   0 0  3 1  0 0  0 0
   147  -.5730015311353311       4   2 0  0 2  0 0  0 0
   148  0.1989558255432479       4   1 1  0 2  0 0  0 0
   149  -.2307132686989166       4   0 2  0 2  0 0  0 0
   150  0.6343856866227338E-03   4   1 0  1 2  0 0  0 0
   151  0.7452874260078293E-03   4   0 1  1 2  0 0  0 0
   152  -1.163379859105308       4   0 0  2 2  0 0  0 0
   153  0.3513934322556490E-03   4   1 0  0 3  0 0  0 0
   154  0.2104012436406735E-03   4   0 1  0 3  0 0  0 0
   155  -.7038967988012093       4   0 0  1 3  0 0  0 0
   156  -.2504914196863980       4   0 0  0 4  0 0  0 0
   157  -.1835798926292141E-03   4   3 0  0 0  0 1  0 0
   158  0.3211719538082122E-03   4   2 1  0 0  0 1  0 0
   159  0.6439340027333486E-03   4   1 2  0 0  0 1  0 0
   160  -.2449035716212474E-03   4   0 3  0 0  0 1  0 0
   161  -.1402374261027925E-05   4   2 0  1 0  0 1  0 0
   162  0.5920232259123020E-05   4   1 1  1 0  0 1  0 0
   163  -.9121577554944262E-05   4   0 2  1 0  0 1  0 0
   164  -.3695741950083919E-03   4   1 0  2 0  0 1  0 0
   165  0.3019176748216593E-03   4   0 1  2 0  0 1  0 0
   166  -.3101803314516311E-04   4   0 0  3 0  0 1  0 0
   167  -.1122893383635698E-04   4   2 0  0 1  0 1  0 0
   168  -.6090865620477660E-05   4   1 1  0 1  0 1  0 0
   169  -.1493281337006838E-04   4   0 2  0 1  0 1  0 0
   170  -.4959349270153570E-03   4   1 0  1 1  0 1  0 0
   171  -.2336903213977890E-03   4   0 1  1 1  0 1  0 0
   172  -.7044405593490554E-04   4   0 0  2 1  0 1  0 0
   173  0.3993692034351714E-03   4   1 0  0 2  0 1  0 0
   174  -.3764895874376117E-03   4   0 1  0 2  0 1  0 0
   175  -.3702437119975778E-04   4   0 0  1 2  0 1  0 0
   176  -.1712933380979847E-04   4   0 0  0 3  0 1  0 0
   177  -.5321701169244809E-04   4   3 0  0 0  0 0  1 0
   178  0.5499805575577828E-04   4   2 1  0 0  0 0  1 0
   179  0.3603865918184161E-03   4   1 2  0 0  0 0  1 0
   180  -.1369983425251993E-03   4   0 3  0 0  0 0  1 0
   181  -.9710328827241871E-06   4   2 0  1 0  0 0  1 0
   182  -.2604815452607512E-06   4   1 1  1 0  0 0  1 0
   183  -.5073784434743211E-05   4   0 2  1 0  0 0  1 0
   184  -.1899414761226012E-03   4   1 0  2 0  0 0  1 0
   185  0.1569793231639600E-03   4   0 1  2 0  0 0  1 0
   186  -.1653614126999513E-04   4   0 0  3 0  0 0  1 0
   187  -.7080242900666747E-05   4   2 0  0 1  0 0  1 0
   188  -.2787688040872321E-05   4   1 1  0 1  0 0  1 0
   189  -.9044772189517769E-05   4   0 2  0 1  0 0  1 0
   190  -.1401971761004994E-03   4   1 0  1 1  0 0  1 0
   191  -.1670249541599533E-03   4   0 1  1 1  0 0  1 0
   192  -.3801285957112296E-04   4   0 0  2 1  0 0  1 0
   193  0.2246560189802637E-03   4   1 0  0 2  0 0  1 0
   194  -.2273567811621784E-03   4   0 1  0 2  0 0  1 0
   195  -.2260245784746652E-04   4   0 0  1 2  0 0  1 0
   196  -.1037691344751472E-04   4   0 0  0 3  0 0  1 0
   197  0.1414270373043656E-03   4   3 0  0 0  0 0  0 1
   198  -.5465315917514704E-04   4   2 1  0 0  0 0  0 1
   199  -.1914921843078871E-03   4   1 2  0 0  0 0  0 1
   200  -.5243361609384196E-04   4   0 3  0 0  0 0  0 1
   201  -.5205519619442753E-05   4   2 0  1 0  0 0  0 1
   202  0.2020691218968233E-05   4   1 1  1 0  0 0  0 1
   203  0.4214262720990559E-05   4   0 2  1 0  0 0  0 1
   204  0.3738914978309796E-03   4   1 0  2 0  0 0  0 1
   205  -.7641070657424002E-04   4   0 1  2 0  0 0  0 1
   206  0.3448745467630369E-04   4   0 0  3 0  0 0  0 1
   207  -.7335595337645985E-06   4   2 0  0 1  0 0  0 1
   208  0.6969153781011515E-05   4   1 1  0 1  0 0  0 1
   209  0.9264941430599217E-06   4   0 2  0 1  0 0  0 1
   210  0.2810262738681171E-03   4   1 0  1 1  0 0  0 1
   211  0.1119133741731672E-03   4   0 1  1 1  0 0  0 1
   212  0.4664220396354324E-04   4   0 0  2 1  0 0  0 1
   213  -.2210480861607925E-03   4   1 0  0 2  0 0  0 1
   214  -.1581956416245575E-04   4   0 1  0 2  0 0  0 1
   215  0.1449256212026167E-04   4   0 0  1 2  0 0  0 1
   216  0.3991978823721440E-06   4   0 0  0 3  0 0  0 1
   217  -.1320252229536362       4   2 0  0 0  0 2  0 0
   218  0.2057428727264187       4   1 1  0 0  0 2  0 0
   219  -.1770357626412112       4   0 2  0 0  0 2  0 0
   220  0.4616937511548704E-04   4   1 0  1 0  0 2  0 0
   221  0.2845763987765753E-03   4   0 1  1 0  0 2  0 0
   222  -.1913266486392562       4   0 0  2 0  0 2  0 0
   223  0.2845781352271785E-03   4   1 0  0 1  0 2  0 0
   224  0.2119609994557214E-03   4   0 1  0 1  0 2  0 0
   225  -.5254077230625851       4   0 0  1 1  0 2  0 0
   226  -.4493190647900418       4   0 0  0 2  0 2  0 0
   227  -.4591972818753888E-01   4   2 0  0 0  0 1  1 0
   228  0.4834689511919536E-01   4   1 1  0 0  0 1  1 0
   229  -.4815580637198483E-01   4   0 2  0 0  0 1  1 0
   230  0.3082899143742741E-04   4   1 0  1 0  0 1  1 0
   231  0.1208780803097971E-03   4   0 1  1 0  0 1  1 0
   232  -.8551567617929623E-01   4   0 0  2 0  0 1  1 0
   233  0.1208882792388413E-03   4   1 0  0 1  0 1  1 0
   234  0.1427827890011550E-03   4   0 1  0 1  0 1  1 0
   235  -.2622283986604967       4   0 0  1 1  0 1  1 0
   236  -.2315921133391394       4   0 0  0 2  0 1  1 0
   237  -.2300223091504330E-01   4   2 0  0 0  0 0  2 0
   238  0.2426291402064110E-01   4   1 1  0 0  0 0  2 0
   239  -.2414825542607548E-01   4   0 2  0 0  0 0  2 0
   240  0.1541712874114726E-04   4   1 0  1 0  0 0  2 0
   241  0.6050917457364958E-04   4   0 1  1 0  0 0  2 0
   242  -.4280005587675922E-01   4   0 0  2 0  0 0  2 0
   243  0.6051496332892879E-04   4   1 0  0 1  0 0  2 0
   244  0.7139060119762031E-04   4   0 1  0 1  0 0  2 0
   245  -.1312025263831956       4   0 0  1 1  0 0  2 0
   246  -.1158642178988414       4   0 0  0 2  0 0  2 0
   247  0.2008907424286931       4   2 0  0 0  0 1  0 1
   248  -.9663485851173934E-01   4   1 1  0 0  0 1  0 1
   249  -.5671360468358677E-01   4   0 2  0 0  0 1  0 1
   250  -.9240760716595250E-04   4   1 0  1 0  0 1  0 1
   251  -.2417195459638855E-03   4   0 1  1 0  0 1  0 1
   252  0.3195864080533264       4   0 0  2 0  0 1  0 1
   253  -.2417166233630107E-03   4   1 0  0 1  0 1  0 1
   254  -.1450332826449181E-03   4   0 1  0 1  0 1  0 1
   255  0.5243995728727312       4   0 0  1 1  0 1  0 1
   256  0.1295980030917606       4   0 0  0 2  0 1  0 1
   257  0.5848295227231448E-01   4   2 0  0 0  0 0  1 1
   258  -.5282596038956719E-02   4   1 1  0 0  0 0  1 1
   259  -.2541023622554728E-01   4   0 2  0 0  0 0  1 1
   260  -.4626749396621636E-04   4   1 0  1 0  0 0  1 1
   261  -.8766014507707535E-04   4   0 1  1 0  0 0  1 1
   262  0.1179077562232862       4   0 0  2 0  0 0  1 1
   263  -.8766113024653879E-04   4   1 0  0 1  0 0  1 1
   264  -.7363384386109938E-04   4   0 1  0 1  0 0  1 1
   265  0.2199355501557456       4   0 0  1 1  0 0  1 1
   266  0.6917996848450686E-01   4   0 0  0 2  0 0  1 1
   267  -.5842645534350430E-01   4   2 0  0 0  0 0  0 2
   268  -.4050964652893804E-01   4   1 1  0 0  0 0  0 2
   269  -.5905040469491345E-02   4   0 2  0 0  0 0  0 2
   270  0.4626211141167884E-04   4   1 0  1 0  0 0  0 2
   271  0.1054119468035766E-04   4   0 1  1 0  0 0  0 2
   272  -.1178515673651645       4   0 0  2 0  0 0  0 2
   273  0.1053851890790033E-04   4   1 0  0 1  0 0  0 2
   274  0.2237905780372360E-05   4   0 1  0 1  0 0  0 2
   275  -.6759011571889886E-01   4   0 0  1 1  0 0  0 2
   276  -.8779867169786529E-02   4   0 0  0 2  0 0  0 2
   277  0.1441419276342342E-03   4   1 0  0 0  0 3  0 0
   278  -.2030953513351827E-03   4   0 1  0 0  0 3  0 0
   279  -.2857514600179478E-05   4   0 0  1 0  0 3  0 0
   280  -.6885547008539368E-05   4   0 0  0 1  0 3  0 0
   281  0.5147444120699135E-04   4   1 0  0 0  0 2  1 0
   282  -.6885809643289013E-04   4   0 1  0 0  0 2  1 0
   283  -.1339273339614341E-05   4   0 0  1 0  0 2  1 0
   284  -.3013193566788138E-05   4   0 0  0 1  0 2  1 0
   285  0.2935335076991427E-04   4   1 0  0 0  0 1  2 0
   286  -.3867820833238503E-04   4   0 1  0 0  0 1  2 0
   287  -.8375859713985557E-06   4   0 0  1 0  0 1  2 0
   288  -.1822323472628679E-05   4   0 0  0 1  0 1  2 0
   289  0.1721214976982360E-04   4   1 0  0 0  0 0  3 0
   290  -.2303223757302963E-04   4   0 1  0 0  0 0  3 0
   291  -.4471797892862172E-06   4   0 0  1 0  0 0  3 0
   292  -.1006445974016949E-05   4   0 0  0 1  0 0  3 0
   293  -.1310124621569561E-03   4   1 0  0 0  0 2  0 1
   294  -.3508448263508450E-04   4   0 1  0 0  0 2  0 1
   295  0.4887475335722525E-06   4   0 0  1 0  0 2  0 1
   296  -.2056357414332537E-05   4   0 0  0 1  0 2  0 1
   297  -.3889309701916096E-04   4   1 0  0 0  0 1  1 1
   298  -.2655333289673359E-04   4   0 1  0 0  0 1  1 1
   299  0.2915568128836929E-06   4   0 0  1 0  0 1  1 1
   300  -.1094220330987148E-05   4   0 0  0 1  0 1  1 1
   301  -.1949533001140497E-04   4   1 0  0 0  0 0  2 1
   302  -.1327344136720445E-04   4   0 1  0 0  0 0  2 1
   303  0.1458128211115013E-06   4   0 0  1 0  0 0  2 1
   304  -.5473874189672385E-06   4   0 0  0 1  0 0  2 1
   305  0.4690680678011973E-05   4   1 0  0 0  0 1  0 2
   306  0.4572687369285603E-05   4   0 1  0 0  0 1  0 2
   307  0.1762607862076104E-05   4   0 0  1 0  0 1  0 2
   308  0.7528803945565904E-06   4   0 0  0 1  0 1  0 2
   309  -.1695922912242436E-05   4   1 0  0 0  0 0  1 2
   310  0.1930360974152544E-05   4   0 1  0 0  0 0  1 2
   311  0.6306252567219535E-06   4   0 0  1 0  0 0  1 2
   312  0.4038171583408554E-06   4   0 0  0 1  0 0  1 2
   313  0.1072762328209431E-05   4   1 0  0 0  0 0  0 3
   314  0.2450670560016297E-06   4   0 1  0 0  0 0  0 3
   315  -.1333405626904863E-06   4   0 0  1 0  0 0  0 3
   316  -.2992601672675894E-07   4   0 0  0 1  0 0  0 3
   317  -.8199185579982793E-01   4   0 0  0 0  0 4  0 0
   318  0.4686866082197227E-01   4   0 0  0 0  0 3  1 0
   319  0.1407201485962481E-01   4   0 0  0 0  0 2  2 0
   320  0.9418912726282730E-02   4   0 0  0 0  0 1  3 0
   321  0.1163212573758561E-01   4   0 0  0 0  0 0  4 0
   322  0.2921504960189087E-08   4   0 0  0 0  0 3  0 1
   323  -.1050765215642016E-07   4   0 0  0 0  0 2  1 1
   324  -.7016217609449896E-08   4   0 0  0 0  0 1  2 1
   325  -.4072577353885939E-08   4   0 0  0 0  0 0  3 1
   326  -.9675036389114579E-09   4   0 0  0 0  0 2  0 2
   327  -.6607342253177721E-09   4   0 0  0 0  0 1  1 2
   328  -.2583242968386701E-09   4   0 0  0 0  0 0  2 2
   329  -.9023881120926206E-10   4   0 0  0 0  0 1  0 3
   330  -.4416382274967320E-10   4   0 0  0 0  0 0  1 3
   331  -.1565293629711738E-11   4   0 0  0 0  0 0  0 4
   ----------------------------------------------------
     I  COEFFICIENT            ORDER EXPONENTS
     1   1.000000000000000       1   0 0  0 0  0 1  0 0
     --------------------------------------------------
     I  COEFFICIENT            ORDER EXPONENTS
     1   1.000000000000000       1   0 0  0 0  0 0  1 0
     --------------------------------------------------
     I  COEFFICIENT            ORDER EXPONENTS
     1   1.000000000000000       1   0 0  0 0  0 0  0 1
     --------------------------------------------------
