 L    0.1049906000000000E+01
 P (  0.0000000000000000E+00,  0.0000000000000000E+00,  0.0000000000000000E+00)
 A (  0.0000000000000000E+00,  0.0000000000000000E+00,  0.0000000000000000E+00)
     I  COEFFICIENT            ORDER EXPONENTS
     1  0.9125793918410985E-04   0   0 0  0 0  0 0  0 0
     2   1.279515489263134       1   1 0  0 0  0 0  0 0
     3   1.291281606918054       1   0 1  0 0  0 0  0 0
     4  0.8671066682386479E-05   1   0 0  1 0  0 0  0 0
     5  0.7363506525526834E-05   1   0 0  0 1  0 0  0 0
     6  0.7620016177272070E-06   1   0 0  0 0  0 1  0 0
     7  0.7609761518619130E-06   1   0 0  0 0  0 0  1 0
     8  -.1522977768636424E-05   1   0 0  0 0  0 0  0 1
     9  -.6589537320861358E-01   2   2 0  0 0  0 0  0 0
    10  -.1152094207099421       2   1 1  0 0  0 0  0 0
    11  -.5056416210253883E-01   2   0 2  0 0  0 0  0 0
    12  0.3468429824354189E-03   2   1 0  1 0  0 0  0 0
    13  0.8702433456320575E-04   2   0 1  1 0  0 0  0 0
    14  0.5461918052295611E-01   2   0 0  2 0  0 0  0 0
    15  0.3140250213384709E-03   2   1 0  0 1  0 0  0 0
    16  0.1022974387235028E-03   2   0 1  0 1  0 0  0 0
    17  0.9552373677032382E-01   2   0 0  1 1  0 0  0 0
    18  0.4199829895086623E-01   2   0 0  0 2  0 0  0 0
    19  -.1455118693806997       2   1 0  0 0  0 1  0 0
    20  -.7714238509865731       2   0 1  0 0  0 1  0 0
    21  -.4622525005555969E-05   2   0 0  1 0  0 1  0 0
    22  -.7628498620615095E-05   2   0 0  0 1  0 1  0 0
    23  -.1453160463646240       2   1 0  0 0  0 0  1 0
    24  -.7703857051238623       2   0 1  0 0  0 0  1 0
    25  -.4616304229255548E-05   2   0 0  1 0  0 0  1 0
    26  -.7618232546690151E-05   2   0 0  0 1  0 0  1 0
    27  0.2908279157579022       2   1 0  0 0  0 0  0 1
    28  0.2505279492050317       2   0 1  0 0  0 0  0 1
    29  0.9238823101583438E-05   2   0 0  1 0  0 0  0 1
    30  0.7883219026356794E-05   2   0 0  0 1  0 0  0 1
    31  -.6425142503255394E-06   2   0 0  0 0  0 2  0 0
    32  -.5233320730235441E-06   2   0 0  0 0  0 1  1 0
    33  -.6412974471841910E-06   2   0 0  0 0  0 0  2 0
    34  0.1046299853988611E-05   2   0 0  0 0  0 1  0 1
    35  0.1044891792955527E-05   2   0 0  0 0  0 0  1 1
    36  -.2841025580436296E-06   2   0 0  0 0  0 0  0 2
    37   1.149559132536830       3   3 0  0 0  0 0  0 0
    38   5.096236113348311       3   2 1  0 0  0 0  0 0
    39   6.708349106840604       3   1 2  0 0  0 0  0 0
    40   3.390814927860375       3   0 3  0 0  0 0  0 0
    41  -.5380221838621808E-02   3   2 0  1 0  0 0  0 0
    42  -.9314656426506080E-02   3   1 1  1 0  0 0  0 0
    43  -.4034151781160724E-02   3   0 2  1 0  0 0  0 0
    44  -.5565757228507168       3   1 0  2 0  0 0  0 0
    45  0.6214618863960520       3   0 1  2 0  0 0  0 0
    46  0.1468758258778572E-02   3   0 0  3 0  0 0  0 0
    47  -.4691813247309339E-02   3   2 0  0 1  0 0  0 0
    48  -.8161050238767099E-02   3   1 1  0 1  0 0  0 0
    49  -.3547389518514860E-02   3   0 2  0 1  0 0  0 0
    50  -1.383475633187306       3   1 0  1 1  0 0  0 0
    51  0.5298253798622397       3   0 1  1 1  0 0  0 0
    52  0.3860208354306251E-02   3   0 0  2 1  0 0  0 0
    53  -.4780921020243127       3   1 0  0 2  0 0  0 0
    54  0.9112813067231631       3   0 1  0 2  0 0  0 0
    55  0.3408819012848233E-02   3   0 0  1 2  0 0  0 0
    56  0.1015200757440582E-02   3   0 0  0 3  0 0  0 0
    57  0.3724109266161741E-01   3   2 0  0 0  0 1  0 0
    58  0.1226169462622205       3   1 1  0 0  0 1  0 0
    59  0.7903955261468425E-01   3   0 2  0 0  0 1  0 0
    60  -.2083004054093790E-03   3   1 0  1 0  0 1  0 0
    61  -.1131351080140255E-03   3   0 1  1 0  0 1  0 0
    62  -.2589340749488015E-01   3   0 0  2 0  0 1  0 0
    63  -.3619467848961608E-03   3   1 0  0 1  0 1  0 0
    64  -.1930313617060298E-03   3   0 1  0 1  0 1  0 0
    65  -.9295062684805995E-01   3   0 0  1 1  0 1  0 0
    66  -.6183878331147336E-01   3   0 0  0 2  0 1  0 0
    67  0.3719097535422537E-01   3   2 0  0 0  0 0  1 0
    68  0.1224519341546773       3   1 1  0 0  0 0  1 0
    69  0.7893318490978042E-01   3   0 2  0 0  0 0  1 0
    70  -.2080200845406376E-03   3   1 0  1 0  0 0  1 0
    71  -.1129828561175336E-03   3   0 1  1 0  0 0  1 0
    72  -.2585856136738762E-01   3   0 0  2 0  0 0  1 0
    73  -.3614596939710095E-03   3   1 0  0 1  0 0  1 0
    74  -.1927715891966994E-03   3   0 1  0 1  0 0  1 0
    75  -.9282553827505917E-01   3   0 0  1 1  0 0  1 0
    76  -.6175556359125369E-01   3   0 0  0 2  0 0  1 0
    77  -.7443210363153988E-01   3   2 0  0 0  0 0  0 1
    78  -.1298595093996797       3   1 1  0 0  0 0  0 1
    79  -.5684442945753742E-01   3   0 2  0 0  0 0  0 1
    80  0.4159852102560100E-03   3   1 0  1 0  0 0  0 1
    81  0.1387498643156810E-03   3   0 1  1 0  0 0  0 1
    82  0.5175198055920077E-01   3   0 0  2 0  0 0  0 1
    83  0.4090458370939736E-03   3   1 0  0 1  0 0  0 1
    84  0.1808646542954893E-03   3   0 1  0 1  0 0  0 1
    85  0.9025243145614056E-01   3   0 0  1 1  0 0  0 1
    86  0.3959774320348502E-01   3   0 0  0 2  0 0  0 1
    87  0.1119715975146559       3   1 0  0 0  0 2  0 0
    88  0.6434683998854970       3   0 1  0 0  0 2  0 0
    89  0.3643116697044729E-05   3   0 0  1 0  0 2  0 0
    90  0.7869930473701727E-05   3   0 0  0 1  0 2  0 0
    91  0.7852144537179113E-01   3   1 0  0 0  0 1  1 0
    92  0.5158561450374239       3   0 1  0 0  0 1  1 0
    93  0.2608998652707279E-05   3   0 0  1 0  0 1  1 0
    94  0.8047582783826244E-05   3   0 0  0 1  0 1  1 0
    95  0.1117680761854615       3   1 0  0 0  0 0  2 0
    96  0.6422553429942791       3   0 1  0 0  0 0  2 0
    97  0.3636458428663969E-05   3   0 0  1 0  0 0  2 0
    98  0.7853924463374278E-05   3   0 0  0 1  0 0  2 0
    99  -.1569531697580635       3   1 0  0 0  0 1  0 1
   100  -.2599460258156101       3   0 1  0 0  0 1  0 1
   101  -.5165930517404808E-05   3   0 0  1 0  0 1  0 1
   102  -.8372374427105637E-05   3   0 0  0 1  0 1  0 1
   103  -.1567419495791511       3   1 0  0 0  0 0  1 1
   104  -.2595962027049003       3   0 1  0 0  0 0  1 1
   105  -.5158978451576398E-05   3   0 0  1 0  0 0  1 1
   106  -.8361107280178012E-05   3   0 0  0 1  0 0  1 1
   107  0.1143372800185406E-01   3   1 0  0 0  0 0  0 2
   108  0.9243300315832224E-02   3   0 1  0 0  0 0  0 2
   109  0.4869114007703523E-06   3   0 0  1 0  0 0  0 2
   110  0.4400065069915034E-06   3   0 0  0 1  0 0  0 2
   111  0.5835628596512944E-06   3   0 0  0 0  0 3  0 0
   112  0.4655190413913086E-06   3   0 0  0 0  0 2  1 0
   113  0.4657557428094023E-06   3   0 0  0 0  0 1  2 0
   114  0.5820720480171650E-06   3   0 0  0 0  0 0  3 0
   115  -.9311239823573968E-06   3   0 0  0 0  0 2  0 1
   116  -.8160970412334834E-06   3   0 0  0 0  0 1  1 1
   117  -.9293217871928562E-06   3   0 0  0 0  0 0  2 1
   118  0.2927425941910697E-06   3   0 0  0 0  0 1  0 2
   119  0.2923486350042558E-06   3   0 0  0 0  0 0  1 2
   120  -.5642723868788781E-08   3   0 0  0 0  0 0  0 3
   121  -7.165761532691556       4   4 0  0 0  0 0  0 0
   122  -26.00200651814396       4   3 1  0 0  0 0  0 0
   123  -35.59462251634931       4   2 2  0 0  0 0  0 0
   124  -21.83619658943027       4   1 3  0 0  0 0  0 0
   125  -5.074340630482069       4   0 4  0 0  0 0  0 0
   126  -.4205890611058842E-02   4   3 0  1 0  0 0  0 0
   127  -.1115177976224109E-01   4   2 1  1 0  0 0  0 0
   128  -.1028546314838433E-01   4   1 2  1 0  0 0  0 0
   129  -.3237380796585631E-02   4   0 3  1 0  0 0  0 0
   130   32.61328109175229       4   2 0  2 0  0 0  0 0
   131   56.74151534989698       4   1 1  2 0  0 0  0 0
   132   24.86811644514833       4   0 2  2 0  0 0  0 0
   133  0.2681869807680311E-02   4   1 0  3 0  0 0  0 0
   134  0.2670702716879021E-02   4   0 1  3 0  0 0  0 0
   135  -4.435863138450260       4   0 0  4 0  0 0  0 0
   136  -.4109944894230526E-02   4   3 0  0 1  0 0  0 0
   137  -.1086407986560394E-01   4   2 1  0 1  0 0  0 0
   138  -.9626718384048315E-02   4   1 2  0 1  0 0  0 0
   139  -.2848063608667358E-02   4   0 3  0 1  0 0  0 0
   140   57.97217678546991       4   2 0  1 1  0 0  0 0
   141   101.4331776218438       4   1 1  1 1  0 0  0 0
   142   44.74557235286476       4   0 2  1 1  0 0  0 0
   143  0.6198275731607316E-02   4   1 0  2 1  0 0  0 0
   144  0.5883874607560930E-02   4   0 1  2 1  0 0  0 0
   145  -15.33397969597829       4   0 0  3 1  0 0  0 0
   146   25.81727011566304       4   2 0  0 2  0 0  0 0
   147   45.36783338795720       4   1 1  0 2  0 0  0 0
   148   20.11634204480024       4   0 2  0 2  0 0  0 0
   149  0.4657056251772897E-02   4   1 0  1 2  0 0  0 0
   150  0.4156689527588261E-02   4   0 1  1 2  0 0  0 0
   151  -19.95246324181170       4   0 0  2 2  0 0  0 0
   152  0.1375519800808943E-02   4   1 0  0 3  0 0  0 0
   153  0.1108497944308969E-02   4   0 1  0 3  0 0  0 0
   154  -11.53221661358745       4   0 0  1 3  0 0  0 0
   155  -2.486607342113792       4   0 0  0 4  0 0  0 0
   156  -1.518523796271591       4   3 0  0 0  0 1  0 0
   157  -8.153099583790294       4   2 1  0 0  0 1  0 0
   158  -13.27227189977481       4   1 2  0 0  0 1  0 0
   159  -7.622023231732281       4   0 3  0 0  0 1  0 0
   160  -.5703088928623372E-03   4   2 0  1 0  0 1  0 0
   161  0.3101362880875559E-02   4   1 1  1 0  0 1  0 0
   162  0.3059830074246099E-02   4   0 2  1 0  0 1  0 0
   163  0.4683400657481714       4   1 0  2 0  0 1  0 0
   164  -.4841481472127147       4   0 1  2 0  0 1  0 0
   165  0.7163113378848842E-04   4   0 0  3 0  0 1  0 0
   166  0.1505022151682218E-02   4   2 0  0 1  0 1  0 0
   167  0.6137771748486620E-02   4   1 1  0 1  0 1  0 0
   168  0.4145053165660125E-02   4   0 2  0 1  0 1  0 0
   169   1.947599757204387       4   1 0  1 1  0 1  0 0
   170  -.3341537740151095       4   0 1  1 1  0 1  0 0
   171  -.1586231057930720E-02   4   0 0  2 1  0 1  0 0
   172   1.045946043316093       4   1 0  0 2  0 1  0 0
   173  -1.281629497714091       4   0 1  0 2  0 1  0 0
   174  -.2971412593058523E-02   4   0 0  1 2  0 1  0 0
   175  -.1358832555557977E-02   4   0 0  0 3  0 1  0 0
   176  -1.516480238512013       4   3 0  0 0  0 0  1 0
   177  -8.142127526612439       4   2 1  0 0  0 0  1 0
   178  -13.25441070175236       4   1 2  0 0  0 0  1 0
   179  -7.611765872080444       4   0 3  0 0  0 0  1 0
   180  -.5695413980320397E-03   4   2 0  1 0  0 0  1 0
   181  0.3097189212872663E-02   4   1 1  1 0  0 0  1 0
   182  0.3055712299136984E-02   4   0 2  1 0  0 0  1 0
   183  0.4677097957597874       4   1 0  2 0  0 0  1 0
   184  -.4834966034533107       4   0 1  2 0  0 0  1 0
   185  0.7153473598449416E-04   4   0 0  3 0  0 0  1 0
   186  0.1502996763799729E-02   4   2 0  0 1  0 0  1 0
   187  0.6129511824530683E-02   4   1 1  0 1  0 0  1 0
   188  0.4139474948459376E-02   4   0 2  0 1  0 0  1 0
   189   1.944978769238341       4   1 0  1 1  0 0  1 0
   190  -.3337040856141590       4   0 1  1 1  0 0  1 0
   191  -.1584096382929437E-02   4   0 0  2 1  0 0  1 0
   192   1.044538458424732       4   1 0  0 2  0 0  1 0
   193  -1.279904741137170       4   0 1  0 2  0 0  1 0
   194  -.2967413806028609E-02   4   0 0  1 2  0 0  1 0
   195  -.1357003902744267E-02   4   0 0  0 3  0 0  1 0
   196   3.033868165078774       4   3 0  0 0  0 0  0 1
   197   11.19548101112684       4   2 1  0 0  0 0  0 1
   198   13.10636380296200       4   1 2  0 0  0 0  0 1
   199   5.060096847374770       4   0 3  0 0  0 0  0 1
   200  0.4317946685779184E-03   4   2 0  1 0  0 0  0 1
   201  0.9699624372090992E-03   4   1 1  1 0  0 0  0 1
   202  0.5486197293296134E-03   4   0 2  1 0  0 0  0 1
   203  -.9343598891460877       4   1 0  2 0  0 0  0 1
   204  0.3479229214278095       4   0 1  2 0  0 0  0 1
   205  -.3696702830533711E-05   4   0 0  3 0  0 0  0 1
   206  0.5351616922592005E-03   4   2 0  0 1  0 0  0 1
   207  0.1136225752607512E-02   4   1 1  0 1  0 0  0 1
   208  0.6157927854634670E-03   4   0 2  0 1  0 0  0 1
   209  -2.505702497474763       4   1 0  1 1  0 0  0 1
   210  -.3883036342568687       4   0 1  1 1  0 0  0 1
   211  -.1157948280943855E-04   4   0 0  2 1  0 0  0 1
   212  -1.132596740198774       4   1 0  0 2  0 0  0 1
   213  -.1705655944074259       4   0 1  0 2  0 0  0 1
   214  0.2784002461753856E-05   4   0 0  1 2  0 0  0 1
   215  0.1384108325890181E-04   4   0 0  0 3  0 0  0 1
   216  -.3142767336771880E-01   4   2 0  0 0  0 2  0 0
   217  -.1313754920202305       4   1 1  0 0  0 2  0 0
   218  -.1041177470274374       4   0 2  0 0  0 2  0 0
   219  -.9086742270690694E-05   4   1 0  1 0  0 2  0 0
   220  0.1229875923326740E-03   4   0 1  1 0  0 2  0 0
   221  0.1835260710162551E-01   4   0 0  2 0  0 2  0 0
   222  0.3067353459592166E-03   4   1 0  0 1  0 2  0 0
   223  0.3804563429740255E-03   4   0 1  0 1  0 2  0 0
   224  0.9047599311992698E-01   4   0 0  1 1  0 2  0 0
   225  0.7582728631786534E-01   4   0 0  0 2  0 2  0 0
   226  -.2460256709273060E-01   4   2 0  0 0  0 1  1 0
   227  -.1377023856417438       4   1 1  0 0  0 1  1 0
   228  -.1275477883678585       4   0 2  0 0  0 1  1 0
   229  -.6515934411455974E-04   4   1 0  1 0  0 1  1 0
   230  0.1185984059737950E-03   4   0 1  1 0  0 1  1 0
   231  0.1124428029898986E-01   4   0 0  2 0  0 1  1 0
   232  0.3359729036227835E-03   4   1 0  0 1  0 1  1 0
   233  0.4706229035945924E-03   4   0 1  0 1  0 1  1 0
   234  0.8863732242537727E-01   4   0 0  1 1  0 1  1 0
   235  0.9009747492469625E-01   4   0 0  0 2  0 1  1 0
   236  -.3136882499837813E-01   4   2 0  0 0  0 0  2 0
   237  -.1311060363841282       4   1 1  0 0  0 0  2 0
   238  -.1038918063691541       4   0 2  0 0  0 0  2 0
   239  -.9030669573958941E-05   4   1 0  1 0  0 0  2 0
   240  0.1227422793544500E-03   4   0 1  1 0  0 0  2 0
   241  0.1832034301666563E-01   4   0 0  2 0  0 0  2 0
   242  0.3060964877366485E-03   4   1 0  0 1  0 0  2 0
   243  0.3796276716959517E-03   4   0 1  0 1  0 0  2 0
   244  0.9029459282677813E-01   4   0 0  1 1  0 0  2 0
   245  0.7566461706175159E-01   4   0 0  0 2  0 0  2 0
   246  0.4802914912419114E-01   4   2 0  0 0  0 1  0 1
   247  0.1492449453235001       4   1 1  0 0  0 1  0 1
   248  0.9399934110885444E-01   4   0 2  0 0  0 1  0 1
   249  0.3823022382249463E-04   4   1 0  1 0  0 1  0 1
   250  -.7152551893124885E-04   4   0 1  1 0  0 1  0 1
   251  -.2286962136449230E-01   4   0 0  2 0  0 1  0 1
   252  -.2393305417914539E-03   4   1 0  0 1  0 1  0 1
   253  -.2372046217413418E-03   4   0 1  0 1  0 1  0 1
   254  -.8487820403948745E-01   4   0 0  1 1  0 1  0 1
   255  -.5699825413175848E-01   4   0 0  0 2  0 1  0 1
   256  0.4796451375883518E-01   4   2 0  0 0  0 0  1 1
   257  0.1490440985097536       4   1 1  0 0  0 0  1 1
   258  0.9387284122562495E-01   4   0 2  0 0  0 0  1 1
   259  0.3817877538900215E-04   4   1 0  1 0  0 0  1 1
   260  -.7142926325875225E-04   4   0 1  1 0  0 0  1 1
   261  -.2283884450586789E-01   4   0 0  2 0  0 0  1 1
   262  -.2390084620275689E-03   4   1 0  0 1  0 0  1 1
   263  -.2368854029404693E-03   4   0 1  0 1  0 0  1 1
   264  -.8476397895266233E-01   4   0 0  1 1  0 0  1 1
   265  -.5692154856758262E-01   4   0 0  0 2  0 0  1 1
   266  -.9459667981615898E-02   4   2 0  0 0  0 0  0 2
   267  -.1625924169611202E-01   4   1 1  0 0  0 0  0 2
   268  -.6980617919498217E-02   4   0 2  0 0  0 0  0 2
   269  -.5349666955225144E-04   4   1 0  1 0  0 0  0 2
   270  -.5023255734097553E-04   4   0 1  1 0  0 0  0 2
   271  -.2603371354656376E-02   4   0 0  2 0  0 0  0 2
   272  -.4128985078845602E-04   4   1 0  0 1  0 0  0 2
   273  -.3925396064567611E-04   4   0 1  0 1  0 0  0 2
   274  -.4809336993997541E-02   4   0 0  1 1  0 0  0 2
   275  -.2198202292352777E-02   4   0 0  0 2  0 0  0 2
   276  -.9523061441955379E-01   4   1 0  0 0  0 3  0 0
   277  -.5807055766982301       4   0 1  0 0  0 3  0 0
   278  -.6233790499257248E-05   4   0 0  1 0  0 3  0 0
   279  -.1132484704559555E-04   4   0 0  0 1  0 3  0 0
   280  -.6176649222238702E-01   4   1 0  0 0  0 2  1 0
   281  -.4552566852114390       4   0 1  0 0  0 2  1 0
   282  -.4083004158659401E-05   4   0 0  1 0  0 2  1 0
   283  -.1076108010278318E-04   4   0 0  0 1  0 2  1 0
   284  -.6183378517898301E-01   4   1 0  0 0  0 1  2 0
   285  -.4555083424894396       4   0 1  0 0  0 1  2 0
   286  -.4087328864433770E-05   4   0 0  1 0  0 1  2 0
   287  -.1076218737444670E-04   4   0 0  0 1  0 1  2 0
   288  -.9499687394035763E-01   4   1 0  0 0  0 0  3 0
   289  -.5792274288605271       4   0 1  0 0  0 0  3 0
   290  -.6218463134633796E-05   4   0 0  1 0  0 0  3 0
   291  -.1129475525845376E-04   4   0 0  0 1  0 0  3 0
   292  0.1235060955810437       4   1 0  0 0  0 2  0 1
   293  0.2669582579393093       4   0 1  0 0  0 2  0 1
   294  0.7256795602617929E-05   4   0 0  1 0  0 2  0 1
   295  0.1192365890187392E-04   4   0 0  0 1  0 2  0 1
   296  0.9014693620686365E-01   4   1 0  0 0  0 1  1 1
   297  0.2739493333475672       4   0 1  0 0  0 1  1 1
   298  0.5102736578967550E-05   4   0 0  1 0  0 1  1 1
   299  0.1138381922485259E-04   4   0 0  0 1  0 1  1 1
   300  0.1232792291491164       4   1 0  0 0  0 0  2 1
   301  0.2664146640460646       4   0 1  0 0  0 0  2 1
   302  0.7243596237985731E-05   4   0 0  1 0  0 0  2 1
   303  0.1189995269996037E-04   4   0 0  0 1  0 0  2 1
   304  -.1162218800758772E-01   4   1 0  0 0  0 1  0 2
   305  -.1400965413006151E-01   4   0 1  0 0  0 1  0 2
   306  0.4065139196405343E-08   4   0 0  1 0  0 1  0 2
   307  -.1870184740215988E-06   4   0 0  0 1  0 1  0 2
   308  -.1160654741470227E-01   4   1 0  0 0  0 0  1 2
   309  -.1399080059778584E-01   4   0 1  0 0  0 0  1 2
   310  0.4059668523645246E-08   4   0 0  1 0  0 0  1 2
   311  -.1867667933731514E-06   4   0 0  0 1  0 0  1 2
   312  0.1203774548407178E-03   4   1 0  0 0  0 0  0 3
   313  0.9015058468899530E-04   4   0 1  0 0  0 0  0 3
   314  0.8294460137138640E-08   4   0 0  1 0  0 0  0 3
   315  0.6251289102271567E-08   4   0 0  0 1  0 0  0 3
   316  -.3011690684997539E-04   4   0 0  0 0  0 4  0 0
   317  -.2007184759722208E-04   4   0 0  0 0  0 3  1 0
   318  -.1874067166170470E-04   4   0 0  0 0  0 2  2 0
   319  -.2010054810366643E-04   4   0 0  0 0  0 1  3 0
   320  -.3002239512403243E-04   4   0 0  0 0  0 0  4 0
   321  0.4590461840319706E-05   4   0 0  0 0  0 3  0 1
   322  0.5452397399425264E-05   4   0 0  0 0  0 2  1 1
   323  0.5450645000705205E-05   4   0 0  0 0  0 1  2 1
   324  0.4577531552663661E-05   4   0 0  0 0  0 0  3 1
   325  -.2985256801085568E-07   4   0 0  0 0  0 2  0 2
   326  -.4164642964472054E-07   4   0 0  0 0  0 1  1 2
   327  -.2978437093060740E-07   4   0 0  0 0  0 0  2 2
   328  -.1136687610447812E-08   4   0 0  0 0  0 1  0 3
   329  -.1135157909831902E-08   4   0 0  0 0  0 0  1 3
   330  -.4952777938037090E-15   4   0 0  0 0  0 0  0 4
   ----------------------------------------------------
     I  COEFFICIENT            ORDER EXPONENTS
     1  0.3679816152436839E-04   0   0 0  0 0  0 0  0 0
     2   2.379310949989461       1   1 0  0 0  0 0  0 0
     3   3.182736356847841       1   0 1  0 0  0 0  0 0
     4  0.6808026427278265E-04   1   0 0  1 0  0 0  0 0
     5  0.6259399048049155E-04   1   0 0  0 1  0 0  0 0
     6  0.1280167823967232E-05   1   0 0  0 0  0 1  0 0
     7  0.1278445034441814E-05   1   0 0  0 0  0 0  1 0
     8  0.3423954867352770E-04   1   0 0  0 0  0 0  0 1
     9  -.6138625660310170       2   2 0  0 0  0 0  0 0
    10  -1.125428125430818       2   1 1  0 0  0 0  0 0
    11  -.5186256695126203       2   0 2  0 0  0 0  0 0
    12  0.2447770951038342E-02   2   1 0  1 0  0 0  0 0
    13  0.1768697433307480E-02   2   0 1  1 0  0 0  0 0
    14  0.4227711359078924       2   0 0  2 0  0 0  0 0
    15  0.2179150157230522E-02   2   1 0  0 1  0 0  0 0
    16  0.1607683940487678E-02   2   0 1  0 1  0 0  0 0
    17  0.7756349405055459       2   0 0  1 1  0 0  0 0
    18  0.3591862303007629       2   0 0  0 2  0 0  0 0
    19  -.1205176949584937       2   1 0  0 0  0 1  0 0
    20  -1.194165755939502       2   0 1  0 0  0 1  0 0
    21  -.3441254849216252E-05   2   0 0  1 0  0 1  0 0
    22  -.3467032753041024E-04   2   0 0  0 1  0 1  0 0
    23  -.1203555079244207       2   1 0  0 0  0 0  1 0
    24  -1.192558703944240       2   0 1  0 0  0 0  1 0
    25  -.3436623770620892E-05   2   0 0  1 0  0 0  1 0
    26  -.3462366983757574E-04   2   0 0  0 1  0 0  1 0
    27   2.620184153010257       2   1 0  0 0  0 0  0 1
    28   2.386724460023963       2   0 1  0 0  0 0  0 1
    29  0.7495801136620458E-04   2   0 0  1 0  0 0  0 1
    30  0.6929386837528248E-04   2   0 0  0 1  0 0  0 1
    31  -.1006793111308059E-05   2   0 0  0 0  0 2  0 0
    32  -.7341485487098592E-06   2   0 0  0 0  0 1  1 0
    33  -.1004944225327745E-05   2   0 0  0 0  0 0  2 0
    34  0.2747732802239045E-05   2   0 0  0 0  0 1  0 1
    35  0.2744035032929771E-05   2   0 0  0 0  0 0  1 1
    36  -.2745883406561899E-05   2   0 0  0 0  0 0  0 2
    37  -8.231680014284601       3   3 0  0 0  0 0  0 0
    38  -24.02927165636870       3   2 1  0 0  0 0  0 0
    39  -24.45734584211364       3   1 2  0 0  0 0  0 0
    40  -7.485777117592843       3   0 3  0 0  0 0  0 0
    41  -.4899203345618838E-01   3   2 0  1 0  0 0  0 0
    42  -.8924920696416218E-01   3   1 1  1 0  0 0  0 0
    43  -.4086222076793428E-01   3   0 2  1 0  0 0  0 0
    44  -12.12434806377435       3   1 0  2 0  0 0  0 0
    45  -9.698844295128101       3   0 1  2 0  0 0  0 0
    46  0.1106298865592853E-01   3   0 0  3 0  0 0  0 0
    47  -.4621245495779613E-01   3   2 0  0 1  0 0  0 0
    48  -.8494000976487102E-01   3   1 1  0 1  0 0  0 0
    49  -.3919953543797028E-01   3   0 2  0 1  0 0  0 0
    50  -25.52800067273164       3   1 0  1 1  0 0  0 0
    51  -21.34200753701175       3   0 1  1 1  0 0  0 0
    52  0.3027889997189999E-01   3   0 0  2 1  0 0  0 0
    53  -11.75986407882718       3   1 0  0 2  0 0  0 0
    54  -8.986919975353796       3   0 1  0 2  0 0  0 0
    55  0.2789691209936029E-01   3   0 0  1 2  0 0  0 0
    56  0.8685447845434671E-02   3   0 0  0 3  0 0  0 0
    57  0.8643520265451507E-01   3   2 0  0 0  0 1  0 0
    58  0.7172632610985284       3   1 1  0 0  0 1  0 0
    59  0.5876870559233162       3   0 2  0 0  0 1  0 0
    60  -.1048301584768410E-02   3   1 0  1 0  0 1  0 0
    61  -.1708759902754928E-02   3   0 1  1 0  0 1  0 0
    62  0.1415725109490611E-01   3   0 0  2 0  0 1  0 0
    63  -.2181801608592640E-02   3   1 0  0 1  0 1  0 0
    64  -.2507250354431161E-02   3   0 1  0 1  0 1  0 0
    65  -.3586433872968997       3   0 0  1 1  0 1  0 0
    66  -.3446678623780012       3   0 0  0 2  0 1  0 0
    67  0.8631888223233286E-01   3   2 0  0 0  0 0  1 0
    68  0.7162980020051894       3   1 1  0 0  0 0  1 0
    69  0.5868961743801857       3   0 2  0 0  0 0  1 0
    70  -.1046890829900372E-02   3   1 0  1 0  0 0  1 0
    71  -.1706460334208867E-02   3   0 1  1 0  0 0  1 0
    72  0.1413819893359068E-01   3   0 0  2 0  0 0  1 0
    73  -.2178865442812544E-02   3   1 0  0 1  0 0  1 0
    74  -.2503876215066785E-02   3   0 1  0 1  0 0  1 0
    75  -.3581607419285526       3   0 0  1 1  0 0  1 0
    76  -.3442040246124464       3   0 0  0 2  0 0  1 0
    77  -.7866187719782767       3   2 0  0 0  0 0  0 1
    78  -1.433564820484326       3   1 1  0 0  0 0  0 1
    79  -.6559590470811498       3   0 2  0 0  0 0  0 1
    80  0.4539690736827216E-02   3   1 0  1 0  0 0  0 1
    81  0.3411877139531816E-02   3   0 1  1 0  0 0  0 1
    82  0.3944770645207218       3   0 0  2 0  0 0  0 1
    83  0.4357120866862744E-02   3   1 0  0 1  0 0  0 1
    84  0.3399780683495360E-02   3   0 1  0 1  0 0  0 1
    85  0.7168064477113035       3   0 0  1 1  0 0  0 1
    86  0.3296866220692815       3   0 0  0 2  0 0  0 1
    87  0.9244425371477052E-01   3   1 0  0 0  0 2  0 0
    88  0.9481807147293586       3   0 1  0 0  0 2  0 0
    89  0.2385299860049835E-05   3   0 0  1 0  0 2  0 0
    90  0.2747936746601074E-04   3   0 0  0 1  0 2  0 0
    91  0.6444586414104117E-01   3   1 0  0 0  0 1  1 0
    92  0.7028553556829922       3   0 1  0 0  0 1  1 0
    93  0.1333873092368742E-05   3   0 0  1 0  0 1  1 0
    94  0.2031287652137539E-04   3   0 0  0 1  0 1  1 0
    95  0.9227648249149936E-01   3   1 0  0 0  0 0  2 0
    96  0.9464317630030565       3   0 1  0 0  0 0  2 0
    97  0.2381192304143087E-05   3   0 0  1 0  0 0  2 0
    98  0.2742871897237718E-04   3   0 0  0 1  0 0  2 0
    99  -.2493338204716670       3   1 0  0 0  0 1  0 1
   100  -1.405050577269132       3   0 1  0 0  0 1  0 1
   101  -.6184988015061968E-05   3   0 0  1 0  0 1  0 1
   102  -.4066094051437013E-04   3   0 0  0 1  0 1  0 1
   103  -.2489982787667746       3   1 0  0 0  0 0  1 1
   104  -1.403159726419986       3   0 1  0 0  0 0  1 1
   105  -.6176664549679714E-05   3   0 0  1 0  0 0  1 1
   106  -.4060622093690973E-04   3   0 0  0 1  0 0  1 1
   107  0.2491657340002842       3   1 0  0 0  0 0  0 2
   108  0.2107426638090019       3   0 1  0 0  0 0  0 2
   109  0.6219464389674989E-05   3   0 0  1 0  0 0  0 2
   110  0.6037096833722309E-05   3   0 0  0 1  0 0  0 2
   111  0.8699343720504244E-06   3   0 0  0 0  0 3  0 0
   112  0.5976865876408570E-06   3   0 0  0 0  0 2  1 0
   113  0.5982337917536873E-06   3   0 0  0 0  0 1  2 0
   114  0.8677766700915950E-06   3   0 0  0 0  0 0  3 0
   115  -.2203453031191631E-05   3   0 0  0 0  0 2  0 1
   116  -.1661161355763721E-05   3   0 0  0 0  0 1  1 1
   117  -.2199369971615017E-05   3   0 0  0 0  0 0  2 1
   118  0.1661462615574831E-05   3   0 0  0 0  0 1  0 2
   119  0.1659226697488628E-05   3   0 0  0 0  0 0  1 2
   120  -.1917365695582333E-06   3   0 0  0 0  0 0  0 3
   121  -63.05251672772359       4   4 0  0 0  0 0  0 0
   122  -233.6875795307256       4   3 1  0 0  0 0  0 0
   123  -326.1788454064171       4   2 2  0 0  0 0  0 0
   124  -203.7302856473707       4   1 3  0 0  0 0  0 0
   125  -48.15526287339092       4   0 4  0 0  0 0  0 0
   126  -.3281844997955018E-01   4   3 0  1 0  0 0  0 0
   127  -.8764447117596627E-01   4   2 1  1 0  0 0  0 0
   128  -.7845534020936748E-01   4   1 2  1 0  0 0  0 0
   129  -.2259238580104554E-01   4   0 3  1 0  0 0  0 0
   130   273.3683843453226       4   2 0  2 0  0 0  0 0
   131   494.1683742823784       4   1 1  2 0  0 0  0 0
   132   224.5602465820829       4   0 2  2 0  0 0  0 0
   133  0.2647680115754476E-01   4   1 0  3 0  0 0  0 0
   134  0.2542243314483334E-01   4   0 1  3 0  0 0  0 0
   135  -32.71955460063378       4   0 0  4 0  0 0  0 0
   136  -.3080668436521358E-01   4   3 0  0 1  0 0  0 0
   137  -.8323219667751286E-01   4   2 1  0 1  0 0  0 0
   138  -.7431836597991386E-01   4   1 2  0 1  0 0  0 0
   139  -.2124182404246012E-01   4   0 3  0 1  0 0  0 0
   140   511.6615894188136       4   2 0  1 1  0 0  0 0
   141   931.7383045601404       4   1 1  1 1  0 0  0 0
   142   426.8490712990219       4   0 2  1 1  0 0  0 0
   143  0.7629773883338203E-01   4   1 0  2 1  0 0  0 0
   144  0.7347486553843524E-01   4   0 1  2 1  0 0  0 0
   145  -118.5080438170595       4   0 0  3 1  0 0  0 0
   146   241.0565188845522       4   2 0  0 2  0 0  0 0
   147   441.5917628806519       4   1 1  0 2  0 0  0 0
   148   203.6517727292687       4   0 2  0 2  0 0  0 0
   149  0.7336181681393562E-01   4   1 0  1 2  0 0  0 0
   150  0.7152860293141461E-01   4   0 1  1 2  0 0  0 0
   151  -162.4565064222706       4   0 0  2 2  0 0  0 0
   152  0.2461812895012680E-01   4   1 0  0 3  0 0  0 0
   153  0.2423666453568909E-01   4   0 1  0 3  0 0  0 0
   154  -99.54075014611536       4   0 0  1 3  0 0  0 0
   155  -22.91756112574174       4   0 0  0 4  0 0  0 0
   156   6.081087986402256       4   3 0  0 0  0 1  0 0
   157   29.48070562914896       4   2 1  0 0  0 1  0 0
   158   41.18832140229173       4   1 2  0 0  0 1  0 0
   159   16.52079168443505       4   0 3  0 0  0 1  0 0
   160  -.4552296018258290E-02   4   2 0  1 0  0 1  0 0
   161  0.3044095528715540E-01   4   1 1  1 0  0 1  0 0
   162  0.3146478257171948E-01   4   0 2  1 0  0 1  0 0
   163   4.557193047420086       4   1 0  2 0  0 1  0 0
   164   8.165746092604468       4   0 1  2 0  0 1  0 0
   165  0.9804682100251602E-03   4   0 0  3 0  0 1  0 0
   166  0.1504456702989602E-01   4   2 0  0 1  0 1  0 0
   167  0.6403857850918140E-01   4   1 1  0 1  0 1  0 0
   168  0.4615131927413035E-01   4   0 2  0 1  0 1  0 0
   169   23.14750407733860       4   1 0  1 1  0 1  0 0
   170   29.52621781022599       4   0 1  1 1  0 1  0 0
   171  -.1029515542441193E-01   4   0 0  2 1  0 1  0 0
   172   17.25360826892647       4   1 0  0 2  0 1  0 0
   173   17.96903289639174       4   0 1  0 2  0 1  0 0
   174  -.2121385290230507E-01   4   0 0  1 2  0 1  0 0
   175  -.1020623247626552E-01   4   0 0  0 3  0 1  0 0
   176   6.072904344782152       4   3 0  0 0  0 0  1 0
   177   29.44103188489142       4   2 1  0 0  0 0  1 0
   178   41.13289210048747       4   1 2  0 0  0 0  1 0
   179   16.49855878158428       4   0 3  0 0  0 0  1 0
   180  -.4546169752819157E-02   4   2 0  1 0  0 0  1 0
   181  0.3039998928416248E-01   4   1 1  1 0  0 0  1 0
   182  0.3142243875021829E-01   4   0 2  1 0  0 0  1 0
   183   4.551060191789936       4   1 0  2 0  0 0  1 0
   184   8.154757016351326       4   0 1  2 0  0 0  1 0
   185  0.9791487421159739E-03   4   0 0  3 0  0 0  1 0
   186  0.1502432076061311E-01   4   2 0  0 1  0 0  1 0
   187  0.6395239840825744E-01   4   1 1  0 1  0 0  1 0
   188  0.4608921100368756E-01   4   0 2  0 1  0 0  1 0
   189   23.11635325725539       4   1 0  1 1  0 0  1 0
   190   29.48648281781946       4   0 1  1 1  0 0  1 0
   191  -.1028130068943562E-01   4   0 0  2 1  0 0  1 0
   192   17.23038917605254       4   1 0  0 2  0 0  1 0
   193   17.94485101877097       4   0 1  0 2  0 0  1 0
   194  -.2118530429884341E-01   4   0 0  1 2  0 0  1 0
   195  -.1019249740960204E-01   4   0 0  0 3  0 0  1 0
   196  -20.39273539915689       4   3 0  0 0  0 0  0 1
   197  -58.94420410420522       4   2 1  0 0  0 0  0 1
   198  -57.88784035673071       4   1 2  0 0  0 0  0 1
   199  -18.05636830484419       4   0 3  0 0  0 0  0 1
   200  0.5621997005031750E-03   4   2 0  1 0  0 0  0 1
   201  0.1158914802127740E-02   4   1 1  1 0  0 0  0 1
   202  0.6002408060165881E-03   4   0 2  1 0  0 0  0 1
   203  -21.21728832579684       4   1 0  2 0  0 0  0 1
   204  -16.30515717847964       4   0 1  2 0  0 0  0 1
   205  -.5817777473323733E-03   4   0 0  3 0  0 0  0 1
   206  0.6562427192793543E-03   4   2 0  0 1  0 0  0 1
   207  0.1169400263310490E-02   4   1 1  0 1  0 0  0 1
   208  0.5691047073834735E-03   4   0 2  0 1  0 0  0 1
   209  -46.23112108610597       4   1 0  1 1  0 0  0 1
   210  -37.63736838132460       4   0 1  1 1  0 0  0 1
   211  -.1764504529556359E-02   4   0 0  2 1  0 0  0 1
   212  -22.70644140339297       4   1 0  0 2  0 0  0 1
   213  -17.92182163379233       4   0 1  0 2  0 0  0 1
   214  -.1754245259891233E-02   4   0 0  1 2  0 0  0 1
   215  -.5345892702120904E-03   4   0 0  0 3  0 0  0 1
   216  -.6801309072336800E-01   4   2 0  0 0  0 2  0 0
   217  -.6190469497135829       4   1 1  0 0  0 2  0 0
   218  -.6404356136031099       4   0 2  0 0  0 2  0 0
   219  -.4716940239933687E-03   4   1 0  1 0  0 2  0 0
   220  0.5499269384930298E-03   4   0 1  1 0  0 2  0 0
   221  -.8989472703236037E-02   4   0 0  2 0  0 2  0 0
   222  0.8972182988825207E-03   4   1 0  0 1  0 2  0 0
   223  0.2001021055152107E-02   4   0 1  0 1  0 2  0 0
   224  0.2574919876742998       4   0 0  1 1  0 2  0 0
   225  0.3350974076705861       4   0 0  0 2  0 2  0 0
   226  -.5097799883004808E-01   4   2 0  0 0  0 1  1 0
   227  -.5246335331361187       4   1 1  0 0  0 1  1 0
   228  -.6950358138870721       4   0 2  0 0  0 1  1 0
   229  -.5673792571355798E-03   4   1 0  1 0  0 1  1 0
   230  0.6423069497892878E-03   4   0 1  1 0  0 1  1 0
   231  -.3585510214514495E-02   4   0 0  2 0  0 1  1 0
   232  0.1010753616988038E-02   4   1 0  0 1  0 1  1 0
   233  0.2731288564951727E-02   4   0 1  0 1  0 1  1 0
   234  0.1566955105581848       4   0 0  1 1  0 1  1 0
   235  0.3255390122990769       4   0 0  0 2  0 1  1 0
   236  -.6788726001705987E-01   4   2 0  0 0  0 0  2 0
   237  -.6178608519614442       4   1 1  0 0  0 0  2 0
   238  -.6391060723157949       4   0 2  0 0  0 0  2 0
   239  -.4706774642737509E-03   4   1 0  1 0  0 0  2 0
   240  0.5487546795252900E-03   4   0 1  1 0  0 0  2 0
   241  -.8974962489197671E-02   4   0 0  2 0  0 0  2 0
   242  0.8953307524890305E-03   4   1 0  0 1  0 0  2 0
   243  0.1996490355606259E-02   4   0 1  0 1  0 0  2 0
   244  0.2570400303758116       4   0 0  1 1  0 0  2 0
   245  0.3344274018416218       4   0 0  0 2  0 0  2 0
   246  0.1888556911867985       4   2 0  0 0  0 1  0 1
   247   1.051515294304183       4   1 1  0 0  0 1  0 1
   248  0.8043094311034644       4   0 2  0 0  0 1  0 1
   249  0.7586195692666679E-03   4   1 0  1 0  0 1  0 1
   250  -.9083452540526125E-03   4   0 1  1 0  0 1  0 1
   251  0.2144155655265423E-01   4   0 0  2 0  0 1  0 1
   252  -.1288077315833363E-02   4   1 0  0 1  0 1  0 1
   253  -.2460678091519192E-02   4   0 1  0 1  0 1  0 1
   254  -.3124261857641523       4   0 0  1 1  0 1  0 1
   255  -.3060954936919425       4   0 0  0 2  0 1  0 1
   256  0.1886015380980589       4   2 0  0 0  0 0  1 1
   257   1.050100214577303       4   1 1  0 0  0 0  1 1
   258  0.8032270293768731       4   0 2  0 0  0 0  1 1
   259  0.7575986548028505E-03   4   1 0  1 0  0 0  1 1
   260  -.9071228458185371E-03   4   0 1  1 0  0 0  1 1
   261  0.2141270151635118E-01   4   0 0  2 0  0 0  1 1
   262  -.1286343882086695E-02   4   1 0  0 1  0 0  1 1
   263  -.2457366626911366E-02   4   0 1  0 1  0 0  1 1
   264  -.3120057373274871       4   0 0  1 1  0 0  1 1
   265  -.3056835648023128       4   0 0  0 2  0 0  1 1
   266  -.1905798003079108       4   2 0  0 0  0 0  0 2
   267  -.3387291347872718       4   1 1  0 0  0 0  0 2
   268  -.1504398377556735       4   0 2  0 0  0 0  0 2
   269  -.7474269702661197E-05   4   1 0  1 0  0 0  0 2
   270  -.3653438700733925E-04   4   0 1  1 0  0 0  0 2
   271  -.2130379483017544E-01   4   0 0  2 0  0 0  0 2
   272  -.6879950242201379E-05   4   1 0  0 1  0 0  0 2
   273  -.2998031141181606E-04   4   0 1  0 1  0 0  0 2
   274  -.4645558634002809E-01   4   0 0  1 1  0 0  0 2
   275  -.2402960037860058E-01   4   0 0  0 2  0 0  0 2
   276  -.7845653562225875E-01   4   1 0  0 0  0 3  0 0
   277  -.8261558765008258       4   0 1  0 0  0 3  0 0
   278  -.3709444421255463E-05   4   0 0  1 0  0 3  0 0
   279  -.2906526606435970E-04   4   0 0  0 1  0 3  0 0
   280  -.5045280168107898E-01   4   1 0  0 0  0 2  1 0
   281  -.5822166576372174       4   0 1  0 0  0 2  1 0
   282  -.1865691636980566E-05   4   0 0  1 0  0 2  1 0
   283  -.1998547427889279E-04   4   0 0  0 1  0 2  1 0
   284  -.5050911770597539E-01   4   1 0  0 0  0 1  2 0
   285  -.5827068361782706       4   0 1  0 0  0 1  2 0
   286  -.1869403413398095E-05   4   0 0  1 0  0 1  2 0
   287  -.2000372405468678E-04   4   0 0  0 1  0 1  2 0
   288  -.7826425824061971E-01   4   1 0  0 0  0 0  3 0
   289  -.8240969423852694       4   0 1  0 0  0 0  3 0
   290  -.3700702742045276E-05   4   0 0  1 0  0 0  3 0
   291  -.2899316444452642E-04   4   0 0  0 1  0 0  3 0
   292  0.1933273728829338       4   1 0  0 0  0 2  0 1
   293   1.164258526549246       4   0 1  0 0  0 2  0 1
   294  0.4709297377644370E-05   4   0 0  1 0  0 2  0 1
   295  0.3672933523427900E-04   4   0 0  0 1  0 2  0 1
   296  0.1374367512908323       4   1 0  0 0  0 1  1 1
   297  0.9240774758664457       4   0 1  0 0  0 1  1 1
   298  0.2713894797793934E-05   4   0 0  1 0  0 1  1 1
   299  0.2810934589376985E-04   4   0 0  0 1  0 1  1 1
   300  0.1929747240643493       4   1 0  0 0  0 0  2 1
   301   1.162069932335439       4   0 1  0 0  0 0  2 1
   302  0.4701133711316266E-05   4   0 0  1 0  0 0  2 1
   303  0.3666099250943612E-04   4   0 0  0 1  0 0  2 1
   304  -.1373392397550014       4   1 0  0 0  0 1  0 2
   305  -.2212026959800957       4   0 1  0 0  0 1  0 2
   306  -.7828240257965320E-06   4   0 0  1 0  0 1  0 2
   307  -.3074345854754976E-05   4   0 0  0 1  0 1  0 2
   308  -.1371544150787155       4   1 0  0 0  0 0  1 2
   309  -.2209050118167700       4   0 1  0 0  0 0  1 2
   310  -.7817705381158945E-06   4   0 0  1 0  0 0  1 2
   311  -.3070208544992618E-05   4   0 0  0 1  0 0  1 2
   312  0.8437754893867168E-02   4   1 0  0 0  0 0  0 3
   313  0.6869787010090229E-02   4   0 1  0 0  0 0  0 3
   314  0.5437988092691533E-06   4   0 0  1 0  0 0  0 3
   315  0.4454342779147413E-06   4   0 0  0 1  0 0  0 3
   316  -.3020164865539560E-04   4   0 0  0 0  0 4  0 0
   317  -.1908299836172036E-04   4   0 0  0 0  0 3  1 0
   318  -.1761039869678859E-04   4   0 0  0 0  0 2  2 0
   319  -.1911477935449253E-04   4   0 0  0 0  0 1  3 0
   320  -.3010757288911047E-04   4   0 0  0 0  0 0  4 0
   321  0.3683433658305427E-04   4   0 0  0 0  0 3  0 1
   322  0.2553324879833311E-04   4   0 0  0 0  0 2  1 1
   323  0.2555596144205971E-04   4   0 0  0 0  0 1  2 1
   324  0.3674282415615309E-04   4   0 0  0 0  0 0  3 1
   325  -.2679707421572897E-05   4   0 0  0 0  0 2  0 2
   326  -.3241285320402622E-05   4   0 0  0 0  0 1  1 2
   327  -.2673920213101446E-05   4   0 0  0 0  0 0  2 2
   328  0.2228555677331306E-07   4   0 0  0 0  0 1  0 3
   329  0.2225556592128946E-07   4   0 0  0 0  0 0  1 3
   330  0.8028131962467777E-13   4   0 0  0 0  0 0  0 4
   ----------------------------------------------------
     I  COEFFICIENT            ORDER EXPONENTS
     1  -.9351507441274093E-05   0   0 0  0 0  0 0  0 0
     2  0.8476724797113290E-05   1   1 0  0 0  0 0  0 0
     3  0.7227559135722545E-05   1   0 1  0 0  0 0  0 0
     4  0.7426172225663180       1   0 0  1 0  0 0  0 0
     5  0.8264648430397804       1   0 0  0 1  0 0  0 0
     6  -.1019475951957844E-04   1   0 0  0 0  0 1  0 0
     7  -.1018103989267936E-04   1   0 0  0 0  0 0  1 0
     8  0.2037579941247852E-04   1   0 0  0 0  0 0  0 1
     9  0.1955194044807996E-03   2   2 0  0 0  0 0  0 0
    10  0.3528140898103925E-03   2   1 1  0 0  0 0  0 0
    11  0.1795878562585945E-03   2   0 2  0 0  0 0  0 0
    12  0.1111130929586133       2   1 0  1 0  0 0  0 0
    13  0.9701656437256316E-01   2   0 1  1 0  0 0  0 0
    14  -.1550689830564160E-03   2   0 0  2 0  0 0  0 0
    15  0.9819928635673630E-01   2   1 0  0 1  0 0  0 0
    16  0.8615232895852618E-01   2   0 1  0 1  0 0  0 0
    17  -.1889168448766098E-03   2   0 0  1 1  0 0  0 0
    18  -.1926229364078982E-04   2   0 0  0 2  0 0  0 0
    19  -.4372159778606756E-05   2   1 0  0 0  0 1  0 0
    20  -.7358378239430307E-05   2   0 1  0 0  0 1  0 0
    21  0.1233658041860856       2   0 0  1 0  0 1  0 0
    22  -.3061074971956970       2   0 0  0 1  0 1  0 0
    23  -.4366275932029458E-05   2   1 0  0 0  0 0  1 0
    24  -.7348475680784035E-05   2   0 1  0 0  0 0  1 0
    25  0.1231997843008409       2   0 0  1 0  0 0  1 0
    26  -.3056955521523178       2   0 0  0 1  0 0  1 0
    27  0.8738429911103673E-05   2   1 0  0 0  0 0  0 1
    28  0.7479289009088102E-05   2   0 1  0 0  0 0  0 1
    29  -.2465655884964703       2   0 0  1 0  0 0  0 1
    30  -.2146617937008236       2   0 0  0 1  0 0  0 1
    31  0.7442257003917265E-05   2   0 0  0 0  0 2  0 0
    32  0.4697146257758633E-05   2   0 0  0 0  0 1  1 0
    33  0.7429080966085308E-05   2   0 0  0 0  0 0  2 0
    34  -.9386904428833241E-05   2   0 0  0 0  0 1  0 1
    35  -.9374271975242402E-05   2   0 0  0 0  0 0  1 1
    36  -.8073068295718787E-06   2   0 0  0 0  0 0  0 2
    37  -.1863090983494935E-02   3   3 0  0 0  0 0  0 0
    38  -.4864990146280427E-02   3   2 1  0 0  0 0  0 0
    39  -.4243582717643676E-02   3   1 2  0 0  0 0  0 0
    40  -.1232524735299575E-02   3   0 3  0 0  0 0  0 0
    41  -.8191164172247044       3   2 0  1 0  0 0  0 0
    42  -1.737346613452487       3   1 1  1 0  0 0  0 0
    43  -1.124404605118391       3   0 2  1 0  0 0  0 0
    44  0.4551000949359248E-02   3   1 0  2 0  0 0  0 0
    45  0.3970986947696088E-02   3   0 1  2 0  0 0  0 0
    46  0.1083519280623911       3   0 0  3 0  0 0  0 0
    47  -1.807315608217077       3   2 0  0 1  0 0  0 0
    48  -3.309222796346157       3   1 1  0 1  0 0  0 0
    49  -1.312076514918824       3   0 2  0 1  0 0  0 0
    50  0.8022457923183493E-02   3   1 0  1 1  0 0  0 0
    51  0.7037506704042957E-02   3   0 1  1 1  0 0  0 0
    52  -.5573408949126646E-01   3   0 0  2 1  0 0  0 0
    53  0.3568971322112611E-02   3   1 0  0 2  0 0  0 0
    54  0.3151000691949569E-02   3   0 1  0 2  0 0  0 0
    55  -.6643860755897690       3   0 0  1 2  0 0  0 0
    56  -.6177813116505668E-01   3   0 0  0 3  0 0  0 0
    57  -.1382103017311376E-03   3   2 0  0 0  0 1  0 0
    58  -.4368069514754173E-03   3   1 1  0 0  0 1  0 0
    59  -.3104421455233397E-03   3   0 2  0 0  0 1  0 0
    60  -.5322581165762125E-01   3   1 0  1 0  0 1  0 0
    61  -.9482608220023508E-01   3   0 1  1 0  0 1  0 0
    62  0.4722948772581971E-04   3   0 0  2 0  0 1  0 0
    63  -.9661794216532718E-01   3   1 0  0 1  0 1  0 0
    64  -.1277044896557012       3   0 1  0 1  0 1  0 0
    65  0.1901120132465430E-03   3   0 0  1 1  0 1  0 0
    66  0.5542790850376474E-04   3   0 0  0 2  0 1  0 0
    67  -.1380243048206943E-03   3   2 0  0 0  0 0  1 0
    68  -.4362191172661211E-03   3   1 1  0 0  0 0  1 0
    69  -.3100243671145262E-03   3   0 2  0 0  0 0  1 0
    70  -.5315418286873813E-01   3   1 0  1 0  0 0  1 0
    71  -.9469846972780856E-01   3   0 1  1 0  0 0  1 0
    72  0.4716592850708682E-04   3   0 0  2 0  0 0  1 0
    73  -.9648791829220697E-01   3   1 0  0 1  0 0  1 0
    74  -.1275326309720268       3   0 1  0 1  0 0  1 0
    75  0.1898561694587843E-03   3   0 0  1 1  0 0  1 0
    76  0.5535331623672708E-04   3   0 0  0 2  0 0  1 0
    77  0.2760272023632066E-03   3   2 0  0 0  0 0  0 1
    78  0.5197946593685144E-03   3   1 1  0 0  0 0  0 1
    79  0.2610798759987221E-03   3   0 2  0 0  0 0  0 1
    80  0.1063799928586723       3   1 0  1 0  0 0  0 1
    81  0.9250797084851985E-01   3   0 1  1 0  0 0  0 1
    82  -.9427581149767838E-04   3   0 0  2 0  0 0  0 1
    83  0.9490655226559250E-01   3   1 0  0 1  0 0  0 1
    84  0.8293243030667895E-01   3   0 1  0 1  0 0  0 1
    85  -.1908167241866502E-03   3   0 0  1 1  0 0  0 1
    86  -.7214276456136653E-04   3   0 0  0 2  0 0  0 1
    87  0.3343443228626820E-05   3   1 0  0 0  0 2  0 0
    88  0.7442809814760924E-05   3   0 1  0 0  0 2  0 0
    89  -.8982716775655419E-01   3   0 0  1 0  0 2  0 0
    90  0.1779654875677988       3   0 0  0 1  0 2  0 0
    91  0.2329570033403338E-05   3   1 0  0 0  0 1  1 0
    92  0.7545518895920568E-05   3   0 1  0 0  0 1  1 0
    93  -.5637863263442962E-01   3   0 0  1 0  0 1  1 0
    94  0.5016778623179535E-01   3   0 0  0 1  0 1  1 0
    95  0.3337376267519629E-05   3   1 0  0 0  0 0  2 0
    96  0.7427716430190930E-05   3   0 1  0 0  0 0  2 0
    97  -.8966834673421198E-01   3   0 0  1 0  0 0  2 0
    98  0.1776922332806606       3   0 0  0 1  0 0  2 0
    99  -.4679081889648070E-05   3   1 0  0 0  0 1  0 1
   100  -.7759877105920239E-05   3   0 1  0 0  0 1  0 1
   101  0.1126673326278342       3   0 0  1 0  0 1  0 1
   102  0.2061163106721298       3   0 0  0 1  0 1  0 1
   103  -.4672785001758506E-05   3   1 0  0 0  0 0  1 1
   104  -.7749434229021456E-05   3   0 1  0 0  0 0  1 1
   105  0.1125157102414112       3   0 0  1 0  0 0  1 1
   106  0.2058389290551526       3   0 0  0 1  0 0  1 1
   107  0.3272804078188762E-06   3   1 0  0 0  0 0  0 2
   108  0.3166670976223104E-06   3   0 1  0 0  0 0  0 2
   109  0.1069122828619491E-01   3   0 0  1 0  0 0  0 2
   110  0.8684120959433337E-02   3   0 0  0 1  0 0  0 2
   111  -.6068228059450873E-05   3   0 0  0 0  0 3  0 0
   112  -.3321653418461358E-05   3   0 0  0 0  0 2  1 0
   113  -.3327181249722911E-05   3   0 0  0 0  0 1  2 0
   114  -.6053746509368896E-05   3   0 0  0 0  0 0  3 0
   115  0.6641096964910022E-05   3   0 0  0 0  0 2  0 1
   116  0.3902541639007246E-05   3   0 0  0 0  0 1  1 1
   117  0.6629533761290034E-05   3   0 0  0 0  0 0  2 1
   118  0.7948109226960109E-06   3   0 0  0 0  0 1  0 2
   119  0.7937413036143846E-06   3   0 0  0 0  0 0  1 2
   120  0.8702537354054200E-08   3   0 0  0 0  0 0  0 3
   121  -.9688560097706108E-03   4   4 0  0 0  0 0  0 0
   122  -.3463721054932427E-02   4   3 1  0 0  0 0  0 0
   123  -.4738223970324507E-02   4   2 2  0 0  0 0  0 0
   124  -.2771365649836495E-02   4   1 3  0 0  0 0  0 0
   125  -.5366311563620819E-03   4   0 4  0 0  0 0  0 0
   126   22.31487091083353       4   3 0  1 0  0 0  0 0
   127   59.28249237155084       4   2 1  1 0  0 0  0 0
   128   52.79307449183074       4   1 2  1 0  0 0  0 0
   129   15.80520167648051       4   0 3  1 0  0 0  0 0
   130  0.3251187823266706E-02   4   2 0  2 0  0 0  0 0
   131  0.5242492011001461E-02   4   1 1  2 0  0 0  0 0
   132  0.2011533560606785E-02   4   0 2  2 0  0 0  0 0
   133  -18.12836633393838       4   1 0  3 0  0 0  0 0
   134  -15.60874426949926       4   0 1  3 0  0 0  0 0
   135  -.1347358331577002E-02   4   0 0  4 0  0 0  0 0
   136   20.11715082294089       4   3 0  0 1  0 0  0 0
   137   53.67704926714000       4   2 1  0 1  0 0  0 0
   138   48.05814822661021       4   1 2  0 1  0 0  0 0
   139   14.47675400477386       4   0 3  0 1  0 0  0 0
   140  0.5831014273324788E-02   4   2 0  1 1  0 0  0 0
   141  0.9694017350182618E-02   4   1 1  1 1  0 0  0 0
   142  0.3605052528627473E-02   4   0 2  1 1  0 0  0 0
   143  -48.10214836305184       4   1 0  2 1  0 0  0 0
   144  -41.62520344798821       4   0 1  2 1  0 0  0 0
   145  -.4487113273724212E-02   4   0 0  3 1  0 0  0 0
   146  0.2479763472492728E-02   4   2 0  0 2  0 0  0 0
   147  0.4423524836676639E-02   4   1 1  0 2  0 0  0 0
   148  0.1766173133518119E-02   4   0 2  0 2  0 0  0 0
   149  -42.64066882181707       4   1 0  1 2  0 0  0 0
   150  -37.03033222898233       4   0 1  1 2  0 0  0 0
   151  -.5548601419402814E-02   4   0 0  2 2  0 0  0 0
   152  -12.57625150608228       4   1 0  0 3  0 0  0 0
   153  -10.94363839348462       4   0 1  0 3  0 0  0 0
   154  -.3258034990198130E-02   4   0 0  1 3  0 0  0 0
   155  -.7461915153691513E-03   4   0 0  0 4  0 0  0 0
   156  -.2165024464568727E-03   4   3 0  0 0  0 1  0 0
   157  0.1503838027464425E-02   4   2 1  0 0  0 1  0 0
   158  0.3068612087315097E-02   4   1 2  0 0  0 1  0 0
   159  0.1382264134054892E-02   4   0 3  0 0  0 1  0 0
   160  0.8608569931175349       4   2 0  1 0  0 1  0 0
   161   2.653554836470427       4   1 1  1 0  0 1  0 0
   162   2.125019835785492       4   0 2  1 0  0 1  0 0
   163  0.3522247171632337E-03   4   1 0  2 0  0 1  0 0
   164  -.1516319848192527E-02   4   0 1  2 0  0 1  0 0
   165  0.6268825284640982E-01   4   0 0  3 0  0 1  0 0
   166   2.227189829839640       4   2 0  0 1  0 1  0 0
   167   5.831348084536599       4   1 1  0 1  0 1  0 0
   168   3.306307329481911       4   0 2  0 1  0 1  0 0
   169  -.2918758445096680E-02   4   1 0  1 1  0 1  0 0
   170  -.5765776288821045E-02   4   0 1  1 1  0 1  0 0
   171  0.5753498964725221E-01   4   0 0  2 1  0 1  0 0
   172  -.2886233595498346E-02   4   1 0  0 2  0 1  0 0
   173  -.3978201503257011E-02   4   0 1  0 2  0 1  0 0
   174  0.7029817195432955       4   0 0  1 2  0 1  0 0
   175  0.2039075259566737       4   0 0  0 3  0 1  0 0
   176  -.2162110876678346E-03   4   3 0  0 0  0 0  1 0
   177  0.1501814233120503E-02   4   2 1  0 0  0 0  1 0
   178  0.3064482493786674E-02   4   1 2  0 0  0 0  1 0
   179  0.1380403948127135E-02   4   0 3  0 0  0 0  1 0
   180  0.8596984923469850       4   2 0  1 0  0 0  1 0
   181   2.649983807429222       4   1 1  1 0  0 0  1 0
   182   2.122160084239212       4   0 2  1 0  0 0  1 0
   183  0.3517507097386514E-03   4   1 0  2 0  0 0  1 0
   184  -.1514279256402508E-02   4   0 1  2 0  0 0  1 0
   185  0.6260388995012468E-01   4   0 0  3 0  0 0  1 0
   186   2.224192582730467       4   2 0  0 1  0 0  1 0
   187   5.823500531106355       4   1 1  0 1  0 0  1 0
   188   3.301857856898764       4   0 2  0 1  0 0  1 0
   189  -.2914830517537588E-02   4   1 0  1 1  0 0  1 0
   190  -.5758016978823170E-02   4   0 1  1 1  0 0  1 0
   191  0.5745756176971633E-01   4   0 0  2 1  0 0  1 0
   192  -.2882349438349001E-02   4   1 0  0 2  0 0  1 0
   193  -.3972847827160069E-02   4   0 1  0 2  0 0  1 0
   194  0.7020356798755164       4   0 0  1 2  0 0  1 0
   195  0.2036331168180706       4   0 0  0 3  0 0  1 0
   196  0.1554589638612845E-03   4   3 0  0 0  0 0  0 1
   197  0.5704787557510446E-03   4   2 1  0 0  0 0  0 1
   198  0.6615900843129116E-03   4   1 2  0 0  0 0  0 1
   199  0.2509035370312968E-03   4   0 3  0 0  0 0  0 1
   200  -1.718437543652350       4   2 0  1 0  0 0  0 1
   201  -3.561964366273369       4   1 1  1 0  0 0  0 1
   202  -1.996249995034791       4   0 2  1 0  0 0  0 1
   203  -.1419142741864217E-03   4   1 0  2 0  0 0  0 1
   204  -.1249775949352532E-03   4   0 1  2 0  0 0  0 1
   205  -.1257025088618295       4   0 0  3 0  0 0  0 1
   206  -2.641958032370460       4   2 0  0 1  0 0  0 1
   207  -5.032166568423025       4   1 1  0 1  0 0  0 1
   208  -2.669797565446352       4   0 2  0 1  0 0  0 1
   209  -.3719234020250020E-03   4   1 0  1 1  0 0  0 1
   210  -.3261925335482812E-03   4   0 1  1 1  0 0  0 1
   211  -.6047640646360727E-01   4   0 0  2 1  0 0  0 1
   212  -.1909131634582703E-03   4   1 0  0 2  0 0  0 1
   213  -.1623338923220746E-03   4   0 1  0 2  0 0  0 1
   214  -.7744181360742730E-01   4   0 0  1 2  0 0  0 1
   215  -.2225943473779042       4   0 0  0 3  0 0  0 1
   216  -.9387852068841061E-04   4   2 0  0 0  0 2  0 0
   217  0.6624214935492454E-04   4   1 1  0 0  0 2  0 0
   218  0.2015226879267114E-03   4   0 2  0 0  0 2  0 0
   219  0.3888881328445382E-01   4   1 0  1 0  0 2  0 0
   220  0.9359160111674002E-01   4   0 1  1 0  0 2  0 0
   221  -.2503431547264757E-04   4   0 0  2 0  0 2  0 0
   222  0.9552627617867646E-01   4   1 0  0 1  0 2  0 0
   223  0.1583214996078052       4   0 1  0 1  0 2  0 0
   224  -.3018961013867392E-03   4   0 0  1 1  0 2  0 0
   225  -.1787147624823455E-03   4   0 0  0 2  0 2  0 0
   226  -.1143490027815126E-03   4   2 0  0 0  0 1  1 0
   227  0.9882601117276367E-04   4   1 1  0 0  0 1  1 0
   228  0.2939849021925887E-03   4   0 2  0 0  0 1  1 0
   229  0.2440943080679931E-01   4   1 0  1 0  0 1  1 0
   230  0.9195072421813326E-01   4   0 1  1 0  0 1  1 0
   231  0.1558472177860504E-04   4   0 0  2 0  0 1  1 0
   232  0.9430340073676798E-01   4   1 0  0 1  0 1  1 0
   233  0.1886248177536058       4   0 1  0 1  0 1  1 0
   234  -.2616895076676721E-03   4   0 0  1 1  0 1  1 0
   235  -.1949227692601395E-03   4   0 0  0 2  0 1  1 0
   236  -.9367524065017893E-04   4   2 0  0 0  0 0  2 0
   237  0.6608650609807387E-04   4   1 1  0 0  0 0  2 0
   238  0.2010536726775650E-03   4   0 2  0 0  0 0  2 0
   239  0.3882005402150033E-01   4   1 0  1 0  0 0  2 0
   240  0.9340377847519392E-01   4   0 1  1 0  0 0  2 0
   241  -.2501111206275436E-04   4   0 0  2 0  0 0  2 0
   242  0.9533426688201962E-01   4   1 0  0 1  0 0  2 0
   243  0.1579815167999906       4   0 1  0 1  0 0  2 0
   244  -.3013137391381649E-03   4   0 0  1 1  0 0  2 0
   245  -.1783430976392223E-03   4   0 0  0 2  0 0  2 0
   246  0.8064963807105597E-04   4   2 0  0 0  0 1  0 1
   247  -.8143474178073939E-04   4   1 1  0 0  0 1  0 1
   248  -.1439699531324408E-03   4   0 2  0 0  0 1  0 1
   249  -.4855027946980438E-01   4   1 0  1 0  0 1  0 1
   250  -.8833890697882714E-01   4   0 1  1 0  0 1  0 1
   251  -.3575792504460296E-04   4   0 0  2 0  0 1  0 1
   252  -.9175573158787473E-01   4   1 0  0 1  0 1  0 1
   253  -.1215602088342102       4   0 1  0 1  0 1  0 1
   254  0.8656067938526957E-04   4   0 0  1 1  0 1  0 1
   255  0.1283543792485216E-03   4   0 0  0 2  0 1  0 1
   256  0.8054110358902572E-04   4   2 0  0 0  0 0  1 1
   257  -.8132515074313730E-04   4   1 1  0 0  0 0  1 1
   258  -.1437762051545840E-03   4   0 2  0 0  0 0  1 1
   259  -.4848494279178943E-01   4   1 0  1 0  0 0  1 1
   260  -.8822002464108362E-01   4   0 1  1 0  0 0  1 1
   261  -.3570980371429059E-04   4   0 0  2 0  0 0  1 1
   262  -.9163225104860170E-01   4   1 0  0 1  0 0  1 1
   263  -.1213966188340954       4   0 1  0 1  0 0  1 1
   264  0.8644419010241639E-04   4   0 0  1 1  0 0  1 1
   265  0.1281816459740613E-03   4   0 0  0 2  0 0  1 1
   266  -.1423319763275119E-06   4   2 0  0 0  0 0  0 2
   267  -.2567301044935373E-06   4   1 1  0 0  0 0  0 2
   268  -.1068957311502591E-06   4   0 2  0 0  0 0  0 2
   269  -.4924961929093068E-02   4   1 0  1 0  0 0  0 2
   270  -.4681459205048790E-02   4   0 1  1 0  0 0  0 2
   271  0.6737044867118309E-04   4   0 0  2 0  0 0  0 2
   272  -.3429853160034422E-02   4   1 0  0 1  0 0  0 2
   273  -.3346181791169298E-02   4   0 1  0 1  0 0  0 2
   274  0.1251795847342242E-03   4   0 0  1 1  0 0  0 2
   275  0.5787284663233274E-04   4   0 0  0 2  0 0  0 2
   276  -.6368773552434712E-05   4   1 0  0 0  0 3  0 0
   277  -.1118234109059767E-04   4   0 1  0 0  0 3  0 0
   278  0.7308684744542143E-01   4   0 0  1 0  0 3  0 0
   279  -.1150110661860436       4   0 0  0 1  0 3  0 0
   280  -.4339827929442100E-05   4   1 0  0 0  0 2  1 0
   281  -.1059260709025139E-04   4   0 1  0 0  0 2  1 0
   282  0.3962533627128872E-01   4   0 0  1 0  0 2  1 0
   283  0.1081191432878314E-01   4   0 0  0 1  0 2  1 0
   284  -.4343906317281326E-05   4   1 0  0 0  0 1  2 0
   285  -.1059376716690674E-04   4   0 1  0 0  0 1  2 0
   286  0.3969268411242696E-01   4   0 0  1 0  0 1  2 0
   287  0.1055823680908905E-01   4   0 0  0 1  0 1  2 0
   288  -.6353001129125530E-05   4   1 0  0 0  0 0  3 0
   289  -.1115265017894252E-04   4   0 1  0 0  0 0  3 0
   290  0.7291268520895376E-01   4   0 0  1 0  0 0  3 0
   291  -.1147861669092284       4   0 0  0 1  0 0  3 0
   292  0.7462734448305699E-05   4   1 0  0 0  0 2  0 1
   293  0.1173331981828856E-04   4   0 1  0 0  0 2  0 1
   294  -.7922520710410545E-01   4   0 0  1 0  0 2  0 1
   295  -.1996680323361454       4   0 0  0 1  0 2  0 1
   296  0.5450835982283410E-05   4   1 0  0 0  0 1  1 1
   297  0.1117608952391173E-04   4   0 1  0 0  0 1  1 1
   298  -.4587176387205215E-01   4   0 0  1 0  0 1  1 1
   299  -.1932355261600136       4   0 0  0 1  0 1  1 1
   300  0.7449023712977569E-05   4   1 0  0 0  0 0  2 1
   301  0.1171000954220041E-04   4   0 1  0 0  0 0  2 1
   302  -.7908772352516057E-01   4   0 0  1 0  0 0  2 1
   303  -.1992693048761402       4   0 0  0 1  0 0  2 1
   304  -.5847322921900692E-07   4   1 0  0 0  0 1  0 2
   305  -.1757876990764331E-06   4   0 1  0 0  0 1  0 2
   306  -.1050865156373939E-01   4   0 0  1 0  0 1  0 2
   307  -.1289136442453127E-01   4   0 0  0 1  0 1  0 2
   308  -.5839453870288471E-07   4   1 0  0 0  0 0  1 2
   309  -.1755511322756188E-06   4   0 1  0 0  0 0  1 2
   310  -.1049450951572052E-01   4   0 0  1 0  0 0  1 2
   311  -.1287401583383767E-01   4   0 0  0 1  0 0  1 2
   312  0.9006956137972373E-08   4   1 0  0 0  0 0  0 3
   313  0.6867298756820594E-08   4   0 1  0 0  0 0  0 3
   314  -.1266094206270293E-03   4   0 0  1 0  0 0  0 3
   315  -.9582134444654624E-04   4   0 0  0 1  0 0  0 3
   316  0.6806329841866212E-05   4   0 0  0 0  0 4  0 0
   317  0.2986070299752372E-05   4   0 0  0 0  0 3  1 0
   318  0.2480262874079819E-05   4   0 0  0 0  0 2  2 0
   319  0.2997005884865742E-05   4   0 0  0 0  0 1  3 0
   320  0.6786011309107414E-05   4   0 0  0 0  0 0  4 0
   321  0.1449252326704758E-05   4   0 0  0 0  0 3  0 1
   322  0.1699014914524050E-05   4   0 0  0 0  0 2  1 1
   323  0.1698506799440020E-05   4   0 0  0 0  0 1  2 1
   324  0.1445185136651337E-05   4   0 0  0 0  0 0  3 1
   325  0.1464082384903864E-07   4   0 0  0 0  0 2  0 2
   326  0.2119559949421409E-07   4   0 0  0 0  0 1  1 2
   327  0.1460685889885561E-07   4   0 0  0 0  0 0  2 2
   328  -.3333953804920298E-09   4   0 0  0 0  0 1  0 3
   329  -.3329467127013437E-09   4   0 0  0 0  0 0  1 3
   330  0.2091964952996784E-14   4   0 0  0 0  0 0  0 4
   ----------------------------------------------------
     I  COEFFICIENT            ORDER EXPONENTS
     1  0.1742392636450156E-03   0   0 0  0 0  0 0  0 0
     2  0.6749363454477035E-04   1   1 0  0 0  0 0  0 0
     3  0.6243701866176873E-04   1   0 1  0 0  0 0  0 0
     4  -1.929595858260460       1   0 0  1 0  0 0  0 0
     5  -.8008744210202590       1   0 0  0 1  0 0  0 0
     6  0.8414344739825721E-05   1   0 0  0 0  0 1  0 0
     7  0.8403021111229160E-05   1   0 0  0 0  0 0  1 0
     8  0.1574218977926452E-03   1   0 0  0 0  0 0  0 1
     9  0.1045803506930529E-02   2   2 0  0 0  0 0  0 0
    10  0.1854174705384410E-02   2   1 1  0 0  0 0  0 0
    11  0.8855893632693785E-03   2   0 2  0 0  0 0  0 0
    12  0.8181456865871117       2   1 0  1 0  0 0  0 0
    13  0.7499873729013710       2   0 1  1 0  0 0  0 0
    14  0.6796717997362303E-03   2   0 0  2 0  0 0  0 0
    15  0.7751925561260832       2   1 0  0 1  0 0  0 0
    16  0.7154387059553847       2   0 1  0 1  0 0  0 0
    17  0.1668110359310560E-02   2   0 0  1 1  0 0  0 0
    18  0.8758848839112418E-03   2   0 0  0 2  0 0  0 0
    19  -.4099293257757443E-05   2   1 0  0 0  0 1  0 0
    20  -.3522210147329749E-04   2   0 1  0 0  0 1  0 0
    21  -.1047705486126601       2   0 0  1 0  0 1  0 0
    22  0.8118248304410282       2   0 0  0 1  0 1  0 0
    23  -.4093776622084109E-05   2   1 0  0 0  0 0  1 0
    24  -.3517470122909482E-04   2   0 1  0 0  0 0  1 0
    25  -.1046295533460021       2   0 0  1 0  0 0  1 0
    26  0.8107323148441997       2   0 0  0 1  0 0  1 0
    27  0.7568652720552431E-04   2   1 0  0 0  0 0  0 1
    28  0.7039662864721588E-04   2   0 1  0 0  0 0  0 1
    29  -1.720195756390249       2   0 0  1 0  0 0  0 1
    30  -1.622557145381704       2   0 0  0 1  0 0  0 1
    31  -.6167403691529522E-05   2   0 0  0 0  0 2  0 0
    32  -.3926478905278142E-05   2   0 0  0 0  0 1  1 0
    33  -.6156461855166298E-05   2   0 0  0 0  0 0  2 0
    34  0.1626124334702612E-04   2   0 0  0 0  0 1  0 1
    35  0.1623935973209552E-04   2   0 0  0 0  0 0  1 1
    36  -.1625028528318807E-04   2   0 0  0 0  0 0  0 2
    37  -.1730418214758351E-01   3   3 0  0 0  0 0  0 0
    38  -.4858402606276416E-01   3   2 1  0 0  0 0  0 0
    39  -.4567102020428526E-01   3   1 2  0 0  0 0  0 0
    40  -.1433959484948537E-01   3   0 3  0 0  0 0  0 0
    41  -16.96307208933167       3   2 0  1 0  0 0  0 0
    42  -32.85001651006846       3   1 1  1 0  0 0  0 0
    43  -16.58768193517463       3   0 2  1 0  0 0  0 0
    44  0.3179122800270408E-01   3   1 0  2 0  0 0  0 0
    45  0.2890271481119569E-01   3   0 1  2 0  0 0  0 0
    46  -2.749671186897301       3   0 0  3 0  0 0  0 0
    47  -15.07343916134566       3   2 0  0 1  0 0  0 0
    48  -29.84832995133695       3   1 1  0 1  0 0  0 0
    49  -16.27037504148586       3   0 2  0 1  0 0  0 0
    50  0.5979262344408719E-01   3   1 0  1 1  0 0  0 0
    51  0.5467657826162280E-01   3   0 1  1 1  0 0  0 0
    52  -8.690353678992075       3   0 0  2 1  0 0  0 0
    53  0.2840047968205100E-01   3   1 0  0 2  0 0  0 0
    54  0.2615438208200090E-01   3   0 1  0 2  0 0  0 0
    55  -8.010367348060496       3   0 0  1 2  0 0  0 0
    56  -3.051472063946562       3   0 0  0 3  0 0  0 0
    57  -.6242827657341884E-03   3   2 0  0 0  0 1  0 0
    58  -.2140607685661955E-02   3   1 1  0 0  0 1  0 0
    59  -.1459987916777201E-02   3   0 2  0 0  0 1  0 0
    60  0.5346727934494445E-01   3   1 0  1 0  0 1  0 0
    61  -.3233818174858234       3   0 1  1 0  0 1  0 0
    62  -.9451057612432518E-04   3   0 0  2 0  0 1  0 0
    63  -.3481883223644928       3   1 0  0 1  0 1  0 0
    64  -.6765448104073123       3   0 1  0 1  0 1  0 0
    65  -.1072915280089511E-02   3   0 0  1 1  0 1  0 0
    66  -.1020983276120194E-02   3   0 0  0 2  0 1  0 0
    67  -.6234426354094905E-03   3   2 0  0 0  0 0  1 0
    68  -.2137726956721939E-02   3   1 1  0 0  0 0  1 0
    69  -.1458023133845648E-02   3   0 2  0 0  0 0  1 0
    70  0.5339532560022761E-01   3   1 0  1 0  0 0  1 0
    71  -.3229466254763081       3   0 1  1 0  0 0  1 0
    72  -.9438338824510796E-04   3   0 0  2 0  0 0  1 0
    73  -.3477197469298021       3   1 0  0 1  0 0  1 0
    74  -.6756343482859187       3   0 1  0 1  0 0  1 0
    75  -.1071471401270313E-02   3   0 0  1 1  0 0  1 0
    76  -.1019609284944466E-02   3   0 0  0 2  0 0  1 0
    77  0.2291661869926047E-02   3   2 0  0 0  0 0  0 1
    78  0.4274304423990962E-02   3   1 1  0 0  0 0  0 1
    79  0.2030240294492464E-02   3   0 2  0 0  0 0  0 1
    80  0.7112861134981661       3   1 0  1 0  0 0  0 1
    81  0.6463310351062393       3   0 1  1 0  0 0  0 1
    82  0.8696663034504438E-03   3   0 0  2 0  0 0  0 1
    83  0.6959107057336168       3   1 0  0 1  0 0  0 1
    84  0.6367427041806358       3   0 1  0 1  0 0  0 1
    85  0.2146796848861586E-02   3   0 0  1 1  0 0  0 1
    86  0.1166039964134009E-02   3   0 0  0 2  0 0  0 1
    87  0.3137141806245534E-05   3   1 0  0 0  0 2  0 0
    88  0.2835248430544765E-04   3   0 1  0 0  0 2  0 0
    89  0.7669414453703903E-01   3   0 0  1 0  0 2  0 0
    90  -.5656171782198921       3   0 0  0 1  0 2  0 0
    91  0.2358088560263583E-05   3   1 0  0 0  0 1  1 0
    92  0.2174163680357522E-04   3   0 1  0 0  0 1  1 0
    93  0.4869297402180046E-01   3   0 0  1 0  0 1  1 0
    94  -.3200709005561006       3   0 0  0 1  0 1  1 0
    95  0.3131333286426844E-05   3   1 0  0 0  0 0  2 0
    96  0.2829969943321967E-04   3   0 1  0 0  0 0  2 0
    97  0.7655816881698234E-01   3   0 0  1 0  0 0  2 0
    98  -.5646406291112831       3   0 0  0 1  0 0  2 0
    99  -.8934002970751781E-05   3   1 0  0 0  0 1  0 1
   100  -.4371836487714874E-04   3   0 1  0 0  0 1  0 1
   101  -.2020809773637405       3   0 0  1 0  0 1  0 1
   102  0.6394808404734275       3   0 0  0 1  0 1  0 1
   103  -.8921980010598761E-05   3   1 0  0 0  0 0  1 1
   104  -.4365953076207233E-04   3   0 1  0 0  0 0  1 1
   105  -.2018090263081509       3   0 0  1 0  0 0  1 1
   106  0.6386202572960068       3   0 0  0 1  0 0  1 1
   107  0.9176518332830921E-05   3   1 0  0 0  0 0  0 2
   108  0.8790882279996265E-05   3   0 1  0 0  0 0  0 2
   109  0.2019448666033917       3   0 0  1 0  0 0  0 2
   110  0.1722278486607441       3   0 0  0 1  0 0  0 2
   111  0.5044643098207013E-05   3   0 0  0 0  0 3  0 0
   112  0.2803516344361572E-05   3   0 0  0 0  0 2  1 0
   113  0.2808026644351040E-05   3   0 0  0 0  0 1  2 0
   114  0.5032575958519813E-05   3   0 0  0 0  0 0  3 0
   115  -.1177371256483768E-04   3   0 0  0 0  0 2  0 1
   116  -.7299594191204471E-05   3   0 0  0 0  0 1  1 1
   117  -.1175295633242151E-04   3   0 0  0 0  0 0  2 1
   118  0.7294561127527660E-05   3   0 0  0 0  0 1  0 2
   119  0.7284744450943021E-05   3   0 0  0 0  0 0  1 2
   120  0.5572919191164116E-06   3   0 0  0 0  0 0  0 3
   121  -.6519138972773821E-02   4   4 0  0 0  0 0  0 0
   122  -.2391212198916196E-01   4   3 1  0 0  0 0  0 0
   123  -.3324591366344656E-01   4   2 2  0 0  0 0  0 0
   124  -.2002377630149500E-01   4   1 3  0 0  0 0  0 0
   125  -.4294251925584691E-02   4   0 4  0 0  0 0  0 0
   126   190.2561662567760       4   3 0  1 0  0 0  0 0
   127   530.1400435598003       4   2 1  1 0  0 0  0 0
   128   494.7327210642918       4   1 2  1 0  0 0  0 0
   129   154.9625499319604       4   0 3  1 0  0 0  0 0
   130  0.3897515897538273E-01   4   2 0  2 0  0 0  0 0
   131  0.7597839797862628E-01   4   1 1  2 0  0 0  0 0
   132  0.3672672583598741E-01   4   0 2  2 0  0 0  0 0
   133  -122.0017707243748       4   1 0  3 0  0 0  0 0
   134  -110.2556384391606       4   0 1  3 0  0 0  0 0
   135  -.5996035438954352E-02   4   0 0  4 0  0 0  0 0
   136   182.4073005000290       4   3 0  0 1  0 0  0 0
   137   511.7138981273862       4   2 1  0 1  0 0  0 0
   138   481.0468491941089       4   1 2  0 1  0 0  0 0
   139   151.8499458966258       4   0 3  0 1  0 0  0 0
   140  0.7901114907630510E-01   4   2 0  1 1  0 0  0 0
   141  0.1549309566592757       4   1 1  1 1  0 0  0 0
   142  0.7646929124141869E-01   4   0 2  1 1  0 0  0 0
   143  -340.9687441945454       4   1 0  2 1  0 0  0 0
   144  -310.7025206202817       4   0 1  2 1  0 0  0 0
   145  -.2057435319228400E-01   4   0 0  3 1  0 0  0 0
   146  0.3899417351287488E-01   4   2 0  0 2  0 0  0 0
   147  0.7743345361397697E-01   4   1 1  0 2  0 0  0 0
   148  0.3920621557097513E-01   4   0 2  0 2  0 0  0 0
   149  -320.8213516757374       4   1 0  1 2  0 0  0 0
   150  -294.3760175610351       4   0 1  1 2  0 0  0 0
   151  -.2651356617963343E-01   4   0 0  2 2  0 0  0 0
   152  -101.2398210237958       4   1 0  0 3  0 0  0 0
   153  -93.41092026351126       4   0 1  0 3  0 0  0 0
   154  -.1464395600116814E-01   4   0 0  1 3  0 0  0 0
   155  -.2592939626667150E-02   4   0 0  0 4  0 0  0 0
   156  -.2078821862054342E-02   4   3 0  0 0  0 1  0 0
   157  0.1465994241128151E-01   4   2 1  0 0  0 1  0 0
   158  0.3286043356450521E-01   4   1 2  0 0  0 1  0 0
   159  0.1623262543851160E-01   4   0 3  0 0  0 1  0 0
   160   9.323012257606274       4   2 0  1 0  0 1  0 0
   161   34.00889749488658       4   1 1  1 0  0 1  0 0
   162   24.71317859233718       4   0 2  1 0  0 1  0 0
   163  0.3657659087533491E-02   4   1 0  2 0  0 1  0 0
   164  -.9157226377923445E-02   4   0 1  2 0  0 1  0 0
   165  0.4774147891508643       4   0 0  3 0  0 1  0 0
   166   16.17420891528399       4   2 0  0 1  0 1  0 0
   167   46.45084437798219       4   1 1  0 1  0 1  0 0
   168   32.17459846909581       4   0 2  0 1  0 1  0 0
   169  -.1796571440865165E-01   4   1 0  1 1  0 1  0 0
   170  -.3959912149982246E-01   4   0 1  1 1  0 1  0 0
   171   6.147482313843947       4   0 0  2 1  0 1  0 0
   172  -.2011004226701477E-01   4   1 0  0 2  0 1  0 0
   173  -.2941245483069191E-01   4   0 1  0 2  0 1  0 0
   174   10.15055942411369       4   0 0  1 2  0 1  0 0
   175   5.349416753248794       4   0 0  0 3  0 1  0 0
   176  -.2076024281563861E-02   4   3 0  0 0  0 0  1 0
   177  0.1464021375168359E-01   4   2 1  0 0  0 0  1 0
   178  0.3281621154167270E-01   4   1 2  0 0  0 0  1 0
   179  0.1621078033621361E-01   4   0 3  0 0  0 0  1 0
   180   9.310465787088319       4   2 0  1 0  0 0  1 0
   181   33.96312992342180       4   1 1  1 0  0 0  1 0
   182   24.67992076127934       4   0 2  1 0  0 0  1 0
   183  0.3652736782312991E-02   4   1 0  2 0  0 0  1 0
   184  -.9144903014229168E-02   4   0 1  2 0  0 0  1 0
   185  0.4767723068274130       4   0 0  3 0  0 0  1 0
   186   16.15244242718985       4   2 0  0 1  0 0  1 0
   187   46.38833302077072       4   1 1  0 1  0 0  1 0
   188   32.13129941081242       4   0 2  0 1  0 0  1 0
   189  -.1794153699689530E-01   4   1 0  1 1  0 0  1 0
   190  -.3954583086834992E-01   4   0 1  1 1  0 0  1 0
   191   6.139209321866799       4   0 0  2 1  0 0  1 0
   192  -.2008297911988529E-01   4   1 0  0 2  0 0  1 0
   193  -.2937287293514176E-01   4   0 1  0 2  0 0  1 0
   194   10.13689927962002       4   0 0  1 2  0 0  1 0
   195   5.342217760291549       4   0 0  0 3  0 0  1 0
   196  0.9288560256802401E-03   4   3 0  0 0  0 0  0 1
   197  0.2633620257831141E-02   4   2 1  0 0  0 0  0 1
   198  0.2508662768843008E-02   4   1 2  0 0  0 0  0 1
   199  0.8415304266730527E-03   4   0 3  0 0  0 0  0 1
   200  -35.58056408096553       4   2 0  1 0  0 0  0 1
   201  -67.93770957681710       4   1 1  1 0  0 0  0 1
   202  -32.78690916510644       4   0 2  1 0  0 0  0 1
   203  -.2601655644632835E-02   4   1 0  2 0  0 0  0 1
   204  -.2436439003442140E-02   4   0 1  2 0  0 0  0 1
   205  -3.707275550172588       4   0 0  3 0  0 0  0 1
   206  -32.30826421594588       4   2 0  0 1  0 0  0 1
   207  -62.95119493840163       4   1 1  0 1  0 0  0 1
   208  -31.74369904057495       4   0 2  0 1  0 0  0 1
   209  -.5091296500941070E-02   4   1 0  1 1  0 0  0 1
   210  -.4915177495059495E-02   4   0 1  1 1  0 0  0 1
   211  -12.29769125093494       4   0 0  2 1  0 0  0 1
   212  -.2480539917465754E-02   4   1 0  0 2  0 0  0 1
   213  -.2419785410801365E-02   4   0 1  0 2  0 0  0 1
   214  -12.28909141029576       4   0 0  1 2  0 0  0 1
   215  -4.593102064514633       4   0 0  0 3  0 0  0 1
   216  -.3164384132135870E-03   4   2 0  0 0  0 2  0 0
   217  0.2685677502425605E-03   4   1 1  0 0  0 2  0 0
   218  0.6620731584767484E-03   4   0 2  0 0  0 2  0 0
   219  -.4015990121572513E-01   4   1 0  1 0  0 2  0 0
   220  0.2172809074549073       4   0 1  1 0  0 2  0 0
   221  -.1932277563720482E-03   4   0 0  2 0  0 2  0 0
   222  0.2417715278721111       4   1 0  0 1  0 2  0 0
   223  0.6485187179410384       4   0 1  0 1  0 2  0 0
   224  0.3431752342806234E-03   4   0 0  1 1  0 2  0 0
   225  0.8312563513103144E-03   4   0 0  0 2  0 2  0 0
   226  -.3330062286272731E-03   4   2 0  0 0  0 1  1 0
   227  0.5033537918016154E-03   4   1 1  0 0  0 1  1 0
   228  0.1111242329888279E-02   4   0 2  0 0  0 1  1 0
   229  -.2840206640481694E-01   4   1 0  1 0  0 1  1 0
   230  0.1095312437754904       4   0 1  1 0  0 1  1 0
   231  -.1666399554959061E-03   4   0 0  2 0  0 1  1 0
   232  0.1338690787354210       4   1 0  0 1  0 1  1 0
   233  0.6182241967551874       4   0 1  0 1  0 1  1 0
   234  0.2604312965249286E-03   4   0 0  1 1  0 1  1 0
   235  0.9424679557306085E-03   4   0 0  0 2  0 1  1 0
   236  -.3157884932660871E-03   4   2 0  0 0  0 0  2 0
   237  0.2678676295160619E-03   4   1 1  0 0  0 0  2 0
   238  0.6604344428442336E-03   4   0 2  0 0  0 0  2 0
   239  -.4008674483212797E-01   4   1 0  1 0  0 0  2 0
   240  0.2169148000568264       4   0 1  1 0  0 0  2 0
   241  -.1928555914647129E-03   4   0 0  2 0  0 0  2 0
   242  0.2413560857956325       4   1 0  0 1  0 0  2 0
   243  0.6472299835200135       4   0 1  0 1  0 0  2 0
   244  0.3425381671410373E-03   4   0 0  1 1  0 0  2 0
   245  0.8295035212095539E-03   4   0 0  0 2  0 0  2 0
   246  0.7299845353704328E-03   4   2 0  0 0  0 1  0 1
   247  -.1268152811560439E-03   4   1 1  0 0  0 1  0 1
   248  -.7191542892689246E-03   4   0 2  0 0  0 1  0 1
   249  0.1107626377082958       4   1 0  1 0  0 1  0 1
   250  -.2174758007599370       4   0 1  1 0  0 1  0 1
   251  0.3455684639124034E-03   4   0 0  2 0  0 1  0 1
   252  -.2663602454976082       4   1 0  0 1  0 1  0 1
   253  -.5575033089588785       4   0 1  0 1  0 1  0 1
   254  -.2419914695949923E-03   4   0 0  1 1  0 1  0 1
   255  -.7127184241877952E-03   4   0 0  0 2  0 1  0 1
   256  0.7290021565857117E-03   4   2 0  0 0  0 0  1 1
   257  -.1266446191272620E-03   4   1 1  0 0  0 0  1 1
   258  -.7181864853189953E-03   4   0 2  0 0  0 0  1 1
   259  0.1106135785705301       4   1 0  1 0  0 0  1 1
   260  -.2171831320765535       4   0 1  1 0  0 0  1 1
   261  0.3451034141597485E-03   4   0 0  2 0  0 0  1 1
   262  -.2660017904323412       4   1 0  0 1  0 0  1 1
   263  -.5567530472799018       4   0 1  0 1  0 0  1 1
   264  -.2416658088798715E-03   4   0 0  1 1  0 0  1 1
   265  -.7117592813217801E-03   4   0 0  0 2  0 0  1 1
   266  -.4944379396902501E-03   4   2 0  0 0  0 0  0 2
   267  -.9271100718585496E-03   4   1 1  0 0  0 0  0 2
   268  -.4315592911935105E-03   4   0 2  0 0  0 0  0 2
   269  -.1127260285292244       4   1 0  1 0  0 0  0 2
   270  -.1082068659495456       4   0 1  1 0  0 0  0 2
   271  -.1376064430176002E-03   4   0 0  2 0  0 0  0 2
   272  -.8420426060443911E-01   4   1 0  0 1  0 0  0 2
   273  -.8253238553940836E-01   4   0 1  0 1  0 0  0 2
   274  -.3132567427922072E-03   4   0 0  1 1  0 0  0 2
   275  -.1666011976285310E-03   4   0 0  0 2  0 0  0 2
   276  -.5434357479980848E-05   4   1 0  0 0  0 3  0 0
   277  -.3084096526896889E-04   4   0 1  0 0  0 3  0 0
   278  -.6267432997254434E-01   4   0 0  1 0  0 3  0 0
   279  0.4433570804122093       4   0 0  0 1  0 3  0 0
   280  -.3889575341213532E-05   4   1 0  0 0  0 2  1 0
   281  -.2271925904653470E-04   4   0 1  0 0  0 2  1 0
   282  -.3467435020863834E-01   4   0 0  1 0  0 2  1 0
   283  0.1989725454327735       4   0 0  0 1  0 2  1 0
   284  -.3892678920866253E-05   4   1 0  0 0  0 1  2 0
   285  -.2273556997895832E-04   4   0 1  0 0  0 1  2 0
   286  -.3473070152880502E-01   4   0 0  1 0  0 1  2 0
   287  0.1994646628040827       4   0 0  0 1  0 1  2 0
   288  -.5420773851844156E-05   4   1 0  0 0  0 0  3 0
   289  -.3076344214905289E-04   4   0 1  0 0  0 0  3 0
   290  -.6252451365493471E-01   4   0 0  1 0  0 0  3 0
   291  0.4423284035938025       4   0 0  0 1  0 0  3 0
   292  0.7766440407397706E-05   4   1 0  0 0  0 2  0 1
   293  0.4057246965213611E-04   4   0 1  0 0  0 2  0 1
   294  0.1460229560496115       4   0 0  1 0  0 2  0 1
   295  -.3977757590404305       4   0 0  0 1  0 2  0 1
   296  0.6386039263767941E-05   4   1 0  0 0  0 1  1 1
   297  0.3356018035027067E-04   4   0 1  0 0  0 1  1 1
   298  0.9012633186663394E-01   4   0 0  1 0  0 1  1 1
   299  -.1567067959066049       4   0 0  0 1  0 1  1 1
   300  0.7751691682488802E-05   4   1 0  0 0  0 0  2 1
   301  0.4049528728009910E-04   4   0 1  0 0  0 0  2 1
   302  0.1457658013522241       4   0 0  1 0  0 0  2 1
   303  -.3971350068601380       4   0 0  0 1  0 0  2 1
   304  -.1922290039536916E-05   4   1 0  0 0  0 1  0 2
   305  -.5201183957058599E-05   4   0 1  0 0  0 1  0 2
   306  -.9005511434518998E-01   4   0 0  1 0  0 1  0 2
   307  -.1633671379214580       4   0 0  0 1  0 1  0 2
   308  -.1919703112196158E-05   4   1 0  0 0  0 0  1 2
   309  -.5194184448812574E-05   4   0 1  0 0  0 0  1 2
   310  -.8993392241645508E-01   4   0 0  1 0  0 0  1 2
   311  -.1631472861264701       4   0 0  0 1  0 0  1 2
   312  0.5224677022631490E-06   4   1 0  0 0  0 0  0 3
   313  0.4261888927305725E-06   4   0 1  0 0  0 0  0 3
   314  -.7322006798280643E-02   4   0 0  1 0  0 0  0 3
   315  -.5983528735033483E-02   4   0 0  0 1  0 0  0 3
   316  -.8008103222036128E-05   4   0 0  0 0  0 4  0 0
   317  -.4020335133861417E-05   4   0 0  0 0  0 3  1 0
   318  -.3491806922658782E-05   4   0 0  0 0  0 2  2 0
   319  -.4031746856254294E-05   4   0 0  0 0  0 1  3 0
   320  -.7983856661445446E-05   4   0 0  0 0  0 0  4 0
   321  0.8444430558898372E-05   4   0 0  0 0  0 3  0 1
   322  0.4037764990189848E-05   4   0 0  0 0  0 2  1 1
   323  0.4046637474515963E-05   4   0 0  0 0  0 1  2 1
   324  0.8424671133561415E-05   4   0 0  0 0  0 0  3 1
   325  0.8053444623974914E-06   4   0 0  0 0  0 2  0 2
   326  0.9570356959370885E-06   4   0 0  0 0  0 1  1 2
   327  0.8036167010065398E-06   4   0 0  0 0  0 0  2 2
   328  0.7740667004409944E-08   4   0 0  0 0  0 1  0 3
   329  0.7730249979560507E-08   4   0 0  0 0  0 0  1 3
   330  -.2650798161928492E-13   4   0 0  0 0  0 0  0 4
   ----------------------------------------------------
     I  COEFFICIENT            ORDER EXPONENTS
     1  0.8932870291088459E-08   0   0 0  0 0  0 0  0 0
     2  0.1742848065047915E-06   1   1 0  0 0  0 0  0 0
     3  0.7714957246063958E-06   1   0 1  0 0  0 0  0 0
     4  0.1342316922184909E-04   1   0 0  1 0  0 0  0 0
     5  0.1210600316189510E-05   1   0 0  0 1  0 0  0 0
     6   1.000000000000000       1   0 0  0 0  1 0  0 0
     7  0.2621231487391238       1   0 0  0 0  0 1  0 0
     8  -.2621231476605075       1   0 0  0 0  0 0  1 0
     9  -.1078622448762313E-08   1   0 0  0 0  0 0  0 1
    10  -.9600725936630453E-01   2   2 0  0 0  0 0  0 0
    11  -.3075043667511634       2   1 1  0 0  0 0  0 0
    12  -.4566175716818284       2   0 2  0 0  0 0  0 0
    13  -.6655141056117743E-05   2   1 0  1 0  0 0  0 0
    14  -.1026991032992346E-04   2   0 1  1 0  0 0  0 0
    15  -.8012061914789322E-01   2   0 0  2 0  0 0  0 0
    16  -.1005925332102564E-04   2   1 0  0 1  0 0  0 0
    17  -.1250789911097017E-04   2   0 1  0 1  0 0  0 0
    18  -.1221088917844671E-01   2   0 0  1 1  0 0  0 0
    19  -.2128952973280111       2   0 0  0 2  0 0  0 0
    20  -.3853886738086644E-06   2   1 0  0 0  0 1  0 0
    21  -.1410718877744763E-05   2   0 1  0 0  0 1  0 0
    22  -.1953106471455866E-04   2   0 0  1 0  0 1  0 0
    23  -.7427097280139173E-05   2   0 0  0 1  0 1  0 0
    24  -.2110398282025847E-06   2   1 0  0 0  0 0  1 0
    25  -.6393732469386277E-06   2   0 1  0 0  0 0  1 0
    26  -.6117728731883955E-05   2   0 0  1 0  0 0  1 0
    27  -.6209770179068846E-05   2   0 0  0 1  0 0  1 0
    28  0.5963769161761495E-06   2   1 0  0 0  0 0  0 1
    29  0.1278495482683911E-05   2   0 1  0 0  0 0  0 1
    30  0.2564881665499219E-04   2   0 0  1 0  0 0  0 1
    31  0.1242629401946073E-04   2   0 0  0 1  0 0  0 1
    32  -.1967247333777591       2   0 0  0 0  0 2  0 0
    33  0.1313263164693633       2   0 0  0 0  0 1  1 0
    34  0.6539841536085957E-01   2   0 0  0 0  0 0  2 0
    35  0.1547226064576328E-08   2   0 0  0 0  0 1  0 1
    36  0.4694787879045283E-09   2   0 0  0 0  0 0  1 1
    37  -.4690999882145534E-09   2   0 0  0 0  0 0  0 2
    38  0.4691857556719476E-01   3   3 0  0 0  0 0  0 0
    39  0.1567703950514736       3   2 1  0 0  0 0  0 0
    40  0.1666813840439370       3   1 2  0 0  0 0  0 0
    41  0.5735315643236223E-01   3   0 3  0 0  0 0  0 0
    42  0.5919010941418284E-03   3   2 0  1 0  0 0  0 0
    43  0.1053368862787580E-02   3   1 1  1 0  0 0  0 0
    44  0.5971199693031922E-03   3   0 2  1 0  0 0  0 0
    45  0.3284119856646363E-01   3   1 0  2 0  0 0  0 0
    46  0.1986270687139931E-02   3   0 1  2 0  0 0  0 0
    47  0.6383025190157880E-04   3   0 0  3 0  0 0  0 0
    48  0.5125617611146993E-03   3   2 0  0 1  0 0  0 0
    49  0.9161087116012270E-03   3   1 1  0 1  0 0  0 0
    50  0.5101781255002176E-03   3   0 2  0 1  0 0  0 0
    51  0.2989242001721671E-02   3   1 0  1 1  0 0  0 0
    52  -.4379505777546451E-01   3   0 1  1 1  0 0  0 0
    53  0.3115352307868414E-03   3   0 0  2 1  0 0  0 0
    54  -.2314722292477503E-01   3   1 0  0 2  0 0  0 0
    55  -.4070317148752003E-01   3   0 1  0 2  0 0  0 0
    56  0.3786418188543304E-03   3   0 0  1 2  0 0  0 0
    57  0.1288668949312912E-03   3   0 0  0 3  0 0  0 0
    58  0.1481323913877960       3   2 0  0 0  0 1  0 0
    59  0.5548064218353893       3   1 1  0 0  0 1  0 0
    60  0.8236233468274832       3   0 2  0 0  0 1  0 0
    61  0.1014155747987647E-04   3   1 0  1 0  0 1  0 0
    62  0.1873326560587795E-04   3   0 1  1 0  0 1  0 0
    63  0.1163753583679065       3   0 0  2 0  0 1  0 0
    64  0.1828749893330955E-04   3   1 0  0 1  0 1  0 0
    65  0.2809789475154679E-04   3   0 1  0 1  0 1  0 0
    66  0.8518997660646641E-01   3   0 0  1 1  0 1  0 0
    67  0.3249342065359705       3   0 0  0 2  0 1  0 0
    68  0.5218421491390519E-01   3   2 0  0 0  0 0  1 0
    69  0.2473829724341040       3   1 1  0 0  0 0  1 0
    70  0.3671258375557930       3   0 2  0 0  0 0  1 0
    71  0.3458254841502355E-05   3   1 0  1 0  0 0  1 0
    72  0.8373010507449290E-05   3   0 1  1 0  0 0  1 0
    73  0.3631373996922226E-01   3   0 0  2 0  0 0  1 0
    74  0.8187145508058842E-05   3   1 0  0 1  0 0  1 0
    75  0.1548636422152521E-04   3   0 1  0 1  0 0  1 0
    76  0.7289745452262411E-01   3   0 0  1 1  0 0  1 0
    77  0.1121743235219354       3   0 0  0 2  0 0  1 0
    78  -.2003170280353580       3   2 0  0 0  0 0  0 1
    79  -.4946861527062552       3   1 1  0 0  0 0  0 1
    80  -.2775149085440414       3   0 2  0 0  0 0  0 1
    81  -.1353486093803115E-04   3   1 0  1 0  0 0  0 1
    82  -.1665404343676309E-04   3   0 1  1 0  0 0  0 1
    83  -.1526892983687006       3   0 0  2 0  0 0  0 1
    84  -.1630713387844380E-04   3   1 0  0 1  0 0  0 1
    85  -.1832601250058425E-04   3   0 1  0 1  0 0  0 1
    86  -.1458768095895251       3   0 0  1 1  0 0  0 1
    87  -.1131806777192032E-01   3   0 0  0 2  0 0  0 1
    88  0.6096680083613728E-06   3   1 0  0 0  0 2  0 0
    89  0.2075818216957379E-05   3   0 1  0 0  0 2  0 0
    90  0.2381817902762791E-04   3   0 0  1 0  0 2  0 0
    91  0.1464221408809016E-04   3   0 0  0 1  0 2  0 0
    92  0.4483107944133985E-06   3   1 0  0 0  0 1  1 0
    93  0.1329586604240958E-05   3   0 1  0 0  0 1  1 0
    94  0.8584032748359371E-05   3   0 0  1 0  0 1  1 0
    95  0.1443212393382943E-04   3   0 0  0 1  0 1  1 0
    96  0.2241156996834691E-06   3   1 0  0 0  0 0  2 0
    97  0.6648467717042119E-06   3   0 1  0 0  0 0  2 0
    98  0.4299355335832982E-05   3   0 0  1 0  0 0  2 0
    99  0.7211335732592257E-05   3   0 0  0 1  0 0  2 0
   100  -.1283351301238965E-05   3   1 0  0 0  0 1  0 1
   101  -.2660641990594684E-05   3   0 1  0 0  0 1  0 1
   102  -.3669463834413253E-04   3   0 0  1 0  0 1  0 1
   103  -.2886795012606199E-04   3   0 0  0 1  0 1  0 1
   104  -.6867598586779283E-06   3   1 0  0 0  0 0  1 1
   105  -.1381799997466853E-05   3   0 1  0 0  0 0  1 1
   106  -.1106690051071646E-04   3   0 0  1 0  0 0  1 1
   107  -.1643751854048443E-04   3   0 0  0 1  0 0  1 1
   108  0.6870042316425327E-06   3   1 0  0 0  0 0  0 2
   109  0.7427445726401116E-06   3   0 1  0 0  0 0  0 2
   110  0.1105783961992384E-04   3   0 0  1 0  0 0  0 2
   111  0.1022786511083898E-04   3   0 0  0 1  0 0  0 2
   112  0.1639593934763252       3   0 0  0 0  0 3  0 0
   113  -.9842878481191517E-01   3   0 0  0 0  0 2  1 0
   114  -.3289754842064736E-01   3   0 0  0 0  0 1  2 0
   115  -.3263309969274224E-01   3   0 0  0 0  0 0  3 0
   116  -.1333079811281587E-08   3   0 0  0 0  0 2  0 1
   117  0.5818893670417923E-09   3   0 0  0 0  0 1  1 1
   118  0.2894586853856943E-09   3   0 0  0 0  0 0  2 1
   119  -.4534927817972741E-10   3   0 0  0 0  0 1  0 2
   120  -.4852634277219706E-10   3   0 0  0 0  0 0  1 2
   121  -.1576664326585164E-11   3   0 0  0 0  0 0  0 3
   122  -1.858317949781573       4   4 0  0 0  0 0  0 0
   123  -8.619784762832076       4   3 1  0 0  0 0  0 0
   124  -15.39206506186999       4   2 2  0 0  0 0  0 0
   125  -12.43107623792708       4   1 3  0 0  0 0  0 0
   126  -4.038958580244014       4   0 4  0 0  0 0  0 0
   127  -.1318436727247945E-02   4   3 0  1 0  0 0  0 0
   128  -.3651863713827609E-02   4   2 1  1 0  0 0  0 0
   129  -.3442500639851610E-02   4   1 2  1 0  0 0  0 0
   130  -.1116911399021152E-02   4   0 3  1 0  0 0  0 0
   131  -3.685569092638670       4   2 0  2 0  0 0  0 0
   132  -7.137735141568156       4   1 1  2 0  0 0  0 0
   133  -4.091607841849443       4   0 2  2 0  0 0  0 0
   134  0.9263197894564104E-03   4   1 0  3 0  0 0  0 0
   135  0.7581224503739044E-03   4   0 1  3 0  0 0  0 0
   136  -.3718319078026864       4   0 0  4 0  0 0  0 0
   137  -.1228867020345856E-02   4   3 0  0 1  0 0  0 0
   138  -.3513895659601072E-02   4   2 1  0 1  0 0  0 0
   139  -.3413809988693353E-02   4   1 2  0 1  0 0  0 0
   140  -.1139895359125061E-02   4   0 3  0 1  0 0  0 0
   141  -6.897805679139700       4   2 0  1 1  0 0  0 0
   142  -13.06369220891704       4   1 1  1 1  0 0  0 0
   143  -7.187459330606422       4   0 2  1 1  0 0  0 0
   144  0.2413661920817419E-02   4   1 0  2 1  0 0  0 0
   145  0.1952574862836735E-02   4   0 1  2 1  0 0  0 0
   146  -1.548382657171576       4   0 0  3 1  0 0  0 0
   147  -2.879748844083170       4   2 0  0 2  0 0  0 0
   148  -5.698232026154542       4   1 1  0 2  0 0  0 0
   149  -3.576925833564992       4   0 2  0 2  0 0  0 0
   150  0.2119296851490905E-02   4   1 0  1 2  0 0  0 0
   151  0.1681493363719790E-02   4   0 1  1 2  0 0  0 0
   152  -2.303327548686121       4   0 0  2 2  0 0  0 0
   153  0.6097707247998522E-03   4   1 0  0 3  0 0  0 0
   154  0.4643446844246553E-03   4   0 1  0 3  0 0  0 0
   155  -1.393831646851565       4   0 0  1 3  0 0  0 0
   156  -.4127742820147525       4   0 0  0 4  0 0  0 0
   157  -.7661184779119082E-01   4   3 0  0 0  0 1  0 0
   158  -.3178371673492822       4   2 1  0 0  0 1  0 0
   159  -.4106651545069378       4   1 2  0 0  0 1  0 0
   160  -.1678331932109237       4   0 3  0 0  0 1  0 0
   161  0.1640145775487034E-03   4   2 0  1 0  0 1  0 0
   162  -.1102491951977598E-03   4   1 1  1 0  0 1  0 0
   163  -.3141662891835900E-03   4   0 2  1 0  0 1  0 0
   164  -.4683456254800344E-01   4   1 0  2 0  0 1  0 0
   165  -.1721109350130834E-01   4   0 1  2 0  0 1  0 0
   166  0.1232532507998553E-03   4   0 0  3 0  0 1  0 0
   167  -.1708673966737430E-03   4   2 0  0 1  0 1  0 0
   168  -.5442733822556432E-03   4   1 1  0 1  0 1  0 0
   169  -.4366719357211504E-03   4   0 2  0 1  0 1  0 0
   170  -.3106400068380786E-01   4   1 0  1 1  0 1  0 0
   171  0.6092746968179830E-01   4   0 1  1 1  0 1  0 0
   172  0.1508742876538455E-03   4   0 0  2 1  0 1  0 0
   173  0.3383272788677563E-01   4   1 0  0 2  0 1  0 0
   174  0.8921904323975272E-01   4   0 1  0 2  0 1  0 0
   175  -.2432656721014657E-03   4   0 0  1 2  0 1  0 0
   176  -.2101590249554642E-03   4   0 0  0 3  0 1  0 0
   177  -.2893737352045788E-01   4   3 0  0 0  0 0  1 0
   178  -.1580565239827654       4   2 1  0 0  0 0  1 0
   179  -.2401495440910816       4   1 2  0 0  0 0  1 0
   180  -.1088416048827103       4   0 3  0 0  0 0  1 0
   181  0.8709060982200880E-04   4   2 0  1 0  0 0  1 0
   182  -.3151973611076416E-03   4   1 1  1 0  0 0  1 0
   183  -.3932638213246847E-03   4   0 2  1 0  0 0  1 0
   184  -.1376638414604100E-01   4   1 0  2 0  0 0  1 0
   185  -.1449347032554937E-01   4   0 1  2 0  0 0  1 0
   186  0.3354687007157584E-04   4   0 0  3 0  0 0  1 0
   187  -.1988359255370570E-03   4   2 0  0 1  0 0  1 0
   188  -.6921107247501910E-03   4   1 1  0 1  0 0  1 0
   189  -.5266949888063916E-03   4   0 2  0 1  0 0  1 0
   190  -.2767767589244828E-01   4   1 0  1 1  0 0  1 0
   191  0.1820463464663849E-01   4   0 1  1 1  0 0  1 0
   192  0.1070654987504315E-04   4   0 0  2 1  0 0  1 0
   193  0.1091574155369019E-01   4   1 0  0 2  0 0  1 0
   194  0.4901300011698502E-01   4   0 1  0 2  0 0  1 0
   195  -.2417334312407351E-03   4   0 0  1 2  0 0  1 0
   196  -.1753478204932262E-03   4   0 0  0 3  0 0  1 0
   197  0.1045600099758020       4   3 0  0 0  0 0  0 1
   198  0.3142490893522450       4   2 1  0 0  0 0  0 1
   199  0.3101891877445812       4   1 2  0 0  0 0  0 1
   200  0.1009767737994803       4   0 3  0 0  0 0  0 1
   201  -.1289000272896717E-03   4   2 0  1 0  0 0  0 1
   202  -.2384578811933039E-03   4   1 1  1 0  0 0  0 1
   203  -.6999090605386751E-04   4   0 2  1 0  0 0  0 1
   204  0.6014151197394141E-01   4   1 0  2 0  0 0  0 1
   205  0.2828982779152720E-01   4   0 1  2 0  0 0  0 1
   206  -.1129686669781810E-03   4   0 0  3 0  0 0  0 1
   207  -.1077549983818349E-03   4   2 0  0 1  0 0  0 1
   208  -.2418767603421267E-03   4   1 1  0 1  0 0  0 1
   209  -.8465176789831769E-04   4   0 2  0 1  0 0  0 1
   210  0.5504213015959326E-01   4   1 0  1 1  0 0  0 1
   211  0.6410512020032321E-02   4   0 1  1 1  0 0  0 1
   212  -.2809285253268214E-03   4   0 0  2 1  0 0  0 1
   213  0.1033814379593458E-02   4   1 0  0 2  0 0  0 1
   214  -.1731377356002690E-01   4   0 1  0 2  0 0  0 1
   215  -.2030367515498232E-03   4   0 0  1 2  0 0  0 1
   216  -.2418600927401187E-04   4   0 0  0 3  0 0  0 1
   217  -.1893800224371045       4   2 0  0 0  0 2  0 0
   218  -.7906929710517213       4   1 1  0 0  0 2  0 0
   219  -1.190693851592199       4   0 2  0 0  0 2  0 0
   220  -.1477035486007369E-04   4   1 0  1 0  0 2  0 0
   221  -.3666744988221368E-04   4   0 1  1 0  0 2  0 0
   222  -.1417217997959977       4   0 0  2 0  0 2  0 0
   223  -.3705417706063892E-04   4   1 0  0 1  0 2  0 0
   224  -.6365101459535012E-04   4   0 1  0 1  0 2  0 0
   225  -.1701763318340272       4   0 0  1 1  0 2  0 0
   226  -.4257624528575991       4   0 0  0 2  0 2  0 0
   227  -.8248161052232088E-01   4   2 0  0 0  0 1  1 0
   228  -.4717243912192510       4   1 1  0 0  0 1  1 0
   229  -.7341038162486583       4   0 2  0 0  0 1  1 0
   230  -.5931145339696484E-05   4   1 0  1 0  0 1  1 0
   231  -.1973034878890744E-04   4   0 1  1 0  0 1  1 0
   232  -.5075002698348201E-01   4   0 0  2 0  0 1  1 0
   233  -.2016940617048558E-04   4   1 0  0 1  0 1  1 0
   234  -.4342304167520154E-04   4   0 1  0 1  0 1  1 0
   235  -.1699908858974153       4   0 0  1 1  0 1  1 0
   236  -.2017108028134429       4   0 0  0 2  0 1  1 0
   237  -.4128479665795390E-01   4   2 0  0 0  0 0  2 0
   238  -.2359174440553377       4   1 1  0 0  0 0  2 0
   239  -.3671111487934226       4   0 2  0 0  0 0  2 0
   240  -.3006113584007415E-05   4   1 0  1 0  0 0  2 0
   241  -.9903377953758253E-05   4   0 1  1 0  0 0  2 0
   242  -.2541901136778887E-01   4   0 0  2 0  0 0  2 0
   243  -.1011725533464640E-04   4   1 0  0 1  0 0  2 0
   244  -.2171930604510333E-04   4   0 1  0 1  0 0  2 0
   245  -.8493825111601645E-01   4   0 0  1 1  0 0  2 0
   246  -.1009379410606215       4   0 0  0 2  0 0  2 0
   247  0.3130593758721693       4   2 0  0 0  0 1  0 1
   248  0.9433969555915646       4   1 1  0 0  0 1  0 1
   249  0.6445700412721813       4   0 2  0 0  0 1  0 1
   250  0.1515193232151643E-04   4   1 0  1 0  0 1  0 1
   251  0.3227836061959448E-04   4   0 1  1 0  0 1  0 1
   252  0.2178444759516875       4   0 0  2 0  0 1  0 1
   253  0.3267880812497835E-04   4   1 0  0 1  0 1  0 1
   254  0.4934564885988160E-04   4   0 1  0 1  0 1  0 1
   255  0.3400173400542654       4   0 0  1 1  0 1  0 1
   256  0.7846126052487756E-01   4   0 0  0 2  0 1  0 1
   257  0.1128457878297352       4   2 0  0 0  0 0  1 1
   258  0.4487470720094682       4   1 1  0 0  0 0  1 1
   259  0.3669231601454164       4   0 2  0 0  0 0  1 1
   260  0.5455140488087631E-05   4   1 0  1 0  0 0  1 1
   261  0.1499049410497146E-04   4   0 1  1 0  0 0  1 1
   262  0.6528181076594738E-01   4   0 0  2 0  0 0  1 1
   263  0.1530992885386566E-04   4   1 0  0 1  0 0  1 1
   264  0.2659024100091481E-04   4   0 1  0 1  0 0  1 1
   265  0.1940909123968269       4   0 0  1 1  0 0  1 1
   266  0.6707483357387528E-01   4   0 0  0 2  0 0  1 1
   267  -.1127754482468403       4   2 0  0 0  0 0  0 2
   268  -.2013508428162046       4   1 1  0 0  0 0  0 2
   269  -.8945761570345358E-01   4   0 2  0 0  0 0  0 2
   270  -.2919458098020359E-05   4   1 0  1 0  0 0  0 2
   271  -.2437611041293216E-05   4   0 1  1 0  0 0  0 2
   272  -.6522671862154406E-01   4   0 0  2 0  0 0  0 2
   273  -.2505078552284310E-05   4   1 0  0 1  0 0  0 2
   274  -.2084992082790475E-05   4   0 1  0 1  0 0  0 2
   275  -.1211925917897853       4   0 0  1 1  0 0  0 2
   276  -.5579825077124042E-01   4   0 0  0 2  0 0  0 2
   277  -.1265697210236749E-03   4   1 0  0 0  0 3  0 0
   278  -.2230490061179022E-03   4   0 1  0 0  0 3  0 0
   279  -.3044169968192921E-04   4   0 0  1 0  0 3  0 0
   280  -.1556716419618975E-04   4   0 0  0 1  0 3  0 0
   281  -.6391226643246719E-04   4   1 0  0 0  0 2  1 0
   282  -.1132259722165522E-03   4   0 1  0 0  0 2  1 0
   283  -.1029233091879698E-04   4   0 0  1 0  0 2  1 0
   284  -.1956303332712957E-04   4   0 0  0 1  0 2  1 0
   285  -.3989843620500742E-04   4   1 0  0 0  0 1  2 0
   286  -.7082654844201694E-04   4   0 1  0 0  0 1  2 0
   287  -.5764417784274664E-05   4   0 0  1 0  0 1  2 0
   288  -.1357222066382136E-04   4   0 0  0 1  0 1  2 0
   289  -.2133354542144372E-04   4   1 0  0 0  0 0  3 0
   290  -.3779331956479564E-04   4   0 1  0 0  0 0  3 0
   291  -.3442775571823224E-05   4   0 0  1 0  0 0  3 0
   292  -.6513924988297656E-05   4   0 0  0 1  0 0  3 0
   293  0.1178179214491179E-03   4   1 0  0 0  0 2  0 1
   294  0.1097072176085922E-03   4   0 1  0 0  0 2  0 1
   295  0.2341970966081580E-04   4   0 0  1 0  0 2  0 1
   296  0.4513412571157909E-04   4   0 0  0 1  0 2  0 1
   297  0.5929993224531531E-04   4   1 0  0 0  0 1  1 1
   298  0.6051686989584739E-04   4   0 1  0 0  0 1  1 1
   299  0.5993459110230839E-05   4   0 0  1 0  0 1  1 1
   300  0.3200390363571332E-04   4   0 0  0 1  0 1  1 1
   301  0.2966922629733931E-04   4   1 0  0 0  0 0  2 1
   302  0.3027100341708534E-04   4   0 1  0 0  0 0  2 1
   303  0.3006471303839466E-05   4   0 0  1 0  0 0  2 1
   304  0.1600032456736631E-04   4   0 0  0 1  0 0  2 1
   305  -.7082793679785203E-05   4   1 0  0 0  0 1  0 2
   306  -.6180440550586295E-05   4   0 1  0 0  0 1  0 2
   307  0.1997920279013110E-05   4   0 0  1 0  0 1  0 2
   308  -.2738554024956080E-05   4   0 0  0 1  0 1  0 2
   309  -.4962249884674727E-05   4   1 0  0 0  0 0  1 2
   310  -.4465532977612218E-05   4   0 1  0 0  0 0  1 2
   311  0.1343545987825930E-05   4   0 0  1 0  0 0  1 2
   312  -.3264203540860631E-05   4   0 0  0 1  0 0  1 2
   313  0.2228465337033577E-07   4   1 0  0 0  0 0  0 3
   314  0.1668881589049458E-07   4   0 1  0 0  0 0  0 3
   315  0.7742516002898815E-08   4   0 0  1 0  0 0  0 3
   316  0.5860038898733326E-08   4   0 0  0 1  0 0  0 3
   317  -.1434727838427278       4   0 0  0 0  0 4  0 0
   318  0.8201284858006028E-01   4   0 0  0 0  0 3  1 0
   319  0.2462383794132393E-01   4   0 0  0 0  0 2  2 0
   320  0.1648163241319285E-01   4   0 0  0 0  0 1  3 0
   321  0.2035440569051129E-01   4   0 0  0 0  0 0  4 0
   322  0.2496554985877933E-08   4   0 0  0 0  0 3  0 1
   323  0.2192220225816089E-08   4   0 0  0 0  0 2  1 1
   324  0.1944407306392231E-08   4   0 0  0 0  0 1  2 1
   325  0.6251436338193307E-09   4   0 0  0 0  0 0  3 1
   326  -.1855441279928493E-10   4   0 0  0 0  0 2  0 2
   327  -.7684156401846157E-10   4   0 0  0 0  0 1  1 2
   328  -.1126725290653949E-10   4   0 0  0 0  0 0  2 2
   329  0.5967662460314517E-12   4   0 0  0 0  0 1  0 3
   330  -.9764604347719740E-12   4   0 0  0 0  0 0  1 3
   ----------------------------------------------------
     I  COEFFICIENT            ORDER EXPONENTS
     1   1.000000000000000       1   0 0  0 0  0 1  0 0
     --------------------------------------------------
     I  COEFFICIENT            ORDER EXPONENTS
     1   1.000000000000000       1   0 0  0 0  0 0  1 0
     --------------------------------------------------
     I  COEFFICIENT            ORDER EXPONENTS
     1   1.000000000000000       1   0 0  0 0  0 0  0 1
     --------------------------------------------------
