 L    0.6839345000000000E+00
 P (  0.0000000000000000E+00,  0.0000000000000000E+00,  0.2904825000000000E+00)
 A (  0.0000000000000000E+00,  0.0000000000000000E+00,  0.0000000000000000E+00)
     I  COEFFICIENT            ORDER EXPONENTS
     1  -.3519469949404477E-04   0   0 0  0 0  0 0  0 0
     2  0.4311085827889709       1   1 0  0 0  0 0  0 0
     3  0.5559189465265441       1   0 1  0 0  0 0  0 0
     4  -.8060871178409461E-04   1   0 0  1 0  0 0  0 0
     5  -.1771418583764745E-04   1   0 0  0 1  0 0  0 0
     6  -.1277840119301312E-04   1   0 0  0 0  0 1  0 0
     7  -.1276120462291271E-04   1   0 0  0 0  0 0  1 0
     8  0.2553960581592582E-04   1   0 0  0 0  0 0  0 1
     9  -.8149584249233779E-04   2   2 0  0 0  0 0  0 0
    10  0.5194940191039905E-04   2   1 1  0 0  0 0  0 0
    11  0.4451216717426637E-04   2   0 2  0 0  0 0  0 0
    12  -.4140579341771532E-04   2   1 0  1 0  0 0  0 0
    13  0.8684824175502196E-04   2   0 1  1 0  0 0  0 0
    14  0.1772584636335203E-03   2   0 0  2 0  0 0  0 0
    15  0.6975672397927191E-04   2   1 0  0 1  0 0  0 0
    16  0.2697403414545732E-04   2   0 1  0 1  0 0  0 0
    17  0.2086788304490853E-04   2   0 0  1 1  0 0  0 0
    18  0.2267355034654422E-04   2   0 0  0 2  0 0  0 0
    19  0.2660503865474366       2   1 0  0 0  0 1  0 0
    20  -.2168229250747752       2   0 1  0 0  0 1  0 0
    21  0.4047112330214128E-04   2   0 0  1 0  0 1  0 0
    22  0.1774929332538122E-04   2   0 0  0 1  0 1  0 0
    23  0.2656923484757415       2   1 0  0 0  0 0  1 0
    24  -.2165311350007202       2   0 1  0 0  0 0  1 0
    25  0.4041665917173921E-04   2   0 0  1 0  0 0  1 0
    26  0.1772540716291913E-04   2   0 0  0 1  0 0  1 0
    27  -.5317427350231781       2   1 0  0 0  0 0  0 1
    28  -.1225648864510483       2   0 1  0 0  0 0  0 1
    29  -.8088778247388050E-04   2   0 0  1 0  0 0  0 1
    30  -.1776051465065296E-04   2   0 0  0 1  0 0  0 1
    31  0.9301940243862257E-05   2   0 0  0 0  0 2  0 0
    32  0.5834812237830431E-05   2   0 0  0 0  0 1  1 0
    33  0.9285496023465661E-05   2   0 0  0 0  0 0  2 0
    34  -.1166028713847245E-04   2   0 0  0 0  0 1  0 1
    35  -.1164459527357182E-04   2   0 0  0 0  0 0  1 1
    36  -.1117359835282067E-05   2   0 0  0 0  0 0  0 2
    37  -.5373702850265967       3   3 0  0 0  0 0  0 0
    38  -.1548428123096902       3   2 1  0 0  0 0  0 0
    39  -.5477656649979681       3   1 2  0 0  0 0  0 0
    40  0.1471903066604447       3   0 3  0 0  0 0  0 0
    41  0.2888323450619933E-03   3   2 0  1 0  0 0  0 0
    42  0.3360433388104409E-03   3   1 1  1 0  0 0  0 0
    43  -.5501608663943879E-04   3   0 2  1 0  0 0  0 0
    44  -2.396820884723643       3   1 0  2 0  0 0  0 0
    45  -.8516835569105801       3   0 1  2 0  0 0  0 0
    46  -.1694803641629104E-03   3   0 0  3 0  0 0  0 0
    47  0.6913135687202886E-04   3   2 0  0 1  0 0  0 0
    48  0.8166673901026128E-04   3   1 1  0 1  0 0  0 0
    49  -.2050635467903861E-04   3   0 2  0 1  0 0  0 0
    50  -2.033437916003260       3   1 0  1 1  0 0  0 0
    51  -.9887135084110298E-01   3   0 1  1 1  0 0  0 0
    52  -.3264130402923014E-03   3   0 0  2 1  0 0  0 0
    53  -.8579019480006694       3   1 0  0 2  0 0  0 0
    54  0.1694542921261900       3   0 1  0 2  0 0  0 0
    55  -.1683020368195525E-03   3   0 0  1 2  0 0  0 0
    56  -.3290864511203407E-04   3   0 0  0 3  0 0  0 0
    57  -.8710494159156401E-05   3   2 0  0 0  0 1  0 0
    58  -.2968904676819748E-04   3   1 1  0 0  0 1  0 0
    59  -.5838934845980142E-04   3   0 2  0 0  0 1  0 0
    60  -.5358784735012869E-04   3   1 0  1 0  0 1  0 0
    61  -.9994726604062122E-04   3   0 1  1 0  0 1  0 0
    62  -.1232511973782107E-03   3   0 0  2 0  0 1  0 0
    63  -.8872959629335105E-04   3   1 0  0 1  0 1  0 0
    64  -.4514469019273858E-04   3   0 1  0 1  0 1  0 0
    65  -.6618045362838101E-04   3   0 0  1 1  0 1  0 0
    66  -.4085770772485041E-04   3   0 0  0 2  0 1  0 0
    67  -.8698771986628666E-05   3   2 0  0 0  0 0  1 0
    68  -.2964909264825326E-04   3   1 1  0 0  0 0  1 0
    69  -.5831077082643885E-04   3   0 2  0 0  0 0  1 0
    70  -.5351573135067209E-04   3   1 0  1 0  0 0  1 0
    71  -.9981276172033516E-04   3   0 1  1 0  0 0  1 0
    72  -.1230853317254069E-03   3   0 0  2 0  0 0  1 0
    73  -.8861018818434031E-04   3   1 0  0 1  0 0  1 0
    74  -.4508393659627287E-04   3   0 1  0 1  0 0  1 0
    75  -.6609139109286458E-04   3   0 0  1 1  0 0  1 0
    76  -.4080272334735152E-04   3   0 0  0 2  0 0  1 0
    77  0.1740926614578507E-04   3   2 0  0 0  0 0  0 1
    78  0.7388737506052669E-05   3   1 1  0 0  0 0  0 1
    79  0.2767578493770719E-04   3   0 2  0 0  0 0  0 1
    80  0.1071035787008017E-03   3   1 0  1 0  0 0  0 1
    81  0.1129117860059345E-03   3   0 1  1 0  0 0  0 1
    82  0.2463365291036174E-03   3   0 0  2 0  0 0  0 1
    83  0.1075830604984201E-03   3   1 0  0 1  0 0  0 1
    84  0.3628055849809641E-04   3   0 1  0 1  0 0  0 1
    85  0.1114039616763371E-03   3   0 0  1 1  0 0  0 1
    86  0.3631333037901281E-04   3   0 0  0 2  0 0  0 1
    87  -.1904192023400472       3   1 0  0 0  0 2  0 0
    88  0.1332383230737037       3   0 1  0 0  0 2  0 0
    89  -.3042451205013039E-04   3   0 0  1 0  0 2  0 0
    90  -.1776217004597568E-04   3   0 0  0 1  0 2  0 0
    91  -.1149911234802728       3   1 0  0 0  0 1  1 0
    92  0.4987830958385469E-01   3   0 1  0 0  0 1  1 0
    93  -.2041842103290965E-04   3   0 0  1 0  0 1  1 0
    94  -.1777698341939465E-04   3   0 0  0 1  0 1  1 0
    95  -.1900855703343663       3   1 0  0 0  0 0  2 0
    96  0.1330254552786386       3   0 1  0 0  0 0  2 0
    97  -.3036982910130121E-04   3   0 0  1 0  0 0  2 0
    98  -.1772630484141305E-04   3   0 0  0 1  0 0  2 0
    99  0.2297792126663312       3   1 0  0 0  0 1  0 1
   100  0.1172908348470069       3   0 1  0 0  0 1  0 1
   101  0.4082330918432622E-04   3   0 0  1 0  0 1  0 1
   102  0.1779770887873188E-04   3   0 0  0 1  0 1  0 1
   103  0.2294699866310440       3   1 0  0 0  0 0  1 1
   104  0.1171329903691954       3   0 1  0 0  0 0  1 1
   105  0.4076837109876198E-04   3   0 0  1 0  0 0  1 1
   106  0.1777375756089986E-04   3   0 0  0 1  0 0  1 1
   107  0.3624674656256265E-01   3   1 0  0 0  0 0  0 2
   108  0.5352955334946310E-02   3   0 1  0 0  0 0  0 2
   109  -.3691357159923348E-06   3   0 0  1 0  0 0  0 2
   110  -.4012424460471839E-07   3   0 0  0 1  0 0  0 2
   111  -.7567405847268618E-05   3   0 0  0 0  0 3  0 0
   112  -.4100675698367353E-05   3   0 0  0 0  0 2  1 0
   113  -.4107653184112384E-05   3   0 0  0 0  0 1  2 0
   114  -.7549374534583145E-05   3   0 0  0 0  0 0  3 0
   115  0.8199020826121552E-05   3   0 0  0 0  0 2  0 1
   116  0.4747049414714108E-05   3   0 0  0 0  0 1  1 1
   117  0.8184792792687962E-05   3   0 0  0 0  0 0  2 1
   118  0.1087743850679520E-05   3   0 0  0 0  0 1  0 2
   119  0.1086280016268858E-05   3   0 0  0 0  0 0  1 2
   120  0.2023193453858109E-07   3   0 0  0 0  0 0  0 3
   121  -.2369861911437022E-03   4   4 0  0 0  0 0  0 0
   122  0.1468973427158472E-03   4   3 1  0 0  0 0  0 0
   123  0.1262726506657254E-03   4   2 2  0 0  0 0  0 0
   124  -.1187565256262035E-03   4   1 3  0 0  0 0  0 0
   125  0.8523564302838424E-04   4   0 4  0 0  0 0  0 0
   126  0.1321173969578022E-04   4   3 0  1 0  0 0  0 0
   127  -.9600910734144564E-04   4   2 1  1 0  0 0  0 0
   128  -.7911971653657199E-04   4   1 2  1 0  0 0  0 0
   129  0.8513314468425594E-04   4   0 3  1 0  0 0  0 0
   130  -.1105990823508501E-02   4   2 0  2 0  0 0  0 0
   131  0.4809957707173021E-03   4   1 1  2 0  0 0  0 0
   132  -.1983463595146987E-03   4   0 2  2 0  0 0  0 0
   133  -.9776540952112578E-03   4   1 0  3 0  0 0  0 0
   134  0.3521002061742940E-03   4   0 1  3 0  0 0  0 0
   135  0.1523939581115682E-03   4   0 0  4 0  0 0  0 0
   136  0.2950208577889396E-04   4   3 0  0 1  0 0  0 0
   137  -.1900542667024995E-03   4   2 1  0 1  0 0  0 0
   138  -.6632448330875110E-04   4   1 2  0 1  0 0  0 0
   139  0.5594970360578440E-04   4   0 3  0 1  0 0  0 0
   140  -.2748569397286859E-04   4   2 0  1 1  0 0  0 0
   141  0.1086110553846680E-02   4   1 1  1 1  0 0  0 0
   142  -.6511901732097363E-05   4   0 2  1 1  0 0  0 0
   143  -.4619436996495187E-03   4   1 0  2 1  0 0  0 0
   144  0.7540360067727144E-03   4   0 1  2 1  0 0  0 0
   145  0.2074533440416366E-03   4   0 0  3 1  0 0  0 0
   146  0.9212614805039100E-04   4   2 0  0 2  0 0  0 0
   147  0.2904719369463003E-04   4   1 1  0 2  0 0  0 0
   148  0.1039152687054070E-03   4   0 2  0 2  0 0  0 0
   149  -.1345688785467376E-03   4   1 0  1 2  0 0  0 0
   150  0.2888746793202694E-03   4   0 1  1 2  0 0  0 0
   151  -.1607102241573758E-04   4   0 0  2 2  0 0  0 0
   152  -.7565984796322945E-04   4   1 0  0 3  0 0  0 0
   153  0.5672264327853226E-04   4   0 1  0 3  0 0  0 0
   154  -.1032731957987286E-04   4   0 0  1 3  0 0  0 0
   155  0.1638121946100720E-04   4   0 0  0 4  0 0  0 0
   156  0.6340167161771537       4   3 0  0 0  0 1  0 0
   157  0.3106314144366520E-01   4   2 1  0 0  0 1  0 0
   158  0.6704051418769461       4   1 2  0 0  0 1  0 0
   159  -.1464116808384830       4   0 3  0 0  0 1  0 0
   160  -.2907326298614712E-03   4   2 0  1 0  0 1  0 0
   161  -.4957769229533326E-03   4   1 1  1 0  0 1  0 0
   162  0.5105835042676563E-04   4   0 2  1 0  0 1  0 0
   163   2.706023115263403       4   1 0  2 0  0 1  0 0
   164   1.017510803243070       4   0 1  2 0  0 1  0 0
   165  0.2078498726499327E-03   4   0 0  3 0  0 1  0 0
   166  -.1415227686277764E-03   4   2 0  0 1  0 1  0 0
   167  -.1805436302904974E-03   4   1 1  0 1  0 1  0 0
   168  0.3096441399639484E-04   4   0 2  0 1  0 1  0 0
   169   3.144624606312433       4   1 0  1 1  0 1  0 0
   170  0.3656536499587610       4   0 1  1 1  0 1  0 0
   171  0.4737886193822109E-03   4   0 0  2 1  0 1  0 0
   172   1.418348206263622       4   1 0  0 2  0 1  0 0
   173  -.1366455689650239       4   0 1  0 2  0 1  0 0
   174  0.3017622764737165E-03   4   0 0  1 2  0 1  0 0
   175  0.7082994453779235E-04   4   0 0  0 3  0 1  0 0
   176  0.6331634863606959       4   3 0  0 0  0 0  1 0
   177  0.3102133813186690E-01   4   2 1  0 0  0 0  1 0
   178  0.6695029422321082       4   1 2  0 0  0 0  1 0
   179  -.1462146468985542       4   0 3  0 0  0 0  1 0
   180  -.2903413755899575E-03   4   2 0  1 0  0 0  1 0
   181  -.4951097297355786E-03   4   1 1  1 0  0 0  1 0
   182  0.5098963850505813E-04   4   0 2  1 0  0 0  1 0
   183   2.702381476885330       4   1 0  2 0  0 0  1 0
   184   1.016141485157689       4   0 1  2 0  0 0  1 0
   185  0.2075701580869435E-03   4   0 0  3 0  0 0  1 0
   186  -.1413323139554936E-03   4   2 0  0 1  0 0  1 0
   187  -.1803006631815787E-03   4   1 1  0 1  0 0  1 0
   188  0.3092274354734061E-04   4   0 2  0 1  0 0  1 0
   189   3.140392718718277       4   1 0  1 1  0 0  1 0
   190  0.3651615705093054       4   0 1  1 1  0 0  1 0
   191  0.4731510169871249E-03   4   0 0  2 1  0 0  1 0
   192   1.416439460092067       4   1 0  0 2  0 0  1 0
   193  -.1364616777981928       4   0 1  0 2  0 0  1 0
   194  0.3013561790235987E-03   4   0 0  1 2  0 0  1 0
   195  0.7073462493653281E-04   4   0 0  0 3  0 0  1 0
   196  -1.267180202537851       4   3 0  0 0  0 0  0 1
   197  0.9275833273415751E-01   4   2 1  0 0  0 0  0 1
   198  -.2443767541131204       4   1 2  0 0  0 0  0 1
   199  -.1489445922442963       4   0 3  0 0  0 0  0 1
   200  0.5810740054514275E-03   4   2 0  1 0  0 0  0 1
   201  0.6548433138784711E-03   4   1 1  1 0  0 0  0 1
   202  0.7984184347053466E-05   4   0 2  1 0  0 0  0 1
   203  -5.408404592148724       4   1 0  2 0  0 0  0 1
   204  -1.181968731490179       4   0 1  2 0  0 0  0 1
   205  -.4154200307368755E-03   4   0 0  3 0  0 0  0 1
   206  0.2137237257112415E-03   4   2 0  0 1  0 0  0 1
   207  0.1975108154515537E-03   4   1 1  0 1  0 0  0 1
   208  -.3680935066196519E-06   4   0 2  0 1  0 0  0 1
   209  -4.251579409027455       4   1 0  1 1  0 0  0 1
   210  -.5330725187858609       4   0 1  1 1  0 0  0 1
   211  -.6205265960770319E-03   4   0 0  2 1  0 0  0 1
   212  -1.118983770354354       4   1 0  0 2  0 0  0 1
   213  -.2352556296153512       4   0 1  0 2  0 0  0 1
   214  -.2665143818582084E-03   4   0 0  1 2  0 0  0 1
   215  -.4283863413812231E-04   4   0 0  0 3  0 0  0 1
   216  -.1453564201268192E-04   4   2 0  0 0  0 2  0 0
   217  -.1640730266282994E-03   4   1 1  0 0  0 2  0 0
   218  0.1344551560039292E-03   4   0 2  0 0  0 2  0 0
   219  -.5982480074331754E-04   4   1 0  1 0  0 2  0 0
   220  0.3046482656879774E-04   4   0 1  1 0  0 2  0 0
   221  -.1092008624548385E-03   4   0 0  2 0  0 2  0 0
   222  -.6277827772393062E-04   4   1 0  0 1  0 2  0 0
   223  0.4485709259056091E-04   4   0 1  0 1  0 2  0 0
   224  -.5540536983862677E-04   4   0 0  1 1  0 2  0 0
   225  0.4002340714790804E-04   4   0 0  0 2  0 2  0 0
   226  0.4225704876871263E-04   4   2 0  0 0  0 1  1 0
   227  -.1970371013486388E-03   4   1 1  0 0  0 1  1 0
   228  0.1470731628741305E-03   4   0 2  0 0  0 1  1 0
   229  -.3710331679938429E-04   4   1 0  1 0  0 1  1 0
   230  0.2631654326264366E-04   4   0 1  1 0  0 1  1 0
   231  -.1203182973316658E-03   4   0 0  2 0  0 1  1 0
   232  -.6696333530151357E-04   4   1 0  0 1  0 1  1 0
   233  0.5410110507912544E-04   4   0 1  0 1  0 1  1 0
   234  -.4419139603245578E-04   4   0 0  1 1  0 1  1 0
   235  0.5086081804794890E-04   4   0 0  0 2  0 1  1 0
   236  -.1454451440303111E-04   4   2 0  0 0  0 0  2 0
   237  -.1637196432591150E-03   4   1 1  0 0  0 0  2 0
   238  0.1341752505260021E-03   4   0 2  0 0  0 0  2 0
   239  -.5971932539833825E-04   4   1 0  1 0  0 0  2 0
   240  0.3040612065911539E-04   4   0 1  1 0  0 0  2 0
   241  -.1089729457335169E-03   4   0 0  2 0  0 0  2 0
   242  -.6264873562600239E-04   4   1 0  0 1  0 0  2 0
   243  0.4476032267062564E-04   4   0 1  0 1  0 0  2 0
   244  -.5530107255397716E-04   4   0 0  1 1  0 0  2 0
   245  0.3993532248684862E-04   4   0 0  0 2  0 0  2 0
   246  -.1073789360653757E-03   4   2 0  0 0  0 1  0 1
   247  0.1099884943991710E-03   4   1 1  0 0  0 1  0 1
   248  0.3658490225489620E-04   4   0 2  0 0  0 1  0 1
   249  0.4445112083315986E-04   4   1 0  1 0  0 1  0 1
   250  -.1715839279740783E-04   4   0 1  1 0  0 1  0 1
   251  0.1025188173166809E-03   4   0 0  2 0  0 1  0 1
   252  0.1449597018127446E-04   4   1 0  0 1  0 1  0 1
   253  0.1610767512433781E-04   4   0 1  0 1  0 1  0 1
   254  0.3251014825217346E-04   4   0 0  1 1  0 1  0 1
   255  0.4553086911247846E-05   4   0 0  0 2  0 1  0 1
   256  -.1072344305538130E-03   4   2 0  0 0  0 0  1 1
   257  0.1098404770669867E-03   4   1 1  0 0  0 0  1 1
   258  0.3653566801762832E-04   4   0 2  0 0  0 0  1 1
   259  0.4439130060965147E-04   4   1 0  1 0  0 0  1 1
   260  -.1713530184102828E-04   4   0 1  1 0  0 0  1 1
   261  0.1023808523238805E-03   4   0 0  2 0  0 0  1 1
   262  0.1447646218777576E-04   4   1 0  0 1  0 0  1 1
   263  0.1608599817428391E-04   4   0 1  0 1  0 0  1 1
   264  0.3246639762680590E-04   4   0 0  1 1  0 0  1 1
   265  0.4546959581462241E-05   4   0 0  0 2  0 0  1 1
   266  0.1406978604531658E-03   4   2 0  0 0  0 0  0 2
   267  0.3357704358308971E-05   4   1 1  0 0  0 0  0 2
   268  -.9288743880761508E-05   4   0 2  0 0  0 0  0 2
   269  0.4134778825377964E-04   4   1 0  1 0  0 0  0 2
   270  -.1312897043173093E-04   4   0 1  1 0  0 0  0 2
   271  -.1735273477723192E-04   4   0 0  2 0  0 0  0 2
   272  0.2517473142285744E-04   4   1 0  0 1  0 0  0 2
   273  0.1132169829226913E-05   4   0 1  0 1  0 0  0 2
   274  0.1611736879215749E-04   4   0 0  1 1  0 0  0 2
   275  0.4755154234376011E-05   4   0 0  0 2  0 0  0 2
   276  0.1527405149950225       4   1 0  0 0  0 3  0 0
   277  -.9213241695391890E-01   4   0 1  0 0  0 3  0 0
   278  0.2543468533739301E-04   4   0 0  1 0  0 3  0 0
   279  0.1777112469673569E-04   4   0 0  0 1  0 3  0 0
   280  0.7743372861573851E-01   4   1 0  0 0  0 2  1 0
   281  -.9974360945698101E-02   4   0 1  0 0  0 2  1 0
   282  0.1545502603488728E-04   4   0 0  1 0  0 2  1 0
   283  0.1779353150258831E-04   4   0 0  0 1  0 2  1 0
   284  0.7758533017052768E-01   4   1 0  0 0  0 1  2 0
   285  -.1013995732066929E-01   4   0 1  0 0  0 1  2 0
   286  0.1547510217237311E-04   4   0 0  1 0  0 1  2 0
   287  0.1779343799495220E-04   4   0 0  0 1  0 1  2 0
   288  0.1523801554880353       4   1 0  0 0  0 0  3 0
   289  -.9193973338875791E-01   4   0 1  0 0  0 0  3 0
   290  0.2537295683922494E-04   4   0 0  1 0  0 0  3 0
   291  0.1772329466970224E-04   4   0 0  0 1  0 0  3 0
   292  -.1548168004831300       4   1 0  0 0  0 2  0 1
   293  -.1133434292263410       4   0 1  0 0  0 2  0 1
   294  -.3089412714752497E-04   4   0 0  1 0  0 2  0 1
   295  -.1784186285011898E-04   4   0 0  0 1  0 2  0 1
   296  -.8005573392102401E-01   4   1 0  0 0  0 1  1 1
   297  -.1094064356509144       4   0 1  0 0  0 1  1 1
   298  -.2099159562797812E-04   4   0 0  1 0  0 1  1 1
   299  -.1788586574809554E-04   4   0 0  0 1  0 1  1 1
   300  -.1545545877123956       4   1 0  0 0  0 0  2 1
   301  -.1131172799685029       4   0 1  0 0  0 0  2 1
   302  -.3083842653715139E-04   4   0 0  1 0  0 0  2 1
   303  -.1780581713435718E-04   4   0 0  0 1  0 0  2 1
   304  -.3493456401627487E-01   4   1 0  0 0  0 1  0 2
   305  -.7889619536752435E-02   4   0 1  0 0  0 1  0 2
   306  0.5573365953984577E-06   4   0 0  1 0  0 1  0 2
   307  0.8055193563262789E-07   4   0 0  0 1  0 1  0 2
   308  -.3488755072643060E-01   4   1 0  0 0  0 0  1 2
   309  -.7879002058604716E-02   4   0 1  0 0  0 0  1 2
   310  0.5565865580747845E-06   4   0 0  1 0  0 0  1 2
   311  0.8044353263394894E-07   4   0 0  0 1  0 0  1 2
   312  -.8904594608070080E-03   4   1 0  0 0  0 0  0 3
   313  -.9674813649397501E-04   4   0 1  0 0  0 0  0 3
   314  -.1252172404251390E-06   4   0 0  1 0  0 0  0 3
   315  -.1354091152104629E-07   4   0 0  0 1  0 0  0 3
   316  0.1630210372458270E-04   4   0 0  0 0  0 4  0 0
   317  0.7673061014150178E-05   4   0 0  0 0  0 3  1 0
   318  0.6529651272707858E-05   4   0 0  0 0  0 2  2 0
   319  0.7697758883042442E-05   4   0 0  0 0  0 1  3 0
   320  0.1625308818555665E-04   4   0 0  0 0  0 0  4 0
   321  0.5547589547539061E-06   4   0 0  0 0  0 3  0 1
   322  0.2082404855836498E-05   4   0 0  0 0  0 2  1 1
   323  0.2079319597989305E-05   4   0 0  0 0  0 1  2 1
   324  0.5522397872435980E-06   4   0 0  0 0  0 0  3 1
   325  -.3501663686738031E-06   4   0 0  0 0  0 2  0 2
   326  -.4069491834062171E-06   4   0 0  0 0  0 1  1 2
   327  -.3494213047615253E-06   4   0 0  0 0  0 0  2 2
   328  -.8753161088527811E-08   4   0 0  0 0  0 1  0 3
   329  -.8741381496857059E-08   4   0 0  0 0  0 0  1 3
   330  -.5482670646068127E-14   4   0 0  0 0  0 0  0 4
   ----------------------------------------------------
     I  COEFFICIENT            ORDER EXPONENTS
     1  0.6684994671618777E-04   0   0 0  0 0  0 0  0 0
     2  -1.272191320192386       1   1 0  0 0  0 0  0 0
     3  0.6790974543788436       1   0 1  0 0  0 0  0 0
     4  -.1836232997323328E-03   1   0 0  1 0  0 0  0 0
     5  -.4481883713767869E-04   1   0 0  0 1  0 0  0 0
     6  0.1720082436684232E-05   1   0 0  0 0  0 1  0 0
     7  0.1717767630805591E-05   1   0 0  0 0  0 0  1 0
     8  0.6341209664869798E-04   1   0 0  0 0  0 0  0 1
     9  0.9305335325731975E-04   2   2 0  0 0  0 0  0 0
    10  0.3434298271364716E-03   2   1 1  0 0  0 0  0 0
    11  0.4916092640839396E-04   2   0 2  0 0  0 0  0 0
    12  0.3575054393149754E-03   2   1 0  1 0  0 0  0 0
    13  0.2699321589906173E-03   2   0 1  1 0  0 0  0 0
    14  -.6348030982781229E-05   2   0 0  2 0  0 0  0 0
    15  0.2315154138060397E-03   2   1 0  0 1  0 0  0 0
    16  0.1090410737512277E-03   2   0 1  0 1  0 0  0 0
    17  -.2136017188864782E-03   2   0 0  1 1  0 0  0 0
    18  -.2415924120331776E-04   2   0 0  0 2  0 0  0 0
    19  -.5306708820296915E-01   2   1 0  0 0  0 1  0 0
    20  0.1523168553730931       2   0 1  0 0  0 1  0 0
    21  0.4083670459080950E-06   2   0 0  1 0  0 1  0 0
    22  0.2248383131205482E-04   2   0 0  0 1  0 1  0 0
    23  -.5299567301663099E-01   2   1 0  0 0  0 0  1 0
    24  0.1521118745275769       2   0 1  0 0  0 0  1 0
    25  0.4078174847833492E-06   2   0 0  1 0  0 0  1 0
    26  0.2245357363150132E-04   2   0 0  0 1  0 0  1 0
    27  -1.166128558972785       2   1 0  0 0  0 0  0 1
    28  -.3044287299006700       2   0 1  0 0  0 0  0 1
    29  -.1844394842630242E-03   2   0 0  1 0  0 0  0 1
    30  -.4493740494355623E-04   2   0 0  0 1  0 0  0 1
    31  -.1272426235502503E-05   2   0 0  0 0  0 2  0 0
    32  -.8259701040527831E-06   2   0 0  0 0  0 1  1 0
    33  -.1270158088373126E-05   2   0 0  0 0  0 0  2 0
    34  0.3370817764027465E-05   2   0 0  0 0  0 1  0 1
    35  0.3366281476341774E-05   2   0 0  0 0  0 0  1 1
    36  -.3368547556331073E-05   2   0 0  0 0  0 0  0 2
    37  -1.098942476685309       3   3 0  0 0  0 0  0 0
    38  -1.254900996730535       3   2 1  0 0  0 0  0 0
    39  0.2421500221274811       3   1 2  0 0  0 0  0 0
    40  -.4265020149699431E-01   3   0 3  0 0  0 0  0 0
    41  0.8324519767215137E-03   3   2 0  1 0  0 0  0 0
    42  0.4318312087885005E-03   3   1 1  1 0  0 0  0 0
    43  0.6019549073184836E-04   3   0 2  1 0  0 0  0 0
    44  -5.718077532985292       3   1 0  2 0  0 0  0 0
    45  -1.084663438519814       3   0 1  2 0  0 0  0 0
    46  -.2106703137102359E-03   3   0 0  3 0  0 0  0 0
    47  0.1796379315844164E-03   3   2 0  0 1  0 0  0 0
    48  0.2863233171469498E-03   3   1 1  0 1  0 0  0 0
    49  0.3774827317990587E-04   3   0 2  0 1  0 0  0 0
    50  -3.483182793080501       3   1 0  1 1  0 0  0 0
    51  -.9966889550639491       3   0 1  1 1  0 0  0 0
    52  -.1468111420595413E-03   3   0 0  2 1  0 0  0 0
    53  -1.018195689682541       3   1 0  0 2  0 0  0 0
    54  -.4616318623196348       3   0 1  0 2  0 0  0 0
    55  -.3970496391563757E-04   3   0 0  1 2  0 0  0 0
    56  -.2630435957021067E-04   3   0 0  0 3  0 0  0 0
    57  -.1716742917329820E-04   3   2 0  0 0  0 1  0 0
    58  -.1835627423329054E-03   3   1 1  0 0  0 1  0 0
    59  -.5402662757226535E-04   3   0 2  0 0  0 1  0 0
    60  -.1737556311055478E-03   3   1 0  1 0  0 1  0 0
    61  -.1871363881585008E-03   3   0 1  1 0  0 1  0 0
    62  -.1032364667705097E-04   3   0 0  2 0  0 1  0 0
    63  -.1418165654258164E-03   3   1 0  0 1  0 1  0 0
    64  -.1215540621241680E-03   3   0 1  0 1  0 1  0 0
    65  0.6802592270814414E-04   3   0 0  1 1  0 1  0 0
    66  0.1892473699425351E-04   3   0 0  0 2  0 1  0 0
    67  -.1714432605619015E-04   3   2 0  0 0  0 0  1 0
    68  -.1833157122452858E-03   3   1 1  0 0  0 0  1 0
    69  -.5395392108306520E-04   3   0 2  0 0  0 0  1 0
    70  -.1735217989660249E-03   3   1 0  1 0  0 0  1 0
    71  -.1868845488267499E-03   3   0 1  1 0  0 0  1 0
    72  -.1030975359989008E-04   3   0 0  2 0  0 0  1 0
    73  -.1416257153756497E-03   3   1 0  0 1  0 0  1 0
    74  -.1213904803960063E-03   3   0 1  0 1  0 0  1 0
    75  0.6793437662731341E-04   3   0 0  1 1  0 0  1 0
    76  0.1889926897509805E-04   3   0 0  0 2  0 0  1 0
    77  0.1273651084868071E-03   3   2 0  0 0  0 0  0 1
    78  0.3668784545781928E-03   3   1 1  0 0  0 0  0 1
    79  0.5881962224693609E-04   3   0 2  0 0  0 0  0 1
    80  0.7047828693865501E-03   3   1 0  1 0  0 0  0 1
    81  0.3740209369852515E-03   3   0 1  1 0  0 0  0 1
    82  0.1428536929416114E-04   3   0 0  2 0  0 0  0 1
    83  0.2834422808014668E-03   3   1 0  0 1  0 0  0 1
    84  0.1339034687689466E-03   3   0 1  0 1  0 0  0 1
    85  -.1359602993354562E-03   3   0 0  1 1  0 0  0 1
    86  -.1366476476603408E-04   3   0 0  0 2  0 0  0 1
    87  0.3905884795543761E-01   3   1 0  0 0  0 2  0 0
    88  -.1101710427814397       3   0 1  0 0  0 2  0 0
    89  -.3709707714608545E-06   3   0 0  1 0  0 2  0 0
    90  -.1685852057185971E-04   3   0 0  0 1  0 2  0 0
    91  0.2508820971480275E-01   3   1 0  0 0  0 1  1 0
    92  -.6813839844211847E-01   3   0 1  0 0  0 1  1 0
    93  -.3640379503015986E-06   3   0 0  1 0  0 1  1 0
    94  -.1127630608032870E-04   3   0 0  0 1  0 1  1 0
    95  0.3898940313350515E-01   3   1 0  0 0  0 0  2 0
    96  -.1099769310615601       3   0 1  0 0  0 0  2 0
    97  -.3702265839212384E-06   3   0 0  1 0  0 0  2 0
    98  -.1682824560883362E-04   3   0 0  0 1  0 0  2 0
    99  -.1032059043244297       3   1 0  0 0  0 1  0 1
   100  0.1361636543008139       3   0 1  0 0  0 1  0 1
   101  0.1158379662745891E-05   3   0 0  1 0  0 1  0 1
   102  0.2258486329792692E-04   3   0 0  0 1  0 1  0 1
   103  -.1030670146823159       3   1 0  0 0  0 0  1 1
   104  0.1359804116720265       3   0 1  0 0  0 0  1 1
   105  0.1156820769988382E-05   3   0 0  1 0  0 0  1 1
   106  0.2255446965328829E-04   3   0 0  0 1  0 0  1 1
   107  0.1031364503523721       3   1 0  0 0  0 0  0 2
   108  0.1614231978612615E-01   3   0 1  0 0  0 0  0 2
   109  -.1195324251419355E-05   3   0 0  1 0  0 0  0 2
   110  -.1321996959927061E-06   3   0 0  0 1  0 0  0 2
   111  0.1048836662172014E-05   3   0 0  0 0  0 3  0 0
   112  0.6019617853792151E-06   3   0 0  0 0  0 2  1 0
   113  0.6028610107817051E-06   3   0 0  0 0  0 1  2 0
   114  0.1046314950140408E-05   3   0 0  0 0  0 0  3 0
   115  -.2476052613353055E-05   3   0 0  0 0  0 2  0 1
   116  -.1583689623293372E-05   3   0 0  0 0  0 1  1 1
   117  -.2471654830906624E-05   3   0 0  0 0  0 0  2 1
   118  0.1582491454779472E-05   3   0 0  0 0  0 1  0 2
   119  0.1580361812359865E-05   3   0 0  0 0  0 0  1 2
   120  0.6856476306388168E-07   3   0 0  0 0  0 0  0 3
   121  -.3583754929136951E-03   4   4 0  0 0  0 0  0 0
   122  0.6533591270986836E-03   4   3 1  0 0  0 0  0 0
   123  0.6138140050533666E-03   4   2 2  0 0  0 0  0 0
   124  0.2277449500352138E-03   4   1 3  0 0  0 0  0 0
   125  0.4018115081991631E-04   4   0 4  0 0  0 0  0 0
   126  -.5171459814456159E-07   4   3 0  1 0  0 0  0 0
   127  0.4136961347155611E-03   4   2 1  1 0  0 0  0 0
   128  0.1649994214086990E-03   4   1 2  1 0  0 0  0 0
   129  0.1699198477748119E-04   4   0 3  1 0  0 0  0 0
   130  -.3272764982291507E-03   4   2 0  2 0  0 0  0 0
   131  0.2956440393632454E-02   4   1 1  2 0  0 0  0 0
   132  0.5402805282820906E-04   4   0 2  2 0  0 0  0 0
   133  -.2187379925702104E-06   4   1 0  3 0  0 0  0 0
   134  0.7186073599427053E-03   4   0 1  3 0  0 0  0 0
   135  0.6609262089118819E-03   4   0 0  4 0  0 0  0 0
   136  -.1836257158810100E-06   4   3 0  0 1  0 0  0 0
   137  0.3934152972423839E-04   4   2 1  0 1  0 0  0 0
   138  -.5991216669032213E-04   4   1 2  0 1  0 0  0 0
   139  -.1569750781871584E-04   4   0 3  0 1  0 0  0 0
   140  0.2505601941777561E-02   4   2 0  1 1  0 0  0 0
   141  0.3191351403080128E-02   4   1 1  1 1  0 0  0 0
   142  -.5520683802057033E-04   4   0 2  1 1  0 0  0 0
   143  0.1437181203311887E-02   4   1 0  2 1  0 0  0 0
   144  0.7790440874914347E-03   4   0 1  2 1  0 0  0 0
   145  0.9776181104431565E-03   4   0 0  3 1  0 0  0 0
   146  0.3376736574896096E-03   4   2 0  0 2  0 0  0 0
   147  0.1132111846570008E-02   4   1 1  0 2  0 0  0 0
   148  0.4110081378890358E-04   4   0 2  0 2  0 0  0 0
   149  0.4249414054219391E-03   4   1 0  1 2  0 0  0 0
   150  0.3685031160772548E-03   4   0 1  1 2  0 0  0 0
   151  0.4073346357432556E-03   4   0 0  2 2  0 0  0 0
   152  -.4805569467106659E-04   4   1 0  0 3  0 0  0 0
   153  0.1141829452941232E-04   4   0 1  0 3  0 0  0 0
   154  -.1522270052079249E-04   4   0 0  1 3  0 0  0 0
   155  -.7017646905520620E-04   4   0 0  0 4  0 0  0 0
   156  0.2879532495309321       4   3 0  0 0  0 1  0 0
   157   1.047308321120387       4   2 1  0 0  0 1  0 0
   158  -.7292687173229895E-01   4   1 2  0 0  0 1  0 0
   159  0.8081317188317706E-01   4   0 3  0 0  0 1  0 0
   160  -.4753745893473397E-03   4   2 0  1 0  0 1  0 0
   161  -.4750045078114002E-03   4   1 1  1 0  0 1  0 0
   162  -.9735917802388491E-04   4   0 2  1 0  0 1  0 0
   163   3.107476518446314       4   1 0  2 0  0 1  0 0
   164   1.238761397913455       4   0 1  2 0  0 1  0 0
   165  0.8984265353858754E-04   4   0 0  3 0  0 1  0 0
   166  -.1829570408733233E-03   4   2 0  0 1  0 1  0 0
   167  -.3435986919578418E-03   4   1 1  0 1  0 1  0 0
   168  -.6536913865450867E-04   4   0 2  0 1  0 1  0 0
   169   3.472329041780974       4   1 0  1 1  0 1  0 0
   170   1.542585909435268       4   0 1  1 1  0 1  0 0
   171  0.1327174421713650E-03   4   0 0  2 1  0 1  0 0
   172   1.170509886687463       4   1 0  0 2  0 1  0 0
   173  0.7576214971968024       4   0 1  0 2  0 1  0 0
   174  0.5617315162195189E-04   4   0 0  1 2  0 1  0 0
   175  0.4118745043934946E-04   4   0 0  0 3  0 1  0 0
   176  0.2875657356184805       4   3 0  0 0  0 0  1 0
   177   1.045898902939757       4   2 1  0 0  0 0  1 0
   178  -.7282873018524683E-01   4   1 2  0 0  0 0  1 0
   179  0.8070441732504934E-01   4   0 3  0 0  0 0  1 0
   180  -.4747348526286240E-03   4   2 0  1 0  0 0  1 0
   181  -.4743652691309744E-03   4   1 1  1 0  0 0  1 0
   182  -.9722815663047966E-04   4   0 2  1 0  0 0  1 0
   183   3.103294622998079       4   1 0  2 0  0 0  1 0
   184   1.237094331204946       4   0 1  2 0  0 0  1 0
   185  0.8972174752959055E-04   4   0 0  3 0  0 0  1 0
   186  -.1827108259101822E-03   4   2 0  0 1  0 0  1 0
   187  -.3431362930314504E-03   4   1 1  0 1  0 0  1 0
   188  -.6528116794844867E-04   4   0 2  0 1  0 0  1 0
   189   3.467656145001742       4   1 0  1 1  0 0  1 0
   190   1.540509970017909       4   0 1  1 1  0 0  1 0
   191  0.1325388372924414E-03   4   0 0  2 1  0 0  1 0
   192   1.168934669646179       4   1 0  0 2  0 0  1 0
   193  0.7566019258913413       4   0 1  0 2  0 0  1 0
   194  0.5609755644184491E-04   4   0 0  1 2  0 0  1 0
   195  0.4113202230964518E-04   4   0 0  0 3  0 0  1 0
   196  -1.674461461834722       4   3 0  0 0  0 0  0 1
   197  -2.093207224060140       4   2 1  0 0  0 0  0 1
   198  -.9639442020993944E-01   4   1 2  0 0  0 0  0 1
   199  -.7621718621423697E-01   4   0 3  0 0  0 0  0 1
   200  0.1782561418697477E-02   4   2 0  1 0  0 0  0 1
   201  0.9493697769423781E-03   4   1 1  1 0  0 0  0 1
   202  0.1343918439225161E-03   4   0 2  1 0  0 0  0 1
   203  -11.92884867442967       4   1 0  2 0  0 0  0 1
   204  -2.475855729118408       4   0 1  2 0  0 0  0 1
   205  -.3902347147784133E-03   4   0 0  3 0  0 0  0 1
   206  0.3656678667835073E-03   4   2 0  0 1  0 0  0 1
   207  0.4004116678423426E-03   4   1 1  0 1  0 0  0 1
   208  0.5515376024314609E-04   4   0 2  0 1  0 0  0 1
   209  -6.939985186782731       4   1 0  1 1  0 0  0 1
   210  -2.086406924389236       4   0 1  1 1  0 0  0 1
   211  -.2652562794638044E-03   4   0 0  2 1  0 0  0 1
   212  -1.321248866651106       4   1 0  0 2  0 0  0 1
   213  -.5909596984488745       4   0 1  0 2  0 0  0 1
   214  -.7256574414815721E-04   4   0 0  1 2  0 0  0 1
   215  -.2971075360857311E-04   4   0 0  0 3  0 0  0 1
   216  -.1542493574105264E-03   4   2 0  0 0  0 2  0 0
   217  0.1996202622351393E-03   4   1 1  0 0  0 2  0 0
   218  0.4269485864352555E-04   4   0 2  0 0  0 2  0 0
   219  -.1840569140226081E-03   4   1 0  1 0  0 2  0 0
   220  -.7894989820479069E-05   4   0 1  1 0  0 2  0 0
   221  -.1942638175693007E-03   4   0 0  2 0  0 2  0 0
   222  -.1142071380437546E-03   4   1 0  0 1  0 2  0 0
   223  -.3758512431018064E-04   4   0 1  0 1  0 2  0 0
   224  -.3455792537675441E-03   4   0 0  1 1  0 2  0 0
   225  -.1634059214467725E-03   4   0 0  0 2  0 2  0 0
   226  -.1407996350438345E-03   4   2 0  0 0  0 1  1 0
   227  0.1359525557010095E-03   4   1 1  0 0  0 1  1 0
   228  0.3365180414088576E-04   4   0 2  0 0  0 1  1 0
   229  -.2177629345188920E-03   4   1 0  1 0  0 1  1 0
   230  -.5646634603793951E-04   4   0 1  1 0  0 1  1 0
   231  -.1978454941982420E-03   4   0 0  2 0  0 1  1 0
   232  -.1383968833755906E-03   4   1 0  0 1  0 1  1 0
   233  -.6168985831649058E-04   4   0 1  0 1  0 1  1 0
   234  -.3583778675127821E-03   4   0 0  1 1  0 1  1 0
   235  -.1887291614888788E-03   4   0 0  0 2  0 1  1 0
   236  -.1539470351382515E-03   4   2 0  0 0  0 0  2 0
   237  0.1992601434228803E-03   4   1 1  0 0  0 0  2 0
   238  0.4261475840887300E-04   4   0 2  0 0  0 0  2 0
   239  -.1836626913547860E-03   4   1 0  1 0  0 0  2 0
   240  -.7846370241591260E-05   4   0 1  1 0  0 0  2 0
   241  -.1938692609079738E-03   4   0 0  2 0  0 0  2 0
   242  -.1139603194581576E-03   4   1 0  0 1  0 0  2 0
   243  -.3749303436921976E-04   4   0 1  0 1  0 0  2 0
   244  -.3448730454722420E-03   4   0 0  1 1  0 0  2 0
   245  -.1630590260532267E-03   4   0 0  0 2  0 0  2 0
   246  0.2816703803674746E-03   4   2 0  0 0  0 1  0 1
   247  -.1209164287163545E-03   4   1 1  0 0  0 1  0 1
   248  -.2927439259812457E-04   4   0 2  0 0  0 1  0 1
   249  0.2929254729138496E-03   4   1 0  1 0  0 1  0 1
   250  0.7343557966243143E-05   4   0 1  1 0  0 1  0 1
   251  0.4475271983711050E-03   4   0 0  2 0  0 1  0 1
   252  0.9067710767968505E-04   4   1 0  0 1  0 1  0 1
   253  0.1754540070510130E-04   4   0 1  0 1  0 1  0 1
   254  0.5489942069418839E-03   4   0 0  1 1  0 1  0 1
   255  0.1657975434934987E-03   4   0 0  0 2  0 1  0 1
   256  0.2812913216442411E-03   4   2 0  0 0  0 0  1 1
   257  -.1207537050851818E-03   4   1 1  0 0  0 0  1 1
   258  -.2923499650022032E-04   4   0 2  0 0  0 0  1 1
   259  0.2925312676175016E-03   4   1 0  1 0  0 0  1 1
   260  0.7333675352021993E-05   4   0 1  1 0  0 0  1 1
   261  0.4469249373587635E-03   4   0 0  2 0  0 0  1 1
   262  0.9055507870163347E-04   4   1 0  0 1  0 0  1 1
   263  0.1752178893171852E-04   4   0 1  0 1  0 0  1 1
   264  0.5482553964113823E-03   4   0 0  1 1  0 0  1 1
   265  0.1655744209732327E-03   4   0 0  0 2  0 0  1 1
   266  -.1139656764929829E-03   4   2 0  0 0  0 0  0 2
   267  -.1054345128611863E-03   4   1 1  0 0  0 0  0 2
   268  -.1329488348896521E-04   4   0 2  0 0  0 0  0 2
   269  0.2579943016634947E-07   4   1 0  1 0  0 0  0 2
   270  -.1295514511817230E-04   4   0 1  1 0  0 0  0 2
   271  -.3084735599188486E-03   4   0 0  2 0  0 0  0 2
   272  0.5609165650696388E-08   4   1 0  0 1  0 0  0 2
   273  -.1237363611434096E-05   4   0 1  0 1  0 0  0 2
   274  -.1649391362744707E-03   4   0 0  1 1  0 0  0 2
   275  -.1892055968402506E-04   4   0 0  0 2  0 0  0 2
   276  -.3206451669892610E-01   4   1 0  0 0  0 3  0 0
   277  0.8915334701217464E-01   4   0 1  0 0  0 3  0 0
   278  0.3977131229326841E-06   4   0 0  1 0  0 3  0 0
   279  0.1409496711823698E-04   4   0 0  0 1  0 3  0 0
   280  -.1808529173280430E-01   4   1 0  0 0  0 2  1 0
   281  0.4714623519403482E-01   4   0 1  0 0  0 2  1 0
   282  0.4249333215493864E-06   4   0 0  1 0  0 2  1 0
   283  0.8547915079912784E-05   4   0 0  0 1  0 2  1 0
   284  -.1811342350031388E-01   4   1 0  0 0  0 1  2 0
   285  0.4723078978921284E-01   4   0 1  0 0  0 1  2 0
   286  0.4248772936406909E-06   4   0 0  1 0  0 1  2 0
   287  0.8559074231675278E-05   4   0 0  0 1  0 1  2 0
   288  -.3198763757491189E-01   4   1 0  0 0  0 0  3 0
   289  0.8894169866309609E-01   4   0 1  0 0  0 0  3 0
   290  0.3966247452204194E-06   4   0 0  1 0  0 0  3 0
   291  0.1406077067142242E-04   4   0 0  0 1  0 0  3 0
   292  0.7521999108844270E-01   4   1 0  0 0  0 2  0 1
   293  -.9426416336575699E-01   4   0 1  0 0  0 2  0 1
   294  -.1198292784669517E-05   4   0 0  1 0  0 2  0 1
   295  -.1704814688357762E-04   4   0 0  0 1  0 2  0 1
   296  0.4730921518752618E-01   4   1 0  0 0  0 1  1 1
   297  -.5247719855189779E-01   4   0 1  0 0  0 1  1 1
   298  -.1238096381709267E-05   4   0 0  1 0  0 1  1 1
   299  -.1152629167046988E-04   4   0 0  0 1  0 1  1 1
   300  0.7508693031333477E-01   4   1 0  0 0  0 0  2 1
   301  -.9410199642689243E-01   4   0 1  0 0  0 0  2 1
   302  -.1195847092832875E-05   4   0 0  1 0  0 0  2 1
   303  -.1701744852089565E-04   4   0 0  0 1  0 0  2 1
   304  -.4727165159207802E-01   4   1 0  0 0  0 1  0 2
   305  -.1566090338227843E-01   4   0 1  0 0  0 1  0 2
   306  0.1204025585535918E-05   4   0 0  1 0  0 1  0 2
   307  0.2000911719495634E-06   4   0 0  0 1  0 1  0 2
   308  -.4720803563120100E-01   4   1 0  0 0  0 0  1 2
   309  -.1563982767657936E-01   4   0 1  0 0  0 0  1 2
   310  0.1202405264646751E-05   4   0 0  1 0  0 0  1 2
   311  0.1998218986803443E-06   4   0 0  0 1  0 0  1 2
   312  -.2885587709697240E-02   4   1 0  0 0  0 0  0 3
   313  -.3279695044645521E-03   4   0 1  0 0  0 0  0 3
   314  -.4037021992259205E-06   4   0 0  1 0  0 0  0 3
   315  -.4517122592485443E-07   4   0 0  0 1  0 0  0 3
   316  -.1073204006603112E-04   4   0 0  0 0  0 4  0 0
   317  -.5575375746659989E-05   4   0 0  0 0  0 3  1 0
   318  -.4891159625873557E-05   4   0 0  0 0  0 2  2 0
   319  -.5590131802917085E-05   4   0 0  0 0  0 1  3 0
   320  -.1069942017568633E-04   4   0 0  0 0  0 0  4 0
   321  0.1155645788342897E-04   4   0 0  0 0  0 3  0 1
   322  0.5900552153761827E-05   4   0 0  0 0  0 2  1 1
   323  0.5911937936829635E-05   4   0 0  0 0  0 1  2 1
   324  0.1152916469353531E-04   4   0 0  0 0  0 0  3 1
   325  0.8086713723669752E-06   4   0 0  0 0  0 2  0 2
   326  0.9635548539964758E-06   4   0 0  0 0  0 1  1 2
   327  0.8069347471895340E-06   4   0 0  0 0  0 0  2 2
   328  0.5429600058212038E-08   4   0 0  0 0  0 1  0 3
   329  0.5422293158341883E-08   4   0 0  0 0  0 0  1 3
   330  -.2459915131176840E-14   4   0 0  0 0  0 0  0 4
   ----------------------------------------------------
     I  COEFFICIENT            ORDER EXPONENTS
     1  -.5040624026831751E-04   0   0 0  0 0  0 0  0 0
     2  -.8065891023663005E-04   1   1 0  0 0  0 0  0 0
     3  -.1774962293650210E-04   1   0 1  0 0  0 0  0 0
     4   1.646889762755822       1   0 0  1 0  0 0  0 0
     5  0.8232498888080100       1   0 0  0 1  0 0  0 0
     6  0.6714524901329751E-05   1   0 0  0 0  0 1  0 0
     7  0.6705488810162148E-05   1   0 0  0 0  0 0  1 0
     8  -.1342001371162156E-04   1   0 0  0 0  0 0  0 1
     9  -.1134748280117755E-03   2   2 0  0 0  0 0  0 0
    10  0.5283888584507494E-04   2   1 1  0 0  0 0  0 0
    11  0.2658623686100252E-05   2   0 2  0 0  0 0  0 0
    12  0.4747645274712825E-03   2   1 0  1 0  0 0  0 0
    13  0.1489936407245469E-04   2   0 1  1 0  0 0  0 0
    14  0.5730950109395067E-04   2   0 0  2 0  0 0  0 0
    15  -.1146446732099159E-03   2   1 0  0 1  0 0  0 0
    16  -.1446576991214489E-04   2   0 1  0 1  0 0  0 0
    17  -.1404360970427293E-03   2   0 0  1 1  0 0  0 0
    18  -.4798276226342197E-04   2   0 0  0 2  0 0  0 0
    19  0.4046794214566769E-04   2   1 0  0 0  0 1  0 0
    20  0.1776653361804475E-04   2   0 1  0 0  0 1  0 0
    21  -.3441249469455383       2   0 0  1 0  0 1  0 0
    22  -.4845352285997819       2   0 0  0 1  0 1  0 0
    23  0.4041348229631609E-04   2   1 0  0 0  0 0  1 0
    24  0.1774262425440931E-04   2   0 1  0 0  0 0  1 0
    25  -.3436618398099857       2   0 0  1 0  0 0  1 0
    26  -.4838831639244866       2   0 0  0 1  0 0  1 0
    27  -.8088142444198380E-04   2   1 0  0 0  0 0  0 1
    28  -.1775953493614704E-04   2   0 1  0 0  0 0  0 1
    29  0.6877867867555242       2   0 0  1 0  0 0  0 1
    30  0.1451685037162598       2   0 0  0 1  0 0  0 1
    31  -.5148712599568720E-05   2   0 0  0 0  0 2  0 0
    32  -.3587105056249666E-05   2   0 0  0 0  0 1  1 0
    33  -.5139370026391662E-05   2   0 0  0 0  0 0  2 0
    34  0.7170015227800175E-05   2   0 0  0 0  0 1  0 1
    35  0.7160366159217730E-05   2   0 0  0 0  0 0  1 1
    36  -.4551845971275109E-06   2   0 0  0 0  0 0  0 2
    37  0.4214208124640314E-04   3   3 0  0 0  0 0  0 0
    38  0.4295368264680396E-04   3   2 1  0 0  0 0  0 0
    39  -.2759130706999733E-04   3   1 2  0 0  0 0  0 0
    40  -.1756814682842045E-04   3   0 3  0 0  0 0  0 0
    41  -1.172861596964843       3   2 0  1 0  0 0  0 0
    42  -1.639087451910070       3   1 1  1 0  0 0  0 0
    43  0.3807093644939128       3   0 2  1 0  0 0  0 0
    44  -.3458795737758580E-03   3   1 0  2 0  0 0  0 0
    45  -.3002809415165764E-03   3   0 1  2 0  0 0  0 0
    46  0.1575380267393854       3   0 0  3 0  0 0  0 0
    47  0.8374118220109397       3   2 0  0 1  0 0  0 0
    48  -.5118382020957294       3   1 1  0 1  0 0  0 0
    49  0.4117250302261127       3   0 2  0 1  0 0  0 0
    50  -.4024851135359489E-03   3   1 0  1 1  0 0  0 0
    51  -.1997613354603345E-03   3   0 1  1 1  0 0  0 0
    52   2.034921584066222       3   0 0  2 1  0 0  0 0
    53  -.1956567183908206E-03   3   1 0  0 2  0 0  0 0
    54  -.6668449171768446E-04   3   0 1  0 2  0 0  0 0
    55   1.580710954464390       3   0 0  1 2  0 0  0 0
    56  0.6657722364101819       3   0 0  0 3  0 0  0 0
    57  0.7671615621286391E-04   3   2 0  0 0  0 1  0 0
    58  -.5937959516211629E-04   3   1 1  0 0  0 1  0 0
    59  -.5956483465367406E-05   3   0 2  0 0  0 1  0 0
    60  -.3091452953562663E-03   3   1 0  1 0  0 1  0 0
    61  -.4684715986631467E-04   3   0 1  1 0  0 1  0 0
    62  0.5598294384571166E-05   3   0 0  2 0  0 1  0 0
    63  0.1149179085955793E-03   3   1 0  0 1  0 1  0 0
    64  0.1627423939912848E-04   3   0 1  0 1  0 1  0 0
    65  0.1890890014856994E-03   3   0 0  1 1  0 1  0 0
    66  0.8096194302253314E-04   3   0 0  0 2  0 1  0 0
    67  0.7661291522534000E-04   3   2 0  0 0  0 0  1 0
    68  -.5929968490141049E-04   3   1 1  0 0  0 0  1 0
    69  -.5948467510639224E-05   3   0 2  0 0  0 0  1 0
    70  -.3087292621872893E-03   3   1 0  1 0  0 0  1 0
    71  -.4678411516639626E-04   3   0 1  1 0  0 0  1 0
    72  0.5590760463817886E-05   3   0 0  2 0  0 0  1 0
    73  0.1147632574900848E-03   3   1 0  0 1  0 0  1 0
    74  0.1625233829472301E-04   3   0 1  0 1  0 0  1 0
    75  0.1888345344189462E-03   3   0 0  1 1  0 0  1 0
    76  0.8085298825521646E-04   3   0 0  0 2  0 0  1 0
    77  -.1533290714382042E-03   3   2 0  0 0  0 0  0 1
    78  0.6584039421845173E-04   3   1 1  0 0  0 0  0 1
    79  0.6587703603806423E-05   3   0 2  0 0  0 0  0 1
    80  0.6178745575435567E-03   3   1 0  1 0  0 0  0 1
    81  0.7873191096025532E-04   3   0 1  1 0  0 0  0 1
    82  -.1118905484838410E-04   3   0 0  2 0  0 0  0 1
    83  -.1150364928757483E-03   3   1 0  0 1  0 0  0 1
    84  -.3595037869560764E-05   3   0 1  0 1  0 0  0 1
    85  -.2374874388619093E-03   3   0 0  1 1  0 0  0 1
    86  -.6584940675090470E-04   3   0 0  0 2  0 0  0 1
    87  -.3043005424589678E-04   3   1 0  0 0  0 2  0 0
    88  -.1780051533275197E-04   3   0 1  0 0  0 2  0 0
    89  0.2685175082616062       3   0 0  1 0  0 2  0 0
    90  0.4011522264677885       3   0 0  0 1  0 2  0 0
    91  -.2042420192131264E-04   3   1 0  0 0  0 1  1 0
    92  -.1781657558340781E-04   3   0 1  0 0  0 1  1 0
    93  0.1931129695580017       3   0 0  1 0  0 1  1 0
    94  0.3179928049532814       3   0 0  0 1  0 1  1 0
    95  -.3037535994881816E-04   3   1 0  0 0  0 0  2 0
    96  -.1776457188423701E-04   3   0 1  0 0  0 0  2 0
    97  0.2680262088871124       3   0 0  1 0  0 0  2 0
    98  0.4003984048418457       3   0 0  0 1  0 0  2 0
    99  0.4082779956432950E-04   3   1 0  0 0  0 1  0 1
   100  0.1781570068222127E-04   3   0 1  0 0  0 1  0 1
   101  -.3860231217502251       3   0 0  1 0  0 1  0 1
   102  -.1512269272520314       3   0 0  0 1  0 1  0 1
   103  0.4077285543582349E-04   3   1 0  0 0  0 0  1 1
   104  0.1779172515186805E-04   3   0 1  0 0  0 0  1 1
   105  -.3855036300256149       3   0 0  1 0  0 0  1 1
   106  -.1510234131804140       3   0 0  0 1  0 0  1 1
   107  -.3673833871869916E-06   3   1 0  0 0  0 0  0 2
   108  -.3926969370026785E-07   3   0 1  0 0  0 0  0 2
   109  0.4187000891062785E-01   3   0 0  1 0  0 0  0 2
   110  0.5956677999116474E-02   3   0 0  0 1  0 0  0 2
   111  0.4367117446343056E-05   3   0 0  0 0  0 3  0 0
   112  0.2804977440794227E-05   3   0 0  0 0  0 2  1 0
   113  0.2808118958857579E-05   3   0 0  0 0  0 1  2 0
   114  0.4356416997226954E-05   3   0 0  0 0  0 0  3 0
   115  -.5608890267354782E-05   3   0 0  0 0  0 2  0 1
   116  -.4051954098520028E-05   3   0 0  0 0  0 1  1 1
   117  -.5598615622776662E-05   3   0 0  0 0  0 0  2 1
   118  0.4648509991958509E-06   3   0 0  0 0  0 1  0 2
   119  0.4642254246288188E-06   3   0 0  0 0  0 0  1 2
   120  -.6235743189897149E-08   3   0 0  0 0  0 0  0 3
   121  -.1035610558669743E-03   4   4 0  0 0  0 0  0 0
   122  0.6868738051481466E-04   4   3 1  0 0  0 0  0 0
   123  0.1416495169182950E-04   4   2 2  0 0  0 0  0 0
   124  -.2507108990444636E-05   4   1 3  0 0  0 0  0 0
   125  0.2619825067548618E-04   4   0 4  0 0  0 0  0 0
   126  -.4065258858254739E-03   4   3 0  1 0  0 0  0 0
   127  -.7032986084748024E-03   4   2 1  1 0  0 0  0 0
   128  -.9263362379714667E-04   4   1 2  1 0  0 0  0 0
   129  0.2163582782340042E-03   4   0 3  1 0  0 0  0 0
   130  -.7918631167209664E-03   4   2 0  2 0  0 0  0 0
   131  0.3032242680819137E-03   4   1 1  2 0  0 0  0 0
   132  0.4318376198212215E-03   4   0 2  2 0  0 0  0 0
   133  0.2158658126556825E-03   4   1 0  3 0  0 0  0 0
   134  -.4345712889190446E-03   4   0 1  3 0  0 0  0 0
   135  0.1804028698784193E-03   4   0 0  4 0  0 0  0 0
   136  0.2631557168634415E-03   4   3 0  0 1  0 0  0 0
   137  -.3033054318653105E-03   4   2 1  0 1  0 0  0 0
   138  -.3623401096845995E-03   4   1 2  0 1  0 0  0 0
   139  0.1066412728528496E-03   4   0 3  0 1  0 0  0 0
   140  -.2361131417621382E-03   4   2 0  1 1  0 0  0 0
   141  0.4563513634035724E-03   4   1 1  1 1  0 0  0 0
   142  0.1962444757748141E-03   4   0 2  1 1  0 0  0 0
   143  0.1084964472198579E-02   4   1 0  2 1  0 0  0 0
   144  -.4020602640994122E-03   4   0 1  2 1  0 0  0 0
   145  0.8489633320860480E-03   4   0 0  3 1  0 0  0 0
   146  -.8247529292050779E-04   4   2 0  0 2  0 0  0 0
   147  0.2327488324230762E-03   4   1 1  0 2  0 0  0 0
   148  0.1423760788146009E-03   4   0 2  0 2  0 0  0 0
   149  -.5719440082262945E-04   4   1 0  1 2  0 0  0 0
   150  0.7954436615616395E-06   4   0 1  1 2  0 0  0 0
   151  0.4364737054260180E-03   4   0 0  2 2  0 0  0 0
   152  -.3532761329987342E-03   4   1 0  0 3  0 0  0 0
   153  0.8487239237915765E-04   4   0 1  0 3  0 0  0 0
   154  0.4823523411956422E-04   4   0 0  1 3  0 0  0 0
   155  0.5594409559825241E-04   4   0 0  0 4  0 0  0 0
   156  -.1586967887537237E-04   4   3 0  0 0  0 1  0 0
   157  -.8926775014170086E-04   4   2 1  0 0  0 1  0 0
   158  0.1822436885489099E-04   4   1 2  0 0  0 1  0 0
   159  0.3229422256908996E-04   4   0 3  0 0  0 1  0 0
   160  0.8732442348616397       4   2 0  1 0  0 1  0 0
   161   2.357068796320505       4   1 1  1 0  0 1  0 0
   162  -.4654080677453963       4   0 2  1 0  0 1  0 0
   163  0.3802313493816944E-03   4   1 0  2 0  0 1  0 0
   164  0.4215893961003802E-03   4   0 1  2 0  0 1  0 0
   165  -.4268191990157876       4   0 0  3 0  0 1  0 0
   166  -.9806927946646397       4   2 0  0 1  0 1  0 0
   167  0.8600469565736767       4   1 1  0 1  0 1  0 0
   168  -.6328044550166673       4   0 2  0 1  0 1  0 0
   169  0.6301189120611875E-03   4   1 0  1 1  0 1  0 0
   170  0.3865602836759693E-03   4   0 1  1 1  0 1  0 0
   171  -2.979705532364418       4   0 0  2 1  0 1  0 0
   172  0.3344826275188510E-03   4   1 0  0 2  0 1  0 0
   173  0.1468485880622158E-03   4   0 1  0 2  0 1  0 0
   174  -2.765684248347759       4   0 0  1 2  0 1  0 0
   175  -1.204878183902069       4   0 0  0 3  0 1  0 0
   176  -.1584832220945389E-04   4   3 0  0 0  0 0  1 0
   177  -.8914761781060354E-04   4   2 1  0 0  0 0  1 0
   178  0.1819984335817092E-04   4   1 2  0 0  0 0  1 0
   179  0.3225076252633038E-04   4   0 3  0 0  0 0  1 0
   180  0.8720690639249374       4   2 0  1 0  0 0  1 0
   181   2.353896764219223       4   1 1  1 0  0 0  1 0
   182  -.4647817435017480       4   0 2  1 0  0 0  1 0
   183  0.3797196519513734E-03   4   1 0  2 0  0 0  1 0
   184  0.4210220409599233E-03   4   0 1  2 0  0 0  1 0
   185  -.4262448058530160       4   0 0  3 0  0 0  1 0
   186  -.9793730245200314       4   2 0  0 1  0 0  1 0
   187  0.8588895459121291       4   1 1  0 1  0 0  1 0
   188  -.6319528566041452       4   0 2  0 1  0 0  1 0
   189  0.6292709277258004E-03   4   1 0  1 1  0 0  1 0
   190  0.3860400690641474E-03   4   0 1  1 1  0 0  1 0
   191  -2.975695585087543       4   0 0  2 1  0 0  1 0
   192  0.3340324965623533E-03   4   1 0  0 2  0 0  1 0
   193  0.1466509661531352E-03   4   0 1  0 2  0 0  1 0
   194  -2.761962320828471       4   0 0  1 2  0 0  1 0
   195  -1.203256715626111       4   0 0  0 3  0 0  1 0
   196  0.3171800108482597E-04   4   3 0  0 0  0 0  0 1
   197  0.1354616853055007E-03   4   2 1  0 0  0 0  0 1
   198  0.1875840192693242E-04   4   1 2  0 0  0 0  0 1
   199  -.1184054461015884E-04   4   0 3  0 0  0 0  0 1
   200  -1.745313298786574       4   2 0  1 0  0 0  0 1
   201  -3.071878108629665       4   1 1  1 0  0 0  0 1
   202  0.1687710822593210       4   0 2  1 0  0 0  0 1
   203  -.7599510013330661E-03   4   1 0  2 0  0 0  0 1
   204  -.5423304955437249E-03   4   0 1  2 0  0 0  0 1
   205  0.8530640048687975       4   0 0  3 0  0 0  0 1
   206   1.122653997173734       4   2 0  0 1  0 0  0 1
   207  -.6952600982943460       4   1 1  0 1  0 0  0 1
   208  0.2958222094247312E-01   4   0 2  0 1  0 0  0 1
   209  -.8569047262510340E-03   4   1 0  1 1  0 0  0 1
   210  -.3730776818194434E-03   4   0 1  1 1  0 0  0 1
   211   3.920479533385699       4   0 0  2 1  0 0  0 1
   212  -.2772016872995613E-03   4   1 0  0 2  0 0  0 1
   213  -.9344607906229726E-04   4   0 1  0 2  0 0  0 1
   214   2.366224660247422       4   0 0  1 2  0 0  0 1
   215  0.4108181902976337       4   0 0  0 3  0 0  0 1
   216  0.1816008357388264E-04   4   2 0  0 0  0 2  0 0
   217  0.2805178964995825E-04   4   1 1  0 0  0 2  0 0
   218  0.6344541463823393E-04   4   0 2  0 0  0 2  0 0
   219  -.1344473353413237E-04   4   1 0  1 0  0 2  0 0
   220  0.2473562403878084E-03   4   0 1  1 0  0 2  0 0
   221  0.1375867976300790E-03   4   0 0  2 0  0 2  0 0
   222  -.1902737599138106E-03   4   1 0  0 1  0 2  0 0
   223  0.1735351713818622E-03   4   0 1  0 1  0 2  0 0
   224  0.5914571533468269E-05   4   0 0  1 1  0 2  0 0
   225  0.7547635543129328E-04   4   0 0  0 2  0 2  0 0
   226  0.2888124934901317E-04   4   2 0  0 0  0 1  1 0
   227  0.2144818224621687E-04   4   1 1  0 0  0 1  1 0
   228  0.7792863541998975E-04   4   0 2  0 0  0 1  1 0
   229  -.7755683309213202E-04   4   1 0  1 0  0 1  1 0
   230  0.2949640892819180E-03   4   0 1  1 0  0 1  1 0
   231  0.1429738561810687E-03   4   0 0  2 0  0 1  1 0
   232  -.2105437954638969E-03   4   1 0  0 1  0 1  1 0
   233  0.2126940470048348E-03   4   0 1  0 1  0 1  1 0
   234  0.3307546762895859E-04   4   0 0  1 1  0 1  1 0
   235  0.9378455899633207E-04   4   0 0  0 2  0 1  1 0
   236  0.1811621107713221E-04   4   2 0  0 0  0 0  2 0
   237  0.2799960689706624E-04   4   1 1  0 0  0 0  2 0
   238  0.6330759644684087E-04   4   0 2  0 0  0 0  2 0
   239  -.1337445407997385E-04   4   1 0  1 0  0 0  2 0
   240  0.2468248856319152E-03   4   0 1  1 0  0 0  2 0
   241  0.1373054360632712E-03   4   0 0  2 0  0 0  2 0
   242  -.1898760284963600E-03   4   1 0  0 1  0 0  2 0
   243  0.1731585191143910E-03   4   0 1  0 1  0 0  2 0
   244  0.5884356279009875E-05   4   0 0  1 1  0 0  2 0
   245  0.7531167748941237E-04   4   0 0  0 2  0 0  2 0
   246  0.3081767486385465E-04   4   2 0  0 0  0 1  0 1
   247  -.1409135733972780E-04   4   1 1  0 0  0 1  0 1
   248  -.2122483776148015E-04   4   0 2  0 0  0 1  0 1
   249  0.1012107984032270E-03   4   1 0  1 0  0 1  0 1
   250  -.2252313930910882E-03   4   0 1  1 0  0 1  0 1
   251  -.7329531230712718E-04   4   0 0  2 0  0 1  0 1
   252  0.2528777534295143E-03   4   1 0  0 1  0 1  0 1
   253  -.3449149636982152E-04   4   0 1  0 1  0 1  0 1
   254  0.1531823262790707E-03   4   0 0  1 1  0 1  0 1
   255  0.6123547188848188E-04   4   0 0  0 2  0 1  0 1
   256  0.3077620188940965E-04   4   2 0  0 0  0 0  1 1
   257  -.1407239385512268E-04   4   1 1  0 0  0 0  1 1
   258  -.2119627437511270E-04   4   0 2  0 0  0 0  1 1
   259  0.1010745936806354E-03   4   1 0  1 0  0 0  1 1
   260  -.2249282872970541E-03   4   0 1  1 0  0 0  1 1
   261  -.7319667493011286E-04   4   0 0  2 0  0 0  1 1
   262  0.2525374424666649E-03   4   1 0  0 1  0 0  1 1
   263  -.3444507933953488E-04   4   0 1  0 1  0 0  1 1
   264  0.1529761807235973E-03   4   0 0  1 1  0 0  1 1
   265  0.6115306407634220E-04   4   0 0  0 2  0 0  1 1
   266  -.4111383618867228E-04   4   2 0  0 0  0 0  0 2
   267  -.1423239281746835E-04   4   1 1  0 0  0 0  0 2
   268  -.4976361547022858E-06   4   0 2  0 0  0 0  0 2
   269  -.1472413823130611E-03   4   1 0  1 0  0 0  0 2
   270  0.1149622336136149E-05   4   0 1  1 0  0 0  0 2
   271  -.1105704755992450E-03   4   0 0  2 0  0 0  0 2
   272  -.6119293032682557E-04   4   1 0  0 1  0 0  0 2
   273  -.7304571989100834E-05   4   0 1  0 1  0 0  0 2
   274  -.1172304200029412E-03   4   0 0  1 1  0 0  0 2
   275  -.2061836875624135E-04   4   0 0  0 2  0 0  0 2
   276  0.2543650299680556E-04   4   1 0  0 0  0 3  0 0
   277  0.1779579758448582E-04   4   0 1  0 0  0 3  0 0
   278  -.2308625412399557       4   0 0  1 0  0 3  0 0
   279  -.3602478527263029       4   0 0  0 1  0 3  0 0
   280  0.1545293886864161E-04   4   1 0  0 0  0 2  1 0
   281  0.1780294263964175E-04   4   0 1  0 0  0 2  1 0
   282  -.1556031256231051       4   0 0  1 0  0 2  1 0
   283  -.2784923039226647       4   0 0  0 1  0 2  1 0
   284  0.1547302288358516E-04   4   1 0  0 0  0 1  2 0
   285  0.1780287987275259E-04   4   0 1  0 0  0 1  2 0
   286  -.1557544193294481       4   0 0  1 0  0 1  2 0
   287  -.2786563594287884       4   0 0  0 1  0 1  2 0
   288  0.2537477223197417E-04   4   1 0  0 0  0 0  3 0
   289  0.1774791142801319E-04   4   0 1  0 0  0 0  3 0
   290  -.2302919548555585       4   0 0  1 0  0 0  3 0
   291  -.3593335075648347       4   0 0  0 1  0 0  3 0
   292  -.3089373578549353E-04   4   1 0  0 0  0 2  0 1
   293  -.1785296979060873E-04   4   0 1  0 0  0 2  0 1
   294  0.3111556483333033       4   0 0  1 0  0 2  0 1
   295  0.1557790625936615       4   0 0  0 1  0 2  0 1
   296  -.2098633565487552E-04   4   1 0  0 0  0 1  1 1
   297  -.1789010632387757E-04   4   0 1  0 0  0 1  1 1
   298  0.2364889820435849       4   0 0  1 0  0 1  1 1
   299  0.1603186719572288       4   0 0  0 1  0 1  1 1
   300  -.3083803924110850E-04   4   1 0  0 0  0 0  2 1
   301  -.1781690627423999E-04   4   0 1  0 0  0 0  2 1
   302  0.3105777818626875       4   0 0  1 0  0 0  2 1
   303  0.1554615478162548       4   0 0  0 1  0 0  2 1
   304  0.5539763484554209E-06   4   1 0  0 0  0 1  0 2
   305  0.7882178861695147E-07   4   0 1  0 0  0 1  0 2
   306  -.4337698759436982E-01   4   0 0  1 0  0 1  0 2
   307  -.9097997002826265E-02   4   0 0  0 1  0 1  0 2
   308  0.5532308331937210E-06   4   1 0  0 0  0 0  1 2
   309  0.7871571396858734E-07   4   0 1  0 0  0 0  1 2
   310  -.4331861288875255E-01   4   0 0  1 0  0 0  1 2
   311  -.9085753347233782E-02   4   0 0  0 1  0 0  1 2
   312  -.1241468022731556E-06   4   1 0  0 0  0 0  0 3
   313  -.1324280703715461E-07   4   0 1  0 0  0 0  0 3
   314  0.9851942206225159E-03   4   0 0  1 0  0 0  0 3
   315  0.1045721175704098E-03   4   0 0  0 1  0 0  0 3
   316  0.1101903400746008E-04   4   0 0  0 0  0 4  0 0
   317  0.7080679199006745E-05   4   0 0  0 0  0 3  1 0
   318  0.6557099213681748E-05   4   0 0  0 0  0 2  2 0
   319  0.7091937589058406E-05   4   0 0  0 0  0 1  3 0
   320  0.1098463116610015E-04   4   0 0  0 0  0 0  4 0
   321  -.5123086535143835E-06   4   0 0  0 0  0 3  0 1
   322  -.9681922876680015E-06   4   0 0  0 0  0 2  1 1
   323  -.9672706358779644E-06   4   0 0  0 0  0 1  2 1
   324  -.5106238958233767E-06   4   0 0  0 0  0 0  3 1
   325  -.1097048642576447E-06   4   0 0  0 0  0 2  0 2
   326  -.1336564642232492E-06   4   0 0  0 0  0 1  1 2
   327  -.1094672943362647E-06   4   0 0  0 0  0 0  2 2
   328  0.2581041051482794E-08   4   0 0  0 0  0 1  0 3
   329  0.2577567608075961E-08   4   0 0  0 0  0 0  1 3
   ----------------------------------------------------
     I  COEFFICIENT            ORDER EXPONENTS
     1  -.3414341751252240E-04   0   0 0  0 0  0 0  0 0
     2  -.1836222078554784E-03   1   1 0  0 0  0 0  0 0
     3  -.4487137767204206E-04   1   0 1  0 0  0 0  0 0
     4   1.496353599538624       1   0 0  1 0  0 0  0 0
     5   1.355204813672037       1   0 0  0 1  0 0  0 0
     6  0.7072755995794181E-06   1   0 0  0 0  0 1  0 0
     7  0.7063237814102385E-06   1   0 0  0 0  0 0  1 0
     8  -.3555701689351218E-04   1   0 0  0 0  0 0  0 1
     9  -.7228155260666439E-04   2   2 0  0 0  0 0  0 0
    10  0.1857766907571420E-03   2   1 1  0 0  0 0  0 0
    11  0.3006669737056216E-04   2   0 2  0 0  0 0  0 0
    12  0.7019185885206199E-03   2   1 0  1 0  0 0  0 0
    13  -.1369309981194104E-03   2   0 1  1 0  0 0  0 0
    14  0.1020647834593882E-03   2   0 0  2 0  0 0  0 0
    15  -.1439684143917867E-03   2   1 0  0 1  0 0  0 0
    16  -.9385150764733810E-04   2   0 1  0 1  0 0  0 0
    17  -.1198802788378922E-03   2   0 0  1 1  0 0  0 0
    18  -.1578054223990165E-04   2   0 0  0 2  0 0  0 0
    19  0.4071975869600490E-06   2   1 0  0 0  0 1  0 0
    20  0.2248417536813831E-04   2   0 1  0 0  0 1  0 0
    21  -.5917385133011709E-01   2   0 0  1 0  0 1  0 0
    22  -.1866494782648068       2   0 0  0 1  0 1  0 0
    23  0.4066495996380624E-06   2   1 0  0 0  0 0  1 0
    24  0.2245391722457035E-04   2   0 1  0 0  0 0  1 0
    25  -.5909421794976370E-01   2   0 0  1 0  0 0  1 0
    26  -.1863982941934432       2   0 0  0 1  0 0  1 0
    27  -.1844360550420766E-03   2   1 0  0 0  0 0  0 1
    28  -.4493809259270874E-04   2   0 1  0 0  0 0  0 1
    29   1.614621668818504       2   0 0  1 0  0 0  0 1
    30  0.3730477724582514       2   0 0  0 1  0 0  0 1
    31  -.5358711162033812E-06   2   0 0  0 0  0 2  0 0
    32  -.3649274856356111E-06   2   0 0  0 0  0 1  1 0
    33  -.5349044150379811E-06   2   0 0  0 0  0 0  2 0
    34  0.1436672571449108E-05   2   0 0  0 0  0 1  0 1
    35  0.1434739165210500E-05   2   0 0  0 0  0 0  1 1
    36  -.1435706294391980E-05   2   0 0  0 0  0 0  0 2
    37  0.2198864679740894E-03   3   3 0  0 0  0 0  0 0
    38  0.1723665125195042E-03   3   2 1  0 0  0 0  0 0
    39  0.4731423171923774E-04   3   1 2  0 0  0 0  0 0
    40  -.1785275997635485E-04   3   0 3  0 0  0 0  0 0
    41  -4.413860704736124       3   2 0  1 0  0 0  0 0
    42  -3.372910552864212       3   1 1  1 0  0 0  0 0
    43  0.3309715653962163       3   0 2  1 0  0 0  0 0
    44  -.4585558074499466E-03   3   1 0  2 0  0 0  0 0
    45  -.1394029067828587E-03   3   0 1  2 0  0 0  0 0
    46  -2.545447951765309       3   0 0  3 0  0 0  0 0
    47  -.4804075211410804       3   2 0  0 1  0 0  0 0
    48  -.8023243177875120       3   1 1  0 1  0 0  0 0
    49  0.2262564257698670       3   0 2  0 1  0 0  0 0
    50  -.2060701245974802E-03   3   1 0  1 1  0 0  0 0
    51  0.1126026597366132E-03   3   0 1  1 1  0 0  0 0
    52  -2.357258800819130       3   0 0  2 1  0 0  0 0
    53  -.2677263364598053E-04   3   1 0  0 2  0 0  0 0
    54  0.1228585150968781E-04   3   0 1  0 2  0 0  0 0
    55  -1.416637539726009       3   0 0  1 2  0 0  0 0
    56  -.6471625804486195E-01   3   0 0  0 3  0 0  0 0
    57  0.4344491411602927E-04   3   2 0  0 0  0 1  0 0
    58  -.9684246196236943E-04   3   1 1  0 0  0 1  0 0
    59  -.3198689981124789E-04   3   0 2  0 0  0 1  0 0
    60  -.3377255276692982E-03   3   1 0  1 0  0 1  0 0
    61  -.8154956308360281E-05   3   0 1  1 0  0 1  0 0
    62  -.7436377369278184E-04   3   0 0  2 0  0 1  0 0
    63  0.1131534538521332E-04   3   1 0  0 1  0 1  0 0
    64  0.7214200275391731E-04   3   0 1  0 1  0 1  0 0
    65  0.2117919814698325E-04   3   0 0  1 1  0 1  0 0
    66  0.9162740143070848E-05   3   0 0  0 2  0 1  0 0
    67  0.4338644799809994E-04   3   2 0  0 0  0 0  1 0
    68  -.9671213594108721E-04   3   1 1  0 0  0 0  1 0
    69  -.3194385334897254E-04   3   0 2  0 0  0 0  1 0
    70  -.3372710325706149E-03   3   1 0  1 0  0 0  1 0
    71  -.8143981752489857E-05   3   0 1  1 0  0 0  1 0
    72  -.7426369843079913E-04   3   0 0  2 0  0 0  1 0
    73  0.1130011772666819E-04   3   1 0  0 1  0 0  1 0
    74  0.7204491744654510E-04   3   0 1  0 1  0 0  1 0
    75  0.2115069618024705E-04   3   0 0  1 1  0 0  1 0
    76  0.9150409359209313E-05   3   0 0  0 2  0 0  1 0
    77  -.1591129147207936E-03   3   2 0  0 0  0 0  0 1
    78  0.1935545979034559E-03   3   1 1  0 0  0 0  0 1
    79  0.3386405578965881E-04   3   0 2  0 0  0 0  0 1
    80  0.1376915148760535E-02   3   1 0  1 0  0 0  0 1
    81  0.1629893806084897E-04   3   0 1  1 0  0 0  0 1
    82  0.2506922555829750E-03   3   0 0  2 0  0 0  0 1
    83  -.2261546311188222E-04   3   1 0  0 1  0 0  0 1
    84  -.5033541255312283E-04   3   0 1  0 1  0 0  0 1
    85  -.4232989432722174E-04   3   0 0  1 1  0 0  0 1
    86  -.2532607262377383E-05   3   0 0  0 2  0 0  0 1
    87  -.3826078734238532E-06   3   1 0  0 0  0 2  0 0
    88  -.1690481983201159E-04   3   0 1  0 0  0 2  0 0
    89  0.4516632931923748E-01   3   0 0  1 0  0 2  0 0
    90  0.1445109547780274       3   0 0  0 1  0 2  0 0
    91  -.3785409162411098E-06   3   1 0  0 0  0 1  1 0
    92  -.1133095469374530E-04   3   0 1  0 0  0 1  1 0
    93  0.3119639266551119E-01   3   0 0  1 0  0 1  1 0
    94  0.1024855122329905       3   0 0  0 1  0 1  1 0
    95  -.3818382665168525E-06   3   1 0  0 0  0 0  2 0
    96  -.1687444578972695E-04   3   0 1  0 0  0 0  2 0
    97  0.4508455528434695E-01   3   0 0  1 0  0 0  2 0
    98  0.1442475186594581       3   0 0  0 1  0 0  2 0
    99  0.1181672841674691E-05   3   1 0  0 0  0 1  0 1
   100  0.2262458883095841E-04   3   0 1  0 0  0 1  0 1
   101  -.1215290482468798       3   0 0  1 0  0 1  0 1
   102  -.2048579589105532       3   0 0  0 1  0 1  0 1
   103  0.1180082602054768E-05   3   1 0  0 0  0 0  1 1
   104  0.2259414172556966E-04   3   0 1  0 0  0 0  1 1
   105  -.1213655001812159       3   0 0  1 0  0 0  1 1
   106  -.2045822707240726       3   0 0  0 1  0 0  1 1
   107  -.1206532884586461E-05   3   1 0  0 0  0 0  0 2
   108  -.1338149963575255E-06   3   0 1  0 0  0 0  0 2
   109  0.1214472610717872       3   0 0  1 0  0 0  0 2
   110  0.1819622730876727E-01   3   0 0  0 1  0 0  0 2
   111  0.4502489603265440E-06   3   0 0  0 0  0 3  0 0
   112  0.2791188556527624E-06   3   0 0  0 0  0 2  1 0
   113  0.2794630807783406E-06   3   0 0  0 0  0 1  2 0
   114  0.4491525153931835E-06   3   0 0  0 0  0 0  3 0
   115  -.1093989950511307E-05   3   0 0  0 0  0 2  0 1
   116  -.7522270599270502E-06   3   0 0  0 0  0 1  1 1
   117  -.1092011554529980E-05   3   0 0  0 0  0 0  2 1
   118  0.7517662656192115E-06   3   0 0  0 0  0 1  0 2
   119  0.7507545740084860E-06   3   0 0  0 0  0 0  1 2
   120  -.2227151507859267E-07   3   0 0  0 0  0 0  0 3
   121  -.2168322273181044E-03   4   4 0  0 0  0 0  0 0
   122  -.1911884247359497E-04   4   3 1  0 0  0 0  0 0
   123  0.7169791930318185E-04   4   2 2  0 0  0 0  0 0
   124  -.2979164912043323E-04   4   1 3  0 0  0 0  0 0
   125  0.3076339326559326E-04   4   0 4  0 0  0 0  0 0
   126  -.3128950422746119E-07   4   3 0  1 0  0 0  0 0
   127  0.1833232457213541E-02   4   2 1  1 0  0 0  0 0
   128  0.6129417387961244E-03   4   1 2  1 0  0 0  0 0
   129  0.2027006092120853E-03   4   0 3  1 0  0 0  0 0
   130  -.1980160291735853E-03   4   2 0  2 0  0 0  0 0
   131  0.2179761858923455E-02   4   1 1  2 0  0 0  0 0
   132  0.3194748317201632E-03   4   0 2  2 0  0 0  0 0
   133  -.1323456739273165E-06   4   1 0  3 0  0 0  0 0
   134  0.8940417003253642E-07   4   0 1  3 0  0 0  0 0
   135  0.3998881195980280E-03   4   0 0  4 0  0 0  0 0
   136  0.9167267049726967E-03   4   3 0  0 1  0 0  0 0
   137  0.9876386095215919E-03   4   2 1  0 1  0 0  0 0
   138  -.1177487851308411E-04   4   1 2  0 1  0 0  0 0
   139  0.2119514315074073E-04   4   0 3  0 1  0 0  0 0
   140  0.6338006815705295E-03   4   2 0  1 1  0 0  0 0
   141  0.1734048953241474E-02   4   1 1  1 1  0 0  0 0
   142  -.1933975281068557E-03   4   0 2  1 1  0 0  0 0
   143  0.1586103314136846E-02   4   1 0  2 1  0 0  0 0
   144  0.1516486173711432E-03   4   0 1  2 1  0 0  0 0
   145  0.1551063266195241E-02   4   0 0  3 1  0 0  0 0
   146  -.1249782412419523E-03   4   2 0  0 2  0 0  0 0
   147  0.2741187142596277E-03   4   1 1  0 2  0 0  0 0
   148  0.9715777404308334E-05   4   0 2  0 2  0 0  0 0
   149  0.7165477199359940E-03   4   1 0  1 2  0 0  0 0
   150  0.2293249657700881E-03   4   0 1  1 2  0 0  0 0
   151  0.8621147489397634E-03   4   0 0  2 2  0 0  0 0
   152  0.9860055472103786E-04   4   1 0  0 3  0 0  0 0
   153  0.3995864084610397E-04   4   0 1  0 3  0 0  0 0
   154  0.3351957733273698E-04   4   0 0  1 3  0 0  0 0
   155  -.2561421356201181E-04   4   0 0  0 4  0 0  0 0
   156  -.1013784733052203E-03   4   3 0  0 0  0 1  0 0
   157  -.1722835357497675E-03   4   2 1  0 0  0 1  0 0
   158  -.7163056668293001E-04   4   1 2  0 0  0 1  0 0
   159  0.2443992999061768E-04   4   0 3  0 0  0 1  0 0
   160   1.816098421771049       4   2 0  1 0  0 1  0 0
   161   3.310930335530098       4   1 1  1 0  0 1  0 0
   162  -.1472388781007153       4   0 2  1 0  0 1  0 0
   163  0.9788593041150939E-04   4   1 0  2 0  0 1  0 0
   164  0.1218944113013232E-03   4   0 1  2 0  0 1  0 0
   165   1.755399456067036       4   0 0  3 0  0 1  0 0
   166  0.3334155067317416       4   2 0  0 1  0 1  0 0
   167   1.154231980047991       4   1 1  0 1  0 1  0 0
   168  -.2873303832347477       4   0 2  0 1  0 1  0 0
   169  0.1344945091305831E-03   4   1 0  1 1  0 1  0 0
   170  -.8836688776726693E-04   4   0 1  1 1  0 1  0 0
   171   2.713400157205313       4   0 0  2 1  0 1  0 0
   172  0.3036888475254571E-04   4   1 0  0 2  0 1  0 0
   173  -.1497264450969031E-04   4   0 1  0 2  0 1  0 0
   174   1.866810248672605       4   0 0  1 2  0 1  0 0
   175  0.1361349147547566       4   0 0  0 3  0 1  0 0
   176  -.1012420429336481E-03   4   3 0  0 0  0 0  1 0
   177  -.1720516846867975E-03   4   2 1  0 0  0 0  1 0
   178  -.7153416964211958E-04   4   1 2  0 0  0 0  1 0
   179  0.2440703988465015E-04   4   0 3  0 0  0 0  1 0
   180   1.813654402104781       4   2 0  1 0  0 0  1 0
   181   3.306474641523288       4   1 1  1 0  0 0  1 0
   182  -.1470407309576960       4   0 2  1 0  0 0  1 0
   183  0.9775420013955877E-04   4   1 0  2 0  0 0  1 0
   184  0.1217303715472734E-03   4   0 1  2 0  0 0  1 0
   185   1.753037122208204       4   0 0  3 0  0 0  1 0
   186  0.3329668118561097       4   2 0  0 1  0 0  1 0
   187   1.152678669046310       4   1 1  0 1  0 0  1 0
   188  -.2869437075463999       4   0 2  0 1  0 0  1 0
   189  0.1343135127586907E-03   4   1 0  1 1  0 0  1 0
   190  -.8824796777430328E-04   4   0 1  1 1  0 0  1 0
   191   2.709748591151946       4   0 0  2 1  0 0  1 0
   192  0.3032801573867808E-04   4   1 0  0 2  0 0  1 0
   193  -.1495249503034650E-04   4   0 1  0 2  0 0  1 0
   194   1.864297983419713       4   0 0  1 2  0 0  1 0
   195  0.1359517108023026       4   0 0  0 3  0 0  1 0
   196  0.4225069842129575E-03   4   3 0  0 0  0 0  0 1
   197  0.3443352204365659E-03   4   2 1  0 0  0 0  0 1
   198  0.9585050460581114E-04   4   1 2  0 0  0 0  0 1
   199  -.1314144992255786E-04   4   0 3  0 0  0 0  0 1
   200  -8.043613528611949       4   2 0  1 0  0 0  0 1
   201  -6.617404977053394       4   1 1  1 0  0 0  0 1
   202  -.3669195633780224E-01   4   0 2  1 0  0 0  0 1
   203  -.6541959380010130E-03   4   1 0  2 0  0 0  0 1
   204  -.2436247828485947E-03   4   0 1  2 0  0 0  0 1
   205  -6.053884530040558       4   0 0  3 0  0 0  0 1
   206  -.6663823185878505       4   2 0  0 1  0 0  0 1
   207  -1.504586331306781       4   1 1  0 1  0 0  0 1
   208  0.1217612392414103       4   0 2  0 1  0 0  0 1
   209  -.2688080218892689E-03   4   1 0  1 1  0 0  0 1
   210  0.6401219580496234E-04   4   0 1  1 1  0 0  0 1
   211  -5.423148748357309       4   0 0  2 1  0 0  0 1
   212  -.3392426684524007E-04   4   1 0  0 2  0 0  0 1
   213  0.5353436520661627E-05   4   0 1  0 2  0 0  0 1
   214  -2.314470692366346       4   0 0  1 2  0 0  0 1
   215  -.1426541094673391       4   0 0  0 3  0 0  0 1
   216  -.2552998774371003E-04   4   2 0  0 0  0 2  0 0
   217  -.4133517291185031E-04   4   1 1  0 0  0 2  0 0
   218  0.5959688687417677E-04   4   0 2  0 0  0 2  0 0
   219  -.3297198767306486E-03   4   1 0  1 0  0 2  0 0
   220  0.1596560985122666E-03   4   0 1  1 0  0 2  0 0
   221  -.2086150814732496E-03   4   0 0  2 0  0 2  0 0
   222  -.2052149481010445E-03   4   1 0  0 1  0 2  0 0
   223  0.3648994074192949E-04   4   0 1  0 1  0 2  0 0
   224  -.4176442641077730E-03   4   0 0  1 1  0 2  0 0
   225  -.7293400840096665E-04   4   0 0  0 2  0 2  0 0
   226  -.5042457335426163E-05   4   2 0  0 0  0 1  1 0
   227  -.8066035585992927E-04   4   1 1  0 0  0 1  1 0
   228  0.6426496981496058E-04   4   0 2  0 0  0 1  1 0
   229  -.3964089514827716E-03   4   1 0  1 0  0 1  1 0
   230  0.1833788395375178E-03   4   0 1  1 0  0 1  1 0
   231  -.2333030182462572E-03   4   0 0  2 0  0 1  1 0
   232  -.2023839390788710E-03   4   1 0  0 1  0 1  1 0
   233  0.6222715005325555E-04   4   0 1  0 1  0 1  1 0
   234  -.4344581655424900E-03   4   0 0  1 1  0 1  1 0
   235  -.8087986190338301E-04   4   0 0  0 2  0 1  1 0
   236  -.2549223773867145E-04   4   2 0  0 0  0 0  2 0
   237  -.4122527153144196E-04   4   1 1  0 0  0 0  2 0
   238  0.5947344180868839E-04   4   0 2  0 0  0 0  2 0
   239  -.3290094210173051E-03   4   1 0  1 0  0 0  2 0
   240  0.1593178495592682E-03   4   0 1  1 0  0 0  2 0
   241  -.2081773530249128E-03   4   0 0  2 0  0 0  2 0
   242  -.2048026001117411E-03   4   1 0  0 1  0 0  2 0
   243  0.3639896311645103E-04   4   0 1  0 1  0 0  2 0
   244  -.4167898814780907E-03   4   0 0  1 1  0 0  2 0
   245  -.7278143509651488E-04   4   0 0  0 2  0 0  2 0
   246  0.6255144096170655E-04   4   2 0  0 0  0 1  0 1
   247  0.7762538227128395E-04   4   1 1  0 0  0 1  0 1
   248  -.4280588741134802E-04   4   0 2  0 0  0 1  0 1
   249  0.5279165423670360E-03   4   1 0  1 0  0 1  0 1
   250  -.1239436875591739E-03   4   0 1  1 0  0 1  0 1
   251  0.4186491572985648E-03   4   0 0  2 0  0 1  0 1
   252  0.2703052177166165E-03   4   1 0  0 1  0 1  0 1
   253  -.5479893417787892E-05   4   0 1  0 1  0 1  0 1
   254  0.5621962546212228E-03   4   0 0  1 1  0 1  0 1
   255  0.8549254044747800E-04   4   0 0  0 2  0 1  0 1
   256  0.6246726218040772E-04   4   2 0  0 0  0 0  1 1
   257  0.7752091769018074E-04   4   1 1  0 0  0 0  1 1
   258  -.4274828126544139E-04   4   0 2  0 0  0 0  1 1
   259  0.5272060971641629E-03   4   1 0  1 0  0 0  1 1
   260  -.1237768899857204E-03   4   0 1  1 0  0 0  1 1
   261  0.4180857589929242E-03   4   0 0  2 0  0 0  1 1
   262  0.2699414536936573E-03   4   1 0  0 1  0 0  1 1
   263  -.5472518835484625E-05   4   0 1  0 1  0 0  1 1
   264  0.5614396773971456E-03   4   0 0  1 1  0 0  1 1
   265  0.8537748861566768E-04   4   0 0  0 2  0 0  1 1
   266  -.6895402157909022E-04   4   2 0  0 0  0 0  0 2
   267  -.5083155007187917E-04   4   1 1  0 0  0 0  0 2
   268  -.6786419720491712E-05   4   0 2  0 0  0 0  0 2
   269  0.1560973899474265E-07   4   1 0  1 0  0 0  0 2
   270  0.3396953426436353E-08   4   0 1  1 0  0 0  0 2
   271  -.1866394616499529E-03   4   0 0  2 0  0 0  0 2
   272  -.2522064621218690E-04   4   1 0  0 1  0 0  0 2
   273  -.2409564380594077E-05   4   0 1  0 1  0 0  0 2
   274  -.1150567101837159E-03   4   0 0  1 1  0 0  0 2
   275  -.1288689339780408E-04   4   0 0  0 2  0 0  0 2
   276  0.4022525967099274E-06   4   1 0  0 0  0 3  0 0
   277  0.1410523133837648E-04   4   0 1  0 0  0 3  0 0
   278  -.3817270639800560E-01   4   0 0  1 0  0 3  0 0
   279  -.1235005206945055       4   0 0  0 1  0 3  0 0
   280  0.4225374307086671E-06   4   1 0  0 0  0 2  1 0
   281  0.8520992860474606E-05   4   0 1  0 0  0 2  1 0
   282  -.2419489706303065E-01   4   0 0  1 0  0 2  1 0
   283  -.8150791499455266E-01   4   0 0  0 1  0 2  1 0
   284  0.4224953903984102E-06   4   1 0  0 0  0 1  2 0
   285  0.8532227049903166E-05   4   0 1  0 0  0 1  2 0
   286  -.2422300937954265E-01   4   0 0  1 0  0 1  2 0
   287  -.8159234700054108E-01   4   0 0  0 1  0 1  2 0
   288  0.4011566654573400E-06   4   1 0  0 0  0 0  3 0
   289  0.1407103226277951E-04   4   0 1  0 0  0 0  3 0
   290  -.3807939163363560E-01   4   0 0  1 0  0 0  3 0
   291  -.1231964481266002       4   0 0  0 1  0 0  3 0
   292  -.1209937643425475E-05   4   1 0  0 0  0 2  0 1
   293  -.1706161083062650E-04   4   0 1  0 0  0 2  0 1
   294  0.9354668355367826E-01   4   0 0  1 0  0 2  0 1
   295  0.1629875469475401       4   0 0  0 1  0 2  0 1
   296  -.1238124230033834E-05   4   1 0  0 0  0 1  1 1
   297  -.1151356464289762E-04   4   0 1  0 0  0 1  1 1
   298  0.6563941346047680E-01   4   0 0  1 0  0 1  1 1
   299  0.1212294584306298       4   0 0  0 1  0 1  1 1
   300  -.1207476261748254E-05   4   1 0  0 0  0 0  2 1
   301  -.1703090291242550E-04   4   0 1  0 0  0 0  2 1
   302  0.9337662562107502E-01   4   0 0  1 0  0 0  2 1
   303  0.1626866335422907       4   0 0  0 1  0 0  2 1
   304  0.1213682102755090E-05   4   1 0  0 0  0 1  0 2
   305  0.2024856718950170E-06   4   0 1  0 0  0 1  0 2
   306  -.6560187287262310E-01   4   0 0  1 0  0 1  0 2
   307  -.1874431450180302E-01   4   0 0  0 1  0 1  0 2
   308  0.1212048786580147E-05   4   1 0  0 0  0 0  1 2
   309  0.2022131762206204E-06   4   0 1  0 0  0 0  1 2
   310  -.6551358896382148E-01   4   0 0  1 0  0 0  1 2
   311  -.1871908928673573E-01   4   0 0  0 1  0 0  1 2
   312  -.4063993347424246E-06   4   1 0  0 0  0 0  0 3
   313  -.4568961833016041E-07   4   0 1  0 0  0 0  0 3
   314  0.3222733588219128E-02   4   0 0  1 0  0 0  0 3
   315  0.3569830570016245E-03   4   0 0  0 1  0 0  0 3
   316  0.7668213710771099E-05   4   0 0  0 0  0 4  0 0
   317  0.4738667584933613E-05   4   0 0  0 0  0 3  1 0
   318  0.4349960486666079E-05   4   0 0  0 0  0 2  2 0
   319  0.4747043512817443E-05   4   0 0  0 0  0 1  3 0
   320  0.7644399346806969E-05   4   0 0  0 0  0 0  4 0
   321  -.9216939461910656E-05   4   0 0  0 0  0 3  0 1
   322  -.6200049911247391E-05   4   0 0  0 0  0 2  1 1
   323  -.6206114854393454E-05   4   0 0  0 0  0 1  2 1
   324  -.9194167635836241E-05   4   0 0  0 0  0 0  3 1
   325  0.5227540215514933E-06   4   0 0  0 0  0 2  0 2
   326  0.6307705876438674E-06   4   0 0  0 0  0 1  1 2
   327  0.5216260931610124E-06   4   0 0  0 0  0 0  2 2
   328  -.3082941331658944E-08   4   0 0  0 0  0 1  0 3
   329  -.3078792454508788E-08   4   0 0  0 0  0 0  1 3
   330  -.1488351986822476E-14   4   0 0  0 0  0 0  0 4
   ----------------------------------------------------
     I  COEFFICIENT            ORDER EXPONENTS
     1  0.3908516922580086E-08   0   0 0  0 0  0 0  0 0
     2  0.1551385290576870E-04   1   1 0  0 0  0 0  0 0
     3  -.9634294867579011E-05   1   0 1  0 0  0 0  0 0
     4  0.8884983639013828E-05   1   0 0  1 0  0 0  0 0
     5  0.8517895096478897E-05   1   0 0  0 1  0 0  0 0
     6   1.000000000000000       1   0 0  0 0  1 0  0 0
     7  0.1707534443996309       1   0 0  0 0  0 1  0 0
     8  -.1707534434617352       1   0 0  0 0  0 0  1 0
     9  -.9378964769870394E-09   1   0 0  0 0  0 0  0 1
    10  -.1577946628407076       2   2 0  0 0  0 0  0 0
    11  0.2101751348756298       2   1 1  0 0  0 0  0 0
    12  -.1159598618413553       2   0 2  0 0  0 0  0 0
    13  0.6752901971645579E-05   2   1 0  1 0  0 0  0 0
    14  0.4164333607462551E-04   2   0 1  1 0  0 0  0 0
    15  -.2087398999422586       2   0 0  2 0  0 0  0 0
    16  0.4163905142430634E-04   2   1 0  0 1  0 0  0 0
    17  0.1798105775561226E-04   2   0 1  0 1  0 0  0 0
    18  -.4176449180080405       2   0 0  1 1  0 0  0 0
    19  -.2514926560039666       2   0 0  0 2  0 0  0 0
    20  -.2234832744007242E-04   2   1 0  0 0  0 1  0 0
    21  0.1247574880743238E-04   2   0 1  0 0  0 1  0 0
    22  -.1380118004815776E-04   2   0 0  1 0  0 1  0 0
    23  -.1398456967630088E-04   2   0 0  0 1  0 1  0 0
    24  -.6846125604242864E-05   2   1 0  0 0  0 0  1 0
    25  0.2850576330878813E-05   2   0 1  0 0  0 0  1 0
    26  -.4921522793203957E-05   2   0 0  1 0  0 0  1 0
    27  -.5470767474488500E-05   2   0 0  0 1  0 0  1 0
    28  0.2919444928114487E-04   2   1 0  0 0  0 0  0 1
    29  -.5692023257441674E-05   2   0 1  0 0  0 0  0 1
    30  0.1872270707323669E-04   2   0 0  1 0  0 0  0 1
    31  0.1093745032188515E-04   2   0 0  0 1  0 0  0 1
    32  -.1281513136396921       2   0 0  0 0  0 2  0 0
    33  0.8554918151402185E-01   2   0 0  0 0  0 1  1 0
    34  0.4260213075959673E-01   2   0 0  0 0  0 0  2 0
    35  0.1365729624377643E-08   2   0 0  0 0  0 1  0 1
    36  0.4285178680029668E-09   2   0 0  0 0  0 0  1 1
    37  -.4281756215742944E-09   2   0 0  0 0  0 0  0 2
    38  0.3474533352368912E-04   3   3 0  0 0  0 0  0 0
    39  0.1140628281078970E-03   3   2 1  0 0  0 0  0 0
    40  0.1304642909211512E-04   3   1 2  0 0  0 0  0 0
    41  -.1454005880789529E-04   3   0 3  0 0  0 0  0 0
    42  0.1073726137023086E-03   3   2 0  1 0  0 0  0 0
    43  0.5434532081887897E-04   3   1 1  1 0  0 0  0 0
    44  -.2603398874973632E-04   3   0 2  1 0  0 0  0 0
    45  0.2499103875918157E-04   3   1 0  2 0  0 0  0 0
    46  -.1462336702836504E-04   3   0 1  2 0  0 0  0 0
    47  0.5267956792305558E-05   3   0 0  3 0  0 0  0 0
    48  0.1296706106308808E-03   3   2 0  0 1  0 0  0 0
    49  -.3616158407213725E-04   3   1 1  0 1  0 0  0 0
    50  -.8262399871186188E-05   3   0 2  0 1  0 0  0 0
    51  -.1058746407939148E-03   3   1 0  1 1  0 0  0 0
    52  0.3071587205447018E-04   3   0 1  1 1  0 0  0 0
    53  0.8448248069033329E-04   3   0 0  2 1  0 0  0 0
    54  0.1066543254787298E-03   3   1 0  0 2  0 0  0 0
    55  0.1011286842655147E-04   3   0 1  0 2  0 0  0 0
    56  0.1273071002984358E-03   3   0 0  1 2  0 0  0 0
    57  0.3228084330895688E-04   3   0 0  0 3  0 0  0 0
    58  0.2254110796187766       3   2 0  0 0  0 1  0 0
    59  -.2730356868067441       3   1 1  0 0  0 1  0 0
    60  0.1517279744937401       3   0 2  0 0  0 1  0 0
    61  -.1353066842891244E-04   3   1 0  1 0  0 1  0 0
    62  -.6382785880475883E-04   3   0 1  1 0  0 1  0 0
    63  0.3274132219014122       3   0 0  2 0  0 1  0 0
    64  -.6380082175555193E-04   3   1 0  0 1  0 1  0 0
    65  -.3624324528302491E-04   3   0 1  0 1  0 1  0 0
    66  0.6889850562248658       3   0 0  1 1  0 1  0 0
    67  0.4246748143488227       3   0 0  0 2  0 1  0 0
    68  0.6773749697907713E-01   3   2 0  0 0  0 0  1 0
    69  -.6305843705930393E-01   3   1 1  0 0  0 0  1 0
    70  0.3587582912632668E-01   3   0 2  0 0  0 0  1 0
    71  -.6773076141883423E-05   3   1 0  1 0  0 0  1 0
    72  -.2220405007195977E-04   3   0 1  1 0  0 0  1 0
    73  0.1187941604365560       3   0 0  2 0  0 0  1 0
    74  -.2218702356108175E-04   3   1 0  0 1  0 0  1 0
    75  -.1824921966698940E-04   3   0 1  0 1  0 0  1 0
    76  0.2715362971057858       3   0 0  1 1  0 0  1 0
    77  0.1732871052333056       3   0 0  0 2  0 0  1 0
    78  -.2931485897909572       3   2 0  0 0  0 0  0 1
    79  0.1259190414333846       3   1 1  0 0  0 0  0 1
    80  0.4431588398995255E-01   3   0 2  0 0  0 0  0 1
    81  0.2029887849705449E-04   3   1 0  1 0  0 0  0 1
    82  0.4436895448855564E-04   3   0 1  1 0  0 0  0 1
    83  -.4462073959848368       3   0 0  2 0  0 0  0 1
    84  0.4435172404102712E-04   3   1 0  0 1  0 0  0 1
    85  0.1848100665847800E-04   3   0 1  0 1  0 0  0 1
    86  -.5428765054416882       3   0 0  1 1  0 0  0 1
    87  -.9497666744121405E-01   3   0 0  0 2  0 0  0 1
    88  0.2704106954865803E-04   3   1 0  0 0  0 2  0 0
    89  -.1370656837792463E-04   3   0 1  0 0  0 2  0 0
    90  0.1773819334231511E-04   3   0 0  1 0  0 2  0 0
    91  0.1873410526328945E-04   3   0 0  0 1  0 2  0 0
    92  0.9391284630603858E-05   3   1 0  0 0  0 1  1 0
    93  -.2466003964297401E-05   3   0 1  0 0  0 1  1 0
    94  0.7876673451528593E-05   3   0 0  1 0  0 1  1 0
    95  0.9501007143507090E-05   3   0 0  0 1  0 1  1 0
    96  0.4704333959559467E-05   3   1 0  0 0  0 0  2 0
    97  -.1239723480108462E-05   3   0 1  0 0  0 0  2 0
    98  0.3942305597447427E-05   3   0 0  1 0  0 0  2 0
    99  0.4753502396703215E-05   3   0 0  0 1  0 0  2 0
   100  -.4112511029721408E-04   3   1 0  0 0  0 1  0 1
   101  0.4927665067524539E-05   3   0 1  0 0  0 1  0 1
   102  -.2955187094008123E-04   3   0 0  1 0  0 1  0 1
   103  -.1900005715355684E-04   3   0 0  0 1  0 1  0 1
   104  -.1195384093607169E-04   3   1 0  0 0  0 0  1 1
   105  -.7556798045872123E-06   3   0 1  0 0  0 0  1 1
   106  -.1083975271750845E-04   3   0 0  1 0  0 0  1 1
   107  -.8066455852276125E-05   3   0 0  0 1  0 0  1 1
   108  0.1194225327634978E-04   3   1 0  0 0  0 0  0 2
   109  0.3606031938742590E-05   3   0 1  0 0  0 0  0 2
   110  0.1083445743352378E-04   3   0 0  1 0  0 0  0 2
   111  0.2595806421801669E-05   3   0 0  0 1  0 0  0 2
   112  0.1068071733668646       3   0 0  0 0  0 3  0 0
   113  -.6411891957487047E-01   3   0 0  0 0  0 2  1 0
   114  -.2143026711921090E-01   3   0 0  0 0  0 1  2 0
   115  -.2125799986252103E-01   3   0 0  0 0  0 0  3 0
   116  -.2444209449795732E-08   3   0 0  0 0  0 2  0 1
   117  -.9248924223672421E-09   3   0 0  0 0  0 1  1 1
   118  -.4631551315425502E-09   3   0 0  0 0  0 0  2 1
   119  0.4313054111871495E-09   3   0 0  0 0  0 1  0 2
   120  0.8998809052099954E-10   3   0 0  0 0  0 0  1 2
   121  0.2280177992369661E-10   3   0 0  0 0  0 0  0 3
   122  -.4733507197857043       4   4 0  0 0  0 0  0 0
   123  -.7160370548619002E-01   4   3 1  0 0  0 0  0 0
   124  -.9736790309412162E-01   4   2 2  0 0  0 0  0 0
   125  0.1823546336782075       4   1 3  0 0  0 0  0 0
   126  -.4596736232243741E-01   4   0 4  0 0  0 0  0 0
   127  0.1086545982396450E-03   4   3 0  1 0  0 0  0 0
   128  -.5077580533052477E-04   4   2 1  1 0  0 0  0 0
   129  -.1253024260496855E-03   4   1 2  1 0  0 0  0 0
   130  0.3411114345501244E-04   4   0 3  1 0  0 0  0 0
   131  -1.765845576305812       4   2 0  2 0  0 0  0 0
   132  0.8400879328302450       4   1 1  2 0  0 0  0 0
   133  0.9225373833754770E-01   4   0 2  2 0  0 0  0 0
   134  -.1763720014151875E-03   4   1 0  3 0  0 0  0 0
   135  0.1281784327465531E-03   4   0 1  3 0  0 0  0 0
   136  -.2184502495563618       4   0 0  4 0  0 0  0 0
   137  0.7030901732879192E-04   4   3 0  0 1  0 0  0 0
   138  0.9461370644452558E-05   4   2 1  0 1  0 0  0 0
   139  -.6987986287993055E-05   4   1 2  0 1  0 0  0 0
   140  0.2133214033113187E-04   4   0 3  0 1  0 0  0 0
   141  -1.131416113371197       4   2 0  1 1  0 0  0 0
   142   1.508935226239215       4   1 1  1 1  0 0  0 0
   143  -.3318421833844217       4   0 2  1 1  0 0  0 0
   144  0.1228946820450430E-03   4   1 0  2 1  0 0  0 0
   145  0.3504008718450066E-03   4   0 1  2 1  0 0  0 0
   146  -1.091954504575098       4   0 0  3 1  0 0  0 0
   147  -.9236415421564171       4   2 0  0 2  0 0  0 0
   148  0.4918843322626471       4   1 1  0 2  0 0  0 0
   149  -.2526262499705114       4   0 2  0 2  0 0  0 0
   150  0.2155452501471726E-03   4   1 0  1 2  0 0  0 0
   151  0.1967291212476935E-03   4   0 1  1 2  0 0  0 0
   152  -1.793925907929683       4   0 0  2 2  0 0  0 0
   153  0.1019705056991647E-03   4   1 0  0 3  0 0  0 0
   154  0.5128856135847992E-04   4   0 1  0 3  0 0  0 0
   155  -1.045673434273538       4   0 0  1 3  0 0  0 0
   156  -.3195149316976345       4   0 0  0 4  0 0  0 0
   157  -.2481214241656986E-05   4   3 0  0 0  0 1  0 0
   158  -.1301107698828352E-03   4   2 1  0 0  0 1  0 0
   159  -.2218985828738143E-03   4   1 2  0 0  0 1  0 0
   160  0.7806777098607508E-04   4   0 3  0 0  0 1  0 0
   161  -.6125309017293839E-04   4   2 0  1 0  0 1  0 0
   162  -.1813850808965090E-04   4   1 1  1 0  0 1  0 0
   163  0.9331972635108889E-04   4   0 2  1 0  0 1  0 0
   164  0.2213041975387901E-03   4   1 0  2 0  0 1  0 0
   165  -.1062157488114705E-03   4   0 1  2 0  0 1  0 0
   166  0.2584641779884129E-03   4   0 0  3 0  0 1  0 0
   167  0.2713597859339563E-05   4   2 0  0 1  0 1  0 0
   168  0.7420217014531314E-04   4   1 1  0 1  0 1  0 0
   169  0.9755393295051137E-04   4   0 2  0 1  0 1  0 0
   170  0.1981528419780018E-03   4   1 0  1 1  0 1  0 0
   171  0.7758091036704695E-04   4   0 1  1 1  0 1  0 0
   172  0.4371349624501685E-03   4   0 0  2 1  0 1  0 0
   173  -.2374028704053409E-03   4   1 0  0 2  0 1  0 0
   174  0.1037395825550277E-03   4   0 1  0 2  0 1  0 0
   175  0.1463580269637232E-03   4   0 0  1 2  0 1  0 0
   176  0.6792298654803392E-04   4   0 0  0 3  0 1  0 0
   177  -.2027998210512602E-04   4   3 0  0 0  0 0  1 0
   178  -.2536675493887724E-04   4   2 1  0 0  0 0  1 0
   179  -.1271121580880329E-03   4   1 2  0 0  0 0  1 0
   180  0.4301833782032762E-04   4   0 3  0 0  0 0  1 0
   181  -.2972950263392140E-04   4   2 0  1 0  0 0  1 0
   182  0.1382747847041726E-04   4   1 1  1 0  0 0  1 0
   183  0.5139049787347996E-04   4   0 2  1 0  0 0  1 0
   184  0.1049069469620509E-03   4   1 0  2 0  0 0  1 0
   185  -.5042430815934586E-04   4   0 1  2 0  0 0  1 0
   186  0.1374415776745486E-03   4   0 0  3 0  0 0  1 0
   187  0.1043165317253123E-04   4   2 0  0 1  0 0  1 0
   188  0.3396778206550740E-04   4   1 1  0 1  0 0  1 0
   189  0.5895605184292172E-04   4   0 2  0 1  0 0  1 0
   190  0.3962226134825225E-04   4   1 0  1 1  0 0  1 0
   191  0.6353978907275632E-04   4   0 1  1 1  0 0  1 0
   192  0.2380474894257907E-03   4   0 0  2 1  0 0  1 0
   193  -.1356980519019043E-03   4   1 0  0 2  0 0  1 0
   194  0.6247810721286938E-04   4   0 1  0 2  0 0  1 0
   195  0.9378943556236061E-04   4   0 0  1 2  0 0  1 0
   196  0.4120508828197144E-04   4   0 0  0 3  0 0  1 0
   197  0.6516614876753188E-04   4   3 0  0 0  0 0  0 1
   198  0.2959004091055108E-04   4   2 1  0 0  0 0  0 1
   199  0.7519208529918564E-04   4   1 2  0 0  0 0  0 1
   200  0.1495696099350075E-04   4   0 3  0 0  0 0  0 1
   201  0.1540991777483256E-03   4   2 0  1 0  0 0  0 1
   202  -.2668180255184669E-04   4   1 1  1 0  0 0  0 1
   203  -.4542991660410940E-04   4   0 2  1 0  0 0  0 1
   204  -.2357464890604647E-03   4   1 0  2 0  0 0  0 1
   205  0.3329042399740812E-05   4   0 1  2 0  0 0  0 1
   206  -.2796166886080209E-03   4   0 0  3 0  0 0  0 1
   207  0.9006538365455319E-04   4   2 0  0 1  0 0  0 1
   208  -.5030015524245343E-04   4   1 1  0 1  0 0  0 1
   209  -.1293570224521864E-04   4   0 2  0 1  0 0  0 1
   210  -.8311842794007801E-04   4   1 0  1 1  0 0  0 1
   211  -.6513453024093012E-04   4   0 1  1 1  0 0  0 1
   212  -.2455706995301605E-03   4   0 0  2 1  0 0  0 1
   213  0.1494933467552816E-03   4   1 0  0 2  0 0  0 1
   214  0.3611956149605424E-05   4   0 1  0 2  0 0  0 1
   215  -.2170020703307868E-04   4   0 0  1 2  0 0  0 1
   216  0.1015158719525446E-04   4   0 0  0 3  0 0  0 1
   217  -.2708811245924340       4   2 0  0 0  0 2  0 0
   218  0.3013419984052171       4   1 1  0 0  0 2  0 0
   219  -.1699899724276090       4   0 2  0 0  0 2  0 0
   220  0.2032680347408297E-04   4   1 0  1 0  0 2  0 0
   221  0.8147005672662458E-04   4   0 1  1 0  0 2  0 0
   222  -.4240518212199548       4   0 0  2 0  0 2  0 0
   223  0.8146182071744584E-04   4   1 0  0 1  0 2  0 0
   224  0.5470424791741482E-04   4   0 1  0 1  0 2  0 0
   225  -.9267811179950423       4   0 0  1 1  0 2  0 0
   226  -.5822338593783336       4   0 0  0 2  0 2  0 0
   227  -.9100001649097386E-01   4   2 0  0 0  0 1  1 0
   228  0.5670612235541245E-01   4   1 1  0 0  0 1  1 0
   229  -.3657138419613275E-01   4   0 2  0 0  0 1  1 0
   230  0.1358368503954812E-04   4   1 0  1 0  0 1  1 0
   231  0.3530694154459047E-04   4   0 1  1 0  0 1  1 0
   232  -.1933368259449454       4   0 0  2 0  0 1  1 0
   233  0.3532169980300571E-04   4   1 0  0 1  0 1  1 0
   234  0.3694367262708054E-04   4   0 1  0 1  0 1  1 0
   235  -.4756829011368268       4   0 0  1 1  0 1  1 0
   236  -.3151603975391829       4   0 0  0 2  0 1  1 0
   237  -.4559018146593909E-01   4   2 0  0 0  0 0  2 0
   238  0.2849832031617893E-01   4   1 1  0 0  0 0  2 0
   239  -.1836300829236416E-01   4   0 2  0 0  0 0  2 0
   240  0.6798476447145288E-05   4   1 0  1 0  0 0  2 0
   241  0.1767394097279273E-04   4   0 1  1 0  0 0  2 0
   242  -.9675822121878029E-01   4   0 0  2 0  0 0  2 0
   243  0.1768427232128397E-04   4   1 0  0 1  0 0  2 0
   244  0.1847224504852019E-04   4   0 1  0 1  0 0  2 0
   245  -.2379841016347109       4   0 0  1 1  0 0  2 0
   246  -.1576533452367671       4   0 0  0 2  0 0  2 0
   247  0.4073511710788834       4   2 0  0 0  0 1  0 1
   248  -.1133186340977842       4   1 1  0 0  0 1  0 1
   249  -.7863267576831018E-01   4   0 2  0 0  0 1  0 1
   250  -.4068971328601747E-04   4   1 0  1 0  0 1  0 1
   251  -.7062225280520573E-04   4   0 1  1 0  0 1  0 1
   252  0.7140272410331140       4   0 0  2 0  0 1  0 1
   253  -.7060178005979062E-04   4   1 0  0 1  0 1  0 1
   254  -.3771167402899206E-04   4   0 1  0 1  0 1  0 1
   255  0.9512749270790777       4   0 0  1 1  0 1  0 1
   256  0.2056035757180869       4   0 0  0 2  0 1  0 1
   257  0.1144428674857504       4   2 0  0 0  0 0  1 1
   258  0.1241422243542220E-01   4   1 1  0 0  0 0  1 1
   259  -.3433016782709836E-01   4   0 2  0 0  0 0  1 1
   260  -.2039067427621910E-04   4   1 0  1 0  0 0  1 1
   261  -.2627759715853487E-04   4   0 1  1 0  0 0  1 1
   262  0.2680591025029554       4   0 0  2 0  0 0  1 1
   263  -.2627433606726094E-04   4   1 0  0 1  0 0  1 1
   264  -.1922962504241637E-04   4   0 1  0 1  0 0  1 1
   265  0.4085784127279165       4   0 0  1 1  0 0  1 1
   266  0.1106056749127579       4   0 0  0 2  0 0  1 1
   267  -.1143227217057426       4   2 0  0 0  0 0  0 2
   268  -.7546684985667643E-01   4   1 1  0 0  0 0  0 2
   269  -.9992409421195322E-02   4   0 2  0 0  0 0  0 2
   270  0.2037660103084772E-04   4   1 0  1 0  0 0  0 2
   271  0.4084846599820541E-05   4   0 1  1 0  0 0  0 2
   272  -.2679394724292722       4   0 0  2 0  0 0  0 2
   273  0.4075683589389746E-05   4   1 0  0 1  0 0  0 2
   274  0.7481835539624949E-06   4   0 1  0 1  0 0  0 2
   275  -.1370501491984172       4   0 0  1 1  0 0  0 2
   276  -.1563962251917967E-01   4   0 0  0 2  0 0  0 2
   277  -.6542821418870641E-04   4   1 0  0 0  0 3  0 0
   278  0.6277894174114186E-04   4   0 1  0 0  0 3  0 0
   279  0.1385428374192638E-04   4   0 0  1 0  0 3  0 0
   280  0.3106089137132593E-04   4   0 0  0 1  0 3  0 0
   281  -.2324810107035311E-04   4   1 0  0 0  0 2  1 0
   282  0.1910922956591494E-04   4   0 1  0 0  0 2  1 0
   283  0.6583235797619153E-05   4   0 0  1 0  0 2  1 0
   284  0.1314472460462501E-04   4   0 0  0 1  0 2  1 0
   285  -.1323531532299893E-04   4   1 0  0 0  0 1  2 0
   286  0.1033933628850134E-04   4   0 1  0 0  0 1  2 0
   287  0.4048890547442250E-05   4   0 0  1 0  0 1  2 0
   288  0.7848660117910907E-05   4   0 0  0 1  0 1  2 0
   289  -.7773991447914147E-05   4   1 0  0 0  0 0  3 0
   290  0.6396393870690795E-05   4   0 1  0 0  0 0  3 0
   291  0.2198042024467444E-05   4   0 0  1 0  0 0  3 0
   292  0.4391265224997994E-05   4   0 0  0 1  0 0  3 0
   293  0.7064225178153150E-04   4   1 0  0 0  0 2  0 1
   294  0.1037744285983652E-04   4   0 1  0 0  0 2  0 1
   295  0.3676196547088619E-05   4   0 0  1 0  0 2  0 1
   296  0.1510009642679395E-04   4   0 0  0 1  0 2  0 1
   297  0.2116110519382655E-04   4   1 0  0 0  0 1  1 1
   298  0.1091869375626287E-04   4   0 1  0 0  0 1  1 1
   299  0.1443764217027679E-05   4   0 0  1 0  0 1  1 1
   300  0.8138797095654454E-05   4   0 0  0 1  0 1  1 1
   301  0.1060666380810755E-04   4   1 0  0 0  0 0  2 1
   302  0.5455299719798979E-05   4   0 1  0 0  0 0  2 1
   303  0.7228949826435241E-06   4   0 0  1 0  0 0  2 1
   304  0.4071330608186913E-05   4   0 0  0 1  0 0  2 1
   305  -.9438371290700591E-05   4   1 0  0 0  0 1  0 2
   306  -.5357776641978785E-05   4   0 1  0 0  0 1  0 2
   307  -.1400636240855748E-04   4   0 0  1 0  0 1  0 2
   308  -.4766108142173280E-05   4   0 0  0 1  0 1  0 2
   309  -.9803817096176391E-06   4   1 0  0 0  0 0  1 2
   310  -.2446302991696068E-05   4   0 1  0 0  0 0  1 2
   311  -.5165150461370252E-05   4   0 0  1 0  0 0  1 2
   312  -.2506640908184251E-05   4   0 0  0 1  0 0  1 2
   313  -.1475350180639522E-05   4   1 0  0 0  0 0  0 3
   314  -.3012519107363281E-06   4   0 1  0 0  0 0  0 3
   315  0.9822113875395663E-06   4   0 0  1 0  0 0  0 3
   316  0.1779600037177909E-06   4   0 0  0 1  0 0  0 3
   317  -.9346168696455079E-01   4   0 0  0 0  0 4  0 0
   318  0.5342518671534593E-01   4   0 0  0 0  0 3  1 0
   319  0.1604057600255190E-01   4   0 0  0 0  0 2  2 0
   320  0.1073654229708267E-01   4   0 0  0 0  0 1  3 0
   321  0.1325936060066623E-01   4   0 0  0 0  0 0  4 0
   322  0.1730328962148619E-08   4   0 0  0 0  0 3  0 1
   323  -.1723128344664599E-09   4   0 0  0 0  0 2  1 1
   324  -.1415596423315916E-09   4   0 0  0 0  0 1  2 1
   325  -.2179919472283518E-09   4   0 0  0 0  0 0  3 1
   326  -.5915424990357843E-09   4   0 0  0 0  0 2  0 2
   327  -.2401154469090334E-09   4   0 0  0 0  0 1  1 2
   328  -.1135902220497067E-09   4   0 0  0 0  0 0  2 2
   329  -.4305207205274024E-10   4   0 0  0 0  0 1  0 3
   330  -.2025368450588845E-10   4   0 0  0 0  0 0  1 3
   331  -.1721385937360028E-11   4   0 0  0 0  0 0  0 4
   ----------------------------------------------------
     I  COEFFICIENT            ORDER EXPONENTS
     1   1.000000000000000       1   0 0  0 0  0 1  0 0
     --------------------------------------------------
     I  COEFFICIENT            ORDER EXPONENTS
     1   1.000000000000000       1   0 0  0 0  0 0  1 0
     --------------------------------------------------
     I  COEFFICIENT            ORDER EXPONENTS
     1   1.000000000000000       1   0 0  0 0  0 0  0 1
     --------------------------------------------------
