 L    0.6607784999999999E+00
 P (  0.0000000000000000E+00,  0.0000000000000000E+00,  0.1758215000000000E+00)
 A (  0.0000000000000000E+00,  0.0000000000000000E+00,  0.0000000000000000E+00)
     I  COEFFICIENT            ORDER EXPONENTS
     1  0.7801731153347265E-04   0   0 0  0 0  0 0  0 0
     2  0.5986984204811879       1   1 0  0 0  0 0  0 0
     3  0.5560738149573120       1   0 1  0 0  0 0  0 0
     4  -.5519592646402652E-04   1   0 0  1 0  0 0  0 0
     5  -.1405625935397141E-04   1   0 0  0 1  0 0  0 0
     6  0.5833510960894589E-05   1   0 0  0 0  0 1  0 0
     7  0.5825660496767296E-05   1   0 0  0 0  0 0  1 0
     8  -.1165917145753398E-04   1   0 0  0 0  0 0  0 1
     9  0.1451235024837453E-03   2   2 0  0 0  0 0  0 0
    10  -.1602653797471231E-04   2   1 1  0 0  0 0  0 0
    11  -.3025674351213332E-04   2   0 2  0 0  0 0  0 0
    12  0.9650894910513292E-05   2   1 0  1 0  0 0  0 0
    13  -.8410600665126078E-05   2   0 1  1 0  0 0  0 0
    14  -.1508495320904966E-03   2   0 0  2 0  0 0  0 0
    15  -.4243276261081770E-05   2   1 0  0 1  0 0  0 0
    16  -.2775632398513337E-05   2   0 1  0 1  0 0  0 0
    17  -.1556787714701159E-04   2   0 0  1 1  0 0  0 0
    18  -.8879917306877548E-05   2   0 0  0 2  0 0  0 0
    19  0.1883545110862747       2   1 0  0 0  0 1  0 0
    20  -.2278463005202184       2   0 1  0 0  0 1  0 0
    21  0.2769993533394054E-04   2   0 0  1 0  0 1  0 0
    22  0.1407569085222881E-04   2   0 0  0 1  0 1  0 0
    23  0.1881010324620955       2   1 0  0 0  0 0  1 0
    24  -.2275396757070022       2   0 1  0 0  0 0  1 0
    25  0.2766265806642068E-04   2   0 0  1 0  0 0  1 0
    26  0.1405674845084401E-04   2   0 0  0 1  0 0  1 0
    27  -.3764555435483697       2   1 0  0 0  0 0  0 1
    28  -.1006878387300914       2   0 1  0 0  0 0  0 1
    29  -.5536259340036061E-04   2   0 0  1 0  0 0  0 1
    30  -.1407617994913810E-04   2   0 0  0 1  0 0  0 1
    31  -.4348795553055829E-05   2   0 0  0 0  0 2  0 0
    32  -.2868062795886984E-05   2   0 0  0 0  0 1  1 0
    33  -.4341013297047848E-05   2   0 0  0 0  0 0  2 0
    34  0.5732131250747714E-05   2   0 0  0 0  0 1  0 1
    35  0.5724417218656491E-05   2   0 0  0 0  0 0  1 1
    36  0.1013100208729477E-06   2   0 0  0 0  0 0  0 2
    37  -.1546443574275678       3   3 0  0 0  0 0  0 0
    38  -.1641291795398740       3   2 1  0 0  0 0  0 0
    39  -.4692561406377754       3   1 2  0 0  0 0  0 0
    40  0.1497383094271566       3   0 3  0 0  0 0  0 0
    41  0.1230484534199387E-03   3   2 0  1 0  0 0  0 0
    42  0.1927151633092281E-03   3   1 1  1 0  0 0  0 0
    43  -.3583164289705368E-04   3   0 2  1 0  0 0  0 0
    44  -.9543138558996508       3   1 0  2 0  0 0  0 0
    45  -.7280088437090508       3   0 1  2 0  0 0  0 0
    46  -.7952611479378492E-04   3   0 0  3 0  0 0  0 0
    47  0.1248957905299384E-04   3   2 0  0 1  0 0  0 0
    48  0.4100549570569745E-04   3   1 1  0 1  0 0  0 0
    49  -.1862596604798580E-04   3   0 2  0 1  0 0  0 0
    50  -1.011604984810388       3   1 0  1 1  0 0  0 0
    51  -.2091239293374255       3   0 1  1 1  0 0  0 0
    52  -.2173959521041084E-03   3   0 0  2 1  0 0  0 0
    53  -.5670021981867976       3   1 0  0 2  0 0  0 0
    54  0.1602208648196134       3   0 1  0 2  0 0  0 0
    55  -.1366334210057305E-03   3   0 0  1 2  0 0  0 0
    56  -.3078556344144736E-04   3   0 0  0 3  0 0  0 0
    57  -.5747477124410089E-04   3   2 0  0 0  0 1  0 0
    58  0.2623401757814901E-07   3   1 1  0 0  0 1  0 0
    59  0.4000493075002097E-04   3   0 2  0 0  0 1  0 0
    60  0.5922727653217603E-06   3   1 0  1 0  0 1  0 0
    61  0.9635297343491143E-05   3   0 1  1 0  0 1  0 0
    62  0.7991111406343494E-04   3   0 0  2 0  0 1  0 0
    63  0.6053089760775298E-05   3   1 0  0 1  0 1  0 0
    64  0.4746045215821022E-05   3   0 1  0 1  0 1  0 0
    65  0.3354805136614730E-04   3   0 0  1 1  0 1  0 0
    66  0.1723689490475985E-04   3   0 0  0 2  0 1  0 0
    67  -.5739742440565226E-04   3   2 0  0 0  0 0  1 0
    68  0.2619871307331213E-07   3   1 1  0 0  0 0  1 0
    69  0.3995109399958443E-04   3   0 2  0 0  0 0  1 0
    70  0.5914757125469624E-06   3   1 0  1 0  0 0  1 0
    71  0.9622330614422145E-05   3   0 1  1 0  0 0  1 0
    72  0.7980357345220943E-04   3   0 0  2 0  0 0  1 0
    73  0.6044943797847330E-05   3   1 0  0 1  0 0  1 0
    74  0.4739658211842904E-05   3   0 1  0 1  0 0  1 0
    75  0.3350290397968482E-04   3   0 0  1 1  0 0  1 0
    76  0.1721369830394398E-04   3   0 0  0 2  0 0  1 0
    77  0.1148721956497527E-03   3   2 0  0 0  0 0  0 1
    78  0.1597410524406137E-04   3   1 1  0 0  0 0  0 1
    79  -.1944253772533905E-04   3   0 2  0 0  0 0  0 1
    80  -.1183748477846957E-05   3   1 0  1 0  0 0  0 1
    81  -.1084702729279918E-04   3   0 1  1 0  0 0  0 1
    82  -.1597146875156406E-03   3   0 0  2 0  0 0  0 1
    83  -.7854757297518284E-05   3   1 0  0 1  0 0  0 1
    84  -.3934438630649901E-05   3   0 1  0 1  0 0  0 1
    85  -.5148307819881822E-04   3   0 0  1 1  0 0  0 1
    86  -.1669075859491433E-04   3   0 0  0 2  0 0  0 1
    87  -.1351658686304302       3   1 0  0 0  0 2  0 0
    88  0.1466299589280160       3   0 1  0 0  0 2  0 0
    89  -.2082930488160282E-04   3   0 0  1 0  0 2  0 0
    90  -.1408521630535265E-04   3   0 0  0 1  0 2  0 0
    91  -.8212006721617097E-01   3   1 0  0 0  0 1  1 0
    92  0.6563182925251280E-01   3   0 1  0 0  0 1  1 0
    93  -.1397881935051345E-04   3   0 0  1 0  0 1  1 0
    94  -.1409408401561094E-04   3   0 0  0 1  0 1  1 0
    95  -.1349287121164366       3   1 0  0 0  0 0  2 0
    96  0.1463884691283779       3   0 1  0 0  0 0  2 0
    97  -.2079186776660597E-04   3   0 0  1 0  0 0  2 0
    98  -.1405677750804360E-04   3   0 0  0 1  0 0  2 0
    99  0.1640973715278107       3   1 0  0 0  0 1  0 1
   100  0.9680072892563052E-01   3   0 1  0 0  0 1  0 1
   101  0.2794122079823702E-04   3   0 0  1 0  0 1  0 1
   102  0.1410958028278052E-04   3   0 0  0 1  0 1  0 1
   103  0.1638765370188500       3   1 0  0 0  0 0  1 1
   104  0.9667045906670288E-01   3   0 1  0 0  0 0  1 1
   105  0.2790361882011052E-04   3   0 0  1 0  0 0  1 1
   106  0.1409059227459720E-04   3   0 0  0 1  0 0  1 1
   107  0.2424079788328556E-01   3   1 0  0 0  0 0  0 2
   108  0.3952224732545899E-02   3   0 1  0 0  0 0  0 2
   109  -.2432442445572437E-06   3   0 0  1 0  0 0  0 2
   110  -.2559215852539272E-07   3   0 0  0 1  0 0  0 2
   111  0.3606170266682693E-05   3   0 0  0 0  0 3  0 0
   112  0.2121929543623485E-05   3   0 0  0 0  0 2  1 0
   113  0.2124915878966014E-05   3   0 0  0 0  0 1  2 0
   114  0.3597464875117913E-05   3   0 0  0 0  0 0  3 0
   115  -.4242866832850848E-05   3   0 0  0 0  0 2  0 1
   116  -.2757600397277850E-05   3   0 0  0 0  0 1  1 1
   117  -.4235301458276840E-05   3   0 0  0 0  0 0  2 1
   118  -.1104663811655484E-06   3   0 0  0 0  0 1  0 2
   119  -.1103177207158937E-06   3   0 0  0 0  0 0  1 2
   120  0.6054686723094217E-08   3   0 0  0 0  0 0  0 3
   121  0.2774950404388224E-03   4   4 0  0 0  0 0  0 0
   122  -.4823387559763083E-04   4   3 1  0 0  0 0  0 0
   123  -.1091674492576725E-03   4   2 2  0 0  0 0  0 0
   124  0.1787943606585822E-03   4   1 3  0 0  0 0  0 0
   125  -.9826931116662387E-04   4   0 4  0 0  0 0  0 0
   126  0.7037428355476443E-05   4   3 0  1 0  0 0  0 0
   127  0.7444438943309378E-05   4   2 1  1 0  0 0  0 0
   128  0.7599127999901416E-05   4   1 2  1 0  0 0  0 0
   129  -.6927604769702336E-05   4   0 3  1 0  0 0  0 0
   130  0.9511005640366836E-03   4   2 0  2 0  0 0  0 0
   131  -.1641420175369361E-03   4   1 1  2 0  0 0  0 0
   132  0.2448899445149904E-03   4   0 2  2 0  0 0  0 0
   133  0.8156861592784978E-04   4   1 0  3 0  0 0  0 0
   134  -.1775347898673381E-04   4   0 1  3 0  0 0  0 0
   135  -.4812417159833265E-04   4   0 0  4 0  0 0  0 0
   136  0.6540463531108796E-05   4   3 0  0 1  0 0  0 0
   137  0.1021154141539033E-04   4   2 1  0 1  0 0  0 0
   138  0.8817900605495377E-05   4   1 2  0 1  0 0  0 0
   139  -.6966783624922309E-05   4   0 3  0 1  0 0  0 0
   140  0.5593786820130007E-03   4   2 0  1 1  0 0  0 0
   141  -.7078903001800524E-03   4   1 1  1 1  0 0  0 0
   142  0.2556347755255236E-04   4   0 2  1 1  0 0  0 0
   143  0.8891957776670990E-04   4   1 0  2 1  0 0  0 0
   144  -.6348537897291057E-04   4   0 1  2 1  0 0  0 0
   145  -.4272248337175109E-04   4   0 0  3 1  0 0  0 0
   146  0.1779081547691891E-03   4   2 0  0 2  0 0  0 0
   147  0.8660156821917132E-04   4   1 1  0 2  0 0  0 0
   148  -.1173435418357923E-03   4   0 2  0 2  0 0  0 0
   149  0.4580221875654786E-04   4   1 0  1 2  0 0  0 0
   150  -.2908201411321941E-04   4   0 1  1 2  0 0  0 0
   151  0.1255385711739889E-03   4   0 0  2 2  0 0  0 0
   152  0.1559081454212371E-04   4   1 0  0 3  0 0  0 0
   153  -.7960569934111038E-05   4   0 1  0 3  0 0  0 0
   154  0.5963510755490236E-04   4   0 0  1 3  0 0  0 0
   155  -.1199717243372303E-04   4   0 0  0 4  0 0  0 0
   156  0.2167393032851860       4   3 0  0 0  0 1  0 0
   157  0.4413916045219871E-01   4   2 1  0 0  0 1  0 0
   158  0.5760870376623082       4   1 2  0 0  0 1  0 0
   159  -.1565611925508202       4   0 3  0 0  0 1  0 0
   160  -.1185224160803463E-03   4   2 0  1 0  0 1  0 0
   161  -.2812314269514066E-03   4   1 1  1 0  0 1  0 0
   162  0.3176015420046558E-04   4   0 2  1 0  0 1  0 0
   163   1.074768420919263       4   1 0  2 0  0 1  0 0
   164  0.8334371577414195       4   0 1  2 0  0 1  0 0
   165  0.9798371885957699E-04   4   0 0  3 0  0 1  0 0
   166  -.5135826248294591E-04   4   2 0  0 1  0 1  0 0
   167  -.1016134963229544E-03   4   1 1  0 1  0 1  0 0
   168  0.2869119073325562E-04   4   0 2  0 1  0 1  0 0
   169   1.554619533897943       4   1 0  1 1  0 1  0 0
   170  0.4635218028157080       4   0 1  1 1  0 1  0 0
   171  0.3047046758740835E-03   4   0 0  2 1  0 1  0 0
   172  0.9223759208516389       4   1 0  0 2  0 1  0 0
   173  -.1306615433390335       4   0 1  0 2  0 1  0 0
   174  0.2407387178205679E-03   4   0 0  1 2  0 1  0 0
   175  0.6596590617447107E-04   4   0 0  0 3  0 1  0 0
   176  0.2164476257453921       4   3 0  0 0  0 0  1 0
   177  0.4407976005026930E-01   4   2 1  0 0  0 0  1 0
   178  0.5753117668770629       4   1 2  0 0  0 0  1 0
   179  -.1563504998763589       4   0 3  0 0  0 0  1 0
   180  -.1183629141985529E-03   4   2 0  1 0  0 0  1 0
   181  -.2808529589509934E-03   4   1 1  1 0  0 0  1 0
   182  0.3171741288174636E-04   4   0 2  1 0  0 0  1 0
   183   1.073322048230469       4   1 0  2 0  0 0  1 0
   184  0.8323155572930659       4   0 1  2 0  0 0  1 0
   185  0.9785185698859593E-04   4   0 0  3 0  0 0  1 0
   186  -.5128914695372664E-04   4   2 0  0 1  0 0  1 0
   187  -.1014767496684810E-03   4   1 1  0 1  0 0  1 0
   188  0.2865257948093550E-04   4   0 2  0 1  0 0  1 0
   189   1.552527400195896       4   1 0  1 1  0 0  1 0
   190  0.4628980170185077       4   0 1  1 1  0 0  1 0
   191  0.3042946186816760E-03   4   0 0  2 1  0 0  1 0
   192  0.9211346308074218       4   1 0  0 2  0 0  1 0
   193  -.1304857051918730       4   0 1  0 2  0 0  1 0
   194  0.2404147429998408E-03   4   0 0  1 2  0 0  1 0
   195  0.6587713236682932E-04   4   0 0  0 3  0 0  1 0
   196  -.4331869290305729       4   3 0  0 0  0 0  0 1
   197  0.7591025903740582E-01   4   2 1  0 0  0 0  0 1
   198  -.2128865232638195       4   1 2  0 0  0 0  0 1
   199  -.1363032358542908       4   0 3  0 0  0 0  0 1
   200  0.2368853302788914E-03   4   2 0  1 0  0 0  0 1
   201  0.3693692225931207E-03   4   1 1  1 0  0 0  0 1
   202  0.8185718711919960E-05   4   0 2  1 0  0 0  0 1
   203  -2.148090469149681       4   1 0  2 0  0 0  0 1
   204  -.9377438713254126       4   0 1  2 0  0 0  0 1
   205  -.1958355758481570E-03   4   0 0  3 0  0 0  0 1
   206  0.9015783038360584E-04   4   2 0  0 1  0 0  0 1
   207  0.1210792545800711E-03   4   1 1  0 1  0 0  0 1
   208  -.1465872070231086E-05   4   0 2  0 1  0 0  0 1
   209  -2.095541949283402       4   1 0  1 1  0 0  0 1
   210  -.5081719611593483       4   0 1  1 1  0 0  0 1
   211  -.3916033424517057E-03   4   0 0  2 1  0 0  0 1
   212  -.7095061552854498       4   1 0  0 2  0 0  0 1
   213  -.2195153459279289       4   0 1  0 2  0 0  0 1
   214  -.2078866188090307E-03   4   0 0  1 2  0 0  0 1
   215  -.3948634821700208E-04   4   0 0  0 3  0 0  0 1
   216  0.5362926625296730E-04   4   2 0  0 0  0 2  0 0
   217  0.2452715556778960E-03   4   1 1  0 0  0 2  0 0
   218  -.1606178155588042E-03   4   0 2  0 0  0 2  0 0
   219  0.6188309671330006E-05   4   1 0  1 0  0 2  0 0
   220  -.1136064019177883E-05   4   0 1  1 0  0 2  0 0
   221  0.1411384792337220E-03   4   0 0  2 0  0 2  0 0
   222  0.9041008222275934E-05   4   1 0  0 1  0 2  0 0
   223  -.6292536091441968E-05   4   0 1  0 1  0 2  0 0
   224  0.8705994269153732E-04   4   0 0  1 1  0 2  0 0
   225  -.4289734055701322E-04   4   0 0  0 2  0 2  0 0
   226  0.6918556785837010E-06   4   2 0  0 0  0 1  1 0
   227  0.2844239804505431E-03   4   1 1  0 0  0 1  1 0
   228  -.1778616502801226E-03   4   0 2  0 0  0 1  1 0
   229  0.3424586983413176E-05   4   1 0  1 0  0 1  1 0
   230  -.7043749224323992E-06   4   0 1  1 0  0 1  1 0
   231  0.1653770746654886E-03   4   0 0  2 0  0 1  1 0
   232  0.9597828956765339E-05   4   1 0  0 1  0 1  1 0
   233  -.7600872259140278E-05   4   0 1  0 1  0 1  1 0
   234  0.9606680450278084E-04   4   0 0  1 1  0 1  1 0
   235  -.4958601082372371E-04   4   0 0  0 2  0 1  1 0
   236  0.5355662898050298E-04   4   2 0  0 0  0 0  2 0
   237  0.2447500985833072E-03   4   1 1  0 0  0 0  2 0
   238  -.1602819847589779E-03   4   0 2  0 0  0 0  2 0
   239  0.6177677411921766E-05   4   1 0  1 0  0 0  2 0
   240  -.1134061200466298E-05   4   0 1  1 0  0 0  2 0
   241  0.1408372633834197E-03   4   0 0  2 0  0 0  2 0
   242  0.9022383106543682E-05   4   1 0  0 1  0 0  2 0
   243  -.6278953445083759E-05   4   0 1  0 1  0 0  2 0
   244  0.8687814043462387E-04   4   0 0  1 1  0 0  2 0
   245  -.4280624607955356E-04   4   0 0  0 2  0 0  2 0
   246  0.2251665607685074E-04   4   2 0  0 0  0 1  0 1
   247  -.1467138054902913E-03   4   1 1  0 0  0 1  0 1
   248  -.6178466283767319E-04   4   0 2  0 0  0 1  0 1
   249  -.5133413977079865E-05   4   1 0  1 0  0 1  0 1
   250  -.8376377579429788E-07   4   0 1  1 0  0 1  0 1
   251  -.1537241670814542E-03   4   0 0  2 0  0 1  0 1
   252  -.3393740720392998E-05   4   1 0  0 1  0 1  0 1
   253  -.2554395519805681E-05   4   0 1  0 1  0 1  0 1
   254  -.9473214988541723E-04   4   0 0  1 1  0 1  0 1
   255  -.2863653145004177E-04   4   0 0  0 2  0 1  0 1
   256  0.2248635422227591E-04   4   2 0  0 0  0 0  1 1
   257  -.1465163649652443E-03   4   1 1  0 0  0 0  1 1
   258  -.6170151595023653E-04   4   0 2  0 0  0 0  1 1
   259  -.5126505670478853E-05   4   1 0  1 0  0 0  1 1
   260  -.8365105045248609E-07   4   0 1  1 0  0 0  1 1
   261  -.1535172923421645E-03   4   0 0  2 0  0 0  1 1
   262  -.3389173584072876E-05   4   1 0  0 1  0 0  1 1
   263  -.2550957934699613E-05   4   0 1  0 1  0 0  1 1
   264  -.9460466382267221E-04   4   0 0  1 1  0 0  1 1
   265  -.2859799375560901E-04   4   0 0  0 2  0 0  1 1
   266  -.9163447174366365E-04   4   2 0  0 0  0 0  0 2
   267  -.2486781406144001E-04   4   1 1  0 0  0 0  0 2
   268  0.1799200911654172E-05   4   0 2  0 0  0 0  0 2
   269  -.3379292882987209E-05   4   1 0  1 0  0 0  0 2
   270  0.1320352946495797E-05   4   0 1  1 0  0 0  0 2
   271  0.2837169921331196E-04   4   0 0  2 0  0 0  0 2
   272  -.2706791347012325E-05   4   1 0  0 1  0 0  0 2
   273  -.1660672773708527E-06   4   0 1  0 1  0 0  0 2
   274  0.8057727728964365E-05   4   0 0  1 1  0 0  0 2
   275  -.5267957310933105E-06   4   0 0  0 2  0 0  0 2
   276  0.1086642340895382       4   1 0  0 0  0 3  0 0
   277  -.1065360588190574       4   0 1  0 0  0 3  0 0
   278  0.1740846698180388E-04   4   0 0  1 0  0 3  0 0
   279  0.1409261648099602E-04   4   0 0  0 1  0 3  0 0
   280  0.5569654575140461E-01   4   1 0  0 0  0 2  1 0
   281  -.2640109253065171E-01   4   0 1  0 0  0 2  1 0
   282  0.1057037512677405E-04   4   0 0  1 0  0 2  1 0
   283  0.1410856560048607E-04   4   0 0  0 1  0 2  1 0
   284  0.5580317268476118E-01   4   1 0  0 0  0 1  2 0
   285  -.2656256590883260E-01   4   0 1  0 0  0 1  2 0
   286  0.1058413140797755E-04   4   0 0  1 0  0 1  2 0
   287  0.1410849512145981E-04   4   0 0  0 1  0 1  2 0
   288  0.1084074549557973       4   1 0  0 0  0 0  3 0
   289  -.1063032613720677       4   0 1  0 0  0 0  3 0
   290  0.1736622277677795E-04   4   0 0  1 0  0 0  3 0
   291  0.1405468818385085E-04   4   0 0  0 1  0 0  3 0
   292  -.1113574286418384       4   1 0  0 0  0 2  0 1
   293  -.9388073853107040E-01   4   0 1  0 0  0 2  0 1
   294  -.2113477158706846E-04   4   0 0  1 0  0 2  0 1
   295  -.1413575418538227E-04   4   0 0  0 1  0 2  0 1
   296  -.5875913842636812E-01   4   1 0  0 0  0 1  1 1
   297  -.9096843199639004E-01   4   0 1  0 0  0 1  1 1
   298  -.1434659136997001E-04   4   0 0  1 0  0 1  1 1
   299  -.1416183208758593E-04   4   0 0  0 1  0 1  1 1
   300  -.1111680314228300       4   1 0  0 0  0 0  2 1
   301  -.9369318774330770E-01   4   0 1  0 0  0 0  2 1
   302  -.2109667592420847E-04   4   0 0  1 0  0 0  2 1
   303  -.1410720179049449E-04   4   0 0  0 1  0 0  2 1
   304  -.2336039473979029E-01   4   1 0  0 0  0 1  0 2
   305  -.5836157107113686E-02   4   0 1  0 0  0 1  0 2
   306  0.3655404101416356E-06   4   0 0  1 0  0 1  0 2
   307  0.5128378908713630E-07   4   0 0  0 1  0 1  0 2
   308  -.2332895742148729E-01   4   1 0  0 0  0 0  1 2
   309  -.5828303081927637E-02   4   0 1  0 0  0 0  1 2
   310  0.3650484830848792E-06   4   0 0  1 0  0 0  1 2
   311  0.5121477378067031E-07   4   0 0  0 1  0 0  1 2
   312  -.5974145350985130E-03   4   1 0  0 0  0 0  0 3
   313  -.6407133619897170E-04   4   0 1  0 0  0 0  0 3
   314  -.8136680135588966E-07   4   0 0  1 0  0 0  0 3
   315  -.8574029097695654E-08   4   0 0  0 1  0 0  0 3
   316  -.2171909120770610E-04   4   0 0  0 0  0 4  0 0
   317  -.1078763368642726E-04   4   0 0  0 0  0 3  1 0
   318  -.9322777180599525E-05   4   0 0  0 0  0 2  2 0
   319  -.1081893866475701E-04   4   0 0  0 0  0 1  3 0
   320  -.2165340909090834E-04   4   0 0  0 0  0 0  4 0
   321  -.2774206831220916E-05   4   0 0  0 0  0 3  0 1
   322  -.3238008059920973E-05   4   0 0  0 0  0 2  1 1
   323  -.3237064280820452E-05   4   0 0  0 0  0 1  2 1
   324  -.2766430892160000E-05   4   0 0  0 0  0 0  3 1
   325  0.4634944483279294E-07   4   0 0  0 0  0 2  0 2
   326  0.7343028287363430E-07   4   0 0  0 0  0 1  1 2
   327  0.4623766042727701E-07   4   0 0  0 0  0 0  2 2
   328  0.6710441713220507E-09   4   0 0  0 0  0 1  0 3
   329  0.6701411117015002E-09   4   0 0  0 0  0 0  1 3
   330  0.7392613384961438E-15   4   0 0  0 0  0 0  0 4
   ----------------------------------------------------
     I  COEFFICIENT            ORDER EXPONENTS
     1  -.4978723382641528E-04   0   0 0  0 0  0 0  0 0
     2  -1.105224651551427       1   1 0  0 0  0 0  0 0
     3  0.6437523430960894       1   0 1  0 0  0 0  0 0
     4  -.1576212218397058E-03   1   0 0  1 0  0 0  0 0
     5  -.4876921583667508E-04   1   0 0  0 1  0 0  0 0
     6  -.5951446599453612E-06   1   0 0  0 0  0 1  0 0
     7  -.5943437423102944E-06   1   0 0  0 0  0 0  1 0
     8  -.4859774542415960E-04   1   0 0  0 0  0 0  0 1
     9  -.1025450075044305E-04   2   2 0  0 0  0 0  0 0
    10  -.3015518760814229E-03   2   1 1  0 0  0 0  0 0
    11  -.7557011530882782E-04   2   0 2  0 0  0 0  0 0
    12  -.4056485900639833E-04   2   1 0  1 0  0 0  0 0
    13  -.3252450951039914E-04   2   0 1  1 0  0 0  0 0
    14  0.1417513633933171E-03   2   0 0  2 0  0 0  0 0
    15  -.2812423764798663E-04   2   1 0  0 1  0 0  0 0
    16  -.1642721985794873E-04   2   0 1  0 1  0 0  0 0
    17  0.3281118335061137E-03   2   0 0  1 1  0 0  0 0
    18  0.6754100292489168E-04   2   0 0  0 2  0 0  0 0
    19  -.5391418899182924E-01   2   1 0  0 0  0 1  0 0
    20  0.1680101678809832       2   0 1  0 0  0 1  0 0
    21  0.4883443608694997E-06   2   0 0  1 0  0 1  0 0
    22  0.2446446312847260E-04   2   0 0  0 1  0 1  0 0
    23  -.5384163381717164E-01   2   1 0  0 0  0 0  1 0
    24  0.1677840677150937       2   0 1  0 0  0 0  1 0
    25  0.4876871700433819E-06   2   0 0  1 0  0 0  1 0
    26  0.2443154000696446E-04   2   0 0  0 1  0 0  1 0
    27  -.9974688287424263       2   1 0  0 0  0 0  0 1
    28  -.3357942355960770       2   0 1  0 0  0 0  0 1
    29  -.1585972533706175E-03   2   0 0  1 0  0 0  0 1
    30  -.4889600313564832E-04   2   0 0  0 1  0 0  0 1
    31  0.4509063294336343E-06   2   0 0  0 0  0 2  0 0
    32  0.3070545021242809E-06   2   0 0  0 0  0 1  1 0
    33  0.4500929111512570E-06   2   0 0  0 0  0 0  2 0
    34  -.1208865315972942E-05   2   0 0  0 0  0 1  0 1
    35  -.1207238482002549E-05   2   0 0  0 0  0 0  1 1
    36  0.1208051026834850E-05   2   0 0  0 0  0 0  0 2
    37  -.6191261659866290       3   3 0  0 0  0 0  0 0
    38  -.9233061563105647       3   2 1  0 0  0 0  0 0
    39  0.1851778069598474       3   1 2  0 0  0 0  0 0
    40  -.5090274515617269E-01   3   0 3  0 0  0 0  0 0
    41  0.4938645839912684E-03   3   2 0  1 0  0 0  0 0
    42  0.3273325304771749E-03   3   1 1  1 0  0 0  0 0
    43  0.5767247282025056E-04   3   0 2  1 0  0 0  0 0
    44  -3.464564472302143       3   1 0  2 0  0 0  0 0
    45  -.8478364266922440       3   0 1  2 0  0 0  0 0
    46  -.1202138442205920E-03   3   0 0  3 0  0 0  0 0
    47  0.1318664026699656E-03   3   2 0  0 1  0 0  0 0
    48  0.2537165946750473E-03   3   1 1  0 1  0 0  0 0
    49  0.4242807263085900E-04   3   0 2  0 1  0 0  0 0
    50  -2.638494226712746       3   1 0  1 1  0 0  0 0
    51  -.9768614952043981       3   0 1  1 1  0 0  0 0
    52  -.1046472965526717E-03   3   0 0  2 1  0 0  0 0
    53  -.9045485547341883       3   1 0  0 2  0 0  0 0
    54  -.5262529101709185       3   0 1  0 2  0 0  0 0
    55  -.3572932802550309E-04   3   0 0  1 2  0 0  0 0
    56  -.2880049796942534E-04   3   0 0  0 3  0 0  0 0
    57  -.4455516863645175E-05   3   2 0  0 0  0 1  0 0
    58  0.1379422178635832E-03   3   1 1  0 0  0 1  0 0
    59  0.7632516611599237E-04   3   0 2  0 0  0 1  0 0
    60  0.1983265606460918E-04   3   1 0  1 0  0 1  0 0
    61  0.2371125912632730E-04   3   0 1  1 0  0 1  0 0
    62  -.6400170467053050E-04   3   0 0  2 0  0 1  0 0
    63  0.1806245659650614E-04   3   1 0  0 1  0 1  0 0
    64  0.1880615840374413E-04   3   0 1  0 1  0 1  0 0
    65  -.1694961707933320E-03   3   0 0  1 1  0 1  0 0
    66  -.6559399328710576E-04   3   0 0  0 2  0 1  0 0
    67  -.4449520839030529E-05   3   2 0  0 0  0 0  1 0
    68  0.1377565817277706E-03   3   1 1  0 0  0 0  1 0
    69  0.7622245130451465E-04   3   0 2  0 0  0 0  1 0
    70  0.1980596621075782E-04   3   1 0  1 0  0 0  1 0
    71  0.2367934963126806E-04   3   0 1  1 0  0 0  1 0
    72  -.6391557419267576E-04   3   0 0  2 0  0 0  1 0
    73  0.1803814899367243E-04   3   1 0  0 1  0 0  1 0
    74  0.1878084996206824E-04   3   0 1  0 1  0 0  1 0
    75  -.1692680708347535E-03   3   0 0  1 1  0 0  1 0
    76  -.6550571998227460E-04   3   0 0  0 2  0 0  1 0
    77  -.1349463047762639E-05   3   2 0  0 0  0 0  0 1
    78  -.2756987995913530E-03   3   1 1  0 0  0 0  0 1
    79  -.7697750211167906E-04   3   0 2  0 0  0 0  0 1
    80  -.8020348128176522E-04   3   1 0  1 0  0 0  0 1
    81  -.4739060875759558E-04   3   0 1  1 0  0 0  0 1
    82  0.2696686422565114E-03   3   0 0  2 0  0 0  0 1
    83  -.3610060559017787E-04   3   1 0  0 1  0 0  0 1
    84  -.2115978850786342E-04   3   0 1  0 1  0 0  0 1
    85  0.3387642416280703E-03   3   0 0  1 1  0 0  0 1
    86  0.6355871034467794E-04   3   0 0  0 2  0 0  0 1
    87  0.3952726012682744E-01   3   1 0  0 0  0 2  0 0
    88  -.1209740215081699       3   0 1  0 0  0 2  0 0
    89  -.4839138182414591E-06   3   0 0  1 0  0 2  0 0
    90  -.1838507806089741E-04   3   0 0  0 1  0 2  0 0
    91  0.2517897760837551E-01   3   1 0  0 0  0 1  1 0
    92  -.7406417297031435E-01   3   0 1  0 0  0 1  1 0
    93  -.4831061295632311E-06   3   0 0  1 0  0 1  1 0
    94  -.1232604739924962E-04   3   0 0  0 1  0 1  1 0
    95  0.3945712386229353E-01   3   1 0  0 0  0 0  2 0
    96  -.1207613843346023       3   0 1  0 0  0 0  2 0
    97  -.4829375191068328E-06   3   0 0  1 0  0 0  2 0
    98  -.1835204238246009E-04   3   0 0  0 1  0 0  2 0
    99  -.1042335401467951       3   1 0  0 0  0 1  0 1
   100  0.1480020627845560       3   0 1  0 0  0 1  0 1
   101  0.1457795147312541E-05   3   0 0  1 0  0 1  0 1
   102  0.2464300689117624E-04   3   0 0  0 1  0 1  0 1
   103  -.1040932675608227       3   1 0  0 0  0 0  1 1
   104  0.1478028885835559       3   0 1  0 0  0 0  1 1
   105  0.1455833315306298E-05   3   0 0  1 0  0 0  1 1
   106  0.2460984349388646E-04   3   0 0  0 1  0 0  1 1
   107  0.1041634198844441       3   1 0  0 0  0 0  0 2
   108  0.1999463455354109E-01   3   0 1  0 0  0 0  0 2
   109  -.1461585320867717E-05   3   0 0  1 0  0 0  0 2
   110  -.1830886939711145E-06   3   0 0  0 1  0 0  0 2
   111  -.3785901163452583E-06   3   0 0  0 0  0 3  0 0
   112  -.2340569815375492E-06   3   0 0  0 0  0 2  1 0
   113  -.2343477118441985E-06   3   0 0  0 0  0 1  2 0
   114  -.3776686041730371E-06   3   0 0  0 0  0 0  3 0
   115  0.9189237002246872E-06   3   0 0  0 0  0 2  0 1
   116  0.6297602746110395E-06   3   0 0  0 0  0 1  1 1
   117  0.9172633051308383E-06   3   0 0  0 0  0 0  2 1
   118  -.6293724596265482E-06   3   0 0  0 0  0 1  0 2
   119  -.6285254798316450E-06   3   0 0  0 0  0 0  1 2
   120  0.1661563754111126E-07   3   0 0  0 0  0 0  0 3
   121  0.2234114103355220E-03   4   4 0  0 0  0 0  0 0
   122  -.4284694158328789E-03   4   3 1  0 0  0 0  0 0
   123  -.5594664358934222E-03   4   2 2  0 0  0 0  0 0
   124  -.2531152981584738E-03   4   1 3  0 0  0 0  0 0
   125  -.5502532460889904E-04   4   0 4  0 0  0 0  0 0
   126  0.2678594941019697E-07   4   3 0  1 0  0 0  0 0
   127  -.2873502681875998E-04   4   2 1  1 0  0 0  0 0
   128  -.1544508689641115E-04   4   1 2  1 0  0 0  0 0
   129  -.2641632169638703E-05   4   0 3  1 0  0 0  0 0
   130  0.2394537018337763E-03   4   2 0  2 0  0 0  0 0
   131  -.2268206079611825E-02   4   1 1  2 0  0 0  0 0
   132  -.7176858345373557E-04   4   0 2  2 0  0 0  0 0
   133  0.1464855062272176E-06   4   1 0  3 0  0 0  0 0
   134  -.5445948171670020E-04   4   0 1  3 0  0 0  0 0
   135  -.4473855150987632E-03   4   0 0  4 0  0 0  0 0
   136  0.1295288084140889E-06   4   3 0  0 1  0 0  0 0
   137  -.3714053648583359E-05   4   2 1  0 1  0 0  0 0
   138  0.4858576635483764E-05   4   1 2  0 1  0 0  0 0
   139  0.1179912348838827E-05   4   0 3  0 1  0 0  0 0
   140  -.1773420668209285E-02   4   2 0  1 1  0 0  0 0
   141  -.3043565688533280E-02   4   1 1  1 1  0 0  0 0
   142  0.3538339137914563E-04   4   0 2  1 1  0 0  0 0
   143  -.1088710247167759E-03   4   1 0  2 1  0 0  0 0
   144  -.7549417570953752E-04   4   0 1  2 1  0 0  0 0
   145  -.7874206837671286E-03   4   0 0  3 1  0 0  0 0
   146  -.2981486642130729E-03   4   2 0  0 2  0 0  0 0
   147  -.1274233117052078E-02   4   1 1  0 2  0 0  0 0
   148  -.6486256980717133E-04   4   0 2  0 2  0 0  0 0
   149  -.4286412556943469E-04   4   1 0  1 2  0 0  0 0
   150  -.4431724845279941E-04   4   0 1  1 2  0 0  0 0
   151  -.4043909403206899E-03   4   0 0  2 2  0 0  0 0
   152  0.2989155685711116E-05   4   1 0  0 3  0 0  0 0
   153  -.3226370665494539E-05   4   0 1  0 3  0 0  0 0
   154  0.3277727961242997E-04   4   0 0  1 3  0 0  0 0
   155  0.1006817333062856E-03   4   0 0  0 4  0 0  0 0
   156  0.1401948067157069       4   3 0  0 0  0 1  0 0
   157  0.7523204897061117       4   2 1  0 0  0 1  0 0
   158  -.3074476836714935E-01   4   1 2  0 0  0 1  0 0
   159  0.9595487782758955E-01   4   0 3  0 0  0 1  0 0
   160  -.2824997795089993E-03   4   2 0  1 0  0 1  0 0
   161  -.3617459775619104E-03   4   1 1  1 0  0 1  0 0
   162  -.9372674841812072E-04   4   0 2  1 0  0 1  0 0
   163   1.890817183697023       4   1 0  2 0  0 1  0 0
   164  0.9805942483794100       4   0 1  2 0  0 1  0 0
   165  0.4831357185727763E-04   4   0 0  3 0  0 1  0 0
   166  -.1331214292038916E-03   4   2 0  0 1  0 1  0 0
   167  -.3071880219166535E-03   4   1 1  0 1  0 1  0 0
   168  -.7397322727641011E-04   4   0 2  0 1  0 1  0 0
   169   2.613295547084611       4   1 0  1 1  0 1  0 0
   170   1.514120313663508       4   0 1  1 1  0 1  0 0
   171  0.9132169547817294E-04   4   0 0  2 1  0 1  0 0
   172   1.037391712926279       4   1 0  0 2  0 1  0 0
   173  0.8674469323811116       4   0 1  0 2  0 1  0 0
   174  0.4961193175811162E-04   4   0 0  1 2  0 1  0 0
   175  0.4506733140031027E-04   4   0 0  0 3  0 1  0 0
   176  0.1400061391519905       4   3 0  0 0  0 0  1 0
   177  0.7513080522467088       4   2 1  0 0  0 0  1 0
   178  -.3070339350683739E-01   4   1 2  0 0  0 0  1 0
   179  0.9582574627520662E-01   4   0 3  0 0  0 0  1 0
   180  -.2821196046194869E-03   4   2 0  1 0  0 0  1 0
   181  -.3612591568738045E-03   4   1 1  1 0  0 0  1 0
   182  -.9360061537728873E-04   4   0 2  1 0  0 0  1 0
   183   1.888272611042333       4   1 0  2 0  0 0  1 0
   184  0.9792746108537635       4   0 1  2 0  0 0  1 0
   185  0.4824855372927367E-04   4   0 0  3 0  0 0  1 0
   186  -.1329422806582622E-03   4   2 0  0 1  0 0  1 0
   187  -.3067746227540287E-03   4   1 1  0 1  0 0  1 0
   188  -.7387367759338060E-04   4   0 2  0 1  0 0  1 0
   189   2.609778697097676       4   1 0  1 1  0 0  1 0
   190   1.512082681903401       4   0 1  1 1  0 0  1 0
   191  0.9119879904444445E-04   4   0 0  2 1  0 0  1 0
   192   1.035995640049595       4   1 0  0 2  0 0  1 0
   193  0.8662795631808808       4   0 1  0 2  0 0  1 0
   194  0.4954516635860380E-04   4   0 0  1 2  0 0  1 0
   195  0.4500668190969140E-04   4   0 0  0 3  0 0  1 0
   196  -.8993271118543334       4   3 0  0 0  0 0  0 1
   197  -1.503628541952806       4   2 1  0 0  0 0  0 1
   198  -.1237296450858575       4   1 2  0 0  0 0  0 1
   199  -.8997513379045013E-01   4   0 3  0 0  0 0  0 1
   200  0.1058483968119740E-02   4   2 0  1 0  0 0  0 1
   201  0.7230051344357146E-03   4   1 1  1 0  0 0  0 1
   202  0.1296548909751605E-03   4   0 2  1 0  0 0  0 1
   203  -7.243654267041438       4   1 0  2 0  0 0  0 1
   204  -1.959868859233187       4   0 1  2 0  0 0  0 1
   205  -.2167759698071128E-03   4   0 0  3 0  0 0  0 1
   206  0.2660637098621511E-03   4   2 0  0 1  0 0  0 1
   207  0.3602460499956334E-03   4   1 1  0 1  0 0  0 1
   208  0.6299075960807222E-04   4   0 2  0 1  0 0  0 1
   209  -5.223074244182272       4   1 0  1 1  0 0  0 1
   210  -2.049341500362527       4   0 1  1 1  0 0  0 1
   211  -.1825204945226222E-03   4   0 0  2 1  0 0  0 1
   212  -1.168838798241665       4   1 0  0 2  0 0  0 1
   213  -.6812206752201493       4   0 1  0 2  0 0  0 1
   214  -.6342777009122043E-04   4   0 0  1 2  0 0  0 1
   215  -.3247301737115641E-04   4   0 0  0 3  0 0  0 1
   216  0.1350107097048199E-03   4   2 0  0 0  0 2  0 0
   217  -.1973663135426296E-03   4   1 1  0 0  0 2  0 0
   218  -.5557324657526615E-04   4   0 2  0 0  0 2  0 0
   219  0.1613964180766053E-04   4   1 0  1 0  0 2  0 0
   220  0.5814814287922816E-06   4   0 1  1 0  0 2  0 0
   221  0.1882260137647098E-03   4   0 0  2 0  0 2  0 0
   222  0.1060816566771808E-04   4   1 0  0 1  0 2  0 0
   223  0.3663262179702851E-05   4   0 1  0 1  0 2  0 0
   224  0.4243636646652086E-03   4   0 0  1 1  0 2  0 0
   225  0.2327225809659545E-03   4   0 0  0 2  0 2  0 0
   226  0.1206248091691023E-03   4   2 0  0 0  0 1  1 0
   227  -.1299623817806067E-03   4   1 1  0 0  0 1  1 0
   228  -.4077905042534617E-04   4   0 2  0 0  0 1  1 0
   229  0.1892428230741999E-04   4   1 0  1 0  0 1  1 0
   230  0.5883949357379543E-05   4   0 1  1 0  0 1  1 0
   231  0.1921098397326936E-03   4   0 0  2 0  0 1  1 0
   232  0.1260605384174382E-04   4   1 0  0 1  0 1  1 0
   233  0.6446499601007034E-05   4   0 1  0 1  0 1  1 0
   234  0.4466064025019741E-03   4   0 0  1 1  0 1  1 0
   235  0.2699655192227216E-03   4   0 0  0 2  0 1  1 0
   236  0.1347478530628694E-03   4   2 0  0 0  0 0  2 0
   237  -.1970132586351753E-03   4   1 1  0 0  0 0  2 0
   238  -.5547101945699478E-04   4   0 2  0 0  0 0  2 0
   239  0.1610518813472122E-04   4   1 0  1 0  0 0  2 0
   240  0.5767397276175722E-06   4   0 1  1 0  0 0  2 0
   241  0.1878434418819269E-03   4   0 0  2 0  0 0  2 0
   242  0.1058540738172919E-04   4   1 0  0 1  0 0  2 0
   243  0.3653994636430112E-05   4   0 1  0 1  0 0  2 0
   244  0.4234920651205404E-03   4   0 0  1 1  0 0  2 0
   245  0.2322277404479591E-03   4   0 0  0 2  0 0  2 0
   246  -.2444042038573610E-03   4   2 0  0 0  0 1  0 1
   247  0.9733446305483182E-04   4   1 1  0 0  0 1  0 1
   248  0.3371604225455738E-04   4   0 2  0 0  0 1  0 1
   249  -.2558767837125129E-04   4   1 0  1 0  0 1  0 1
   250  -.2739528554113387E-06   4   0 1  1 0  0 1  0 1
   251  -.4425598073651614E-03   4   0 0  2 0  0 1  0 1
   252  -.7321713139136015E-05   4   1 0  0 1  0 1  0 1
   253  -.9568294895847907E-06   4   0 1  0 1  0 1  0 1
   254  -.6867770924102132E-03   4   0 0  1 1  0 1  0 1
   255  -.2437004031709375E-03   4   0 0  0 2  0 1  0 1
   256  -.2440752961981808E-03   4   2 0  0 0  0 0  1 1
   257  0.9720347492166681E-04   4   1 1  0 0  0 0  1 1
   258  0.3367066879387311E-04   4   0 2  0 0  0 0  1 1
   259  -.2555324367960482E-04   4   1 0  1 0  0 0  1 1
   260  -.2735841825694753E-06   4   0 1  1 0  0 0  1 1
   261  -.4419642312335270E-03   4   0 0  2 0  0 0  1 1
   262  -.7311859922653745E-05   4   1 0  0 1  0 0  1 1
   263  -.9555418335515191E-06   4   0 1  0 1  0 0  1 1
   264  -.6858528601659253E-03   4   0 0  1 1  0 0  1 1
   265  -.2433724426535502E-03   4   0 0  0 2  0 0  1 1
   266  0.9809613555521316E-04   4   2 0  0 0  0 0  0 2
   267  0.1241928732488768E-03   4   1 1  0 0  0 0  0 2
   268  0.2061612349914830E-04   4   0 2  0 0  0 0  0 2
   269  -.2819019437260344E-07   4   1 0  1 0  0 0  0 2
   270  0.1628862001638354E-05   4   0 1  1 0  0 0  0 2
   271  0.3163447304248079E-03   4   0 0  2 0  0 0  0 2
   272  -.7709318182142893E-08   4   1 0  0 1  0 0  0 2
   273  0.2192231459319352E-06   4   0 1  0 1  0 0  0 2
   274  0.2110403943196982E-03   4   0 0  1 1  0 0  0 2
   275  0.3021828088858102E-04   4   0 0  0 2  0 0  0 2
   276  -.3234629228374391E-01   4   1 0  0 0  0 3  0 0
   277  0.9752850928019959E-01   4   0 1  0 0  0 3  0 0
   278  0.4875626678304616E-06   4   0 0  1 0  0 3  0 0
   279  0.1536136260078824E-04   4   0 0  0 1  0 3  0 0
   280  -.1799401767974791E-01   4   1 0  0 0  0 2  1 0
   281  0.5066900605973904E-01   4   0 1  0 0  0 2  1 0
   282  0.4914207817052709E-06   4   0 0  1 0  0 2  1 0
   283  0.9314382728554523E-05   4   0 0  0 1  0 2  1 0
   284  -.1802290173072446E-01   4   1 0  0 0  0 1  2 0
   285  0.5076333308264672E-01   4   0 1  0 0  0 1  2 0
   286  0.4914116691089002E-06   4   0 0  1 0  0 1  2 0
   287  0.9326547609034390E-05   4   0 0  0 1  0 1  2 0
   288  -.3226890569312787E-01   4   1 0  0 0  0 0  3 0
   289  0.9729758739377251E-01   4   0 1  0 0  0 0  3 0
   290  0.4862482396701444E-06   4   0 0  1 0  0 0  3 0
   291  0.1532409472851725E-04   4   0 0  0 1  0 0  3 0
   292  0.7550559250432429E-01   4   1 0  0 0  0 2  0 1
   293  -.1013064738028204       4   0 1  0 0  0 2  0 1
   294  -.1463542663664788E-05   4   0 0  1 0  0 2  0 1
   295  -.1861787639615618E-04   4   0 0  0 1  0 2  0 1
   296  0.4685477752568817E-01   4   1 0  0 0  0 1  1 1
   297  -.5473629822776082E-01   4   0 1  0 0  0 1  1 1
   298  -.1469272070185293E-05   4   0 0  1 0  0 1  1 1
   299  -.1260891794471391E-04   4   0 0  0 1  0 1  1 1
   300  0.7537245316068369E-01   4   1 0  0 0  0 0  2 1
   301  -.1011333095595239       4   0 1  0 0  0 0  2 1
   302  -.1460584458375132E-05   4   0 0  1 0  0 0  2 1
   303  -.1858433709176575E-04   4   0 0  0 1  0 0  2 1
   304  -.4681619556547283E-01   4   1 0  0 0  0 1  0 2
   305  -.1932744836877970E-01   4   0 1  0 0  0 1  0 2
   306  0.1464720376956464E-05   4   0 0  1 0  0 1  0 2
   307  0.2752506476034660E-06   4   0 0  0 1  0 1  0 2
   308  -.4675319253585161E-01   4   1 0  0 0  0 0  1 2
   309  -.1930143839963593E-01   4   0 1  0 0  0 0  1 2
   310  0.1462749225302844E-05   4   0 0  1 0  0 0  1 2
   311  0.2748802282538943E-06   4   0 0  0 1  0 0  1 2
   312  -.3531343927706892E-02   4   1 0  0 0  0 0  0 3
   313  -.4534607795554993E-03   4   0 1  0 0  0 0  0 3
   314  -.4886280936459030E-06   4   0 0  1 0  0 0  0 3
   315  -.6131782922437264E-07   4   0 0  0 1  0 0  0 3
   316  0.1383761067690895E-04   4   0 0  0 0  0 4  0 0
   317  0.7255578061123772E-05   4   0 0  0 0  0 3  1 0
   318  0.6379716667501751E-05   4   0 0  0 0  0 2  2 0
   319  0.7274415641355506E-05   4   0 0  0 0  0 1  3 0
   320  0.1379550656878242E-04   4   0 0  0 0  0 0  4 0
   321  -.1498441964616376E-04   4   0 0  0 0  0 3  0 1
   322  -.7770889052410698E-05   4   0 0  0 0  0 2  1 1
   323  -.7785409790359809E-05   4   0 0  0 0  0 1  2 1
   324  -.1494894986437975E-04   4   0 0  0 0  0 0  3 1
   325  -.9556392348247156E-06   4   0 0  0 0  0 2  0 2
   326  -.1149962213144466E-05   4   0 0  0 0  0 1  1 2
   327  -.9535793981048834E-06   4   0 0  0 0  0 0  2 2
   328  0.3013115529133794E-08   4   0 0  0 0  0 1  0 3
   329  0.3009060620257900E-08   4   0 0  0 0  0 0  1 3
   ----------------------------------------------------
     I  COEFFICIENT            ORDER EXPONENTS
     1  0.7211426016490211E-05   0   0 0  0 0  0 0  0 0
     2  -.5520429543857388E-04   1   1 0  0 0  0 0  0 0
     3  -.1406158033727362E-04   1   0 1  0 0  0 0  0 0
     4   1.453478144886147       1   0 0  1 0  0 0  0 0
     5  0.7737796198874990       1   0 0  0 1  0 0  0 0
     6  -.8917240788067792E-06   1   0 0  0 0  0 1  0 0
     7  -.8905240385669698E-06   1   0 0  0 0  0 0  1 0
     8  0.1782248117359281E-05   1   0 0  0 0  0 0  0 1
     9  0.1035537653555660E-04   2   2 0  0 0  0 0  0 0
    10  -.3516250515873092E-05   2   1 1  0 0  0 0  0 0
    11  0.4366597796394850E-06   2   0 2  0 0  0 0  0 0
    12  -.3871993880653342E-03   2   1 0  1 0  0 0  0 0
    13  -.7493475232284891E-05   2   0 1  1 0  0 0  0 0
    14  -.5103113741162580E-05   2   0 0  2 0  0 0  0 0
    15  0.4966762133058115E-04   2   1 0  0 1  0 0  0 0
    16  0.2313699970401051E-04   2   0 1  0 1  0 0  0 0
    17  0.1628761778068785E-04   2   0 0  1 1  0 0  0 0
    18  0.6749727957841902E-05   2   0 0  0 2  0 0  0 0
    19  0.2770016624525890E-04   2   1 0  0 0  0 1  0 0
    20  0.1407833222582620E-04   2   0 1  0 0  0 1  0 0
    21  -.2405823621632916       2   0 0  1 0  0 1  0 0
    22  -.4458312719664542       2   0 0  0 1  0 1  0 0
    23  0.2766288866698949E-04   2   1 0  0 0  0 0  1 0
    24  0.1405938626980530E-04   2   0 1  0 0  0 0  1 0
    25  -.2402585977585435       2   0 0  1 0  0 0  1 0
    26  -.4452312932519384       2   0 0  0 1  0 0  1 0
    27  -.5536305491224777E-04   2   1 0  0 0  0 0  0 1
    28  -.1407613815832783E-04   2   0 1  0 0  0 0  0 1
    29  0.4808409599218265       2   0 0  1 0  0 0  0 1
    30  0.1172829453308854       2   0 0  0 1  0 0  0 1
    31  0.6848944374649210E-06   2   0 0  0 0  0 2  0 0
    32  0.4786203128943067E-06   2   0 0  0 0  0 1  1 0
    33  0.6836506865087207E-06   2   0 0  0 0  0 0  2 0
    34  -.9566867874634343E-06   2   0 0  0 0  0 1  0 1
    35  -.9553993234718905E-06   2   0 0  0 0  0 0  1 1
    36  0.6491916538934120E-07   2   0 0  0 0  0 0  0 2
    37  0.1975612136209380E-04   3   3 0  0 0  0 0  0 0
    38  0.1710948556504857E-05   3   2 1  0 0  0 0  0 0
    39  -.3446129878606972E-04   3   1 2  0 0  0 0  0 0
    40  -.1727428752864792E-04   3   0 3  0 0  0 0  0 0
    41  -.4606044350936034       3   2 0  1 0  0 0  0 0
    42  -.8447465642402173       3   1 1  1 0  0 0  0 0
    43  0.2947626602877261       3   0 2  1 0  0 0  0 0
    44  -.1747926070680099E-03   3   1 0  2 0  0 0  0 0
    45  -.2066207062384094E-03   3   0 1  2 0  0 0  0 0
    46  0.2770748991422496       3   0 0  3 0  0 0  0 0
    47  0.6542490480561700       3   2 0  0 1  0 0  0 0
    48  -.2302671657822887       3   1 1  0 1  0 0  0 0
    49  0.4171773215589779       3   0 2  0 1  0 0  0 0
    50  -.2454720831132404E-03   3   1 0  1 1  0 0  0 0
    51  -.1633392860109377E-03   3   0 1  1 1  0 0  0 0
    52   1.626635310207086       3   0 0  2 1  0 0  0 0
    53  -.1379925822485603E-03   3   1 0  0 2  0 0  0 0
    54  -.5918223071763140E-04   3   0 1  0 2  0 0  0 0
    55   1.339647650413534       3   0 0  1 2  0 0  0 0
    56  0.6369505083783312       3   0 0  0 3  0 0  0 0
    57  -.6147034351352470E-05   3   2 0  0 0  0 1  0 0
    58  0.4595842425382596E-05   3   1 1  0 0  0 1  0 0
    59  -.3804984956718849E-06   3   0 2  0 0  0 1  0 0
    60  0.2272259812963584E-03   3   1 0  1 0  0 1  0 0
    61  0.1722958719854740E-04   3   0 1  1 0  0 1  0 0
    62  -.1907034529620476E-05   3   0 0  2 0  0 1  0 0
    63  -.4463986697611396E-04   3   1 0  0 1  0 1  0 0
    64  -.3176691459047286E-04   3   0 1  0 1  0 1  0 0
    65  -.2278773551562079E-04   3   0 0  1 1  0 1  0 0
    66  -.1155430481982525E-04   3   0 0  0 2  0 1  0 0
    67  -.6138761962222183E-05   3   2 0  0 0  0 0  1 0
    68  0.4589657557241147E-05   3   1 1  0 0  0 0  1 0
    69  -.3799864387286549E-06   3   0 2  0 0  0 0  1 0
    70  0.2269201912795210E-03   3   1 0  1 0  0 0  1 0
    71  0.1720640043209857E-04   3   0 1  1 0  0 0  1 0
    72  -.1904468132462309E-05   3   0 0  2 0  0 0  1 0
    73  -.4457979274693923E-04   3   1 0  0 1  0 0  1 0
    74  -.3172416417393844E-04   3   0 1  0 1  0 0  1 0
    75  -.2275706885515752E-04   3   0 0  1 1  0 0  1 0
    76  -.1153875558095053E-04   3   0 0  0 2  0 0  1 0
    77  0.1228579631356622E-04   3   2 0  0 0  0 0  0 1
    78  -.5669249466740400E-05   3   1 1  0 0  0 0  0 1
    79  -.1128346248813289E-06   3   0 2  0 0  0 0  0 1
    80  -.4541461725758731E-03   3   1 0  1 0  0 0  0 1
    81  -.2694251239836048E-04   3   0 1  1 0  0 0  0 1
    82  0.3811502662051384E-05   3   0 0  2 0  0 0  0 1
    83  0.3955203839247072E-04   3   1 0  0 1  0 0  0 1
    84  0.1721707935639220E-04   3   0 1  0 1  0 0  0 1
    85  0.2925718659001813E-04   3   0 0  1 1  0 0  0 1
    86  0.9593604485055777E-05   3   0 0  0 2  0 0  0 1
    87  -.2083005254579490E-04   3   1 0  0 0  0 2  0 0
    88  -.1409083197495808E-04   3   0 1  0 0  0 2  0 0
    89  0.1874099027192649       3   0 0  1 0  0 2  0 0
    90  0.3647476993845602       3   0 0  0 1  0 2  0 0
    91  -.1397956326813913E-04   3   1 0  0 0  0 1  1 0
    92  -.1409996300136911E-04   3   0 1  0 0  0 1  1 0
    93  0.1343801512364207       3   0 0  1 0  0 1  1 0
    94  0.2838815853335575       3   0 0  0 1  0 1  1 0
    95  -.2079261392406314E-04   3   1 0  0 0  0 0  2 0
    96  -.1406238166452186E-04   3   0 1  0 0  0 0  2 0
    97  0.1870672740672986       3   0 0  1 0  0 0  2 0
    98  0.3640658218913586       3   0 0  0 1  0 0  2 0
    99  0.2794208252329991E-04   3   1 0  0 0  0 1  0 1
   100  0.1411231331186432E-04   3   0 1  0 0  0 1  0 1
   101  -.2686176767683783       3   0 0  1 0  0 1  0 1
   102  -.1217145486342323       3   0 0  0 1  0 1  0 1
   103  0.2790447938550443E-04   3   1 0  0 0  0 0  1 1
   104  0.1409332162569925E-04   3   0 1  0 0  0 0  1 1
   105  -.2682561837584904       3   0 0  1 0  0 0  1 1
   106  -.1215507509308844       3   0 0  0 1  0 0  1 1
   107  -.2433127727393677E-06   3   1 0  0 0  0 0  0 2
   108  -.2560051586947969E-07   3   0 1  0 0  0 0  0 2
   109  0.2801648063302453E-01   3   0 0  1 0  0 0  0 2
   110  0.4349715564018262E-02   3   0 0  0 1  0 0  0 2
   111  -.5816745397378064E-06   3   0 0  0 0  0 3  0 0
   112  -.3753732626118369E-06   3   0 0  0 0  0 2  1 0
   113  -.3757881282986075E-06   3   0 0  0 0  0 1  2 0
   114  -.5802481153055535E-06   3   0 0  0 0  0 0  3 0
   115  0.7506056534176727E-06   3   0 0  0 0  0 2  0 1
   116  0.5450774553916445E-06   3   0 0  0 0  0 1  1 1
   117  0.7492287539602270E-06   3   0 0  0 0  0 0  2 1
   118  -.6645739866700335E-07   3   0 0  0 0  0 1  0 2
   119  -.6636796343190023E-07   3   0 0  0 0  0 0  1 2
   120  0.9956771066880387E-09   3   0 0  0 0  0 0  0 3
   121  0.4247360072791218E-05   4   4 0  0 0  0 0  0 0
   122  -.3318015797288194E-05   4   3 1  0 0  0 0  0 0
   123  -.2814841963652339E-05   4   2 2  0 0  0 0  0 0
   124  0.2356817630460389E-06   4   1 3  0 0  0 0  0 0
   125  -.3167270288082458E-05   4   0 4  0 0  0 0  0 0
   126  0.2915164781465903E-03   4   3 0  1 0  0 0  0 0
   127  0.7999380164495636E-03   4   2 1  1 0  0 0  0 0
   128  0.2377967192621896E-03   4   1 2  1 0  0 0  0 0
   129  -.2238322223382114E-03   4   0 3  1 0  0 0  0 0
   130  0.4906931526550518E-04   4   2 0  2 0  0 0  0 0
   131  0.1330082311637843E-04   4   1 1  2 0  0 0  0 0
   132  -.3758822901030973E-04   4   0 2  2 0  0 0  0 0
   133  -.5484257036072720E-04   4   1 0  3 0  0 0  0 0
   134  0.4107072001959459E-03   4   0 1  3 0  0 0  0 0
   135  -.1167150907925159E-04   4   0 0  4 0  0 0  0 0
   136  -.2383374014295627E-03   4   3 0  0 1  0 0  0 0
   137  0.4768160328663010E-03   4   2 1  0 1  0 0  0 0
   138  0.4814803831195453E-03   4   1 2  0 1  0 0  0 0
   139  -.1271051569717005E-03   4   0 3  0 1  0 0  0 0
   140  0.1185080445593416E-04   4   2 0  1 1  0 0  0 0
   141  0.9832367847445629E-06   4   1 1  1 1  0 0  0 0
   142  -.2363592885668375E-04   4   0 2  1 1  0 0  0 0
   143  -.5469713608741293E-03   4   1 0  2 1  0 0  0 0
   144  0.4682363265732285E-03   4   0 1  2 1  0 0  0 0
   145  -.7137891604923518E-04   4   0 0  3 1  0 0  0 0
   146  -.3868836592508479E-05   4   2 0  0 2  0 0  0 0
   147  -.1265525721298691E-04   4   1 1  0 2  0 0  0 0
   148  -.1853771178110368E-04   4   0 2  0 2  0 0  0 0
   149  0.1380885750090074E-03   4   1 0  1 2  0 0  0 0
   150  0.2395513569219799E-04   4   0 1  1 2  0 0  0 0
   151  -.6395396558445979E-04   4   0 0  2 2  0 0  0 0
   152  0.3039808586935135E-03   4   1 0  0 3  0 0  0 0
   153  -.1137492207599317E-03   4   0 1  0 3  0 0  0 0
   154  -.2645316886506071E-04   4   0 0  1 3  0 0  0 0
   155  -.1261066664158606E-04   4   0 0  0 4  0 0  0 0
   156  -.7692645662400156E-05   4   3 0  0 0  0 1  0 0
   157  -.2984559335065776E-04   4   2 1  0 0  0 1  0 0
   158  0.3474077155983250E-04   4   1 2  0 0  0 1  0 0
   159  0.3204154723269695E-04   4   0 3  0 0  0 1  0 0
   160  0.3358917300844672       4   2 0  1 0  0 1  0 0
   161   1.221570694573495       4   1 1  1 0  0 1  0 0
   162  -.3793224769676272       4   0 2  1 0  0 1  0 0
   163  0.1985033892610777E-03   4   1 0  2 0  0 1  0 0
   164  0.2831981240720926E-03   4   0 1  2 0  0 1  0 0
   165  -.4424426218191564       4   0 0  3 0  0 1  0 0
   166  -.7153663295977878       4   2 0  0 1  0 1  0 0
   167  0.4172697385337258       4   1 1  0 1  0 1  0 0
   168  -.6526464776925855       4   0 2  0 1  0 1  0 0
   169  0.3878467349242967E-03   4   1 0  1 1  0 1  0 0
   170  0.3103854408730449E-03   4   0 1  1 1  0 1  0 0
   171  -2.330181836745187       4   0 0  2 1  0 1  0 0
   172  0.2377421380895991E-03   4   1 0  0 2  0 1  0 0
   173  0.1305041687432591E-03   4   0 1  0 2  0 1  0 0
   174  -2.341974436148631       4   0 0  1 2  0 1  0 0
   175  -1.152184580256526       4   0 0  0 3  0 1  0 0
   176  -.7682293262408989E-05   4   3 0  0 0  0 0  1 0
   177  -.2980542855770051E-04   4   2 1  0 0  0 0  1 0
   178  0.3469401906674258E-04   4   1 2  0 0  0 0  1 0
   179  0.3199842722849676E-04   4   0 3  0 0  0 0  1 0
   180  0.3354397028241377       4   2 0  1 0  0 0  1 0
   181   1.219926762303374       4   1 1  1 0  0 0  1 0
   182  -.3788120026549706       4   0 2  1 0  0 0  1 0
   183  0.1982362527550922E-03   4   1 0  2 0  0 0  1 0
   184  0.2828170093835324E-03   4   0 1  2 0  0 0  1 0
   185  -.4418472033910479       4   0 0  3 0  0 0  1 0
   186  -.7144036233054669       4   2 0  0 1  0 0  1 0
   187  0.4167081965848541       4   1 1  0 1  0 0  1 0
   188  -.6517681768210665       4   0 2  0 1  0 0  1 0
   189  0.3873247890673190E-03   4   1 0  1 1  0 0  1 0
   190  0.3099677387748644E-03   4   0 1  1 1  0 0  1 0
   191  -2.327045987849288       4   0 0  2 1  0 0  1 0
   192  0.2374221959246502E-03   4   1 0  0 2  0 0  1 0
   193  0.1303285423834806E-03   4   0 1  0 2  0 0  1 0
   194  -2.338822717327337       4   0 0  1 2  0 0  1 0
   195  -1.150634024549342       4   0 0  0 3  0 0  1 0
   196  0.1537493892480715E-04   4   3 0  0 0  0 0  0 1
   197  0.5794007335186845E-04   4   2 1  0 0  0 0  0 1
   198  -.5121930544567468E-06   4   1 2  0 0  0 0  0 1
   199  -.1221711187524393E-04   4   0 3  0 0  0 0  0 1
   200  -.6713314329085689       4   2 0  1 0  0 0  0 1
   201  -1.596750892636627       4   1 1  1 0  0 0  0 1
   202  0.1686091590471434       4   0 2  1 0  0 0  0 1
   203  -.3967396420161238E-03   4   1 0  2 0  0 0  0 1
   204  -.3593944272171596E-03   4   0 1  2 0  0 0  0 1
   205  0.8842898252100085       4   0 0  3 0  0 0  0 1
   206  0.7755209048471061       4   2 0  0 1  0 0  0 1
   207  -.3734436035539975       4   1 1  0 1  0 0  0 1
   208  0.5288268983672006E-01   4   0 2  0 1  0 0  0 1
   209  -.5296994408783646E-03   4   1 0  1 1  0 0  0 1
   210  -.2936746076259304E-03   4   0 1  1 1  0 0  0 1
   211   3.030592514387791       4   0 0  2 1  0 0  0 1
   212  -.1991791695170851E-03   4   1 0  0 2  0 0  0 1
   213  -.8328601897381488E-04   4   0 1  0 2  0 0  0 1
   214   2.001501852649141       4   0 0  1 2  0 0  0 1
   215  0.3919670796709932       4   0 0  0 3  0 0  0 1
   216  -.3634700683549398E-05   4   2 0  0 0  0 2  0 0
   217  -.2006429900451189E-05   4   1 1  0 0  0 2  0 0
   218  -.7764038420957908E-05   4   0 2  0 0  0 2  0 0
   219  -.5866189554502504E-05   4   1 0  1 0  0 2  0 0
   220  -.2735113991915518E-03   4   0 1  1 0  0 2  0 0
   221  -.2023881079853904E-04   4   0 0  2 0  0 2  0 0
   222  0.1391812945338728E-03   4   1 0  0 1  0 2  0 0
   223  -.2339802574645623E-03   4   0 1  0 1  0 2  0 0
   224  -.1485748929228555E-04   4   0 0  1 1  0 2  0 0
   225  -.1463813558300306E-04   4   0 0  0 2  0 2  0 0
   226  -.4715731476196284E-05   4   2 0  0 0  0 1  1 0
   227  -.1501497343091979E-05   4   1 1  0 0  0 1  1 0
   228  -.9594920901187482E-05   4   0 2  0 0  0 1  1 0
   229  0.5804532174889367E-04   4   1 0  1 0  0 1  1 0
   230  -.3226726191494292E-03   4   0 1  1 0  0 1  1 0
   231  -.2157449329974332E-04   4   0 0  2 0  0 1  1 0
   232  0.1570644032158128E-03   4   1 0  0 1  0 1  1 0
   233  -.2865338354968596E-03   4   0 1  0 1  0 1  1 0
   234  -.1974319458935971E-04   4   0 0  1 1  0 1  1 0
   235  -.1788966563239295E-04   4   0 0  0 2  0 1  1 0
   236  -.3626636170073269E-05   4   2 0  0 0  0 0  2 0
   237  -.2002719419476984E-05   4   1 1  0 0  0 0  2 0
   238  -.7747133747777531E-05   4   0 2  0 0  0 0  2 0
   239  -.5897352442262706E-05   4   1 0  1 0  0 0  2 0
   240  -.2729262016387644E-03   4   0 1  1 0  0 0  2 0
   241  -.2019705739261875E-04   4   0 0  2 0  0 0  2 0
   242  0.1388883059712619E-03   4   1 0  0 1  0 0  2 0
   243  -.2334725759952128E-03   4   0 1  0 1  0 0  2 0
   244  -.1482421005295308E-04   4   0 0  1 1  0 0  2 0
   245  -.1460639873553226E-04   4   0 0  0 2  0 0  2 0
   246  0.5448267658090484E-07   4   2 0  0 0  0 1  0 1
   247  0.1105773060779107E-05   4   1 1  0 0  0 1  0 1
   248  0.1985281719331534E-05   4   0 2  0 0  0 1  0 1
   249  -.4219975366743077E-04   4   1 0  1 0  0 1  0 1
   250  0.2337798278545698E-03   4   0 1  1 0  0 1  0 1
   251  0.1873446792845178E-04   4   0 0  2 0  0 1  0 1
   252  -.1805933325907257E-03   4   1 0  0 1  0 1  0 1
   253  0.3917781237684703E-04   4   0 1  0 1  0 1  0 1
   254  -.6268406716531576E-06   4   0 0  1 1  0 1  0 1
   255  -.5152437971588799E-05   4   0 0  0 2  0 1  0 1
   256  0.5440935636245166E-07   4   2 0  0 0  0 0  1 1
   257  0.1104284963507181E-05   4   1 1  0 0  0 0  1 1
   258  0.1982610020756720E-05   4   0 2  0 0  0 0  1 1
   259  -.4214296322775186E-04   4   1 0  1 0  0 0  1 1
   260  0.2334652179799038E-03   4   0 1  1 0  0 0  1 1
   261  0.1870925596443838E-04   4   0 0  2 0  0 0  1 1
   262  -.1803502985947935E-03   4   1 0  0 1  0 0  1 1
   263  0.3912508872333609E-04   4   0 1  0 1  0 0  1 1
   264  -.6259970990193125E-06   4   0 0  1 1  0 0  1 1
   265  -.5145504063392670E-05   4   0 0  0 2  0 0  1 1
   266  0.2738461777586463E-05   4   2 0  0 0  0 0  0 2
   267  0.1101746994425353E-05   4   1 1  0 0  0 0  0 2
   268  0.2848517599101576E-07   4   0 2  0 0  0 0  0 2
   269  0.8498832996207158E-04   4   1 0  1 0  0 0  0 2
   270  0.3508309734127980E-06   4   0 1  1 0  0 0  0 2
   271  0.6457920212343277E-05   4   0 0  2 0  0 0  0 2
   272  0.4035031931752486E-04   4   1 0  0 1  0 0  0 2
   273  0.5473029603109884E-05   4   0 1  0 1  0 0  0 2
   274  0.1043739135012114E-04   4   0 0  1 1  0 0  0 2
   275  0.2472940096337625E-05   4   0 0  0 2  0 0  0 2
   276  0.1740888495525522E-04   4   1 0  0 0  0 3  0 0
   277  0.1409617357315866E-04   4   0 1  0 0  0 3  0 0
   278  -.1609244334720901       4   0 0  1 0  0 3  0 0
   279  -.3247864689403860       4   0 0  0 1  0 3  0 0
   280  0.1057044746366087E-04   4   1 0  0 0  0 2  1 0
   281  0.1410984751056745E-04   4   0 1  0 0  0 2  1 0
   282  -.1079890325349532       4   0 0  1 0  0 2  1 0
   283  -.2449164910181628       4   0 0  0 1  0 2  1 0
   284  0.1058420444144297E-04   4   1 0  0 0  0 1  2 0
   285  0.1410978161463917E-04   4   0 1  0 0  0 1  2 0
   286  -.1080954523232028       4   0 0  1 0  0 1  2 0
   287  -.2450768365891965       4   0 0  0 1  0 1  2 0
   288  0.1736663985789001E-04   4   1 0  0 0  0 0  3 0
   289  0.1405823723417288E-04   4   0 1  0 0  0 0  3 0
   290  -.1605270214019923       4   0 0  1 0  0 0  3 0
   291  -.3239662690938604       4   0 0  0 1  0 0  3 0
   292  -.2113522959831357E-04   4   1 0  0 0  0 2  0 1
   293  -.1413754841048737E-04   4   0 1  0 0  0 2  0 1
   294  0.2159424520177131       4   0 0  1 0  0 2  0 1
   295  0.1250327021805019       4   0 0  0 1  0 2  0 1
   296  -.1434664675248332E-04   4   1 0  0 0  0 1  1 1
   297  -.1416269003062914E-04   4   0 1  0 0  0 1  1 1
   298  0.1634085164567253       4   0 0  1 0  0 1  1 1
   299  0.1283417044662061       4   0 0  0 1  0 1  1 1
   300  -.2109713328186136E-04   4   1 0  0 0  0 0  2 1
   301  -.1410899302372810E-04   4   0 1  0 0  0 0  2 1
   302  0.2155418931026683       4   0 0  1 0  0 0  2 1
   303  0.1247780809538208       4   0 0  0 1  0 0  2 1
   304  0.3654973796887832E-06   4   1 0  0 0  0 1  0 2
   305  0.5125151536713072E-07   4   0 1  0 0  0 1  0 2
   306  -.2902900654801496E-01   4   0 0  1 0  0 1  0 2
   307  -.6631724222583467E-02   4   0 0  0 1  0 1  0 2
   308  0.3650055105403825E-06   4   1 0  0 0  0 0  1 2
   309  0.5118254349311595E-07   4   0 1  0 0  0 0  1 2
   310  -.2898994067909115E-01   4   0 0  1 0  0 0  1 2
   311  -.6622799560666670E-02   4   0 0  0 1  0 0  1 2
   312  -.8129244821492296E-07   4   1 0  0 0  0 0  0 3
   313  -.8544170392059179E-08   4   0 1  0 0  0 0  0 3
   314  0.6619953203491826E-03   4   0 0  1 0  0 0  0 3
   315  0.6845903039504322E-04   4   0 0  0 1  0 0  0 3
   316  -.1501707072576065E-05   4   0 0  0 0  0 4  0 0
   317  -.9213883968967115E-06   4   0 0  0 0  0 3  1 0
   318  -.8431819493194340E-06   4   0 0  0 0  0 2  2 0
   319  -.9230493008090692E-06   4   0 0  0 0  0 1  3 0
   320  -.1497047816863933E-05   4   0 0  0 0  0 0  4 0
   321  -.6238029998302984E-07   4   0 0  0 0  0 3  0 1
   322  -.3423978592649463E-08   4   0 0  0 0  0 2  1 1
   323  -.3542820094631027E-08   4   0 0  0 0  0 1  2 1
   324  -.6225207654777473E-07   4   0 0  0 0  0 0  3 1
   325  0.3514584309676970E-07   4   0 0  0 0  0 2  0 2
   326  0.4450341314477454E-07   4   0 0  0 0  0 1  1 2
   327  0.3506860017947629E-07   4   0 0  0 0  0 0  2 2
   328  -.8084718542619152E-09   4   0 0  0 0  0 1  0 3
   329  -.8073838509424083E-09   4   0 0  0 0  0 0  1 3
   ----------------------------------------------------
     I  COEFFICIENT            ORDER EXPONENTS
     1  0.6082350955289558E-05   0   0 0  0 0  0 0  0 0
     2  -.1576236932181486E-03   1   1 0  0 0  0 0  0 0
     3  -.4877764457294559E-04   1   0 1  0 0  0 0  0 0
     4   1.335604729324553       1   0 0  1 0  0 0  0 0
     5   1.399032882813559       1   0 0  0 1  0 0  0 0
     6  -.1764963997257769E-06   1   0 0  0 0  0 1  0 0
     7  -.1762588791889994E-06   1   0 0  0 0  0 0  1 0
     8  0.6435106234122605E-05   1   0 0  0 0  0 0  0 1
     9  0.4801916368806309E-05   2   2 0  0 0  0 0  0 0
    10  -.2304312137139661E-04   2   1 1  0 0  0 0  0 0
    11  -.3958684494443905E-05   2   0 2  0 0  0 0  0 0
    12  -.4684403432973671E-03   2   1 0  1 0  0 0  0 0
    13  0.2352012860615242E-03   2   0 1  1 0  0 0  0 0
    14  -.1472015180658928E-04   2   0 0  2 0  0 0  0 0
    15  0.1689544091016799E-03   2   1 0  0 1  0 0  0 0
    16  0.1536858579366316E-03   2   0 1  0 1  0 0  0 0
    17  0.9118971010770791E-05   2   0 0  1 1  0 0  0 0
    18  0.7925753696961058E-06   2   0 0  0 2  0 0  0 0
    19  0.4895202492695236E-06   2   1 0  0 0  0 1  0 0
    20  0.2446483956490528E-04   2   0 1  0 0  0 1  0 0
    21  -.6148079191778099E-01   2   0 0  1 0  0 1  0 0
    22  -.2108351638274882       2   0 0  0 1  0 1  0 0
    23  0.4888614759882272E-06   2   1 0  0 0  0 0  1 0
    24  0.2443191593680672E-04   2   0 1  0 0  0 0  1 0
    25  -.6139805396550541E-01   2   0 0  1 0  0 0  1 0
    26  -.2105514318003257       2   0 0  0 1  0 0  1 0
    27  -.1586020749434051E-03   2   1 0  0 0  0 0  0 1
    28  -.4889675550154362E-04   2   0 1  0 0  0 0  0 1
    29   1.458483575207821       2   0 0  1 0  0 0  0 1
    30  0.4213865956278052       2   0 0  0 1  0 0  0 1
    31  0.1300074977480900E-06   2   0 0  0 0  0 2  0 0
    32  0.8364373182394499E-07   2   0 0  0 0  0 1  1 0
    33  0.1297762579421070E-06   2   0 0  0 0  0 0  2 0
    34  -.3436596370147231E-06   2   0 0  0 0  0 1  0 1
    35  -.3431971560712705E-06   2   0 0  0 0  0 0  1 1
    36  0.3434286869479901E-06   2   0 0  0 0  0 0  0 2
    37  0.1263724527659036E-03   3   3 0  0 0  0 0  0 0
    38  0.1282152613742900E-03   3   2 1  0 0  0 0  0 0
    39  0.4450840209075323E-04   3   1 2  0 0  0 0  0 0
    40  -.1896929277965913E-04   3   0 3  0 0  0 0  0 0
    41  -2.576028741246022       3   2 0  1 0  0 0  0 0
    42  -2.581883575060941       3   1 1  1 0  0 0  0 0
    43  0.2689293368686113       3   0 2  1 0  0 0  0 0
    44  -.2458345221895467E-03   3   1 0  2 0  0 0  0 0
    45  -.1009758035523136E-03   3   0 1  2 0  0 0  0 0
    46  -1.603415693594022       3   0 0  3 0  0 0  0 0
    47  -.3268433695088653       3   2 0  0 1  0 0  0 0
    48  -.7729916988056177       3   1 1  0 1  0 0  0 0
    49  0.2427923407552530       3   0 2  0 1  0 0  0 0
    50  -.1383425837265875E-03   3   1 0  1 1  0 0  0 0
    51  0.9329225034714983E-04   3   0 1  1 1  0 0  0 0
    52  -1.866171847521477       3   0 0  2 1  0 0  0 0
    53  -.2256086680863443E-04   3   1 0  0 2  0 0  0 0
    54  0.1291811533334195E-04   3   0 1  0 2  0 0  0 0
    55  -1.328181163081120       3   0 0  1 2  0 0  0 0
    56  -.8021868269029404E-01   3   0 0  0 3  0 0  0 0
    57  -.3421676098779994E-05   3   2 0  0 0  0 1  0 0
    58  0.1314465178892847E-04   3   1 1  0 0  0 1  0 0
    59  0.4415812742120440E-05   3   0 2  0 0  0 1  0 0
    60  0.2419904473123496E-03   3   1 0  1 0  0 1  0 0
    61  -.7424583364647691E-04   3   0 1  1 0  0 1  0 0
    62  0.1086121432240349E-04   3   0 0  2 0  0 1  0 0
    63  -.1752130404469369E-04   3   1 0  0 1  0 1  0 0
    64  -.1340717971519197E-03   3   0 1  0 1  0 1  0 0
    65  0.2664136434334975E-05   3   0 0  1 1  0 1  0 0
    66  0.6848237424054667E-06   3   0 0  0 2  0 1  0 0
    67  -.3417071368344443E-05   3   2 0  0 0  0 0  1 0
    68  0.1312696233603695E-04   3   1 1  0 0  0 0  1 0
    69  0.4409870149442238E-05   3   0 2  0 0  0 0  1 0
    70  0.2416647879729721E-03   3   1 0  1 0  0 0  1 0
    71  -.7414591710264111E-04   3   0 1  1 0  0 0  1 0
    72  0.1084659781199048E-04   3   0 0  2 0  0 0  1 0
    73  -.1749772469945883E-04   3   1 0  0 1  0 0  1 0
    74  -.1338913696458942E-03   3   0 1  0 1  0 0  1 0
    75  0.2660551165018949E-05   3   0 0  1 1  0 0  1 0
    76  0.6839021388663774E-06   3   0 0  0 2  0 0  1 0
    77  0.1164066383593141E-04   3   2 0  0 0  0 0  0 1
    78  -.2627161412496536E-04   3   1 1  0 0  0 0  0 1
    79  -.4866998397118735E-05   3   0 2  0 0  0 0  0 1
    80  -.9520955785826828E-03   3   1 0  1 0  0 0  0 1
    81  0.1483917507491144E-03   3   0 1  1 0  0 0  0 1
    82  -.3642796394098234E-04   3   0 0  2 0  0 0  0 1
    83  0.3501902874414586E-04   3   1 0  0 1  0 0  0 1
    84  0.1142773088611808E-03   3   0 1  0 1  0 0  0 1
    85  -.5324687599350841E-05   3   0 0  1 1  0 0  0 1
    86  -.2161301250963775E-05   3   0 0  0 2  0 0  0 1
    87  -.4853276308214588E-06   3   1 0  0 0  0 2  0 0
    88  -.1839303463447310E-04   3   0 1  0 0  0 2  0 0
    89  0.4709515920186273E-01   3   0 0  1 0  0 2  0 0
    90  0.1638099895385736       3   0 0  0 1  0 2  0 0
    91  -.4846246261263688E-06   3   1 0  0 0  0 1  1 0
    92  -.1233545757907000E-04   3   0 1  0 0  0 1  1 0
    93  0.3274817098245881E-01   3   0 0  1 0  0 1  1 0
    94  0.1169110231799661       3   0 0  0 1  0 1  1 0
    95  -.4843484072676803E-06   3   1 0  0 0  0 0  2 0
    96  -.1835998191656511E-04   3   0 1  0 0  0 0  2 0
    97  0.4700974528355604E-01   3   0 0  1 0  0 0  2 0
    98  0.1635108751021656       3   0 0  0 1  0 0  2 0
    99  0.1461290605126039E-05   3   1 0  0 0  0 1  0 1
   100  0.2465046941856073E-04   3   0 1  0 0  0 1  0 1
   101  -.1269385619039639       3   0 0  1 0  0 1  0 1
   102  -.2336958967419730       3   0 0  0 1  0 1  0 1
   103  0.1459324069097390E-05   3   1 0  0 0  0 0  1 1
   104  0.2461729597855328E-04   3   0 1  0 0  0 0  1 1
   105  -.1267677339697536       3   0 0  1 0  0 0  1 1
   106  -.2333813998178389       3   0 0  0 1  0 0  1 1
   107  -.1464582251974851E-05   3   1 0  0 0  0 0  0 2
   108  -.1838625415916303E-06   3   0 1  0 0  0 0  0 2
   109  0.1268531830678422       3   0 0  1 0  0 0  0 2
   110  0.2284536911508092E-01   3   0 0  0 1  0 0  0 2
   111  -.1088646177614216E-06   3   0 0  0 0  0 3  0 0
   112  -.6660136813226012E-07   3   0 0  0 0  0 2  1 0
   113  -.6668638628021323E-07   3   0 0  0 0  0 1  2 0
   114  -.1086001064566856E-06   3   0 0  0 0  0 0  3 0
   115  0.2631864395476566E-06   3   0 0  0 0  0 2  0 1
   116  0.1829292137426737E-06   3   0 0  0 0  0 1  1 1
   117  0.2627091669351926E-06   3   0 0  0 0  0 0  2 1
   118  -.1828208336376244E-06   3   0 0  0 0  0 1  0 2
   119  -.1825748019757260E-06   3   0 0  0 0  0 0  1 2
   120  0.7322316221682467E-08   3   0 0  0 0  0 0  0 3
   121  0.1369273072810970E-04   4   4 0  0 0  0 0  0 0
   122  0.3043195669298672E-05   4   3 1  0 0  0 0  0 0
   123  -.6690955809051201E-05   4   2 2  0 0  0 0  0 0
   124  0.3117856911248890E-05   4   1 3  0 0  0 0  0 0
   125  -.4280680928767787E-05   4   0 4  0 0  0 0  0 0
   126  0.1641692302210522E-08   4   3 0  1 0  0 0  0 0
   127  -.1321811985886586E-02   4   2 1  1 0  0 0  0 0
   128  -.5989814704576308E-03   4   1 2  1 0  0 0  0 0
   129  -.2348284442025327E-03   4   0 3  1 0  0 0  0 0
   130  0.1467595167200675E-04   4   2 0  2 0  0 0  0 0
   131  -.1655302680739936E-03   4   1 1  2 0  0 0  0 0
   132  -.3102977917640539E-04   4   0 2  2 0  0 0  0 0
   133  0.8977995301955555E-08   4   1 0  3 0  0 0  0 0
   134  -.6204555061197419E-08   4   0 1  3 0  0 0  0 0
   135  -.2741994860828293E-04   4   0 0  4 0  0 0  0 0
   136  -.6609145340535300E-03   4   3 0  0 1  0 0  0 0
   137  -.9193857337899152E-03   4   2 1  0 1  0 0  0 0
   138  -.1389871486365263E-04   4   1 2  0 1  0 0  0 0
   139  -.1957888710717741E-04   4   0 3  0 1  0 0  0 0
   140  -.4032477487121274E-04   4   2 0  1 1  0 0  0 0
   141  -.1655287104154680E-03   4   1 1  1 1  0 0  0 0
   142  0.1730526661495723E-04   4   0 2  1 1  0 0  0 0
   143  -.1234137173210159E-02   4   1 0  2 1  0 0  0 0
   144  -.1666873292908795E-03   4   0 1  2 1  0 0  0 0
   145  -.1238193085226538E-03   4   0 0  3 1  0 0  0 0
   146  0.1225305337699560E-04   4   2 0  0 2  0 0  0 0
   147  -.3215895475674118E-04   4   1 1  0 2  0 0  0 0
   148  -.1709241364945481E-05   4   0 2  0 2  0 0  0 0
   149  -.7156390057353535E-03   4   1 0  1 2  0 0  0 0
   150  -.2746930041373057E-03   4   0 1  1 2  0 0  0 0
   151  -.8704082690179374E-04   4   0 0  2 2  0 0  0 0
   152  -.1132284615341963E-03   4   1 0  0 3  0 0  0 0
   153  -.4813572804589406E-04   4   0 1  0 3  0 0  0 0
   154  -.7432702605150029E-05   4   0 0  1 3  0 0  0 0
   155  0.3207017365683767E-05   4   0 0  0 4  0 0  0 0
   156  -.5639503269613673E-04   4   3 0  0 0  0 1  0 0
   157  -.1279035649861970E-03   4   2 1  0 0  0 1  0 0
   158  -.6744116897437328E-04   4   1 2  0 0  0 1  0 0
   159  0.2567329104244180E-04   4   0 3  0 0  0 1  0 0
   160   1.013474955010088       4   2 0  1 0  0 1  0 0
   161   2.532463759645620       4   1 1  1 0  0 1  0 0
   162  -.9343237382463040E-01   4   0 2  1 0  0 1  0 0
   163  0.3158888160071684E-04   4   1 0  2 0  0 1  0 0
   164  0.8608209884022723E-04   4   0 1  2 0  0 1  0 0
   165   1.142954399233125       4   0 0  3 0  0 1  0 0
   166  0.2004448069137540       4   2 0  0 1  0 1  0 0
   167   1.107020187900730       4   1 1  0 1  0 1  0 0
   168  -.3015365226295950       4   0 2  0 1  0 1  0 0
   169  0.7665005232899562E-04   4   1 0  1 1  0 1  0 0
   170  -.7314444682747293E-04   4   0 1  1 1  0 1  0 0
   171   2.180144919543026       4   0 0  2 1  0 1  0 0
   172  0.2332021420083526E-04   4   1 0  0 2  0 1  0 0
   173  -.1576748066978635E-04   4   0 1  0 2  0 1  0 0
   174   1.783343448597479       4   0 0  1 2  0 1  0 0
   175  0.1694867414343132       4   0 0  0 3  0 1  0 0
   176  -.5631913891893841E-04   4   3 0  0 0  0 0  1 0
   177  -.1277314383963235E-03   4   2 1  0 0  0 0  1 0
   178  -.6735040982756019E-04   4   1 2  0 0  0 0  1 0
   179  0.2563874113729679E-04   4   0 3  0 0  0 0  1 0
   180   1.012111068179040       4   2 0  1 0  0 0  1 0
   181   2.529055689268768       4   1 1  1 0  0 0  1 0
   182  -.9330663693925403E-01   4   0 2  1 0  0 0  1 0
   183  0.3154637077277445E-04   4   1 0  2 0  0 0  1 0
   184  0.8596625360872187E-04   4   0 1  2 0  0 0  1 0
   185   1.141416265067257       4   0 0  3 0  0 0  1 0
   186  0.2001750577392346       4   2 0  0 1  0 0  1 0
   187   1.105530412303911       4   1 1  0 1  0 0  1 0
   188  -.3011307289883572       4   0 2  0 1  0 0  1 0
   189  0.7654690030136835E-04   4   1 0  1 1  0 0  1 0
   190  -.7304601247786437E-04   4   0 1  1 1  0 0  1 0
   191   2.177210983253817       4   0 0  2 1  0 0  1 0
   192  0.2328883095573055E-04   4   1 0  0 2  0 0  1 0
   193  -.1574626153730715E-04   4   0 1  0 2  0 0  1 0
   194   1.780943509028516       4   0 0  1 2  0 0  1 0
   195  0.1692586541648711       4   0 0  0 3  0 0  1 0
   196  0.2390866243809732E-03   4   3 0  0 0  0 0  0 1
   197  0.2556350033825158E-03   4   2 1  0 0  0 0  0 1
   198  0.9028317671118043E-04   4   1 2  0 0  0 0  0 1
   199  -.1337344662042011E-04   4   0 3  0 0  0 0  0 1
   200  -4.601614764435073       4   2 0  1 0  0 0  0 1
   201  -5.061519448914342       4   1 1  1 0  0 0  0 1
   202  -.8219032610473030E-01   4   0 2  1 0  0 0  0 1
   203  -.3089697745629448E-03   4   1 0  2 0  0 0  0 1
   204  -.1720483524489517E-03   4   0 1  2 0  0 0  0 1
   205  -3.887786357894812       4   0 0  3 0  0 0  0 1
   206  -.4006198646529461       4   2 0  0 1  0 0  0 1
   207  -1.439558901399017       4   1 1  0 1  0 0  0 1
   208  0.1170825701074443       4   0 2  0 1  0 0  0 1
   209  -.1531969526303648E-03   4   1 0  1 1  0 0  0 1
   210  0.5289820895816979E-04   4   0 1  1 1  0 0  0 1
   211  -4.357355902796770       4   0 0  2 1  0 0  0 1
   212  -.2404817834793756E-04   4   1 0  0 2  0 0  0 1
   213  0.5677511540392016E-05   4   0 1  0 2  0 0  0 1
   214  -2.236105794544748       4   0 0  1 2  0 0  0 1
   215  -.1783080302185066       4   0 0  0 3  0 0  0 1
   216  0.1547728613708521E-05   4   2 0  0 0  0 2  0 0
   217  0.4818808128242457E-05   4   1 1  0 0  0 2  0 0
   218  -.8135044076195126E-05   4   0 2  0 0  0 2  0 0
   219  0.3056607679926847E-03   4   1 0  1 0  0 2  0 0
   220  -.1751343346532433E-03   4   0 1  1 0  0 2  0 0
   221  0.2026267634385505E-04   4   0 0  2 0  0 2  0 0
   222  0.2434988815920017E-03   4   1 0  0 1  0 2  0 0
   223  -.2998095926886074E-04   4   0 1  0 1  0 2  0 0
   224  0.4651837270142595E-04   4   0 0  1 1  0 2  0 0
   225  0.1030564774974501E-04   4   0 0  0 2  0 2  0 0
   226  -.5915303892918969E-06   4   2 0  0 0  0 1  1 0
   227  0.9099839622066691E-05   4   1 1  0 0  0 1  1 0
   228  -.8816821906057480E-05   4   0 2  0 0  0 1  1 0
   229  0.3690399003600309E-03   4   1 0  1 0  0 1  1 0
   230  -.2047245274684506E-03   4   0 1  1 0  0 1  1 0
   231  0.2264084972454374E-04   4   0 0  2 0  0 1  1 0
   232  0.2435355817937759E-03   4   1 0  0 1  0 1  1 0
   233  -.5989609178556974E-04   4   0 1  0 1  0 1  1 0
   234  0.4807230329913222E-04   4   0 0  1 1  0 1  1 0
   235  0.1115487366527559E-04   4   0 0  0 2  0 1  1 0
   236  0.1546043780342088E-05   4   2 0  0 0  0 0  2 0
   237  0.4806200135714666E-05   4   1 1  0 0  0 0  2 0
   238  -.8118163685569298E-05   4   0 2  0 0  0 0  2 0
   239  0.3050011058835849E-03   4   1 0  1 0  0 0  2 0
   240  -.1747608928090954E-03   4   0 1  1 0  0 0  2 0
   241  0.2022017329469005E-04   4   0 0  2 0  0 0  2 0
   242  0.2430073229185885E-03   4   1 0  0 1  0 0  2 0
   243  -.2990030963806877E-04   4   0 1  0 1  0 0  2 0
   244  0.4642342374765726E-04   4   0 0  1 1  0 0  2 0
   245  0.1028427304305315E-04   4   0 0  0 2  0 0  2 0
   246  -.4260109432228985E-05   4   2 0  0 0  0 1  0 1
   247  -.8982409900308464E-05   4   1 1  0 0  0 1  0 1
   248  0.5837736031001786E-05   4   0 2  0 0  0 1  0 1
   249  -.4901798537121299E-03   4   1 0  1 0  0 1  0 1
   250  0.1309911075563463E-03   4   0 1  1 0  0 1  0 1
   251  -.4128390384074543E-04   4   0 0  2 0  0 1  0 1
   252  -.3263543894702121E-03   4   1 0  0 1  0 1  0 1
   253  -.1234508850317020E-04   4   0 1  0 1  0 1  0 1
   254  -.6370699826973352E-04   4   0 0  1 1  0 1  0 1
   255  -.1221293238361808E-04   4   0 0  0 2  0 1  0 1
   256  -.4254376377727091E-05   4   2 0  0 0  0 0  1 1
   257  -.8970321796390935E-05   4   1 1  0 0  0 0  1 1
   258  0.5829879880974200E-05   4   0 2  0 0  0 0  1 1
   259  -.4895201927663798E-03   4   1 0  1 0  0 0  1 1
   260  0.1308148258971939E-03   4   0 1  1 0  0 0  1 1
   261  -.4122834590859940E-04   4   0 0  2 0  0 0  1 1
   262  -.3259151971134104E-03   4   1 0  0 1  0 0  1 1
   263  -.1232847506486627E-04   4   0 1  0 1  0 0  1 1
   264  -.6362126439386846E-04   4   0 0  1 1  0 0  1 1
   265  -.1219649679479162E-04   4   0 0  0 2  0 0  1 1
   266  0.6012244260973254E-05   4   2 0  0 0  0 0  0 2
   267  0.5973392052280480E-05   4   1 1  0 0  0 0  0 2
   268  0.1044009338062707E-05   4   0 2  0 0  0 0  0 2
   269  -.1727757504141516E-08   4   1 0  1 0  0 0  0 2
   270  -.4724539366252295E-09   4   0 1  1 0  0 0  0 2
   271  0.1938854960209086E-04   4   0 0  2 0  0 0  0 2
   272  0.3254543515235976E-04   4   1 0  0 1  0 0  0 2
   273  0.4395441889562200E-05   4   0 1  0 1  0 0  0 2
   274  0.1492712633074337E-04   4   0 0  1 1  0 0  0 2
   275  0.2122898706148576E-05   4   0 0  0 2  0 0  0 2
   276  0.4884164589336718E-06   4   1 0  0 0  0 3  0 0
   277  0.1536348982829868E-04   4   0 1  0 0  0 3  0 0
   278  -.3991551699060255E-01   4   0 0  1 0  0 3  0 0
   279  -.1403754608871264       4   0 0  0 1  0 3  0 0
   280  0.4915814053431050E-06   4   1 0  0 0  0 2  1 0
   281  0.9310546173188574E-05   4   0 1  0 0  0 2  1 0
   282  -.2556587495412093E-01   4   0 0  1 0  0 2  1 0
   283  -.9353788194647882E-01   4   0 0  0 1  0 2  1 0
   284  0.4915736896573855E-06   4   1 0  0 0  0 1  2 0
   285  0.9322723086555198E-05   4   0 1  0 0  0 1  2 0
   286  -.2559473312854504E-01   4   0 0  1 0  0 1  2 0
   287  -.9363204831538539E-01   4   0 0  0 1  0 1  2 0
   288  0.4871001993341239E-06   4   1 0  0 0  0 0  3 0
   289  0.1532622023999873E-04   4   0 1  0 0  0 0  3 0
   290  -.3981776288255148E-01   4   0 0  1 0  0 0  3 0
   291  -.1400292403031040       4   0 0  0 1  0 0  3 0
   292  -.1465984123190760E-05   4   1 0  0 0  0 2  0 1
   293  -.1862104169899266E-04   4   0 1  0 0  0 2  0 1
   294  0.9821719484944448E-01   4   0 0  1 0  0 2  0 1
   295  0.1870442325796824       4   0 0  0 1  0 2  0 1
   296  -.1470662362132144E-05   4   1 0  0 0  0 1  1 1
   297  -.1260779757549782E-04   4   0 1  0 0  0 1  1 1
   298  0.6957290162711267E-01   4   0 0  1 0  0 1  1 1
   299  0.1405177084042652       4   0 0  0 1  0 1  1 1
   300  -.1463021696785310E-05   4   1 0  0 0  0 0  2 1
   301  -.1858749888875549E-04   4   0 1  0 0  0 0  2 1
   302  0.9803820481135841E-01   4   0 0  1 0  0 0  2 1
   303  0.1866979662117593       4   0 0  0 1  0 0  2 1
   304  0.1466887611274520E-05   4   1 0  0 0  0 1  0 2
   305  0.2761740108984620E-06   4   0 1  0 0  0 1  0 2
   306  -.6953433024790595E-01   4   0 0  1 0  0 1  0 2
   307  -.2360717411512053E-01   4   0 0  0 1  0 1  0 2
   308  0.1464913543059095E-05   4   1 0  0 0  0 0  1 2
   309  0.2758023489300835E-06   4   0 1  0 0  0 0  1 2
   310  -.6944075422329472E-01   4   0 0  1 0  0 0  1 2
   311  -.2357540469276164E-01   4   0 0  0 1  0 0  1 2
   312  -.4890729674517565E-06   4   1 0  0 0  0 0  0 3
   313  -.6141709220763377E-07   4   0 1  0 0  0 0  0 3
   314  0.4040633801111439E-02   4   0 0  1 0  0 0  0 3
   315  0.4972801925667056E-03   4   0 0  0 1  0 0  0 3
   316  -.9777442289852267E-06   4   0 0  0 0  0 4  0 0
   317  -.5980387326753034E-06   4   0 0  0 0  0 3  1 0
   318  -.5470513909119392E-06   4   0 0  0 0  0 2  2 0
   319  -.5991252455327870E-06   4   0 0  0 0  0 1  3 0
   320  -.9747118945761750E-06   4   0 0  0 0  0 0  4 0
   321  0.1166899449661335E-05   4   0 0  0 0  0 3  0 1
   322  0.7714583841329033E-06   4   0 0  0 0  0 2  1 1
   323  0.7722534630858629E-06   4   0 0  0 0  0 1  2 1
   324  0.1164025516062605E-05   4   0 0  0 0  0 0  3 1
   325  -.5556389756066901E-07   4   0 0  0 0  0 2  0 2
   326  -.6619756969656063E-07   4   0 0  0 0  0 1  1 2
   327  -.5544457950119534E-07   4   0 0  0 0  0 0  2 2
   328  -.3800721639880287E-09   4   0 0  0 0  0 1  0 3
   329  -.3795606807819160E-09   4   0 0  0 0  0 0  1 3
   ----------------------------------------------------
     I  COEFFICIENT            ORDER EXPONENTS
     1  0.5296621672716067E-08   0   0 0  0 0  0 0  0 0
     2  -.6090897129233223E-05   1   1 0  0 0  0 0  0 0
     3  0.4086321727474041E-05   1   0 1  0 0  0 0  0 0
     4  -.9354095708804604E-06   1   0 0  1 0  0 0  0 0
     5  -.1111274852757393E-05   1   0 0  0 1  0 0  0 0
     6   1.000000000000000       1   0 0  0 0  1 0  0 0
     7  0.1649722365383999       1   0 0  0 0  0 1  0 0
     8  -.1649722363060193       1   0 0  0 0  0 0  1 0
     9  -.2323816281552768E-09   1   0 0  0 0  0 0  0 1
    10  -.8794785665112112E-01   2   2 0  0 0  0 0  0 0
    11  0.1512339234711686       2   1 1  0 0  0 0  0 0
    12  -.1200513230405446       2   0 2  0 0  0 0  0 0
    13  0.3620572753245929E-05   2   1 0  1 0  0 0  0 0
    14  0.2843046082749350E-04   2   0 1  1 0  0 0  0 0
    15  -.1159809779546972       2   0 0  2 0  0 0  0 0
    16  0.2843062053430880E-04   2   1 0  0 1  0 0  0 0
    17  0.1423890491619794E-04   2   0 1  0 1  0 0  0 0
    18  -.2890100513372041       2   0 0  1 1  0 0  0 0
    19  -.2302963281484707       2   0 0  0 2  0 0  0 0
    20  0.8870269257749052E-05   2   1 0  0 0  0 1  0 0
    21  -.5256165228979424E-05   2   0 1  0 0  0 1  0 0
    22  0.1465372549361417E-05   2   0 0  1 0  0 1  0 0
    23  0.1825092707829737E-05   2   0 0  0 1  0 1  0 0
    24  0.2783815343359036E-05   2   1 0  0 0  0 0  1 0
    25  -.1173758145696614E-05   2   0 1  0 0  0 0  1 0
    26  0.5305070082655104E-06   2   0 0  1 0  0 0  1 0
    27  0.7143510364011022E-06   2   0 0  0 1  0 0  1 0
    28  -.1165407782283156E-04   2   1 0  0 0  0 0  0 1
    29  0.2343590137879334E-05   2   0 1  0 0  0 0  0 1
    30  -.1995879892557843E-05   2   0 0  1 0  0 0  0 1
    31  -.1428170128351042E-05   2   0 0  0 1  0 0  0 1
    32  -.1238124879953987       2   0 0  0 0  0 2  0 0
    33  0.8265273910790577E-01   2   0 0  0 0  0 1  1 0
    34  0.4115974854292104E-01   2   0 0  0 0  0 0  2 0
    35  0.3444886146947496E-09   2   0 0  0 0  0 1  0 1
    36  0.1122684256289037E-09   2   0 0  0 0  0 0  1 1
    37  -.1121878785603966E-09   2   0 0  0 0  0 0  0 2
    38  0.2228835664768645E-04   3   3 0  0 0  0 0  0 0
    39  -.9766894746955311E-04   3   2 1  0 0  0 0  0 0
    40  -.1770911416738734E-04   3   1 2  0 0  0 0  0 0
    41  0.9096991025198358E-05   3   0 3  0 0  0 0  0 0
    42  -.8142121298627759E-05   3   2 0  1 0  0 0  0 0
    43  -.9753379558730115E-05   3   1 1  1 0  0 0  0 0
    44  0.1711095555118000E-05   3   0 2  1 0  0 0  0 0
    45  0.1811285380547426E-04   3   1 0  2 0  0 0  0 0
    46  0.2460724154770119E-04   3   0 1  2 0  0 0  0 0
    47  -.2484169645738929E-05   3   0 0  3 0  0 0  0 0
    48  -.1106326765260917E-04   3   2 0  0 1  0 0  0 0
    49  0.7933261606838822E-06   3   1 1  0 1  0 0  0 0
    50  0.1180903111244082E-06   3   0 2  0 1  0 0  0 0
    51  0.1380239833871105E-03   3   1 0  1 1  0 0  0 0
    52  -.3196463833299446E-04   3   0 1  1 1  0 0  0 0
    53  -.1030991625561558E-04   3   0 0  2 1  0 0  0 0
    54  -.5024552988932769E-04   3   1 0  0 2  0 0  0 0
    55  -.1904233444390058E-04   3   0 1  0 2  0 0  0 0
    56  -.1563969543319312E-04   3   0 0  1 2  0 0  0 0
    57  -.4667811333915414E-05   3   0 0  0 3  0 0  0 0
    58  0.1257237653122176       3   2 0  0 0  0 1  0 0
    59  -.1986255060009647       3   1 1  0 0  0 1  0 0
    60  0.1616638591927804       3   0 2  0 0  0 1  0 0
    61  -.7250821331238240E-05   3   1 0  1 0  0 1  0 0
    62  -.4349233540431718E-04   3   0 1  1 0  0 1  0 0
    63  0.1818537883512387       3   0 0  2 0  0 1  0 0
    64  -.4348870184759594E-04   3   1 0  0 1  0 1  0 0
    65  -.2866297532483567E-04   3   0 1  0 1  0 1  0 0
    66  0.4748158709433729       3   0 0  1 1  0 1  0 0
    67  0.3835412004691771       3   0 0  0 2  0 1  0 0
    68  0.3784326624455015E-01   3   2 0  0 0  0 0  1 0
    69  -.4753108166178791E-01   3   1 1  0 0  0 0  1 0
    70  0.4171789236423185E-01   3   0 2  0 0  0 0  1 0
    71  -.3629619326358323E-05   3   1 0  1 0  0 0  1 0
    72  -.1507901780886932E-04   3   0 1  1 0  0 0  1 0
    73  0.6594002023023515E-01   3   0 0  2 0  0 0  1 0
    74  -.1507663394328136E-04   3   1 0  0 1  0 0  1 0
    75  -.1442144758036945E-04   3   0 1  0 1  0 0  1 0
    76  0.1859441896047939       3   0 0  1 1  0 0  1 0
    77  0.1533481576695642       3   0 0  0 2  0 0  1 0
    78  -.1635670274950885       3   2 0  0 0  0 0  0 1
    79  0.9492274452576566E-01   3   1 1  0 0  0 0  0 1
    80  0.3672083341309906E-01   3   0 2  0 0  0 0  0 1
    81  0.1087953305848699E-04   3   1 0  1 0  0 0  0 1
    82  0.3013819369988335E-04   3   0 1  1 0  0 0  0 1
    83  -.2477937820383210       3   0 0  2 0  0 0  0 1
    84  0.3013662632406092E-04   3   1 0  0 1  0 0  0 1
    85  0.1459731625057681E-04   3   0 1  0 1  0 0  0 1
    86  -.3717500309017849       3   0 0  1 1  0 0  0 1
    87  -.7629674186066746E-01   3   0 0  0 2  0 0  0 1
    88  -.1082745191341425E-04   3   1 0  0 0  0 2  0 0
    89  0.5721891706053255E-05   3   0 1  0 0  0 2  0 0
    90  -.1888356428299169E-05   3   0 0  1 0  0 2  0 0
    91  -.2444091799772676E-05   3   0 0  0 1  0 2  0 0
    92  -.3916597196496154E-05   3   1 0  0 0  0 1  1 0
    93  0.9333669827679735E-06   3   0 1  0 0  0 1  1 0
    94  -.8462570184828578E-06   3   0 0  1 0  0 1  1 0
    95  -.1238254066478703E-05   3   0 0  0 1  0 1  1 0
    96  -.1961621135145448E-05   3   1 0  0 0  0 0  2 0
    97  0.4695865314181247E-06   3   0 1  0 0  0 0  2 0
    98  -.4235431923801438E-06   3   0 0  1 0  0 0  2 0
    99  -.6195195232142158E-06   3   0 0  0 1  0 0  2 0
   100  0.1670125294058264E-04   3   1 0  0 0  0 1  0 1
   101  -.1864854053049591E-05   3   0 1  0 0  0 1  0 1
   102  0.3157596720586949E-05   3   0 0  1 0  0 1  0 1
   103  0.2476249150148932E-05   3   0 0  0 1  0 1  0 1
   104  0.5056045269912068E-05   3   1 0  0 0  0 0  1 1
   105  0.4749421755717439E-06   3   0 1  0 0  0 0  1 1
   106  0.1162835790729511E-05   3   0 0  1 0  0 0  1 1
   107  0.1048587944007816E-05   3   0 0  0 1  0 0  1 1
   108  -.5051613092547563E-05   3   1 0  0 0  0 0  0 2
   109  -.1648636574415637E-05   3   0 1  0 0  0 0  0 2
   110  -.1162276357772425E-05   3   0 0  1 0  0 0  0 2
   111  -.3342485343674120E-06   3   0 0  0 1  0 0  0 2
   112  0.1031909942277661       3   0 0  0 0  0 3  0 0
   113  -.6194804340781054E-01   3   0 0  0 0  0 2  1 0
   114  -.2070470214050926E-01   3   0 0  0 0  0 1  2 0
   115  -.2053826713247263E-01   3   0 0  0 0  0 0  3 0
   116  -.1647943688953560E-08   3   0 0  0 0  0 2  0 1
   117  -.1013026978457166E-08   3   0 0  0 0  0 1  1 1
   118  -.5065983950330013E-09   3   0 0  0 0  0 0  2 1
   119  0.1637495038319648E-09   3   0 0  0 0  0 1  0 2
   120  0.4901785660426391E-10   3   0 0  0 0  0 0  1 2
   121  0.5438947919505967E-11   3   0 0  0 0  0 0  0 3
   122  -.1745845204841714       4   4 0  0 0  0 0  0 0
   123  -.1211899864849779       4   3 1  0 0  0 0  0 0
   124  -.6641240471567665E-01   4   2 2  0 0  0 0  0 0
   125  0.1522349724772233       4   1 3  0 0  0 0  0 0
   126  -.4870582705947480E-01   4   0 4  0 0  0 0  0 0
   127  0.7379681207588577E-04   4   3 0  1 0  0 0  0 0
   128  0.2335884055005047E-04   4   2 1  1 0  0 0  0 0
   129  -.5448189203465537E-04   4   1 2  1 0  0 0  0 0
   130  0.2490683400480242E-04   4   0 3  1 0  0 0  0 0
   131  -.9205255940576710       4   2 0  2 0  0 0  0 0
   132  0.1072776095295258E-01   4   1 1  2 0  0 0  0 0
   133  0.1067900867005092       4   0 2  2 0  0 0  0 0
   134  -.5149169542869290E-04   4   1 0  3 0  0 0  0 0
   135  0.6233057850352322E-04   4   0 1  3 0  0 0  0 0
   136  -.2609557287107665       4   0 0  4 0  0 0  0 0
   137  0.4041336301785729E-04   4   3 0  0 1  0 0  0 0
   138  0.4159176186449158E-04   4   2 1  0 1  0 0  0 0
   139  0.1582386143680674E-04   4   1 2  0 1  0 0  0 0
   140  0.2061884249702138E-04   4   0 3  0 1  0 0  0 0
   141  -.7469373199178611       4   2 0  1 1  0 0  0 0
   142  0.4971249921707859       4   1 1  1 1  0 0  0 0
   143  -.2334429877110915       4   0 2  1 1  0 0  0 0
   144  0.8911817553378158E-04   4   1 0  2 1  0 0  0 0
   145  0.2375910308744983E-03   4   0 1  2 1  0 0  0 0
   146  -.9544118575748559       4   0 0  3 1  0 0  0 0
   147  -.6370775778332473       4   2 0  0 2  0 0  0 0
   148  0.2225068261490885       4   1 1  0 2  0 0  0 0
   149  -.2570342553222574       4   0 2  0 2  0 0  0 0
   150  0.1415017823133146E-03   4   1 0  1 2  0 0  0 0
   151  0.1606462048844711E-03   4   0 1  1 2  0 0  0 0
   152  -1.484102060774311       4   0 0  2 2  0 0  0 0
   153  0.7317320733205450E-04   4   1 0  0 3  0 0  0 0
   154  0.4642770609595187E-04   4   0 1  0 3  0 0  0 0
   155  -.9106189457398741       4   0 0  1 3  0 0  0 0
   156  -.3082307067008400       4   0 0  0 4  0 0  0 0
   157  -.7923085696052842E-04   4   3 0  0 0  0 1  0 0
   158  0.1085534464264852E-03   4   2 1  0 0  0 1  0 0
   159  0.2761599891555385E-03   4   1 2  0 0  0 1  0 0
   160  -.9436713447416982E-04   4   0 3  0 0  0 1  0 0
   161  -.2285936496871224E-06   4   2 0  1 0  0 1  0 0
   162  0.4566539298427406E-05   4   1 1  1 0  0 1  0 0
   163  -.8317035571675940E-05   4   0 2  1 0  0 1  0 0
   164  -.2241791230106813E-03   4   1 0  2 0  0 1  0 0
   165  0.1415706403042198E-03   4   0 1  2 0  0 1  0 0
   166  -.2585185197252872E-04   4   0 0  3 0  0 1  0 0
   167  -.6752989915138551E-05   4   2 0  0 1  0 1  0 0
   168  -.3941039338546774E-05   4   1 1  0 1  0 1  0 0
   169  -.1216453820622964E-04   4   0 2  0 1  0 1  0 0
   170  -.2781422627106472E-03   4   1 0  1 1  0 1  0 0
   171  -.7983462147780383E-04   4   0 1  1 1  0 1  0 0
   172  -.5784716284349407E-04   4   0 0  2 1  0 1  0 0
   173  0.1572006399391895E-03   4   1 0  0 2  0 1  0 0
   174  -.1428218712901105E-03   4   0 1  0 2  0 1  0 0
   175  -.3074098975836079E-04   4   0 0  1 2  0 1  0 0
   176  -.1293695906150466E-04   4   0 0  0 3  0 1  0 0
   177  -.2032897635076511E-04   4   3 0  0 0  0 0  1 0
   178  0.9274466624005604E-05   4   2 1  0 0  0 0  1 0
   179  0.1529955940327238E-03   4   1 2  0 0  0 0  1 0
   180  -.5296635442054775E-04   4   0 3  0 0  0 0  1 0
   181  -.6267779399861761E-08   4   2 0  1 0  0 0  1 0
   182  -.3370820284019080E-06   4   1 1  1 0  0 0  1 0
   183  -.4700039428995646E-05   4   0 2  1 0  0 0  1 0
   184  -.1147434019521148E-03   4   1 0  2 0  0 0  1 0
   185  0.7316187201900331E-04   4   0 1  2 0  0 0  1 0
   186  -.1388028012335438E-04   4   0 0  3 0  0 0  1 0
   187  -.4336092509308256E-05   4   2 0  0 1  0 0  1 0
   188  -.1574457763598560E-05   4   1 1  0 1  0 0  1 0
   189  -.7343080767981252E-05   4   0 2  0 1  0 0  1 0
   190  -.9997161983498654E-04   4   1 0  1 1  0 0  1 0
   191  -.6214892921531907E-04   4   0 1  1 1  0 0  1 0
   192  -.3149415556797795E-04   4   0 0  2 1  0 0  1 0
   193  0.8772404191348786E-04   4   1 0  0 2  0 0  1 0
   194  -.8663802730056837E-04   4   0 1  0 2  0 0  1 0
   195  -.1860238743473981E-04   4   0 0  1 2  0 0  1 0
   196  -.7752579174248040E-05   4   0 0  0 3  0 0  1 0
   197  0.6211218210688489E-04   4   3 0  0 0  0 0  0 1
   198  -.3471271218425785E-05   4   2 1  0 0  0 0  0 1
   199  -.7817964014760283E-04   4   1 2  0 0  0 0  0 1
   200  -.2294678190481090E-04   4   0 3  0 0  0 0  0 1
   201  -.5159138459569547E-05   4   2 0  1 0  0 0  0 1
   202  0.3936671096235977E-06   4   1 1  1 0  0 0  0 1
   203  0.3979082231380466E-05   4   0 2  1 0  0 0  0 1
   204  0.2431513969162281E-03   4   1 0  2 0  0 0  0 1
   205  -.4270983419806623E-04   4   0 1  2 0  0 0  0 1
   206  0.2803368406244911E-04   4   0 0  3 0  0 0  0 1
   207  -.2583645336222981E-05   4   2 0  0 1  0 0  0 1
   208  0.4134286177426410E-05   4   1 1  0 1  0 0  0 1
   209  0.1063235184843306E-05   4   0 2  0 1  0 0  0 1
   210  0.1809833780893225E-03   4   1 0  1 1  0 0  0 1
   211  0.3650415015333862E-04   4   0 1  1 1  0 0  0 1
   212  0.3778210155200226E-04   4   0 0  2 1  0 0  0 1
   213  -.8396831170678000E-04   4   1 0  0 2  0 0  0 1
   214  -.1020513319641182E-04   4   0 1  0 2  0 0  0 1
   215  0.1193015612070435E-04   4   0 0  1 2  0 0  0 1
   216  0.2402495089806688E-06   4   0 0  0 3  0 0  0 1
   217  -.1511779677883097       4   2 0  0 0  0 2  0 0
   218  0.2215325651090325       4   1 1  0 0  0 2  0 0
   219  -.1856879108023059       4   0 2  0 0  0 2  0 0
   220  0.1088886452905270E-04   4   1 0  1 0  0 2  0 0
   221  0.5542950891780095E-04   4   0 1  1 0  0 2  0 0
   222  -.2354685719939576       4   0 0  2 0  0 2  0 0
   223  0.5542945925627191E-04   4   1 0  0 1  0 2  0 0
   224  0.4325693694697961E-04   4   0 1  0 1  0 2  0 0
   225  -.6367752911743803       4   0 0  1 1  0 2  0 0
   226  -.5205859284047312       4   0 0  0 2  0 2  0 0
   227  -.5094175373050026E-01   4   2 0  0 0  0 1  1 0
   228  0.4588033700256532E-01   4   1 1  0 0  0 1  1 0
   229  -.4809569660920916E-01   4   0 2  0 0  0 1  1 0
   230  0.7275646247793998E-05   4   1 0  1 0  0 1  1 0
   231  0.2388422836963597E-04   4   0 1  1 0  0 1  1 0
   232  -.1072627810890606       4   0 0  2 0  0 1  1 0
   233  0.2388779584355939E-04   4   1 0  0 1  0 1  1 0
   234  0.2919152461676631E-04   4   0 1  0 1  0 1  1 0
   235  -.3239834045397682       4   0 0  1 1  0 1  1 0
   236  -.2741333245263916       4   0 0  0 2  0 1  1 0
   237  -.2552104805892801E-01   4   2 0  0 0  0 0  2 0
   238  0.2304272606983408E-01   4   1 1  0 0  0 0  2 0
   239  -.2412408025468476E-01   4   0 2  0 0  0 0  2 0
   240  0.3638457883729526E-05   4   1 0  1 0  0 0  2 0
   241  0.1195549012223764E-04   4   0 1  1 0  0 0  2 0
   242  -.5368134974865575E-01   4   0 0  2 0  0 0  2 0
   243  0.1195746450836270E-04   4   1 0  0 1  0 0  2 0
   244  0.1459562285289618E-04   4   0 1  0 1  0 0  2 0
   245  -.1620925832740466       4   0 0  1 1  0 0  2 0
   246  -.1371397903912467       4   0 0  0 2  0 0  2 0
   247  0.2275739303557951       4   2 0  0 0  0 1  0 1
   248  -.9169428559007452E-01   4   1 1  0 0  0 1  0 1
   249  -.6552018368771523E-01   4   0 2  0 0  0 1  0 1
   250  -.2180146821765715E-04   4   1 0  1 0  0 1  0 1
   251  -.4776352368273492E-04   4   0 1  1 0  0 1  0 1
   252  0.3963462169977959       4   0 0  2 0  0 1  0 1
   253  -.4776257569334462E-04   4   1 0  0 1  0 1  0 1
   254  -.2973304382679976E-04   4   0 1  0 1  0 1  0 1
   255  0.6479022577634949       4   0 0  1 1  0 1  0 1
   256  0.1646815269855416       4   0 0  0 2  0 1  0 1
   257  0.6414058995613980E-01   4   2 0  0 0  0 0  1 1
   258  0.3096543581690175E-02   4   1 1  0 0  0 0  1 1
   259  -.2880994413000276E-01   4   0 2  0 0  0 0  1 1
   260  -.1092185839304119E-04   4   1 0  1 0  0 0  1 1
   261  -.1764211462333457E-04   4   0 1  1 0  0 0  1 1
   262  0.1486855405202193       4   0 0  2 0  0 0  1 1
   263  -.1764273106976371E-04   4   1 0  0 1  0 0  1 1
   264  -.1513497657115587E-04   4   0 1  0 1  0 0  1 1
   265  0.2762802046228778       4   0 0  1 1  0 0  1 1
   266  0.8836837942867737E-01   4   0 0  0 2  0 0  1 1
   267  -.6407374362608932E-01   4   2 0  0 0  0 0  0 2
   268  -.5062389664394982E-01   4   1 1  0 0  0 0  0 2
   269  -.7916196798191883E-02   4   0 2  0 0  0 0  0 2
   270  0.1092072329276301E-04   4   1 0  1 0  0 0  0 2
   271  0.2565110802519995E-05   4   0 1  1 0  0 0  0 2
   272  -.1486190156511248       4   0 0  2 0  0 0  0 2
   273  0.2564508777717891E-05   4   1 0  0 1  0 0  0 2
   274  0.5377399243712619E-06   4   0 1  0 1  0 0  0 2
   275  -.9034121856291652E-01   4   0 0  1 1  0 0  0 2
   276  -.1207984682653880E-01   4   0 0  0 2  0 0  0 2
   277  0.6359351757628923E-04   4   1 0  0 0  0 3  0 0
   278  -.8361860923974410E-04   4   0 1  0 0  0 3  0 0
   279  -.2214595198430801E-05   4   0 0  1 0  0 3  0 0
   280  -.4955445354042497E-05   4   0 0  0 1  0 3  0 0
   281  0.2362954990903619E-04   4   1 0  0 0  0 2  1 0
   282  -.2957527065118148E-04   4   0 1  0 0  0 2  1 0
   283  -.9550550506838105E-06   4   0 0  1 0  0 2  1 0
   284  -.1987687695007730E-05   4   0 0  0 1  0 2  1 0
   285  0.1361657085288576E-04   4   1 0  0 0  0 1  2 0
   286  -.1680289753475661E-04   4   0 1  0 0  0 1  2 0
   287  -.5729279312721824E-06   4   0 0  1 0  0 1  2 0
   288  -.1166610603388886E-05   4   0 0  0 1  0 1  2 0
   289  0.7899480444691853E-05   4   1 0  0 0  0 0  3 0
   290  -.9890030599552065E-05   4   0 1  0 0  0 0  3 0
   291  -.3190256002147140E-06   4   0 0  1 0  0 0  3 0
   292  -.6642152512312838E-06   4   0 0  0 1  0 0  3 0
   293  -.5845013429418540E-04   4   1 0  0 0  0 2  0 1
   294  -.1449630547966344E-04   4   0 1  0 0  0 2  0 1
   295  0.3089067909287094E-06   4   0 0  1 0  0 2  0 1
   296  -.1766335516238238E-05   4   0 0  0 1  0 2  0 1
   297  -.1841858618234280E-04   4   1 0  0 0  0 1  1 1
   298  -.1059431296879487E-04   4   0 1  0 0  0 1  1 1
   299  0.3459253162860027E-07   4   0 0  1 0  0 1  1 1
   300  -.1079473012178957E-05   4   0 0  0 1  0 1  1 1
   301  -.9229979751141368E-05   4   1 0  0 0  0 0  2 1
   302  -.5296204566018508E-05   4   0 1  0 0  0 0  2 1
   303  0.1746896675637746E-07   4   0 0  1 0  0 0  2 1
   304  -.5398338835024816E-06   4   0 0  0 1  0 0  2 1
   305  0.2429377528835976E-05   4   1 0  0 0  0 1  0 2
   306  0.2513435861170323E-05   4   0 1  0 0  0 1  0 2
   307  0.1457014576285267E-05   4   0 0  1 0  0 1  0 2
   308  0.6363174737366853E-06   4   0 0  0 1  0 1  0 2
   309  -.4957801257649457E-06   4   1 0  0 0  0 0  1 2
   310  0.1153396437024698E-05   4   0 1  0 0  0 0  1 2
   311  0.5678611148399817E-06   4   0 0  1 0  0 0  1 2
   312  0.3456232997669550E-06   4   0 0  0 1  0 0  1 2
   313  0.5404843207519201E-06   4   1 0  0 0  0 0  0 3
   314  0.1202499246014608E-06   4   0 1  0 0  0 0  0 3
   315  -.1192679999138852E-06   4   0 0  1 0  0 0  0 3
   316  -.2697538169955046E-07   4   0 0  0 1  0 0  0 3
   317  -.9029734968057862E-01   4   0 0  0 0  0 4  0 0
   318  0.5161636513327080E-01   4   0 0  0 0  0 3  1 0
   319  0.1549748871194072E-01   4   0 0  0 0  0 2  2 0
   320  0.1037303415413902E-01   4   0 0  0 0  0 1  3 0
   321  0.1281043710599770E-01   4   0 0  0 0  0 0  4 0
   322  0.3107142286352889E-09   4   0 0  0 0  0 3  0 1
   323  -.1215441857318408E-08   4   0 0  0 0  0 2  1 1
   324  -.8726324318214227E-09   4   0 0  0 0  0 1  2 1
   325  -.4852077642165430E-09   4   0 0  0 0  0 0  3 1
   326  -.1804932150926700E-09   4   0 0  0 0  0 2  0 2
   327  -.4694747002852972E-10   4   0 0  0 0  0 1  1 2
   328  -.1658824738473452E-10   4   0 0  0 0  0 0  2 2
   329  -.9985333899788407E-11   4   0 0  0 0  0 1  0 3
   330  -.4547577297864200E-11   4   0 0  0 0  0 0  1 3
   331  -.2489916373735176E-14   4   0 0  0 0  0 0  0 4
   ----------------------------------------------------
     I  COEFFICIENT            ORDER EXPONENTS
     1   1.000000000000000       1   0 0  0 0  0 1  0 0
     --------------------------------------------------
     I  COEFFICIENT            ORDER EXPONENTS
     1   1.000000000000000       1   0 0  0 0  0 0  1 0
     --------------------------------------------------
     I  COEFFICIENT            ORDER EXPONENTS
     1   1.000000000000000       1   0 0  0 0  0 0  0 1
     --------------------------------------------------
