 L    0.6000004999999999E+00
 P (  0.0000000000000000E+00,  0.0000000000000000E+00,  0.1467310000000000E+00)
 A (  0.0000000000000000E+00,  0.0000000000000000E+00,  0.0000000000000000E+00)
     I  COEFFICIENT            ORDER EXPONENTS
     1  0.2069291060572052E-03   0   0 0  0 0  0 0  0 0
     2  0.8475220586158529       1   1 0  0 0  0 0  0 0
     3  0.5630506964137154       1   0 1  0 0  0 0  0 0
     4  -.1213008400918929E-03   1   0 0  1 0  0 0  0 0
     5  -.2919762412416220E-04   1   0 0  0 1  0 0  0 0
     6  0.7458217556402796E-05   1   0 0  0 0  0 1  0 0
     7  0.7448180638708903E-05   1   0 0  0 0  0 0  1 0
     8  -.1490639819513946E-04   1   0 0  0 0  0 0  0 1
     9  0.1561379688991170E-03   2   2 0  0 0  0 0  0 0
    10  -.4803587758665756E-04   2   1 1  0 0  0 0  0 0
    11  -.3956172679869701E-04   2   0 2  0 0  0 0  0 0
    12  0.7932319660193810E-05   2   1 0  1 0  0 0  0 0
    13  -.5173720461374038E-05   2   0 1  1 0  0 0  0 0
    14  -.1535549035590351E-03   2   0 0  2 0  0 0  0 0
    15  -.1481241076308230E-05   2   1 0  0 1  0 0  0 0
    16  -.1151695960321815E-05   2   0 1  0 1  0 0  0 0
    17  0.7276672959055725E-06   2   0 0  1 1  0 0  0 0
    18  -.7956800434343924E-05   2   0 0  0 2  0 0  0 0
    19  0.7463325636361223E-01   2   1 0  0 0  0 1  0 0
    20  -.2635088137635993       2   0 1  0 0  0 1  0 0
    21  0.6071970876350444E-04   2   0 0  1 0  0 1  0 0
    22  0.2922425104170293E-04   2   0 0  0 1  0 1  0 0
    23  0.7453281844454163E-01   2   1 0  0 0  0 0  1 0
    24  -.2631541960207765       2   0 1  0 0  0 0  1 0
    25  0.6063799504107128E-04   2   0 0  1 0  0 0  1 0
    26  0.2918492242194225E-04   2   0 0  0 1  0 0  1 0
    27  -.1491660748081540       2   1 0  0 0  0 0  0 1
    28  -.3638768662933932E-01   2   0 1  0 0  0 0  0 1
    29  -.1213577038045758E-03   2   0 0  1 0  0 0  0 1
    30  -.2921154933948299E-04   2   0 0  0 1  0 0  0 1
    31  -.5549260499097889E-05   2   0 0  0 0  0 2  0 0
    32  -.3645372166712613E-05   2   0 0  0 0  0 1  1 0
    33  -.5539339680816190E-05   2   0 0  0 0  0 0  2 0
    34  0.7285450992871413E-05   2   0 0  0 0  0 1  0 1
    35  0.7275646576276624E-05   2   0 0  0 0  0 0  1 1
    36  0.1726382173064096E-06   2   0 0  0 0  0 0  0 2
    37  -.1384488785242126E-01   3   3 0  0 0  0 0  0 0
    38  -.1597984996742116       3   2 1  0 0  0 0  0 0
    39  -.2409990840488524       3   1 2  0 0  0 0  0 0
    40  0.2288016354226900       3   0 3  0 0  0 0  0 0
    41  0.1379767587466888E-03   3   2 0  1 0  0 0  0 0
    42  0.1846891846014104E-03   3   1 1  1 0  0 0  0 0
    43  -.1418251779596585E-03   3   0 2  1 0  0 0  0 0
    44  -.1424810299306013       3   1 0  2 0  0 0  0 0
    45  -.2522622953595390       3   0 1  2 0  0 0  0 0
    46  -.5947839623121294E-04   3   0 0  3 0  0 0  0 0
    47  -.9868149158723619E-04   3   2 0  0 1  0 0  0 0
    48  -.2693319098928994E-04   3   1 1  0 1  0 0  0 0
    49  -.6090275613818504E-04   3   0 2  0 1  0 0  0 0
    50  -.1500502275833238       3   1 0  1 1  0 0  0 0
    51  -.1205085663345608E-01   3   0 1  1 1  0 0  0 0
    52  -.2951771886430831E-03   3   0 0  2 1  0 0  0 0
    53  -.1769387435796068       3   1 0  0 2  0 0  0 0
    54  0.2535466757898917       3   0 1  0 2  0 0  0 0
    55  -.2108609609818126E-03   3   0 0  1 2  0 0  0 0
    56  -.5176253670327518E-04   3   0 0  0 3  0 0  0 0
    57  -.7616676841927926E-04   3   2 0  0 0  0 1  0 0
    58  0.3736863229523183E-04   3   1 1  0 0  0 1  0 0
    59  0.5649928941007891E-04   3   0 2  0 0  0 1  0 0
    60  -.2548470232269402E-05   3   1 0  1 0  0 1  0 0
    61  0.5237340295165323E-05   3   0 1  1 0  0 1  0 0
    62  0.7678505369428517E-04   3   0 0  2 0  0 1  0 0
    63  0.2044294379900919E-05   3   1 0  0 1  0 1  0 0
    64  0.1786638432020918E-05   3   0 1  0 1  0 1  0 0
    65  0.5682917293605729E-05   3   0 0  1 1  0 1  0 0
    66  0.1327846983409390E-04   3   0 0  0 2  0 1  0 0
    67  -.7606426677195587E-04   3   2 0  0 0  0 0  1 0
    68  0.3731834335101134E-04   3   1 1  0 0  0 0  1 0
    69  0.5642325532911008E-04   3   0 2  0 0  0 0  1 0
    70  -.2545040621136075E-05   3   1 0  1 0  0 0  1 0
    71  0.5230292129423374E-05   3   0 1  1 0  0 0  1 0
    72  0.7668171998777775E-04   3   0 0  2 0  0 0  1 0
    73  0.2041543264868698E-05   3   1 0  0 1  0 0  1 0
    74  0.1784234058220446E-05   3   0 1  0 1  0 0  1 0
    75  0.5675269491338183E-05   3   0 0  1 1  0 0  1 0
    76  0.1326060029518362E-04   3   0 0  0 2  0 0  1 0
    77  0.1522310351912260E-03   3   2 0  0 0  0 0  0 1
    78  -.2665109805955191E-04   3   1 1  0 0  0 0  0 1
    79  -.3379909114182638E-04   3   0 2  0 0  0 0  0 1
    80  0.5093510853417203E-05   3   1 0  1 0  0 0  0 1
    81  -.5293911963236124E-05   3   0 1  1 0  0 0  0 1
    82  -.1534667736820663E-03   3   0 0  2 0  0 0  0 1
    83  -.2604596568434825E-05   3   1 0  0 1  0 0  0 1
    84  -.1267480569646524E-05   3   0 1  0 1  0 0  0 1
    85  -.1208585408086530E-04   3   0 0  1 1  0 0  0 1
    86  -.1062546926060822E-04   3   0 0  0 2  0 0  0 1
    87  -.5514013273945179E-01   3   1 0  0 0  0 2  0 0
    88  0.1886176635383012       3   0 1  0 0  0 2  0 0
    89  -.4554358386562755E-04   3   0 0  1 0  0 2  0 0
    90  -.2923449388344823E-04   3   0 0  0 1  0 2  0 0
    91  -.3569941980688050E-01   3   1 0  0 0  0 1  1 0
    92  0.1139278598983660       3   0 1  0 0  0 1  1 0
    93  -.3041035430183260E-04   3   0 0  1 0  0 1  1 0
    94  -.2923949372084021E-04   3   0 0  0 1  0 1  1 0
    95  -.5504190644911509E-01   3   1 0  0 0  0 0  2 0
    96  0.1882871714036456       3   0 1  0 0  0 0  2 0
    97  -.4546183104605507E-04   3   0 0  1 0  0 0  2 0
    98  -.2917547691303400E-04   3   0 0  0 1  0 0  2 0
    99  0.7134667779444812E-01   3   1 0  0 0  0 1  0 1
   100  0.3585341113241566E-01   3   0 1  0 0  0 1  0 1
   101  0.6078230925330061E-04   3   0 0  1 0  0 1  0 1
   102  0.2923800572301297E-04   3   0 0  0 1  0 1  0 1
   103  0.7125066279792475E-01   3   1 0  0 0  0 0  1 1
   104  0.3580516130142640E-01   3   0 1  0 0  0 0  1 1
   105  0.6070051128607850E-04   3   0 0  1 0  0 0  1 1
   106  0.2919865859285041E-04   3   0 0  0 1  0 0  1 1
   107  0.3284293642753780E-02   3   1 0  0 0  0 0  0 2
   108  0.5583373731672497E-03   3   0 1  0 0  0 0  0 2
   109  -.6490657636355668E-07   3   0 0  1 0  0 0  0 2
   110  -.8692468953476095E-08   3   0 0  0 1  0 0  0 2
   111  0.4595396758780820E-05   3   0 0  0 0  0 3  0 0
   112  0.2689042303526172E-05   3   0 0  0 0  0 2  1 0
   113  0.2692878042756859E-05   3   0 0  0 0  0 1  2 0
   114  0.4584313403601580E-05   3   0 0  0 0  0 0  3 0
   115  -.5377050443051235E-05   3   0 0  0 0  0 2  0 1
   116  -.3473773169923063E-05   3   0 0  0 0  0 1  1 1
   117  -.5367476841869367E-05   3   0 0  0 0  0 0  2 1
   118  -.1715315672159170E-06   3   0 0  0 0  0 1  0 2
   119  -.1713007281167599E-06   3   0 0  0 0  0 0  1 2
   120  -.8147130917280399E-09   3   0 0  0 0  0 0  0 3
   121  0.1363651374329908E-03   4   4 0  0 0  0 0  0 0
   122  -.8191279533919697E-04   4   3 1  0 0  0 0  0 0
   123  0.6091094574193436E-04   4   2 2  0 0  0 0  0 0
   124  0.2635993891916322E-03   4   1 3  0 0  0 0  0 0
   125  -.3400857624945689E-03   4   0 4  0 0  0 0  0 0
   126  0.3822031976824620E-05   4   3 0  1 0  0 0  0 0
   127  -.5560713904402583E-06   4   2 1  1 0  0 0  0 0
   128  0.1326635355908503E-05   4   1 2  1 0  0 0  0 0
   129  -.4816989963502698E-05   4   0 3  1 0  0 0  0 0
   130  0.3845974823504188E-03   4   2 0  2 0  0 0  0 0
   131  -.3276845189014395E-04   4   1 1  2 0  0 0  0 0
   132  0.2383878892650433E-03   4   0 2  2 0  0 0  0 0
   133  0.1557121694667461E-04   4   1 0  3 0  0 0  0 0
   134  -.3823337965573103E-05   4   0 1  3 0  0 0  0 0
   135  -.8471415086922398E-05   4   0 0  4 0  0 0  0 0
   136  0.3643425658801033E-05   4   3 0  0 1  0 0  0 0
   137  -.1737807843379133E-05   4   2 1  0 1  0 0  0 0
   138  0.3162886705398259E-05   4   1 2  0 1  0 0  0 0
   139  -.1008140945714624E-04   4   0 3  0 1  0 0  0 0
   140  0.2154244982463091E-03   4   2 0  1 1  0 0  0 0
   141  -.6361627785488873E-03   4   1 1  1 1  0 0  0 0
   142  0.9955080678790453E-05   4   0 2  1 1  0 0  0 0
   143  0.1879709870168171E-04   4   1 0  2 1  0 0  0 0
   144  -.2898219280891075E-04   4   0 1  2 1  0 0  0 0
   145  -.1905226346173741E-04   4   0 0  3 1  0 0  0 0
   146  0.3025095020112198E-03   4   2 0  0 2  0 0  0 0
   147  0.1941434593073826E-03   4   1 1  0 2  0 0  0 0
   148  -.4151437278639903E-03   4   0 2  0 2  0 0  0 0
   149  0.1715411059908805E-04   4   1 0  1 2  0 0  0 0
   150  -.1399196715730660E-04   4   0 1  1 2  0 0  0 0
   151  0.8946362427102247E-04   4   0 0  2 2  0 0  0 0
   152  0.8758860432806786E-05   4   1 0  0 3  0 0  0 0
   153  -.1053362108482395E-04   4   0 1  0 3  0 0  0 0
   154  0.3156406562432264E-04   4   0 0  1 3  0 0  0 0
   155  -.6668262429432566E-04   4   0 0  0 4  0 0  0 0
   156  0.1882861329905397E-01   4   3 0  0 0  0 1  0 0
   157  0.1245794792560312       4   2 1  0 0  0 1  0 0
   158  0.3383315140796670       4   1 2  0 0  0 1  0 0
   159  -.3112046126353313       4   0 3  0 0  0 1  0 0
   160  -.1351633343442285E-03   4   2 0  1 0  0 1  0 0
   161  -.2739811871566874E-03   4   1 1  1 0  0 1  0 0
   162  0.1933218131383536E-03   4   0 2  1 0  0 1  0 0
   163  0.1500731281404237       4   1 0  2 0  0 1  0 0
   164  0.2592901391541467       4   0 1  2 0  0 1  0 0
   165  0.6514912209168132E-04   4   0 0  3 0  0 1  0 0
   166  0.5570125078208012E-04   4   2 0  0 1  0 1  0 0
   167  0.2362792414043605E-05   4   1 1  0 1  0 1  0 0
   168  0.1147087991736063E-03   4   0 2  0 1  0 1  0 0
   169  0.2279158169783287       4   1 0  1 1  0 1  0 0
   170  0.3493433066183536E-01   4   0 1  1 1  0 1  0 0
   171  0.3534152318651682E-03   4   0 0  2 1  0 1  0 0
   172  0.2763221150804098       4   1 0  0 2  0 1  0 0
   173  -.3544461096310693       4   0 1  0 2  0 1  0 0
   174  0.3400522710650510E-03   4   0 0  1 2  0 1  0 0
   175  0.1063956123515915E-03   4   0 0  0 3  0 1  0 0
   176  0.1880327463863793E-01   4   3 0  0 0  0 0  1 0
   177  0.1244118260640761       4   2 1  0 0  0 0  1 0
   178  0.3378762034730304       4   1 2  0 0  0 0  1 0
   179  -.3107858081342121       4   0 3  0 0  0 0  1 0
   180  -.1349814378988953E-03   4   2 0  1 0  0 0  1 0
   181  -.2736124761872976E-03   4   1 1  1 0  0 0  1 0
   182  0.1930616497531737E-03   4   0 2  1 0  0 0  1 0
   183  0.1498711667972740       4   1 0  2 0  0 0  1 0
   184  0.2589411987047943       4   0 1  2 0  0 0  1 0
   185  0.6506144747354218E-04   4   0 0  3 0  0 0  1 0
   186  0.5562629066388695E-04   4   2 0  0 1  0 0  1 0
   187  0.2359612679367563E-05   4   1 1  0 1  0 0  1 0
   188  0.1145544294777172E-03   4   0 2  0 1  0 0  1 0
   189  0.2276090986131387       4   1 0  1 1  0 0  1 0
   190  0.3488731768602792E-01   4   0 1  1 1  0 0  1 0
   191  0.3529396223020065E-03   4   0 0  2 1  0 0  1 0
   192  0.2759502538005447       4   1 0  0 2  0 0  1 0
   193  -.3539691127611946       4   0 1  0 2  0 0  1 0
   194  0.3395946447447597E-03   4   0 0  1 2  0 0  1 0
   195  0.1062524301507402E-03   4   0 0  0 3  0 0  1 0
   196  -.3763188793769202E-01   4   3 0  0 0  0 0  0 1
   197  -.8919280564589532E-01   4   2 1  0 0  0 0  0 1
   198  -.1942095494549932       4   1 2  0 0  0 0  0 1
   199  -.6441448549852637E-01   4   0 3  0 0  0 0  0 1
   200  0.2701447722431242E-03   4   2 0  1 0  0 0  0 1
   201  0.3629044787425747E-03   4   1 1  1 0  0 0  0 1
   202  -.1027331069722108E-03   4   0 2  1 0  0 0  0 1
   203  -.2999442949376980       4   1 0  2 0  0 0  0 1
   204  -.2659690424994017       4   0 1  2 0  0 0  0 1
   205  -.1302105695652237E-03   4   0 0  3 0  0 0  0 1
   206  -.1264604985873127E-04   4   2 0  0 1  0 0  0 1
   207  0.4914397688516858E-04   4   1 1  0 1  0 0  0 1
   208  -.4655496023676756E-04   4   0 2  0 1  0 0  0 1
   209  -.3054746880081429       4   1 0  1 1  0 0  0 1
   210  -.4571993508095081E-01   4   0 1  1 1  0 0  0 1
   211  -.4111776655240912E-03   4   0 0  2 1  0 0  0 1
   212  -.1983948817217414       4   1 0  0 2  0 0  0 1
   213  -.5222480497741171E-01   4   0 1  0 2  0 0  0 1
   214  -.2579249938461859E-03   4   0 0  1 2  0 0  0 1
   215  -.5736043239250627E-04   4   0 0  0 3  0 0  0 1
   216  0.1499101244177984E-03   4   2 0  0 0  0 2  0 0
   217  0.2963019721675880E-03   4   1 1  0 0  0 2  0 0
   218  -.5306092415714685E-03   4   0 2  0 0  0 2  0 0
   219  0.4204068596941080E-05   4   1 0  1 0  0 2  0 0
   220  -.1328036952534200E-05   4   0 1  1 0  0 2  0 0
   221  0.1089308242007794E-03   4   0 0  2 0  0 2  0 0
   222  0.6660283596612892E-05   4   1 0  0 1  0 2  0 0
   223  -.1128472290025416E-04   4   0 1  0 1  0 2  0 0
   224  0.5454429554320017E-04   4   0 0  1 1  0 2  0 0
   225  -.1726235013113818E-03   4   0 0  0 2  0 2  0 0
   226  0.1151141176336042E-03   4   2 0  0 0  0 1  1 0
   227  0.3604867300582695E-03   4   1 1  0 0  0 1  1 0
   228  -.6190527631462625E-03   4   0 2  0 0  0 1  1 0
   229  0.2958507427839947E-05   4   1 0  1 0  0 1  1 0
   230  -.1130677229864979E-05   4   0 1  1 0  0 1  1 0
   231  0.1288901395497944E-03   4   0 0  2 0  0 1  1 0
   232  0.7654750931925428E-05   4   1 0  0 1  0 1  1 0
   233  -.1340015692376749E-04   4   0 1  0 1  0 1  1 0
   234  0.5760520214607551E-04   4   0 0  1 1  0 1  1 0
   235  -.2041162643395138E-03   4   0 0  0 2  0 1  1 0
   236  0.1496309248601908E-03   4   2 0  0 0  0 0  2 0
   237  0.2956606599115928E-03   4   1 1  0 0  0 0  2 0
   238  -.5294786266440618E-03   4   0 2  0 0  0 0  2 0
   239  0.4196420249621117E-05   4   1 0  1 0  0 0  2 0
   240  -.1325488936927719E-05   4   0 1  1 0  0 0  2 0
   241  0.1086975030935897E-03   4   0 0  2 0  0 0  2 0
   242  0.6646169799313379E-05   4   1 0  0 1  0 0  2 0
   243  -.1126051980217651E-04   4   0 1  0 1  0 0  2 0
   244  0.5443213121773668E-04   4   0 0  1 1  0 0  2 0
   245  -.1722538477143403E-03   4   0 0  0 2  0 0  2 0
   246  -.1344044928160727E-03   4   2 0  0 0  0 1  0 1
   247  -.2154880219967593E-03   4   1 1  0 0  0 1  0 1
   248  -.6011706749015378E-04   4   0 2  0 0  0 1  0 1
   249  -.5346793760577985E-05   4   1 0  1 0  0 1  0 1
   250  0.8720325636324809E-06   4   0 1  1 0  0 1  0 1
   251  -.9944438915778513E-04   4   0 0  2 0  0 1  0 1
   252  -.4793258862524582E-05   4   1 0  0 1  0 1  0 1
   253  -.1807339511861449E-05   4   0 1  0 1  0 1  0 1
   254  -.5634320723097472E-04   4   0 0  1 1  0 1  0 1
   255  -.2471923533125669E-04   4   0 0  0 2  0 1  0 1
   256  -.1342236175839051E-03   4   2 0  0 0  0 0  1 1
   257  -.2151980283723547E-03   4   1 1  0 0  0 0  1 1
   258  -.6003616477394473E-04   4   0 2  0 0  0 0  1 1
   259  -.5339598297520660E-05   4   1 0  1 0  0 0  1 1
   260  0.8708590233058136E-06   4   0 1  1 0  0 0  1 1
   261  -.9931056158550829E-04   4   0 0  2 0  0 0  1 1
   262  -.4786808320645862E-05   4   1 0  0 1  0 0  1 1
   263  -.1804907279523347E-05   4   0 1  0 1  0 0  1 1
   264  -.5626738319804663E-04   4   0 0  1 1  0 0  1 1
   265  -.2468596934932507E-04   4   0 0  0 2  0 0  1 1
   266  -.3117207873983997E-04   4   2 0  0 0  0 0  0 2
   267  -.2843835902033677E-05   4   1 1  0 0  0 0  0 2
   268  0.1662490586752164E-05   4   0 2  0 0  0 0  0 2
   269  0.1723500634740194E-07   4   1 0  1 0  0 0  0 2
   270  0.4432009645096633E-06   4   0 1  1 0  0 0  0 2
   271  0.9905669834541125E-05   4   0 0  2 0  0 0  0 2
   272  -.3946393857367272E-06   4   1 0  0 1  0 0  0 2
   273  0.1778010976165363E-07   4   0 1  0 1  0 0  0 2
   274  0.2351602104750748E-05   4   0 0  1 1  0 0  0 2
   275  -.2250006209728072E-06   4   0 0  0 2  0 0  0 2
   276  0.4540367484468535E-01   4   1 0  0 0  0 3  0 0
   277  -.1512670731368143       4   0 1  0 0  0 3  0 0
   278  0.3796564679663248E-04   4   0 0  1 0  0 3  0 0
   279  0.2923173579188502E-04   4   0 0  0 1  0 3  0 0
   280  0.2594382110134379E-01   4   1 0  0 0  0 2  1 0
   281  -.7661591266103894E-01   4   0 1  0 0  0 2  1 0
   282  0.2281883777153368E-04   4   0 0  1 0  0 2  1 0
   283  0.2923203615417221E-04   4   0 0  0 1  0 2  1 0
   284  0.2598297998988683E-01   4   1 0  0 0  0 1  2 0
   285  -.7676619475288164E-01   4   0 1  0 0  0 1  2 0
   286  0.2284931042759462E-04   4   0 0  1 0  0 1  2 0
   287  0.2923195613761490E-04   4   0 0  0 1  0 1  2 0
   288  0.4529458821822227E-01   4   1 0  0 0  0 0  3 0
   289  -.1509102375094811       4   0 1  0 0  0 0  3 0
   290  0.3787367468042648E-04   4   0 0  1 0  0 0  3 0
   291  0.2915308471098215E-04   4   0 0  0 1  0 0  3 0
   292  -.5187432257101886E-01   4   1 0  0 0  0 2  0 1
   293  -.3543690679915912E-01   4   0 1  0 0  0 2  0 1
   294  -.4562602001154381E-04   4   0 0  1 0  0 2  0 1
   295  -.2924734485032108E-04   4   0 0  0 1  0 2  0 1
   296  -.3245424809103813E-01   4   1 0  0 0  0 1  1 1
   297  -.3502145855734499E-01   4   0 1  0 0  0 1  1 1
   298  -.3051041392941249E-04   4   0 0  1 0  0 1  1 1
   299  -.2925660588940733E-04   4   0 0  0 1  0 1  1 1
   300  -.5178267485367226E-01   4   1 0  0 0  0 0  2 1
   301  -.3536565236586131E-01   4   0 1  0 0  0 0  2 1
   302  -.4554408892552586E-04   4   0 0  1 0  0 0  2 1
   303  -.2918829907130622E-04   4   0 0  0 1  0 0  2 1
   304  -.3245308483818788E-02   4   1 0  0 0  0 1  0 2
   305  -.8325382435301048E-03   4   0 1  0 0  0 1  0 2
   306  0.9760551484972668E-07   4   0 0  1 0  0 1  0 2
   307  0.1742203162489037E-07   4   0 0  0 1  0 1  0 2
   308  -.3240941100607349E-02   4   1 0  0 0  0 0  1 2
   309  -.8314178527981288E-03   4   0 1  0 0  0 0  1 2
   310  0.9747416194783592E-07   4   0 0  1 0  0 0  1 2
   311  0.1739858587580099E-07   4   0 0  0 1  0 0  1 2
   312  -.2744590036487379E-04   4   1 0  0 0  0 0  0 3
   313  -.3685341060043660E-05   4   0 1  0 0  0 0  0 3
   314  -.2175550797681370E-07   4   0 0  1 0  0 0  0 3
   315  -.2914403550310642E-08   4   0 0  0 1  0 0  0 3
   316  -.5701929391533541E-04   4   0 0  0 0  0 4  0 0
   317  -.3027780497819859E-04   4   0 0  0 0  0 3  1 0
   318  -.2672605732389556E-04   4   0 0  0 0  0 2  2 0
   319  -.3035432567686636E-04   4   0 0  0 0  0 1  3 0
   320  -.5684554416579864E-04   4   0 0  0 0  0 0  4 0
   321  -.3454844174133363E-05   4   0 0  0 0  0 3  0 1
   322  -.4215594326121200E-05   4   0 0  0 0  0 2  1 1
   323  -.4214049268220768E-05   4   0 0  0 0  0 1  2 1
   324  -.3445037371883049E-05   4   0 0  0 0  0 0  3 1
   325  -.8041130527257397E-08   4   0 0  0 0  0 2  0 2
   326  -.1529263227078481E-07   4   0 0  0 0  0 1  1 2
   327  -.8020019100862269E-08   4   0 0  0 0  0 0  2 2
   328  0.1397781236996350E-09   4   0 0  0 0  0 1  0 3
   329  0.1395900168882749E-09   4   0 0  0 0  0 0  1 3
   330  0.7125974925030978E-15   4   0 0  0 0  0 0  0 4
   ----------------------------------------------------
     I  COEFFICIENT            ORDER EXPONENTS
     1  -.5897484042800416E-04   0   0 0  0 0  0 0  0 0
     2  -.4718665493238415       1   1 0  0 0  0 0  0 0
     3  0.8664260729400330       1   0 1  0 0  0 0  0 0
     4  -.3791168659712562E-03   1   0 0  1 0  0 0  0 0
     5  -.1061097973984640E-03   1   0 0  0 1  0 0  0 0
     6  -.4475766220463326E-06   1   0 0  0 0  0 1  0 0
     7  -.4469742945220108E-06   1   0 0  0 0  0 0  1 0
     8  -.5808028951162621E-04   1   0 0  0 0  0 0  0 1
     9  -.2621865013868322E-04   2   2 0  0 0  0 0  0 0
    10  -.3273333511148285E-03   2   1 1  0 0  0 0  0 0
    11  -.6215217767800199E-04   2   0 2  0 0  0 0  0 0
    12  -.1262038344425555E-04   2   1 0  1 0  0 0  0 0
    13  -.1361106513923623E-04   2   0 1  1 0  0 0  0 0
    14  0.3904664531020208E-04   2   0 0  2 0  0 0  0 0
    15  -.1383718719103039E-04   2   1 0  0 1  0 0  0 0
    16  -.7024945965333575E-05   2   0 1  0 1  0 0  0 0
    17  0.3039042544208601E-03   2   0 0  1 1  0 0  0 0
    18  0.5427145769900768E-04   2   0 0  0 2  0 0  0 0
    19  -.7436521928795538E-02   2   1 0  0 0  0 1  0 0
    20  0.6547281907703129E-01   2   0 1  0 0  0 1  0 0
    21  0.1198336183419852E-06   2   0 0  1 0  0 1  0 0
    22  0.5311430637024195E-04   2   0 0  0 1  0 1  0 0
    23  -.7426514208054852E-02   2   1 0  0 0  0 0  1 0
    24  0.6538470884274455E-01   2   0 1  0 0  0 0  1 0
    25  0.1196723519059823E-06   2   0 0  1 0  0 0  1 0
    26  0.5304282763991924E-04   2   0 0  0 1  0 0  1 0
    27  -.4570035131869914       2   1 0  0 0  0 0  0 1
    28  -.1308575279197760       2   0 1  0 0  0 0  0 1
    29  -.3793563719415043E-03   2   0 0  1 0  0 0  0 1
    30  -.1061571340101617E-03   2   0 0  0 1  0 0  0 1
    31  0.3363534977597415E-06   2   0 0  0 0  0 2  0 0
    32  0.2254282796868765E-06   2   0 0  0 0  0 1  1 0
    33  0.3357491636924862E-06   2   0 0  0 0  0 0  2 0
    34  -.8981324704952101E-06   2   0 0  0 0  0 1  0 1
    35  -.8969238061438921E-06   2   0 0  0 0  0 0  1 1
    36  0.8975266865133208E-06   2   0 0  0 0  0 0  0 2
    37  -.1640595507343706       3   3 0  0 0  0 0  0 0
    38  -.1955478796765827       3   2 1  0 0  0 0  0 0
    39  0.1676295602178011       3   1 2  0 0  0 0  0 0
    40  -.8141324504238524E-02   3   0 3  0 0  0 0  0 0
    41  0.4971931595628679E-03   3   2 0  1 0  0 0  0 0
    42  0.2853160678010691E-03   3   1 1  1 0  0 0  0 0
    43  0.4473478686843771E-04   3   0 2  1 0  0 0  0 0
    44  -.6093692735952632       3   1 0  2 0  0 0  0 0
    45  -.1187250595670602       3   0 1  2 0  0 0  0 0
    46  -.1487272623385509E-03   3   0 0  3 0  0 0  0 0
    47  0.1323220371902740E-03   3   2 0  0 1  0 0  0 0
    48  0.4627820701242126E-03   3   1 1  0 1  0 0  0 0
    49  0.6714736605552114E-04   3   0 2  0 1  0 0  0 0
    50  -.4470575749040794       3   1 0  1 1  0 0  0 0
    51  -.1368955635809603       3   0 1  1 1  0 0  0 0
    52  -.1223301666950692E-03   3   0 0  2 1  0 0  0 0
    53  -.2958547280867908       3   1 0  0 2  0 0  0 0
    54  -.1568301249231587       3   0 1  0 2  0 0  0 0
    55  -.3785818698069958E-04   3   0 0  1 2  0 0  0 0
    56  -.5728159610553316E-04   3   0 0  0 3  0 0  0 0
    57  0.9748735241614640E-05   3   2 0  0 0  0 1  0 0
    58  0.1693052438639326E-03   3   1 1  0 0  0 1  0 0
    59  0.6424427241471363E-04   3   0 2  0 0  0 1  0 0
    60  0.6408659582839386E-05   3   1 0  1 0  0 1  0 0
    61  0.8499045211973042E-05   3   0 1  1 0  0 1  0 0
    62  -.1782222639793860E-04   3   0 0  2 0  0 1  0 0
    63  0.8606379225230991E-05   3   1 0  0 1  0 1  0 0
    64  0.7659855038529780E-05   3   0 1  0 1  0 1  0 0
    65  -.1475124751632262E-03   3   0 0  1 1  0 1  0 0
    66  -.5273178525051023E-04   3   0 0  0 2  0 1  0 0
    67  0.9735615853168645E-05   3   2 0  0 0  0 0  1 0
    68  0.1690774008458196E-03   3   1 1  0 0  0 0  1 0
    69  0.6415781550062565E-04   3   0 2  0 0  0 0  1 0
    70  0.6400035110802468E-05   3   1 0  1 0  0 0  1 0
    71  0.8487607597472869E-05   3   0 1  1 0  0 0  1 0
    72  -.1779824208558471E-04   3   0 0  2 0  0 0  1 0
    73  0.8594797165674291E-05   3   1 0  0 1  0 0  1 0
    74  0.7649546766615396E-05   3   0 1  0 1  0 0  1 0
    75  -.1473139598261741E-03   3   0 0  1 1  0 0  1 0
    76  -.5266082129908252E-04   3   0 0  0 2  0 0  1 0
    77  -.4570300123346622E-04   3   2 0  0 0  0 0  0 1
    78  -.3383826447097516E-03   3   1 1  0 0  0 0  0 1
    79  -.6624991023733670E-04   3   0 2  0 0  0 0  0 1
    80  -.2542907813789740E-04   3   1 0  1 0  0 0  0 1
    81  -.1698665280944592E-04   3   0 1  1 0  0 0  0 1
    82  0.7466711379372577E-04   3   0 0  2 0  0 0  0 1
    83  -.1720117639090530E-04   3   1 0  0 1  0 0  0 1
    84  -.8284455839811605E-05   3   0 1  0 1  0 0  0 1
    85  0.2948264349894001E-03   3   0 0  1 1  0 0  0 1
    86  0.5112114885058482E-04   3   0 0  0 2  0 0  0 1
    87  0.5538113723855735E-02   3   1 0  0 0  0 2  0 0
    88  -.4841898771967499E-01   3   0 1  0 0  0 2  0 0
    89  -.1173684968380197E-06   3   0 0  1 0  0 2  0 0
    90  -.3983390375730221E-04   3   0 0  0 1  0 2  0 0
    91  0.3644875307373657E-02   3   1 0  0 0  0 1  1 0
    92  -.3141093464113279E-01   3   0 1  0 0  0 1  1 0
    93  -.1169765835176343E-06   3   0 0  1 0  0 1  1 0
    94  -.2659362521503061E-04   3   0 0  0 1  0 1  1 0
    95  0.5528208240702623E-02   3   1 0  0 0  0 0  2 0
    96  -.4833269205016261E-01   3   0 1  0 0  0 0  2 0
    97  -.1171318370883636E-06   3   0 0  1 0  0 0  2 0
    98  -.3976240294318247E-04   3   0 0  0 1  0 0  2 0
    99  -.1472125269667541E-01   3   1 0  0 0  0 1  0 1
   100  0.6277609052495453E-01   3   0 1  0 0  0 1  0 1
   101  0.3553189176293892E-06   3   0 0  1 0  0 1  0 1
   102  0.5315976788280968E-04   3   0 0  0 1  0 1  0 1
   103  -.1470144152858478E-01   3   1 0  0 0  0 0  1 1
   104  0.6269160942086074E-01   3   0 1  0 0  0 0  1 1
   105  0.3548407461756244E-06   3   0 0  1 0  0 0  1 1
   106  0.5308822797252606E-04   3   0 0  0 1  0 0  1 1
   107  0.1471141346480248E-01   3   1 0  0 0  0 0  0 2
   108  0.2694913192026086E-02   3   0 1  0 0  0 0  0 2
   109  -.3576479251591396E-06   3   0 0  1 0  0 0  0 2
   110  -.5028428707957243E-07   3   0 0  0 1  0 0  0 2
   111  -.2797513433710514E-06   3   0 0  0 0  0 3  0 0
   112  -.1666276741259560E-06   3   0 0  0 0  0 2  1 0
   113  -.1668552689081074E-06   3   0 0  0 0  0 1  2 0
   114  -.2790746604953504E-06   3   0 0  0 0  0 0  3 0
   115  0.6695333075416305E-06   3   0 0  0 0  0 2  0 1
   116  0.4415477941640139E-06   3   0 0  0 0  0 1  1 1
   117  0.6683351740562543E-06   3   0 0  0 0  0 0  2 1
   118  -.4412435405272851E-06   3   0 0  0 0  0 1  0 2
   119  -.4406497357655314E-06   3   0 0  0 0  0 0  1 2
   120  -.5211136740135327E-08   3   0 0  0 0  0 0  0 3
   121  0.5355531632120451E-04   4   4 0  0 0  0 0  0 0
   122  -.3763571178481161E-03   4   3 1  0 0  0 0  0 0
   123  -.3172176050903086E-03   4   2 2  0 0  0 0  0 0
   124  -.2044171472028961E-03   4   1 3  0 0  0 0  0 0
   125  -.5159040419734080E-04   4   0 4  0 0  0 0  0 0
   126  0.7096271287597799E-07   4   3 0  1 0  0 0  0 0
   127  -.9272379258271235E-05   4   2 1  1 0  0 0  0 0
   128  -.4479495920449747E-05   4   1 2  1 0  0 0  0 0
   129  -.1027851542606219E-05   4   0 3  1 0  0 0  0 0
   130  0.1595367749311237E-04   4   2 0  2 0  0 0  0 0
   131  -.8670727367974999E-03   4   1 1  2 0  0 0  0 0
   132  0.9913920656854562E-06   4   0 2  2 0  0 0  0 0
   133  0.1183073154872977E-06   4   1 0  3 0  0 0  0 0
   134  -.1287012747173496E-04   4   0 1  3 0  0 0  0 0
   135  -.6801614791834482E-04   4   0 0  4 0  0 0  0 0
   136  0.3937455849979175E-06   4   3 0  0 1  0 0  0 0
   137  -.5507723499403894E-06   4   2 1  0 1  0 0  0 0
   138  0.4451198277791632E-05   4   1 2  0 1  0 0  0 0
   139  0.9390025082066755E-06   4   0 3  0 1  0 0  0 0
   140  -.1035145110842689E-02   4   2 0  1 1  0 0  0 0
   141  -.1239364723783980E-02   4   1 1  1 1  0 0  0 0
   142  0.2147897547294103E-03   4   0 2  1 1  0 0  0 0
   143  -.2596056541128018E-04   4   1 0  2 1  0 0  0 0
   144  -.1588322754288215E-04   4   0 1  2 1  0 0  0 0
   145  -.2005316555378946E-03   4   0 0  3 1  0 0  0 0
   146  -.1694190304287680E-03   4   2 0  0 2  0 0  0 0
   147  -.9680666890798141E-03   4   1 1  0 2  0 0  0 0
   148  -.2378660092170948E-04   4   0 2  0 2  0 0  0 0
   149  -.9099344516122179E-05   4   1 0  1 2  0 0  0 0
   150  -.1502458848348894E-04   4   0 1  1 2  0 0  0 0
   151  -.1170140720935030E-03   4   0 0  2 2  0 0  0 0
   152  0.3597461053374059E-05   4   1 0  0 3  0 0  0 0
   153  -.4617576298726546E-06   4   0 1  0 3  0 0  0 0
   154  0.1395460987173598E-04   4   0 0  1 3  0 0  0 0
   155  0.8308528717240048E-04   4   0 0  0 4  0 0  0 0
   156  0.6795179422734252E-01   4   3 0  0 0  0 1  0 0
   157  0.1831818498280788       4   2 1  0 0  0 1  0 0
   158  -.1335342709353455       4   1 2  0 0  0 1  0 0
   159  0.1594488533497558E-01   4   0 3  0 0  0 1  0 0
   160  -.2693614879601506E-03   4   2 0  1 0  0 1  0 0
   161  -.3006481276893855E-03   4   1 1  1 0  0 1  0 0
   162  -.6981466664068344E-04   4   0 2  1 0  0 1  0 0
   163  0.3178357127043533       4   1 0  2 0  0 1  0 0
   164  0.1265091871893372       4   0 1  2 0  0 1  0 0
   165  0.7248436517851855E-04   4   0 0  3 0  0 1  0 0
   166  -.1348100296661679E-03   4   2 0  0 1  0 1  0 0
   167  -.5075297722969607E-03   4   1 1  0 1  0 1  0 0
   168  -.1083248170214376E-03   4   0 2  0 1  0 1  0 0
   169  0.4486082119205094       4   1 0  1 1  0 1  0 0
   170  0.2083328067221025       4   0 1  1 1  0 1  0 0
   171  0.1198968593864452E-03   4   0 0  2 1  0 1  0 0
   172  0.3218089175921518       4   1 0  0 2  0 1  0 0
   173  0.2458902665682199       4   0 1  0 2  0 1  0 0
   174  0.5602162688943797E-04   4   0 0  1 2  0 1  0 0
   175  0.8802525274730567E-04   4   0 0  0 3  0 1  0 0
   176  0.6786034790512853E-01   4   3 0  0 0  0 0  1 0
   177  0.1829353323276421       4   2 1  0 0  0 0  1 0
   178  -.1333545668067729       4   1 2  0 0  0 0  1 0
   179  0.1592342745974807E-01   4   0 3  0 0  0 0  1 0
   180  -.2689989939642214E-03   4   2 0  1 0  0 0  1 0
   181  -.3002435296081967E-03   4   1 1  1 0  0 0  1 0
   182  -.6972071335256916E-04   4   0 2  1 0  0 0  1 0
   183  0.3174079843812746       4   1 0  2 0  0 0  1 0
   184  0.1263389370873893       4   0 1  2 0  0 0  1 0
   185  0.7238681913593125E-04   4   0 0  3 0  0 0  1 0
   186  -.1346286086816196E-03   4   2 0  0 1  0 0  1 0
   187  -.5068467626484531E-03   4   1 1  0 1  0 0  1 0
   188  -.1081790385878621E-03   4   0 2  0 1  0 0  1 0
   189  0.4480044961310784       4   1 0  1 1  0 0  1 0
   190  0.2080524422491999       4   0 1  1 1  0 0  1 0
   191  0.1197355078436257E-03   4   0 0  2 1  0 0  1 0
   192  0.3213758423171855       4   1 0  0 2  0 0  1 0
   193  0.2455593590358790       4   0 1  0 2  0 0  1 0
   194  0.5594623562417834E-04   4   0 0  1 2  0 0  1 0
   195  0.8790679251064512E-04   4   0 0  0 3  0 0  1 0
   196  -.2998716928668417       4   3 0  0 0  0 0  0 1
   197  -.3661171821557207       4   2 1  0 0  0 0  0 1
   198  0.9925927752431776E-01   4   1 2  0 0  0 0  0 1
   199  -.1558566378624622E-01   4   0 3  0 0  0 0  0 1
   200  0.1035553641487242E-02   4   2 0  1 0  0 0  0 1
   201  0.6008916572975826E-03   4   1 1  1 0  0 0  0 1
   202  0.9480059312481502E-04   4   0 2  1 0  0 0  0 1
   203  -1.244612970680893       4   1 0  2 0  0 0  0 1
   204  -.2528481242767263       4   0 1  2 0  0 0  0 1
   205  -.2935984466530013E-03   4   0 0  3 0  0 0  0 1
   206  0.2694386383477872E-03   4   2 0  0 1  0 0  0 1
   207  0.5515944648212019E-03   4   1 1  0 1  0 0  0 1
   208  0.8220912349825814E-04   4   0 2  0 1  0 0  0 1
   209  -.8966127080515882       4   1 0  1 1  0 0  0 1
   210  -.2794896853903423       4   0 1  1 1  0 0  0 1
   211  -.2396323672300711E-03   4   0 0  2 1  0 0  0 1
   212  -.3473300318225470       4   1 0  0 2  0 0  0 1
   213  -.1777893757577817       4   0 1  0 2  0 0  0 1
   214  -.7410967553291763E-04   4   0 0  1 2  0 0  0 1
   215  -.6136885304688407E-04   4   0 0  0 3  0 0  0 1
   216  0.7872858619708884E-04   4   2 0  0 0  0 2  0 0
   217  -.3286095752699144E-03   4   1 1  0 0  0 2  0 0
   218  -.7378147431790329E-04   4   0 2  0 0  0 2  0 0
   219  0.4055104896001502E-05   4   1 0  1 0  0 2  0 0
   220  -.2603969466360441E-05   4   0 1  1 0  0 2  0 0
   221  0.5700256748638444E-04   4   0 0  2 0  0 2  0 0
   222  0.6025380647540252E-05   4   1 0  0 1  0 2  0 0
   223  0.1814589981343134E-05   4   0 1  0 1  0 2  0 0
   224  0.2167532425052331E-03   4   0 0  1 1  0 2  0 0
   225  0.1804260932370283E-03   4   0 0  0 2  0 2  0 0
   226  0.7818391753286854E-04   4   2 0  0 0  0 1  1 0
   227  -.2725692908427842E-03   4   1 1  0 0  0 1  1 0
   228  -.6803230169933839E-04   4   0 2  0 0  0 1  1 0
   229  0.4850454535740926E-05   4   1 0  1 0  0 1  1 0
   230  -.7768025434852909E-06   4   0 1  1 0  0 1  1 0
   231  0.5388958157422874E-04   4   0 0  2 0  0 1  1 0
   232  0.7404359102547058E-05   4   1 0  0 1  0 1  1 0
   233  0.3158793895711285E-05   4   0 1  0 1  0 1  1 0
   234  0.1976037687374206E-03   4   0 0  1 1  0 1  1 0
   235  0.2060650693033598E-03   4   0 0  0 2  0 1  1 0
   236  0.7857002886036698E-04   4   2 0  0 0  0 0  2 0
   237  -.3279839425374144E-03   4   1 1  0 0  0 0  2 0
   238  -.7363640535427860E-04   4   0 2  0 0  0 0  2 0
   239  0.4046383970382850E-05   4   1 0  1 0  0 0  2 0
   240  -.2599942474846664E-05   4   0 1  1 0  0 0  2 0
   241  0.5688959508792198E-04   4   0 0  2 0  0 0  2 0
   242  0.6012289755468750E-05   4   1 0  0 1  0 0  2 0
   243  0.1810022513686909E-05   4   0 1  0 1  0 0  2 0
   244  0.2163285832870840E-03   4   0 0  1 1  0 0  2 0
   245  0.1800446279745585E-03   4   0 0  0 2  0 0  2 0
   246  -.1490622704449496E-03   4   2 0  0 0  0 1  0 1
   247  0.3067366558461419E-03   4   1 1  0 0  0 1  0 1
   248  0.6604109251250002E-04   4   0 2  0 0  0 1  0 1
   249  -.6469263399727632E-05   4   1 0  1 0  0 1  0 1
   250  0.3642795476958241E-05   4   0 1  1 0  0 1  0 1
   251  -.1294076233248750E-03   4   0 0  2 0  0 1  0 1
   252  -.4511502953113086E-05   4   1 0  0 1  0 1  0 1
   253  -.4285798392494975E-06   4   0 1  0 1  0 1  0 1
   254  -.3203423728344382E-03   4   0 0  1 1  0 1  0 1
   255  -.1685051516098560E-03   4   0 0  0 2  0 1  0 1
   256  -.1488616694664461E-03   4   2 0  0 0  0 0  1 1
   257  0.3063238641107017E-03   4   1 1  0 0  0 0  1 1
   258  0.6595221752260570E-04   4   0 2  0 0  0 0  1 1
   259  -.6460557369930089E-05   4   1 0  1 0  0 0  1 1
   260  0.3637893174484351E-05   4   0 1  1 0  0 0  1 1
   261  -.1292334726441743E-03   4   0 0  2 0  0 0  1 1
   262  -.4505431585058548E-05   4   1 0  0 1  0 0  1 1
   263  -.4280030767001049E-06   4   0 1  0 1  0 0  1 1
   264  -.3199112711662906E-03   4   0 0  1 1  0 0  1 1
   265  -.1682783853181920E-03   4   0 0  0 2  0 0  1 1
   266  0.6244143255471087E-04   4   2 0  0 0  0 0  0 2
   267  0.5507814605002498E-04   4   1 1  0 0  0 0  0 2
   268  0.7624357959513400E-05   4   0 2  0 0  0 0  0 2
   269  -.2212259368177043E-07   4   1 0  1 0  0 0  0 2
   270  0.3027796854982680E-06   4   0 1  1 0  0 0  0 2
   271  0.9085932147523852E-04   4   0 0  2 0  0 0  0 2
   272  -.5566266363572995E-08   4   1 0  0 1  0 0  0 2
   273  0.3165166118918585E-07   4   0 1  0 1  0 0  0 2
   274  0.5936848306935045E-04   4   0 0  1 1  0 0  0 2
   275  0.8149455020879683E-05   4   0 0  0 2  0 0  0 2
   276  -.4589750468229782E-02   4   1 0  0 0  0 3  0 0
   277  0.3990046543563326E-01   4   0 1  0 0  0 3  0 0
   278  0.1192500004691671E-06   4   0 0  1 0  0 3  0 0
   279  0.3320727069190894E-04   4   0 0  0 1  0 3  0 0
   280  -.2694230094174048E-02   4   1 0  0 0  0 2  1 0
   281  0.2287492213048502E-01   4   0 1  0 0  0 2  1 0
   282  0.1212058517219393E-06   4   0 0  1 0  0 2  1 0
   283  0.1995887134280390E-04   4   0 0  0 1  0 2  1 0
   284  -.2698043978747149E-02   4   1 0  0 0  0 1  2 0
   285  0.2290918199852180E-01   4   0 1  0 0  0 1  2 0
   286  0.1212015796607449E-06   4   0 0  1 0  0 1  2 0
   287  0.1998552473992581E-04   4   0 0  0 1  0 1  2 0
   288  -.4578675024764613E-02   4   1 0  0 0  0 0  3 0
   289  0.3980454995309739E-01   4   0 1  0 0  0 0  3 0
   290  0.1189278322913090E-06   4   0 0  1 0  0 0  3 0
   291  0.3312682578158942E-04   4   0 0  0 1  0 0  3 0
   292  0.1092521667672378E-01   4   1 0  0 0  0 2  0 1
   293  -.4573833276592015E-01   4   0 1  0 0  0 2  0 1
   294  -.3582113014012222E-06   4   0 0  1 0  0 2  0 1
   295  -.3990096845452002E-04   4   0 0  0 1  0 2  0 1
   296  0.7139371048582627E-02   4   1 0  0 0  0 1  1 1
   297  -.2874631853905828E-01   4   0 1  0 0  0 1  1 1
   298  -.3610952560800899E-06   4   0 0  1 0  0 1  1 1
   299  -.2667775888555479E-04   4   0 0  0 1  0 1  1 1
   300  0.1090571012046276E-01   4   1 0  0 0  0 0  2 1
   301  -.4565743755289543E-01   4   0 1  0 0  0 0  2 1
   302  -.3574862650546684E-06   4   0 0  1 0  0 0  2 1
   303  -.3982932077632698E-04   4   0 0  0 1  0 0  2 1
   304  -.7134208400804306E-02   4   1 0  0 0  0 1  0 2
   305  -.2664603969952311E-02   4   0 1  0 0  0 1  0 2
   306  0.3587612046194078E-06   4   0 0  1 0  0 1  0 2
   307  0.7572298850109297E-07   4   0 0  0 1  0 1  0 2
   308  -.7124607519362087E-02   4   1 0  0 0  0 0  1 2
   309  -.2661018071507983E-02   4   0 1  0 0  0 0  1 2
   310  0.3582784006980623E-06   4   0 0  1 0  0 0  1 2
   311  0.7562108407186439E-07   4   0 0  0 1  0 0  1 2
   312  -.1508658482133989E-03   4   1 0  0 0  0 0  0 3
   313  -.2140144753052701E-04   4   0 1  0 0  0 0  0 3
   314  -.1197972262048604E-06   4   0 0  1 0  0 0  0 3
   315  -.1692516584142028E-07   4   0 0  0 1  0 0  0 3
   316  0.1425725699999477E-04   4   0 0  0 0  0 4  0 0
   317  0.7840094163884299E-05   4   0 0  0 0  0 3  1 0
   318  0.6987166364120816E-05   4   0 0  0 0  0 2  2 0
   319  0.7858455083911534E-05   4   0 0  0 0  0 1  3 0
   320  0.1421363128928223E-04   4   0 0  0 0  0 0  4 0
   321  -.1590256300624029E-04   4   0 0  0 0  0 3  0 1
   322  -.8970208954344737E-05   4   0 0  0 0  0 2  1 1
   323  -.8984159606879536E-05   4   0 0  0 0  0 1  2 1
   324  -.1586443392639372E-04   4   0 0  0 0  0 0  3 1
   325  -.4484472948848469E-06   4   0 0  0 0  0 2  0 2
   326  -.5359059977992078E-06   4   0 0  0 0  0 1  1 2
   327  -.4474831971322479E-06   4   0 0  0 0  0 0  2 2
   328  -.1701321257431474E-08   4   0 0  0 0  0 1  0 3
   329  -.1699031699463714E-08   4   0 0  0 0  0 0  1 3
   330  0.4577235722235470E-15   4   0 0  0 0  0 0  0 4
   ----------------------------------------------------
     I  COEFFICIENT            ORDER EXPONENTS
     1  0.8454227161105184E-05   0   0 0  0 0  0 0  0 0
     2  -.1213277866396644E-03   1   1 0  0 0  0 0  0 0
     3  -.2921364788352001E-04   1   0 1  0 0  0 0  0 0
     4   1.159212915943547       1   0 0  1 0  0 0  0 0
     5  0.6380891231590178       1   0 0  0 1  0 0  0 0
     6  -.6246883818234001E-06   1   0 0  0 0  0 1  0 0
     7  -.6238477056396884E-06   1   0 0  0 0  0 0  1 0
     8  0.1248536087384091E-05   1   0 0  0 0  0 0  0 1
     9  0.4932706740716735E-05   2   2 0  0 0  0 0  0 0
    10  -.1403939170126885E-05   2   1 1  0 0  0 0  0 0
    11  0.7001547190310575E-06   2   0 2  0 0  0 0  0 0
    12  -.3494792320376050E-03   2   1 0  1 0  0 0  0 0
    13  0.2518692732138029E-06   2   0 1  1 0  0 0  0 0
    14  -.4933653881266915E-05   2   0 0  2 0  0 0  0 0
    15  0.6666646154504558E-04   2   1 0  0 1  0 0  0 0
    16  0.2195241048645061E-04   2   0 1  0 1  0 0  0 0
    17  0.6238279690699110E-05   2   0 0  1 1  0 0  0 0
    18  0.3162810568338352E-05   2   0 0  0 2  0 0  0 0
    19  0.6071994921064564E-04   2   1 0  0 0  0 1  0 0
    20  0.2923227912566053E-04   2   0 1  0 0  0 1  0 0
    21  -.8137301093221928E-01   2   0 0  1 0  0 1  0 0
    22  -.3386052490407092       2   0 0  0 1  0 1  0 0
    23  0.6063823516463006E-04   2   1 0  0 0  0 0  1 0
    24  0.2919293970208286E-04   2   0 1  0 0  0 0  1 0
    25  -.8126350296908387E-01   2   0 0  1 0  0 0  1 0
    26  -.3381495700544629       2   0 0  0 1  0 0  1 0
    27  -.1213581843752756E-03   2   1 0  0 0  0 0  0 1
    28  -.2921157094433027E-04   2   0 1  0 0  0 0  0 1
    29  0.1626365139013032       2   0 0  1 0  0 0  0 1
    30  0.3866569593615436E-01   2   0 0  0 1  0 0  0 1
    31  0.4738464272880733E-06   2   0 0  0 0  0 2  0 0
    32  0.3234122579782341E-06   2   0 0  0 0  0 1  1 0
    33  0.4729911306088440E-06   2   0 0  0 0  0 0  2 0
    34  -.6464279409858153E-06   2   0 0  0 0  0 1  0 1
    35  -.6455580087279301E-06   2   0 0  0 0  0 0  1 1
    36  0.2172560707540864E-07   2   0 0  0 0  0 0  0 2
    37  0.3783689822156730E-04   3   3 0  0 0  0 0  0 0
    38  -.1027801224663711E-03   3   2 1  0 0  0 0  0 0
    39  -.1282741161244952E-03   3   1 2  0 0  0 0  0 0
    40  -.4164025541085713E-04   3   0 3  0 0  0 0  0 0
    41  -.1110594486380010       3   2 0  1 0  0 0  0 0
    42  -.1395213812324157       3   1 1  1 0  0 0  0 0
    43  0.1354476387282297       3   0 2  1 0  0 0  0 0
    44  -.1539625939524883E-03   3   1 0  2 0  0 0  0 0
    45  -.2910779050050688E-03   3   0 1  2 0  0 0  0 0
    46  0.1032966792172183E-01   3   0 0  3 0  0 0  0 0
    47  0.2438333316045611       3   2 0  0 1  0 0  0 0
    48  -.4685163039133868E-01   3   1 1  0 1  0 0  0 0
    49  0.3357570081744449       3   0 2  0 1  0 0  0 0
    50  -.2000636799011106E-03   3   1 0  1 1  0 0  0 0
    51  -.1921055685231754E-03   3   0 1  1 1  0 0  0 0
    52  0.3560532602719064       3   0 0  2 1  0 0  0 0
    53  -.2243992060570579E-03   3   1 0  0 2  0 0  0 0
    54  -.9131884271268201E-04   3   0 1  0 2  0 0  0 0
    55  0.3527696818644183       3   0 0  1 2  0 0  0 0
    56  0.3865368615025617       3   0 0  0 3  0 0  0 0
    57  -.2391588876873884E-05   3   2 0  0 0  0 1  0 0
    58  0.1846440555364190E-05   3   1 1  0 0  0 1  0 0
    59  -.9707506837677791E-06   3   0 2  0 0  0 1  0 0
    60  0.1925359002988070E-03   3   1 0  1 0  0 1  0 0
    61  0.5717873641744403E-05   3   0 1  1 0  0 1  0 0
    62  0.2082842674809002E-05   3   0 0  2 0  0 1  0 0
    63  -.6423950677208529E-04   3   1 0  0 1  0 1  0 0
    64  -.3143989734502809E-04   3   0 1  0 1  0 1  0 0
    65  -.7505741153067640E-05   3   0 0  1 1  0 1  0 0
    66  -.5096688298348089E-05   3   0 0  0 2  0 1  0 0
    67  -.2388370389275064E-05   3   2 0  0 0  0 0  1 0
    68  0.1843955702684514E-05   3   1 1  0 0  0 0  1 0
    69  -.9694442932474645E-06   3   0 2  0 0  0 0  1 0
    70  0.1922767945580875E-03   3   1 0  1 0  0 0  1 0
    71  0.5710178796871207E-05   3   0 1  1 0  0 0  1 0
    72  0.2080039683298222E-05   3   0 0  2 0  0 0  1 0
    73  -.6415305627137442E-04   3   1 0  0 1  0 0  1 0
    74  -.3139758701289252E-04   3   0 1  0 1  0 0  1 0
    75  -.7495640280357166E-05   3   0 0  1 1  0 0  1 0
    76  -.5089829415434789E-05   3   0 0  0 2  0 0  1 0
    77  0.4779959266143443E-05   3   2 0  0 0  0 0  0 1
    78  -.2286457087901606E-05   3   1 1  0 0  0 0  0 1
    79  0.5398855389345677E-06   3   0 2  0 0  0 0  0 1
    80  -.3848126948568883E-03   3   1 0  1 0  0 0  0 1
    81  -.1167992171184142E-04   3   0 1  1 0  0 0  0 1
    82  -.4162882358125918E-05   3   0 0  2 0  0 0  0 1
    83  0.6172610149842963E-04   3   1 0  0 1  0 0  0 1
    84  0.1893266338499059E-04   3   0 1  0 1  0 0  0 1
    85  0.8763101742514145E-05   3   0 0  1 1  0 0  0 1
    86  0.3860896577009958E-05   3   0 0  0 2  0 0  0 1
    87  -.4554528821293629E-04   3   1 0  0 0  0 2  0 0
    88  -.2924568336439487E-04   3   0 1  0 0  0 2  0 0
    89  0.6188015774296300E-01   3   0 0  1 0  0 2  0 0
    90  0.2637217593183949       3   0 0  0 1  0 2  0 0
    91  -.3041202731146344E-04   3   1 0  0 0  0 1  1 0
    92  -.2924995116411862E-04   3   0 1  0 0  0 1  1 0
    93  0.4243968685900842E-01   3   0 0  1 0  0 1  1 0
    94  0.1890393376162423       3   0 0  0 1  0 1  1 0
    95  -.4546353197400757E-04   3   1 0  0 0  0 0  2 0
    96  -.2918664429920362E-04   3   0 1  0 0  0 0  2 0
    97  0.6176832567775246E-01   3   0 0  1 0  0 0  2 0
    98  0.2632396548877561       3   0 0  0 1  0 0  2 0
    99  0.6078406691896067E-04   3   1 0  0 0  0 1  0 1
   100  0.2924197836142806E-04   3   0 1  0 0  0 1  0 1
   101  -.8482717327276031E-01   3   0 0  1 0  0 1  0 1
   102  -.3927287240901065E-01   3   0 0  0 1  0 1  0 1
   103  0.6070226658635496E-04   3   1 0  0 0  0 0  1 1
   104  0.2920262588507595E-04   3   0 1  0 0  0 0  1 1
   105  -.8471301686073604E-01   3   0 0  1 0  0 0  1 1
   106  -.3922002082818896E-01   3   0 0  0 1  0 0  1 1
   107  -.6495455253798646E-07   3   1 0  0 0  0 0  0 2
   108  -.8716716780346139E-08   3   0 1  0 0  0 0  0 2
   109  0.3451902196458468E-02   3   0 0  1 0  0 0  0 2
   110  0.5807750383892937E-03   3   0 0  0 1  0 0  0 2
   111  -.3985021342238979E-06   3   0 0  0 0  0 3  0 0
   112  -.2479111549059384E-06   3   0 0  0 0  0 2  1 0
   113  -.2482140597048536E-06   3   0 0  0 0  0 1  2 0
   114  -.3975311175345821E-06   3   0 0  0 0  0 0  3 0
   115  0.4957085981791545E-06   3   0 0  0 0  0 2  0 1
   116  0.3453937464977120E-06   3   0 0  0 0  0 1  1 1
   117  0.4948090895935367E-06   3   0 0  0 0  0 0  2 1
   118  -.2197676760004752E-07   3   0 0  0 0  0 1  0 2
   119  -.2194719230194052E-07   3   0 0  0 0  0 0  1 2
   120  0.1575819170840004E-09   3   0 0  0 0  0 0  0 3
   121  0.2403464426057116E-06   4   4 0  0 0  0 0  0 0
   122  -.7090829957062013E-06   4   3 1  0 0  0 0  0 0
   123  -.2304807857071351E-05   4   2 2  0 0  0 0  0 0
   124  -.6774461228706817E-06   4   1 3  0 0  0 0  0 0
   125  -.3129930695071701E-05   4   0 4  0 0  0 0  0 0
   126  0.2813722104863090E-03   4   3 0  1 0  0 0  0 0
   127  0.4467056817481358E-03   4   2 1  1 0  0 0  0 0
   128  -.7764692078950119E-04   4   1 2  1 0  0 0  0 0
   129  -.2423335132034385E-03   4   0 3  1 0  0 0  0 0
   130  0.1216012956748269E-04   4   2 0  2 0  0 0  0 0
   131  0.6406548785765499E-05   4   1 1  2 0  0 0  0 0
   132  -.1542684503166977E-04   4   0 2  2 0  0 0  0 0
   133  0.9949238587922856E-04   4   1 0  3 0  0 0  0 0
   134  0.1446280890185455E-03   4   0 1  3 0  0 0  0 0
   135  0.2694719149502774E-05   4   0 0  4 0  0 0  0 0
   136  -.1030020186604258E-03   4   3 0  0 1  0 0  0 0
   137  0.6762796295710547E-03   4   2 1  0 1  0 0  0 0
   138  0.4425910786927535E-03   4   1 2  0 1  0 0  0 0
   139  -.3351863486370232E-03   4   0 3  0 1  0 0  0 0
   140  -.4591512150357956E-06   4   2 0  1 1  0 0  0 0
   141  0.1611273265670214E-04   4   1 1  1 1  0 0  0 0
   142  -.8870783029674419E-05   4   0 2  1 1  0 0  0 0
   143  -.9936426849136950E-04   4   1 0  2 1  0 0  0 0
   144  0.2490690395656212E-03   4   0 1  2 1  0 0  0 0
   145  -.8413462677187308E-05   4   0 0  3 1  0 0  0 0
   146  -.7033960176774661E-05   4   2 0  0 2  0 0  0 0
   147  -.2613510107792626E-05   4   1 1  0 2  0 0  0 0
   148  -.1850609396470124E-04   4   0 2  0 2  0 0  0 0
   149  0.7733215425154044E-04   4   1 0  1 2  0 0  0 0
   150  -.8436251540158251E-04   4   0 1  1 2  0 0  0 0
   151  -.1643972401820187E-04   4   0 0  2 2  0 0  0 0
   152  0.2266670195430959E-03   4   1 0  0 3  0 0  0 0
   153  -.3416434588854081E-03   4   0 1  0 3  0 0  0 0
   154  -.1272643685646961E-04   4   0 0  1 3  0 0  0 0
   155  -.1572765496769770E-04   4   0 0  0 4  0 0  0 0
   156  -.3299293393352440E-04   4   3 0  0 0  0 1  0 0
   157  0.6400752999896232E-04   4   2 1  0 0  0 1  0 0
   158  0.1746106446677777E-03   4   1 2  0 0  0 1  0 0
   159  0.8105072664447020E-04   4   0 3  0 0  0 1  0 0
   160  0.1035979197123134       4   2 0  1 0  0 1  0 0
   161  0.2065774498621445       4   1 1  1 0  0 1  0 0
   162  -.1933133725148476       4   0 2  1 0  0 1  0 0
   163  0.1592567417728987E-03   4   1 0  2 0  0 1  0 0
   164  0.3451081310836478E-03   4   0 1  2 0  0 1  0 0
   165  -.1730727848941414E-01   4   0 0  3 0  0 1  0 0
   166  -.2464900687920527       4   2 0  0 1  0 1  0 0
   167  0.8298564190074753E-01   4   1 1  0 1  0 1  0 0
   168  -.5194006304005923       4   0 2  0 1  0 1  0 0
   169  0.3047922283608942E-03   4   1 0  1 1  0 1  0 0
   170  0.3332440534695705E-03   4   0 1  1 1  0 1  0 0
   171  -.4207897641873132       4   0 0  2 1  0 1  0 0
   172  0.3587439997305534E-03   4   1 0  0 2  0 1  0 0
   173  0.1908260454442924E-03   4   0 1  0 2  0 1  0 0
   174  -.5624325158397475       4   0 0  1 2  0 1  0 0
   175  -.6278057844702847       4   0 0  0 3  0 1  0 0
   176  -.3294853359793974E-04   4   3 0  0 0  0 0  1 0
   177  0.6392139168166013E-04   4   2 1  0 0  0 0  1 0
   178  0.1743756618912985E-03   4   1 2  0 0  0 0  1 0
   179  0.8094165239634052E-04   4   0 3  0 0  0 0  1 0
   180  0.1034585025143653       4   2 0  1 0  0 0  1 0
   181  0.2062994476657780       4   1 1  1 0  0 0  1 0
   182  -.1930532204886609       4   0 2  1 0  0 0  1 0
   183  0.1590424215553311E-03   4   1 0  2 0  0 0  1 0
   184  0.3446437008252183E-03   4   0 1  2 0  0 0  1 0
   185  -.1728398716968690E-01   4   0 0  3 0  0 0  1 0
   186  -.2461583540741466       4   2 0  0 1  0 0  1 0
   187  0.8287396373485542E-01   4   1 1  0 1  0 0  1 0
   188  -.5187016455107031       4   0 2  0 1  0 0  1 0
   189  0.3043820533443257E-03   4   1 0  1 1  0 0  1 0
   190  0.3327955893276589E-03   4   0 1  1 1  0 0  1 0
   191  -.4202234851538041       4   0 0  2 1  0 0  1 0
   192  0.3582612189627350E-03   4   1 0  0 2  0 0  1 0
   193  0.1905692407456533E-03   4   0 1  0 2  0 0  1 0
   194  -.5616756206664566       4   0 0  1 2  0 0  1 0
   195  -.6269609130330063       4   0 0  0 3  0 0  1 0
   196  0.6594146753146447E-04   4   3 0  0 0  0 0  0 1
   197  -.2514879921425121E-04   4   2 1  0 0  0 0  0 1
   198  -.9243807431008612E-04   4   1 2  0 0  0 0  0 1
   199  -.3707161280823888E-04   4   0 3  0 0  0 0  0 1
   200  -.2070564222266797       4   2 0  1 0  0 0  0 1
   201  -.2733555162955076       4   1 1  1 0  0 0  0 1
   202  0.1154713155470494       4   0 2  1 0  0 0  0 1
   203  -.3182991633282307E-03   4   1 0  2 0  0 0  0 1
   204  -.3986739269037975E-03   4   0 1  2 0  0 0  0 1
   205  0.3459126565910110E-01   4   0 0  3 0  0 0  0 1
   206  0.2488150912616385       4   2 0  0 1  0 0  0 1
   207  -.7215634485292557E-01   4   1 1  0 1  0 0  0 1
   208  0.3083125138795985E-01   4   0 2  0 1  0 0  0 1
   209  -.4091106018041086E-03   4   1 0  1 1  0 0  0 1
   210  -.2818285057508785E-03   4   0 1  1 1  0 0  0 1
   211  0.4849599890692108       4   0 0  2 1  0 0  0 1
   212  -.2682068065791726E-03   4   1 0  0 2  0 0  0 1
   213  -.1074387580518996E-03   4   0 1  0 2  0 0  0 1
   214  0.4185687727773681       4   0 0  1 2  0 0  0 1
   215  0.9515611299560538E-01   4   0 0  0 3  0 0  0 1
   216  -.2846752329015945E-05   4   2 0  0 0  0 2  0 0
   217  -.1528293770078635E-05   4   1 1  0 0  0 2  0 0
   218  -.7712846585077852E-05   4   0 2  0 0  0 2  0 0
   219  -.7646605484104564E-04   4   1 0  1 0  0 2  0 0
   220  -.2440172837011486E-03   4   0 1  1 0  0 2  0 0
   221  -.9089295737757656E-05   4   0 0  2 0  0 2  0 0
   222  0.9084684795378152E-04   4   1 0  0 1  0 2  0 0
   223  -.4808015862928388E-03   4   0 1  0 1  0 2  0 0
   224  -.1061047467013125E-04   4   0 0  1 1  0 2  0 0
   225  -.2193426777069680E-04   4   0 0  0 2  0 2  0 0
   226  -.3532300340011126E-05   4   2 0  0 0  0 1  1 0
   227  -.1536524800233904E-05   4   1 1  0 0  0 1  1 0
   228  -.9363977021481703E-05   4   0 2  0 0  0 1  1 0
   229  -.2803145412696125E-04   4   1 0  1 0  0 1  1 0
   230  -.2866033951845570E-03   4   0 1  1 0  0 1  1 0
   231  -.9021658988180406E-05   4   0 0  2 0  0 1  1 0
   232  0.9692754322363262E-04   4   1 0  0 1  0 1  1 0
   233  -.5831038705946297E-03   4   0 1  0 1  0 1  1 0
   234  -.1352079915594425E-04   4   0 0  1 1  0 1  1 0
   235  -.2679367246851630E-04   4   0 0  0 2  0 1  1 0
   236  -.2840544502231476E-05   4   2 0  0 0  0 0  2 0
   237  -.1525203173017250E-05   4   1 1  0 0  0 0  2 0
   238  -.7696166200154693E-05   4   0 2  0 0  0 0  2 0
   239  -.7634428872321710E-04   4   1 0  1 0  0 0  2 0
   240  -.2434960480698355E-03   4   0 1  1 0  0 0  2 0
   241  -.9070993330172775E-05   4   0 0  2 0  0 0  2 0
   242  0.9065937028745266E-04   4   1 0  0 1  0 0  2 0
   243  -.4797621893232441E-03   4   0 1  0 1  0 0  2 0
   244  -.1058709776623113E-04   4   0 0  1 1  0 0  2 0
   245  -.2188672083602652E-04   4   0 0  0 2  0 0  2 0
   246  0.1883500528023860E-05   4   2 0  0 0  0 1  0 1
   247  0.1639606439870957E-05   4   1 1  0 0  0 1  0 1
   248  0.7282410309984117E-06   4   0 2  0 0  0 1  0 1
   249  0.9035958067670936E-04   4   1 0  1 0  0 1  0 1
   250  0.2058646030096032E-03   4   0 1  1 0  0 1  0 1
   251  0.1038503943810737E-04   4   0 0  2 0  0 1  0 1
   252  -.1037231905639586E-03   4   1 0  0 1  0 1  0 1
   253  0.4326813004596710E-04   4   0 1  0 1  0 1  0 1
   254  0.6685281926795904E-05   4   0 0  1 1  0 1  0 1
   255  0.1108137681401389E-07   4   0 0  0 2  0 1  0 1
   256  0.1880965801779549E-05   4   2 0  0 0  0 0  1 1
   257  0.1637399934796152E-05   4   1 1  0 0  0 0  1 1
   258  0.7272609985397050E-06   4   0 2  0 0  0 0  1 1
   259  0.9023797901153411E-04   4   1 0  1 0  0 0  1 1
   260  0.2055875601289354E-03   4   0 1  1 0  0 0  1 1
   261  0.1037106374146151E-04   4   0 0  2 0  0 0  1 1
   262  -.1035836047824023E-03   4   1 0  0 1  0 0  1 1
   263  0.4320990183570756E-04   4   0 1  0 1  0 0  1 1
   264  0.6676285189445253E-05   4   0 0  1 1  0 0  1 1
   265  0.1106646401934591E-07   4   0 0  0 2  0 0  1 1
   266  0.4762047870026411E-06   4   2 0  0 0  0 0  0 2
   267  0.3476086868344698E-07   4   1 1  0 0  0 0  0 2
   268  -.2942330548348714E-07   4   0 2  0 0  0 0  0 2
   269  0.2373771789350950E-04   4   1 0  1 0  0 0  0 2
   270  -.1467060256489183E-05   4   0 1  1 0  0 0  0 2
   271  -.9948766373224886E-07   4   0 0  2 0  0 0  0 2
   272  0.1255668606671450E-04   4   1 0  0 1  0 0  0 2
   273  0.1355362788171887E-05   4   0 1  0 1  0 0  0 2
   274  0.1127784969769067E-05   4   0 0  1 1  0 0  0 2
   275  0.3263580432244937E-06   4   0 0  0 2  0 0  0 2
   276  0.3796653877893820E-04   4   1 0  0 0  0 3  0 0
   277  0.2923958279061510E-04   4   0 1  0 0  0 3  0 0
   278  -.5214391770763248E-01   4   0 0  1 0  0 3  0 0
   279  -.2263785117921450       4   0 0  0 1  0 3  0 0
   280  0.2281890079466157E-04   4   1 0  0 0  0 2  1 0
   281  0.2923571404677918E-04   4   0 1  0 0  0 2  1 0
   282  -.3268452483644863E-01   4   0 0  1 0  0 2  1 0
   283  -.1517421524017933       4   0 0  0 1  0 2  1 0
   284  0.2284937512166561E-04   4   1 0  0 0  0 1  2 0
   285  0.2923564242478411E-04   4   0 1  0 0  0 1  2 0
   286  -.3272366448427837E-01   4   0 0  1 0  0 1  2 0
   287  -.1518922005697855       4   0 0  0 1  0 1  2 0
   288  0.3787456481980689E-04   4   1 0  0 0  0 0  3 0
   289  0.2916091339810292E-04   4   0 1  0 0  0 0  3 0
   290  -.5201669548077494E-01   4   0 0  1 0  0 0  3 0
   291  -.2258195714572342       4   0 0  0 1  0 0  3 0
   292  -.4562695111052861E-04   4   1 0  0 0  0 2  0 1
   293  -.2925006917012670E-04   4   0 1  0 0  0 2  0 1
   294  0.6535579320393892E-01   4   0 0  1 0  0 2  0 1
   295  0.3971191630307914E-01   4   0 0  0 1  0 2  0 1
   296  -.3051052068302753E-04   4   1 0  0 0  0 1  1 1
   297  -.2925808524447671E-04   4   0 1  0 0  0 1  1 1
   298  0.4593666684006487E-01   4   0 0  1 0  0 1  1 1
   299  0.4014970738281383E-01   4   0 0  0 1  0 1  1 1
   300  -.4554501869965378E-04   4   1 0  0 0  0 0  2 1
   301  -.2919101872943582E-04   4   0 1  0 0  0 0  2 1
   302  0.6523693075690035E-01   4   0 0  1 0  0 0  2 1
   303  0.3963145808567343E-01   4   0 0  0 1  0 0  2 1
   304  0.9761798681887234E-07   4   1 0  0 0  0 1  0 2
   305  0.1744734224289861E-07   4   0 1  0 0  0 1  0 2
   306  -.3496895114967256E-02   4   0 0  1 0  0 1  0 2
   307  -.8774440976514154E-03   4   0 0  0 1  0 1  0 2
   308  0.9748661713279349E-07   4   1 0  0 0  0 0  1 2
   309  0.1742386243197225E-07   4   0 1  0 0  0 0  1 2
   310  -.3492189158324499E-02   4   0 0  1 0  0 0  1 2
   311  -.8762632747373010E-03   4   0 0  0 1  0 0  1 2
   312  -.2173183277072817E-07   4   1 0  0 0  0 0  0 3
   313  -.2907017978792862E-08   4   0 1  0 0  0 0  0 3
   314  0.2842662679450137E-04   4   0 0  1 0  0 0  0 3
   315  0.3794085741169834E-05   4   0 0  0 1  0 0  0 3
   316  -.2007687421022562E-05   4   0 0  0 0  0 4  0 0
   317  -.1218417596124907E-05   4   0 0  0 0  0 3  1 0
   318  -.1113583879771112E-05   4   0 0  0 0  0 2  2 0
   319  -.1220674625313225E-05   4   0 0  0 0  0 1  3 0
   320  -.2001467302637272E-05   4   0 0  0 0  0 0  4 0
   321  -.5407248668248078E-08   4   0 0  0 0  0 3  0 1
   322  0.5907803092893022E-07   4   0 0  0 0  0 2  1 1
   323  0.5894787374396280E-07   4   0 0  0 0  0 1  2 1
   324  -.5436032161195062E-08   4   0 0  0 0  0 0  3 1
   325  0.6485160355196274E-08   4   0 0  0 0  0 2  0 2
   326  0.7670134528707667E-08   4   0 0  0 0  0 1  1 2
   327  0.6471271879241377E-08   4   0 0  0 0  0 0  2 2
   328  -.5789689589998581E-10   4   0 0  0 0  0 1  0 3
   329  -.5781898098606976E-10   4   0 0  0 0  0 0  1 3
   ----------------------------------------------------
     I  COEFFICIENT            ORDER EXPONENTS
     1  0.4008643811418958E-05   0   0 0  0 0  0 0  0 0
     2  -.3791186053355355E-03   1   1 0  0 0  0 0  0 0
     3  -.1061367195894903E-03   1   0 1  0 0  0 0  0 0
     4  0.5022053919411075       1   0 0  1 0  0 0  0 0
     5   1.139093412621604       1   0 0  0 1  0 0  0 0
     6  -.1755669346920781E-06   1   0 0  0 0  0 1  0 0
     7  -.1753306649855498E-06   1   0 0  0 0  0 0  1 0
     8  0.4359541410759792E-05   1   0 0  0 0  0 0  0 1
     9  -.9626522715816269E-06   2   2 0  0 0  0 0  0 0
    10  -.1271194819510031E-04   2   1 1  0 0  0 0  0 0
    11  -.1065568231276213E-05   2   0 2  0 0  0 0  0 0
    12  -.2196037830975865E-03   2   1 0  1 0  0 0  0 0
    13  0.2676289470257105E-03   2   0 1  1 0  0 0  0 0
    14  -.4538048422438634E-05   2   0 0  2 0  0 0  0 0
    15  0.2514146020935422E-03   2   1 0  0 1  0 0  0 0
    16  0.1565788548662966E-03   2   0 1  0 1  0 0  0 0
    17  0.7404200966285961E-05   2   0 0  1 1  0 0  0 0
    18  0.3475293034220359E-06   2   0 0  0 2  0 0  0 0
    19  0.1206741437540985E-06   2   1 0  0 0  0 1  0 0
    20  0.5311454901441759E-04   2   0 1  0 0  0 1  0 0
    21  -.7744681571485543E-02   2   0 0  1 0  0 1  0 0
    22  -.7099620373244077E-01   2   0 0  0 1  0 1  0 0
    23  0.1205117461786422E-06   2   1 0  0 0  0 0  1 0
    24  0.5304306995755605E-04   2   0 1  0 0  0 0  1 0
    25  -.7734259144020771E-02   2   0 0  1 0  0 0  1 0
    26  -.7090066038739258E-01   2   0 0  0 1  0 0  1 0
    27  -.3793597912254683E-03   2   1 0  0 0  0 0  0 1
    28  -.1061576189719738E-03   2   0 1  0 0  0 0  0 1
    29  0.5176843326566140       2   0 0  1 0  0 0  0 1
    30  0.1418968641198339       2   0 0  0 1  0 0  0 1
    31  0.6945697857802046E-07   2   0 0  0 0  0 2  0 0
    32  -.3636631309262285E-07   2   0 0  0 0  0 1  1 0
    33  0.6938797667666245E-07   2   0 0  0 0  0 0  2 0
    34  -.1025514003260972E-06   2   0 0  0 0  0 1  0 1
    35  -.1024133914846171E-06   2   0 0  0 0  0 0  1 1
    36  0.1024837099581925E-06   2   0 0  0 0  0 0  0 2
    37  0.1505685329285357E-03   3   3 0  0 0  0 0  0 0
    38  0.1294738997727778E-03   3   2 1  0 0  0 0  0 0
    39  0.4019640095186073E-04   3   1 2  0 0  0 0  0 0
    40  -.4860233453492703E-04   3   0 3  0 0  0 0  0 0
    41  -.5509161351369988       3   2 0  1 0  0 0  0 0
    42  -.4397261599671481       3   1 1  1 0  0 0  0 0
    43  0.1895837216992457       3   0 2  1 0  0 0  0 0
    44  -.4006582713691109E-03   3   1 0  2 0  0 0  0 0
    45  -.1194687492423688E-03   3   0 1  2 0  0 0  0 0
    46  -.2272755240394343       3   0 0  3 0  0 0  0 0
    47  -.8848418780104220E-01   3   2 0  0 1  0 0  0 0
    48  -.1252449426332751       3   1 1  0 1  0 0  0 0
    49  0.1167194667293294       3   0 2  0 1  0 0  0 0
    50  -.2182642493305741E-03   3   1 0  1 1  0 0  0 0
    51  0.3067248810063499E-03   3   0 1  1 1  0 0  0 0
    52  -.2515098522398938       3   0 0  2 1  0 0  0 0
    53  -.3331742510077536E-04   3   1 0  0 2  0 0  0 0
    54  0.4108286639536688E-04   3   0 1  0 2  0 0  0 0
    55  -.3354868709157508       3   0 0  1 2  0 0  0 0
    56  -.9646044075308648E-02   3   0 0  0 3  0 0  0 0
    57  0.3539302411090027E-06   3   2 0  0 0  0 1  0 0
    58  0.7403319882761195E-05   3   1 1  0 0  0 1  0 0
    59  0.1296304893842650E-05   3   0 2  0 0  0 1  0 0
    60  0.1098430869287761E-03   3   1 0  1 0  0 1  0 0
    61  -.1112631441682091E-03   3   0 1  1 0  0 1  0 0
    62  0.2658878426848163E-05   3   0 0  2 0  0 1  0 0
    63  -.9661634308365420E-04   3   1 0  0 1  0 1  0 0
    64  -.1477975146229069E-03   3   0 1  0 1  0 1  0 0
    65  -.1895282344053473E-05   3   0 0  1 1  0 1  0 0
    66  0.6421312180061429E-07   3   0 0  0 2  0 1  0 0
    67  0.3534539384706780E-06   3   2 0  0 0  0 0  1 0
    68  0.7393356843769367E-05   3   1 1  0 0  0 0  1 0
    69  0.1294560387809251E-05   3   0 2  0 0  0 0  1 0
    70  0.1096952652791132E-03   3   1 0  1 0  0 0  1 0
    71  -.1111134114724383E-03   3   0 1  1 0  0 0  1 0
    72  0.2655300233569924E-05   3   0 0  2 0  0 0  1 0
    73  -.9648632136250238E-04   3   1 0  0 1  0 0  1 0
    74  -.1475986156931829E-03   3   0 1  0 1  0 0  1 0
    75  -.1892731762396437E-05   3   0 0  1 1  0 0  1 0
    76  0.6412670680753703E-07   3   0 0  0 2  0 0  1 0
    77  -.1670036451161271E-05   3   2 0  0 0  0 0  0 1
    78  -.1479667672653056E-04   3   1 1  0 0  0 0  0 1
    79  -.1525297050375700E-05   3   0 2  0 0  0 0  0 1
    80  -.4391421353054758E-03   3   1 0  1 0  0 0  0 1
    81  0.2223765556406472E-03   3   0 1  1 0  0 0  0 1
    82  -.9852227082856711E-05   3   0 0  2 0  0 0  0 1
    83  0.1931026644461567E-03   3   1 0  0 1  0 0  0 1
    84  0.1388172754497924E-03   3   0 1  0 1  0 0  0 1
    85  0.3788014106395077E-05   3   0 0  1 1  0 0  0 1
    86  -.4758691320302101E-06   3   0 0  0 2  0 0  0 1
    87  -.1176636286141086E-06   3   1 0  0 0  0 2  0 0
    88  -.3984449710181196E-04   3   0 1  0 0  0 2  0 0
    89  0.5846261836799329E-02   3   0 0  1 0  0 2  0 0
    90  0.5394249316660256E-01   3   0 0  0 1  0 2  0 0
    91  -.1171520542561388E-06   3   1 0  0 0  0 1  1 0
    92  -.2660597101017487E-04   3   0 1  0 0  0 1  1 0
    93  0.3953026384568768E-02   3   0 0  1 0  0 1  1 0
    94  0.3693460914780020E-01   3   0 0  0 1  0 1  1 0
    95  -.1174264535588373E-06   3   1 0  0 0  0 0  2 0
    96  -.3977297372447251E-04   3   0 1  0 0  0 0  2 0
    97  0.5835734314839767E-02   3   0 0  1 0  0 0  2 0
    98  0.5384504747335910E-01   3   0 0  0 1  0 0  2 0
    99  0.3563664714141497E-06   3   1 0  0 0  0 1  0 1
   100  0.5316908211126803E-04   3   0 1  0 0  0 1  0 1
   101  -.1564573055493902E-01   3   0 0  1 0  0 1  0 1
   102  -.7382354878104001E-01   3   0 0  0 1  0 1  0 1
   103  0.3558868902118776E-06   3   1 0  0 0  0 0  1 1
   104  0.5309752966633470E-04   3   0 1  0 0  0 0  1 1
   105  -.1562467526811582E-01   3   0 0  1 0  0 0  1 1
   106  -.7372420052827376E-01   3   0 0  0 1  0 0  1 1
   107  -.3590525852223706E-06   3   1 0  0 0  0 0  0 2
   108  -.5066675715499899E-07   3   0 1  0 0  0 0  0 2
   109  0.1563528895285614E-01   3   0 0  1 0  0 0  0 2
   110  0.2825494407716443E-02   3   0 0  0 1  0 0  0 2
   111  -.4766699725200601E-07   3   0 0  0 0  0 3  0 0
   112  -.4030719904105695E-08   3   0 0  0 0  0 2  1 0
   113  -.4118675869438165E-08   3   0 0  0 0  0 1  2 0
   114  -.4756806677397859E-07   3   0 0  0 0  0 0  3 0
   115  0.7756952377804048E-07   3   0 0  0 0  0 2  0 1
   116  0.5265470020492112E-07   3   0 0  0 0  0 1  1 1
   117  0.7742970424596986E-07   3   0 0  0 0  0 0  2 1
   118  -.5261939941489355E-07   3   0 0  0 0  0 1  0 2
   119  -.5254858670702709E-07   3   0 0  0 0  0 0  1 2
   120  0.8947587212435651E-09   3   0 0  0 0  0 0  0 3
   121  0.1771994001474930E-05   4   4 0  0 0  0 0  0 0
   122  -.1732259852315552E-05   4   3 1  0 0  0 0  0 0
   123  -.2128378420682171E-05   4   2 2  0 0  0 0  0 0
   124  0.2783938492813222E-06   4   1 3  0 0  0 0  0 0
   125  -.2420667001386595E-05   4   0 4  0 0  0 0  0 0
   126  0.2347955537986056E-08   4   3 0  1 0  0 0  0 0
   127  -.7057404930585090E-03   4   2 1  1 0  0 0  0 0
   128  -.2537419807109916E-03   4   1 2  1 0  0 0  0 0
   129  -.1782243106576764E-03   4   0 3  1 0  0 0  0 0
   130  0.5278620828174945E-06   4   2 0  2 0  0 0  0 0
   131  -.3910835480508576E-04   4   1 1  2 0  0 0  0 0
   132  -.6499348226316283E-05   4   0 2  2 0  0 0  0 0
   133  0.3914454582187301E-08   4   1 0  3 0  0 0  0 0
   134  -.1194905494189439E-07   4   0 1  3 0  0 0  0 0
   135  -.2250462034280223E-05   4   0 0  4 0  0 0  0 0
   136  -.3528790845076017E-03   4   3 0  0 1  0 0  0 0
   137  -.4326502272386646E-03   4   2 1  0 1  0 0  0 0
   138  0.1822769809109559E-03   4   1 2  0 1  0 0  0 0
   139  -.1265148064908542E-04   4   0 3  0 1  0 0  0 0
   140  -.2047264147967946E-04   4   2 0  1 1  0 0  0 0
   141  -.3947039902652376E-04   4   1 1  1 1  0 0  0 0
   142  0.1903860518397645E-04   4   0 2  1 1  0 0  0 0
   143  -.4367561441508096E-03   4   1 0  2 1  0 0  0 0
   144  -.4660184265280057E-04   4   0 1  2 1  0 0  0 0
   145  -.2091486159509472E-04   4   0 0  3 1  0 0  0 0
   146  0.1267856721125162E-05   4   2 0  0 2  0 0  0 0
   147  -.1339894437688537E-04   4   1 1  0 2  0 0  0 0
   148  -.2840020057816569E-06   4   0 2  0 2  0 0  0 0
   149  -.2190226610462579E-03   4   1 0  1 2  0 0  0 0
   150  -.1825402869672493E-03   4   0 1  1 2  0 0  0 0
   151  -.1460251566807226E-04   4   0 0  2 2  0 0  0 0
   152  -.3170205261590313E-04   4   1 0  0 3  0 0  0 0
   153  -.3997004126254101E-04   4   0 1  0 3  0 0  0 0
   154  0.2362391435488750E-05   4   0 0  1 3  0 0  0 0
   155  0.1699355725571805E-05   4   0 0  0 4  0 0  0 0
   156  -.7485191417626335E-04   4   3 0  0 0  0 1  0 0
   157  -.1304010885935641E-03   4   2 1  0 0  0 1  0 0
   158  -.6075944818358117E-04   4   1 2  0 0  0 1  0 0
   159  0.7067976263915372E-04   4   0 3  0 0  0 1  0 0
   160  0.2602686343486365       4   2 0  1 0  0 1  0 0
   161  0.4372677017180979       4   1 1  1 0  0 1  0 0
   162  -.1624858021629968       4   0 2  1 0  0 1  0 0
   163  0.1726266838910726E-03   4   1 0  2 0  0 1  0 0
   164  0.1154740270735538E-03   4   0 1  2 0  0 1  0 0
   165  0.1316210437578203       4   0 0  3 0  0 1  0 0
   166  0.8095823718473590E-01   4   2 0  0 1  0 1  0 0
   167  0.1850736088001699       4   1 1  0 1  0 1  0 0
   168  -.1656334594302552       4   0 2  0 1  0 1  0 0
   169  0.1999177736124980E-03   4   1 0  1 1  0 1  0 0
   170  -.2740266863143030E-03   4   0 1  1 1  0 1  0 0
   171  0.2670994693588765       4   0 0  2 1  0 1  0 0
   172  0.4696277514956121E-04   4   1 0  0 2  0 1  0 0
   173  -.5624879454999774E-04   4   0 1  0 2  0 1  0 0
   174  0.3862143619960762       4   0 0  1 2  0 1  0 0
   175  0.1971087887141345E-01   4   0 0  0 3  0 1  0 0
   176  -.7475118199781342E-04   4   3 0  0 0  0 0  1 0
   177  -.1302256009541255E-03   4   2 1  0 0  0 0  1 0
   178  -.6067768098170938E-04   4   1 2  0 0  0 0  1 0
   179  0.7058464514561579E-04   4   0 3  0 0  0 0  1 0
   180  0.2599183770865660       4   2 0  1 0  0 0  1 0
   181  0.4366792474528391       4   1 1  1 0  0 0  1 0
   182  -.1622671364281366       4   0 2  1 0  0 0  1 0
   183  0.1723943710355060E-03   4   1 0  2 0  0 0  1 0
   184  0.1153186275700208E-03   4   0 1  2 0  0 0  1 0
   185  0.1314439143602160       4   0 0  3 0  0 0  1 0
   186  0.8084928740456253E-01   4   2 0  0 1  0 0  1 0
   187  0.1848245454596635       4   1 1  0 1  0 0  1 0
   188  -.1654105577265883       4   0 2  0 1  0 0  1 0
   189  0.1996487336945681E-03   4   1 0  1 1  0 0  1 0
   190  -.2736579141142914E-03   4   0 1  1 1  0 0  1 0
   191  0.2667400194809758       4   0 0  2 1  0 0  1 0
   192  0.4689957486004483E-04   4   1 0  0 2  0 0  1 0
   193  -.5617309757320617E-04   4   0 1  0 2  0 0  1 0
   194  0.3856946129093527       4   0 0  1 2  0 0  1 0
   195  0.1968435289956950E-01   4   0 0  0 3  0 0  1 0
   196  0.3001716291026132E-03   4   3 0  0 0  0 0  0 1
   197  0.2606266895476890E-03   4   2 1  0 0  0 0  0 1
   198  0.8124072821343004E-04   4   1 2  0 0  0 0  0 1
   199  -.4405973871491523E-04   4   0 3  0 0  0 0  0 1
   200  -1.071103146572203       4   2 0  1 0  0 0  0 1
   201  -.8739469491709375       4   1 1  1 0  0 0  0 1
   202  0.1351692168918874       4   0 2  1 0  0 0  0 1
   203  -.7456793262956909E-03   4   1 0  2 0  0 0  0 1
   204  -.2307926546435751E-03   4   0 1  2 0  0 0  0 1
   205  -.4903404821574712       4   0 0  3 0  0 0  0 1
   206  -.1618075245892966       4   2 0  0 1  0 0  0 1
   207  -.2446532116265582       4   1 1  0 1  0 0  0 1
   208  0.9760508369818389E-01   4   0 2  0 1  0 0  0 1
   209  -.3995665073070650E-03   4   1 0  1 1  0 0  0 1
   210  0.2409597194222437E-03   4   0 1  1 1  0 0  0 1
   211  -.5338394888398520       4   0 0  2 1  0 0  0 1
   212  -.6054492490883127E-04   4   1 0  0 2  0 0  0 1
   213  0.3025615933247040E-04   4   0 1  0 2  0 0  0 1
   214  -.4364221039896774       4   0 0  1 2  0 0  0 1
   215  -.2010314362036708E-01   4   0 0  0 3  0 0  0 1
   216  0.1087307069706198E-05   4   2 0  0 0  0 2  0 0
   217  -.1442916084087111E-05   4   1 1  0 0  0 2  0 0
   218  -.4842373136070017E-05   4   0 2  0 0  0 2  0 0
   219  0.1292596333218584E-03   4   1 0  1 0  0 2  0 0
   220  -.1808581794865068E-03   4   0 1  1 0  0 2  0 0
   221  0.3580812675828288E-05   4   0 0  2 0  0 2  0 0
   222  0.1660031974169254E-03   4   1 0  0 1  0 2  0 0
   223  -.5255808611702586E-04   4   0 1  0 1  0 2  0 0
   224  0.1738666082942330E-04   4   0 0  1 1  0 2  0 0
   225  0.3653154794102323E-05   4   0 0  0 2  0 2  0 0
   226  0.7839268152693103E-06   4   2 0  0 0  0 1  1 0
   227  0.3254805910222744E-06   4   1 1  0 0  0 1  1 0
   228  -.5409531662321871E-05   4   0 2  0 0  0 1  1 0
   229  0.1551900173792975E-03   4   1 0  1 0  0 1  1 0
   230  -.2133470432422912E-03   4   0 1  1 0  0 1  1 0
   231  0.3843264385298435E-05   4   0 0  2 0  0 1  1 0
   232  0.1437914987063525E-03   4   1 0  0 1  0 1  1 0
   233  -.8848664650040480E-04   4   0 1  0 1  0 1  1 0
   234  0.1674815495588783E-04   4   0 0  1 1  0 1  1 0
   235  0.3757156778618005E-05   4   0 0  0 2  0 1  1 0
   236  0.1085316337213399E-05   4   2 0  0 0  0 0  2 0
   237  -.1441193283843438E-05   4   1 1  0 0  0 0  2 0
   238  -.4832216552132251E-05   4   0 2  0 0  0 0  2 0
   239  0.1289812580933612E-03   4   1 0  1 0  0 0  2 0
   240  -.1804712328740559E-03   4   0 1  1 0  0 0  2 0
   241  0.3573407744845546E-05   4   0 0  2 0  0 0  2 0
   242  0.1656830442261513E-03   4   1 0  0 1  0 0  2 0
   243  -.5242781534239174E-04   4   0 1  0 1  0 0  2 0
   244  0.1735199324187080E-04   4   0 0  1 1  0 0  2 0
   245  0.3645710448285663E-05   4   0 0  0 2  0 0  2 0
   246  -.2512970844579537E-05   4   2 0  0 0  0 1  0 1
   247  0.1267615853612531E-05   4   1 1  0 0  0 1  0 1
   248  0.4054106468214109E-05   4   0 2  0 0  0 1  0 1
   249  -.2068542757773961E-03   4   1 0  1 0  0 1  0 1
   250  0.1399642747155406E-03   4   0 1  1 0  0 1  0 1
   251  -.7006596510367896E-05   4   0 0  2 0  0 1  0 1
   252  -.2198346566419422E-03   4   1 0  0 1  0 1  0 1
   253  0.1229192299927730E-04   4   0 1  0 1  0 1  0 1
   254  -.2094921085789852E-04   4   0 0  1 1  0 1  0 1
   255  -.3872344645409067E-05   4   0 0  0 2  0 1  0 1
   256  -.2509589006849117E-05   4   2 0  0 0  0 0  1 1
   257  0.1265909955937402E-05   4   1 1  0 0  0 0  1 1
   258  0.4048650642792604E-05   4   0 2  0 0  0 0  1 1
   259  -.2065759010417591E-03   4   1 0  1 0  0 0  1 1
   260  0.1397759173909161E-03   4   0 1  1 0  0 0  1 1
   261  -.6997167362993702E-05   4   0 0  2 0  0 0  1 1
   262  -.2195388135214821E-03   4   1 0  0 1  0 0  1 1
   263  0.1227538110860316E-04   4   0 1  0 1  0 0  1 1
   264  -.2092101839722806E-04   4   0 0  1 1  0 0  1 1
   265  -.3867133426482568E-05   4   0 0  0 2  0 0  1 1
   266  0.2066010464149579E-05   4   2 0  0 0  0 0  0 2
   267  0.1510363470099370E-05   4   1 1  0 0  0 0  0 2
   268  0.2187947700766131E-06   4   0 2  0 0  0 0  0 2
   269  -.7319740782730768E-09   4   1 0  1 0  0 0  0 2
   270  -.1840566196409018E-09   4   0 1  1 0  0 0  0 2
   271  0.3006278063349960E-05   4   0 0  2 0  0 0  0 2
   272  0.1001478764988884E-04   4   1 0  0 1  0 0  0 2
   273  0.1068251039258422E-05   4   0 1  0 1  0 0  0 2
   274  0.2291800294891675E-05   4   0 0  1 1  0 0  0 2
   275  0.3043819407388968E-06   4   0 0  0 2  0 0  0 2
   276  0.1195839766974770E-06   4   1 0  0 0  0 3  0 0
   277  0.3320991350259983E-04   4   0 1  0 0  0 3  0 0
   278  -.4897920277043224E-02   4   0 0  1 0  0 3  0 0
   279  -.4542420549543226E-01   4   0 0  0 1  0 3  0 0
   280  0.1214765739959511E-06   4   1 0  0 0  0 2  1 0
   281  0.1995332307457251E-04   4   0 1  0 0  0 2  1 0
   282  -.3002427964368169E-02   4   0 0  1 0  0 2  1 0
   283  -.2839908141776092E-01   4   0 0  0 1  0 2  1 0
   284  0.1214724286493206E-06   4   1 0  0 0  0 1  2 0
   285  0.1997999299926491E-04   4   0 1  0 0  0 1  2 0
   286  -.3006240955128879E-02   4   0 0  1 0  0 1  2 0
   287  -.2843332543387170E-01   4   0 0  0 1  0 1  2 0
   288  0.1192609523638600E-06   4   1 0  0 0  0 0  3 0
   289  0.3312946698570114E-04   4   0 1  0 0  0 0  3 0
   290  -.4886015653342479E-02   4   0 0  1 0  0 0  3 0
   291  -.4531342756171063E-01   4   0 0  0 1  0 0  3 0
   292  -.3591984167941460E-06   4   1 0  0 0  0 2  0 1
   293  -.3990428713891429E-04   4   0 1  0 0  0 2  0 1
   294  0.1184974507860576E-01   4   0 0  1 0  0 2  0 1
   295  0.5678656303749594E-01   4   0 0  0 1  0 2  0 1
   296  -.3620220945878624E-06   4   1 0  0 0  0 1  1 1
   297  -.2667509814650158E-04   4   0 1  0 0  0 1  1 1
   298  0.8063948183771026E-02   4   0 0  1 0  0 1  1 1
   299  0.3979529874073218E-01   4   0 0  0 1  0 1  1 1
   300  -.3584714283185430E-06   4   1 0  0 0  0 0  2 1
   301  -.3983263678493858E-04   4   0 1  0 0  0 0  2 1
   302  0.1182837220942567E-01   4   0 0  1 0  0 0  2 1
   303  0.5668336503843914E-01   4   0 0  0 1  0 0  2 1
   304  0.3596213204541919E-06   4   1 0  0 0  0 1  0 2
   305  0.7614156932183749E-07   4   0 1  0 0  0 1  0 2
   306  -.8058766532820600E-02   4   0 0  1 0  0 1  0 2
   307  -.2860615650029963E-02   4   0 0  0 1  0 1  0 2
   308  0.3591373590294930E-06   4   1 0  0 0  0 0  1 2
   309  0.7603910158626650E-07   4   0 1  0 0  0 0  1 2
   310  -.8047921424617240E-02   4   0 0  1 0  0 0  1 2
   311  -.2856765968304284E-02   4   0 0  0 1  0 0  1 2
   312  -.1199020314657028E-06   4   1 0  0 0  0 0  0 3
   313  -.1694905219579373E-07   4   0 1  0 0  0 0  0 3
   314  0.1571330015272553E-03   4   0 0  1 0  0 0  0 3
   315  0.2213093430044298E-04   4   0 0  0 1  0 0  0 3
   316  -.4797024523453173E-06   4   0 0  0 0  0 4  0 0
   317  -.2979224865205381E-06   4   0 0  0 0  0 3  1 0
   318  -.2675545537881664E-06   4   0 0  0 0  0 2  2 0
   319  -.2984506087678542E-06   4   0 0  0 0  0 1  3 0
   320  -.4782116913920813E-06   4   0 0  0 0  0 0  4 0
   321  0.5726061080472302E-06   4   0 0  0 0  0 3  0 1
   322  0.3631517630125749E-06   4   0 0  0 0  0 2  1 1
   323  0.3635730181639178E-06   4   0 0  0 0  0 1  2 1
   324  0.5712062018528750E-06   4   0 0  0 0  0 0  3 1
   325  -.1524377453787743E-07   4   0 0  0 0  0 2  0 2
   326  -.1835173278854533E-07   4   0 0  0 0  0 1  1 2
   327  -.1521091173596864E-07   4   0 0  0 0  0 0  2 2
   328  0.5493766193064204E-10   4   0 0  0 0  0 1  0 3
   329  0.5486372941433821E-10   4   0 0  0 0  0 0  1 3
   ----------------------------------------------------
     I  COEFFICIENT            ORDER EXPONENTS
     1  0.3933356899614913E-07   0   0 0  0 0  0 0  0 0
     2  -.3139736772987301E-05   1   1 0  0 0  0 0  0 0
     3  0.6714063654214768E-05   1   0 1  0 0  0 0  0 0
     4  -.1130842415065024E-06   1   0 0  1 0  0 0  0 0
     5  -.6003555269459982E-06   1   0 0  0 1  0 0  0 0
     6   1.000000000000000       1   0 0  0 0  1 0  0 0
     7  0.1497981745353537       1   0 0  0 0  0 1  0 0
     8  -.1497981741838980       1   0 0  0 0  0 0  1 0
     9  -.3514918594690837E-09   1   0 0  0 0  0 0  0 1
    10  -.1445717193928284E-01   2   2 0  0 0  0 0  0 0
    11  0.6885132921455450E-01   2   1 1  0 0  0 0  0 0
    12  -.1325877127874318       2   0 2  0 0  0 0  0 0
    13  0.1157201518367750E-05   2   1 0  1 0  0 0  0 0
    14  0.6095180949090625E-04   2   0 1  1 0  0 0  0 0
    15  -.1594412616966083E-01   2   0 0  2 0  0 0  0 0
    16  0.6095199560811587E-04   2   1 0  0 1  0 0  0 0
    17  0.2927885129823925E-04   2   0 1  0 1  0 0  0 0
    18  -.8774966778081830E-01   2   0 0  1 1  0 0  0 0
    19  -.1702005520060146       2   0 0  0 2  0 0  0 0
    20  0.4644479985876012E-05   2   1 0  0 0  0 1  0 0
    21  -.9624583630626147E-05   2   0 1  0 0  0 1  0 0
    22  0.3097743017992524E-06   2   0 0  1 0  0 1  0 0
    23  0.9773808636408254E-06   2   0 0  0 1  0 1  0 0
    24  0.1506918889035628E-05   2   1 0  0 0  0 0  1 0
    25  -.2915572293590506E-05   2   0 1  0 0  0 0  1 0
    26  0.1965773135581262E-06   2   0 0  1 0  0 0  1 0
    27  0.3773271182420751E-06   2   0 0  0 1  0 0  1 0
    28  -.6151342564702519E-05   2   1 0  0 0  0 0  0 1
    29  0.5825871923960709E-05   2   0 1  0 0  0 0  0 1
    30  -.5063519423249310E-06   2   0 0  1 0  0 0  0 1
    31  -.7543617277005987E-06   2   0 0  0 1  0 0  0 1
    32  -.1124242786793920       2   0 0  0 0  0 2  0 0
    33  0.7505038230276154E-01   2   0 0  0 0  0 1  1 0
    34  0.3737389585585735E-01   2   0 0  0 0  0 0  2 0
    35  0.5205240752775180E-09   2   0 0  0 0  0 1  0 1
    36  0.1692771248282139E-09   2   0 0  0 0  0 0  1 1
    37  -.1691584800188208E-09   2   0 0  0 0  0 0  0 2
    38  0.7466025086956300E-05   3   3 0  0 0  0 0  0 0
    39  -.9779969887717148E-04   3   2 1  0 0  0 0  0 0
    40  0.9434255782555155E-05   3   1 2  0 0  0 0  0 0
    41  0.1694684337529801E-04   3   0 3  0 0  0 0  0 0
    42  -.2149031662595118E-05   3   2 0  1 0  0 0  0 0
    43  -.5615650247389811E-05   3   1 1  1 0  0 0  0 0
    44  0.1834839264057685E-05   3   0 2  1 0  0 0  0 0
    45  -.1057323770172160E-04   3   1 0  2 0  0 0  0 0
    46  0.5378861068871513E-04   3   0 1  2 0  0 0  0 0
    47  -.3241985319450952E-06   3   0 0  3 0  0 0  0 0
    48  -.3871142785032720E-05   3   2 0  0 1  0 0  0 0
    49  0.6772687814810050E-06   3   1 1  0 1  0 0  0 0
    50  -.2063229063839093E-07   3   0 2  0 1  0 0  0 0
    51  0.1485706408108097E-03   3   1 0  1 1  0 0  0 0
    52  -.1621900945488407E-04   3   0 1  1 1  0 0  0 0
    53  0.3501267834688127E-06   3   0 0  2 1  0 0  0 0
    54  -.4425558601183701E-04   3   1 0  0 2  0 0  0 0
    55  -.1131933758308600E-04   3   0 1  0 2  0 0  0 0
    56  -.4429684261759811E-05   3   0 0  1 2  0 0  0 0
    57  -.1803816410637677E-05   3   0 0  0 3  0 0  0 0
    58  0.2132516158791629E-01   3   2 0  0 0  0 1  0 0
    59  -.9885932670505346E-01   3   1 1  0 0  0 1  0 0
    60  0.1906855774556774       3   0 2  0 0  0 1  0 0
    61  -.2315805760717935E-05   3   1 0  1 0  0 1  0 0
    62  -.9167204442513349E-04   3   0 1  1 0  0 1  0 0
    63  0.2429952185486379E-01   3   0 0  2 0  0 1  0 0
    64  -.9166958282211813E-04   3   1 0  0 1  0 1  0 0
    65  -.5863193326000312E-04   3   0 1  0 1  0 1  0 0
    66  0.1366685143038541       3   0 0  1 1  0 1  0 0
    67  0.2659836121806534       3   0 0  0 2  0 1  0 0
    68  0.6878149623616220E-02   3   2 0  0 0  0 0  1 0
    69  -.3006023972869435E-01   3   1 1  0 0  0 0  1 0
    70  0.5819799206372876E-01   3   0 2  0 0  0 0  1 0
    71  -.1158147222671304E-05   3   1 0  1 0  0 0  1 0
    72  -.3076088415645529E-04   3   0 1  1 0  0 0  1 0
    73  0.8365537477408588E-02   3   0 0  2 0  0 0  1 0
    74  -.3075901532717185E-04   3   1 0  0 1  0 0  1 0
    75  -.2934577616958956E-04   3   0 1  0 1  0 0  1 0
    76  0.4897095472462590E-01   3   0 0  1 1  0 0  1 0
    77  0.9588295455465048E-01   3   0 0  0 2  0 0  1 0
    78  -.2820325600703799E-01   3   2 0  0 0  0 0  0 1
    79  0.6006851057015835E-01   3   1 1  0 0  0 0  0 1
    80  0.1629135254028156E-01   3   0 2  0 0  0 0  0 1
    81  0.3473505232928488E-05   3   1 0  1 0  0 0  0 1
    82  0.6148012736403420E-04   3   0 1  1 0  0 0  0 1
    83  -.3266497482234899E-01   3   0 0  2 0  0 0  0 1
    84  0.6147941464762467E-04   3   1 0  0 1  0 0  0 1
    85  0.2939138035574206E-04   3   0 1  0 1  0 0  0 1
    86  -.9788984136004626E-01   3   0 0  1 1  0 0  0 1
    87  -.2146568266857554E-01   3   0 0  0 2  0 0  0 1
    88  -.5744592676903085E-05   3   1 0  0 0  0 2  0 0
    89  0.1159136003923371E-04   3   0 1  0 0  0 2  0 0
    90  -.4288367857256512E-06   3   0 0  1 0  0 2  0 0
    91  -.1280594266299203E-05   3   0 0  0 1  0 2  0 0
    92  -.2201377210815610E-05   3   1 0  0 0  0 1  1 0
    93  0.3936270691198359E-05   3   0 1  0 0  0 1  1 0
    94  -.2383335706670893E-06   3   0 0  1 0  0 1  1 0
    95  -.6066197907346762E-06   3   0 0  0 1  0 1  1 0
    96  -.1102326567056069E-05   3   1 0  0 0  0 0  2 0
    97  0.1971952229824267E-05   3   0 1  0 0  0 0  2 0
    98  -.1192142489512387E-06   3   0 0  1 0  0 0  2 0
    99  -.3035579280175779E-06   3   0 0  0 1  0 0  2 0
   100  0.9046252703945075E-05   3   1 0  0 0  0 1  0 1
   101  -.7870489307751771E-05   3   0 1  0 0  0 1  0 1
   102  0.7862317597102531E-06   3   0 0  1 0  0 1  0 1
   103  0.1213020348435085E-05   3   0 0  0 1  0 1  0 1
   104  0.2899281352136610E-05   3   1 0  0 0  0 0  1 1
   105  -.2049695466996975E-05   3   0 1  0 0  0 0  1 1
   106  0.2801836758687194E-06   3   0 0  1 0  0 0  1 1
   107  0.4590551978524336E-06   3   0 0  0 1  0 0  1 1
   108  -.2897122176815958E-05   3   1 0  0 0  0 0  0 2
   109  -.8657995988034855E-06   3   0 1  0 0  0 0  0 2
   110  -.2800319177186588E-06   3   0 0  1 0  0 0  0 2
   111  -.8167639773301741E-07   3   0 0  0 1  0 0  0 2
   112  0.9369947883107166E-01   3   0 0  0 0  0 3  0 0
   113  -.5625011837365516E-01   3   0 0  0 0  0 2  1 0
   114  -.1880030860898491E-01   3   0 0  0 0  0 1  2 0
   115  -.1864917595105935E-01   3   0 0  0 0  0 0  3 0
   116  -.5985381339646612E-08   3   0 0  0 0  0 2  0 1
   117  -.3574771031740060E-08   3   0 0  0 0  0 1  1 1
   118  -.1787799447644716E-08   3   0 0  0 0  0 0  2 1
   119  0.1025359438820018E-09   3   0 0  0 0  0 1  0 2
   120  -.4788164038418375E-11   3   0 0  0 0  0 0  1 2
   121  0.3755614446303978E-11   3   0 0  0 0  0 0  0 3
   122  -.2587919393204978E-01   4   4 0  0 0  0 0  0 0
   123  -.3772943553314324E-01   4   3 1  0 0  0 0  0 0
   124  0.4411314469234606E-01   4   2 2  0 0  0 0  0 0
   125  0.1049404738288231       4   1 3  0 0  0 0  0 0
   126  -.7927962804846206E-01   4   0 4  0 0  0 0  0 0
   127  0.7599949583017129E-04   4   3 0  1 0  0 0  0 0
   128  0.3959719469723253E-05   4   2 1  1 0  0 0  0 0
   129  -.6526390451957135E-04   4   1 2  1 0  0 0  0 0
   130  0.7453454329643420E-04   4   0 3  1 0  0 0  0 0
   131  -.1493918329396822       4   2 0  2 0  0 0  0 0
   132  -.2496443311745077E-01   4   1 1  2 0  0 0  0 0
   133  0.8623539223003965E-01   4   0 2  2 0  0 0  0 0
   134  -.7521508800584722E-04   4   1 0  3 0  0 0  0 0
   135  0.2160766994912619E-04   4   0 1  3 0  0 0  0 0
   136  -.2638657806780996E-01   4   0 0  4 0  0 0  0 0
   137  0.1390662199318281E-04   4   3 0  0 1  0 0  0 0
   138  0.1310565944640054E-03   4   2 1  0 1  0 0  0 0
   139  0.8811638968208789E-04   4   1 2  0 1  0 0  0 0
   140  0.5258169937295867E-04   4   0 3  0 1  0 0  0 0
   141  -.7345799379354705E-01   4   2 0  1 1  0 0  0 0
   142  0.8342024517816959E-01   4   1 1  1 1  0 0  0 0
   143  -.8655947587614596E-01   4   0 2  1 1  0 0  0 0
   144  0.2706286301887059E-04   4   1 0  2 1  0 0  0 0
   145  0.2861397154235439E-03   4   0 1  2 1  0 0  0 0
   146  -.8047698860448524E-01   4   0 0  3 1  0 0  0 0
   147  -.1659767557646157       4   2 0  0 2  0 0  0 0
   148  0.8748346946181562E-01   4   1 1  0 2  0 0  0 0
   149  -.2260956881480112       4   0 2  0 2  0 0  0 0
   150  0.8979777590031285E-04   4   1 0  1 2  0 0  0 0
   151  0.1996149425316817E-03   4   0 1  1 2  0 0  0 0
   152  -.2396239601723027       4   0 0  2 2  0 0  0 0
   153  0.1116936760545027E-03   4   1 0  0 3  0 0  0 0
   154  0.7139002217978250E-04   4   0 1  0 3  0 0  0 0
   155  -.1994936562153405       4   0 0  1 3  0 0  0 0
   156  -.1588950457621779       4   0 0  0 4  0 0  0 0
   157  -.6323066640894387E-04   4   3 0  0 0  0 1  0 0
   158  0.2798181050725767E-03   4   2 1  0 0  0 1  0 0
   159  0.3456693808103624E-03   4   1 2  0 0  0 1  0 0
   160  -.3384169174306089E-03   4   0 3  0 0  0 1  0 0
   161  -.1391172596890888E-05   4   2 0  1 0  0 1  0 0
   162  0.6182542242421652E-05   4   1 1  1 0  0 1  0 0
   163  -.3881265627809788E-05   4   0 2  1 0  0 1  0 0
   164  -.6306442193630061E-04   4   1 0  2 0  0 1  0 0
   165  0.1747840660569896E-03   4   0 1  2 0  0 1  0 0
   166  -.4024166724007812E-05   4   0 0  3 0  0 1  0 0
   167  -.6368478950976326E-05   4   2 0  0 1  0 1  0 0
   168  -.2558504337616881E-06   4   1 1  0 1  0 1  0 0
   169  -.1387263487880061E-04   4   0 2  0 1  0 1  0 0
   170  -.2388076076989689E-03   4   1 0  1 1  0 1  0 0
   171  -.6684149719394620E-04   4   0 1  1 1  0 1  0 0
   172  -.2033642225020543E-04   4   0 0  2 1  0 1  0 0
   173  0.1443642477889793E-03   4   1 0  0 2  0 1  0 0
   174  -.3975404349151855E-03   4   0 1  0 2  0 1  0 0
   175  -.1480203561819295E-04   4   0 0  1 2  0 1  0 0
   176  -.1577041926718524E-04   4   0 0  0 3  0 1  0 0
   177  -.2708677272249108E-04   4   3 0  0 0  0 0  1 0
   178  0.1049116441477967E-03   4   2 1  0 0  0 0  1 0
   179  0.2020190160166241E-03   4   1 2  0 0  0 0  1 0
   180  -.1980009554318391E-03   4   0 3  0 0  0 0  1 0
   181  -.7941650317049560E-06   4   2 0  1 0  0 0  1 0
   182  0.1779255789626930E-05   4   1 1  1 0  0 0  1 0
   183  -.2094123294088039E-05   4   0 2  1 0  0 0  1 0
   184  -.3417953461228500E-04   4   1 0  2 0  0 0  1 0
   185  0.1005129131835054E-03   4   0 1  2 0  0 0  1 0
   186  -.2042281103521788E-05   4   0 0  3 0  0 0  1 0
   187  -.3918058033408698E-05   4   2 0  0 1  0 0  1 0
   188  0.1540312963937299E-06   4   1 1  0 1  0 0  1 0
   189  -.8326874338645069E-05   4   0 2  0 1  0 0  1 0
   190  -.7960420603690013E-04   4   1 0  1 1  0 0  1 0
   191  -.5016745496776796E-04   4   0 1  1 1  0 0  1 0
   192  -.1019086987764493E-04   4   0 0  2 1  0 0  1 0
   193  0.7973523368374966E-04   4   1 0  0 2  0 0  1 0
   194  -.2389607458203210E-03   4   0 1  0 2  0 0  1 0
   195  -.8969447294562741E-05   4   0 0  1 2  0 0  1 0
   196  -.9573064513193510E-05   4   0 0  0 3  0 0  1 0
   197  0.6253073468395202E-04   4   3 0  0 0  0 0  0 1
   198  -.1214967759252140E-03   4   2 1  0 0  0 0  0 1
   199  -.1252932328284124E-03   4   1 2  0 0  0 0  0 1
   200  -.2530147203375008E-04   4   0 3  0 0  0 0  0 1
   201  0.8929218912843908E-06   4   2 0  1 0  0 0  0 1
   202  -.3306472661584138E-05   4   1 1  1 0  0 0  0 1
   203  0.1617363051965485E-05   4   0 2  1 0  0 0  0 1
   204  0.6128543519868334E-04   4   1 0  2 0  0 0  0 1
   205  -.6778298390168050E-04   4   0 1  2 0  0 0  0 1
   206  0.4422104587621555E-05   4   0 0  3 0  0 0  0 1
   207  0.2277650008159872E-05   4   2 0  0 1  0 0  0 1
   208  0.1186292117231933E-05   4   1 1  0 1  0 0  0 1
   209  0.1117359191027547E-06   4   0 2  0 1  0 0  0 1
   210  0.1590161135582658E-03   4   1 0  1 1  0 0  0 1
   211  0.2513226523520566E-04   4   0 1  1 1  0 0  0 1
   212  0.1271870838961838E-04   4   0 0  2 1  0 0  0 1
   213  -.6985142279882177E-04   4   1 0  0 2  0 0  0 1
   214  -.7440338940960500E-05   4   0 1  0 2  0 0  0 1
   215  0.6137718089775980E-05   4   0 0  1 2  0 0  0 1
   216  0.5899636197817567E-06   4   0 0  0 3  0 0  0 1
   217  -.2630350379263185E-01   4   2 0  0 0  0 2  0 0
   218  0.1192568695080705       4   1 1  0 0  0 2  0 0
   219  -.2304963213074169       4   0 2  0 0  0 2  0 0
   220  0.3474847275181711E-05   4   1 0  1 0  0 2  0 0
   221  0.1149136008384702E-03   4   0 1  1 0  0 2  0 0
   222  -.3076560894989047E-01   4   0 0  2 0  0 2  0 0
   223  0.1149158459593607E-03   4   1 0  0 1  0 2  0 0
   224  0.8801049902930153E-04   4   0 1  0 1  0 2  0 0
   225  -.1759888177335205       4   0 0  1 1  0 2  0 0
   226  -.3435513816501160       4   0 0  0 2  0 2  0 0
   227  -.9961853625229555E-02   4   2 0  0 0  0 1  1 0
   228  0.4082090333607172E-01   4   1 1  0 0  0 1  1 0
   229  -.7967072613668687E-01   4   0 2  0 0  0 1  1 0
   230  0.2317491406610404E-05   4   1 0  1 0  0 1  1 0
   231  0.4650444136796416E-04   4   0 1  1 0  0 1  1 0
   232  -.1293738308614285E-01   4   0 0  2 0  0 1  1 0
   233  0.4650987749992919E-04   4   1 0  0 1  0 1  1 0
   234  0.5877084559859923E-04   4   0 1  0 1  0 1  1 0
   235  -.7866659060300457E-01   4   0 0  1 1  0 1  1 0
   236  -.1551847388960925       4   0 0  0 2  0 1  1 0
   237  -.4988546967357216E-02   4   2 0  0 0  0 0  2 0
   238  0.2044939274791994E-01   4   1 1  0 0  0 0  2 0
   239  -.3990983396202230E-01   4   0 2  0 0  0 0  2 0
   240  0.1159259304067876E-05   4   1 0  1 0  0 0  2 0
   241  0.2328248913990519E-04   4   0 1  1 0  0 0  2 0
   242  -.6476301163539207E-02   4   0 0  2 0  0 0  2 0
   243  0.2328567244229661E-04   4   1 0  0 1  0 0  2 0
   244  0.2938547037559602E-04   4   0 1  0 1  0 0  2 0
   245  -.3937213606128928E-01   4   0 0  1 1  0 0  2 0
   246  -.7766658884563465E-01   4   0 0  0 2  0 0  2 0
   247  0.4124381186736473E-01   4   2 0  0 0  0 1  0 1
   248  -.8161543405529482E-01   4   1 1  0 0  0 1  0 1
   249  -.3139438748487421E-01   4   0 2  0 0  0 1  0 1
   250  -.6950126770075222E-05   4   1 0  1 0  0 1  0 1
   251  -.9299237747715632E-04   4   0 1  1 0  0 1  0 1
   252  0.5016927263916220E-01   4   0 0  2 0  0 1  0 1
   253  -.9299360055007704E-04   4   1 0  0 1  0 1  0 1
   254  -.5895170090993629E-04   4   0 1  0 1  0 1  0 1
   255  0.1573072008667157       4   0 0  1 1  0 1  0 1
   256  0.4433627585821111E-01   4   0 0  0 2  0 1  0 1
   257  0.1306091003006181E-01   4   2 0  0 0  0 0  1 1
   258  -.2159865523445223E-01   4   1 1  0 0  0 0  1 1
   259  -.1510460462194258E-01   4   0 2  0 0  0 0  1 1
   260  -.3476611052676936E-05   4   1 0  1 0  0 0  1 1
   261  -.3155246812635592E-04   4   0 1  1 0  0 0  1 1
   262  0.1752464118350077E-01   4   0 0  2 0  0 0  1 1
   263  -.3155440035274272E-04   4   1 0  0 1  0 0  1 1
   264  -.2956003997315443E-04   4   0 1  0 1  0 0  1 1
   265  0.5946895667612787E-01   4   0 0  1 1  0 0  1 1
   266  0.2286866365182591E-01   4   0 0  0 2  0 0  1 1
   267  -.1305075554300050E-01   4   2 0  0 0  0 0  0 2
   268  -.8461556851972234E-02   4   1 1  0 0  0 0  0 2
   269  -.1187567978625491E-02   4   0 2  0 0  0 0  0 2
   270  0.3475577181140111E-05   4   1 0  1 0  0 0  0 2
   271  0.7928147947960669E-06   4   0 1  1 0  0 0  0 2
   272  -.1751452420147028E-01   4   0 0  2 0  0 0  0 2
   273  0.7926257931264646E-06   4   1 0  0 1  0 0  0 2
   274  0.1684694289790933E-06   4   0 1  0 1  0 0  0 2
   275  -.1049826263554792E-01   4   0 0  1 1  0 0  0 2
   276  -.1403958450428319E-02   4   0 0  0 2  0 0  0 2
   277  0.6028868016745720E-04   4   1 0  0 0  0 3  0 0
   278  -.2283810301470290E-03   4   0 1  0 0  0 3  0 0
   279  -.1691253296282329E-05   4   0 0  1 0  0 3  0 0
   280  -.7863919874282503E-05   4   0 0  0 1  0 3  0 0
   281  0.2406879066426141E-04   4   1 0  0 0  0 2  1 0
   282  -.9049974106278524E-04   4   0 1  0 0  0 2  1 0
   283  -.7229815021194681E-06   4   0 0  1 0  0 2  1 0
   284  -.3496400873958557E-05   4   0 0  0 1  0 2  1 0
   285  0.1417580946770142E-04   4   1 0  0 0  0 1  2 0
   286  -.5319980295347005E-04   4   0 1  0 0  0 1  2 0
   287  -.4474494678979112E-06   4   0 0  1 0  0 1  2 0
   288  -.2123481122450647E-05   4   0 0  0 1  0 1  2 0
   289  0.8043099957794912E-05   4   1 0  0 0  0 0  3 0
   290  -.3024362472646995E-04   4   0 1  0 0  0 0  3 0
   291  -.2415046832541998E-06   4   0 0  1 0  0 0  3 0
   292  -.1167752954290046E-05   4   0 0  0 1  0 0  3 0
   293  -.5359717364470502E-04   4   1 0  0 0  0 2  0 1
   294  -.1147238563426232E-04   4   0 1  0 0  0 2  0 1
   295  0.1144748971834700E-05   4   0 0  1 0  0 2  0 1
   296  -.3460913670094065E-06   4   0 0  0 1  0 2  0 1
   297  -.1917964334722476E-04   4   1 0  0 0  0 1  1 1
   298  -.9494781595728139E-05   4   0 1  0 0  0 1  1 1
   299  0.5012618240201833E-06   4   0 0  1 0  0 1  1 1
   300  -.8754951045550132E-07   4   0 0  0 1  0 1  1 1
   301  -.9606479266754581E-05   4   1 0  0 0  0 0  2 1
   302  -.4745516689090159E-05   4   0 1  0 0  0 0  2 1
   303  0.2508942640460531E-06   4   0 0  1 0  0 0  2 1
   304  -.4391892801288505E-07   4   0 0  0 1  0 0  2 1
   305  0.1471616721934831E-05   4   1 0  0 0  0 1  0 2
   306  0.1008899233014667E-05   4   0 1  0 0  0 1  0 2
   307  0.2355815350788566E-06   4   0 0  1 0  0 1  0 2
   308  0.1114408826606746E-06   4   0 0  0 1  0 1  0 2
   309  -.1932072093916436E-07   4   1 0  0 0  0 0  1 2
   310  0.4578759331057637E-06   4   0 1  0 0  0 0  1 2
   311  0.7231472810741981E-07   4   0 0  1 0  0 0  1 2
   312  0.5793406517564965E-07   4   0 0  0 1  0 0  1 2
   313  0.9030923053273426E-07   4   1 0  0 0  0 0  0 3
   314  0.2017836589009552E-07   4   0 1  0 0  0 0  0 3
   315  -.8899937567368842E-08   4   0 0  1 0  0 0  0 3
   316  -.2040934764136017E-08   4   0 0  0 1  0 0  0 3
   317  -.8199185437718751E-01   4   0 0  0 0  0 4  0 0
   318  0.4686865239896278E-01   4   0 0  0 0  0 3  1 0
   319  0.1407200870997612E-01   4   0 0  0 0  0 2  2 0
   320  0.9418908477061720E-02   4   0 0  0 0  0 1  3 0
   321  0.1163212325285924E-01   4   0 0  0 0  0 0  4 0
   322  0.7404636843363171E-09   4   0 0  0 0  0 3  0 1
   323  -.4965910119774632E-08   4   0 0  0 0  0 2  1 1
   324  -.3281476189149406E-08   4   0 0  0 0  0 1  2 1
   325  -.1762888119857927E-08   4   0 0  0 0  0 0  3 1
   326  -.2111843569542542E-09   4   0 0  0 0  0 2  0 2
   327  -.1431518422783189E-09   4   0 0  0 0  0 1  1 2
   328  -.5564296098098743E-10   4   0 0  0 0  0 0  2 2
   329  -.7457940067240642E-11   4   0 0  0 0  0 1  0 3
   330  -.3702390532917915E-11   4   0 0  0 0  0 0  1 3
   331  -.5246207393605246E-13   4   0 0  0 0  0 0  0 4
   ----------------------------------------------------
     I  COEFFICIENT            ORDER EXPONENTS
     1   1.000000000000000       1   0 0  0 0  0 1  0 0
     --------------------------------------------------
     I  COEFFICIENT            ORDER EXPONENTS
     1   1.000000000000000       1   0 0  0 0  0 0  1 0
     --------------------------------------------------
     I  COEFFICIENT            ORDER EXPONENTS
     1   1.000000000000000       1   0 0  0 0  0 0  0 1
     --------------------------------------------------
