 L    0.7950300000000000E+00
 P (  0.0000000000000000E+00,  0.0000000000000000E+00,  0.1350570000000000E+00)
 A (  0.0000000000000000E+00,  0.0000000000000000E+00,  0.0000000000000000E+00)
     I  COEFFICIENT            ORDER EXPONENTS
     1  0.7487378566719134E-04   0   0 0  0 0  0 0  0 0
     2  0.9999977028993108       1   1 0  0 0  0 0  0 0
     3  0.7950285450782320       1   0 1  0 0  0 0  0 0
     4  -.3857546001186984E-05   1   0 0  1 0  0 0  0 0
     5  -.2011179548923085E-05   1   0 0  0 1  0 0  0 0
     6  0.2774991671289996E-11   1   0 0  0 0  0 1  0 0
     7  0.2771257191070122E-11   1   0 0  0 0  0 0  1 0
     8  -.5546245553906627E-11   1   0 0  0 0  0 0  0 1
     9  -.6823764575674618E-01   2   2 0  0 0  0 0  0 0
    10  -.6777309060707901E-01   2   1 1  0 0  0 0  0 0
    11  -.1735567435390210E-01   2   0 2  0 0  0 0  0 0
    12  0.3921900929569566E-04   2   1 0  1 0  0 0  0 0
    13  0.1951568310002777E-04   2   0 1  1 0  0 0  0 0
    14  0.6823763904696839E-01   2   0 0  2 0  0 0  0 0
    15  0.1947194441221011E-04   2   1 0  0 1  0 0  0 0
    16  0.1000082383885968E-04   2   0 1  0 1  0 0  0 0
    17  0.6777310348157804E-01   2   0 0  1 1  0 0  0 0
    18  0.1735568526871327E-01   2   0 0  0 2  0 0  0 0
    19  0.1149321983555757E-05   2   1 0  0 0  0 1  0 0
    20  -.3977812077812669       2   0 1  0 0  0 1  0 0
    21  0.1918001338279540E-05   2   0 0  1 0  0 1  0 0
    22  0.2002938030075743E-05   2   0 0  0 1  0 1  0 0
    23  0.1147775280195917E-05   2   1 0  0 0  0 0  1 0
    24  -.3972458925786138       2   0 1  0 0  0 0  1 0
    25  0.1915420182470750E-05   2   0 0  1 0  0 0  1 0
    26  0.2000242570470070E-05   2   0 0  0 1  0 0  1 0
    27  -.2297098091734599E-05   2   1 0  0 0  0 0  0 1
    28  -.1444719058652214E-05   2   0 1  0 0  0 0  0 1
    29  -.3833422105698338E-05   2   0 0  1 0  0 0  0 1
    30  -.1992001357898009E-05   2   0 0  0 1  0 0  0 1
    31  -.8400015936474753E-11   2   0 0  0 0  0 2  0 0
    32  -.8968794652968303E-11   2   0 0  0 0  0 1  1 0
    33  -.8382676623812176E-11   2   0 0  0 0  0 0  2 0
    34  0.2775088009363972E-11   2   0 0  0 0  0 1  0 1
    35  0.2771353426703120E-11   2   0 0  0 0  0 0  1 1
    36  0.1320360561091577E-02   3   3 0  0 0  0 0  0 0
    37  0.1875676650874168E-02   3   2 1  0 0  0 0  0 0
    38  0.8875789447449575E-03   3   1 2  0 0  0 0  0 0
    39  0.3976541974894760       3   0 3  0 0  0 0  0 0
    40  -.3264602807949731E-04   3   2 0  1 0  0 0  0 0
    41  -.9460630392986088E-05   3   1 1  1 0  0 0  0 0
    42  -.3225726718383565E-05   3   0 2  1 0  0 0  0 0
    43  0.1172097629055012E-02   3   1 0  2 0  0 0  0 0
    44  0.3367447463887823E-03   3   0 1  2 0  0 0  0 0
    45  0.1122773691311826E-04   3   0 0  3 0  0 0  0 0
    46  -.1268549348179950E-04   3   2 0  0 1  0 0  0 0
    47  -.3767305010551959E-05   3   1 1  0 1  0 0  0 0
    48  -.2970345829813844E-05   3   0 2  0 1  0 0  0 0
    49  0.1434726271417898E-02   3   1 0  1 1  0 0  0 0
    50  0.4926092554987482E-03   3   0 1  1 1  0 0  0 0
    51  -.2711946577569108E-05   3   0 0  2 1  0 0  0 0
    52  0.4002746951200028E-03   3   1 0  0 2  0 0  0 0
    53  0.3976654004167343       3   0 1  0 2  0 0  0 0
    54  -.1298605492781730E-04   3   0 0  1 2  0 0  0 0
    55  -.5617356648892554E-05   3   0 0  0 3  0 0  0 0
    56  0.3414176547293092E-01   3   2 0  0 0  0 1  0 0
    57  0.6781869276539358E-01   3   1 1  0 0  0 1  0 0
    58  0.2605103252680698E-01   3   0 2  0 0  0 1  0 0
    59  -.1957639563975186E-04   3   1 0  1 0  0 1  0 0
    60  -.1950124316077165E-04   3   0 1  1 0  0 1  0 0
    61  -.3414175742667122E-01   3   0 0  2 0  0 1  0 0
    62  -.1945983169563062E-04   3   1 0  0 1  0 1  0 0
    63  -.1499194288782943E-04   3   0 1  0 1  0 1  0 0
    64  -.6781870597146540E-01   3   0 0  1 1  0 1  0 0
    65  -.2605105014174540E-01   3   0 0  0 2  0 1  0 0
    66  0.3409581909400314E-01   3   2 0  0 0  0 0  1 0
    67  0.6772742556485407E-01   3   1 1  0 0  0 0  1 0
    68  0.2601597427497500E-01   3   0 2  0 0  0 0  1 0
    69  -.1955005064910346E-04   3   1 0  1 0  0 0  1 0
    70  -.1947499930678760E-04   3   0 1  1 0  0 0  1 0
    71  -.3409581105857172E-01   3   0 0  2 0  0 0  1 0
    72  -.1943364357124470E-04   3   1 0  0 1  0 0  1 0
    73  -.1497176743763668E-04   3   0 1  0 1  0 0  1 0
    74  -.6772743875315386E-01   3   0 0  1 1  0 0  1 0
    75  -.2601599186620819E-01   3   0 0  0 2  0 0  1 0
    76  -.6823759397609330E-01   3   2 0  0 0  0 0  0 1
    77  -.6777304412827406E-01   3   1 1  0 0  0 0  0 1
    78  -.1735566542684082E-01   3   0 2  0 0  0 0  0 1
    79  0.3912738333420298E-04   3   1 0  1 0  0 0  0 1
    80  0.1945738715800105E-04   3   0 1  1 0  0 0  0 1
    81  0.6823757796551375E-01   3   0 0  2 0  0 0  0 1
    82  0.1942328652270736E-04   3   1 0  0 1  0 0  0 1
    83  0.9961184147978474E-05   3   0 1  0 1  0 0  0 1
    84  0.6777305292865292E-01   3   0 0  1 1  0 0  0 1
    85  0.1735567506288439E-01   3   0 0  0 2  0 0  0 1
    86  -.8618022876181728E-06   3   1 0  0 0  0 2  0 0
    87  0.2982687025279005       3   0 1  0 0  0 2  0 0
    88  -.1438180579455849E-05   3   0 0  1 0  0 2  0 0
    89  -.1988767989102293E-05   3   0 0  0 1  0 2  0 0
    90  -.5750512437740906E-06   3   1 0  0 0  0 1  1 0
    91  0.1990233651370408       3   0 1  0 0  0 1  1 0
    92  -.9596458154907594E-06   3   0 0  1 0  0 1  1 0
    93  -.1984021889628714E-05   3   0 0  0 1  0 1  1 0
    94  -.8602555762898568E-06   3   1 0  0 0  0 0  2 0
    95  0.2977333884323782       3   0 1  0 0  0 0  2 0
    96  -.1435599420885061E-05   3   0 0  1 0  0 0  2 0
    97  -.1984756597336290E-05   3   0 0  0 1  0 0  2 0
    98  0.1149326349459605E-05   3   1 0  0 0  0 1  0 1
    99  0.1445694403417616E-05   3   0 1  0 0  0 1  0 1
   100  0.1918003364155966E-05   3   0 0  1 0  0 1  0 1
   101  0.1993343014764794E-05   3   0 0  0 1  0 1  0 1
   102  0.1147779640224336E-05   3   1 0  0 0  0 0  1 1
   103  0.1443748856022677E-05   3   0 1  0 0  0 0  1 1
   104  0.1915422205620848E-05   3   0 0  1 0  0 0  1 1
   105  0.1990660467678538E-05   3   0 0  0 1  0 0  1 1
   106  -.7650718862561972E-10   3   0 0  0 0  0 3  0 0
   107  -.1058889008287235E-09   3   0 0  0 0  0 2  1 0
   108  -.1058293821601891E-09   3   0 0  0 0  0 1  2 0
   109  -.7628159475351183E-10   3   0 0  0 0  0 0  3 0
   110  0.6432408717783620E-10   3   0 0  0 0  0 2  0 1
   111  0.7930970748332900E-10   3   0 0  0 0  0 1  1 1
   112  0.6418415720304792E-10   3   0 0  0 0  0 0  2 1
   113  0.2537875029666828E-02   4   4 0  0 0  0 0  0 0
   114  -.1240546924586508       4   3 1  0 0  0 0  0 0
   115  -.2525028586478335       4   2 2  0 0  0 0  0 0
   116  -.1954924415022730       4   1 3  0 0  0 0  0 0
   117  -.5134109625529563E-01   4   0 4  0 0  0 0  0 0
   118  -.1814743460727665E-05   4   3 0  1 0  0 0  0 0
   119  0.3468151806437852E-04   4   2 1  1 0  0 0  0 0
   120  0.8730433102645237E-04   4   1 2  1 0  0 0  0 0
   121  0.4473607418775735E-04   4   0 3  1 0  0 0  0 0
   122  0.5206276106561751E-02   4   2 0  2 0  0 0  0 0
   123  -.1239356460569064       4   1 1  2 0  0 0  0 0
   124  0.5233494733300600E-01   4   0 2  2 0  0 0  0 0
   125  -.9290218751675222E-06   4   1 0  3 0  0 0  0 0
   126  0.3483209157125593E-04   4   0 1  3 0  0 0  0 0
   127  -.4275879378594513E-02   4   0 0  4 0  0 0  0 0
   128  0.3687824951309188E-04   4   3 0  0 1  0 0  0 0
   129  0.6876073891606596E-04   4   2 1  0 1  0 0  0 0
   130  0.7816366316825346E-04   4   1 2  0 1  0 0  0 0
   131  0.6478429292389379E-04   4   0 3  0 1  0 0  0 0
   132  0.1334406954344045       4   2 0  1 1  0 0  0 0
   133  0.7279322669179164E-01   4   1 1  1 1  0 0  0 0
   134  0.1502361647608106       4   0 2  1 1  0 0  0 0
   135  0.3446593350800422E-04   4   1 0  2 1  0 0  0 0
   136  0.4475133693961369E-04   4   0 1  2 1  0 0  0 0
   137  0.1208845241200258       4   0 0  3 1  0 0  0 0
   138  -.1593855093849549E-01   4   2 0  0 2  0 0  0 0
   139  -.4624516519106734E-01   4   1 1  0 2  0 0  0 0
   140  0.2618423793250325E-01   4   0 2  0 2  0 0  0 0
   141  0.6663401647679878E-04   4   1 0  1 2  0 0  0 0
   142  0.4599421095839015E-04   4   0 1  1 2  0 0  0 0
   143  0.2161076101290431       4   0 0  2 2  0 0  0 0
   144  0.3457238212820268E-04   4   1 0  0 3  0 0  0 0
   145  0.5414353669715022E-04   4   0 1  0 3  0 0  0 0
   146  0.1608301811788532       4   0 0  1 3  0 0  0 0
   147  0.4238871987010625E-01   4   0 0  0 4  0 0  0 0
   148  -.1339687030926749E-02   4   3 0  0 0  0 1  0 0
   149  -.2895841074004009E-02   4   2 1  0 0  0 1  0 0
   150  -.1857701167391875E-02   4   1 2  0 0  0 1  0 0
   151  -.5970477889350302       4   0 3  0 0  0 1  0 0
   152  0.5470427901873320E-05   4   2 0  1 0  0 1  0 0
   153  0.4618285016968544E-05   4   1 1  1 0  0 1  0 0
   154  0.1380932588822902E-06   4   0 2  1 0  0 1  0 0
   155  -.1265504001898865E-02   4   1 0  2 0  0 1  0 0
   156  -.4940556499361912E-03   4   0 1  2 0  0 1  0 0
   157  -.1625021067848711E-04   4   0 0  3 0  0 1  0 0
   158  0.1643632081834468E-04   4   2 0  0 1  0 1  0 0
   159  0.1446402081650345E-04   4   1 1  0 1  0 1  0 0
   160  0.6965623255910243E-05   4   0 2  0 1  0 1  0 0
   161  -.2207472912619195E-02   4   1 0  1 1  0 1  0 0
   162  -.9541403141859797E-03   4   0 1  1 1  0 1  0 0
   163  -.3094842328629715E-04   4   0 0  2 1  0 1  0 0
   164  -.8135763112185673E-03   4   1 0  0 2  0 1  0 0
   165  -.5970424097332929       4   0 1  0 2  0 1  0 0
   166  -.1287751983951127E-04   4   0 0  1 2  0 1  0 0
   167  0.1072509631243624E-05   4   0 0  0 3  0 1  0 0
   168  -.1337884143257923E-02   4   3 0  0 0  0 0  1 0
   169  -.2891943987563125E-02   4   2 1  0 0  0 0  1 0
   170  -.1855201160711248E-02   4   1 2  0 0  0 0  1 0
   171  -.5962443101585696       4   0 3  0 0  0 0  1 0
   172  0.5463066057815349E-05   4   2 0  1 0  0 0  1 0
   173  0.4612069946645013E-05   4   1 1  1 0  0 0  1 0
   174  0.1379074194826049E-06   4   0 2  1 0  0 0  1 0
   175  -.1263800946254244E-02   4   1 0  2 0  0 0  1 0
   176  -.4933907731264990E-03   4   0 1  2 0  0 0  1 0
   177  -.1622834191080190E-04   4   0 0  3 0  0 0  1 0
   178  0.1641420159240433E-04   4   2 0  0 1  0 0  1 0
   179  0.1444455581895431E-04   4   1 1  0 1  0 0  1 0
   180  0.6956249248410835E-05   4   0 2  0 1  0 0  1 0
   181  -.2204502199607997E-02   4   1 0  1 1  0 0  1 0
   182  -.9528562771182851E-03   4   0 1  1 1  0 0  1 0
   183  -.3090677435678713E-04   4   0 0  2 1  0 0  1 0
   184  -.8124814385615653E-03   4   1 0  0 2  0 0  1 0
   185  -.5962389381959085       4   0 1  0 2  0 0  1 0
   186  -.1286018988020773E-04   4   0 0  1 2  0 0  1 0
   187  0.1071066298327514E-05   4   0 0  0 3  0 0  1 0
   188  0.2640601964099151E-02   4   3 0  0 0  0 0  0 1
   189  0.3800387491508949E-02   4   2 1  0 0  0 0  0 1
   190  0.1833609664130667E-02   4   1 2  0 0  0 0  0 1
   191  0.2975205790617147E-03   4   0 3  0 0  0 0  0 1
   192  -.2161894687813859E-04   4   2 0  1 0  0 0  0 1
   193  -.5864659487131234E-05   4   1 1  1 0  0 0  0 1
   194  -.6609469975722572E-06   4   0 2  1 0  0 0  0 1
   195  0.2492337475635414E-02   4   1 0  2 0  0 0  0 1
   196  0.6905630085371520E-03   4   0 1  2 0  0 0  0 1
   197  0.2157543448319639E-04   4   0 0  3 0  0 0  0 1
   198  -.1424889901833525E-04   4   2 0  0 1  0 0  0 1
   199  -.1008487506402643E-04   4   1 1  0 1  0 0  0 1
   200  -.4058899286666452E-05   4   0 2  0 1  0 0  0 1
   201  0.2954194502721014E-02   4   1 0  1 1  0 0  0 1
   202  0.9725446638045661E-03   4   0 1  1 1  0 0  0 1
   203  0.2567284470179805E-04   4   0 0  2 1  0 0  0 1
   204  0.8131848818730849E-03   4   1 0  0 2  0 0  0 1
   205  0.2944964110692742E-03   4   0 1  0 2  0 0  0 1
   206  0.1056894510284983E-04   4   0 0  1 2  0 0  0 1
   207  0.8106367998599406E-06   4   0 0  0 3  0 0  0 1
   208  -.2560065873800332E-01   4   2 0  0 0  0 2  0 0
   209  -.6781879473702693E-01   4   1 1  0 0  0 2  0 0
   210  -.3277896469434180E-01   4   0 2  0 0  0 2  0 0
   211  0.1472661776200880E-04   4   1 0  1 0  0 2  0 0
   212  0.1950913931413260E-04   4   0 1  1 0  0 2  0 0
   213  0.2560063236128420E-01   4   0 0  2 0  0 2  0 0
   214  0.1948372967419375E-04   4   1 0  0 1  0 2  0 0
   215  0.5961814769476992E-04   4   0 1  0 1  0 2  0 0
   216  0.6781876311841735E-01   4   0 0  1 1  0 2  0 0
   217  0.3249795996274830E-01   4   0 0  0 2  0 2  0 0
   218  -.1708241075571727E-01   4   2 0  0 0  0 1  1 0
   219  -.6781870115032336E-01   4   1 1  0 0  0 1  1 0
   220  -.3932059290187882E-01   4   0 2  0 0  0 1  1 0
   221  0.9816911792983788E-05   4   1 0  1 0  0 1  1 0
   222  0.1949186413744196E-04   4   0 1  1 0  0 1  1 0
   223  0.1708237948806981E-01   4   0 0  2 0  0 1  1 0
   224  0.1946578314389153E-04   4   1 0  0 1  0 1  1 0
   225  0.7150140214376330E-04   4   0 1  0 1  0 1  1 0
   226  0.6781865618247913E-01   4   0 0  1 1  0 1  1 0
   227  0.3898350642182102E-01   4   0 0  0 2  0 1  1 0
   228  -.2555471222632655E-01   4   2 0  0 0  0 0  2 0
   229  -.6768189379334752E-01   4   1 1  0 0  0 0  2 0
   230  -.3270839440806973E-01   4   0 2  0 0  0 0  2 0
   231  0.1470019380531576E-04   4   1 0  1 0  0 0  2 0
   232  0.1946976921783811E-04   4   0 1  1 0  0 0  2 0
   233  0.2555468590614321E-01   4   0 0  2 0  0 0  2 0
   234  0.1944441132232877E-04   4   1 0  0 1  0 0  2 0
   235  0.5948980479276459E-04   4   0 1  0 1  0 0  2 0
   236  0.6768186224754642E-01   4   0 0  1 1  0 0  2 0
   237  0.3242799465694992E-01   4   0 0  0 2  0 0  2 0
   238  0.3414185742734474E-01   4   2 0  0 0  0 1  0 1
   239  0.6781877366126851E-01   4   1 1  0 0  0 1  0 1
   240  0.2605105552515303E-01   4   0 2  0 0  0 1  0 1
   241  -.1963320865333758E-04   4   1 0  1 0  0 1  0 1
   242  -.1948915838047523E-04   4   0 1  1 0  0 1  0 1
   243  -.3414181585045670E-01   4   0 0  2 0  0 1  0 1
   244  -.1947281412682945E-04   4   1 0  0 1  0 1  0 1
   245  -.1496647606914161E-04   4   0 1  0 1  0 1  0 1
   246  -.6781872452637040E-01   4   0 0  1 1  0 1  0 1
   247  -.2605104707999888E-01   4   0 0  0 2  0 1  0 1
   248  0.3409591092466904E-01   4   2 0  0 0  0 0  1 1
   249  0.6772750635186314E-01   4   1 1  0 0  0 0  1 1
   250  0.2601599724237090E-01   4   0 2  0 0  0 0  1 1
   251  -.1960678720641301E-04   4   1 0  1 0  0 0  1 1
   252  -.1946293078961898E-04   4   0 1  1 0  0 0  1 1
   253  -.3409586940373323E-01   4   0 0  2 0  0 0  1 1
   254  -.1944660853129948E-04   4   1 0  0 1  0 0  1 1
   255  -.1494633489099335E-04   4   0 1  0 1  0 0  1 1
   256  -.6772745728308854E-01   4   0 0  1 1  0 0  1 1
   257  -.2601598880858202E-01   4   0 0  0 2  0 0  1 1
   258  0.9750933037235486E-14   4   2 0  0 0  0 0  0 2
   259  0.1283591138451487E-13   4   1 1  0 0  0 0  0 2
   260  0.4237079776936723E-14   4   0 2  0 0  0 0  0 2
   261  -.1820724827745779E-13   4   1 0  1 0  0 0  0 2
   262  -.1032084930681877E-13   4   0 1  1 0  0 0  0 2
   263  -.9061772836601582E-15   4   0 0  2 0  0 0  0 2
   264  -.8708412051179746E-14   4   1 0  0 1  0 0  0 2
   265  -.5027794096597355E-14   4   0 1  0 1  0 0  0 2
   266  0.9218011702692129E-15   4   0 0  1 1  0 0  0 2
   267  0.7863469371373362E-15   4   0 0  0 2  0 0  0 2
   268  -.1060604402222174E-05   4   1 0  0 0  0 3  0 0
   269  -.2485473460402804       4   0 1  0 0  0 3  0 0
   270  0.1961165856070945E-06   4   0 0  1 0  0 3  0 0
   271  0.1208245527024475E-05   4   0 0  0 1  0 3  0 0
   272  -.1114272345663811E-05   4   1 0  0 0  0 2  1 0
   273  -.1491688022781900       4   0 1  0 0  0 2  1 0
   274  -.2112699889835864E-07   4   0 0  1 0  0 2  1 0
   275  0.1315220501295844E-05   4   0 0  0 1  0 2  1 0
   276  -.1114161128732819E-05   4   1 0  0 0  0 1  2 0
   277  -.1493687355213580       4   0 1  0 0  0 1  2 0
   278  -.2068899734113026E-07   4   0 0  1 0  0 1  2 0
   279  0.1315001276193371E-05   4   0 0  0 1  0 1  2 0
   280  -.1057714677747327E-05   4   1 0  0 0  0 0  3 0
   281  -.2479453842902847       4   0 1  0 0  0 0  3 0
   282  0.1957348959436501E-06   4   0 0  1 0  0 0  3 0
   283  0.1204922738754529E-05   4   0 0  0 1  0 0  3 0
   284  0.1033753108356780E-05   4   1 0  0 0  0 2  0 1
   285  0.3690622337810237E-07   4   0 1  0 0  0 2  0 1
   286  -.3048117281843543E-06   4   0 0  1 0  0 2  0 1
   287  -.1154589255730474E-05   4   0 0  0 1  0 2  0 1
   288  0.1087347716484636E-05   4   1 0  0 0  0 1  1 1
   289  0.1418994302262272E-07   4   0 1  0 0  0 1  1 1
   290  -.8786012110660731E-07   4   0 0  1 0  0 1  1 1
   291  -.1264895243230802E-05   4   0 0  0 1  0 1  1 1
   292  0.1031630281456058E-05   4   1 0  0 0  0 0  2 1
   293  0.3684700858544113E-07   4   0 1  0 0  0 0  2 1
   294  -.3043424079747887E-06   4   0 0  1 0  0 0  2 1
   295  -.1152184345710139E-05   4   0 0  0 1  0 0  2 1
   296  -.2048139741407587E-04   4   0 0  0 0  0 4  0 0
   297  -.1170551500519658E-04   4   0 0  0 0  0 3  1 0
   298  -.1053878162804259E-04   4   0 0  0 0  0 2  2 0
   299  -.1173062069255196E-04   4   0 0  0 0  0 1  3 0
   300  -.2041842919624864E-04   4   0 0  0 0  0 0  4 0
   301  -.1198878654480338E-10   4   0 0  0 0  0 3  0 1
   302  0.3787982546846721E-10   4   0 0  0 0  0 2  1 1
   303  0.3777919179171585E-10   4   0 0  0 0  0 1  2 1
   304  -.1199003974076849E-10   4   0 0  0 0  0 0  3 1
   ----------------------------------------------------
     I  COEFFICIENT            ORDER EXPONENTS
     1  0.7936876080222337E-08   0   0 0  0 0  0 0  0 0
     2  -.1361719390342855E-04   1   1 0  0 0  0 0  0 0
     3  0.9999914710211475       1   0 1  0 0  0 0  0 0
     4  -.1590160577751343E-04   1   0 0  1 0  0 0  0 0
     5  -.8832953554913306E-05   1   0 0  0 1  0 0  0 0
     6  0.4024826604780809E-08   1   0 0  0 0  0 1  0 0
     7  0.4019410182838128E-08   1   0 0  0 0  0 0  1 0
     8  -.1073607477503897E-09   1   0 0  0 0  0 0  0 1
     9  -.2574512707986740       2   2 0  0 0  0 0  0 0
    10  -.2728877949097924       2   1 1  0 0  0 0  0 0
    11  -.7459047198812745E-01   2   0 2  0 0  0 0  0 0
    12  0.1477536185050373E-03   2   1 0  1 0  0 0  0 0
    13  0.7839446975392416E-04   2   0 1  1 0  0 0  0 0
    14  0.2574513412309661       2   0 0  2 0  0 0  0 0
    15  0.7829108697244154E-04   2   1 0  0 1  0 0  0 0
    16  0.4284514543226015E-04   2   0 1  0 1  0 0  0 0
    17  0.2728879390938190       2   0 0  1 1  0 0  0 0
    18  0.7459052318663831E-01   2   0 0  0 2  0 0  0 0
    19  -.8653508052225390E-11   2   1 0  0 0  0 1  0 0
    20  0.4267355803170043E-05   2   0 1  0 0  0 1  0 0
    21  -.6826123390393351E-11   2   0 0  1 0  0 1  0 0
    22  0.4407379329904155E-05   2   0 0  0 1  0 1  0 0
    23  -.8641862462990609E-11   2   1 0  0 0  0 0  1 0
    24  0.4261612996875302E-05   2   0 1  0 0  0 0  1 0
    25  -.6816937102413091E-11   2   0 0  1 0  0 0  1 0
    26  0.4401448086514562E-05   2   0 0  0 1  0 0  1 0
    27  -.1361717672206115E-04   2   1 0  0 0  0 0  0 1
    28  -.8528969447664454E-05   2   0 1  0 0  0 0  0 1
    29  -.1590159265288782E-04   2   0 0  1 0  0 0  0 1
    30  -.8808827446939549E-05   2   0 0  0 1  0 0  0 1
    31  -.1004176554177091E-08   2   0 0  0 0  0 2  0 0
    32  0.2008351059664010E-08   2   0 0  0 0  0 1  1 0
    33  -.1004176552980339E-08   2   0 0  0 0  0 0  2 0
    34  0.7256717411638166E-15   2   0 0  0 0  0 1  0 1
    35  0.7246951369729106E-15   2   0 0  0 0  0 0  1 1
    36  0.7054503624925394E-02   3   3 0  0 0  0 0  0 0
    37  0.1051879932091995E-01   3   2 1  0 0  0 0  0 0
    38  0.5243886604475246E-02   3   1 2  0 0  0 0  0 0
    39  0.8757044052427776E-03   3   0 3  0 0  0 0  0 0
    40  -.9947261949548076E-06   3   2 0  1 0  0 0  0 0
    41  0.6370598831654490E-04   3   1 1  1 0  0 0  0 0
    42  0.3005489510884783E-04   3   0 2  1 0  0 0  0 0
    43  0.7054521603554791E-02   3   1 0  2 0  0 0  0 0
    44  0.2090714016454408E-02   3   0 1  2 0  0 0  0 0
    45  0.1579140328127131E-05   3   0 0  3 0  0 0  0 0
    46  0.3183343368562733E-04   3   2 0  0 1  0 0  0 0
    47  0.7598122189255590E-04   3   1 1  0 1  0 0  0 0
    48  0.2576525383273887E-04   3   0 2  0 1  0 0  0 0
    49  0.8873010476350328E-02   3   1 0  1 1  0 0  0 0
    50  0.3133192275465456E-02   3   0 1  1 1  0 0  0 0
    51  -.2987570129126179E-04   3   0 0  2 1  0 0  0 0
    52  0.2555074386815374E-02   3   1 0  0 2  0 0  0 0
    53  0.9875593988484879E-03   3   0 1  0 2  0 0  0 0
    54  -.2896239774099655E-04   3   0 0  1 2  0 0  0 0
    55  -.1132006538272689E-04   3   0 0  0 3  0 0  0 0
    56  -.1806787629130118E-06   3   2 0  0 0  0 1  0 0
    57  0.1365355832829422       3   1 1  0 0  0 1  0 0
    58  0.7464064159336779E-01   3   0 2  0 0  0 1  0 0
    59  0.2733657007630774E-06   3   1 0  1 0  0 1  0 0
    60  -.3912915575804968E-04   3   0 1  1 0  0 1  0 0
    61  0.1650731155539907E-06   3   0 0  2 0  0 1  0 0
    62  -.3901352473403702E-04   3   1 0  0 1  0 1  0 0
    63  -.4281295597964784E-04   3   0 1  0 1  0 1  0 0
    64  -.1365357066782515       3   0 0  1 1  0 1  0 0
    65  -.7464072381189515E-01   3   0 0  0 2  0 1  0 0
    66  -.1804356139665555E-06   3   2 0  0 0  0 0  1 0
    67  0.1363518401296595       3   1 1  0 0  0 0  1 0
    68  0.7454019373560276E-01   3   0 2  0 0  0 0  1 0
    69  0.2729978180862600E-06   3   1 0  1 0  0 0  1 0
    70  -.3907649758432382E-04   3   0 1  1 0  0 0  1 0
    71  0.1648509679658807E-06   3   0 0  2 0  0 0  1 0
    72  -.3896102217109376E-04   3   1 0  0 1  0 0  1 0
    73  -.4275534032119496E-04   3   0 1  0 1  0 0  1 0
    74  -.1363519633589091       3   0 0  1 1  0 0  1 0
    75  -.7454027584348455E-01   3   0 0  0 2  0 0  1 0
    76  -.2574508949552441       3   2 0  0 0  0 0  0 1
    77  -.2728874077626279       3   1 1  0 0  0 0  0 1
    78  -.7459036232658497E-01   3   0 2  0 0  0 0  0 1
    79  0.1472134085522165E-03   3   1 0  1 0  0 0  0 1
    80  0.7820475894694599E-04   3   0 1  1 0  0 0  0 1
    81  0.2574510162399914       3   0 0  2 0  0 0  0 1
    82  0.7798905220245716E-04   3   1 0  0 1  0 0  0 1
    83  0.4272960776944044E-04   3   0 1  0 1  0 0  0 1
    84  0.2728876778498044       3   0 0  1 1  0 0  0 1
    85  0.7459047781722179E-01   3   0 0  0 2  0 0  0 1
    86  -.2483152128524393E-10   3   1 0  0 0  0 2  0 0
    87  -.3199819607846836E-05   3   0 1  0 0  0 2  0 0
    88  -.3582991664317916E-11   3   0 0  1 0  0 2  0 0
    89  -.3304794405953180E-05   3   0 0  0 1  0 2  0 0
    90  -.3396802975190316E-10   3   1 0  0 0  0 1  1 0
    91  -.2135133860768178E-05   3   0 1  0 0  0 1  1 0
    92  -.4222111125138408E-11   3   0 0  1 0  0 1  1 0
    93  -.2205166647615651E-05   3   0 0  0 1  0 1  1 0
    94  -.2477531108478333E-10   3   1 0  0 0  0 0  2 0
    95  -.3194076760087163E-05   3   0 1  0 0  0 0  2 0
    96  -.3575363145278650E-11   3   0 0  1 0  0 0  2 0
    97  -.3298863164816749E-05   3   0 0  0 1  0 0  2 0
    98  0.3173647088433343E-10   3   1 0  0 0  0 1  0 1
    99  0.4267377301783758E-05   3   0 1  0 0  0 1  0 1
   100  0.6793463722598856E-11   3   0 0  1 0  0 1  0 1
   101  0.4407379695829120E-05   3   0 0  0 1  0 1  0 1
   102  0.3169376154241206E-10   3   1 0  0 0  0 0  1 1
   103  0.4261634466525381E-05   3   0 1  0 0  0 0  1 1
   104  0.6784321411586332E-11   3   0 0  1 0  0 0  1 1
   105  0.4401448451947072E-05   3   0 0  0 1  0 0  1 1
   106  0.1000727466250664E-09   3   0 0  0 0  0 3  0 0
   107  -.9459755268525197E-09   3   0 0  0 0  0 2  1 0
   108  -.9438642149416078E-09   3   0 0  0 0  0 1  2 0
   109  0.1005064052474336E-09   3   0 0  0 0  0 0  3 0
   110  0.3820801840674580E-09   3   0 0  0 0  0 2  0 1
   111  0.4225451213609208E-09   3   0 0  0 0  0 1  1 1
   112  0.3812816777854560E-09   3   0 0  0 0  0 0  2 1
   113  0.8335765922800704E-02   4   4 0  0 0  0 0  0 0
   114  0.1645346744164579E-01   4   3 1  0 0  0 0  0 0
   115  0.2057717650496521       4   2 2  0 0  0 0  0 0
   116  0.7273859314176571E-01   4   1 3  0 0  0 0  0 0
   117  -.1802468532671559E-01   4   0 4  0 0  0 0  0 0
   118  -.3114035861452282E-05   4   3 0  1 0  0 0  0 0
   119  -.6385879191300968E-05   4   2 1  1 0  0 0  0 0
   120  -.4109278232408153E-04   4   1 2  1 0  0 0  0 0
   121  0.1872701586131983E-04   4   0 3  1 0  0 0  0 0
   122  0.1753637085539047E-01   4   2 0  2 0  0 0  0 0
   123  0.1726902543664608E-01   4   1 1  2 0  0 0  0 0
   124  0.6878556828666536E-01   4   0 2  2 0  0 0  0 0
   125  -.9840953182465548E-05   4   1 0  3 0  0 0  0 0
   126  -.5439159908461072E-05   4   0 1  3 0  0 0  0 0
   127  -.1415577166037085E-01   4   0 0  4 0  0 0  0 0
   128  -.1512877976140540E-05   4   3 0  0 1  0 0  0 0
   129  -.1141640732011201E-03   4   2 1  0 1  0 0  0 0
   130  -.1001533325812264E-03   4   1 2  0 1  0 0  0 0
   131  -.4612468370085130E-06   4   0 3  0 1  0 0  0 0
   132  0.1752544715797287E-01   4   2 0  1 1  0 0  0 0
   133  -.2392025047371728       4   1 1  1 1  0 0  0 0
   134  0.7315374707840583E-01   4   0 2  1 1  0 0  0 0
   135  -.1579906087723018E-04   4   1 0  2 1  0 0  0 0
   136  -.4592042228919905E-04   4   0 1  2 1  0 0  0 0
   137  -.2798412824433904E-01   4   0 0  3 1  0 0  0 0
   138  -.1883884208014439       4   2 0  0 2  0 0  0 0
   139  -.4723965194386234       4   1 1  0 2  0 0  0 0
   140  -.1104341379295184       4   0 2  0 2  0 0  0 0
   141  0.2835639807103684E-04   4   1 0  1 2  0 0  0 0
   142  0.1460193316469615E-04   4   0 1  1 2  0 0  0 0
   143  -.8610733586679330E-01   4   0 0  2 2  0 0  0 0
   144  0.5719120041192685E-04   4   1 0  0 3  0 0  0 0
   145  0.4192541381913491E-04   4   0 1  0 3  0 0  0 0
   146  0.6036708999577150E-01   4   0 0  1 3  0 0  0 0
   147  0.5483965332338332E-01   4   0 0  0 4  0 0  0 0
   148  -.3528915588756197E-02   4   3 0  0 0  0 1  0 0
   149  -.1046866135974047E-01   4   2 1  0 0  0 1  0 0
   150  -.7817397857294236E-02   4   1 2  0 0  0 1  0 0
   151  -.1746699587807777E-02   4   0 3  0 0  0 1  0 0
   152  -.1453251761747816E-06   4   2 0  1 0  0 1  0 0
   153  -.1063057143111556E-04   4   1 1  1 0  0 1  0 0
   154  -.2626419426758672E-04   4   0 2  1 0  0 1  0 0
   155  -.3528896800511682E-02   4   1 0  2 0  0 1  0 0
   156  -.1998848445142007E-02   4   0 1  2 0  0 1  0 0
   157  0.2246040227035265E-06   4   0 0  3 0  0 1  0 0
   158  0.1623864015771962E-04   4   2 0  0 1  0 1  0 0
   159  -.7251040390255342E-05   4   1 1  0 1  0 1  0 0
   160  -.1537139264770017E-04   4   0 2  0 1  0 1  0 0
   161  -.8840686651647707E-02   4   1 0  1 1  0 1  0 0
   162  -.4570246474592248E-02   4   0 1  1 1  0 1  0 0
   163  0.2645302118674412E-04   4   0 0  2 1  0 1  0 0
   164  -.3856913909974761E-02   4   1 0  0 2  0 1  0 0
   165  -.1962331786743269E-02   4   0 1  0 2  0 1  0 0
   166  0.3451348933175328E-04   4   0 0  1 2  0 1  0 0
   167  0.1355885845133625E-04   4   0 0  0 3  0 1  0 0
   168  -.3524166540469091E-02   4   3 0  0 0  0 0  1 0
   169  -.1045457312865391E-01   4   2 1  0 0  0 0  1 0
   170  -.7806877571679385E-02   4   1 2  0 0  0 0  1 0
   171  -.1744348961822217E-02   4   0 3  0 0  0 0  1 0
   172  -.1451296044016127E-06   4   2 0  1 0  0 0  1 0
   173  -.1061626530908501E-04   4   1 1  1 0  0 0  1 0
   174  -.2622884915272995E-04   4   0 2  1 0  0 0  1 0
   175  -.3524147777508908E-02   4   1 0  2 0  0 0  1 0
   176  -.1996158489107045E-02   4   0 1  2 0  0 0  1 0
   177  0.2243017611949962E-06   4   0 0  3 0  0 0  1 0
   178  0.1621678696109599E-04   4   2 0  0 1  0 0  1 0
   179  -.7241282281827744E-05   4   1 1  0 1  0 0  1 0
   180  -.1535070655190350E-04   4   0 2  0 1  0 0  1 0
   181  -.8828789272199001E-02   4   1 0  1 1  0 0  1 0
   182  -.4564096052274716E-02   4   0 1  1 1  0 0  1 0
   183  0.2641742195751866E-04   4   0 0  2 1  0 0  1 0
   184  -.3851723457004825E-02   4   1 0  0 2  0 0  1 0
   185  -.1959690973106456E-02   4   0 1  0 2  0 0  1 0
   186  0.3446704270437499E-04   4   0 0  1 2  0 0  1 0
   187  0.1354061157863937E-04   4   0 0  0 3  0 0  1 0
   188  0.1410795210959996E-01   4   3 0  0 0  0 0  0 1
   189  0.2103543527145692E-01   4   2 1  0 0  0 0  0 1
   190  0.1049485009575601E-01   4   1 2  0 0  0 0  0 1
   191  0.1761416830795752E-02   4   0 3  0 0  0 0  0 1
   192  -.3719851323646814E-08   4   2 0  1 0  0 0  0 1
   193  0.4321719362564405E-04   4   1 1  1 0  0 0  0 1
   194  0.2570105318786781E-04   4   0 2  1 0  0 0  0 1
   195  0.1410795103866032E-01   4   1 0  2 0  0 0  0 1
   196  0.4032419222740927E-02   4   0 1  2 0  0 0  0 1
   197  -.3039102186234147E-08   4   0 0  3 0  0 0  0 1
   198  0.6200878259938919E-07   4   2 0  0 1  0 0  0 1
   199  0.1735847240728302E-04   4   1 1  0 1  0 0  0 1
   200  0.7675036855468030E-05   4   0 2  0 1  0 0  0 1
   201  0.1759610719582912E-01   4   1 0  1 1  0 0  0 1
   202  0.6023908073498459E-02   4   0 1  1 1  0 0  0 1
   203  -.4316291029397229E-04   4   0 0  2 1  0 0  0 1
   204  0.5061043360913819E-02   4   1 0  0 2  0 0  0 1
   205  0.1910195866559370E-02   4   0 1  0 2  0 0  0 1
   206  -.3733912747070598E-04   4   0 0  1 2  0 0  0 1
   207  -.1065553960779463E-04   4   0 0  0 3  0 0  0 1
   208  -.3899249872984157E-06   4   2 0  0 0  0 2  0 0
   209  -.1023792953004475       4   1 1  0 0  0 2  0 0
   210  -.7464083563124936E-01   4   0 2  0 0  0 2  0 0
   211  0.1575804042107514E-06   4   1 0  1 0  0 2  0 0
   212  0.2942033251634784E-04   4   0 1  1 0  0 2  0 0
   213  0.1517252078917460E-06   4   0 0  2 0  0 2  0 0
   214  0.2942503679353356E-04   4   1 0  0 1  0 2  0 0
   215  0.4287379763247852E-04   4   0 1  0 1  0 2  0 0
   216  0.1023789838673190       4   0 0  1 1  0 2  0 0
   217  0.7464076106486507E-01   4   0 0  0 2  0 2  0 0
   218  -.4530307176747132E-06   4   2 0  0 0  0 1  1 0
   219  -.6831413316506539E-01   4   1 1  0 0  0 1  1 0
   220  -.7464073030651977E-01   4   0 2  0 0  0 1  1 0
   221  0.1951759513612173E-06   4   1 0  1 0  0 1  1 0
   222  0.1959955052394285E-04   4   0 1  1 0  0 1  1 0
   223  0.1868838472512628E-06   4   0 0  2 0  0 1  1 0
   224  0.1961632854500719E-04   4   1 0  0 1  0 1  1 0
   225  0.4283518857857939E-04   4   0 1  0 1  0 1  1 0
   226  0.6831373995310963E-01   4   0 0  1 1  0 1  1 0
   227  0.7464063164397995E-01   4   0 0  0 2  0 1  1 0
   228  -.3890954109623619E-06   4   2 0  0 0  0 0  2 0
   229  -.1021955510993615       4   1 1  0 0  0 0  2 0
   230  -.7449016352378214E-01   4   0 2  0 0  0 0  2 0
   231  0.1572370105708997E-06   4   1 0  1 0  0 0  2 0
   232  0.2936755194375475E-04   4   0 1  1 0  0 0  2 0
   233  0.1513952735368788E-06   4   0 0  2 0  0 0  2 0
   234  0.2937223860064855E-04   4   1 0  0 1  0 0  2 0
   235  0.4278727730720540E-04   4   0 1  0 1  0 0  2 0
   236  0.1021952403499279       4   0 0  1 1  0 0  2 0
   237  0.7449008912413345E-01   4   0 0  0 2  0 0  2 0
   238  0.6238163257727224E-06   4   2 0  0 0  0 1  0 1
   239  0.1365362962239462       4   1 1  0 0  0 1  0 1
   240  0.7464080713451327E-01   4   0 2  0 0  0 1  0 1
   241  -.2520817785172617E-06   4   1 0  1 0  0 1  0 1
   242  -.3921557455463653E-04   4   0 1  1 0  0 1  0 1
   243  -.2427148943897144E-06   4   0 0  2 0  0 1  0 1
   244  -.3922065788041085E-04   4   1 0  0 1  0 1  0 1
   245  -.4284474176583650E-04   4   0 1  0 1  0 1  0 1
   246  -.1365358699553320       4   0 0  1 1  0 1  0 1
   247  -.7464071672932361E-01   4   0 0  0 2  0 1  0 1
   248  0.6229768231926770E-06   4   2 0  0 0  0 0  1 1
   249  0.1363525521112212       4   1 1  0 0  0 0  1 1
   250  0.7454035905397077E-01   4   0 2  0 0  0 0  1 1
   251  -.2517425387399396E-06   4   1 0  1 0  0 0  1 1
   252  -.3916280008256700E-04   4   0 1  1 0  0 0  1 1
   253  -.2423882601430637E-06   4   0 0  2 0  0 0  1 1
   254  -.3916787656744106E-04   4   1 0  0 1  0 0  1 1
   255  -.4278708333157070E-04   4   0 1  0 1  0 0  1 1
   256  -.1363521264162589       4   0 0  1 1  0 0  1 1
   257  -.7454026877044435E-01   4   0 0  0 2  0 0  1 1
   258  0.7105773428676321E-13   4   2 0  0 0  0 0  0 2
   259  0.8220995036836112E-13   4   1 1  0 0  0 0  0 2
   260  0.2395018884102416E-13   4   0 2  0 0  0 0  0 2
   261  -.7865165400769497E-13   4   1 0  1 0  0 0  0 2
   262  -.3717027681508442E-13   4   0 1  1 0  0 0  0 2
   263  0.5516096203100271E-13   4   0 0  2 0  0 0  0 2
   264  -.4619723112867673E-13   4   1 0  0 1  0 0  0 2
   265  -.2278745401031265E-13   4   0 1  0 1  0 0  0 2
   266  0.6536004669806606E-13   4   0 0  1 1  0 0  0 2
   267  0.1934448617594161E-13   4   0 0  0 2  0 0  0 2
   268  -.6027178046388611E-05   4   1 0  0 0  0 3  0 0
   269  -.3335334925596977E-05   4   0 1  0 0  0 3  0 0
   270  -.1751475517893654E-05   4   0 0  1 0  0 3  0 0
   271  0.5243265437846213E-06   4   0 0  0 1  0 3  0 0
   272  -.3617311946561472E-05   4   1 0  0 0  0 2  1 0
   273  -.3529586999946995E-05   4   0 1  0 0  0 2  1 0
   274  -.1051168929042321E-05   4   0 0  1 0  0 2  1 0
   275  -.1293009655911523E-06   4   0 0  0 1  0 2  1 0
   276  -.3622160199608962E-05   4   1 0  0 0  0 1  2 0
   277  -.3529185816265859E-05   4   0 1  0 0  0 1  2 0
   278  -.1052577830428135E-05   4   0 0  1 0  0 1  2 0
   279  -.1279829583170756E-06   4   0 0  0 1  0 1  2 0
   280  -.6012580687085511E-05   4   1 0  0 0  0 0  3 0
   281  -.3326230344988259E-05   4   0 1  0 0  0 0  3 0
   282  -.1747233585272122E-05   4   0 0  1 0  0 0  3 0
   283  0.5233550099836781E-06   4   0 0  0 1  0 0  3 0
   284  0.7232939700993322E-05   4   1 0  0 0  0 2  0 1
   285  0.3238149226672077E-05   4   0 1  0 0  0 2  0 1
   286  0.2101865008916272E-05   4   0 0  1 0  0 2  0 1
   287  -.8513620920398365E-06   4   0 0  0 1  0 2  0 1
   288  0.4826312708726408E-05   4   1 0  0 0  0 1  1 1
   289  0.3432136630024733E-05   4   0 1  0 0  0 1  1 1
   290  0.1402500860484579E-05   4   0 0  1 0  0 1  1 1
   291  -.1986133680287490E-06   4   0 0  0 1  0 1  1 1
   292  0.7219958439526471E-05   4   1 0  0 0  0 0  2 1
   293  0.3231482074188561E-05   4   0 1  0 0  0 0  2 1
   294  0.2098092708261903E-05   4   0 0  1 0  0 0  2 1
   295  -.8500827268049657E-06   4   0 0  0 1  0 0  2 1
   296  -.3523638411882112E-09   4   0 0  0 0  0 4  0 0
   297  -.2219198154461747E-09   4   0 0  0 0  0 3  1 0
   298  -.3624270552874732E-09   4   0 0  0 0  0 2  2 0
   299  -.2220803411333328E-09   4   0 0  0 0  0 1  3 0
   300  -.3512668121369019E-09   4   0 0  0 0  0 0  4 0
   301  0.4083075615665397E-10   4   0 0  0 0  0 3  0 1
   302  0.4631448720095092E-09   4   0 0  0 0  0 2  1 1
   303  0.4622922653517544E-09   4   0 0  0 0  0 1  2 1
   304  0.4043711442581927E-10   4   0 0  0 0  0 0  3 1
   ----------------------------------------------------
     I  COEFFICIENT            ORDER EXPONENTS
     1  -.2177700744147855E-04   0   0 0  0 0  0 0  0 0
     2  -.3809308230860852E-05   1   1 0  0 0  0 0  0 0
     3  -.1972827150391743E-05   1   0 1  0 0  0 0  0 0
     4   1.000002297105544       1   0 0  1 0  0 0  0 0
     5  0.7950314345217117       1   0 0  0 1  0 0  0 0
     6  0.4501336455645845E-10   1   0 0  0 0  0 1  0 0
     7  0.4495278770022938E-10   1   0 0  0 0  0 0  1 0
     8  -.8996620345453647E-10   1   0 0  0 0  0 0  0 1
     9  0.1964083533303194E-04   2   2 0  0 0  0 0  0 0
    10  0.1949762843211148E-04   2   1 1  0 0  0 0  0 0
    11  0.4991288405278183E-05   2   0 2  0 0  0 0  0 0
    12  0.1364754933851751       2   1 0  1 0  0 0  0 0
    13  0.6777319167904954E-01   2   0 1  1 0  0 0  0 0
    14  -.1975795070895989E-04   2   0 0  2 0  0 0  0 0
    15  0.6777320596299645E-01   2   1 0  0 1  0 0  0 0
    16  0.3471141566142362E-01   2   0 1  0 1  0 0  0 0
    17  -.1959254620191928E-04   2   0 0  1 1  0 0  0 0
    18  -.5001331082181117E-05   2   0 0  0 2  0 0  0 0
    19  0.1918006275891599E-05   2   1 0  0 0  0 1  0 0
    20  0.1983750705915598E-05   2   0 1  0 0  0 1  0 0
    21  -.1149326771079694E-05   2   0 0  1 0  0 1  0 0
    22  -.3977840991694385       2   0 0  0 1  0 1  0 0
    23  0.1915425113438004E-05   2   1 0  0 0  0 0  1 0
    24  0.1981081067706536E-05   2   0 1  0 0  0 0  1 0
    25  -.1147780061277045E-05   2   0 0  1 0  0 0  1 0
    26  -.3972487800756915       2   0 0  0 1  0 0  1 0
    27  -.3833432083512934E-05   2   1 0  0 0  0 0  0 1
    28  -.1992005336815567E-05   2   0 1  0 0  0 0  0 1
    29  0.2297107754699006E-05   2   0 0  1 0  0 0  0 1
    30  0.1444724150346779E-05   2   0 0  0 1  0 0  0 1
    31  -.3191408674063098E-10   2   0 0  0 0  0 2  0 0
    32  -.2031654957023345E-10   2   0 0  0 0  0 1  1 0
    33  -.3185746782134520E-10   2   0 0  0 0  0 0  2 0
    34  0.4501332315479235E-10   2   0 0  0 0  0 1  0 1
    35  0.4495274634589827E-10   2   0 0  0 0  0 0  1 1
    36  -.1053766016735840E-04   3   3 0  0 0  0 0  0 0
    37  -.1217785248506812E-04   3   2 1  0 0  0 0  0 0
    38  -.7940960210894586E-05   3   1 2  0 0  0 0  0 0
    39  -.3263401550913225E-05   3   0 3  0 0  0 0  0 0
    40  0.1171861693786711E-02   3   2 0  1 0  0 0  0 0
    41  0.1434279747118421E-02   3   1 1  1 0  0 0  0 0
    42  0.4046834946854014E-03   3   0 2  1 0  0 0  0 0
    43  0.3265060180200494E-04   3   1 0  2 0  0 0  0 0
    44  -.3219299116314289E-05   3   0 1  2 0  0 0  0 0
    45  0.1320270538628552E-02   3   0 0  3 0  0 0  0 0
    46  0.3501528943105940E-03   3   2 0  0 1  0 0  0 0
    47  0.5047260853388121E-03   3   1 1  0 1  0 0  0 0
    48  0.3976720502484292       3   0 2  0 1  0 0  0 0
    49  0.9471674121152393E-05   3   1 0  1 1  0 0  0 0
    50  -.1385715577067086E-04   3   0 1  1 1  0 0  0 0
    51  0.1889090582329885E-02   3   0 0  2 1  0 0  0 0
    52  -.8270695150730314E-05   3   1 0  0 2  0 0  0 0
    53  -.9955412770286350E-05   3   0 1  0 2  0 0  0 0
    54  0.9090874405138273E-03   3   0 0  1 2  0 0  0 0
    55  0.3976638945964268       3   0 0  0 3  0 0  0 0
    56  -.9820770205003973E-05   3   2 0  0 0  0 1  0 0
    57  -.1950363328016077E-04   3   1 1  0 0  0 1  0 0
    58  -.7490948758889714E-05   3   0 2  0 0  0 1  0 0
    59  -.6828373281140453E-01   3   1 0  1 0  0 1  0 0
    60  -.6781883598828523E-01   3   0 1  1 0  0 1  0 0
    61  0.9934750920288826E-05   3   0 0  2 0  0 1  0 0
    62  -.6781885165892218E-01   3   1 0  0 1  0 1  0 0
    63  -.5210218121962073E-01   3   0 1  0 1  0 1  0 0
    64  0.1966651573434037E-04   3   0 0  1 1  0 1  0 0
    65  0.7528981658520345E-05   3   0 0  0 2  0 1  0 0
    66  -.9807553875298952E-05   3   2 0  0 0  0 0  1 0
    67  -.1947738620966671E-04   3   1 1  0 0  0 0  1 0
    68  -.7480867793086150E-05   3   0 2  0 0  0 0  1 0
    69  -.6819183978188781E-01   3   1 0  1 0  0 0  1 0
    70  -.6772756859500312E-01   3   0 1  1 0  0 0  1 0
    71  0.9921381200708889E-05   3   0 0  2 0  0 0  1 0
    72  -.6772758424455132E-01   3   1 0  0 1  0 0  1 0
    73  -.5203206455962625E-01   3   0 1  0 1  0 0  1 0
    74  0.1964004946431583E-04   3   0 0  1 1  0 0  1 0
    75  0.7518849509833127E-05   3   0 0  0 2  0 0  1 0
    76  0.1962756903287700E-04   3   2 0  0 0  0 0  0 1
    77  0.1947829874350494E-04   3   1 1  0 0  0 0  0 1
    78  0.4985775046525410E-05   3   0 2  0 0  0 0  0 1
    79  0.1364755890142575       3   1 0  1 0  0 0  0 1
    80  0.6777322862749388E-01   3   0 1  1 0  0 0  0 1
    81  -.1985939889892828E-04   3   0 0  2 0  0 0  0 1
    82  0.6777324221397657E-01   3   1 0  0 1  0 0  0 1
    83  0.3471142639559615E-01   3   0 1  0 1  0 0  0 1
    84  -.1971878892843196E-04   3   0 0  1 1  0 0  0 1
    85  -.5047384876564301E-05   3   0 0  0 2  0 0  0 1
    86  -.1438179931823658E-05   3   1 0  0 0  0 2  0 0
    87  -.1974380054534330E-05   3   0 1  0 0  0 2  0 0
    88  0.8618007625945269E-06   3   0 0  1 0  0 2  0 0
    89  0.2982716309567236       3   0 0  0 1  0 2  0 0
    90  -.9596449622343811E-06   3   1 0  0 0  0 1  1 0
    91  -.1974422651380455E-05   3   0 1  0 0  0 1  1 0
    92  0.5750488893449093E-06   3   0 0  1 0  0 1  1 0
    93  0.1990263009545811       3   0 0  0 1  0 1  1 0
    94  -.1435598774698385E-05   3   1 0  0 0  0 0  2 0
    95  -.1970394484487993E-05   3   0 1  0 0  0 0  2 0
    96  0.8602540548547220E-06   3   0 0  1 0  0 0  2 0
    97  0.2977363109448176       3   0 0  0 1  0 0  2 0
    98  0.1918002596352124E-05   3   1 0  0 0  0 1  0 1
    99  0.1993344649662650E-05   3   0 1  0 0  0 1  0 1
   100  -.1149325081703574E-05   3   0 0  1 0  0 1  0 1
   101  -.1445695330775249E-05   3   0 0  0 1  0 1  0 1
   102  0.1915421438850278E-05   3   1 0  0 0  0 0  1 1
   103  0.1990662100376222E-05   3   0 1  0 0  0 0  1 1
   104  -.1147778374174408E-05   3   0 0  1 0  0 0  1 1
   105  -.1443749782132387E-05   3   0 0  0 1  0 0  1 1
   106  -.7207487238226292E-10   3   0 0  0 0  0 3  0 0
   107  -.8512162638505010E-10   3   0 0  0 0  0 2  1 0
   108  -.8509509205980041E-10   3   0 0  0 0  0 1  2 0
   109  -.7187218067239440E-10   3   0 0  0 0  0 0  3 0
   110  0.6481143663766853E-10   3   0 0  0 0  0 2  0 1
   111  0.7728606877860508E-10   3   0 0  0 0  0 1  1 1
   112  0.6467221241015219E-10   3   0 0  0 0  0 0  2 1
   113  -.1605523489941292E-05   4   4 0  0 0  0 0  0 0
   114  0.3447312653689313E-04   4   3 1  0 0  0 0  0 0
   115  0.6233169620985688E-04   4   2 2  0 0  0 0  0 0
   116  0.4648247329141518E-04   4   1 3  0 0  0 0  0 0
   117  0.2042229491707494E-04   4   0 4  0 0  0 0  0 0
   118  -.1028003177345241E-01   4   3 0  1 0  0 0  0 0
   119  0.1146135787762298       4   2 1  1 0  0 0  0 0
   120  0.2320475598651247       4   1 2  1 0  0 0  0 0
   121  0.1208693679920279       4   0 3  1 0  0 0  0 0
   122  0.4224247821608125E-05   4   2 0  2 0  0 0  0 0
   123  0.3929042405485407E-04   4   1 1  2 0  0 0  0 0
   124  -.4941237166306390E-05   4   0 2  2 0  0 0  0 0
   125  -.3355602891352196E-02   4   1 0  3 0  0 0  0 0
   126  0.1271574888251293       4   0 1  3 0  0 0  0 0
   127  0.9486867231268768E-06   4   0 0  4 0  0 0  0 0
   128  0.1239989403224296       4   3 0  0 1  0 0  0 0
   129  0.1637776389904172       4   2 1  0 1  0 0  0 0
   130  0.1661286008899328       4   1 2  0 1  0 0  0 0
   131  0.7593708179570613E-01   4   0 3  0 1  0 0  0 0
   132  -.3596234949946271E-04   4   2 0  1 1  0 0  0 0
   133  0.1843316786594678E-04   4   1 1  1 1  0 0  0 0
   134  -.1464757474228077E-04   4   0 2  1 1  0 0  0 0
   135  0.1240987179903361       4   1 0  2 1  0 0  0 0
   136  0.2365591330995930       4   0 1  2 1  0 0  0 0
   137  -.3617704496196606E-04   4   0 0  3 1  0 0  0 0
   138  0.1416993963645707E-04   4   2 0  0 2  0 0  0 0
   139  0.4164303598059935E-04   4   1 1  0 2  0 0  0 0
   140  0.5598349043396107E-04   4   0 2  0 2  0 0  0 0
   141  0.3048345672760683       4   1 0  1 2  0 0  0 0
   142  0.2701158830760090       4   0 1  1 2  0 0  0 0
   143  -.7385431180305297E-04   4   0 0  2 2  0 0  0 0
   144  0.1555328497730747       4   1 0  0 3  0 0  0 0
   145  0.1110738489479869       4   0 1  0 3  0 0  0 0
   146  -.5702476578209253E-04   4   0 0  1 3  0 0  0 0
   147  0.2596261439511530E-04   4   0 0  0 4  0 0  0 0
   148  -.5417779771396056E-05   4   3 0  0 0  0 1  0 0
   149  -.3795775265067627E-05   4   2 1  0 0  0 1  0 0
   150  -.1451816347920693E-05   4   1 2  0 0  0 1  0 0
   151  0.1807804760738733E-05   4   0 3  0 0  0 1  0 0
   152  -.1191503083744642E-02   4   2 0  1 0  0 1  0 0
   153  -.2070323706797940E-02   4   1 1  1 0  0 1  0 0
   154  -.7489886643093038E-03   4   0 2  1 0  0 1  0 0
   155  -.2702733246494878E-04   4   1 0  2 0  0 1  0 0
   156  -.1071677556785511E-04   4   0 1  2 0  0 1  0 0
   157  -.1265565588558295E-02   4   0 0  3 0  0 1  0 0
   158  -.5226795324813668E-03   4   2 0  0 1  0 1  0 0
   159  -.9450026182843134E-03   4   1 1  0 1  0 1  0 0
   160  -.5970233478066530       4   0 2  0 1  0 1  0 0
   161  -.4968779316762605E-04   4   1 0  1 1  0 1  0 0
   162  -.8388083641969054E-05   4   0 1  1 1  0 1  0 0
   163  -.2769417222349665E-02   4   0 0  2 1  0 1  0 0
   164  -.1128787939291851E-04   4   1 0  0 2  0 1  0 0
   165  0.4644369830260602E-05   4   0 1  0 2  0 1  0 0
   166  -.1786486512942315E-02   4   0 0  1 2  0 1  0 0
   167  -.5970381767905337       4   0 0  0 3  0 1  0 0
   168  -.5410488778710811E-05   4   3 0  0 0  0 0  1 0
   169  -.3790667089604566E-05   4   2 1  0 0  0 0  1 0
   170  -.1449862561901376E-05   4   1 2  0 0  0 0  1 0
   171  0.1805371902290636E-05   4   0 3  0 0  0 0  1 0
   172  -.1189899615048136E-02   4   2 0  1 0  0 0  1 0
   173  -.2067537562724311E-02   4   1 1  1 0  0 0  1 0
   174  -.7479807106634151E-03   4   0 2  1 0  0 0  1 0
   175  -.2699096035467152E-04   4   1 0  2 0  0 0  1 0
   176  -.1070235343636004E-04   4   0 1  2 0  0 0  1 0
   177  -.1263862450033307E-02   4   0 0  3 0  0 0  1 0
   178  -.5219761349996081E-03   4   2 0  0 1  0 0  1 0
   179  -.9437308782969779E-03   4   1 1  0 1  0 0  1 0
   180  -.5962199019219109       4   0 2  0 1  0 0  1 0
   181  -.4962092567728565E-04   4   1 0  1 1  0 0  1 0
   182  -.8376795354320333E-05   4   0 1  1 1  0 0  1 0
   183  -.2765690271169867E-02   4   0 0  2 1  0 0  1 0
   184  -.1127268869681084E-04   4   1 0  0 2  0 0  1 0
   185  0.4638119656224494E-05   4   0 1  0 2  0 0  1 0
   186  -.1784082343587273E-02   4   0 0  1 2  0 0  1 0
   187  -.5962347109496445       4   0 0  0 3  0 0  1 0
   188  -.2167969324498731E-07   4   3 0  0 0  0 0  0 1
   189  0.2887134379824792E-05   4   2 1  0 0  0 0  0 1
   190  0.2554485221650383E-05   4   1 2  0 0  0 0  0 1
   191  -.2011723896074401E-06   4   0 3  0 0  0 0  0 1
   192  0.2418191925902742E-02   4   2 0  1 0  0 0  0 1
   193  0.2836298983778245E-02   4   1 1  1 0  0 0  0 1
   194  0.7664280865237815E-03   4   0 2  1 0  0 0  0 1
   195  0.4317330935397289E-04   4   1 0  2 0  0 0  0 1
   196  0.8537409103546978E-05   4   0 1  2 0  0 0  0 1
   197  0.2566456657700074E-02   4   0 0  3 0  0 0  0 1
   198  0.7094730013504932E-03   4   2 0  0 1  0 0  0 1
   199  0.9615191941418345E-03   4   1 1  0 1  0 0  0 1
   200  0.2811930060696927E-03   4   0 2  0 1  0 0  0 1
   201  0.3970779607597174E-04   4   1 0  1 1  0 0  0 1
   202  0.5944747035531209E-05   4   0 1  1 1  0 0  0 1
   203  0.3702906258575227E-02   4   0 0  2 1  0 0  0 1
   204  0.7353782643111378E-05   4   1 0  0 2  0 0  0 1
   205  -.1023287635664127E-05   4   0 1  0 2  0 0  0 1
   206  0.1790026521290687E-02   4   0 0  1 2  0 0  0 1
   207  0.2920420793903826E-03   4   0 0  0 3  0 0  0 1
   208  0.7359746911094033E-05   4   2 0  0 0  0 2  0 0
   209  0.1950697321864935E-04   4   1 1  0 0  0 2  0 0
   210  0.2980389800934110E-04   4   0 2  0 0  0 2  0 0
   211  0.5120123722367116E-01   4   1 0  1 0  0 2  0 0
   212  0.6781882888271377E-01   4   0 1  1 0  0 2  0 0
   213  -.7406834532090434E-05   4   0 0  2 0  0 2  0 0
   214  0.6781883678164290E-01   4   1 0  0 1  0 2  0 0
   215  0.6499599673097134E-01   4   0 1  0 1  0 2  0 0
   216  -.1963074947151166E-04   4   0 0  1 1  0 2  0 0
   217  0.5190226564207133E-04   4   0 0  0 2  0 2  0 0
   218  0.4902491737092033E-05   4   2 0  0 0  0 1  1 0
   219  0.1949600158511208E-04   4   1 1  0 0  0 1  1 0
   220  0.3574759334323760E-04   4   0 2  0 0  0 1  1 0
   221  0.3416471792086679E-01   4   1 0  1 0  0 1  1 0
   222  0.6781875232144965E-01   4   0 1  1 0  0 1  1 0
   223  -.4961487845468314E-05   4   0 0  2 0  0 1  1 0
   224  0.6781875933922160E-01   4   1 0  0 1  0 1  1 0
   225  0.7796712691405883E-01   4   0 1  0 1  0 1  1 0
   226  -.1967617081999672E-04   4   0 0  1 1  0 1  1 0
   227  0.6224155876982257E-04   4   0 0  0 2  0 1  1 0
   228  0.7346543739432389E-05   4   2 0  0 0  0 0  2 0
   229  0.1946760325338647E-04   4   1 1  0 0  0 0  2 0
   230  0.2973973561481499E-04   4   0 2  0 0  0 0  2 0
   231  0.5110934437802103E-01   4   1 0  1 0  0 0  2 0
   232  0.6768192785865086E-01   4   0 1  1 0  0 0  2 0
   233  -.7393528295036479E-05   4   0 0  2 0  0 0  2 0
   234  0.6768193574222781E-01   4   1 0  0 1  0 0  2 0
   235  0.6485606593925836E-01   4   0 1  0 1  0 0  2 0
   236  -.1959109170245839E-04   4   0 0  1 1  0 0  2 0
   237  0.5179053714078259E-04   4   0 0  0 2  0 0  2 0
   238  -.9812449878006139E-05   4   2 0  0 0  0 1  0 1
   239  -.1949843684042323E-04   4   1 1  0 0  0 1  0 1
   240  -.7488645164389181E-05   4   0 2  0 0  0 1  0 1
   241  -.6828360010027087E-01   4   1 0  1 0  0 1  0 1
   242  -.6781879918978673E-01   4   0 1  1 0  0 1  0 1
   243  0.9887983745515914E-05   4   0 0  2 0  0 1  0 1
   244  -.6781880514506747E-01   4   1 0  0 1  0 1  0 1
   245  -.5210216431855139E-01   4   0 1  0 1  0 1  0 1
   246  0.1966992403065247E-04   4   0 0  1 1  0 1  0 1
   247  0.7556589037720480E-05   4   0 0  0 2  0 1  0 1
   248  -.9799244745405070E-05   4   2 0  0 0  0 0  1 1
   249  -.1947219676305286E-04   4   1 1  0 0  0 0  1 1
   250  -.7478567298654565E-05   4   0 2  0 0  0 0  1 1
   251  -.6819170724935056E-01   4   1 0  1 0  0 0  1 1
   252  -.6772753184602631E-01   4   0 1  1 0  0 0  1 1
   253  0.9874676962995739E-05   4   0 0  2 0  0 0  1 1
   254  -.6772753779329277E-01   4   1 0  0 1  0 0  1 1
   255  -.5203204768130151E-01   4   0 1  0 1  0 0  1 1
   256  0.1964345317390341E-04   4   0 0  1 1  0 0  1 1
   257  0.7546419736323236E-05   4   0 0  0 2  0 0  1 1
   258  -.7752784564571296E-14   4   2 0  0 0  0 0  0 2
   259  -.6933577363478297E-14   4   1 1  0 0  0 0  0 2
   260  -.1464516512647507E-14   4   0 2  0 0  0 0  0 2
   261  -.1046268427276906E-13   4   1 0  1 0  0 0  0 2
   262  -.4477827216102575E-14   4   0 1  1 0  0 0  0 2
   263  0.1007858526474619E-13   4   0 0  2 0  0 0  0 2
   264  -.1212641577481011E-14   4   1 0  0 1  0 0  0 2
   265  0.7407804562517673E-14   4   0 0  1 1  0 0  0 2
   266  0.8272002502990738E-15   4   0 0  0 2  0 0  0 2
   267  0.1961164475100157E-06   4   1 0  0 0  0 3  0 0
   268  0.1196256108385469E-05   4   0 1  0 0  0 3  0 0
   269  0.1060604478288157E-05   4   0 0  1 0  0 3  0 0
   270  -.2485472622581816       4   0 0  0 1  0 3  0 0
   271  -.2112679077630801E-07   4   1 0  0 0  0 2  1 0
   272  0.1308025532395710E-05   4   0 1  0 0  0 2  1 0
   273  0.1114271210953409E-05   4   0 0  1 0  0 2  1 0
   274  -.1491686543060806       4   0 0  0 1  0 2  1 0
   275  -.2068878991808880E-07   4   1 0  0 0  0 1  2 0
   276  0.1307796661641342E-05   4   0 1  0 0  0 1  2 0
   277  0.1114159996520865E-05   4   0 0  1 0  0 1  2 0
   278  -.1493685876790521       4   0 0  0 1  0 1  2 0
   279  0.1957347579849963E-06   4   1 0  0 0  0 0  3 0
   280  0.1192962357096480E-05   4   0 1  0 0  0 0  3 0
   281  0.1057714754476732E-05   4   0 0  1 0  0 0  3 0
   282  -.2479453007767438       4   0 0  0 1  0 0  3 0
   283  -.3048115840164091E-06   4   1 0  0 0  0 2  0 1
   284  -.1154590548583138E-05   4   0 1  0 0  0 2  0 1
   285  -.1033752672655161E-05   4   0 0  1 0  0 2  0 1
   286  -.3690498878737770E-07   4   0 0  0 1  0 2  0 1
   287  -.8786054869758740E-07   4   1 0  0 0  0 1  1 1
   288  -.1264896068286247E-05   4   0 1  0 0  0 1  1 1
   289  -.1087345604639714E-05   4   0 0  1 0  0 1  1 1
   290  -.1418839905540290E-07   4   0 0  0 1  0 1  1 1
   291  -.3043422637125911E-06   4   1 0  0 0  0 0  2 1
   292  -.1152185636267715E-05   4   0 1  0 0  0 0  2 1
   293  -.1031629847807278E-05   4   0 0  1 0  0 0  2 1
   294  -.3684577677707358E-07   4   0 0  0 1  0 0  2 1
   295  0.5958246673513276E-05   4   0 0  0 0  0 4  0 0
   296  0.3405195681554187E-05   4   0 0  0 0  0 3  1 0
   297  0.3065776194225051E-05   4   0 0  0 0  0 2  2 0
   298  0.3412499342844767E-05   4   0 0  0 0  0 1  3 0
   299  0.5939928617640384E-05   4   0 0  0 0  0 0  4 0
   300  -.1661967943007912E-10   4   0 0  0 0  0 3  0 1
   301  0.2850419458055784E-10   4   0 0  0 0  0 2  1 1
   302  0.2841315139610065E-10   4   0 0  0 0  0 1  2 1
   303  -.1660528444021951E-10   4   0 0  0 0  0 0  3 1
   ----------------------------------------------------
     I  COEFFICIENT            ORDER EXPONENTS
     1  0.2711673346055039E-07   0   0 0  0 0  0 0  0 0
     2  -.1590163711613629E-04   1   1 0  0 0  0 0  0 0
     3  -.8784724086696597E-05   1   0 1  0 0  0 0  0 0
     4  0.1361722910262576E-04   1   0 0  1 0  0 0  0 0
     5   1.000008528997958       1   0 0  0 1  0 0  0 0
     6  0.1383286695470376E-07   1   0 0  0 0  0 1  0 0
     7  0.1381425133427650E-07   1   0 0  0 0  0 0  1 0
     8  -.5303851886792892E-09   1   0 0  0 0  0 0  0 1
     9  0.7407342818605650E-04   2   2 0  0 0  0 0  0 0
    10  0.7845798439934739E-04   2   1 1  0 0  0 0  0 0
    11  0.2142197392570888E-04   2   0 2  0 0  0 0  0 0
    12  0.5149040334575428       2   1 0  1 0  0 0  0 0
    13  0.2728885122778868       2   0 1  1 0  0 0  0 0
    14  -.7474841588282305E-04   2   0 0  2 0  0 0  0 0
    15  0.2728885310521543       2   1 0  0 1  0 0  0 0
    16  0.1491813056735722       2   0 1  0 1  0 0  0 0
    17  -.7919364115766659E-04   2   0 0  1 1  0 0  0 0
    18  -.2164772250416855E-04   2   0 0  0 2  0 0  0 0
    19  0.8864842813599695E-11   2   1 0  0 0  0 1  0 0
    20  0.4407391675754512E-05   2   0 1  0 0  0 1  0 0
    21  -.8094929500500180E-11   2   0 0  1 0  0 1  0 0
    22  -.4267374532332688E-05   2   0 0  0 1  0 1  0 0
    23  0.8852912959451329E-11   2   1 0  0 0  0 0  1 0
    24  0.4401460415750393E-05   2   0 1  0 0  0 0  1 0
    25  -.8084035830950250E-11   2   0 0  1 0  0 0  1 0
    26  -.4261631700781973E-05   2   0 0  0 1  0 0  1 0
    27  -.1590165534031534E-04   2   1 0  0 0  0 0  0 1
    28  -.8808853547795814E-05   2   0 1  0 0  0 0  0 1
    29  0.1361724685422768E-04   2   0 0  1 0  0 0  0 1
    30  0.8529007567037575E-05   2   0 0  0 1  0 0  0 1
    31  -.3451236856690426E-08   2   0 0  0 0  0 2  0 0
    32  0.6902475499410951E-08   2   0 0  0 0  0 1  1 0
    33  -.3451236858279553E-08   2   0 0  0 0  0 0  2 0
    34  -.4962498375124978E-15   2   0 0  0 0  0 1  0 1
    35  -.4955820173839330E-15   2   0 0  0 0  0 0  1 1
    36  0.9481987843761708E-06   3   3 0  0 0  0 0  0 0
    37  0.3389784747572641E-04   3   2 1  0 0  0 0  0 0
    38  0.3119233376134051E-04   3   1 2  0 0  0 0  0 0
    39  0.2936942431934410E-05   3   0 3  0 0  0 0  0 0
    40  0.7052292198453112E-02   3   2 0  1 0  0 0  0 0
    41  0.8869755271705627E-02   3   1 1  1 0  0 0  0 0
    42  0.2567563325773365E-02   3   0 2  1 0  0 0  0 0
    43  0.9030021328721379E-06   3   1 0  2 0  0 0  0 0
    44  -.3193745653170243E-04   3   0 1  2 0  0 0  0 0
    45  0.7053825604488502E-02   3   0 0  3 0  0 0  0 0
    46  0.2089181838502860E-02   3   2 0  0 1  0 0  0 0
    47  0.3131055997510677E-02   3   1 1  0 1  0 0  0 0
    48  0.1003907329416581E-02   3   0 2  0 1  0 0  0 0
    49  -.6383591157482259E-04   3   1 0  1 1  0 0  0 0
    50  -.4432533411500325E-04   3   0 1  1 1  0 0  0 0
    51  0.1051745042286377E-01   3   0 0  2 1  0 0  0 0
    52  -.3009846525309740E-04   3   1 0  0 2  0 0  0 0
    53  -.1700499947736816E-04   3   0 1  0 2  0 0  0 0
    54  0.5229401763528430E-02   3   0 0  1 2  0 0  0 0
    55  0.8755230332384254E-03   3   0 0  0 3  0 0  0 0
    56  0.3845965619810258E-07   3   2 0  0 0  0 1  0 0
    57  -.3919248998973427E-04   3   1 1  0 0  0 1  0 0
    58  -.2142569731198707E-04   3   0 2  0 0  0 1  0 0
    59  -.3459909857794834E-06   3   1 0  1 0  0 1  0 0
    60  -.1365362676191191       3   0 1  1 0  0 1  0 0
    61  0.3118236510966479E-06   3   0 0  2 0  0 1  0 0
    62  -.1365362991650381       3   1 0  0 1  0 1  0 0
    63  -.1492818166637226       3   0 1  0 1  0 1  0 0
    64  0.3994612000074359E-04   3   0 0  1 1  0 1  0 0
    65  0.2173946911301944E-04   3   0 0  0 2  0 1  0 0
    66  0.3840789900532562E-07   3   2 0  0 0  0 0  1 0
    67  -.3913974658378429E-04   3   1 1  0 0  0 0  1 0
    68  -.2139686361830264E-04   3   0 2  0 0  0 0  1 0
    69  -.3455253673910445E-06   3   1 0  1 0  0 0  1 0
    70  -.1363525235448889       3   0 1  1 0  0 0  1 0
    71  0.3114040135227651E-06   3   0 0  2 0  0 0  1 0
    72  -.1363525550483551       3   1 0  0 1  0 0  1 0
    73  -.1490809202302643       3   0 1  0 1  0 0  1 0
    74  0.3989236239504216E-04   3   0 0  1 1  0 0  1 0
    75  0.2171021316003271E-04   3   0 0  0 2  0 0  1 0
    76  0.7399973742826043E-04   3   2 0  0 0  0 0  0 1
    77  0.7833151492415612E-04   3   1 1  0 0  0 0  0 1
    78  0.2139524856707366E-04   3   0 2  0 0  0 0  0 1
    79  0.5149047345820994       3   1 0  1 0  0 0  0 1
    80  0.2728888166317017       3   0 1  1 0  0 0  0 1
    81  -.7536231312988216E-04   3   0 0  2 0  0 0  0 1
    82  0.2728888618489277       3   1 0  0 1  0 0  0 1
    83  0.1491814518614105       3   0 1  0 1  0 0  0 1
    84  -.7981872497306314E-04   3   0 0  1 1  0 0  0 1
    85  -.2179452071048184E-04   3   0 0  0 2  0 0  0 1
    86  0.1602457236836725E-10   3   1 0  0 0  0 2  0 0
    87  -.3304793708790610E-05   3   0 1  0 0  0 2  0 0
    88  -.1508846942571428E-10   3   0 0  1 0  0 2  0 0
    89  0.3199802655735711E-05   3   0 0  0 1  0 2  0 0
    90  0.1930869823423873E-10   3   1 0  0 0  0 1  1 0
    91  -.2205166594635290E-05   3   0 1  0 0  0 1  1 0
    92  -.1898136902407278E-10   3   0 0  1 0  0 1  1 0
    93  0.2135108499558552E-05   3   0 0  0 1  0 1  1 0
    94  0.1598998144361548E-10   3   1 0  0 0  0 0  2 0
    95  -.3298862468547630E-05   3   0 1  0 0  0 0  2 0
    96  -.1505546264020444E-10   3   0 0  1 0  0 0  2 0
    97  0.3194059847971740E-05   3   0 0  0 1  0 0  2 0
    98  -.2457135580011777E-10   3   1 0  0 0  0 1  0 1
    99  0.4407378685078014E-05   3   0 1  0 0  0 1  0 1
   100  0.2024870530892635E-10   3   0 0  1 0  0 1  0 1
   101  -.4267360993806099E-05   3   0 0  0 1  0 1  0 1
   102  -.2453828879567086E-10   3   1 0  0 0  0 0  1 1
   103  0.4401447442556181E-05   3   0 1  0 0  0 0  1 1
   104  0.2022145545004378E-10   3   0 0  1 0  0 0  1 1
   105  -.4261618180494293E-05   3   0 0  0 1  0 0  1 1
   106  0.1305566271474900E-08   3   0 0  0 0  0 3  0 0
   107  -.2109827498204807E-08   3   0 0  0 0  0 2  1 0
   108  -.2102936616471834E-08   3   0 0  0 0  0 1  2 0
   109  0.1304348561921701E-08   3   0 0  0 0  0 0  3 0
   110  0.4414733442436250E-09   3   0 0  0 0  0 2  0 1
   111  0.4010357889877864E-09   3   0 0  0 0  0 1  1 1
   112  0.4406093821274054E-09   3   0 0  0 0  0 0  2 1
   113  -.6856605470042285E-05   4   4 0  0 0  0 0  0 0
   114  -.1454333193122244E-04   4   3 1  0 0  0 0  0 0
   115  -.3044814473704135E-04   4   2 2  0 0  0 0  0 0
   116  0.1518732400978682E-04   4   1 3  0 0  0 0  0 0
   117  0.1545542879007462E-04   4   0 4  0 0  0 0  0 0
   118  -.3416972712129406E-01   4   3 0  1 0  0 0  0 0
   119  -.5075508754781904E-01   4   2 1  1 0  0 0  0 0
   120  0.1022733469401294       4   1 2  1 0  0 0  0 0
   121  0.1998404153819379       4   0 3  1 0  0 0  0 0
   122  -.5075642762252257E-06   4   2 0  2 0  0 0  0 0
   123  -.2618498924006789E-05   4   1 1  2 0  0 0  0 0
   124  -.5661394218921452E-04   4   0 2  2 0  0 0  0 0
   125  -.1081334816510660E-01   4   1 0  3 0  0 0  0 0
   126  -.5253635451544470E-02   4   0 1  3 0  0 0  0 0
   127  -.3792640636085230E-06   4   0 0  4 0  0 0  0 0
   128  -.1683288893480695E-01   4   3 0  0 1  0 0  0 0
   129  -.1549010694906794       4   2 1  0 1  0 0  0 0
   130  0.5397027927079495E-01   4   1 2  0 1  0 0  0 0
   131  0.1464902456453326       4   0 3  0 1  0 0  0 0
   132  -.2100661907929067E-05   4   2 0  1 1  0 0  0 0
   133  -.7836941115244725E-04   4   1 1  1 1  0 0  0 0
   134  -.1391757895551743E-03   4   0 2  1 1  0 0  0 0
   135  -.1600920273625736E-01   4   1 0  2 1  0 0  0 0
   136  -.3941381417357583       4   0 1  2 1  0 0  0 0
   137  -.3521031896517028E-05   4   0 0  3 1  0 0  0 0
   138  0.1784054991370971E-04   4   2 0  0 2  0 0  0 0
   139  0.1839937596793852E-04   4   1 1  0 2  0 0  0 0
   140  -.3276418516003193E-04   4   0 2  0 2  0 0  0 0
   141  -.1369597731982831       4   1 0  1 2  0 0  0 0
   142  -.3452919266767138       4   0 1  1 2  0 0  0 0
   143  0.5125254393881900E-04   4   0 0  2 2  0 0  0 0
   144  0.6675376340783679E-01   4   1 0  0 3  0 0  0 0
   145  -.7589592079047428E-03   4   0 1  0 3  0 0  0 0
   146  0.1749351511138331E-04   4   0 0  1 3  0 0  0 0
   147  -.5777914141897391E-05   4   0 0  0 4  0 0  0 0
   148  0.1327134294423805E-06   4   3 0  0 0  0 1  0 0
   149  -.5748856101309212E-05   4   2 1  0 0  0 1  0 0
   150  -.2687551209185018E-04   4   1 2  0 0  0 1  0 0
   151  -.8175060007603264E-05   4   0 3  0 0  0 1  0 0
   152  -.3530768322798716E-02   4   2 0  1 0  0 1  0 0
   153  -.8693783375426315E-02   4   1 1  1 0  0 1  0 0
   154  -.3701211933634230E-02   4   0 2  1 0  0 1  0 0
   155  0.1278934310256039E-06   4   1 0  2 0  0 1  0 0
   156  0.4843782861740403E-04   4   0 1  2 0  0 1  0 0
   157  -.3529495817963003E-02   4   0 0  3 0  0 1  0 0
   158  -.2073740632753146E-02   4   2 0  0 1  0 1  0 0
   159  -.4570443644180494E-02   4   1 1  0 1  0 1  0 0
   160  -.1899664585878678E-02   4   0 2  0 1  0 1  0 0
   161  0.5376798246754869E-04   4   1 0  1 1  0 1  0 0
   162  0.1155225539762617E-03   4   0 1  1 1  0 1  0 0
   163  -.1069187391520097E-01   4   0 0  2 1  0 1  0 0
   164  0.3512274916275327E-04   4   1 0  0 2  0 1  0 0
   165  0.4982882009978798E-04   4   0 1  0 2  0 1  0 0
   166  -.8034117209338708E-02   4   0 0  1 2  0 1  0 0
   167  -.1799319896515025E-02   4   0 0  0 3  0 1  0 0
   168  0.1325348299636149E-06   4   3 0  0 0  0 0  1 0
   169  -.5741119561702234E-05   4   2 1  0 0  0 0  1 0
   170  -.2683934429427598E-04   4   1 2  0 0  0 0  1 0
   171  -.8164058397122187E-05   4   0 3  0 0  0 0  1 0
   172  -.3526016781189337E-02   4   2 0  1 0  0 0  1 0
   173  -.8682083691483732E-02   4   1 1  1 0  0 0  1 0
   174  -.3696231017045993E-02   4   0 2  1 0  0 0  1 0
   175  0.1277213180735265E-06   4   1 0  2 0  0 0  1 0
   176  0.4837264327044644E-04   4   0 1  2 0  0 0  1 0
   177  -.3524745988830740E-02   4   0 0  3 0  0 0  1 0
   178  -.2070949890341564E-02   4   2 0  0 1  0 0  1 0
   179  -.4564292956521484E-02   4   1 1  0 1  0 0  1 0
   180  -.1897108106807201E-02   4   0 2  0 1  0 0  1 0
   181  0.5369562405074106E-04   4   1 0  1 1  0 0  1 0
   182  0.1153670891675098E-03   4   0 1  1 1  0 0  1 0
   183  -.1067748529517682E-01   4   0 0  2 1  0 0  1 0
   184  0.3507548262220779E-04   4   1 0  0 2  0 0  1 0
   185  0.4976176282204862E-04   4   0 1  0 2  0 0  1 0
   186  -.8023305273033550E-02   4   0 0  1 2  0 0  1 0
   187  -.1796898456597334E-02   4   0 0  0 3  0 0  1 0
   188  -.5874527977505081E-09   4   3 0  0 0  0 0  0 1
   189  0.2161686219797887E-04   4   2 1  0 0  0 0  0 1
   190  0.2570918001305217E-04   4   1 2  0 0  0 0  0 1
   191  0.4754985949203385E-05   4   0 3  0 0  0 0  0 1
   192  0.1410794970651765E-01   4   2 0  1 0  0 0  0 1
   193  0.1744781556354463E-01   4   1 1  1 0  0 0  0 1
   194  0.4943893846426268E-02   4   0 2  1 0  0 0  0 1
   195  -.1268194748507052E-08   4   1 0  2 0  0 0  0 1
   196  -.6471241052490715E-04   4   0 1  2 0  0 0  0 1
   197  0.1410794863552493E-01   4   0 0  3 0  0 0  0 1
   198  0.4106568118860193E-02   4   2 0  0 1  0 0  0 1
   199  0.6023912015763219E-02   4   1 1  0 1  0 0  0 1
   200  0.1871102209088286E-02   4   0 2  0 1  0 0  0 1
   201  -.8633195695324800E-04   4   1 0  1 1  0 0  0 1
   202  -.1087322794197417E-03   4   0 1  1 1  0 0  0 1
   203  0.2125786856152353E-01   4   0 0  2 1  0 0  0 1
   204  -.3734451220803978E-04   4   1 0  0 2  0 0  0 1
   205  -.3855499538778047E-04   4   0 1  0 2  0 0  0 1
   206  0.1069206484911916E-01   4   0 0  1 2  0 0  0 1
   207  0.1808249837337070E-02   4   0 0  0 3  0 0  0 1
   208  -.4413973986734245E-07   4   2 0  0 0  0 2  0 0
   209  0.2942031309510090E-04   4   1 1  0 0  0 2  0 0
   210  0.2144660775308888E-04   4   0 2  0 0  0 2  0 0
   211  -.5416551123426553E-06   4   1 0  1 0  0 2  0 0
   212  0.1023789525552158       4   0 1  1 0  0 2  0 0
   213  0.1134410938094076E-06   4   0 0  2 0  0 2  0 0
   214  0.1023789838806612       4   1 0  0 1  0 2  0 0
   215  0.1492817260828810       4   0 1  0 1  0 2  0 0
   216  -.2966716270827099E-04   4   0 0  1 1  0 2  0 0
   217  -.2165708595110131E-04   4   0 0  0 2  0 2  0 0
   218  -.4978008913050120E-07   4   2 0  0 0  0 1  1 0
   219  0.1959959780088326E-04   4   1 1  0 0  0 1  1 0
   220  0.2143162069971141E-04   4   0 2  0 0  0 1  1 0
   221  -.6401628694783562E-06   4   1 0  1 0  0 1  1 0
   222  0.6831370643913687E-01   4   0 1  1 0  0 1  1 0
   223  0.1453950731071028E-06   4   0 0  2 0  0 1  1 0
   224  0.6831373989116511E-01   4   1 0  0 1  0 1  1 0
   225  0.1492815604466921       4   0 1  0 1  0 1  1 0
   226  -.1987454453617366E-04   4   0 0  1 1  0 1  1 0
   227  -.2170989696192619E-04   4   0 0  0 2  0 1  1 0
   228  -.4404684289526512E-07   4   2 0  0 0  0 0  2 0
   229  0.2936753251674197E-04   4   1 1  0 0  0 0  2 0
   230  0.2140332508656815E-04   4   0 2  0 0  0 0  2 0
   231  -.5404954279018139E-06   4   1 0  1 0  0 0  2 0
   232  0.1021952091025140       4   0 1  1 0  0 0  2 0
   233  0.1131905972717620E-06   4   0 0  2 0  0 0  2 0
   234  0.1021952403632939       4   1 0  0 1  0 0  2 0
   235  0.1489803817269960       4   0 1  0 1  0 0  2 0
   236  -.2961386492628185E-04   4   0 0  1 1  0 0  2 0
   237  -.2161333278740166E-04   4   0 0  0 2  0 0  2 0
   238  0.7060797760851339E-07   4   2 0  0 0  0 1  0 1
   239  -.3921557469437240E-04   4   1 1  0 0  0 1  0 1
   240  -.2143861112350982E-04   4   0 2  0 0  0 1  0 1
   241  0.8665311746197141E-06   4   1 0  1 0  0 1  0 1
   242  -.1365358332520798       4   0 1  1 0  0 1  0 1
   243  -.1814738403634251E-06   4   0 0  2 0  0 1  0 1
   244  -.1365358699554931       4   1 0  0 1  0 1  0 1
   245  -.1492816642752935       4   0 1  0 1  0 1  0 1
   246  0.3962604692708603E-04   4   0 0  1 1  0 1  0 1
   247  0.2169387620264485E-04   4   0 0  0 2  0 1  0 1
   248  0.7051295671987658E-07   4   2 0  0 0  0 0  1 1
   249  -.3916280022211487E-04   4   1 1  0 0  0 0  1 1
   250  -.2140976005102650E-04   4   0 2  0 0  0 0  1 1
   251  0.8653650378364618E-06   4   1 0  1 0  0 0  1 1
   252  -.1363520897624003       4   0 1  1 0  0 0  1 1
   253  -.1812296214216255E-06   4   0 0  2 0  0 0  1 1
   254  -.1363521264164200       4   1 0  0 1  0 0  1 1
   255  -.1490807680469127       4   0 1  0 1  0 0  1 1
   256  0.3957272006064255E-04   4   0 0  1 1  0 0  1 1
   257  0.2166468160644828E-04   4   0 0  0 2  0 0  1 1
   258  -.2067133986353554E-13   4   2 0  0 0  0 0  0 2
   259  -.2391562012502662E-13   4   1 1  0 0  0 0  0 2
   260  -.6967326967445868E-14   4   0 2  0 0  0 0  0 2
   261  0.2288040808019793E-13   4   1 0  1 0  0 0  0 2
   262  0.1081313232633602E-13   4   0 1  1 0  0 0  0 2
   263  -.1604682527992045E-13   4   0 0  2 0  0 0  0 2
   264  0.1343915594425562E-13   4   1 0  0 1  0 0  0 2
   265  0.6629056205576557E-14   4   0 1  0 1  0 0  0 2
   266  -.1901383179417294E-13   4   0 0  1 1  0 0  0 2
   267  -.5627486978340007E-14   4   0 0  0 2  0 0  0 2
   268  -.1751481391200733E-05   4   1 0  0 0  0 3  0 0
   269  0.5243266700776648E-06   4   0 1  0 0  0 3  0 0
   270  0.6027175515191465E-05   4   0 0  1 0  0 3  0 0
   271  0.3335334669307523E-05   4   0 0  0 1  0 3  0 0
   272  -.1051163045791073E-05   4   1 0  0 0  0 2  1 0
   273  -.1293006686111863E-06   4   0 1  0 0  0 2  1 0
   274  0.3617267240154870E-05   4   0 0  1 0  0 2  1 0
   275  0.3529570621021592E-05   4   0 0  0 1  0 2  1 0
   276  -.1052571970896224E-05   4   1 0  0 0  0 1  2 0
   277  -.1279826616823177E-06   4   0 1  0 0  0 1  2 0
   278  0.3622115578345350E-05   4   0 0  1 0  0 1  2 0
   279  0.3529169470112819E-05   4   0 0  0 1  0 1  2 0
   280  -.1747239450679718E-05   4   1 0  0 0  0 0  3 0
   281  0.5233551358217976E-06   4   0 1  0 0  0 0  3 0
   282  0.6012578191039315E-05   4   0 0  1 0  0 0  3 0
   283  0.3326230100279774E-05   4   0 0  0 1  0 0  3 0
   284  0.2101872834293078E-05   4   1 0  0 0  0 2  0 1
   285  -.8513621682672488E-06   4   0 1  0 0  0 2  0 1
   286  -.7232936476492248E-05   4   0 0  1 0  0 2  0 1
   287  -.3238147513200268E-05   4   0 0  0 1  0 2  0 1
   288  0.1402485209727011E-05   4   1 0  0 0  0 1  1 1
   289  -.1986140605258780E-06   4   0 1  0 0  0 1  1 1
   290  -.4826255018604224E-05   4   0 0  1 0  0 1  1 1
   291  -.3432117239516483E-05   4   0 0  0 1  0 1  1 1
   292  0.2098100533642781E-05   4   1 0  0 0  0 0  2 1
   293  -.8500828024633743E-06   4   0 1  0 0  0 0  2 1
   294  -.7219955258183098E-05   4   0 0  1 0  0 0  2 1
   295  -.3231480376070110E-05   4   0 0  0 1  0 0  2 1
   296  -.1041659528191163E-08   4   0 0  0 0  0 4  0 0
   297  0.5136585037204415E-09   4   0 0  0 0  0 3  1 0
   298  0.9797418357154560E-10   4   0 0  0 0  0 2  2 0
   299  0.5100350726072960E-09   4   0 0  0 0  0 1  3 0
   300  -.1039201959077264E-08   4   0 0  0 0  0 0  4 0
   301  -.4024793382658677E-10   4   0 0  0 0  0 3  0 1
   302  0.3604640952042128E-09   4   0 0  0 0  0 2  1 1
   303  0.3596553155203412E-09   4   0 0  0 0  0 1  2 1
   304  -.4040890967921553E-10   4   0 0  0 0  0 0  3 1
   ----------------------------------------------------
     I  COEFFICIENT            ORDER EXPONENTS
     1  0.5104087203025274E-08   0   0 0  0 0  0 0  0 0
     2  -.4024765303436625E-08   1   1 0  0 0  0 0  0 0
     3  -.3197050197511647E-08   1   0 1  0 0  0 0  0 0
     4  -.1383288280763868E-07   1   0 0  1 0  0 0  0 0
     5  -.1095254236136669E-07   1   0 0  0 1  0 0  0 0
     6   1.000000000000000       1   0 0  0 0  1 0  0 0
     7  0.1984899289867810       1   0 0  0 0  0 1  0 0
     8  -.1984899289867828       1   0 0  0 0  0 0  1 0
     9  0.2541302980335324E-09   2   2 0  0 0  0 0  0 0
    10  0.1149573347264380E-05   2   1 1  0 0  0 0  0 0
    11  -.1988906038268420       2   0 2  0 0  0 0  0 0
    12  -.1866473360555183E-08   2   1 0  1 0  0 0  0 0
    13  0.1917074812619051E-05   2   0 1  1 0  0 0  0 0
    14  -.2913087977081794E-09   2   0 0  2 0  0 0  0 0
    15  0.1917079990942933E-05   2   1 0  0 1  0 0  0 0
    16  0.1992870013406234E-05   2   0 1  0 1  0 0  0 0
    17  -.1149617547432299E-05   2   0 0  1 1  0 0  0 0
    18  -.1988920496596848       2   0 0  0 2  0 0  0 0
    19  0.2008290917093564E-08   2   1 0  0 0  0 1  0 0
    20  0.3180857304992142E-08   2   0 1  0 0  0 1  0 0
    21  0.6902490490677580E-08   2   0 0  1 0  0 1  0 0
    22  0.1092633806493468E-07   2   0 0  0 1  0 1  0 0
    23  -.2008351764778978E-08   2   1 0  0 0  0 0  1 0
    24  -.6833392329006672E-11   2   0 1  0 0  0 0  1 0
    25  -.6902475136139397E-08   2   0 0  1 0  0 0  1 0
    26  -.1291593895677768E-10   2   0 0  0 1  0 0  1 0
    27  0.6096121072580865E-13   2   1 0  0 0  0 0  0 1
    28  0.2807597945226232E-11   2   0 1  0 0  0 0  0 1
    29  -.1546275749867016E-13   2   0 0  1 0  0 0  0 1
    30  0.4500196006253893E-10   2   0 0  0 1  0 0  0 1
    31  -.1489676835840674       2   0 0  0 0  0 2  0 0
    32  0.9944543818135104E-01   2   0 0  0 0  0 1  1 0
    33  0.4952224540271200E-01   2   0 0  0 0  0 0  2 0
    34  -.2550447911849672E-14   2   0 0  0 0  0 1  0 1
    35  -.4923724124716652E-15   2   0 0  0 0  0 0  1 1
    36  -.2918457939855500E-06   3   3 0  0 0  0 0  0 0
    37  0.3414130860701642E-01   3   2 1  0 0  0 0  0 0
    38  0.3390909071487302E-01   3   1 2  0 0  0 0  0 0
    39  0.8683628487582522E-02   3   0 3  0 0  0 0  0 0
    40  0.4062973269656577E-06   3   2 0  1 0  0 0  0 0
    41  -.1919378212203413E-04   3   1 1  1 0  0 0  0 0
    42  -.9648059758606890E-05   3   0 2  1 0  0 0  0 0
    43  -.2918495835264498E-06   3   1 0  2 0  0 0  0 0
    44  -.3414191002061043E-01   3   0 1  2 0  0 0  0 0
    45  0.4063440214978511E-06   3   0 0  3 0  0 0  0 0
    46  -.9627862659204176E-05   3   2 0  0 1  0 0  0 0
    47  -.1928248541279779E-04   3   1 1  0 1  0 0  0 0
    48  -.7444866985894411E-05   3   0 2  0 1  0 0  0 0
    49  -.6828404307045480E-01   3   1 0  1 1  0 0  0 0
    50  -.6781893137959207E-01   3   0 1  1 1  0 0  0 0
    51  0.1051362851741936E-04   3   0 0  2 1  0 0  0 0
    52  -.3390951814470992E-01   3   1 0  0 2  0 0  0 0
    53  -.2605112461042281E-01   3   0 1  0 2  0 0  0 0
    54  0.1013607624214834E-04   3   0 0  1 2  0 0  0 0
    55  0.2559281914483954E-05   3   0 0  0 3  0 0  0 0
    56  -.2516773856523150E-09   3   2 0  0 0  0 1  0 0
    57  -.1723969566980867E-05   3   1 1  0 0  0 1  0 0
    58  0.2982687024046272       3   0 2  0 0  0 1  0 0
    59  0.1869016818983424E-08   3   1 0  1 0  0 1  0 0
    60  -.2874968766984279E-05   3   0 1  1 0  0 1  0 0
    61  0.2950462937569481E-09   3   0 0  2 0  0 1  0 0
    62  -.2874975855498601E-05   3   1 0  0 1  0 1  0 0
    63  -.3962201232990694E-05   3   0 1  0 1  0 1  0 0
    64  0.1724045736008427E-05   3   0 0  1 1  0 1  0 0
    65  0.2982716311095160       3   0 0  0 2  0 1  0 0
    66  0.4587849376599865E-11   3   2 0  0 0  0 0  1 0
    67  -.5751660484400235E-06   3   1 1  0 0  0 0  1 0
    68  0.9951168250847750E-01   3   0 2  0 0  0 0  1 0
    69  -.1094328333629747E-11   3   1 0  1 0  0 0  1 0
    70  -.9591832366800087E-06   3   0 1  1 0  0 0  1 0
    71  0.8105686346109958E-11   3   0 0  2 0  0 0  1 0
    72  -.9591862913076961E-06   3   1 0  0 1  0 0  1 0
    73  -.1978750295499003E-05   3   0 1  0 1  0 0  1 0
    74  0.5752041225109481E-06   3   0 0  1 1  0 0  1 0
    75  0.9951315055531890E-01   3   0 0  0 2  0 0  1 0
    76  0.2402290633476408E-09   3   2 0  0 0  0 0  0 1
    77  0.1149555453722066E-05   3   1 1  0 0  0 0  0 1
    78  0.7229041623480465E-06   3   0 2  0 0  0 0  0 1
    79  -.1856907104358493E-08   3   1 0  1 0  0 0  0 1
    80  0.1917080158245724E-05   3   0 1  1 0  0 0  0 1
    81  -.3019578905145466E-09   3   0 0  2 0  0 0  0 1
    82  0.1917087862658349E-05   3   1 0  0 1  0 0  0 1
    83  0.1992874424637701E-05   3   0 1  0 1  0 0  0 1
    84  -.1149631723903816E-05   3   0 0  1 1  0 0  0 1
    85  -.7229276168544974E-06   3   0 0  0 2  0 0  0 1
    86  -.1675728661511921E-08   3   1 0  0 0  0 2  0 0
    87  -.3331543316227476E-08   3   0 1  0 0  0 2  0 0
    88  -.5784261200176067E-08   3   0 0  1 0  0 2  0 0
    89  -.1127727126580920E-07   3   0 0  0 1  0 2  0 0
    90  0.8128334841198142E-09   3   1 0  0 0  0 1  1 0
    91  -.1694732213955668E-09   3   0 1  0 0  0 1  1 0
    92  0.3136579653470183E-08   3   0 0  1 0  0 1  1 0
    93  -.1960656778072921E-09   3   0 0  0 1  0 1  1 0
    94  0.4044702444392293E-09   3   1 0  0 0  0 0  2 0
    95  -.8680420360008151E-10   3   0 1  0 0  0 0  2 0
    96  0.1561237123017479E-08   3   0 0  1 0  0 0  2 0
    97  -.1054128634626887E-09   3   0 0  0 1  0 0  2 0
    98  0.7173844952220782E-10   3   1 0  0 0  0 1  0 1
    99  0.5411202171050064E-10   3   0 1  0 0  0 1  0 1
   100  0.4431316254273862E-09   3   0 0  1 0  0 1  0 1
   101  0.1876262707770041E-09   3   0 0  0 1  0 1  0 1
   102  0.7636023462962829E-10   3   1 0  0 0  0 0  1 1
   103  0.5276790323963134E-10   3   0 1  0 0  0 0  1 1
   104  0.1811255845144238E-09   3   0 0  1 0  0 0  1 1
   105  0.9557431683820558E-10   3   0 0  0 1  0 0  1 1
   106  -.6687088032096030E-15   3   1 0  0 0  0 0  0 2
   107  -.3775872550025506E-15   3   0 1  0 0  0 0  0 2
   108  0.3726825455085205E-15   3   0 0  1 0  0 0  0 2
   109  0.2417754027427058E-15   3   0 0  0 1  0 0  0 2
   110  0.1241564859096445       3   0 0  0 0  0 3  0 0
   111  -.7453413442940975E-01   3   0 0  0 0  0 2  1 0
   112  -.2491131252805505E-01   3   0 0  0 0  0 1  2 0
   113  -.2471106235508188E-01   3   0 0  0 0  0 0  3 0
   114  0.3703115165364671E-14   3   0 0  0 0  0 2  0 1
   115  0.2983103081384673E-14   3   0 0  0 0  0 1  1 1
   116  0.1640556734119183E-14   3   0 0  0 0  0 0  2 1
   117  -.3512386299591399E-02   4   4 0  0 0  0 0  0 0
   118  -.7850317837852852E-02   4   3 1  0 0  0 0  0 0
   119  -.6536899027748073E-02   4   2 2  0 0  0 0  0 0
   120  -.2410580188927142E-02   4   1 3  0 0  0 0  0 0
   121  -.1495014431971843       4   0 4  0 0  0 0  0 0
   122  0.2453412043785508E-06   4   3 0  1 0  0 0  0 0
   123  0.5812503574653035E-05   4   2 1  1 0  0 0  0 0
   124  -.6122772951968964E-05   4   1 2  1 0  0 0  0 0
   125  -.2560846810869580E-05   4   0 3  1 0  0 0  0 0
   126  -.7024836234546143E-02   4   2 0  2 0  0 0  0 0
   127  -.7776204411130963E-02   4   1 1  2 0  0 0  0 0
   128  -.1943366854294802E-02   4   0 2  2 0  0 0  0 0
   129  0.1238363746321074E-06   4   1 0  3 0  0 0  0 0
   130  -.1623751769436698E-04   4   0 1  3 0  0 0  0 0
   131  -.3512945048417847E-02   4   0 0  4 0  0 0  0 0
   132  -.5340192650126320E-05   4   3 0  0 1  0 0  0 0
   133  -.6477054362556992E-05   4   2 1  0 1  0 0  0 0
   134  -.7422228537296361E-05   4   1 2  0 1  0 0  0 0
   135  -.8197328486116423E-06   4   0 3  0 1  0 0  0 0
   136  -.7701869569780403E-02   4   2 0  1 1  0 0  0 0
   137  -.8893979107668263E-02   4   1 1  1 1  0 0  0 0
   138  -.2337452952455040E-02   4   0 2  1 1  0 0  0 0
   139  -.2687994083817075E-04   4   1 0  2 1  0 0  0 0
   140  -.3087949999850487E-04   4   0 1  2 1  0 0  0 0
   141  -.7777047645169590E-02   4   0 0  3 1  0 0  0 0
   142  -.1942523808033077E-02   4   2 0  0 2  0 0  0 0
   143  -.2349639997262026E-02   4   1 1  0 2  0 0  0 0
   144  -.2989824785583687       4   0 2  0 2  0 0  0 0
   145  -.3052546466534403E-04   4   1 0  1 2  0 0  0 0
   146  -.2201292733472440E-04   4   0 1  1 2  0 0  0 0
   147  -.6409846169058828E-02   4   0 0  2 2  0 0  0 0
   148  -.7424444140955403E-05   4   1 0  0 3  0 0  0 0
   149  -.3772680839249397E-05   4   0 1  0 3  0 0  0 0
   150  -.2337372489602035E-02   4   0 0  1 3  0 0  0 0
   151  -.1494881621646947       4   0 0  0 4  0 0  0 0
   152  0.2067900468698618E-06   4   3 0  0 0  0 1  0 0
   153  -.5120058205518142E-01   4   2 1  0 0  0 1  0 0
   154  -.6781822818635910E-01   4   1 2  0 0  0 1  0 0
   155  -.2185250456691874E-01   4   0 3  0 0  0 1  0 0
   156  -.3717808920116314E-06   4   2 0  1 0  0 1  0 0
   157  0.2880335932939055E-04   4   1 1  1 0  0 1  0 0
   158  0.1929215019988832E-04   4   0 2  1 0  0 1  0 0
   159  0.2067973723088304E-06   4   1 0  2 0  0 1  0 0
   160  0.5120138812968041E-01   4   0 1  2 0  0 1  0 0
   161  -.3718007170391082E-06   4   0 0  3 0  0 1  0 0
   162  0.1444767734450236E-04   4   2 0  0 1  0 1  0 0
   163  0.3856138814343939E-04   4   1 1  0 1  0 1  0 0
   164  0.5947788309991978E-04   4   0 2  0 1  0 1  0 0
   165  0.1024030864512206       4   1 0  1 1  0 1  0 0
   166  0.1356379292310991       4   0 1  1 1  0 1  0 0
   167  -.1574035547571533E-04   4   0 0  2 1  0 1  0 0
   168  0.6781906405653526E-01   4   1 0  0 2  0 1  0 0
   169  0.6499610813627305E-01   4   0 1  0 2  0 1  0 0
   170  -.2028156848370556E-04   4   0 0  1 2  0 1  0 0
   171  0.3446347122950564E-04   4   0 0  0 3  0 1  0 0
   172  0.1294012134520645E-07   4   3 0  0 0  0 0  1 0
   173  -.1708206724007172E-01   4   2 1  0 0  0 0  1 0
   174  -.3390901715158749E-01   4   1 2  0 0  0 0  1 0
   175  -.1310677329222056E-01   4   0 3  0 0  0 0  1 0
   176  -.1122652152564652E-06   4   2 0  1 0  0 0  1 0
   177  0.9472996636241957E-05   4   1 1  1 0  0 0  1 0
   178  0.9607979269913235E-05   4   0 2  1 0  0 0  1 0
   179  0.1294365723077335E-07   4   1 0  2 0  0 0  1 0
   180  0.1708243281842119E-01   4   0 1  2 0  0 0  1 0
   181  -.1122384288643826E-06   4   0 0  3 0  0 0  1 0
   182  0.4758693940882178E-05   4   2 0  0 1  0 0  1 0
   183  0.1920897987008188E-04   4   1 1  0 1  0 0  1 0
   184  0.3565268658573116E-04   4   0 2  0 1  0 0  1 0
   185  0.3416500212537227E-01   4   1 0  1 1  0 0  1 0
   186  0.6781890699127502E-01   4   0 1  1 1  0 0  1 0
   187  -.5450840291980082E-05   4   0 0  2 1  0 0  1 0
   188  0.3390951125573866E-01   4   1 0  0 2  0 0  1 0
   189  0.3898363542754361E-01   4   0 1  0 2  0 0  1 0
   190  -.1025145300314697E-04   4   0 0  1 2  0 0  1 0
   191  0.2064917478581653E-04   4   0 0  0 3  0 0  1 0
   192  -.3783936283794137E-06   4   3 0  0 0  0 0  0 1
   193  0.3414108875341251E-01   4   2 1  0 0  0 0  0 1
   194  0.3390893338231994E-01   4   1 2  0 0  0 0  0 1
   195  0.8683595436799226E-02   4   0 3  0 0  0 0  0 1
   196  0.5256802101983861E-06   4   2 0  1 0  0 0  0 1
   197  -.1900984907508341E-04   4   1 1  1 0  0 0  0 1
   198  -.9583468792871309E-05   4   0 2  1 0  0 0  0 1
   199  -.3784046564788987E-06   4   1 0  2 0  0 0  0 1
   200  -.3414195034611597E-01   4   0 1  2 0  0 0  0 1
   201  0.5256732038971292E-06   4   0 0  3 0  0 0  0 1
   202  -.9553880117344765E-05   4   2 0  0 1  0 0  0 1
   203  -.1916581531128468E-04   4   1 1  0 1  0 0  0 1
   204  -.7396052850748506E-05   4   0 2  0 1  0 0  0 1
   205  -.6828423429458091E-01   4   1 0  1 1  0 0  0 1
   206  -.6781902767993270E-01   4   0 1  1 1  0 0  0 1
   207  0.1077319806769037E-04   4   0 0  2 1  0 0  0 1
   208  -.3390959020675931E-01   4   1 0  0 2  0 0  0 1
   209  -.2605116020568745E-01   4   0 1  0 2  0 0  0 1
   210  0.1031915008552556E-04   4   0 0  1 2  0 0  0 1
   211  0.2608687715950676E-05   4   0 0  0 3  0 0  0 1
   212  -.9039623773984470E-05   4   2 0  0 0  0 2  0 0
   213  -.7970731532917988E-05   4   1 1  0 0  0 2  0 0
   214  -.3728218279958974       4   0 2  0 0  0 2  0 0
   215  -.5255764509276695E-05   4   1 0  1 0  0 2  0 0
   216  -.8051592413974115E-06   4   0 1  1 0  0 2  0 0
   217  0.9039566473195835E-05   4   0 0  2 0  0 2  0 0
   218  -.8051497413989403E-06   4   1 0  0 1  0 2  0 0
   219  0.2749317123258082E-05   4   0 1  0 1  0 2  0 0
   220  0.7970620820381943E-05   4   0 0  1 1  0 2  0 0
   221  -.3728200844997195       4   0 0  0 2  0 2  0 0
   222  -.3616941371156495E-05   4   2 0  0 0  0 1  1 0
   223  -.4144644666742917E-05   4   1 1  0 0  0 1  1 0
   224  -.1491691106318002       4   0 2  0 0  0 1  1 0
   225  -.2102111833420350E-05   4   1 0  1 0  0 1  1 0
   226  -.5998015313903266E-06   4   0 1  1 0  0 1  1 0
   227  0.3616915789493960E-05   4   0 0  2 0  0 1  1 0
   228  -.5997950326151145E-06   4   1 0  0 1  0 1  1 0
   229  0.2288677495299681E-05   4   0 1  0 1  0 1  1 0
   230  0.4144571667903260E-05   4   0 0  1 1  0 1  1 0
   231  -.1491683459922826       4   0 0  0 2  0 1  1 0
   232  -.1810893129149848E-05   4   2 0  0 0  0 0  2 0
   233  -.2073493680799979E-05   4   1 1  0 0  0 0  2 0
   234  -.7468452216906027E-01   4   0 2  0 0  0 0  2 0
   235  -.1052467070825736E-05   4   1 0  1 0  0 0  2 0
   236  -.2998360731310180E-06   4   0 1  1 0  0 0  2 0
   237  0.1810882392868785E-05   4   0 0  2 0  0 0  2 0
   238  -.2998338800880367E-06   4   1 0  0 1  0 0  2 0
   239  0.1143876836160787E-05   4   0 1  0 1  0 0  2 0
   240  0.2073459176074841E-05   4   0 0  1 1  0 0  2 0
   241  -.7468413945035091E-01   4   0 0  0 2  0 0  2 0
   242  0.7231995052735302E-05   4   2 0  0 0  0 1  0 1
   243  0.5898844275731155E-05   4   1 1  0 0  0 1  0 1
   244  0.6917570241614174E-06   4   0 2  0 0  0 1  0 1
   245  0.4205150640502986E-05   4   1 0  1 0  0 1  0 1
   246  0.5052203955965916E-06   4   0 1  1 0  0 1  0 1
   247  -.7231904791885630E-05   4   0 0  2 0  0 1  0 1
   248  0.5052084300652160E-06   4   1 0  0 1  0 1  0 1
   249  -.1618960941179211E-05   4   0 1  0 1  0 1  0 1
   250  -.5898699982068136E-05   4   0 0  1 1  0 1  0 1
   251  -.6917027831189365E-06   4   0 0  0 2  0 1  0 1
   252  0.2412915264580721E-05   4   2 0  0 0  0 0  1 1
   253  0.2365614112510676E-05   4   1 1  0 0  0 0  1 1
   254  0.2192068442320663E-06   4   0 2  0 0  0 0  1 1
   255  0.1402339253630755E-05   4   1 0  1 0  0 0  1 1
   256  0.2840804908748690E-06   4   0 1  1 0  0 0  1 1
   257  -.2412886985670290E-05   4   0 0  2 0  0 0  1 1
   258  0.2840760334722212E-06   4   1 0  0 1  0 0  1 1
   259  -.1038154692932774E-05   4   0 1  0 1  0 0  1 1
   260  -.2365546292953640E-05   4   0 0  1 1  0 0  1 1
   261  -.2191761034474722E-06   4   0 0  0 2  0 0  1 1
   262  -.1667360278405139E-10   4   2 0  0 0  0 0  0 2
   263  -.1929045494599314E-10   4   1 1  0 0  0 0  0 2
   264  -.5619879655143839E-11   4   0 2  0 0  0 0  0 2
   265  0.1845550632514584E-10   4   1 0  1 0  0 0  0 2
   266  0.8721955834442804E-11   4   0 1  1 0  0 0  0 2
   267  -.1294344694809425E-10   4   0 0  2 0  0 0  0 2
   268  0.1084011893192719E-10   4   1 0  0 1  0 0  0 2
   269  0.5347045600026330E-11   4   0 1  0 1  0 0  0 2
   270  -.1533664858870117E-10   4   0 0  1 1  0 0  0 2
   271  -.4539158106231316E-11   4   0 0  0 2  0 0  0 2
   272  0.1103921048699505E-08   4   1 0  0 0  0 3  0 0
   273  -.8192247948626114E-04   4   0 1  0 0  0 3  0 0
   274  0.4469003108814238E-08   4   0 0  1 0  0 3  0 0
   275  0.2384405449219982E-04   4   0 0  0 1  0 3  0 0
   276  -.1135468960925986E-08   4   1 0  0 0  0 2  1 0
   277  -.3511657447497553E-04   4   0 1  0 0  0 2  1 0
   278  -.2983164716977570E-08   4   0 0  1 0  0 2  1 0
   279  0.1021562166951840E-04   4   0 0  0 1  0 2  1 0
   280  -.5365692055707024E-09   4   1 0  0 0  0 1  2 0
   281  -.2107757668801874E-04   4   0 1  0 0  0 1  2 0
   282  -.1096841253980861E-08   4   0 0  1 0  0 1  2 0
   283  0.6131570587155914E-05   4   0 0  0 1  0 1  2 0
   284  -.3768622459550138E-09   4   1 0  0 0  0 0  3 0
   285  -.1173061600525933E-04   4   0 1  0 0  0 0  3 0
   286  -.9893222898140522E-09   4   0 0  1 0  0 0  3 0
   287  0.3412508641959536E-05   4   0 0  0 1  0 0  3 0
   288  0.1218182656733216E-09   4   1 0  0 0  0 2  0 1
   289  0.3351148576962612E-10   4   0 1  0 0  0 2  0 1
   290  -.1211694366252983E-09   4   0 0  1 0  0 2  0 1
   291  -.1110356451276183E-09   4   0 0  0 1  0 2  0 1
   292  0.2338937543280946E-09   4   1 0  0 0  0 1  1 1
   293  0.9471523694652034E-10   4   0 1  0 0  0 1  1 1
   294  0.2811348215946755E-09   4   0 0  1 0  0 1  1 1
   295  0.3396819912122312E-10   4   0 0  0 1  0 1  1 1
   296  0.1167792744119601E-09   4   1 0  0 0  0 0  2 1
   297  0.3530989264404336E-10   4   0 1  0 0  0 0  2 1
   298  0.1402139133889394E-09   4   0 0  1 0  0 0  2 1
   299  0.2678995998070701E-10   4   0 0  0 1  0 0  2 1
   300  0.1002838680071749E-14   4   1 0  0 0  0 1  0 2
   301  0.7551746369025968E-15   4   0 1  0 0  0 1  0 2
   302  -.5588986868868800E-15   4   0 0  1 0  0 1  0 2
   303  -.4835497949166111E-15   4   0 0  0 1  0 1  0 2
   304  0.3345789263474575E-15   4   1 0  0 0  0 0  1 2
   305  0.3775866978995518E-15   4   0 1  0 0  0 0  1 2
   306  -.1864664041301613E-15   4   0 0  1 0  0 0  1 2
   307  -.2417739556663549E-15   4   0 0  0 1  0 0  1 2
   308  -.1086432168734297       4   0 0  0 0  0 4  0 0
   309  0.6210335123393836E-01   4   0 0  0 0  0 3  1 0
   310  0.1864613970064932E-01   4   0 0  0 0  0 2  2 0
   311  0.1248054101829809E-01   4   0 0  0 0  0 1  3 0
   312  0.1541315566692983E-01   4   0 0  0 0  0 0  4 0
   313  -.1281772231044485E-14   4   0 0  0 0  0 3  0 1
   314  0.4271827634005267E-14   4   0 0  0 0  0 2  1 1
   315  0.5254053184531817E-14   4   0 0  0 0  0 1  2 1
   316  0.1266841426371711E-14   4   0 0  0 0  0 0  3 1
   ----------------------------------------------------
     I  COEFFICIENT            ORDER EXPONENTS
     1   1.000000000000000       1   0 0  0 0  0 1  0 0
     --------------------------------------------------
     I  COEFFICIENT            ORDER EXPONENTS
     1   1.000000000000000       1   0 0  0 0  0 0  1 0
     --------------------------------------------------
     I  COEFFICIENT            ORDER EXPONENTS
     1   1.000000000000000       1   0 0  0 0  0 0  0 1
     --------------------------------------------------
