 L    0.6607784999999999E+00
 P (  0.0000000000000000E+00,  0.0000000000000000E+00,  0.1758215000000000E+00)
 A (  0.0000000000000000E+00,  0.0000000000000000E+00,  0.0000000000000000E+00)
     I  COEFFICIENT            ORDER EXPONENTS
     1  0.8293903395187548E-04   0   0 0  0 0  0 0  0 0
     2  0.7613824602828088       1   1 0  0 0  0 0  0 0
     3  0.5991306915055519       1   0 1  0 0  0 0  0 0
     4  -.3194561049815532E-04   1   0 0  1 0  0 0  0 0
     5  -.8139261661434669E-05   1   0 0  0 1  0 0  0 0
     6  0.3403494468177930E-05   1   0 0  0 0  0 1  0 0
     7  0.3398914205723660E-05   1   0 0  0 0  0 0  1 0
     8  -.6802408674158554E-05   1   0 0  0 0  0 0  0 1
     9  0.8968702152230764E-04   2   2 0  0 0  0 0  0 0
    10  -.1857697340606011E-04   2   1 1  0 0  0 0  0 0
    11  -.2040814931044619E-04   2   0 2  0 0  0 0  0 0
    12  0.8102004636347048E-05   2   1 0  1 0  0 0  0 0
    13  -.4345914442477402E-05   2   0 1  1 0  0 0  0 0
    14  -.8674753869417891E-04   2   0 0  2 0  0 0  0 0
    15  -.1591185360137358E-05   2   1 0  0 1  0 0  0 0
    16  -.1340209795770069E-05   2   0 1  0 1  0 0  0 0
    17  -.1072168720155288E-05   2   0 0  1 1  0 0  0 0
    18  -.3333013988497149E-05   2   0 0  0 2  0 0  0 0
    19  0.1151301241741627       2   1 0  0 0  0 1  0 0
    20  -.2696061826271592       2   0 1  0 0  0 1  0 0
    21  0.1600139107898177E-04   2   0 0  1 0  0 1  0 0
    22  0.8147759708318256E-05   2   0 0  0 1  0 1  0 0
    23  0.1149751874789441       2   1 0  0 0  0 0  1 0
    24  -.2692433593326792       2   0 1  0 0  0 0  1 0
    25  0.1597985716098710E-04   2   0 0  1 0  0 0  1 0
    26  0.8136794837293361E-05   2   0 0  0 1  0 0  1 0
    27  -.2301053116531066       2   1 0  0 0  0 0  0 1
    28  -.6028114954571365E-01   2   0 1  0 0  0 0  0 1
    29  -.3198124823996877E-04   2   0 0  1 0  0 0  0 1
    30  -.8145292884195335E-05   2   0 0  0 1  0 0  0 1
    31  -.2544196598871977E-05   2   0 0  0 0  0 2  0 0
    32  -.1687201842783089E-05   2   0 0  0 0  0 1  1 0
    33  -.2539637460609505E-05   2   0 0  0 0  0 0  2 0
    34  0.3372086425570586E-05   2   0 0  0 0  0 1  0 1
    35  0.3367548430580026E-05   2   0 0  0 0  0 0  1 1
    36  0.3138601664246777E-07   2   0 0  0 0  0 0  0 2
    37  -.3216010231156979E-01   3   3 0  0 0  0 0  0 0
    38  -.1723952757559473       3   2 1  0 0  0 0  0 0
    39  -.3417909295673804       3   1 2  0 0  0 0  0 0
    40  0.2141060934624030       3   0 3  0 0  0 0  0 0
    41  0.4300036984035631E-04   3   2 0  1 0  0 0  0 0
    42  0.6721841472890230E-04   3   1 1  1 0  0 0  0 0
    43  -.3173978732016566E-04   3   0 2  1 0  0 0  0 0
    44  -.2862144086189826       3   1 0  2 0  0 0  0 0
    45  -.3801172381353765       3   0 1  2 0  0 0  0 0
    46  -.2173800688024990E-04   3   0 0  3 0  0 0  0 0
    47  -.1293503781071951E-04   3   2 0  0 1  0 0  0 0
    48  0.3328855137848305E-05   3   1 1  0 1  0 0  0 0
    49  -.1510760135620485E-04   3   0 2  0 1  0 0  0 0
    50  -.3289914767772607       3   1 0  1 1  0 0  0 0
    51  -.5245526264781433E-01   3   0 1  1 1  0 0  0 0
    52  -.8733123927047359E-04   3   0 0  2 1  0 0  0 0
    53  -.2939498920726775       3   1 0  0 2  0 0  0 0
    54  0.2434383993686399       3   0 1  0 2  0 0  0 0
    55  -.6296698078499794E-04   3   0 0  1 2  0 0  0 0
    56  -.1582618050649865E-04   3   0 0  0 3  0 0  0 0
    57  -.4232688088284271E-04   3   2 0  0 0  0 1  0 0
    58  0.1110408969839989E-04   3   1 1  0 0  0 1  0 0
    59  0.2847571019231456E-04   3   0 2  0 0  0 1  0 0
    60  -.2415317151805850E-05   3   1 0  1 0  0 1  0 0
    61  0.4664838412089019E-05   3   0 1  1 0  0 1  0 0
    62  0.4284470255966947E-04   3   0 0  2 0  0 1  0 0
    63  0.2180250780509689E-05   3   1 0  0 1  0 1  0 0
    64  0.2185340746324299E-05   3   0 1  0 1  0 1  0 0
    65  0.6007850707240927E-05   3   0 0  1 1  0 1  0 0
    66  0.6189226102300550E-05   3   0 0  0 2  0 1  0 0
    67  -.4226991936134728E-04   3   2 0  0 0  0 0  1 0
    68  0.1108914633780164E-04   3   1 1  0 0  0 0  1 0
    69  0.2843738892355106E-04   3   0 2  0 0  0 0  1 0
    70  -.2412066731812880E-05   3   1 0  1 0  0 0  1 0
    71  0.4658560692400239E-05   3   0 1  1 0  0 0  1 0
    72  0.4278704417816572E-04   3   0 0  2 0  0 0  1 0
    73  0.2177316701760920E-05   3   1 0  0 1  0 0  1 0
    74  0.2182399817739420E-05   3   0 1  0 1  0 0  1 0
    75  0.5999765624899201E-05   3   0 0  1 1  0 0  1 0
    76  0.6180896933500210E-05   3   0 0  0 2  0 0  1 0
    77  0.8459680024419016E-04   3   2 0  0 0  0 0  0 1
    78  -.3616262630142591E-05   3   1 1  0 0  0 0  0 1
    79  -.1609680049497219E-04   3   0 2  0 0  0 0  0 1
    80  0.4827383883763149E-05   3   1 0  1 0  0 0  0 1
    81  -.4977484662182679E-05   3   0 1  1 0  0 0  0 1
    82  -.8563174673783568E-04   3   0 0  2 0  0 0  0 1
    83  -.2766382122067747E-05   3   1 0  0 1  0 0  0 1
    84  -.1687320972601016E-05   3   0 1  0 1  0 0  0 1
    85  -.1093544761198510E-04   3   0 0  1 1  0 0  0 1
    86  -.5704095058785038E-05   3   0 0  0 2  0 0  0 1
    87  -.8422726928030236E-01   3   1 0  0 0  0 2  0 0
    88  0.1874076845732114       3   0 1  0 0  0 2  0 0
    89  -.1200940365581479E-04   3   0 0  1 0  0 2  0 0
    90  -.8151360754956853E-05   3   0 0  0 1  0 2  0 0
    91  -.5340739757917519E-01   3   1 0  0 0  0 1  1 0
    92  0.1054299747260404       3   0 1  0 0  0 1  1 0
    93  -.8028836249034072E-05   3   0 0  1 0  0 1  1 0
    94  -.8153595550692754E-05   3   0 0  0 1  0 1  1 0
    95  -.8407798361146931E-01   3   1 0  0 0  0 0  2 0
    96  0.1870845387979094       3   0 1  0 0  0 0  2 0
    97  -.1198783955164129E-04   3   0 0  1 0  0 0  2 0
    98  -.8134904675508730E-05   3   0 0  0 1  0 0  2 0
    99  0.1067318647240238       3   1 0  0 0  0 1  0 1
   100  0.5896686407306796E-01   3   0 1  0 0  0 1  0 1
   101  0.1604778045887640E-04   3   0 0  1 0  0 1  0 1
   102  0.8154909366391044E-05   3   0 0  0 1  0 1  0 1
   103  0.1065882300105768       3   1 0  0 0  0 0  1 1
   104  0.5888750924641063E-01   3   0 1  0 0  0 0  1 1
   105  0.1602618411224053E-04   3   0 0  1 0  0 0  1 1
   106  0.8143934873693343E-05   3   0 0  0 1  0 0  1 1
   107  0.8392593744692508E-02   3   1 0  0 0  0 0  0 2
   108  0.1353950344315936E-02   3   0 1  0 0  0 0  0 2
   109  -.4719814857467818E-07   3   0 0  1 0  0 0  0 2
   110  -.4959588801075402E-08   3   0 0  0 1  0 0  0 2
   111  0.2114673602688187E-05   3   0 0  0 0  0 3  0 0
   112  0.1256213695962610E-05   3   0 0  0 0  0 2  1 0
   113  0.1257940863587386E-05   3   0 0  0 0  0 1  2 0
   114  0.2109560724063934E-05   3   0 0  0 0  0 0  3 0
   115  -.2511862525919036E-05   3   0 0  0 0  0 2  0 1
   116  -.1653947816447553E-05   3   0 0  0 0  0 1  1 1
   117  -.2507369277181983E-05   3   0 0  0 0  0 0  2 1
   118  -.3325132166006651E-07   3   0 0  0 0  0 1  0 2
   119  -.3320657359843962E-07   3   0 0  0 0  0 0  1 2
   120  0.1228620659905743E-08   3   0 0  0 0  0 0  0 3
   121  0.1023167041916239E-03   4   4 0  0 0  0 0  0 0
   122  -.5052721722899987E-04   4   3 1  0 0  0 0  0 0
   123  -.5730571341172668E-05   4   2 2  0 0  0 0  0 0
   124  0.1370185188746399E-03   4   1 3  0 0  0 0  0 0
   125  -.1254020365934499E-03   4   0 4  0 0  0 0  0 0
   126  0.4961711958628974E-05   4   3 0  1 0  0 0  0 0
   127  0.3518984823961024E-06   4   2 1  1 0  0 0  0 0
   128  0.2259332334915019E-05   4   1 2  1 0  0 0  0 0
   129  -.5138412375258804E-05   4   0 3  1 0  0 0  0 0
   130  0.2959911090358279E-03   4   2 0  2 0  0 0  0 0
   131  -.5695778765016566E-04   4   1 1  2 0  0 0  0 0
   132  0.1432393915549819E-03   4   0 2  2 0  0 0  0 0
   133  0.2308433580548896E-04   4   1 0  3 0  0 0  0 0
   134  -.5824622220708858E-05   4   0 1  3 0  0 0  0 0
   135  -.9794693628388816E-05   4   0 0  4 0  0 0  0 0
   136  0.4441782293894366E-05   4   3 0  0 1  0 0  0 0
   137  0.1099189493796459E-05   4   2 1  0 1  0 0  0 0
   138  0.4029854276588647E-05   4   1 2  0 1  0 0  0 0
   139  -.7607302581906101E-05   4   0 3  0 1  0 0  0 0
   140  0.1953049728849975E-03   4   2 0  1 1  0 0  0 0
   141  -.4014220057499627E-03   4   1 1  1 1  0 0  0 0
   142  0.1614069264958827E-04   4   0 2  1 1  0 0  0 0
   143  0.2955387051863638E-04   4   1 0  2 1  0 0  0 0
   144  -.3286827500071199E-04   4   0 1  2 1  0 0  0 0
   145  -.1358524812239019E-04   4   0 0  3 1  0 0  0 0
   146  0.1576608427302308E-03   4   2 0  0 2  0 0  0 0
   147  0.8467610461104167E-04   4   1 1  0 2  0 0  0 0
   148  -.1493973963762036E-03   4   0 2  0 2  0 0  0 0
   149  0.2205156340504103E-04   4   1 0  1 2  0 0  0 0
   150  -.1644830323392966E-04   4   0 1  1 2  0 0  0 0
   151  0.6278986580971673E-04   4   0 0  2 2  0 0  0 0
   152  0.9940926553897232E-05   4   1 0  0 3  0 0  0 0
   153  -.7903310333787616E-05   4   0 1  0 3  0 0  0 0
   154  0.2880203372312753E-04   4   0 0  1 3  0 0  0 0
   155  -.2080230971461917E-04   4   0 0  0 4  0 0  0 0
   156  0.4742757303050602E-01   4   3 0  0 0  0 1  0 0
   157  0.1052781627821726       4   2 1  0 0  0 1  0 0
   158  0.4594402281961525       4   1 2  0 0  0 1  0 0
   159  -.2717857573075264       4   0 3  0 0  0 1  0 0
   160  -.4157049082139057E-04   4   2 0  1 0  0 1  0 0
   161  -.9896282351768389E-04   4   1 1  1 0  0 1  0 0
   162  0.3988265595085981E-04   4   0 2  1 0  0 1  0 0
   163  0.3101291848839820       4   1 0  2 0  0 1  0 0
   164  0.4026929364871340       4   0 1  2 0  0 1  0 0
   165  0.2501278960032283E-04   4   0 0  3 0  0 1  0 0
   166  -.1874168184087218E-05   4   2 0  0 1  0 1  0 0
   167  -.1974008805823755E-04   4   1 1  0 1  0 1  0 0
   168  0.2716350892848484E-04   4   0 2  0 1  0 1  0 0
   169  0.5013570672865256       4   1 0  1 1  0 1  0 0
   170  0.1232321285374302       4   0 1  1 1  0 1  0 0
   171  0.1114731120540687E-03   4   0 0  2 1  0 1  0 0
   172  0.4648858086582536       4   1 0  0 2  0 1  0 0
   173  -.3141441864762724       4   0 1  0 2  0 1  0 0
   174  0.1048958631069914E-03   4   0 0  1 2  0 1  0 0
   175  0.3298487268688898E-04   4   0 0  0 3  0 1  0 0
   176  0.4736374723790526E-01   4   3 0  0 0  0 0  1 0
   177  0.1051364843922882       4   2 1  0 0  0 0  1 0
   178  0.4588219351897146       4   1 2  0 0  0 0  1 0
   179  -.2714200008441615       4   0 3  0 0  0 0  1 0
   180  -.4151454721399266E-04   4   2 0  1 0  0 0  1 0
   181  -.9882964401375049E-04   4   1 1  1 0  0 0  1 0
   182  0.3982898375208564E-04   4   0 2  1 0  0 0  1 0
   183  0.3097118276428475       4   1 0  2 0  0 0  1 0
   184  0.4021510113114709       4   0 1  2 0  0 0  1 0
   185  0.2497912856689114E-04   4   0 0  3 0  0 0  1 0
   186  -.1871646016871588E-05   4   2 0  0 1  0 0  1 0
   187  -.1971352277804669E-04   4   1 1  0 1  0 0  1 0
   188  0.2712695355834072E-04   4   0 2  0 1  0 0  1 0
   189  0.5006823645735129       4   1 0  1 1  0 0  1 0
   190  0.1230662885465733       4   0 1  1 1  0 0  1 0
   191  0.1113230967934138E-03   4   0 0  2 1  0 0  1 0
   192  0.4642601872462694       4   1 0  0 2  0 0  1 0
   193  -.3137214260352155       4   0 1  0 2  0 0  1 0
   194  0.1047546991979942E-03   4   0 0  1 2  0 0  1 0
   195  0.3294048319975090E-04   4   0 0  0 3  0 0  1 0
   196  -.9479132026841160E-01   4   3 0  0 0  0 0  0 1
   197  -.3801937141851372E-01   4   2 1  0 0  0 0  0 1
   198  -.2346803042511089       4   1 2  0 0  0 0  0 1
   199  -.9911252223552014E-01   4   0 3  0 0  0 0  0 1
   200  0.8308503803538267E-04   4   2 0  1 0  0 0  0 1
   201  0.1305740528025234E-03   4   1 1  1 0  0 0  0 1
   202  -.1623206506260327E-04   4   0 2  1 0  0 0  0 1
   203  -.6198410125268244       4   1 0  2 0  0 0  0 1
   204  -.4247267096632293       4   0 1  2 0  0 0  0 1
   205  -.4999191816720927E-04   4   0 0  3 0  0 0  0 1
   206  0.1668085201166647E-04   4   2 0  0 1  0 0  0 1
   207  0.3279590056060118E-04   4   1 1  0 1  0 0  0 1
   208  -.8967658418209501E-05   4   0 2  0 1  0 0  0 1
   209  -.6730479550827808       4   1 0  1 1  0 0  0 1
   210  -.1413878917883765       4   0 1  1 1  0 0  0 1
   211  -.1354649695770053E-03   4   0 0  2 1  0 0  0 1
   212  -.3412462117591678       4   1 0  0 2  0 0  0 1
   213  -.1024495855944340       4   0 1  0 2  0 0  0 1
   214  -.8371660073500063E-04   4   0 0  1 2  0 0  0 1
   215  -.1844681436718131E-04   4   0 0  0 3  0 0  0 1
   216  0.6936900758673231E-04   4   2 0  0 0  0 2  0 0
   217  0.1659755084888047E-03   4   1 1  0 0  0 2  0 0
   218  -.2000075774604903E-03   4   0 2  0 0  0 2  0 0
   219  0.4425566049661319E-05   4   1 0  1 0  0 2  0 0
   220  -.1187682449825929E-05   4   0 1  1 0  0 2  0 0
   221  0.7127506123528254E-04   4   0 0  2 0  0 2  0 0
   222  0.6925690322565395E-05   4   1 0  0 1  0 2  0 0
   223  -.7672019470893329E-05   4   0 1  0 1  0 2  0 0
   224  0.4408331789834439E-04   4   0 0  1 1  0 2  0 0
   225  -.5911101721294153E-04   4   0 0  0 2  0 2  0 0
   226  0.4532286404636380E-04   4   2 0  0 0  0 1  1 0
   227  0.1995787992481752E-03   4   1 1  0 0  0 1  1 0
   228  -.2306685583806741E-03   4   0 2  0 0  0 1  1 0
   229  0.3066515453217339E-05   4   1 0  1 0  0 1  1 0
   230  -.9668134557878253E-06   4   0 1  1 0  0 1  1 0
   231  0.8410101902046013E-04   4   0 0  2 0  0 1  1 0
   232  0.7790345155450418E-05   4   1 0  0 1  0 1  1 0
   233  -.9122050982799361E-05   4   0 1  0 1  0 1  1 0
   234  0.4774099517799866E-04   4   0 0  1 1  0 1  1 0
   235  -.6934068260472913E-04   4   0 0  0 2  0 1  1 0
   236  0.6924515735834522E-04   4   2 0  0 0  0 0  2 0
   237  0.1656178546005434E-03   4   1 1  0 0  0 0  2 0
   238  -.1995832052513629E-03   4   0 2  0 0  0 0  2 0
   239  0.4417546945450181E-05   4   1 0  1 0  0 0  2 0
   240  -.1185433576763082E-05   4   0 1  1 0  0 0  2 0
   241  0.7112255302302054E-04   4   0 0  2 0  0 0  2 0
   242  0.6911128115239298E-05   4   1 0  0 1  0 0  2 0
   243  -.7655556815501205E-05   4   0 1  0 1  0 0  2 0
   244  0.4399186885600764E-04   4   0 0  1 1  0 0  2 0
   245  -.5898481068041905E-04   4   0 0  0 2  0 0  2 0
   246  -.4996030845019172E-04   4   2 0  0 0  0 1  0 1
   247  -.1168398362036988E-03   4   1 1  0 0  0 1  0 1
   248  -.3521611728630981E-04   4   0 2  0 0  0 1  0 1
   249  -.5419503975345826E-05   4   1 0  1 0  0 1  0 1
   250  0.5892636085104105E-06   4   0 1  1 0  0 1  0 1
   251  -.7148344211123046E-04   4   0 0  2 0  0 1  0 1
   252  -.4615889517106791E-05   4   1 0  0 1  0 1  0 1
   253  -.1893496066079153E-05   4   0 1  0 1  0 1  0 1
   254  -.4794208921595348E-04   4   0 0  1 1  0 1  0 1
   255  -.1811728141919261E-04   4   0 0  0 2  0 1  0 1
   256  -.4989307422162716E-04   4   2 0  0 0  0 0  1 1
   257  -.1166825986586066E-03   4   1 1  0 0  0 0  1 1
   258  -.3516872509534405E-04   4   0 2  0 0  0 0  1 1
   259  -.5412210662308176E-05   4   1 0  1 0  0 0  1 1
   260  0.5884706053171133E-06   4   0 1  1 0  0 0  1 1
   261  -.7138724306373503E-04   4   0 0  2 0  0 0  1 1
   262  -.4609677670534007E-05   4   1 0  0 1  0 0  1 1
   263  -.1890947888310795E-05   4   0 1  0 1  0 0  1 1
   264  -.4787757101171897E-04   4   0 0  1 1  0 0  1 1
   265  -.1809290003569654E-04   4   0 0  0 2  0 0  1 1
   266  -.2832016089755400E-04   4   2 0  0 0  0 0  0 2
   267  -.4384894879015339E-05   4   1 1  0 0  0 0  0 2
   268  0.1434454817699641E-05   4   0 2  0 0  0 0  0 2
   269  -.3026661929963469E-06   4   1 0  1 0  0 0  0 2
   270  0.6233226371311763E-06   4   0 1  1 0  0 0  0 2
   271  0.1058808026750634E-04   4   0 0  2 0  0 0  0 2
   272  -.7084445417259835E-06   4   1 0  0 1  0 0  0 2
   273  -.1972692792519629E-08   4   0 1  0 1  0 0  0 2
   274  0.3867890404391815E-05   4   0 0  1 1  0 0  0 2
   275  0.3265812972468767E-07   4   0 0  0 2  0 0  0 2
   276  0.6880109355785857E-01   4   1 0  0 0  0 3  0 0
   277  -.1465040417453006       4   0 1  0 0  0 3  0 0
   278  0.1001753157368092E-04   4   0 0  1 0  0 3  0 0
   279  0.8151468351542421E-05   4   0 0  0 1  0 3  0 0
   280  0.3796952756644439E-01   4   1 0  0 0  0 2  1 0
   281  -.6475153321353207E-01   4   0 1  0 0  0 2  1 0
   282  0.6036062311894762E-05   4   0 0  1 0  0 2  1 0
   283  0.8153281608674793E-05   4   0 0  0 1  0 2  1 0
   284  0.3803157816573685E-01   4   1 0  0 0  0 1  2 0
   285  -.6491616323382077E-01   4   0 1  0 0  0 1  2 0
   286  0.6044072209048470E-05   4   0 0  1 0  0 1  2 0
   287  0.8153255804317783E-05   4   0 0  0 1  0 1  2 0
   288  0.6863669531985318E-01   4   1 0  0 0  0 0  3 0
   289  -.1461647934247811       4   0 1  0 0  0 0  3 0
   290  0.9993253844781252E-05   4   0 0  1 0  0 0  3 0
   291  0.8129534800519014E-05   4   0 0  0 1  0 0  3 0
   292  -.7591821377999339E-01   4   1 0  0 0  0 2  0 1
   293  -.5795955590051041E-01   4   0 1  0 0  0 2  0 1
   294  -.1206890046240585E-04   4   0 0  1 0  0 2  0 1
   295  -.8160160554767955E-05   4   0 0  0 1  0 2  0 1
   296  -.4518730465762119E-01   4   1 0  0 0  0 1  1 1
   297  -.5695485211169820E-01   4   0 1  0 0  0 1  1 1
   298  -.8100700580944213E-05   4   0 0  1 0  0 1  1 1
   299  -.8165382840594847E-05   4   0 0  0 1  0 1  1 1
   300  -.7578564115328756E-01   4   1 0  0 0  0 0  2 1
   301  -.5784323308382747E-01   4   0 1  0 0  0 0  2 1
   302  -.1204720793441859E-04   4   0 0  1 0  0 0  2 1
   303  -.8143684701582651E-05   4   0 0  0 1  0 0  2 1
   304  -.8220014680963785E-02   4   1 0  0 0  0 1  0 2
   305  -.2013325730179304E-02   4   0 1  0 0  0 1  0 2
   306  0.7096229785319543E-07   4   0 0  1 0  0 1  0 2
   307  0.9945913037946284E-08   4   0 0  0 1  0 1  0 2
   308  -.8208952572601982E-02   4   1 0  0 0  0 0  1 2
   309  -.2010616291296312E-02   4   0 1  0 0  0 0  1 2
   310  0.7086680013705345E-07   4   0 0  1 0  0 0  1 2
   311  0.9932528296911594E-08   4   0 0  0 1  0 0  1 2
   312  -.1187400786065391E-03   4   1 0  0 0  0 0  0 3
   313  -.1263633715752660E-04   4   0 1  0 0  0 0  0 3
   314  -.1581093360635734E-07   4   0 0  1 0  0 0  0 3
   315  -.1666558309436098E-08   4   0 0  0 1  0 0  0 3
   316  -.2293641126561833E-04   4   0 0  0 0  0 4  0 0
   317  -.1219394754049331E-04   4   0 0  0 0  0 3  1 0
   318  -.1076170395560832E-04   4   0 0  0 0  0 2  2 0
   319  -.1222469426929040E-04   4   0 0  0 0  0 1  3 0
   320  -.2286650947860864E-04   4   0 0  0 0  0 0  4 0
   321  -.1572101291805031E-05   4   0 0  0 0  0 3  0 1
   322  -.1816890946560967E-05   4   0 0  0 0  0 2  1 1
   323  -.1816392536253995E-05   4   0 0  0 0  0 1  2 1
   324  -.1567706906113361E-05   4   0 0  0 0  0 0  3 1
   325  0.1639600003136891E-07   4   0 0  0 0  0 2  0 2
   326  0.2604397034983256E-07   4   0 0  0 0  0 1  1 2
   327  0.1635641069330666E-07   4   0 0  0 0  0 0  2 2
   328  0.1254089246009459E-09   4   0 0  0 0  0 1  0 3
   329  0.1252401551805357E-09   4   0 0  0 0  0 0  1 3
   ----------------------------------------------------
     I  COEFFICIENT            ORDER EXPONENTS
     1  -.2913285361329970E-04   0   0 0  0 0  0 0  0 0
     2  -.6669598024234228       1   1 0  0 0  0 0  0 0
     3  0.7885707165303512       1   0 1  0 0  0 0  0 0
     4  -.9113247390016204E-04   1   0 0  1 0  0 0  0 0
     5  -.2822986775971633E-04   1   0 0  0 1  0 0  0 0
     6  -.1968681965215377E-06   1   0 0  0 0  0 1  0 0
     7  -.1966032605807389E-06   1   0 0  0 0  0 0  1 0
     8  -.2873938215619736E-04   1   0 0  0 0  0 0  0 1
     9  -.6410883401429027E-05   2   2 0  0 0  0 0  0 0
    10  -.1795954741102741E-03   2   1 1  0 0  0 0  0 0
    11  -.4316437685892407E-04   2   0 2  0 0  0 0  0 0
    12  -.1370762334358003E-04   2   1 0  1 0  0 0  0 0
    13  -.1537037917616894E-04   2   0 1  1 0  0 0  0 0
    14  0.4955085647916427E-04   2   0 0  2 0  0 0  0 0
    15  -.1423884267186520E-04   2   1 0  0 1  0 0  0 0
    16  -.8380387444007749E-05   2   0 1  0 1  0 0  0 0
    17  0.1869877014584867E-03   2   0 0  1 1  0 0  0 0
    18  0.4008329672909887E-04   2   0 0  0 2  0 0  0 0
    19  -.1861008900381459E-01   2   1 0  0 0  0 1  0 0
    20  0.1022854747286857       2   0 1  0 0  0 1  0 0
    21  0.9489419263864573E-07   2   0 0  1 0  0 1  0 0
    22  0.1413839867883510E-04   2   0 0  0 1  0 1  0 0
    23  -.1858504442309632E-01   2   1 0  0 0  0 0  1 0
    24  0.1021478237573433       2   0 1  0 0  0 0  1 0
    25  0.9476648850637801E-07   2   0 0  1 0  0 0  1 0
    26  0.1411937188821276E-04   2   0 0  0 1  0 0  1 0
    27  -.6297646689965126       2   1 0  0 0  0 0  0 1
    28  -.2044332984860291       2   0 1  0 0  0 0  0 1
    29  -.9132213458130695E-04   2   0 0  1 0  0 0  0 1
    30  -.2825777056715205E-04   2   0 0  0 1  0 0  0 1
    31  0.1487847966578958E-06   2   0 0  0 0  0 2  0 0
    32  0.1008301990329808E-06   2   0 0  0 0  0 1  1 0
    33  0.1485167227878937E-06   2   0 0  0 0  0 0  2 0
    34  -.3983990676455575E-06   2   0 0  0 0  0 1  0 1
    35  -.3978629209562222E-06   2   0 0  0 0  0 0  1 1
    36  0.3981306487759925E-06   2   0 0  0 0  0 0  0 2
    37  -.2594966331406922       3   3 0  0 0  0 0  0 0
    38  -.3616507319959730       3   2 1  0 0  0 0  0 0
    39  0.1933730204876072       3   1 2  0 0  0 0  0 0
    40  -.1883346293990322E-01   3   0 3  0 0  0 0  0 0
    41  0.1543071649703135E-03   3   2 0  1 0  0 0  0 0
    42  0.9950450038994759E-04   3   1 1  1 0  0 0  0 0
    43  0.1724742714291330E-04   3   0 2  1 0  0 0  0 0
    44  -1.114178498001633       3   1 0  2 0  0 0  0 0
    45  -.2473326102608066       3   0 1  2 0  0 0  0 0
    46  -.4299053048574998E-04   3   0 0  3 0  0 0  0 0
    47  0.4357184270583362E-04   3   2 0  0 1  0 0  0 0
    48  0.1218739250365455E-03   3   1 1  0 1  0 0  0 0
    49  0.1980254227946557E-04   3   0 2  0 1  0 0  0 0
    50  -.8906845094558943       3   1 0  1 1  0 0  0 0
    51  -.3141881327503936       3   0 1  1 1  0 0  0 0
    52  -.3840941220514604E-04   3   0 0  2 1  0 0  0 0
    53  -.4560739623763552       3   1 0  0 2  0 0  0 0
    54  -.2676856458842640       3   0 1  0 2  0 0  0 0
    55  -.1300922234368723E-04   3   0 0  1 2  0 0  0 0
    56  -.1570212863531090E-04   3   0 0  0 3  0 0  0 0
    57  0.9764527881119792E-06   3   2 0  0 0  0 1  0 0
    58  0.8754006871203023E-04   3   1 1  0 0  0 1  0 0
    59  0.4381917096455926E-04   3   0 2  0 0  0 1  0 0
    60  0.6822866414411519E-05   3   1 0  1 0  0 1  0 0
    61  0.9979263066062200E-05   3   0 1  1 0  0 1  0 0
    62  -.2342120277929848E-04   3   0 0  2 0  0 1  0 0
    63  0.8613082565242141E-05   3   1 0  0 1  0 1  0 0
    64  0.9157696768495274E-05   3   0 1  0 1  0 1  0 0
    65  -.9606728026344186E-04   3   0 0  1 1  0 1  0 0
    66  -.3946939482722922E-04   3   0 0  0 2  0 1  0 0
    67  0.9751387239684953E-06   3   2 0  0 0  0 0  1 0
    68  0.8742226141317773E-04   3   1 1  0 0  0 0  1 0
    69  0.4376020118940081E-04   3   0 2  0 0  0 0  1 0
    70  0.6813684522341489E-05   3   1 0  1 0  0 0  1 0
    71  0.9965833444134264E-05   3   0 1  1 0  0 0  1 0
    72  -.2338968362840094E-04   3   0 0  2 0  0 0  1 0
    73  0.8601491484646302E-05   3   1 0  0 1  0 0  1 0
    74  0.9145372771771555E-05   3   0 1  0 1  0 0  1 0
    75  -.9593799744515696E-04   3   0 0  1 1  0 0  1 0
    76  -.3941627877579843E-04   3   0 0  0 2  0 0  1 0
    77  -.8362474913509057E-05   3   2 0  0 0  0 0  0 1
    78  -.1749623301252095E-03   3   1 1  0 0  0 0  0 1
    79  -.4441499529503501E-04   3   0 2  0 0  0 0  0 1
    80  -.2734417428033303E-04   3   1 0  1 0  0 0  0 1
    81  -.1994509651019643E-04   3   0 1  1 0  0 0  0 1
    82  0.9636174288686317E-04   3   0 0  2 0  0 0  0 1
    83  -.1721457404988838E-04   3   1 0  0 1  0 0  0 1
    84  -.9922682096259213E-05   3   0 1  0 1  0 0  0 1
    85  0.1920052777085985E-03   3   0 0  1 1  0 0  0 1
    86  0.3880237687405281E-04   3   0 0  0 2  0 0  0 1
    87  0.1377575215927515E-01   3   1 0  0 0  0 2  0 0
    88  -.7496824512473617E-01   3   0 1  0 0  0 2  0 0
    89  -.9352116078840697E-07   3   0 0  1 0  0 2  0 0
    90  -.1060788317277520E-04   3   0 0  0 1  0 2  0 0
    91  0.8954409487013494E-02   3   1 0  0 0  0 1  1 0
    92  -.4772435527303682E-01   3   0 1  0 0  0 1  1 0
    93  -.9326603697860285E-07   3   0 0  1 0  0 1  1 0
    94  -.7088790411728798E-05   3   0 0  0 1  0 1  1 0
    95  0.1375118819010749E-01   3   1 0  0 0  0 0  2 0
    96  -.7483524379950082E-01   3   0 1  0 0  0 0  2 0
    97  -.9333254790295018E-07   3   0 0  1 0  0 0  2 0
    98  -.1058883770355729E-04   3   0 0  0 1  0 0  2 0
    99  -.3650594602178979E-01   3   1 0  0 0  0 1  0 1
   100  0.9537537420117705E-01   3   0 1  0 0  0 1  0 1
   101  0.2824638976481670E-06   3   0 0  1 0  0 1  0 1
   102  0.1417175915262347E-04   3   0 0  0 1  0 1  0 1
   103  -.3645681804009930E-01   3   1 0  0 0  0 0  1 1
   104  0.9524702251746268E-01   3   0 1  0 0  0 0  1 1
   105  0.2820837710467138E-06   3   0 0  1 0  0 0  1 1
   106  0.1415268746704771E-04   3   0 0  0 1  0 0  1 1
   107  0.3648139608869377E-01   3   1 0  0 0  0 0  0 2
   108  0.6905449038110476E-02   3   0 1  0 0  0 0  0 2
   109  -.2837523785088686E-06   3   0 0  1 0  0 0  0 2
   110  -.3548955317014486E-07   3   0 0  0 1  0 0  0 2
   111  -.1246179872455740E-06   3   0 0  0 0  0 3  0 0
   112  -.7631776290287752E-07   3   0 0  0 0  0 2  1 0
   113  -.7641492458341059E-07   3   0 0  0 0  0 1  2 0
   114  -.1243151465259411E-06   3   0 0  0 0  0 0  3 0
   115  0.3013879658122653E-06   3   0 0  0 0  0 2  0 1
   116  0.2046372484571155E-06   3   0 0  0 0  0 1  1 1
   117  0.3008446764798157E-06   3   0 0  0 0  0 0  2 1
   118  -.2045075521890912E-06   3   0 0  0 0  0 1  0 2
   119  -.2042323355634404E-06   3   0 0  0 0  0 0  1 2
   120  0.3536412992191666E-08   3   0 0  0 0  0 0  0 3
   121  0.5075025589014765E-04   4   4 0  0 0  0 0  0 0
   122  -.2203607698347972E-03   4   3 1  0 0  0 0  0 0
   123  -.2326728364901611E-03   4   2 2  0 0  0 0  0 0
   124  -.1313362610220980E-03   4   1 3  0 0  0 0  0 0
   125  -.3419308139042775E-04   4   0 4  0 0  0 0  0 0
   126  0.9620236132318840E-08   4   3 0  1 0  0 0  0 0
   127  -.1209547649460211E-04   4   2 1  1 0  0 0  0 0
   128  -.6672887610765770E-05   4   1 2  1 0  0 0  0 0
   129  -.1190238410397566E-05   4   0 3  1 0  0 0  0 0
   130  0.2702202644483489E-04   4   2 0  2 0  0 0  0 0
   131  -.6741685973423316E-03   4   1 1  2 0  0 0  0 0
   132  -.8209810611298260E-05   4   0 2  2 0  0 0  0 0
   133  0.2307264693008033E-07   4   1 0  3 0  0 0  0 0
   134  -.1751492965155664E-04   4   0 1  3 0  0 0  0 0
   135  -.7581361286892023E-04   4   0 0  4 0  0 0  0 0
   136  0.4593397016177939E-07   4   3 0  0 1  0 0  0 0
   137  -.1577503847647885E-05   4   2 1  0 1  0 0  0 0
   138  0.3798273634135436E-05   4   1 2  0 1  0 0  0 0
   139  0.8637491862842132E-06   4   0 3  0 1  0 0  0 0
   140  -.6905962915869920E-03   4   2 0  1 1  0 0  0 0
   141  -.1011018963663033E-02   4   1 1  1 1  0 0  0 0
   142  0.9168823803001892E-04   4   0 2  1 1  0 0  0 0
   143  -.3504160641488022E-04   4   1 0  2 1  0 0  0 0
   144  -.2414880560175933E-04   4   0 1  2 1  0 0  0 0
   145  -.1799947487762038E-03   4   0 0  3 1  0 0  0 0
   146  -.1205246907940404E-03   4   2 0  0 2  0 0  0 0
   147  -.6188906535212405E-03   4   1 1  0 2  0 0  0 0
   148  -.2693491023912049E-04   4   0 2  0 2  0 0  0 0
   149  -.1412588311697451E-04   4   1 0  1 2  0 0  0 0
   150  -.1926291254879659E-04   4   0 1  1 2  0 0  0 0
   151  -.1069129018485936E-03   4   0 0  2 2  0 0  0 0
   152  0.3360341823412850E-05   4   1 0  0 3  0 0  0 0
   153  -.1189293791373322E-05   4   0 1  0 3  0 0  0 0
   154  0.1424477554903613E-04   4   0 0  1 3  0 0  0 0
   155  0.5399963966762288E-04   4   0 0  0 4  0 0  0 0
   156  0.9148231437519438E-01   4   3 0  0 0  0 1  0 0
   157  0.3239007405420999       4   2 1  0 0  0 1  0 0
   158  -.1262891574912714       4   1 2  0 0  0 1  0 0
   159  0.3643485472760260E-01   4   0 3  0 0  0 1  0 0
   160  -.8614220402923271E-04   4   2 0  1 0  0 1  0 0
   161  -.1072240560292908E-03   4   1 1  1 0  0 1  0 0
   162  -.2740694156491677E-04   4   0 2  1 0  0 1  0 0
   163  0.5940264659815054       4   1 0  2 0  0 1  0 0
   164  0.2731537604830069       4   0 1  2 0  0 1  0 0
   165  0.2016187773899648E-04   4   0 0  3 0  0 1  0 0
   166  -.4433192454515729E-04   4   2 0  0 1  0 1  0 0
   167  -.1386020911248364E-03   4   1 1  0 1  0 1  0 0
   168  -.3284559170876528E-04   4   0 2  0 1  0 1  0 0
   169  0.8896112215539026       4   1 0  1 1  0 1  0 0
   170  0.4812036996059353       4   0 1  1 1  0 1  0 0
   171  0.3651169756148727E-04   4   0 0  2 1  0 1  0 0
   172  0.5055586554472816       4   1 0  0 2  0 1  0 0
   173  0.4270352488111066       4   0 1  0 2  0 1  0 0
   174  0.1890821503406261E-04   4   0 0  1 2  0 1  0 0
   175  0.2430372122082296E-04   4   0 0  0 3  0 1  0 0
   176  0.9135920178792001E-01   4   3 0  0 0  0 0  1 0
   177  0.3234648501903915       4   2 1  0 0  0 0  1 0
   178  -.1261192034949219       4   1 2  0 0  0 0  1 0
   179  0.3638582241722504E-01   4   0 3  0 0  0 0  1 0
   180  -.8602627791079128E-04   4   2 0  1 0  0 0  1 0
   181  -.1070797589479813E-03   4   1 1  1 0  0 0  1 0
   182  -.2737005859460299E-04   4   0 2  1 0  0 0  1 0
   183  0.5932270531590813       4   1 0  2 0  0 0  1 0
   184  0.2727861630254396       4   0 1  2 0  0 0  1 0
   185  0.2013474483413218E-04   4   0 0  3 0  0 0  1 0
   186  -.4427226473039526E-04   4   2 0  0 1  0 0  1 0
   187  -.1384155669626908E-03   4   1 1  0 1  0 0  1 0
   188  -.3280138965940285E-04   4   0 2  0 1  0 0  1 0
   189  0.8884140246978558       4   1 0  1 1  0 0  1 0
   190  0.4805561183453505       4   0 1  1 1  0 0  1 0
   191  0.3646256183964731E-04   4   0 0  2 1  0 0  1 0
   192  0.5048782984349318       4   1 0  0 2  0 0  1 0
   193  0.4264605648987315       4   0 1  0 2  0 0  1 0
   194  0.1888276924938508E-04   4   0 0  1 2  0 0  1 0
   195  0.2427101441819924E-04   4   0 0  0 3  0 0  1 0
   196  -.4423381493038078       4   3 0  0 0  0 0  0 1
   197  -.6473655907324910       4   2 1  0 0  0 0  0 1
   198  0.5903534049858344E-01   4   1 2  0 0  0 0  0 1
   199  -.3515375126501979E-01   4   0 3  0 0  0 0  0 1
   200  0.3264756469103365E-03   4   2 0  1 0  0 0  0 1
   201  0.2143038149772719E-03   4   1 1  1 0  0 0  0 1
   202  0.3752957301660620E-04   4   0 2  1 0  0 0  0 1
   203  -2.301432017142213       4   1 0  2 0  0 0  0 1
   204  -.5459399235084451       4   0 1  2 0  0 0  0 1
   205  -.8328715305887419E-04   4   0 0  3 0  0 0  0 1
   206  0.8860418927555276E-04   4   2 0  0 1  0 0  0 1
   207  0.1551437330509811E-03   4   1 1  0 1  0 0  0 1
   208  0.2604189680923793E-04   4   0 2  0 1  0 0  0 1
   209  -1.778025246251756       4   1 0  1 1  0 0  0 1
   210  -.6475716852008905       4   0 1  1 1  0 0  0 1
   211  -.7297425940112745E-04   4   0 0  2 1  0 0  0 1
   212  -.5543629915058581       4   1 0  0 2  0 0  0 1
   213  -.3181245219413154       4   0 1  0 2  0 0  0 1
   214  -.2478176193975448E-04   4   0 0  1 2  0 0  0 1
   215  -.1717047836854257E-04   4   0 0  0 3  0 0  0 1
   216  0.5578510260924213E-04   4   2 0  0 0  0 2  0 0
   217  -.1630178808325092E-03   4   1 1  0 0  0 2  0 0
   218  -.4478874355615653E-04   4   0 2  0 0  0 2  0 0
   219  0.5691800981855472E-05   4   1 0  1 0  0 2  0 0
   220  -.1626151467379579E-05   4   0 1  1 0  0 2  0 0
   221  0.4974350675424106E-04   4   0 0  2 0  0 2  0 0
   222  0.6576483875908850E-05   4   1 0  0 1  0 2  0 0
   223  0.2034717015852369E-05   4   0 1  0 1  0 2  0 0
   224  0.1633875248792140E-03   4   0 0  1 1  0 2  0 0
   225  0.1191556585409801E-03   4   0 0  0 2  0 2  0 0
   226  0.5328258561756138E-04   4   2 0  0 0  0 1  1 0
   227  -.1282760109007418E-03   4   1 1  0 0  0 1  1 0
   228  -.3940183224650063E-04   4   0 2  0 0  0 1  1 0
   229  0.6755117311403577E-05   4   1 0  1 0  0 1  1 0
   230  0.6879777690288108E-06   4   0 1  1 0  0 1  1 0
   231  0.4767171346233150E-04   4   0 0  2 0  0 1  1 0
   232  0.7890422165232957E-05   4   1 0  0 1  0 1  1 0
   233  0.3585959788897888E-05   4   0 1  0 1  0 1  1 0
   234  0.1591023126427079E-03   4   0 0  1 1  0 1  1 0
   235  0.1363778143935469E-03   4   0 0  0 2  0 1  1 0
   236  0.5567417705091005E-04   4   2 0  0 0  0 0  2 0
   237  -.1627121851462358E-03   4   1 1  0 0  0 0  2 0
   238  -.4470195641145258E-04   4   0 2  0 0  0 0  2 0
   239  0.5679595865079333E-05   4   1 0  1 0  0 0  2 0
   240  -.1624425993401787E-05   4   0 1  1 0  0 0  2 0
   241  0.4964448711453758E-04   4   0 0  2 0  0 0  2 0
   242  0.6562324274703956E-05   4   1 0  0 1  0 0  2 0
   243  0.2029565881743589E-05   4   0 1  0 1  0 0  2 0
   244  0.1630605894513573E-03   4   0 0  1 1  0 0  2 0
   245  0.1189035390536535E-03   4   0 0  0 2  0 0  2 0
   246  -.1047585193207626E-03   4   2 0  0 0  0 1  0 1
   247  0.1317637001634649E-03   4   1 1  0 0  0 1  0 1
   248  0.3660126117518854E-04   4   0 2  0 0  0 1  0 1
   249  -.9066638685641474E-05   4   1 0  1 0  0 1  0 1
   250  0.2312714058642623E-05   4   0 1  1 0  0 1  0 1
   251  -.1169771017002975E-03   4   0 0  2 0  0 1  0 1
   252  -.4936648863259121E-05   4   1 0  0 1  0 1  0 1
   253  -.5236045035699818E-06   4   0 1  0 1  0 1  0 1
   254  -.2520306979993130E-03   4   0 0  1 1  0 1  0 1
   255  -.1168342036355043E-03   4   0 0  0 2  0 1  0 1
   256  -.1046175402425588E-03   4   2 0  0 0  0 0  1 1
   257  0.1315863787855929E-03   4   1 1  0 0  0 0  1 1
   258  0.3655200492285666E-04   4   0 2  0 0  0 0  1 1
   259  -.9054437230594209E-05   4   1 0  1 0  0 0  1 1
   260  0.2309601717056936E-05   4   0 1  1 0  0 0  1 1
   261  -.1168196794297688E-03   4   0 0  2 0  0 0  1 1
   262  -.4930005353875163E-05   4   1 0  0 1  0 0  1 1
   263  -.5228998613057029E-06   4   0 1  0 1  0 0  1 1
   264  -.2516915269637403E-03   4   0 0  1 1  0 0  1 1
   265  -.1166769736704567E-03   4   0 0  0 2  0 0  1 1
   266  0.4463419738910499E-04   4   2 0  0 0  0 0  0 2
   267  0.4859007233870654E-04   4   1 1  0 0  0 0  0 2
   268  0.7768661942036839E-05   4   0 2  0 0  0 0  0 2
   269  -.5438240942944485E-08   4   1 0  1 0  0 0  0 2
   270  0.5716296677755067E-06   4   0 1  1 0  0 0  0 2
   271  0.8673706952070416E-04   4   0 0  2 0  0 0  0 2
   272  -.1491912358381829E-08   4   1 0  0 1  0 0  0 2
   273  0.7705376437798922E-07   4   0 1  0 1  0 0  0 2
   274  0.6120613313016981E-04   4   0 0  1 1  0 0  0 2
   275  0.9065686695700838E-05   4   0 0  0 2  0 0  0 2
   276  -.1136110276583698E-01   4   1 0  0 0  0 3  0 0
   277  0.6133004547589510E-01   4   0 1  0 0  0 3  0 0
   278  0.9465486745452189E-07   4   0 0  1 0  0 3  0 0
   279  0.8848415906225137E-05   4   0 0  0 1  0 3  0 0
   280  -.6535048131675814E-02   4   1 0  0 0  0 2  1 0
   281  0.3407204213220489E-01   4   0 1  0 0  0 2  1 0
   282  0.9584176593691769E-07   4   0 0  1 0  0 2  1 0
   283  0.5330027712218077E-05   4   0 0  0 1  0 2  1 0
   284  -.6544759283698695E-02   4   1 0  0 0  0 1  2 0
   285  0.3412689932887606E-01   4   0 1  0 0  0 1  2 0
   286  0.9583911289551785E-07   4   0 0  1 0  0 1  2 0
   287  0.5337105996444469E-05   4   0 0  0 1  0 1  2 0
   288  -.1133377756243116E-01   4   1 0  0 0  0 0  3 0
   289  0.6118334750223653E-01   4   0 1  0 0  0 0  3 0
   290  0.9439939160541829E-07   4   0 0  1 0  0 0  3 0
   291  0.8826972621859544E-05   4   0 0  0 1  0 0  3 0
   292  0.2684257220332790E-01   4   1 0  0 0  0 2  0 1
   293  -.6812568308628889E-01   4   0 1  0 0  0 2  0 1
   294  -.2841749971974917E-06   4   0 0  1 0  0 2  0 1
   295  -.1065415065088510E-04   4   0 0  0 1  0 2  0 1
   296  0.1720514129687586E-01   4   1 0  0 0  0 1  1 1
   297  -.4094916194189163E-01   4   0 1  0 0  0 1  1 1
   298  -.2858809796925852E-06   4   0 0  1 0  0 1  1 1
   299  -.7145984147010879E-05   4   0 0  0 1  0 1  1 1
   300  0.2679487180054982E-01   4   1 0  0 0  0 0  2 1
   301  -.6800644902650671E-01   4   0 1  0 0  0 0  2 1
   302  -.2836002053081547E-06   4   0 0  1 0  0 0  2 1
   303  -.1063500443280574E-04   4   0 0  0 1  0 0  2 1
   304  -.1719215594487565E-01   4   1 0  0 0  0 1  0 2
   305  -.6775112794337301E-02   4   0 1  0 0  0 1  0 2
   306  0.2844507471203474E-06   4   0 0  1 0  0 1  0 2
   307  0.5340488653325306E-07   4   0 0  0 1  0 1  0 2
   308  -.1716901955164305E-01   4   1 0  0 0  0 0  1 2
   309  -.6765995166838571E-02   4   0 1  0 0  0 0  1 2
   310  0.2840679467105706E-06   4   0 0  1 0  0 0  1 2
   311  0.5333301675383550E-07   4   0 0  0 1  0 0  1 2
   312  -.7067401973916438E-03   4   1 0  0 0  0 0  0 3
   313  -.8993003834828822E-04   4   0 1  0 0  0 0  0 3
   314  -.9492210506015580E-07   4   0 0  1 0  0 0  0 3
   315  -.1191959895601112E-07   4   0 0  0 1  0 0  0 3
   316  0.8286650664363849E-05   4   0 0  0 0  0 4  0 0
   317  0.4518153974357652E-05   4   0 0  0 0  0 3  1 0
   318  0.4016936549126473E-05   4   0 0  0 0  0 2  2 0
   319  0.4528937313237931E-05   4   0 0  0 0  0 1  3 0
   320  0.8261320362435079E-05   4   0 0  0 0  0 0  4 0
   321  -.9193654387099260E-05   4   0 0  0 0  0 3  0 1
   322  -.5110235980258794E-05   4   0 0  0 0  0 2  1 1
   323  -.5118453913066879E-05   4   0 0  0 0  0 1  2 1
   324  -.9171661888190326E-05   4   0 0  0 0  0 0  3 1
   325  -.3185575829185514E-06   4   0 0  0 0  0 2  0 2
   326  -.3829800122277648E-06   4   0 0  0 0  0 1  1 2
   327  -.3178711849109304E-06   4   0 0  0 0  0 0  2 2
   328  0.7086271427512844E-09   4   0 0  0 0  0 1  0 3
   329  0.7076735057390099E-09   4   0 0  0 0  0 0  1 3
   ----------------------------------------------------
     I  COEFFICIENT            ORDER EXPONENTS
     1  0.6473162949021412E-05   0   0 0  0 0  0 0  0 0
     2  -.3195379441435726E-04   1   1 0  0 0  0 0  0 0
     3  -.8144589344606223E-05   1   0 1  0 0  0 0  0 0
     4   1.256127735542655       1   0 0  1 0  0 0  0 0
     5  0.7252108642366727       1   0 0  0 1  0 0  0 0
     6  -.5009548978669886E-06   1   0 0  0 0  0 1  0 0
     7  -.5002807363746185E-06   1   0 0  0 0  0 0  1 0
     8  0.1001235634050566E-05   1   0 0  0 0  0 0  0 1
     9  0.5643604571362591E-05   2   2 0  0 0  0 0  0 0
    10  -.1454174600756517E-05   2   1 1  0 0  0 0  0 0
    11  0.3930856911701824E-06   2   0 2  0 0  0 0  0 0
    12  -.2071303230055092E-03   2   1 0  1 0  0 0  0 0
    13  0.4935987125941303E-06   2   0 1  1 0  0 0  0 0
    14  -.4630445642549001E-05   2   0 0  2 0  0 0  0 0
    15  0.3164453403935597E-04   2   1 0  0 1  0 0  0 0
    16  0.1492427073659235E-04   2   0 1  0 1  0 0  0 0
    17  0.6622591444948995E-05   2   0 0  1 1  0 0  0 0
    18  0.3268465225498126E-05   2   0 0  0 2  0 0  0 0
    19  0.1600150352168997E-04   2   1 0  0 0  0 1  0 0
    20  0.8150426224673568E-05   2   0 1  0 0  0 1  0 0
    21  -.1326539300347441       2   0 0  1 0  0 1  0 0
    22  -.3957970303371646       2   0 0  0 1  0 1  0 0
    23  0.1597996945237521E-04   2   1 0  0 0  0 0  1 0
    24  0.8139457765176626E-05   2   0 1  0 0  0 0  1 0
    25  -.1324754106274662       2   0 0  1 0  0 0  1 0
    26  -.3952643853470043       2   0 0  0 1  0 0  1 0
    27  -.3198147297423369E-04   2   1 0  0 0  0 0  0 1
    28  -.8145294645225443E-05   2   0 1  0 0  0 0  0 1
    29  0.2651293406622089       2   0 0  1 0  0 0  0 1
    30  0.6585055144749748E-01   2   0 0  0 1  0 0  0 1
    31  0.3809818023983928E-06   2   0 0  0 0  0 2  0 0
    32  0.2613310860797736E-06   2   0 0  0 0  0 1  1 0
    33  0.3802932515310799E-06   2   0 0  0 0  0 0  2 0
    34  -.5223412369866554E-06   2   0 0  0 0  0 1  0 1
    35  -.5216382947670115E-06   2   0 0  0 0  0 0  1 1
    36  0.2137205253013996E-07   2   0 0  0 0  0 0  0 2
    37  0.1018435899187254E-04   3   3 0  0 0  0 0  0 0
    38  -.1504114180434984E-04   3   2 1  0 0  0 0  0 0
    39  -.2900718959446322E-04   3   1 2  0 0  0 0  0 0
    40  -.1131974753617413E-04   3   0 3  0 0  0 0  0 0
    41  -.1898780703203278       3   2 0  1 0  0 0  0 0
    42  -.2963937402785550       3   1 1  1 0  0 0  0 0
    43  0.2021697084070211       3   0 2  1 0  0 0  0 0
    44  -.5276422143370575E-04   3   1 0  2 0  0 0  0 0
    45  -.8522596895497340E-04   3   0 1  2 0  0 0  0 0
    46  0.5037273954482709E-01   3   0 0  3 0  0 0  0 0
    47  0.3569979930989656       3   2 0  0 1  0 0  0 0
    48  -.9471682789922355E-01   3   1 1  0 1  0 0  0 0
    49  0.3893380896259644       3   0 2  0 1  0 0  0 0
    50  -.7734490962375628E-04   3   1 0  1 1  0 0  0 0
    51  -.6459010012502824E-04   3   0 1  1 1  0 0  0 0
    52  0.6431381368054628       3   0 0  2 1  0 0  0 0
    53  -.6569271911705314E-04   3   1 0  0 2  0 0  0 0
    54  -.2864420440880890E-04   3   0 1  0 2  0 0  0 0
    55  0.6286299315608898       3   0 0  1 2  0 0  0 0
    56  0.4885082491488469       3   0 0  0 3  0 0  0 0
    57  -.2988449270781157E-05   3   2 0  0 0  0 1  0 0
    58  0.1897414380590498E-05   3   1 1  0 0  0 1  0 0
    59  -.4892495404541282E-06   3   0 2  0 0  0 1  0 0
    60  0.1160685955355076E-03   3   1 0  1 0  0 1  0 0
    61  0.2894374422287408E-05   3   0 1  1 0  0 1  0 0
    62  0.1482867443481179E-05   3   0 0  2 0  0 1  0 0
    63  -.2941310439124196E-04   3   1 0  0 1  0 1  0 0
    64  -.2130317447159463E-04   3   0 1  0 1  0 1  0 0
    65  -.8341227693261513E-05   3   0 0  1 1  0 1  0 0
    66  -.5315849297925687E-05   3   0 0  0 2  0 1  0 0
    67  -.2984427556593288E-05   3   2 0  0 0  0 0  1 0
    68  0.1894860929739143E-05   3   1 1  0 0  0 0  1 0
    69  -.4885911314801445E-06   3   0 2  0 0  0 0  1 0
    70  0.1159123958897598E-03   3   1 0  1 0  0 0  1 0
    71  0.2890479309597208E-05   3   0 1  1 0  0 0  1 0
    72  0.1480871870360472E-05   3   0 0  2 0  0 0  1 0
    73  -.2937352162154375E-04   3   1 0  0 1  0 0  1 0
    74  -.2127450566337528E-04   3   0 1  0 1  0 0  1 0
    75  -.8330002462141100E-05   3   0 0  1 1  0 0  1 0
    76  -.5308695478468404E-05   3   0 0  0 2  0 0  1 0
    77  0.5972876827374406E-05   3   2 0  0 0  0 0  0 1
    78  -.2338100709573188E-05   3   1 1  0 0  0 0  0 1
    79  0.1916692895938718E-06   3   0 2  0 0  0 0  0 1
    80  -.2319809914252674E-03   3   1 0  1 0  0 0  0 1
    81  -.6278452444477981E-05   3   0 1  1 0  0 0  0 1
    82  -.2963739313843721E-05   3   0 0  2 0  0 0  0 1
    83  0.2714209197342879E-04   3   1 0  0 1  0 0  0 1
    84  0.1272913866178469E-04   3   0 1  0 1  0 0  0 1
    85  0.1004863871045076E-04   3   0 0  1 1  0 0  0 1
    86  0.4087614325396620E-05   3   0 0  0 2  0 0  0 1
    87  -.1200980122435493E-04   3   1 0  0 0  0 2  0 0
    88  -.8155435483968951E-05   3   0 1  0 0  0 2  0 0
    89  0.1017529046359739       3   0 0  1 0  0 2  0 0
    90  0.3136244036133132       3   0 0  0 1  0 2  0 0
    91  -.8029230755270236E-05   3   1 0  0 0  0 1  1 0
    92  -.8157542115806147E-05   3   0 1  0 0  0 1  1 0
    93  0.7093482619802716E-01   3   0 0  1 0  0 1  1 0
    94  0.2316722525753801       3   0 0  0 1  0 1  1 0
    95  -.1198823631969880E-04   3   1 0  0 0  0 0  2 0
    96  -.8138971265389627E-05   3   0 1  0 0  0 0  2 0
    97  0.1015682399993355       3   0 0  1 0  0 0  2 0
    98  0.3130464558719457       3   0 0  0 1  0 0  2 0
    99  0.1604823938063563E-04   3   1 0  0 0  0 1  0 1
   100  0.8156482612513344E-05   3   0 1  0 0  0 1  0 1
   101  -.1417867521924035       3   0 0  1 0  0 1  0 1
   102  -.6732709218467806E-01   3   0 0  0 1  0 1  0 1
   103  0.1602664241640448E-04   3   1 0  0 0  0 0  1 1
   104  0.8145506002615158E-05   3   0 1  0 0  0 0  1 1
   105  -.1415959422634808       3   0 0  1 0  0 0  1 1
   106  -.6723648655703207E-01   3   0 0  0 1  0 0  1 1
   107  -.4725161816863274E-07   3   1 0  0 0  0 0  0 2
   108  -.4974704844805188E-08   3   0 1  0 0  0 0  0 2
   109  0.9126694099274165E-02   3   0 0  1 0  0 0  0 2
   110  0.1431244736920942E-02   3   0 0  0 1  0 0  0 2
   111  -.3210601902395740E-06   3   0 0  0 0  0 3  0 0
   112  -.2012973334349790E-06   3   0 0  0 0  0 2  1 0
   113  -.2015382180891699E-06   3   0 0  0 0  0 1  2 0
   114  -.3202768231944753E-06   3   0 0  0 0  0 0  3 0
   115  0.4025122317054326E-06   3   0 0  0 0  0 2  0 1
   116  0.2830048010040822E-06   3   0 0  0 0  0 1  1 1
   117  0.4017801224697103E-06   3   0 0  0 0  0 0  2 1
   118  -.2167327498964922E-07   3   0 0  0 0  0 1  0 2
   119  -.2164410811759246E-07   3   0 0  0 0  0 0  1 2
   120  0.1910926301302740E-09   3   0 0  0 0  0 0  0 3
   121  0.7435699009574997E-06   4   4 0  0 0  0 0  0 0
   122  -.1040699080713006E-05   4   3 1  0 0  0 0  0 0
   123  -.1982267289558676E-05   4   2 2  0 0  0 0  0 0
   124  -.4120981532729633E-06   4   1 3  0 0  0 0  0 0
   125  -.2701313446086929E-05   4   0 4  0 0  0 0  0 0
   126  0.1609510721797152E-03   4   3 0  1 0  0 0  0 0
   127  0.3355339502715057E-03   4   2 1  1 0  0 0  0 0
   128  0.1569035643025890E-04   4   1 2  1 0  0 0  0 0
   129  -.1447241297019179E-03   4   0 3  1 0  0 0  0 0
   130  0.1539372991120548E-04   4   2 0  2 0  0 0  0 0
   131  0.8344881421277329E-05   4   1 1  2 0  0 0  0 0
   132  -.1813803928344509E-04   4   0 2  2 0  0 0  0 0
   133  0.4359344622268911E-04   4   1 0  3 0  0 0  0 0
   134  0.1284864311574363E-03   4   0 1  3 0  0 0  0 0
   135  0.1539947362955447E-05   4   0 0  4 0  0 0  0 0
   136  -.8724117330999721E-04   4   3 0  0 1  0 0  0 0
   137  0.3565540451544312E-03   4   2 1  0 1  0 0  0 0
   138  0.2799434812333268E-03   4   1 2  0 1  0 0  0 0
   139  -.1332482837614598E-03   4   0 3  0 1  0 0  0 0
   140  -.2579370022047400E-06   4   2 0  1 1  0 0  0 0
   141  0.1314876750823138E-04   4   1 1  1 1  0 0  0 0
   142  -.1092635762422183E-04   4   0 2  1 1  0 0  0 0
   143  -.1252820624887467E-03   4   1 0  2 1  0 0  0 0
   144  0.1969398716557269E-03   4   0 1  2 1  0 0  0 0
   145  -.1622432867086810E-04   4   0 0  3 1  0 0  0 0
   146  -.6366135269065306E-05   4   2 0  0 2  0 0  0 0
   147  -.4458017834120390E-05   4   1 1  0 2  0 0  0 0
   148  -.1551397091967461E-04   4   0 2  0 2  0 0  0 0
   149  0.4855250557265237E-04   4   1 0  1 2  0 0  0 0
   150  -.1330651879187227E-04   4   0 1  1 2  0 0  0 0
   151  -.2321080649915679E-04   4   0 0  2 2  0 0  0 0
   152  0.1482675796119777E-03   4   1 0  0 3  0 0  0 0
   153  -.1285561723561482E-03   4   0 1  0 3  0 0  0 0
   154  -.1449506485533793E-04   4   0 0  1 3  0 0  0 0
   155  -.1227985024061435E-04   4   0 0  0 4  0 0  0 0
   156  -.7637539972795298E-05   4   3 0  0 0  0 1  0 0
   157  0.2334888683894294E-05   4   2 1  0 0  0 1  0 0
   158  0.3676273208241041E-04   4   1 2  0 0  0 1  0 0
   159  0.2169464770536618E-04   4   0 3  0 0  0 1  0 0
   160  0.1657077265649665       4   2 0  1 0  0 1  0 0
   161  0.4362038420513455       4   1 1  1 0  0 1  0 0
   162  -.2814037960218356       4   0 2  1 0  0 1  0 0
   163  0.5637835734681617E-04   4   1 0  2 0  0 1  0 0
   164  0.1072655163109307E-03   4   0 1  2 0  0 1  0 0
   165  -.7716853984258448E-01   4   0 0  3 0  0 1  0 0
   166  -.3671596167429684       4   2 0  0 1  0 1  0 0
   167  0.1714706861703166       4   1 1  0 1  0 1  0 0
   168  -.6076460565971066       4   0 2  0 1  0 1  0 0
   169  0.1192973588172961E-03   4   1 0  1 1  0 1  0 0
   170  0.1165257610354993E-03   4   0 1  1 1  0 1  0 0
   171  -.8220340645075032       4   0 0  2 1  0 1  0 0
   172  0.1080057319886066E-03   4   1 0  0 2  0 1  0 0
   173  0.6106361580914660E-04   4   0 1  0 2  0 1  0 0
   174  -1.036189061607878       4   0 0  1 2  0 1  0 0
   175  -.8249254767483580       4   0 0  0 3  0 1  0 0
   176  -.7627261731444765E-05   4   3 0  0 0  0 0  1 0
   177  0.2331746500742859E-05   4   2 1  0 0  0 0  1 0
   178  0.3671325853014144E-04   4   1 2  0 0  0 0  1 0
   179  0.2166545207091768E-04   4   0 3  0 0  0 0  1 0
   180  0.1654847249160906       4   2 0  1 0  0 0  1 0
   181  0.4356168194782908       4   1 1  1 0  0 0  1 0
   182  -.2810250960552504       4   0 2  1 0  0 0  1 0
   183  0.5630248601052028E-04   4   1 0  2 0  0 0  1 0
   184  0.1071211634343300E-03   4   0 1  2 0  0 0  1 0
   185  -.7706469005849900E-01   4   0 0  3 0  0 0  1 0
   186  -.3666655106343899       4   2 0  0 1  0 0  1 0
   187  0.1712399290020022       4   1 1  0 1  0 0  1 0
   188  -.6068283151715064       4   0 2  0 1  0 0  1 0
   189  0.1191368140540928E-03   4   1 0  1 1  0 0  1 0
   190  0.1163689461579697E-03   4   0 1  1 1  0 0  1 0
   191  -.8209278098046365       4   0 0  2 1  0 0  1 0
   192  0.1078603829646316E-03   4   1 0  0 2  0 0  1 0
   193  0.6098143927282122E-04   4   0 1  0 2  0 0  1 0
   194  -1.034794607202689       4   0 0  1 2  0 0  1 0
   195  -.8238153309191527       4   0 0  0 3  0 0  1 0
   196  0.1526480170424020E-04   4   3 0  0 0  0 0  0 1
   197  0.1037450661971714E-04   4   2 1  0 0  0 0  0 1
   198  -.1546161142363525E-04   4   1 2  0 0  0 0  0 1
   199  -.9400857167911209E-05   4   0 3  0 0  0 0  0 1
   200  -.3311924514810596       4   2 0  1 0  0 0  0 1
   201  -.5754269212510836       4   1 1  1 0  0 0  0 1
   202  0.1580894752630443       4   0 2  1 0  0 0  0 1
   203  -.1126808433573233E-03   4   1 0  2 0  0 0  0 1
   204  -.1291607107902631E-03   4   0 1  2 0  0 0  0 1
   205  0.1542332299010155       4   0 0  3 0  0 0  0 1
   206  0.3768271342783903       4   2 0  0 1  0 0  0 1
   207  -.1532769593738742       4   1 1  0 1  0 0  0 1
   208  0.4646010289071823E-01   4   0 2  0 1  0 0  0 1
   209  -.1610892632476063E-03   4   1 0  1 1  0 0  0 1
   210  -.1037145069433606E-03   4   0 1  1 1  0 0  0 1
   211  0.9998237375065380       4   0 0  2 1  0 0  0 1
   212  -.8448067671911109E-04   4   1 0  0 2  0 0  0 1
   213  -.3611244185551227E-04   4   0 1  0 2  0 0  0 1
   214  0.8137238056886953       4   0 0  1 2  0 0  0 1
   215  0.1832160602209450       4   0 0  0 3  0 0  0 1
   216  -.2718479973078622E-05   4   2 0  0 0  0 2  0 0
   217  -.1620163790803157E-05   4   1 1  0 0  0 2  0 0
   218  -.6568399299368493E-05   4   0 2  0 0  0 2  0 0
   219  -.3544568415129436E-04   4   1 0  1 0  0 2  0 0
   220  -.1539011015374266E-03   4   0 1  1 0  0 2  0 0
   221  -.1066094640759398E-04   4   0 0  2 0  0 2  0 0
   222  0.6200875278834122E-04   4   1 0  0 1  0 2  0 0
   223  -.2086454293966009E-03   4   0 1  0 1  0 2  0 0
   224  -.1095418862362712E-04   4   0 0  1 1  0 2  0 0
   225  -.1637972687631413E-04   4   0 0  0 2  0 2  0 0
   226  -.3372696785218968E-05   4   2 0  0 0  0 1  1 0
   227  -.1498035281120550E-05   4   1 1  0 0  0 1  1 0
   228  -.8020190618522624E-05   4   0 2  0 0  0 1  1 0
   229  -.5708132730775412E-05   4   1 0  1 0  0 1  1 0
   230  -.1810407284152365E-03   4   0 1  1 0  0 1  1 0
   231  -.1090221004001307E-04   4   0 0  2 0  0 1  1 0
   232  0.6768490546198012E-04   4   1 0  0 1  0 1  1 0
   233  -.2539152139647098E-03   4   0 1  0 1  0 1  1 0
   234  -.1415772368300435E-04   4   0 0  1 1  0 1  1 0
   235  -.2006361461468508E-04   4   0 0  0 2  0 1  1 0
   236  -.2712552162655230E-05   4   2 0  0 0  0 0  2 0
   237  -.1616975458091381E-05   4   1 1  0 0  0 0  2 0
   238  -.6554163259869672E-05   4   0 2  0 0  0 0  2 0
   239  -.3539414215204999E-04   4   1 0  1 0  0 0  2 0
   240  -.1535721706480153E-03   4   0 1  1 0  0 0  2 0
   241  -.1063926356811292E-04   4   0 0  2 0  0 0  2 0
   242  0.6187976075326958E-04   4   1 0  0 1  0 0  2 0
   243  -.2081937906466721E-03   4   0 1  0 1  0 0  2 0
   244  -.1092992059416445E-04   4   0 0  1 1  0 0  2 0
   245  -.1634418347832998E-04   4   0 0  0 2  0 0  2 0
   246  0.1296250853725672E-05   4   2 0  0 0  0 1  0 1
   247  0.1428661149818198E-05   4   1 1  0 0  0 1  0 1
   248  0.1084067659214279E-05   4   0 2  0 0  0 1  0 1
   249  0.3483347650331826E-04   4   1 0  1 0  0 1  0 1
   250  0.1323266423607883E-03   4   0 1  1 0  0 1  0 1
   251  0.1184289499802438E-04   4   0 0  2 0  0 1  0 1
   252  -.7474238765388444E-04   4   1 0  0 1  0 1  0 1
   253  0.2672639608847110E-04   4   0 1  0 1  0 1  0 1
   254  0.5795700442163695E-05   4   0 0  1 1  0 1  0 1
   255  -.7538711865418385E-06   4   0 0  0 2  0 1  0 1
   256  0.1294506420416915E-05   4   2 0  0 0  0 0  1 1
   257  0.1426738524973239E-05   4   1 1  0 0  0 0  1 1
   258  0.1082608772048849E-05   4   0 2  0 0  0 0  1 1
   259  0.3478659925228479E-04   4   1 0  1 0  0 0  1 1
   260  0.1321485634018377E-03   4   0 1  1 0  0 0  1 1
   261  0.1182695738807234E-04   4   0 0  2 0  0 0  1 1
   262  -.7464180287106656E-04   4   1 0  0 1  0 0  1 1
   263  0.2669042896418658E-04   4   0 1  0 1  0 0  1 1
   264  0.5787900861650535E-05   4   0 0  1 1  0 0  1 1
   265  -.7528566622276991E-06   4   0 0  0 2  0 0  1 1
   266  0.8500341142539346E-06   4   2 0  0 0  0 0  0 2
   267  0.2775550725616273E-06   4   1 1  0 0  0 0  0 2
   268  -.7799354217819621E-08   4   0 2  0 0  0 0  0 2
   269  0.2193677558909400E-04   4   1 0  1 0  0 0  0 2
   270  -.1645818606185470E-05   4   0 1  1 0  0 0  0 2
   271  0.3500552284404881E-06   4   0 0  2 0  0 0  0 2
   272  0.1235642573404938E-04   4   1 0  0 1  0 0  0 2
   273  0.1422231350030238E-05   4   0 1  0 1  0 0  0 2
   274  0.2153753973923006E-05   4   0 0  1 1  0 0  0 2
   275  0.6128645736863896E-06   4   0 0  0 2  0 0  0 2
   276  0.1001776015041706E-04   4   1 0  0 0  0 3  0 0
   277  0.8154217869915543E-05   4   0 1  0 0  0 3  0 0
   278  -.8632854657612650E-01   4   0 0  1 0  0 3  0 0
   279  -.2727465408703415       4   0 0  0 1  0 3  0 0
   280  0.6036118291729281E-05   4   1 0  0 0  0 2  1 0
   281  0.8154441905312244E-05   4   0 1  0 0  0 2  1 0
   282  -.5550061419386865E-01   4   0 0  1 0  0 2  1 0
   283  -.1910455405248253       4   0 0  0 1  0 2  1 0
   284  0.6044128536671841E-05   4   1 0  0 0  0 1  2 0
   285  0.8154419301524086E-05   4   0 1  0 0  0 1  2 0
   286  -.5556260984358989E-01   4   0 0  1 0  0 1  2 0
   287  -.1912097236218124       4   0 0  0 1  0 1  2 0
   288  0.9993481922489783E-05   4   1 0  0 0  0 0  3 0
   289  0.8132277988940101E-05   4   0 1  0 0  0 0  3 0
   290  -.8611698654889030E-01   4   0 0  1 0  0 0  3 0
   291  -.2720675899960094       4   0 0  0 1  0 0  3 0
   292  -.1206917748928614E-04   4   1 0  0 0  0 2  0 1
   293  -.8161209359393659E-05   4   0 1  0 0  0 2  0 1
   294  0.1109804019153061       4   0 0  1 0  0 2  0 1
   295  0.6841186577862926E-01   4   0 0  0 1  0 2  0 1
   296  -.8100796201674667E-05   4   1 0  0 0  0 1  1 1
   297  -.8165908612439203E-05   4   0 1  0 0  0 1  1 1
   298  0.8025671032389778E-01   4   0 0  1 0  0 1  1 1
   299  0.6949359776543845E-01   4   0 0  0 1  0 1  1 1
   300  -.1204748452414886E-04   4   1 0  0 0  0 0  2 1
   301  -.8144731740980963E-05   4   0 1  0 0  0 0  2 1
   302  0.1107770468715425       4   0 0  1 0  0 0  2 1
   303  0.6827303970942818E-01   4   0 0  0 1  0 0  2 1
   304  0.7099547335068501E-07   4   1 0  0 0  0 1  0 2
   305  0.9960347636958590E-08   4   0 1  0 0  0 1  0 2
   306  -.9321989711891410E-02   4   0 0  1 0  0 1  0 2
   307  -.2168021919267826E-02   4   0 0  0 1  0 1  0 2
   308  0.7089993098852206E-07   4   1 0  0 0  0 0  1 2
   309  0.9946943470520830E-08   4   0 1  0 0  0 0  1 2
   310  -.9309444617466828E-02   4   0 0  1 0  0 0  1 2
   311  -.2165104297544092E-02   4   0 0  0 1  0 0  1 2
   312  -.1579738931970128E-07   4   1 0  0 0  0 0  0 3
   313  -.1661058849094096E-08   4   0 1  0 0  0 0  0 3
   314  0.1260153769368783E-03   4   0 0  1 0  0 0  0 3
   315  0.1313066868283342E-04   4   0 0  0 1  0 0  0 3
   316  -.1512825662755872E-05   4   0 0  0 0  0 4  0 0
   317  -.9086584740953239E-06   4   0 0  0 0  0 3  1 0
   318  -.8280207859726910E-06   4   0 0  0 0  0 2  2 0
   319  -.9103868095255874E-06   4   0 0  0 0  0 1  3 0
   320  -.1508145038648934E-05   4   0 0  0 0  0 0  4 0
   321  -.1660390578222535E-07   4   0 0  0 0  0 3  0 1
   322  0.2326715546027340E-07   4   0 0  0 0  0 2  1 1
   323  0.2318671567056245E-07   4   0 0  0 0  0 1  2 1
   324  -.1658602352600345E-07   4   0 0  0 0  0 0  3 1
   325  0.1117653198484803E-07   4   0 0  0 0  0 2  0 2
   326  0.1403596594778406E-07   4   0 0  0 0  0 1  1 2
   327  0.1115204666409447E-07   4   0 0  0 0  0 0  2 2
   328  -.1534583053018846E-09   4   0 0  0 0  0 1  0 3
   329  -.1532517883468487E-09   4   0 0  0 0  0 0  1 3
   ----------------------------------------------------
     I  COEFFICIENT            ORDER EXPONENTS
     1  0.3435743019424061E-05   0   0 0  0 0  0 0  0 0
     2  -.9113332006041334E-04   1   1 0  0 0  0 0  0 0
     3  -.2823804787482187E-04   1   0 1  0 0  0 0  0 0
     4  0.7442617148242784       1   0 0  1 0  0 0  0 0
     5   1.225788299835433       1   0 0  0 1  0 0  0 0
     6  -.6373469109339962E-07   1   0 0  0 0  0 1  0 0
     7  -.6364891994983048E-07   1   0 0  0 0  0 0  1 0
     8  0.3563126630467297E-05   1   0 0  0 0  0 0  0 1
     9  0.1328873475711310E-05   2   2 0  0 0  0 0  0 0
    10  -.1249225736254999E-04   2   1 1  0 0  0 0  0 0
    11  -.2068541458937749E-05   2   0 2  0 0  0 0  0 0
    12  -.1547632905891160E-03   2   1 0  1 0  0 0  0 0
    13  0.1564836828178502E-03   2   0 1  1 0  0 0  0 0
    14  -.4021458468441390E-05   2   0 0  2 0  0 0  0 0
    15  0.1315262857213838E-03   2   1 0  0 1  0 0  0 0
    16  0.9870497874031841E-04   2   0 1  0 1  0 0  0 0
    17  0.8317940834283572E-05   2   0 0  1 1  0 0  0 0
    18  0.1107041778816472E-05   2   0 0  0 2  0 0  0 0
    19  0.9530639301700140E-07   2   1 0  0 0  0 1  0 0
    20  0.1413852353814137E-04   2   0 1  0 0  0 1  0 0
    21  -.2008124273492889E-01   2   0 0  1 0  0 1  0 0
    22  -.1166553944419149       2   0 0  0 1  0 1  0 0
    23  0.9517813416489576E-07   2   1 0  0 0  0 0  1 0
    24  0.1411949657948923E-04   2   0 1  0 0  0 0  1 0
    25  -.2005421834485202E-01   2   0 0  1 0  0 0  1 0
    26  -.1164984051098530       2   0 0  0 1  0 0  1 0
    27  -.9132380458759512E-04   2   1 0  0 0  0 0  0 1
    28  -.2825802011752473E-04   2   0 1  0 0  0 0  0 1
    29  0.7843971759040564       2   0 0  1 0  0 0  0 1
    30  0.2331537995517683       2   0 0  0 1  0 0  0 1
    31  0.4398999393822099E-07   2   0 0  0 0  0 2  0 0
    32  0.2429853544720812E-07   2   0 0  0 0  0 1  1 0
    33  0.4391444439697573E-07   2   0 0  0 0  0 0  2 0
    34  -.1122791097405442E-06   2   0 0  0 0  0 1  0 1
    35  -.1121280098061816E-06   2   0 0  0 0  0 0  1 1
    36  0.1122037577388699E-06   2   0 0  0 0  0 0  0 2
    37  0.4392652839165023E-04   3   3 0  0 0  0 0  0 0
    38  0.4282072990320401E-04   3   2 1  0 0  0 0  0 0
    39  0.1467586244933196E-04   3   1 2  0 0  0 0  0 0
    40  -.1234041610277133E-04   3   0 3  0 0  0 0  0 0
    41  -.9397101396147705       3   2 0  1 0  0 0  0 0
    42  -.8790183004835986       3   1 1  1 0  0 0  0 0
    43  0.2404663944505556       3   0 2  1 0  0 0  0 0
    44  -.1064257145922498E-03   3   1 0  2 0  0 0  0 0
    45  -.3765177744009036E-04   3   0 1  2 0  0 0  0 0
    46  -.4485679540551722       3   0 0  3 0  0 0  0 0
    47  -.1457155591292760       3   2 0  0 1  0 0  0 0
    48  -.2743760422560838       3   1 1  0 1  0 0  0 0
    49  0.1722285611092168       3   0 2  0 1  0 0  0 0
    50  -.6294015984404759E-04   3   1 0  1 1  0 0  0 0
    51  0.6652793346770345E-04   3   0 1  1 1  0 0  0 0
    52  -.5433319649573017       3   0 0  2 1  0 0  0 0
    53  -.1043605024659342E-04   3   1 0  0 2  0 0  0 0
    54  0.9707483406405258E-05   3   0 1  0 2  0 0  0 0
    55  -.5688243402766294       3   0 0  1 2  0 0  0 0
    56  -.2450673367896681E-01   3   0 0  0 3  0 0  0 0
    57  -.8567333310959858E-06   3   2 0  0 0  0 1  0 0
    58  0.6887997894929176E-05   3   1 1  0 0  0 1  0 0
    59  0.2227693550662947E-05   3   0 2  0 0  0 1  0 0
    60  0.7935674599215282E-04   3   1 0  1 0  0 1  0 0
    61  -.6505002219472180E-04   3   0 1  1 0  0 1  0 0
    62  0.2600856027483110E-05   3   0 0  2 0  0 1  0 0
    63  -.4196413003925209E-04   3   1 0  0 1  0 1  0 0
    64  -.9207831190889613E-04   3   0 1  0 1  0 1  0 0
    65  -.2386850449900435E-05   3   0 0  1 1  0 1  0 0
    66  -.7080576978630396E-06   3   0 0  0 2  0 1  0 0
    67  -.8555803797554583E-06   3   2 0  0 0  0 0  1 0
    68  0.6878728351982311E-05   3   1 1  0 0  0 0  1 0
    69  0.2224695625670020E-05   3   0 2  0 0  0 0  1 0
    70  0.7924995142335138E-04   3   1 0  1 0  0 0  1 0
    71  -.6496248094055444E-04   3   0 1  1 0  0 0  1 0
    72  0.2597355918014969E-05   3   0 0  2 0  0 0  1 0
    73  -.4190765669074539E-04   3   1 0  0 1  0 0  1 0
    74  -.9195439725622974E-04   3   0 1  0 1  0 0  1 0
    75  -.2383638339054281E-05   3   0 0  1 1  0 0  1 0
    76  -.7071048271832284E-06   3   0 0  0 2  0 0  1 0
    77  0.3041187186562708E-05   3   2 0  0 0  0 0  0 1
    78  -.1376672624691153E-04   3   1 1  0 0  0 0  0 1
    79  -.2383847717395244E-05   3   0 2  0 0  0 0  0 1
    80  -.3133699880046210E-03   3   1 0  1 0  0 0  0 1
    81  0.1300125031352762E-03   3   0 1  1 0  0 0  0 1
    82  -.9219670413941148E-05   3   0 0  2 0  0 0  0 1
    83  0.8387178672999644E-04   3   1 0  0 1  0 0  0 1
    84  0.8532773042480657E-04   3   0 1  0 1  0 0  0 1
    85  0.4770488788951837E-05   3   0 0  1 1  0 0  0 1
    86  0.3081207462290467E-06   3   0 0  0 2  0 0  0 1
    87  -.9381187614060074E-07   3   1 0  0 0  0 2  0 0
    88  -.1061222360663805E-04   3   0 1  0 0  0 2  0 0
    89  0.1524698505831683E-01   3   0 0  1 0  0 2  0 0
    90  0.8933939320355545E-01   3   0 0  0 1  0 2  0 0
    91  -.9353010709250138E-07   3   1 0  0 0  0 1  1 0
    92  -.7093920104669652E-05   3   0 1  0 0  0 1  1 0
    93  0.1042572480043437E-01   3   0 0  1 0  0 1  1 0
    94  0.6209671544532779E-01   3   0 0  0 1  0 1  1 0
    95  -.9362269432899553E-07   3   1 0  0 0  0 0  2 0
    96  -.1059316884456879E-04   3   0 1  0 0  0 0  2 0
    97  0.1521945115984605E-01   3   0 0  1 0  0 0  2 0
    98  0.8917738104203655E-01   3   0 0  0 1  0 0  2 0
    99  0.2832640396831228E-06   3   1 0  0 0  0 1  0 1
   100  0.1417558097222129E-04   3   0 1  0 0  0 1  0 1
   101  -.4091973929938553E-01   3   0 0  1 0  0 1  0 1
   102  -.1241201450207338       3   0 0  0 1  0 1  0 1
   103  0.2828828362882464E-06   3   1 0  0 0  0 0  1 1
   104  0.1415650414342084E-04   3   0 1  0 0  0 0  1 1
   105  -.4086467144271615E-01   3   0 0  1 0  0 0  1 1
   106  -.1239531099791444       3   0 0  0 1  0 0  1 1
   107  -.2845757093206910E-06   3   1 0  0 0  0 0  0 2
   108  -.3570833201854068E-07   3   0 1  0 0  0 0  0 2
   109  0.4089222731844454E-01   3   0 0  1 0  0 0  0 2
   110  0.7459740453617828E-02   3   0 0  0 1  0 0  0 2
   111  -.3620108779777577E-07   3   0 0  0 0  0 3  0 0
   112  -.2062792856345345E-07   3   0 0  0 0  0 2  1 0
   113  -.2065926668733017E-07   3   0 0  0 0  0 1  2 0
   114  -.3611414992837267E-07   3   0 0  0 0  0 0  3 0
   115  0.8524036555734051E-07   3   0 0  0 0  0 2  0 1
   116  0.5827419290751471E-07   3   0 0  0 0  0 1  1 1
   117  0.8508644179059423E-07   3   0 0  0 0  0 0  2 1
   118  -.5823763432435001E-07   3   0 0  0 0  0 1  0 2
   119  -.5815926086071763E-07   3   0 0  0 0  0 0  1 2
   120  0.1397712482060797E-08   3   0 0  0 0  0 0  0 3
   121  0.3110448061908881E-05   4   4 0  0 0  0 0  0 0
   122  -.1230511989730325E-05   4   3 1  0 0  0 0  0 0
   123  -.3079200200247099E-05   4   2 2  0 0  0 0  0 0
   124  0.9463507384988411E-06   4   1 3  0 0  0 0  0 0
   125  -.2668840556511538E-05   4   0 4  0 0  0 0  0 0
   126  0.5896176148750080E-09   4   3 0  1 0  0 0  0 0
   127  -.4821850979991361E-03   4   2 1  1 0  0 0  0 0
   128  -.2104434257240474E-03   4   1 2  1 0  0 0  0 0
   129  -.1178352388810300E-03   4   0 3  1 0  0 0  0 0
   130  0.1656161300272449E-05   4   2 0  2 0  0 0  0 0
   131  -.5334879045949476E-04   4   1 1  2 0  0 0  0 0
   132  -.9866988696762065E-05   4   0 2  2 0  0 0  0 0
   133  0.1414106563040897E-08   4   1 0  3 0  0 0  0 0
   134  -.2496327031148071E-08   4   0 1  3 0  0 0  0 0
   135  -.4646563866099114E-05   4   0 0  4 0  0 0  0 0
   136  -.2410948449208931E-03   4   3 0  0 1  0 0  0 0
   137  -.3328545231710779E-03   4   2 1  0 1  0 0  0 0
   138  0.6591735311185238E-04   4   1 2  0 1  0 0  0 0
   139  -.4878525306864863E-05   4   0 3  0 1  0 0  0 0
   140  -.2210185195983639E-04   4   2 0  1 1  0 0  0 0
   141  -.5786376676570246E-04   4   1 1  1 1  0 0  0 0
   142  0.1729969256581150E-04   4   0 2  1 1  0 0  0 0
   143  -.3452620505045670E-03   4   1 0  2 1  0 0  0 0
   144  -.4663315867277820E-04   4   0 1  2 1  0 0  0 0
   145  -.3216989695657847E-04   4   0 0  3 1  0 0  0 0
   146  0.2736746954100551E-05   4   2 0  0 2  0 0  0 0
   147  -.1590489632732375E-04   4   1 1  0 2  0 0  0 0
   148  -.2628706272608413E-06   4   0 2  0 2  0 0  0 0
   149  -.1985997605305357E-03   4   1 0  1 2  0 0  0 0
   150  -.1250293832574735E-03   4   0 1  1 2  0 0  0 0
   151  -.2439531881797285E-04   4   0 0  2 2  0 0  0 0
   152  -.3076791550151239E-04   4   1 0  0 3  0 0  0 0
   153  -.2341380887078671E-04   4   0 1  0 3  0 0  0 0
   154  0.7731711260923999E-06   4   0 0  1 3  0 0  0 0
   155  0.2088013387395094E-05   4   0 0  0 4  0 0  0 0
   156  -.2123747988868084E-04   4   3 0  0 0  0 1  0 0
   157  -.4322759785668602E-04   4   2 1  0 0  0 1  0 0
   158  -.2226879901031609E-04   4   1 2  0 0  0 1  0 0
   159  0.1760578376511185E-04   4   0 3  0 0  0 1  0 0
   160  0.4203483251419380       4   2 0  1 0  0 1  0 0
   161  0.8724826746460909       4   1 1  1 0  0 1  0 0
   162  -.1830694811480757       4   0 2  1 0  0 1  0 0
   163  0.3804567259262404E-04   4   1 0  2 0  0 1  0 0
   164  0.3540068194268354E-04   4   0 1  2 0  0 1  0 0
   165  0.2818839302893260       4   0 0  3 0  0 1  0 0
   166  0.1208005013491997       4   2 0  0 1  0 1  0 0
   167  0.4016317025170092       4   1 1  0 1  0 1  0 0
   168  -.2361492448445761       4   0 2  0 1  0 1  0 0
   169  0.5223816614977118E-04   4   1 0  1 1  0 1  0 0
   170  -.5627591350662049E-04   4   0 1  1 1  0 1  0 0
   171  0.5974773509383213       4   0 0  2 1  0 1  0 0
   172  0.1376775620734063E-04   4   1 0  0 2  0 1  0 0
   173  -.1273721002328330E-04   4   0 1  0 2  0 1  0 0
   174  0.6939858411273711       4   0 0  1 2  0 1  0 0
   175  0.5064313428989048E-01   4   0 0  0 3  0 1  0 0
   176  -.2120889948913444E-04   4   3 0  0 0  0 0  1 0
   177  -.4316942419273674E-04   4   2 1  0 0  0 0  1 0
   178  -.2223883071010025E-04   4   1 2  0 0  0 0  1 0
   179  0.1758209073105261E-04   4   0 3  0 0  0 0  1 0
   180  0.4197826401762926       4   2 0  1 0  0 0  1 0
   181  0.8713085285812392       4   1 1  1 0  0 0  1 0
   182  -.1828231148681141       4   0 2  1 0  0 0  1 0
   183  0.3799447251948111E-04   4   1 0  2 0  0 0  1 0
   184  0.3535304137330361E-04   4   0 1  2 0  0 0  1 0
   185  0.2815045841806619       4   0 0  3 0  0 0  1 0
   186  0.1206379337276133       4   2 0  0 1  0 0  1 0
   187  0.4010912055000103       4   1 1  0 1  0 0  1 0
   188  -.2358314463201932       4   0 2  0 1  0 0  1 0
   189  0.5216786648766995E-04   4   1 0  1 1  0 0  1 0
   190  -.5620018003441110E-04   4   0 1  1 1  0 0  1 0
   191  0.5966732940775313       4   0 0  2 1  0 0  1 0
   192  0.1374922820989069E-04   4   1 0  0 2  0 0  1 0
   193  -.1272006888631627E-04   4   0 1  0 2  0 0  1 0
   194  0.6930519076887688       4   0 0  1 2  0 0  1 0
   195  0.5057498114648329E-01   4   0 0  0 3  0 0  1 0
   196  0.8637290776946549E-04   4   3 0  0 0  0 0  0 1
   197  0.8639702204942313E-04   4   2 1  0 0  0 0  0 1
   198  0.2983176727108434E-04   4   1 2  0 0  0 0  0 1
   199  -.1050704229062158E-04   4   0 3  0 0  0 0  0 1
   200  -1.779841104933002       4   2 0  1 0  0 0  0 1
   201  -1.743791203227332       4   1 1  1 0  0 0  0 1
   202  0.1254262015656337       4   0 2  1 0  0 0  0 1
   203  -.1824658597043427E-03   4   1 0  2 0  0 0  0 1
   204  -.7075372331598043E-04   4   0 1  2 0  0 0  0 1
   205  -1.011956468525222       4   0 0  3 0  0 0  0 1
   206  -.2414384350768164       4   2 0  0 1  0 0  0 1
   207  -.5283468657609373       4   1 1  0 1  0 0  0 1
   208  0.1275235689463342       4   0 2  0 1  0 0  0 1
   209  -.1044060326374278E-03   4   1 0  1 1  0 0  0 1
   210  0.4594816007333985E-04   4   0 1  1 1  0 0  0 1
   211  -1.194150645015959       4   0 0  2 1  0 0  0 1
   212  -.1708093417063225E-04   4   1 0  0 2  0 0  0 1
   213  0.6042312096791662E-05   4   0 1  0 2  0 0  0 1
   214  -.8182134085395991       4   0 0  1 2  0 0  0 1
   215  -.5220464807845560E-01   4   0 0  0 3  0 0  0 1
   216  0.1109639185012239E-05   4   2 0  0 0  0 2  0 0
   217  0.1989318828185791E-06   4   1 1  0 0  0 2  0 0
   218  -.5253234291699470E-05   4   0 2  0 0  0 2  0 0
   219  0.1011442947537949E-03   4   1 0  1 0  0 2  0 0
   220  -.1075859811508774E-03   4   0 1  1 0  0 2  0 0
   221  0.5729257015246162E-05   4   0 0  2 0  0 2  0 0
   222  0.1118674469549483E-03   4   1 0  0 1  0 2  0 0
   223  -.2300961482898964E-04   4   0 1  0 1  0 2  0 0
   224  0.2150216415037017E-04   4   0 0  1 1  0 2  0 0
   225  0.5106244788506567E-05   4   0 0  0 2  0 2  0 0
   226  0.5216026478467495E-06   4   2 0  0 0  0 1  1 0
   227  0.2310294692902400E-05   4   1 1  0 0  0 1  1 0
   228  -.5775553051151491E-05   4   0 2  0 0  0 1  1 0
   229  0.1219776999829661E-03   4   1 0  1 0  0 1  1 0
   230  -.1276815561184615E-03   4   0 1  1 0  0 1  1 0
   231  0.6198419203269346E-05   4   0 0  2 0  0 1  1 0
   232  0.1033561255027340E-03   4   1 0  0 1  0 1  1 0
   233  -.4295460421447060E-04   4   0 1  0 1  0 1  1 0
   234  0.2126426455792690E-04   4   0 0  1 1  0 1  1 0
   235  0.5390129766024689E-05   4   0 0  0 2  0 1  1 0
   236  0.1107794910761928E-05   4   2 0  0 0  0 0  2 0
   237  0.1971096268073901E-06   4   1 1  0 0  0 0  2 0
   238  -.5242278503014128E-05   4   0 2  0 0  0 0  2 0
   239  0.1009261036086675E-03   4   1 0  1 0  0 0  2 0
   240  -.1073552830973962E-03   4   0 1  1 0  0 0  2 0
   241  0.5717376080944168E-05   4   0 0  2 0  0 0  2 0
   242  0.1116473551156185E-03   4   1 0  0 1  0 0  2 0
   243  -.2294974643277266E-04   4   0 1  0 1  0 0  2 0
   244  0.2145891932867210E-04   4   0 0  1 1  0 0  2 0
   245  0.5095746153613549E-05   4   0 0  0 2  0 0  2 0
   246  -.2739160928039403E-05   4   2 0  0 0  0 1  0 1
   247  -.1375016821869851E-05   4   1 1  0 0  0 1  0 1
   248  0.4134847193838653E-05   4   0 2  0 0  0 1  0 1
   249  -.1621329779800186E-03   4   1 0  1 0  0 1  0 1
   250  0.8361128102242867E-04   4   0 1  1 0  0 1  0 1
   251  -.1148828395876676E-04   4   0 0  2 0  0 1  0 1
   252  -.1494649860741284E-03   4   1 0  0 1  0 1  0 1
   253  -.1168276728042414E-05   4   0 1  0 1  0 1  0 1
   254  -.2732298056742925E-04   4   0 0  1 1  0 1  0 1
   255  -.5700753143265733E-05   4   0 0  0 2  0 1  0 1
   256  -.2735474694354628E-05   4   2 0  0 0  0 0  1 1
   257  -.1373166389033278E-05   4   1 1  0 0  0 0  1 1
   258  0.4129282711353778E-05   4   0 2  0 0  0 0  1 1
   259  -.1619147870593154E-03   4   1 0  1 0  0 0  1 1
   260  0.8349876090089181E-04   4   0 1  1 0  0 0  1 1
   261  -.1147282356763911E-04   4   0 0  2 0  0 0  1 1
   262  -.1492638431399106E-03   4   1 0  0 1  0 0  1 1
   263  -.1166704516280773E-05   4   0 1  0 1  0 0  1 1
   264  -.2728621058786901E-04   4   0 0  1 1  0 0  1 1
   265  -.5693081338352700E-05   4   0 0  0 2  0 0  1 1
   266  0.2735599068984249E-05   4   2 0  0 0  0 0  0 2
   267  0.2404323768568487E-05   4   1 1  0 0  0 0  0 2
   268  0.3989913440536678E-06   4   0 2  0 0  0 0  0 2
   269  -.3333060238653982E-09   4   1 0  1 0  0 0  0 2
   270  -.9142620178435324E-10   4   0 1  1 0  0 0  0 2
   271  0.5316054964733815E-05   4   0 0  2 0  0 0  0 2
   272  0.1049136212997488E-04   4   1 0  0 1  0 0  0 2
   273  0.1416922775519058E-05   4   0 1  0 1  0 0  0 2
   274  0.4393615441017439E-05   4   0 0  1 1  0 0  0 2
   275  0.6427227841954379E-06   4   0 0  0 2  0 0  0 2
   276  0.9487312286175380E-07   4   1 0  0 0  0 3  0 0
   277  0.8849427242088001E-05   4   0 1  0 0  0 3  0 0
   278  -.1283242767883119E-01   4   0 0  1 0  0 3  0 0
   279  -.7570244050907772E-01   4   0 0  0 1  0 3  0 0
   280  0.9593799215068914E-07   4   1 0  0 0  0 2  1 0
   281  0.5327608707730632E-05   4   0 1  0 0  0 2  1 0
   282  -.8006550741230870E-02   4   0 0  1 0  0 2  1 0
   283  -.4844691713784061E-01   4   0 0  0 1  0 2  1 0
   284  0.9593558483894179E-07   4   1 0  0 0  0 1  2 0
   285  0.5334693913695831E-05   4   0 1  0 0  0 1  2 0
   286  -.8016257537584120E-02   4   0 0  1 0  0 1  2 0
   287  -.4850173028466064E-01   4   0 0  0 1  0 1  2 0
   288  0.9461714176579851E-07   4   1 0  0 0  0 0  3 0
   289  0.8827983541612857E-05   4   0 1  0 0  0 0  3 0
   290  -.1280114361067995E-01   4   0 0  1 0  0 0  3 0
   291  -.7551707051725619E-01   4   0 0  0 1  0 0  3 0
   292  -.2847961052106986E-06   4   1 0  0 0  0 2  0 1
   293  -.1065551467210900E-04   4   0 1  0 0  0 2  0 1
   294  0.3125680453823720E-01   4   0 0  1 0  0 2  0 1
   295  0.9687541779057807E-01   4   0 0  0 1  0 2  0 1
   296  -.2863235341626256E-06   4   1 0  0 0  0 1  1 1
   297  -.7144896977960997E-05   4   0 1  0 0  0 1  1 1
   298  0.2161980351376952E-01   4   0 0  1 0  0 1  1 1
   299  0.6970379511234985E-01   4   0 0  0 1  0 1  1 1
   300  -.2842201796693051E-06   4   1 0  0 0  0 0  2 1
   301  -.1063636734982711E-04   4   0 1  0 0  0 0  2 1
   302  0.3120019314744150E-01   4   0 0  1 0  0 0  2 1
   303  0.9669814537767864E-01   4   0 0  0 1  0 0  2 1
   304  0.2849846820393630E-06   4   1 0  0 0  0 1  0 2
   305  0.5365132909275727E-07   4   0 1  0 0  0 1  0 2
   306  -.2160681491413342E-01   4   0 0  1 0  0 1  0 2
   307  -.7607159195931137E-02   4   0 0  0 1  0 1  0 2
   308  0.2846011630851360E-06   4   1 0  0 0  0 0  1 2
   309  0.5357912766255753E-07   4   0 1  0 0  0 0  1 2
   310  -.2157773748091565E-01   4   0 0  1 0  0 0  1 2
   311  -.7596921839598031E-02   4   0 0  0 1  0 0  1 2
   312  -.9500337860329606E-07   4   1 0  0 0  0 0  0 3
   313  -.1193793090470754E-07   4   0 1  0 0  0 0  0 3
   314  0.7641083588684951E-03   4   0 0  1 0  0 0  0 3
   315  0.9486670943084049E-04   4   0 0  0 1  0 0  0 3
   316  -.5503199621979720E-06   4   0 0  0 0  0 4  0 0
   317  -.3284292302906418E-06   4   0 0  0 0  0 3  1 0
   318  -.2985002297361997E-06   4   0 0  0 0  0 2  2 0
   319  -.3290644367925730E-06   4   0 0  0 0  0 1  3 0
   320  -.5486187122193442E-06   4   0 0  0 0  0 0  4 0
   321  0.6462389125561133E-06   4   0 0  0 0  0 3  0 1
   322  0.4120782258988826E-06   4   0 0  0 0  0 2  1 1
   323  0.4125491539663881E-06   4   0 0  0 0  0 1  2 1
   324  0.6446574919545124E-06   4   0 0  0 0  0 0  3 1
   325  -.1893373665463921E-07   4   0 0  0 0  0 2  0 2
   326  -.2263403681690994E-07   4   0 0  0 0  0 1  1 2
   327  -.1889302661414256E-07   4   0 0  0 0  0 0  2 2
   328  -.6536429830633806E-10   4   0 0  0 0  0 1  0 3
   329  -.6527633411419017E-10   4   0 0  0 0  0 0  1 3
   ----------------------------------------------------
     I  COEFFICIENT            ORDER EXPONENTS
     1  0.5374314872014056E-08   0   0 0  0 0  0 0  0 0
     2  -.2120058488471095E-05   1   1 0  0 0  0 0  0 0
     3  0.2801859440412891E-05   1   0 1  0 0  0 0  0 0
     4  -.2930991072521556E-06   1   0 0  1 0  0 0  0 0
     5  -.5679412486140290E-06   1   0 0  0 1  0 0  0 0
     6   1.000000000000000       1   0 0  0 0  1 0  0 0
     7  0.1649722364229446       1   0 0  0 0  0 1  0 0
     8  -.1649722363438351       1   0 0  0 0  0 0  1 0
     9  -.7911064458195727E-10   1   0 0  0 0  0 0  0 1
    10  -.3130888618384933E-01   2   2 0  0 0  0 0  0 0
    11  0.1019381183814151       2   1 1  0 0  0 0  0 0
    12  -.1369429542310099       2   0 2  0 0  0 0  0 0
    13  0.7030050604349500E-06   2   1 0  1 0  0 0  0 0
    14  0.1614357743803016E-04   2   0 1  1 0  0 0  0 0
    15  -.3675231925404119E-01   2   0 0  2 0  0 0  0 0
    16  0.1614364536280945E-04   2   1 0  0 1  0 0  0 0
    17  0.8180684069690988E-05   2   0 1  0 1  0 0  0 0
    18  -.1480425004805462       2   0 0  1 1  0 0  0 0
    19  -.2002818047890354       2   0 0  0 2  0 0  0 0
    20  0.3126448754841646E-05   2   1 0  0 0  0 1  0 0
    21  -.3895818173582804E-05   2   0 1  0 0  0 1  0 0
    22  0.4586680645983329E-06   2   0 0  1 0  0 1  0 0
    23  0.9036110018492704E-06   2   0 0  0 1  0 1  0 0
    24  0.1007883576280425E-05   2   1 0  0 0  0 0  1 0
    25  -.1096248672455115E-05   2   0 1  0 0  0 0  1 0
    26  0.1657400878665554E-06   2   0 0  1 0  0 0  1 0
    27  0.3359815959656347E-06   2   0 0  0 1  0 0  1 0
    28  -.4134327571197125E-05   2   1 0  0 0  0 0  0 1
    29  0.2190193621042268E-05   2   0 1  0 0  0 0  0 1
    30  -.6244083033675874E-06   2   0 0  1 0  0 0  0 1
    31  -.6716525063075359E-06   2   0 0  0 1  0 0  0 1
    32  -.1238124878521650       2   0 0  0 0  0 2  0 0
    33  0.8265273916348974E-01   2   0 0  0 0  0 1  1 0
    34  0.4115974857075318E-01   2   0 0  0 0  0 0  2 0
    35  0.1178919229714836E-09   2   0 0  0 0  0 1  0 1
    36  0.3883540847649084E-10   2   0 0  0 0  0 0  1 1
    37  -.3880845058834137E-10   2   0 0  0 0  0 0  0 2
    38  0.8893473093554813E-05   3   3 0  0 0  0 0  0 0
    39  -.5625030640740658E-04   3   2 1  0 0  0 0  0 0
    40  -.1444233885356347E-05   3   1 2  0 0  0 0  0 0
    41  0.7861846299606286E-05   3   0 3  0 0  0 0  0 0
    42  -.2114731200387576E-05   3   2 0  1 0  0 0  0 0
    43  -.5796122235077375E-05   3   1 1  1 0  0 0  0 0
    44  0.1318485637679501E-05   3   0 2  1 0  0 0  0 0
    45  0.1779245013348020E-05   3   1 0  2 0  0 0  0 0
    46  0.2615350678889196E-04   3   0 1  2 0  0 0  0 0
    47  -.2007208301273297E-06   3   0 0  3 0  0 0  0 0
    48  -.4611602935442359E-05   3   2 0  0 1  0 0  0 0
    49  0.4767412724467898E-06   3   1 1  0 1  0 0  0 0
    50  0.1199249226012688E-06   3   0 2  0 1  0 0  0 0
    51  0.8632517931892104E-04   3   1 0  1 1  0 0  0 0
    52  -.1345575910025636E-04   3   0 1  1 1  0 0  0 0
    53  -.7242885941062426E-06   3   0 0  2 1  0 0  0 0
    54  -.2405114716618433E-04   3   1 0  0 2  0 0  0 0
    55  -.9660777054353504E-05   3   0 1  0 2  0 0  0 0
    56  -.5261951758853657E-05   3   0 0  1 2  0 0  0 0
    57  -.1995352417612055E-05   3   0 0  0 3  0 0  0 0
    58  0.4568759802124071E-01   3   2 0  0 0  0 1  0 0
    59  -.1425865248896345       3   1 1  0 0  0 1  0 0
    60  0.1926999826854851       3   0 2  0 0  0 1  0 0
    61  -.1407062915577497E-05   3   1 0  1 0  0 1  0 0
    62  -.2437664037058529E-04   3   0 1  1 0  0 1  0 0
    63  0.5657863806965022E-01   3   0 0  2 0  0 1  0 0
    64  -.2437474333088307E-04   3   1 0  0 1  0 1  0 0
    65  -.1640172852075531E-04   3   0 1  0 1  0 1  0 0
    66  0.2348671927511468       3   0 0  1 1  0 1  0 0
    67  0.3196472288793107       3   0 0  0 2  0 1  0 0
    68  0.1440143426491942E-01   3   2 0  0 0  0 0  1 0
    69  -.4073072244362609E-01   3   1 1  0 0  0 0  1 0
    70  0.5586605499148699E-01   3   0 2  0 0  0 0  1 0
    71  -.7038442215932671E-06   3   1 0  1 0  0 0  1 0
    72  -.8243365607073535E-05   3   0 1  1 0  0 0  1 0
    73  0.1984902096473436E-01   3   0 0  2 0  0 0  1 0
    74  -.8242137026933440E-05   3   1 0  0 1  0 0  1 0
    75  -.8218779710297942E-05   3   0 1  0 1  0 0  1 0
    76  0.8690681056519259E-01   3   0 0  1 1  0 0  1 0
    77  0.1194739642120276       3   0 0  0 2  0 0  1 0
    78  -.6008902302432767E-01   3   2 0  0 0  0 0  0 1
    79  0.8137918724855336E-01   3   1 1  0 0  0 0  0 1
    80  0.2531979473922112E-01   3   0 2  0 0  0 0  0 1
    81  0.2110589872152348E-05   3   1 0  1 0  0 0  0 1
    82  0.1647522624950449E-04   3   0 1  1 0  0 0  0 1
    83  -.7642764004544966E-01   3   0 0  2 0  0 0  0 1
    84  0.1647451300518487E-04   3   1 0  0 1  0 0  0 1
    85  0.8250356517323991E-05   3   0 1  0 1  0 0  0 1
    86  -.1737315125163009       3   0 0  1 1  0 0  0 1
    87  -.3855762079233545E-01   3   0 0  0 2  0 0  0 1
    88  -.3855739479940199E-05   3   1 0  0 0  0 2  0 0
    89  0.4568235908495714E-05   3   0 1  0 0  0 2  0 0
    90  -.5858200351324408E-06   3   0 0  1 0  0 2  0 0
    91  -.1181020543648839E-05   3   0 0  0 1  0 2  0 0
    92  -.1459336117126547E-05   3   1 0  0 0  0 1  1 0
    93  0.1345986413276681E-05   3   0 1  0 0  0 1  1 0
    94  -.2544077124194571E-06   3   0 0  1 0  0 1  1 0
    95  -.5549759416344019E-06   3   0 0  0 1  0 1  1 0
    96  -.7307860328767454E-06   3   1 0  0 0  0 0  2 0
    97  0.6747044822899153E-06   3   0 1  0 0  0 0  2 0
    98  -.1273407018380156E-06   3   0 0  1 0  0 0  2 0
    99  -.2777213997730397E-06   3   0 0  0 1  0 0  2 0
   100  0.6044380957913241E-05   3   1 0  0 0  0 1  0 1
   101  -.2690863198683015E-05   3   0 1  0 0  0 1  0 1
   102  0.9673793510000076E-06   3   0 0  1 0  0 1  0 1
   103  0.1109791836787049E-05   3   0 0  0 1  0 1  0 1
   104  0.1913039222609962E-05   3   1 0  0 0  0 0  1 1
   105  -.5029392929220115E-06   3   0 1  0 0  0 0  1 1
   106  0.3433486617923641E-06   3   0 0  1 0  0 0  1 1
   107  0.4384523651096651E-06   3   0 0  0 1  0 0  1 1
   108  -.1911548496832465E-05   3   1 0  0 0  0 0  0 2
   109  -.5932939208159809E-06   3   0 1  0 0  0 0  0 2
   110  -.3431598475675843E-06   3   0 0  1 0  0 0  0 2
   111  -.1024696473824301E-06   3   0 0  0 1  0 0  0 2
   112  0.1031909933668428       3   0 0  0 0  0 3  0 0
   113  -.6194804401802119E-01   3   0 0  0 0  0 2  1 0
   114  -.2070470254335296E-01   3   0 0  0 0  0 1  2 0
   115  -.2053826733590968E-01   3   0 0  0 0  0 0  3 0
   116  -.8540140664477876E-09   3   0 0  0 0  0 2  0 1
   117  -.5534154370793434E-09   3   0 0  0 0  0 1  1 1
   118  -.2767230205007448E-09   3   0 0  0 0  0 0  2 1
   119  0.6076175971493868E-10   3   0 0  0 0  0 1  0 2
   120  0.1994453678280681E-10   3   0 0  0 0  0 0  1 2
   121  0.1057494253251063E-11   3   0 0  0 0  0 0  0 3
   122  -.4817738294891490E-01   4   4 0  0 0  0 0  0 0
   123  -.6225527313024205E-01   4   3 1  0 0  0 0  0 0
   124  0.1795082313799687E-01   4   2 2  0 0  0 0  0 0
   125  0.1363549532329843       4   1 3  0 0  0 0  0 0
   126  -.7165462667980074E-01   4   0 4  0 0  0 0  0 0
   127  0.2313992188194784E-04   4   3 0  1 0  0 0  0 0
   128  0.4489324578107803E-05   4   2 1  1 0  0 0  0 0
   129  -.2202135447524324E-04   4   1 2  1 0  0 0  0 0
   130  0.1766233061845286E-04   4   0 3  1 0  0 0  0 0
   131  -.2755168533389906       4   2 0  2 0  0 0  0 0
   132  -.3623324350344831E-01   4   1 1  2 0  0 0  0 0
   133  0.1018916513043789       4   0 2  2 0  0 0  0 0
   134  -.2073636505936490E-04   4   1 0  3 0  0 0  0 0
   135  0.1148297405773747E-04   4   0 1  3 0  0 0  0 0
   136  -.5749243448387707E-01   4   0 0  4 0  0 0  0 0
   137  0.7855641698859238E-05   4   3 0  0 1  0 0  0 0
   138  0.2693210250532747E-04   4   2 1  0 1  0 0  0 0
   139  0.1783758616511143E-04   4   1 2  0 1  0 0  0 0
   140  0.1389886617234525E-04   4   0 3  0 1  0 0  0 0
   141  -.1838832707757383       4   2 0  1 1  0 0  0 0
   142  0.1730702181445801       4   1 1  1 1  0 0  0 0
   143  -.1371423288447446       4   0 2  1 1  0 0  0 0
   144  0.1537216529563291E-04   4   1 0  2 1  0 0  0 0
   145  0.8728831206170223E-04   4   0 1  2 1  0 0  0 0
   146  -.2140277146064751       4   0 0  3 1  0 0  0 0
   147  -.2771506939567812       4   2 0  0 2  0 0  0 0
   148  0.1349683593670406       4   1 1  0 2  0 0  0 0
   149  -.2509002941352192       4   0 2  0 2  0 0  0 0
   150  0.3832563679145758E-04   4   1 0  1 2  0 0  0 0
   151  0.6445356063776463E-04   4   0 1  1 2  0 0  0 0
   152  -.4873506763915140       4   0 0  2 2  0 0  0 0
   153  0.3319712522641905E-04   4   1 0  0 3  0 0  0 0
   154  0.2235168845816371E-04   4   0 1  0 3  0 0  0 0
   155  -.3791027016026814       4   0 0  1 3  0 0  0 0
   156  -.2119626252515839       4   0 0  0 4  0 0  0 0
   157  -.4582368800006043E-04   4   3 0  0 0  0 1  0 0
   158  0.1236687410145119E-03   4   2 1  0 0  0 1  0 0
   159  0.1943662235766442E-03   4   1 2  0 0  0 1  0 0
   160  -.1230214898048612E-03   4   0 3  0 0  0 1  0 0
   161  -.1686404607648875E-05   4   2 0  1 0  0 1  0 0
   162  0.5276309480164906E-05   4   1 1  1 0  0 1  0 0
   163  -.4597310449763880E-05   4   0 2  1 0  0 1  0 0
   164  -.6837943946908987E-04   4   1 0  2 0  0 1  0 0
   165  0.1015049345687872E-03   4   0 1  2 0  0 1  0 0
   166  -.7035357089840253E-05   4   0 0  3 0  0 1  0 0
   167  -.6131323367134715E-05   4   2 0  0 1  0 1  0 0
   168  -.1164485759647633E-05   4   1 1  0 1  0 1  0 0
   169  -.1112887898234053E-04   4   0 2  0 1  0 1  0 0
   170  -.1572246496403784E-03   4   1 0  1 1  0 1  0 0
   171  -.3263354714269767E-04   4   0 1  1 1  0 1  0 0
   172  -.2566087755725320E-04   4   0 0  2 1  0 1  0 0
   173  0.8321825711247931E-04   4   1 0  0 2  0 1  0 0
   174  -.1526625942298482E-03   4   0 1  0 2  0 1  0 0
   175  -.1741837104414511E-04   4   0 0  1 2  0 1  0 0
   176  -.1246102330735459E-04   4   0 0  0 3  0 1  0 0
   177  -.1785593193856713E-04   4   3 0  0 0  0 0  1 0
   178  0.3871393946751185E-04   4   2 1  0 0  0 0  1 0
   179  0.1114839341717320E-03   4   1 2  0 0  0 0  1 0
   180  -.7137980335591072E-04   4   0 3  0 0  0 0  1 0
   181  -.8973565249379060E-06   4   2 0  1 0  0 0  1 0
   182  0.1162937251999764E-05   4   1 1  1 0  0 0  1 0
   183  -.2546032188721356E-05   4   0 2  1 0  0 0  1 0
   184  -.3579719650622150E-04   4   1 0  2 0  0 0  1 0
   185  0.5707868173588766E-04   4   0 1  2 0  0 0  1 0
   186  -.3641120000182397E-05   4   0 0  3 0  0 0  1 0
   187  -.3799062088911184E-05   4   2 0  0 1  0 0  1 0
   188  -.2959925438241838E-06   4   1 1  0 1  0 0  1 0
   189  -.6688819811288391E-05   4   0 2  0 1  0 0  1 0
   190  -.5705022389287992E-04   4   1 0  1 1  0 0  1 0
   191  -.2699812130212948E-04   4   0 1  1 1  0 0  1 0
   192  -.1333828790475277E-04   4   0 0  2 1  0 0  1 0
   193  0.4583531796243707E-04   4   1 0  0 2  0 0  1 0
   194  -.9209514521756062E-04   4   0 1  0 2  0 0  1 0
   195  -.1055949864797513E-04   4   0 0  1 2  0 0  1 0
   196  -.7561814139253572E-05   4   0 0  0 3  0 0  1 0
   197  0.4427458509703047E-04   4   3 0  0 0  0 0  0 1
   198  -.4167430799868209E-04   4   2 1  0 0  0 0  0 1
   199  -.6631642576712408E-04   4   1 2  0 0  0 0  0 1
   200  -.1486233564726924E-04   4   0 3  0 0  0 0  0 1
   201  0.7019195294300412E-06   4   2 0  1 0  0 0  0 1
   202  -.2436291318185824E-05   4   1 1  1 0  0 0  0 1
   203  0.2043956120721682E-05   4   0 2  1 0  0 0  0 1
   204  0.7184556806849158E-04   4   1 0  2 0  0 0  0 1
   205  -.4003740606287885E-04   4   0 1  2 0  0 0  0 1
   206  0.7695674057538967E-05   4   0 0  3 0  0 0  0 1
   207  0.1428294774906228E-05   4   2 0  0 1  0 0  0 1
   208  0.1650805819786508E-05   4   1 1  0 1  0 0  0 1
   209  0.4319140391718064E-06   4   0 2  0 1  0 0  0 1
   210  0.1073205632024943E-03   4   1 0  1 1  0 0  0 1
   211  0.1184520904487078E-04   4   0 1  1 1  0 0  0 1
   212  0.1647653477371292E-04   4   0 0  2 1  0 0  0 1
   213  -.4044418209627803E-04   4   1 0  0 2  0 0  0 1
   214  -.6266540681068350E-05   4   0 1  0 2  0 0  0 1
   215  0.7351747543398653E-05   4   0 0  1 2  0 0  0 1
   216  0.6003568398765529E-06   4   0 0  0 3  0 0  0 1
   217  -.5586539574291854E-01   4   2 0  0 0  0 2  0 0
   218  0.1682381092869295       4   1 1  0 0  0 2  0 0
   219  -.2289316720607199       4   0 2  0 0  0 2  0 0
   220  0.2111525924773594E-05   4   1 0  1 0  0 2  0 0
   221  0.3067552943874710E-04   4   0 1  1 0  0 2  0 0
   222  -.7220817255687140E-01   4   0 0  2 0  0 2  0 0
   223  0.3067587248567778E-04   4   1 0  0 1  0 2  0 0
   224  0.2464826140881099E-04   4   0 1  0 1  0 2  0 0
   225  -.3067667949684207       4   0 0  1 1  0 2  0 0
   226  -.4197567841647725       4   0 0  0 2  0 2  0 0
   227  -.2036697237969220E-01   4   2 0  0 0  0 1  1 0
   228  0.5134371346406214E-01   4   1 1  0 0  0 1  1 0
   229  -.7251618720696454E-01   4   0 2  0 0  0 1  1 0
   230  0.1408763027834427E-05   4   1 0  1 0  0 1  1 0
   231  0.1260385444216462E-04   4   0 1  1 0  0 1  1 0
   232  -.3127044899889684E-01   4   0 0  2 0  0 1  1 0
   233  0.1260621406066505E-04   4   1 0  0 1  0 1  1 0
   234  0.1649715035423847E-04   4   0 1  0 1  0 1  1 0
   235  -.1438396004301572       4   0 0  1 1  0 1  1 0
   236  -.2002712153919822       4   0 0  0 2  0 1  1 0
   237  -.1020046955133478E-01   4   2 0  0 0  0 0  2 0
   238  0.2573308713237262E-01   4   1 1  0 0  0 0  2 0
   239  -.3633873657449441E-01   4   0 2  0 0  0 0  2 0
   240  0.7046173268543695E-06   4   1 0  1 0  0 0  2 0
   241  0.6309840630080097E-05   4   0 1  1 0  0 0  2 0
   242  -.1565218241907194E-01   4   0 0  2 0  0 0  2 0
   243  0.6311203197189399E-05   4   1 0  0 1  0 0  2 0
   244  0.8248593402124790E-05   4   0 1  0 1  0 0  2 0
   245  -.7198075351406810E-01   4   0 0  1 1  0 0  2 0
   246  -.1002155334666575       4   0 0  0 2  0 0  2 0
   247  0.8641018363250098E-01   4   2 0  0 0  0 1  0 1
   248  -.1026467617690412       4   1 1  0 0  0 1  0 1
   249  -.4772057121867081E-01   4   0 2  0 0  0 1  0 1
   250  -.4224368795767378E-05   4   1 0  1 0  0 1  0 1
   251  -.2520454015790808E-04   4   0 1  1 0  0 1  0 1
   252  0.1191082025664253       4   0 0  2 0  0 1  0 1
   253  -.2520461063464933E-04   4   1 0  0 1  0 1  0 1
   254  -.1660529693486147E-04   4   0 1  0 1  0 1  0 1
   255  0.2876388095254269       4   0 0  1 1  0 1  0 1
   256  0.8084303642115805E-01   4   0 0  0 2  0 1  0 1
   257  0.2636649498171632E-01   4   2 0  0 0  0 0  1 1
   258  -.2134832251409346E-01   4   1 1  0 0  0 0  1 1
   259  -.2240465890122094E-01   4   0 2  0 0  0 0  1 1
   260  -.2113770809554424E-05   4   1 0  1 0  0 0  1 1
   261  -.8739708154708502E-05   4   0 1  1 0  0 0  1 1
   262  0.4272583933312583E-01   4   0 0  2 0  0 0  1 1
   263  -.8740489862515644E-05   4   1 0  0 1  0 0  1 1
   264  -.8354784731638841E-05   4   0 1  0 1  0 0  1 1
   265  0.1139874909823449       4   0 0  1 1  0 0  1 1
   266  0.4228032910840758E-01   4   0 0  0 2  0 0  1 1
   267  -.2634383034289706E-01   4   2 0  0 0  0 0  0 2
   268  -.1938166405733825E-01   4   1 1  0 0  0 0  0 2
   269  -.2917084345243428E-02   4   0 2  0 0  0 0  0 2
   270  0.2113350905795021E-05   4   1 0  1 0  0 0  0 2
   271  0.4972999584562625E-06   4   0 1  1 0  0 0  0 2
   272  -.4270321497296922E-01   4   0 0  2 0  0 0  0 2
   273  0.4971923909918790E-06   4   1 0  0 1  0 0  0 2
   274  0.1043792468878986E-06   4   0 1  0 1  0 0  0 2
   275  -.2708164592513177E-01   4   0 0  1 1  0 0  0 2
   276  -.3725254933828689E-02   4   0 0  0 2  0 0  0 2
   277  0.3625222649982914E-04   4   1 0  0 0  0 3  0 0
   278  -.9112103285020908E-04   4   0 1  0 0  0 3  0 0
   279  -.1699874700458174E-05   4   0 0  1 0  0 3  0 0
   280  -.5689090120616693E-05   4   0 0  0 1  0 3  0 0
   281  0.1443253801255325E-04   4   1 0  0 0  0 2  1 0
   282  -.3577297554885728E-04   4   0 1  0 0  0 2  1 0
   283  -.7531802841894591E-06   4   0 0  1 0  0 2  1 0
   284  -.2473623549190736E-05   4   0 0  0 1  0 2  1 0
   285  0.8489670601972098E-05   4   1 0  0 0  0 1  2 0
   286  -.2096585348252529E-04   4   0 1  0 0  0 1  2 0
   287  -.4565285487411061E-06   4   0 0  1 0  0 1  2 0
   288  -.1489414613618872E-05   4   0 0  0 1  0 1  2 0
   289  0.4823015405712902E-05   4   1 0  0 0  0 0  3 0
   290  -.1195539043541926E-04   4   0 1  0 0  0 0  3 0
   291  -.2515570791708053E-06   4   0 0  1 0  0 0  3 0
   292  -.8262515180845313E-06   4   0 0  0 1  0 0  3 0
   293  -.3284593908877682E-04   4   1 0  0 0  0 2  0 1
   294  -.6520452622939739E-05   4   0 1  0 0  0 2  0 1
   295  0.1014544948137004E-05   4   0 0  1 0  0 2  0 1
   296  -.5640857831890620E-06   4   0 0  0 1  0 2  0 1
   297  -.1166907671045872E-04   4   1 0  0 0  0 1  1 1
   298  -.5022100304950440E-05   4   0 1  0 0  0 1  1 1
   299  0.4225899067373905E-06   4   0 0  1 0  0 1  1 1
   300  -.2847568409992905E-06   4   0 0  0 1  0 1  1 1
   301  -.5844832114261410E-05   4   1 0  0 0  0 0  2 1
   302  -.2510362824327015E-05   4   0 1  0 0  0 0  2 1
   303  0.2115501840556421E-06   4   0 0  1 0  0 0  2 1
   304  -.1424700537440683E-06   4   0 0  0 1  0 0  2 1
   305  0.1282889260952435E-05   4   1 0  0 0  0 1  0 2
   306  0.9762425468181885E-06   4   0 1  0 0  0 1  0 2
   307  0.3868099733559911E-06   4   0 0  1 0  0 1  0 2
   308  0.1848007542409809E-06   4   0 0  0 1  0 1  0 2
   309  0.6311998030489272E-07   4   1 0  0 0  0 0  1 2
   310  0.4674857016501697E-06   4   0 1  0 0  0 0  1 2
   311  0.1364010891673064E-06   4   0 0  1 0  0 0  1 2
   312  0.9822050514431683E-07   4   0 0  0 1  0 0  1 2
   313  0.1133947660057345E-06   4   1 0  0 0  0 0  0 3
   314  0.2455045274696778E-07   4   0 1  0 0  0 0  0 3
   315  -.2094565005392955E-07   4   0 0  1 0  0 0  0 3
   316  -.4845978876520760E-08   4   0 0  0 1  0 0  0 3
   317  -.9029734958577884E-01   4   0 0  0 0  0 4  0 0
   318  0.5161636442479417E-01   4   0 0  0 0  0 3  1 0
   319  0.1549748815216423E-01   4   0 0  0 0  0 2  2 0
   320  0.1037303376511643E-01   4   0 0  0 0  0 1  3 0
   321  0.1281043688334247E-01   4   0 0  0 0  0 0  4 0
   322  0.9103934538215264E-10   4   0 0  0 0  0 3  0 1
   323  -.7253513210724574E-09   4   0 0  0 0  0 2  1 1
   324  -.5093699631771863E-09   4   0 0  0 0  0 1  2 1
   325  -.2688325685570375E-09   4   0 0  0 0  0 0  3 1
   326  -.6608922543535791E-10   4   0 0  0 0  0 2  0 2
   327  -.1755631102607095E-10   4   0 0  0 0  0 1  1 2
   328  -.6467269267463897E-11   4   0 0  0 0  0 0  2 2
   329  -.1950355165858761E-11   4   0 0  0 0  0 1  0 3
   330  -.8930156983677450E-12   4   0 0  0 0  0 0  1 3
   331  0.9769086860863752E-15   4   0 0  0 0  0 0  0 4
   ----------------------------------------------------
     I  COEFFICIENT            ORDER EXPONENTS
     1   1.000000000000000       1   0 0  0 0  0 1  0 0
     --------------------------------------------------
     I  COEFFICIENT            ORDER EXPONENTS
     1   1.000000000000000       1   0 0  0 0  0 0  1 0
     --------------------------------------------------
     I  COEFFICIENT            ORDER EXPONENTS
     1   1.000000000000000       1   0 0  0 0  0 0  0 1
     --------------------------------------------------
