 L    0.6607784999999999E+00
 P (  0.0000000000000000E+00,  0.0000000000000000E+00,  0.1758215000000000E+00)
 A (  0.0000000000000000E+00,  0.0000000000000000E+00,  0.0000000000000000E+00)
     I  COEFFICIENT            ORDER EXPONENTS
     1  0.7977772321255101E-04   0   0 0  0 0  0 0  0 0
     2  0.6560187722529117       1   1 0  0 0  0 0  0 0
     3  0.5713469879531921       1   0 1  0 0  0 0  0 0
     4  -.4685287059522839E-04   1   0 0  1 0  0 0  0 0
     5  -.1193421930776344E-04   1   0 0  0 1  0 0  0 0
     6  0.4966660225230491E-05   1   0 0  0 0  0 1  0 0
     7  0.4959976327969929E-05   1   0 0  0 0  0 0  1 0
     8  -.9926636553200290E-05   1   0 0  0 0  0 0  0 1
     9  0.1267990926792555E-03   2   2 0  0 0  0 0  0 0
    10  -.1797930516840352E-04   2   1 1  0 0  0 0  0 0
    11  -.2712364212126483E-04   2   0 2  0 0  0 0  0 0
    12  0.9559119670937439E-05   2   1 0  1 0  0 0  0 0
    13  -.6842768620307971E-05   2   0 1  1 0  0 0  0 0
    14  -.1272571428761578E-03   2   0 0  2 0  0 0  0 0
    15  -.3143183711731001E-05   2   1 0  0 1  0 0  0 0
    16  -.2211284034339686E-05   2   0 1  0 1  0 0  0 0
    17  -.8774401047120014E-05   2   0 0  1 1  0 0  0 0
    18  -.6557974305853956E-05   2   0 0  0 2  0 0  0 0
    19  0.1630754569425869       2   1 0  0 0  0 1  0 0
    20  -.2425763799508421       2   0 1  0 0  0 1  0 0
    21  0.2349404972479943E-04   2   0 0  1 0  0 1  0 0
    22  0.1194888000478276E-04   2   0 0  0 1  0 1  0 0
    23  0.1628559976781138       2   1 0  0 0  0 0  1 0
    24  -.2422499320909330       2   0 1  0 0  0 0  1 0
    25  0.2346243253991597E-04   2   0 0  1 0  0 0  1 0
    26  0.1193279976520342E-04   2   0 0  0 1  0 0  1 0
    27  -.3259314546207014       2   1 0  0 0  0 0  0 1
    28  -.8652067591141677E-01   2   0 1  0 0  0 0  0 1
    29  -.4695648226460534E-04   2   0 0  1 0  0 0  0 1
    30  -.1194746046225389E-04   2   0 0  0 1  0 0  0 1
    31  -.3706373696955402E-05   2   0 0  0 0  0 2  0 0
    32  -.2449467118044348E-05   2   0 0  0 0  0 1  1 0
    33  -.3699737645176529E-05   2   0 0  0 0  0 0  2 0
    34  0.4895541735533144E-05   2   0 0  0 0  0 1  0 1
    35  0.4888953546184411E-05   2   0 0  0 0  0 0  1 1
    36  0.7106936415518956E-07   2   0 0  0 0  0 0  0 2
    37  -.9744639319878075E-01   3   3 0  0 0  0 0  0 0
    38  -.1734876829794786       3   2 1  0 0  0 0  0 0
    39  -.4326778071669580       3   1 2  0 0  0 0  0 0
    40  0.1711514760476026       3   0 3  0 0  0 0  0 0
    41  0.8984318727238671E-04   3   2 0  1 0  0 0  0 0
    42  0.1407937644922513E-03   3   1 1  1 0  0 0  0 0
    43  -.3610980148239021E-04   3   0 2  1 0  0 0  0 0
    44  -.6620743664670731       3   1 0  2 0  0 0  0 0
    45  -.5931677347840182       3   0 1  2 0  0 0  0 0
    46  -.5341750933298972E-04   3   0 0  3 0  0 0  0 0
    47  0.4362337873695571E-06   3   2 0  0 1  0 0  0 0
    48  0.2440196273250762E-04   3   1 1  0 1  0 0  0 0
    49  -.1803926865877548E-04   3   0 2  0 1  0 0  0 0
    50  -.7215495951152540       3   1 0  1 1  0 0  0 0
    51  -.1400813696966733       3   0 1  1 1  0 0  0 0
    52  -.1630468213899544E-03   3   0 0  2 1  0 0  0 0
    53  -.4632804632778386       3   1 0  0 2  0 0  0 0
    54  0.1921282588099856       3   0 1  0 2  0 0  0 0
    55  -.1071308041411966E-03   3   0 0  1 2  0 0  0 0
    56  -.2505024698917528E-04   3   0 0  0 3  0 0  0 0
    57  -.5432682083632866E-04   3   2 0  0 0  0 1  0 0
    58  0.4899261027308338E-05   3   1 1  0 0  0 1  0 0
    59  0.3655761552562156E-04   3   0 2  0 0  0 1  0 0
    60  -.1008939572448093E-05   3   1 0  1 0  0 1  0 0
    61  0.7656238971513347E-05   3   0 1  1 0  0 1  0 0
    62  0.6524402326211115E-04   3   0 0  2 0  0 1  0 0
    63  0.4435466302649343E-05   3   1 0  0 1  0 1  0 0
    64  0.3722491476365624E-05   3   0 1  0 1  0 1  0 0
    65  0.2087761589640466E-04   3   0 0  1 1  0 1  0 0
    66  0.1256419317402448E-04   3   0 0  0 2  0 1  0 0
    67  -.5425371036118181E-04   3   2 0  0 0  0 0  1 0
    68  0.4892667832712654E-05   3   1 1  0 0  0 0  1 0
    69  0.3650841800954708E-04   3   0 2  0 0  0 0  1 0
    70  -.1007581789121247E-05   3   1 0  1 0  0 0  1 0
    71  0.7645935565931653E-05   3   0 1  1 0  0 0  1 0
    72  0.6515622093044936E-04   3   0 0  2 0  0 0  1 0
    73  0.4429497261135623E-05   3   1 0  0 1  0 0  1 0
    74  0.3717481922771554E-05   3   0 1  0 1  0 0  1 0
    75  0.2084951978486176E-04   3   0 0  1 1  0 0  1 0
    76  0.1254728487497987E-04   3   0 0  0 2  0 0  1 0
    77  0.1085805311975105E-03   3   2 0  0 0  0 0  0 1
    78  0.8187376308382517E-05   3   1 1  0 0  0 0  0 1
    79  -.1881874929263899E-04   3   0 2  0 0  0 0  0 1
    80  0.2016521361547651E-05   3   1 0  1 0  0 0  0 1
    81  -.8459405917121294E-05   3   0 1  1 0  0 0  0 1
    82  -.1304002441925602E-03   3   0 0  2 0  0 0  0 1
    83  -.5721779852079836E-05   3   1 0  0 1  0 0  0 1
    84  -.3017405330438830E-05   3   0 1  0 1  0 0  0 1
    85  -.3295273463414676E-04   3   0 0  1 1  0 0  0 1
    86  -.1199552943726371E-04   3   0 0  0 2  0 0  0 1
    87  -.1178539974769366       3   1 0  0 0  0 2  0 0
    88  0.1609509600231900       3   0 1  0 0  0 2  0 0
    89  -.1765243343482302E-04   3   0 0  1 0  0 2  0 0
    90  -.1195545580447924E-04   3   0 0  0 1  0 2  0 0
    91  -.7275397854722454E-01   3   1 0  0 0  0 1  1 0
    92  0.7954482929956494E-01   3   0 1  0 0  0 1  1 0
    93  -.1182779034709088E-04   3   0 0  1 0  0 1  1 0
    94  -.1196110432246768E-04   3   0 0  0 1  0 1  1 0
    95  -.1176464406836228       3   1 0  0 0  0 0  2 0
    96  0.1606808359653203       3   0 1  0 0  0 0  2 0
    97  -.1762071898042723E-04   3   0 0  1 0  0 0  2 0
    98  -.1193131837025363E-04   3   0 0  0 1  0 0  2 0
    99  0.1453865867485660       3   1 0  0 0  0 1  0 1
   100  0.8370587437133328E-01   3   0 1  0 0  0 1  0 1
   101  0.2364143363259325E-04   3   0 0  1 0  0 1  0 1
   102  0.1196981957488353E-04   3   0 0  0 1  0 1  0 1
   103  0.1451909323319523       3   1 0  0 0  0 0  1 1
   104  0.8359322695052582E-01   3   0 1  0 0  0 0  1 1
   105  0.2360961810539269E-04   3   0 0  1 0  0 0  1 1
   106  0.1195371115581770E-04   3   0 0  0 1  0 0  1 1
   107  0.1767694940052374E-01   3   1 0  0 0  0 0  0 2
   108  0.2871107768276908E-02   3   0 1  0 0  0 0  0 2
   109  -.1488757165012129E-06   3   0 0  1 0  0 0  0 2
   110  -.1565895999441077E-07   3   0 0  0 1  0 0  0 2
   111  0.3076173920169579E-05   3   0 0  0 0  0 3  0 0
   112  0.1816631859824963E-05   3   0 0  0 0  0 2  1 0
   113  0.1819166051641324E-05   3   0 0  0 0  0 1  2 0
   114  0.3068743545283611E-05   3   0 0  0 0  0 0  3 0
   115  -.3632425085228907E-05   3   0 0  0 0  0 2  0 1
   116  -.2372699254345052E-05   3   0 0  0 0  0 1  1 1
   117  -.3625940205300080E-05   3   0 0  0 0  0 0  2 1
   118  -.7676889973131910E-07   3   0 0  0 0  0 1  0 2
   119  -.7666558776406865E-07   3   0 0  0 0  0 0  1 2
   120  0.3765253068409294E-08   3   0 0  0 0  0 0  0 3
   121  0.2104882653062878E-03   4   4 0  0 0  0 0  0 0
   122  -.5709119451906323E-04   4   3 1  0 0  0 0  0 0
   123  -.6774141684622224E-04   4   2 2  0 0  0 0  0 0
   124  0.1685240482436907E-03   4   1 3  0 0  0 0  0 0
   125  -.1075505490273985E-03   4   0 4  0 0  0 0  0 0
   126  0.7564974927477140E-05   4   3 0  1 0  0 0  0 0
   127  0.3928078161311735E-05   4   2 1  1 0  0 0  0 0
   128  0.5229006972378704E-05   4   1 2  1 0  0 0  0 0
   129  -.6451008132956016E-05   4   0 3  1 0  0 0  0 0
   130  0.6689368972559334E-03   4   2 0  2 0  0 0  0 0
   131  -.1217661040768507E-03   4   1 1  2 0  0 0  0 0
   132  0.2090383742606513E-03   4   0 2  2 0  0 0  0 0
   133  0.5577420876972441E-04   4   1 0  3 0  0 0  0 0
   134  -.1267933547422539E-04   4   0 1  3 0  0 0  0 0
   135  -.2979300853139857E-04   4   0 0  4 0  0 0  0 0
   136  0.6593545371603832E-05   4   3 0  0 1  0 0  0 0
   137  0.6251468397532989E-05   4   2 1  0 1  0 0  0 0
   138  0.6879786015375101E-05   4   1 2  0 1  0 0  0 0
   139  -.7215592108639793E-05   4   0 3  0 1  0 0  0 0
   140  0.4123381004512413E-03   4   2 0  1 1  0 0  0 0
   141  -.5985123643116180E-03   4   1 1  1 1  0 0  0 0
   142  0.2181164770487890E-04   4   0 2  1 1  0 0  0 0
   143  0.6448049079140806E-04   4   1 0  2 1  0 0  0 0
   144  -.5171315198654502E-04   4   0 1  2 1  0 0  0 0
   145  -.2940660369390163E-04   4   0 0  3 1  0 0  0 0
   146  0.1810284221590097E-03   4   2 0  0 2  0 0  0 0
   147  0.9165817669893797E-04   4   1 1  0 2  0 0  0 0
   148  -.1283008296704579E-03   4   0 2  0 2  0 0  0 0
   149  0.3729027193321551E-04   4   1 0  1 2  0 0  0 0
   150  -.2431828991585590E-04   4   0 1  1 2  0 0  0 0
   151  0.1026627704423555E-03   4   0 0  2 2  0 0  0 0
   152  0.1386969550801279E-04   4   1 0  0 3  0 0  0 0
   153  -.7870553419245178E-05   4   0 1  0 3  0 0  0 0
   154  0.4842537461314718E-04   4   0 0  1 3  0 0  0 0
   155  -.1497012395617317E-04   4   0 0  0 4  0 0  0 0
   156  0.1389130982243328       4   3 0  0 0  0 1  0 0
   157  0.6774452050177353E-01   4   2 1  0 0  0 1  0 0
   158  0.5492509176902255       4   1 2  0 0  0 1  0 0
   159  -.1940747049976839       4   0 3  0 0  0 1  0 0
   160  -.8648198485466656E-04   4   2 0  1 0  0 1  0 0
   161  -.2060106984305122E-03   4   1 1  1 0  0 1  0 0
   162  0.3806256655927260E-04   4   0 2  1 0  0 1  0 0
   163  0.7364242469422879       4   1 0  2 0  0 1  0 0
   164  0.6591528232516105       4   0 1  2 0  0 1  0 0
   165  0.6435130407955716E-04   4   0 0  3 0  0 1  0 0
   166  -.2973888354397287E-04   4   2 0  0 1  0 1  0 0
   167  -.6646565180492676E-04   4   1 1  0 1  0 1  0 0
   168  0.2977172895593363E-04   4   0 2  0 1  0 1  0 0
   169   1.105807595579802       4   1 0  1 1  0 1  0 0
   170  0.3137316188214442       4   0 1  1 1  0 1  0 0
   171  0.2218695933087957E-03   4   0 0  2 1  0 1  0 0
   172  0.7466441744073683       4   1 0  0 2  0 1  0 0
   173  -.2018122067386627       4   0 1  0 2  0 1  0 0
   174  0.1852522986308550E-03   4   0 0  1 2  0 1  0 0
   175  0.5315502085841732E-04   4   0 0  0 3  0 1  0 0
   176  0.1387261555234904       4   3 0  0 0  0 0  1 0
   177  0.6765335311876965E-01   4   2 1  0 0  0 0  1 0
   178  0.5485117616904981       4   1 2  0 0  0 0  1 0
   179  -.1938135284061229       4   0 3  0 0  0 0  1 0
   180  -.8636560147520431E-04   4   2 0  1 0  0 0  1 0
   181  -.2057334589415115E-03   4   1 1  1 0  0 0  1 0
   182  0.3801134375102320E-04   4   0 2  1 0  0 0  1 0
   183  0.7354332018972294       4   1 0  2 0  0 0  1 0
   184  0.6582657664468755       4   0 1  2 0  0 0  1 0
   185  0.6426470312726926E-04   4   0 0  3 0  0 0  1 0
   186  -.2969886235604437E-04   4   2 0  0 1  0 0  1 0
   187  -.6637620546314600E-04   4   1 1  0 1  0 0  1 0
   188  0.2973166356619792E-04   4   0 2  0 1  0 0  1 0
   189   1.104319451832572       4   1 0  1 1  0 0  1 0
   190  0.3133094135945021       4   0 1  1 1  0 0  1 0
   191  0.2215710116664168E-03   4   0 0  2 1  0 0  1 0
   192  0.7456393758655743       4   1 0  0 2  0 0  1 0
   193  -.2015406173819168       4   0 1  0 2  0 0  1 0
   194  0.1850029948179717E-03   4   0 0  1 2  0 0  1 0
   195  0.5308348733645052E-04   4   0 0  0 3  0 0  1 0
   196  -.2776392537478213       4   3 0  0 0  0 0  0 1
   197  0.3808980935893660E-01   4   2 1  0 0  0 0  0 1
   198  -.2324070650468074       4   1 2  0 0  0 0  0 1
   199  -.1255661947390010       4   0 3  0 0  0 0  0 1
   200  0.1728475863298714E-03   4   2 0  1 0  0 0  0 1
   201  0.2709503928797229E-03   4   1 1  1 0  0 0  0 1
   202  -.3854307345478160E-05   4   0 2  1 0  0 0  0 1
   203  -1.471857448839523       4   1 0  2 0  0 0  0 1
   204  -.7242508549144677       4   0 1  2 0  0 0  0 1
   205  -.1286160072068082E-03   4   0 0  3 0  0 0  0 1
   206  0.5900151211260580E-04   4   2 0  0 1  0 0  0 1
   207  0.8403793180305997E-04   4   1 1  0 1  0 0  0 1
   208  -.5385586545784427E-05   4   0 2  0 1  0 0  0 1
   209  -1.488577452297126       4   1 0  1 1  0 0  0 1
   210  -.3468782930226016       4   0 1  1 1  0 0  0 1
   211  -.2803937835852526E-03   4   0 0  2 1  0 0  0 1
   212  -.5657226237172677       4   1 0  0 2  0 0  0 1
   213  -.1730319523093745       4   0 1  0 2  0 0  0 1
   214  -.1559936851664499E-03   4   0 0  1 2  0 0  0 1
   215  -.3108776722729599E-04   4   0 0  0 3  0 0  0 1
   216  0.6521952007554319E-04   4   2 0  0 0  0 2  0 0
   217  0.2214102303968405E-03   4   1 1  0 0  0 2  0 0
   218  -.1745866277466384E-03   4   0 2  0 0  0 2  0 0
   219  0.5847578031210169E-05   4   1 0  1 0  0 2  0 0
   220  -.1191191326694595E-05   4   0 1  1 0  0 2  0 0
   221  0.1144425836103639E-03   4   0 0  2 0  0 2  0 0
   222  0.8612469782644875E-05   4   1 0  0 1  0 2  0 0
   223  -.6713126261977858E-05   4   0 1  0 1  0 2  0 0
   224  0.7101340670289104E-04   4   0 0  1 1  0 2  0 0
   225  -.4840102574791208E-04   4   0 0  0 2  0 2  0 0
   226  0.2332887802909623E-04   4   2 0  0 0  0 1  1 0
   227  0.2604392024399429E-03   4   1 1  0 0  0 1  1 0
   228  -.1964518346384492E-03   4   0 2  0 0  0 1  1 0
   229  0.3666346905516448E-05   4   1 0  1 0  0 1  1 0
   230  -.8207507020750445E-06   4   0 1  1 0  0 1  1 0
   231  0.1344013879462718E-03   4   0 0  2 0  0 1  1 0
   232  0.9385649287541010E-05   4   1 0  0 1  0 1  1 0
   233  -.8033769218285714E-05   4   0 1  0 1  0 1  1 0
   234  0.7802590755250782E-04   4   0 0  1 1  0 1  1 0
   235  -.5618217344668430E-04   4   0 0  0 2  0 1  1 0
   236  0.6511605326680292E-04   4   2 0  0 0  0 0  2 0
   237  0.2209370235412083E-03   4   1 1  0 0  0 0  2 0
   238  -.1742194894807054E-03   4   0 2  0 0  0 0  2 0
   239  0.5837241637835713E-05   4   1 0  1 0  0 0  2 0
   240  -.1189036013732624E-05   4   0 1  1 0  0 0  2 0
   241  0.1141981366479375E-03   4   0 0  2 0  0 0  2 0
   242  0.8594564144452412E-05   4   1 0  0 1  0 0  2 0
   243  -.6698686319028002E-05   4   0 1  0 1  0 0  2 0
   244  0.7086533841230849E-04   4   0 0  1 1  0 0  2 0
   245  -.4829808626790533E-04   4   0 0  0 2  0 0  2 0
   246  -.1347129876982175E-04   4   2 0  0 0  0 1  0 1
   247  -.1425711457822878E-03   4   1 1  0 0  0 1  0 1
   248  -.5259808591137682E-04   4   0 2  0 0  0 1  0 1
   249  -.5991250174087055E-05   4   1 0  1 0  0 1  0 1
   250  0.1616443492888335E-06   4   0 1  1 0  0 1  0 1
   251  -.1217112420840904E-03   4   0 0  2 0  0 1  0 1
   252  -.4370441863384542E-05   4   1 0  0 1  0 1  0 1
   253  -.2422266679041744E-05   4   0 1  0 1  0 1  0 1
   254  -.7760440116524071E-04   4   0 0  1 1  0 1  0 1
   255  -.2529846158524224E-04   4   0 0  0 2  0 1  0 1
   256  -.1345316973081754E-04   4   2 0  0 0  0 0  1 1
   257  -.1423792802534392E-03   4   1 1  0 0  0 0  1 1
   258  -.5252730188621930E-04   4   0 2  0 0  0 0  1 1
   259  -.5983187431960618E-05   4   1 0  1 0  0 0  1 1
   260  0.1614268159416076E-06   4   0 1  1 0  0 0  1 1
   261  -.1215474488305456E-03   4   0 0  2 0  0 0  1 1
   262  -.4364560328696574E-05   4   1 0  0 1  0 0  1 1
   263  -.2419006906702557E-05   4   0 1  0 1  0 0  1 1
   264  -.7749996481952105E-04   4   0 0  1 1  0 0  1 1
   265  -.2526441610791594E-04   4   0 0  0 2  0 0  1 1
   266  -.6471890124338615E-04   4   2 0  0 0  0 0  0 2
   267  -.1519670581814583E-04   4   1 1  0 0  0 0  0 2
   268  0.1895750010777564E-05   4   0 2  0 0  0 0  0 2
   269  -.1783986831129010E-05   4   1 0  1 0  0 0  0 2
   270  0.1096979090988906E-05   4   0 1  1 0  0 0  0 2
   271  0.2142101182113261E-04   4   0 0  2 0  0 0  0 2
   272  -.1797495101091643E-05   4   1 0  0 1  0 0  0 2
   273  -.7737894868697614E-07   4   0 1  0 1  0 0  0 2
   274  0.6777064506171214E-05   4   0 0  1 1  0 0  0 2
   275  -.2110820004955803E-06   4   0 0  0 2  0 0  0 2
   276  0.9530463813041729E-01   4   1 0  0 0  0 3  0 0
   277  -.1205203323174288       4   0 1  0 0  0 3  0 0
   278  0.1474132123610229E-04   4   0 0  1 0  0 3  0 0
   279  0.1195939059576362E-04   4   0 0  0 1  0 3  0 0
   280  0.5023623956390253E-01   4   1 0  0 0  0 2  1 0
   281  -.3971271857496593E-01   4   0 1  0 0  0 2  1 0
   282  0.8922247941785284E-05   4   0 0  1 0  0 2  1 0
   283  0.1196857705013023E-04   4   0 0  0 1  0 2  1 0
   284  0.5032695705177810E-01   4   1 0  0 0  0 1  2 0
   285  -.3987551178966659E-01   4   0 1  0 0  0 1  2 0
   286  0.8933954447668716E-05   4   0 0  1 0  0 1  2 0
   287  0.1196852601748853E-04   4   0 0  0 1  0 1  2 0
   288  0.9507849621925507E-01   4   1 0  0 0  0 0  3 0
   289  -.1202503607976813       4   0 1  0 0  0 0  3 0
   290  0.1470556849992024E-04   4   0 0  1 0  0 0  3 0
   291  0.1192720649836489E-04   4   0 0  0 1  0 0  3 0
   292  -.1004420850266281       4   1 0  0 0  0 2  0 1
   293  -.8157930559034002E-01   4   0 1  0 0  0 2  0 1
   294  -.1783954343067849E-04   4   0 0  1 0  0 2  0 1
   295  -.1198594746310785E-04   4   0 0  0 1  0 2  0 1
   296  -.5561828838670955E-01   4   1 0  0 0  0 1  1 1
   297  -.7945830888584368E-01   4   0 1  0 0  0 1  1 1
   298  -.1205322623371055E-04   4   0 0  1 0  0 1  1 1
   299  -.1200201026504128E-04   4   0 0  0 1  0 1  1 1
   300  -.1002694905666148       4   1 0  0 0  0 0  2 1
   301  -.8141605438189704E-01   4   0 1  0 0  0 0  2 1
   302  -.1780742548197217E-04   4   0 0  1 0  0 0  2 1
   303  -.1196174147000033E-04   4   0 0  0 1  0 0  2 1
   304  -.1713537737324951E-01   4   1 0  0 0  0 1  0 2
   305  -.4250367538464238E-02   4   0 1  0 0  0 1  0 2
   306  0.2237460319537845E-06   4   0 0  1 0  0 1  0 2
   307  0.3138416962922481E-07   4   0 0  0 1  0 1  0 2
   308  -.1711231738994299E-01   4   1 0  0 0  0 0  1 2
   309  -.4244647594143920E-02   4   0 1  0 0  0 0  1 2
   310  0.2234449250891297E-06   4   0 0  1 0  0 0  1 2
   311  0.3134193429292111E-07   4   0 0  0 1  0 0  1 2
   312  -.3687346792852844E-03   4   1 0  0 0  0 0  0 3
   313  -.3943605740767270E-04   4   0 1  0 0  0 0  0 3
   314  -.4981317466771362E-07   4   0 0  1 0  0 0  0 3
   315  -.5249741312519925E-08   4   0 0  0 1  0 0  0 3
   316  -.2215928666021067E-04   4   0 0  0 0  0 4  0 0
   317  -.1129818854251422E-04   4   0 0  0 0  0 3  1 0
   318  -.9845764193682479E-05   4   0 0  0 0  0 2  2 0
   319  -.1132928536074016E-04   4   0 0  0 0  0 1  3 0
   320  -.2209207731290132E-04   4   0 0  0 0  0 0  4 0
   321  -.2337766504907120E-05   4   0 0  0 0  0 3  0 1
   322  -.2719402229174838E-05   4   0 0  0 0  0 2  1 1
   323  -.2718625497393146E-05   4   0 0  0 0  0 1  2 1
   324  -.2331220064580374E-05   4   0 0  0 0  0 0  3 1
   325  0.3407643017453503E-07   4   0 0  0 0  0 2  0 2
   326  0.5403868524154371E-07   4   0 0  0 0  0 1  1 2
   327  0.3399421036284513E-07   4   0 0  0 0  0 0  2 2
   328  0.4053337774146839E-09   4   0 0  0 0  0 1  0 3
   329  0.4047882983197581E-09   4   0 0  0 0  0 0  1 3
   330  0.3883103567660877E-15   4   0 0  0 0  0 0  0 4
   ----------------------------------------------------
     I  COEFFICIENT            ORDER EXPONENTS
     1  -.4243159011695773E-04   0   0 0  0 0  0 0  0 0
     2  -.9524320230602531       1   1 0  0 0  0 0  0 0
     3  0.6948441894296076       1   0 1  0 0  0 0  0 0
     4  -.1337373959402279E-03   1   0 0  1 0  0 0  0 0
     5  -.4139998595506568E-04   1   0 0  0 1  0 0  0 0
     6  -.4271152981233885E-06   1   0 0  0 0  0 1  0 0
     7  -.4265405064843246E-06   1   0 0  0 0  0 0  1 0
     8  -.4157793431235001E-04   1   0 0  0 0  0 0  0 1
     9  -.9547787799700680E-05   2   2 0  0 0  0 0  0 0
    10  -.2591347523472183E-03   2   1 1  0 0  0 0  0 0
    11  -.6394368110450054E-04   2   0 2  0 0  0 0  0 0
    12  -.2934267442417254E-04   2   1 0  1 0  0 0  0 0
    13  -.2574396951446965E-04   2   0 1  1 0  0 0  0 0
    14  0.1037374073576857E-03   2   0 0  2 0  0 0  0 0
    15  -.2283980936953686E-04   2   1 0  0 1  0 0  0 0
    16  -.1334691945186062E-04   2   0 1  0 1  0 0  0 0
    17  0.2771802091767332E-03   2   0 0  1 1  0 0  0 0
    18  0.5786404642496119E-04   2   0 0  0 2  0 0  0 0
    19  -.3927272141511338E-01   2   1 0  0 0  0 1  0 0
    20  0.1452506115484072       2   0 1  0 0  0 1  0 0
    21  0.2989957980366386E-06   2   0 0  1 0  0 1  0 0
    22  0.2075356094525892E-04   2   0 0  0 1  0 1  0 0
    23  -.3921987003749212E-01   2   1 0  0 0  0 0  1 0
    24  0.1450551401208098       2   0 1  0 0  0 0  1 0
    25  0.2985934235827129E-06   2   0 0  1 0  0 0  1 0
    26  0.2072563178102020E-04   2   0 0  0 1  0 0  1 0
    27  -.8739394316076482       2   1 0  0 0  0 0  0 1
    28  -.2903057516692173       2   0 1  0 0  0 0  0 1
    29  -.1343349851618474E-03   2   0 0  1 0  0 0  0 1
    30  -.4147919272645608E-04   2   0 0  0 1  0 0  0 1
    31  0.3232746155297619E-06   2   0 0  0 0  0 2  0 0
    32  0.2197121620674434E-06   2   0 0  0 0  0 1  1 0
    33  0.3226917286011346E-06   2   0 0  0 0  0 0  2 0
    34  -.8662599993776304E-06   2   0 0  0 0  0 1  0 1
    35  -.8650942274959418E-06   2   0 0  0 0  0 0  1 1
    36  0.8656764523879995E-06   2   0 0  0 0  0 0  0 2
    37  -.4843628230562507       3   3 0  0 0  0 0  0 0
    38  -.7040228743698136       3   2 1  0 0  0 0  0 0
    39  0.1987775647398158       3   1 2  0 0  0 0  0 0
    40  -.3801509727343897E-01   3   0 3  0 0  0 0  0 0
    41  0.3480512500105765E-03   3   2 0  1 0  0 0  0 0
    42  0.2284265013065861E-03   3   1 1  1 0  0 0  0 0
    43  0.4000936545260294E-04   3   0 2  1 0  0 0  0 0
    44  -2.463020899139709       3   1 0  2 0  0 0  0 0
    45  -.5826798340843192       3   0 1  2 0  0 0  0 0
    46  -.8906378212563934E-04   3   0 0  3 0  0 0  0 0
    47  0.9474245250445285E-04   3   2 0  0 1  0 0  0 0
    48  0.2019588857007709E-03   3   1 1  0 1  0 0  0 0
    49  0.3343873783876083E-04   3   0 2  0 1  0 0  0 0
    50  -1.907866737462844       3   1 0  1 1  0 0  0 0
    51  -.6939912371238642       3   0 1  1 1  0 0  0 0
    52  -.7823356566752594E-04   3   0 0  2 1  0 0  0 0
    53  -.7335953350382513       3   1 0  0 2  0 0  0 0
    54  -.4271506226871876       3   0 1  0 2  0 0  0 0
    55  -.2660438002589296E-04   3   0 0  1 2  0 0  0 0
    56  -.2396934899903416E-04   3   0 0  0 3  0 0  0 0
    57  -.1489387020960126E-05   3   2 0  0 0  0 1  0 0
    58  0.1217808727209743E-03   3   1 1  0 0  0 1  0 0
    59  0.6478114284214806E-04   3   0 2  0 0  0 1  0 0
    60  0.1446080908849172E-04   3   1 0  1 0  0 1  0 0
    61  0.1808752165226707E-04   3   0 1  1 0  0 1  0 0
    62  -.4762642559665102E-04   3   0 0  2 0  0 1  0 0
    63  0.1442789215854696E-04   3   1 0  0 1  0 1  0 0
    64  0.1504680860099215E-04   3   0 1  0 1  0 1  0 0
    65  -.1430533403031368E-03   3   0 0  1 1  0 1  0 0
    66  -.5648207805884137E-04   3   0 0  0 2  0 1  0 0
    67  -.1487382674099978E-05   3   2 0  0 0  0 0  1 0
    68  0.1216169857618018E-03   3   1 1  0 0  0 0  1 0
    69  0.6469396343313973E-04   3   0 2  0 0  0 0  1 0
    70  0.1444134841313467E-04   3   1 0  1 0  0 0  1 0
    71  0.1806318031806303E-04   3   0 1  1 0  0 0  1 0
    72  -.4756233219763769E-04   3   0 0  2 0  0 0  1 0
    73  0.1440847578124307E-04   3   1 0  0 1  0 0  1 0
    74  0.1502655931510849E-04   3   0 1  0 1  0 0  1 0
    75  -.1428608258596223E-03   3   0 0  1 1  0 0  1 0
    76  -.5640606714009747E-04   3   0 0  0 2  0 0  1 0
    77  -.6571018104640462E-05   3   2 0  0 0  0 0  0 1
    78  -.2433978584827748E-03   3   1 1  0 0  0 0  0 1
    79  -.6553142517078731E-04   3   0 2  0 0  0 0  0 1
    80  -.5824483192579894E-04   3   1 0  1 0  0 0  0 1
    81  -.3615070197032999E-04   3   0 1  1 0  0 0  0 1
    82  0.1989261651519730E-03   3   0 0  2 0  0 0  0 1
    83  -.2883636793979013E-04   3   1 0  0 1  0 0  0 1
    84  -.1672644846423978E-04   3   0 1  0 1  0 0  0 1
    85  0.2859141661627624E-03   3   0 0  1 1  0 0  0 1
    86  0.5502409877416326E-04   3   0 0  0 2  0 0  0 1
    87  0.2889293729848552E-01   3   1 0  0 0  0 2  0 0
    88  -.1052667596616365       3   0 1  0 0  0 2  0 0
    89  -.2958834804495056E-06   3   0 0  1 0  0 2  0 0
    90  -.1558574057313305E-04   3   0 0  0 1  0 2  0 0
    91  0.1854103938687642E-01   3   1 0  0 0  0 1  1 0
    92  -.6539026401442778E-01   3   0 1  0 0  0 1  1 0
    93  -.2953076353979647E-06   3   0 0  1 0  0 1  1 0
    94  -.1043500809476240E-04   3   0 0  0 1  0 1  1 0
    95  0.2884157871664724E-01   3   1 0  0 0  0 0  2 0
    96  -.1050810970497476       3   0 1  0 0  0 0  2 0
    97  -.2952865888623950E-06   3   0 0  1 0  0 0  2 0
    98  -.1555774454694561E-04   3   0 0  0 1  0 0  2 0
    99  -.7632695362932429E-01   3   1 0  0 0  0 1  0 1
   100  0.1306731817127617       3   0 1  0 0  0 1  0 1
   101  0.8919086608870802E-06   3   0 0  1 0  0 1  0 1
   102  0.2086200096209819E-04   3   0 0  0 1  0 1  0 1
   103  -.7622423641229450E-01   3   1 0  0 0  0 0  1 1
   104  0.1304973279032264       3   0 1  0 0  0 0  1 1
   105  0.8907083722454177E-06   3   0 0  1 0  0 0  1 1
   106  0.2083392586439539E-04   3   0 0  0 1  0 0  1 1
   107  0.7627561091000759E-01   3   1 0  0 0  0 0  0 2
   108  0.1456761585286302E-01   3   0 1  0 0  0 0  0 2
   109  -.8946541164929716E-06   3   0 0  1 0  0 0  0 2
   110  -.1120325236526746E-06   3   0 0  0 1  0 0  0 2
   111  -.2711995151897517E-06   3   0 0  0 0  0 3  0 0
   112  -.1671208815766459E-06   3   0 0  0 0  0 2  1 0
   113  -.1673302409802077E-06   3   0 0  0 0  0 1  2 0
   114  -.2705397638174840E-06   3   0 0  0 0  0 0  3 0
   115  0.6574468390985478E-06   3   0 0  0 0  0 2  0 1
   116  0.4491941318908234E-06   3   0 0  0 0  0 1  1 1
   117  0.6562598259452737E-06   3   0 0  0 0  0 0  2 1
   118  -.4489148703303535E-06   3   0 0  0 0  0 1  0 2
   119  -.4483107418545055E-06   3   0 0  0 0  0 0  1 2
   120  0.1051638659896035E-07   3   0 0  0 0  0 0  0 3
   121  0.1447480166395795E-03   4   4 0  0 0  0 0  0 0
   122  -.3641342698744229E-03   4   3 1  0 0  0 0  0 0
   123  -.4362709558958868E-03   4   2 2  0 0  0 0  0 0
   124  -.2086339789812828E-03   4   1 3  0 0  0 0  0 0
   125  -.4803546070007784E-04   4   0 4  0 0  0 0  0 0
   126  0.2130424847149531E-07   4   3 0  1 0  0 0  0 0
   127  -.2251736323442114E-04   4   2 1  1 0  0 0  0 0
   128  -.1222684959065190E-04   4   1 2  1 0  0 0  0 0
   129  -.2130927144702876E-05   4   0 3  1 0  0 0  0 0
   130  0.1245631991757343E-03   4   2 0  2 0  0 0  0 0
   131  -.1572195301514599E-02   4   1 1  2 0  0 0  0 0
   132  -.3999892015115260E-04   4   0 2  2 0  0 0  0 0
   133  0.8348139164294443E-07   4   1 0  3 0  0 0  0 0
   134  -.3871755011510974E-04   4   0 1  3 0  0 0  0 0
   135  -.2609128001889321E-03   4   0 0  4 0  0 0  0 0
   136  0.9582913965757259E-07   4   3 0  0 1  0 0  0 0
   137  -.2920514122626214E-05   4   2 1  0 1  0 0  0 0
   138  0.4608853359371874E-05   4   1 2  0 1  0 0  0 0
   139  0.1090403238067032E-05   4   0 3  0 1  0 0  0 0
   140  -.1356338970314634E-02   4   2 0  1 1  0 0  0 0
   141  -.2188556078703415E-02   4   1 1  1 1  0 0  0 0
   142  0.6813549553691867E-04   4   0 2  1 1  0 0  0 0
   143  -.7742267111991700E-04   4   1 0  2 1  0 0  0 0
   144  -.5354751146393291E-04   4   0 1  2 1  0 0  0 0
   145  -.4988886435419185E-03   4   0 0  3 1  0 0  0 0
   146  -.2314921254709141E-03   4   2 0  0 2  0 0  0 0
   147  -.1019922634930235E-02   4   1 1  0 2  0 0  0 0
   148  -.4945878685004343E-04   4   0 2  0 2  0 0  0 0
   149  -.3073313418974459E-04   4   1 0  1 2  0 0  0 0
   150  -.3420647965296252E-04   4   0 1  1 2  0 0  0 0
   151  -.2681868239457659E-03   4   0 0  2 2  0 0  0 0
   152  0.3401706121840300E-05   4   1 0  0 3  0 0  0 0
   153  -.2376501582914717E-05   4   0 1  0 3  0 0  0 0
   154  0.2629186853732223E-04   4   0 0  1 3  0 0  0 0
   155  0.8325343314748389E-04   4   0 0  0 4  0 0  0 0
   156  0.1327024913190459       4   3 0  0 0  0 1  0 0
   157  0.5943977291883403       4   2 1  0 0  0 1  0 0
   158  -.7626849323357708E-01   4   1 2  0 0  0 1  0 0
   159  0.7234068621715707E-01   4   0 3  0 0  0 1  0 0
   160  -.1981058197472001E-03   4   2 0  1 0  0 1  0 0
   161  -.2506332611165562E-03   4   1 1  1 0  0 1  0 0
   162  -.6457945752133075E-04   4   0 2  1 0  0 1  0 0
   163   1.335717385968255       4   1 0  2 0  0 1  0 0
   164  0.6640252648555757       4   0 1  2 0  0 1  0 0
   165  0.3843664167077189E-04   4   0 0  3 0  0 1  0 0
   166  -.9608032889723502E-04   4   2 0  0 1  0 1  0 0
   167  -.2397014252176059E-03   4   1 1  0 1  0 1  0 0
   168  -.5737257059142471E-04   4   0 2  0 1  0 1  0 0
   169   1.896784053794939       4   1 0  1 1  0 1  0 0
   170   1.071360977818126       4   0 1  1 1  0 1  0 0
   171  0.7088287589978969E-04   4   0 0  2 1  0 1  0 0
   172  0.8333811754728637       4   1 0  0 2  0 1  0 0
   173  0.6965012202180144       4   0 1  0 2  0 1  0 0
   174  0.3766396949238978E-04   4   0 0  1 2  0 1  0 0
   175  0.3740174570221739E-04   4   0 0  0 3  0 1  0 0
   176  0.1325239065602771       4   3 0  0 0  0 0  1 0
   177  0.5935978167373914       4   2 1  0 0  0 0  1 0
   178  -.7616585468979002E-01   4   1 2  0 0  0 0  1 0
   179  0.7224333353094363E-01   4   0 3  0 0  0 0  1 0
   180  -.1978392182713886E-03   4   2 0  1 0  0 0  1 0
   181  -.2502959706856816E-03   4   1 1  1 0  0 0  1 0
   182  -.6449254953092381E-04   4   0 2  1 0  0 0  1 0
   183   1.333919840460396       4   1 0  2 0  0 0  1 0
   184  0.6631316509485614       4   0 1  2 0  0 0  1 0
   185  0.3838491544983421E-04   4   0 0  3 0  0 0  1 0
   186  -.9595102851871398E-04   4   2 0  0 1  0 0  1 0
   187  -.2393788463362853E-03   4   1 1  0 1  0 0  1 0
   188  -.5729536128979845E-04   4   0 2  0 1  0 0  1 0
   189   1.894231451207674       4   1 0  1 1  0 0  1 0
   190   1.069919190705686       4   0 1  1 1  0 0  1 0
   191  0.7078748506593394E-04   4   0 0  2 1  0 0  1 0
   192  0.8322596503628098       4   1 0  0 2  0 0  1 0
   193  0.6955639017008112       4   0 1  0 2  0 0  1 0
   194  0.3761328309726321E-04   4   0 0  1 2  0 0  1 0
   195  0.3735141219552970E-04   4   0 0  0 3  0 0  1 0
   196  -.7495892209355723       4   3 0  0 0  0 0  0 1
   197  -1.187995545925732       4   2 1  0 0  0 0  0 1
   198  -.4634321681644552E-01   4   1 2  0 0  0 0  0 1
   199  -.6855382520122262E-01   4   0 3  0 0  0 0  0 1
   200  0.7439962880291653E-03   4   2 0  1 0  0 0  0 1
   201  0.5009292318022398E-03   4   1 1  1 0  0 0  0 1
   202  0.8906264159965209E-04   4   0 2  1 0  0 0  0 1
   203  -5.132658125568363       4   1 0  2 0  0 0  0 1
   204  -1.327156915804146       4   0 1  2 0  0 0  0 1
   205  -.1658853392462229E-03   4   0 0  3 0  0 0  0 1
   206  0.1920313574159490E-03   4   2 0  0 1  0 0  0 1
   207  0.2771213858531214E-03   4   1 1  0 1  0 0  0 1
   208  0.4779045620370038E-04   4   0 2  0 1  0 0  0 1
   209  -3.791015505002614       4   1 0  1 1  0 0  0 1
   210  -1.447288931399944       4   0 1  1 1  0 0  0 1
   211  -.1416703609656862E-03   4   0 0  2 1  0 0  0 1
   212  -.9320454907974262       4   1 0  0 2  0 0  0 1
   213  -.5377638765444445       4   0 1  0 2  0 0  0 1
   214  -.4867287256372165E-04   4   0 0  1 2  0 0  0 1
   215  -.2681445989967324E-04   4   0 0  0 3  0 0  0 1
   216  0.1050506777788613E-03   4   2 0  0 0  0 2  0 0
   217  -.1914197823269977E-03   4   1 1  0 0  0 2  0 0
   218  -.5355657001166879E-04   4   0 2  0 0  0 2  0 0
   219  0.1186280041714502E-04   4   1 0  1 0  0 2  0 0
   220  -.5560327171802381E-06   4   0 1  1 0  0 2  0 0
   221  0.1251122972396778E-03   4   0 0  2 0  0 2  0 0
   222  0.9262565370194936E-05   4   1 0  0 1  0 2  0 0
   223  0.3068256415447652E-05   4   0 1  0 1  0 2  0 0
   224  0.3150679890642961E-03   4   0 0  1 1  0 2  0 0
   225  0.1891681139103425E-03   4   0 0  0 2  0 2  0 0
   226  0.9631701604362096E-04   4   2 0  0 0  0 1  1 0
   227  -.1358816019877295E-03   4   1 1  0 0  0 1  1 0
   228  -.4256894944552022E-04   4   0 2  0 0  0 1  1 0
   229  0.1397715783246235E-04   4   1 0  1 0  0 1  1 0
   230  0.3536224940128475E-05   4   0 1  1 0  0 1  1 0
   231  0.1252244842751676E-03   4   0 0  2 0  0 1  1 0
   232  0.1105600197337343E-04   4   1 0  0 1  0 1  1 0
   233  0.5401106617967508E-05   4   0 1  0 1  0 1  1 0
   234  0.3243472556964028E-03   4   0 0  1 1  0 1  1 0
   235  0.2184387001728654E-03   4   0 0  0 2  0 1  1 0
   236  0.1048444960771094E-03   4   2 0  0 0  0 0  2 0
   237  -.1910707470772044E-03   4   1 1  0 0  0 0  2 0
   238  -.5345585246080198E-04   4   0 2  0 0  0 0  2 0
   239  0.1183743111927286E-04   4   1 0  1 0  0 0  2 0
   240  -.5576638769882157E-06   4   0 1  1 0  0 0  2 0
   241  0.1248596664017348E-03   4   0 0  2 0  0 0  2 0
   242  0.9242660923047137E-05   4   1 0  0 1  0 0  2 0
   243  0.3060493023195083E-05   4   0 1  0 1  0 0  2 0
   244  0.3144257397878747E-03   4   0 0  1 1  0 0  2 0
   245  0.1887665581238085E-03   4   0 0  0 2  0 0  2 0
   246  -.1929052808226678E-03   4   2 0  0 0  0 1  0 1
   247  0.1189262686773840E-03   4   1 1  0 0  0 1  0 1
   248  0.3715410650970844E-04   4   0 2  0 0  0 1  0 1
   249  -.1884277068164589E-04   4   1 0  1 0  0 1  0 1
   250  0.1085078729509423E-05   4   0 1  1 0  0 1  0 1
   251  -.2940688391459973E-03   4   0 0  2 0  0 1  0 1
   252  -.6621502918841286E-05   4   1 0  0 1  0 1  0 1
   253  -.8015951978407279E-06   4   0 1  0 1  0 1  0 1
   254  -.5022181778199456E-03   4   0 0  1 1  0 1  0 1
   255  -.1936639594765473E-03   4   0 0  0 2  0 1  0 1
   256  -.1926456779870474E-03   4   2 0  0 0  0 0  1 1
   257  0.1187662233097988E-03   4   1 1  0 0  0 0  1 1
   258  0.3710410626418003E-04   4   0 2  0 0  0 0  1 1
   259  -.1881741296889155E-04   4   1 0  1 0  0 0  1 1
   260  0.1083618481693246E-05   4   0 1  1 0  0 0  1 1
   261  -.2936730951612579E-03   4   0 0  2 0  0 0  1 1
   262  -.6612592012273717E-05   4   1 0  0 1  0 0  1 1
   263  -.8005164488013489E-06   4   0 1  0 1  0 0  1 1
   264  -.5015423162649572E-03   4   0 0  1 1  0 0  1 1
   265  -.1934033356469494E-03   4   0 0  0 2  0 0  1 1
   266  0.7933877470860338E-04   4   2 0  0 0  0 0  0 2
   267  0.9469988721258763E-04   4   1 1  0 0  0 0  0 2
   268  0.1550393629026120E-04   4   0 2  0 0  0 0  0 2
   269  -.1720571537263744E-07   4   1 0  1 0  0 0  0 2
   270  0.1193653209410762E-05   4   0 1  1 0  0 0  0 2
   271  0.2125454771648524E-03   4   0 0  2 0  0 0  0 2
   272  -.4711623969507852E-08   4   1 0  0 1  0 0  0 2
   273  0.1607422441214916E-06   4   0 1  0 1  0 0  0 2
   274  0.1445361847597908E-03   4   0 0  1 1  0 0  0 2
   275  0.2094098018366480E-04   4   0 0  0 2  0 0  0 2
   276  -.2371055208002214E-01   4   1 0  0 0  0 3  0 0
   277  0.8532326049293265E-01   4   0 1  0 0  0 3  0 0
   278  0.2984387724414700E-06   4   0 0  1 0  0 3  0 0
   279  0.1301330704163706E-04   4   0 0  0 1  0 3  0 0
   280  -.1335275339339077E-01   4   1 0  0 0  0 2  1 0
   281  0.4546311162436061E-01   4   0 1  0 0  0 2  1 0
   282  0.3011261107328896E-06   4   0 0  1 0  0 2  1 0
   283  0.7868975980420213E-05   4   0 0  0 1  0 2  1 0
   284  -.1337359753785919E-01   4   1 0  0 0  0 1  2 0
   285  0.4554334270192838E-01   4   0 1  0 0  0 1  2 0
   286  0.3011198752670888E-06   4   0 0  1 0  0 1  2 0
   287  0.7879325126227600E-05   4   0 0  0 1  0 1  2 0
   288  -.2365371663173726E-01   4   1 0  0 0  0 0  3 0
   289  0.8512047467416158E-01   4   0 1  0 0  0 0  3 0
   290  0.2976339875714860E-06   4   0 0  1 0  0 0  3 0
   291  0.1298175029156063E-04   4   0 0  0 1  0 0  3 0
   292  0.5559143298471264E-01   4   1 0  0 0  0 2  0 1
   293  -.9089936160966157E-01   4   0 1  0 0  0 2  0 1
   294  -.8958561721057550E-06   4   0 0  1 0  0 2  0 1
   295  -.1572891710916696E-04   4   0 0  0 1  0 2  0 1
   296  0.3491158388101615E-01   4   1 0  0 0  0 1  1 1
   297  -.5123235631603223E-01   4   0 1  0 0  0 1  1 1
   298  -.8997914431323686E-06   4   0 0  1 0  0 1  1 1
   299  -.1060961119867682E-04   4   0 0  0 1  0 1  1 1
   300  0.5549312947200485E-01   4   1 0  0 0  0 0  2 1
   301  -.9074256048742975E-01   4   0 1  0 0  0 0  2 1
   302  -.8940451226353114E-06   4   0 0  1 0  0 0  2 1
   303  -.1570061091643085E-04   4   0 0  0 1  0 0  2 1
   304  -.3488373253235766E-01   4   1 0  0 0  0 1  0 2
   305  -.1415764804233906E-01   4   0 1  0 0  0 1  0 2
   306  0.8965841639203685E-06   4   0 0  1 0  0 1  0 2
   307  0.1684628081301759E-06   4   0 0  0 1  0 1  0 2
   308  -.3483678764912901E-01   4   1 0  0 0  0 0  1 2
   309  -.1413859534683059E-01   4   0 1  0 0  0 0  1 2
   310  0.8953775832076730E-06   4   0 0  1 0  0 0  1 2
   311  0.1682360988225399E-06   4   0 0  0 1  0 0  1 2
   312  -.2185030242840293E-02   4   1 0  0 0  0 0  0 3
   313  -.2796627721853861E-03   4   0 1  0 0  0 0  0 3
   314  -.2991025434389799E-06   4   0 0  1 0  0 0  0 3
   315  -.3754461982531155E-07   4   0 0  0 1  0 0  0 3
   316  0.1189295980035854E-04   4   0 0  0 0  0 4  0 0
   317  0.6327165400956614E-05   4   0 0  0 0  0 3  1 0
   318  0.5586676311784232E-05   4   0 0  0 0  0 2  2 0
   319  0.6343093476949124E-05   4   0 0  0 0  0 1  3 0
   320  0.1185671147489288E-04   4   0 0  0 0  0 0  4 0
   321  -.1299466145664520E-04   4   0 0  0 0  0 3  0 1
   322  -.6919491794033013E-05   4   0 0  0 0  0 2  1 1
   323  -.6931720008573899E-05   4   0 0  0 0  0 1  2 1
   324  -.1296378037082347E-04   4   0 0  0 0  0 0  3 1
   325  -.6875998578731396E-06   4   0 0  0 0  0 2  0 2
   326  -.8271962632940807E-06   4   0 0  0 0  0 1  1 2
   327  -.6861179175165153E-06   4   0 0  0 0  0 0  2 2
   328  0.1982154822466531E-08   4   0 0  0 0  0 1  0 3
   329  0.1979487331922175E-08   4   0 0  0 0  0 0  1 3
   ----------------------------------------------------
     I  COEFFICIENT            ORDER EXPONENTS
     1  0.6944147125834376E-05   0   0 0  0 0  0 0  0 0
     2  -.4686117009409732E-04   1   1 0  0 0  0 0  0 0
     3  -.1193954496284074E-04   1   0 1  0 0  0 0  0 0
     4   1.381605188562088       1   0 0  1 0  0 0  0 0
     5  0.7561927716158962       1   0 0  0 1  0 0  0 0
     6  -.7489677696758252E-06   1   0 0  0 0  0 1  0 0
     7  -.7479598441489989E-06   1   0 0  0 0  0 0  1 0
     8  0.1496927613455287E-05   1   0 0  0 0  0 0  0 1
     9  0.8567905639545029E-05   2   2 0  0 0  0 0  0 0
    10  -.2699429083409099E-05   2   1 1  0 0  0 0  0 0
    11  0.4423382074145959E-06   2   0 2  0 0  0 0  0 0
    12  -.3200692375557971E-03   2   1 0  1 0  0 0  0 0
    13  -.3854145950186406E-05   2   0 1  1 0  0 0  0 0
    14  -.5376992948108495E-05   2   0 0  2 0  0 0  0 0
    15  0.4354924633903477E-04   2   1 0  0 1  0 0  0 0
    16  0.2042060749120433E-04   2   0 1  0 1  0 0  0 0
    17  0.1223841132195029E-04   2   0 0  1 1  0 0  0 0
    18  0.5377709279881619E-05   2   0 0  0 2  0 0  0 0
    19  0.2349424350762847E-04   2   1 0  0 0  0 1  0 0
    20  0.1195153569710954E-04   2   0 1  0 0  0 1  0 0
    21  -.2007331517211198       2   0 0  1 0  0 1  0 0
    22  -.4276278160489591       2   0 0  0 1  0 1  0 0
    23  0.2346262606196121E-04   2   1 0  0 0  0 0  1 0
    24  0.1193545188362464E-04   2   0 1  0 0  0 0  1 0
    25  -.2004630145057587       2   0 0  1 0  0 0  1 0
    26  -.4270523346875196       2   0 0  0 1  0 0  1 0
    27  -.4695686956958991E-04   2   1 0  0 0  0 0  0 1
    28  -.1194744261784635E-04   2   0 1  0 0  0 0  0 1
    29  0.4011961662268810       2   0 0  1 0  0 0  0 1
    30  0.9848737912058443E-01   2   0 0  0 1  0 0  0 1
    31  0.5732383295690987E-06   2   0 0  0 0  0 2  0 0
    32  0.3979809338976388E-06   2   0 0  0 0  0 1  1 0
    33  0.5721991004738880E-06   2   0 0  0 0  0 0  2 0
    34  -.7954914204390814E-06   2   0 0  0 0  0 1  0 1
    35  -.7944208855756617E-06   2   0 0  0 0  0 0  1 1
    36  0.4649249275766747E-07   2   0 0  0 0  0 0  0 2
    37  0.1691073608117842E-04   3   3 0  0 0  0 0  0 0
    38  -.6174896937624168E-05   3   2 1  0 0  0 0  0 0
    39  -.3375343677992198E-04   3   1 2  0 0  0 0  0 0
    40  -.1533161296011039E-04   3   0 3  0 0  0 0  0 0
    41  -.3593364011770244       3   2 0  1 0  0 0  0 0
    42  -.6192107885548580       3   1 1  1 0  0 0  0 0
    43  0.2665945251430910       3   0 2  1 0  0 0  0 0
    44  -.1211369733055645E-03   3   1 0  2 0  0 0  0 0
    45  -.1564379017332821E-03   3   0 1  2 0  0 0  0 0
    46  0.1650417618024484       3   0 0  3 0  0 0  0 0
    47  0.5414561551626105       3   2 0  0 1  0 0  0 0
    48  -.1765002059574753       3   1 1  0 1  0 0  0 0
    49  0.4085076654733148       3   0 2  0 1  0 0  0 0
    50  -.1729265594224277E-03   3   1 0  1 1  0 0  0 0
    51  -.1223526808944238E-03   3   0 1  1 1  0 0  0 0
    52   1.209951699603304       3   0 0  2 1  0 0  0 0
    53  -.1094774638722186E-03   3   1 0  0 2  0 0  0 0
    54  -.4721574323660783E-04   3   0 1  0 2  0 0  0 0
    55   1.055556770768401       3   0 0  1 2  0 0  0 0
    56  0.5800412386597313       3   0 0  0 3  0 0  0 0
    57  -.4863217808939210E-05   3   2 0  0 0  0 1  0 0
    58  0.3539591174187980E-05   3   1 1  0 0  0 1  0 0
    59  -.4591433632804030E-06   3   0 2  0 0  0 1  0 0
    60  0.1852505518592852E-03   3   1 0  1 0  0 1  0 0
    61  0.1097945369038177E-04   3   0 1  1 0  0 1  0 0
    62  0.2003948150871336E-07   3   0 0  2 0  0 1  0 0
    63  -.3950085753340569E-04   3   1 0  0 1  0 1  0 0
    64  -.2843391566044358E-04   3   0 1  0 1  0 1  0 0
    65  -.1654859476594384E-04   3   0 0  1 1  0 1  0 0
    66  -.9042462696138654E-05   3   0 0  0 2  0 1  0 0
    67  -.4856673119607407E-05   3   2 0  0 0  0 0  1 0
    68  0.3534827759200901E-05   3   1 1  0 0  0 0  1 0
    69  -.4585254697807841E-06   3   0 2  0 0  0 0  1 0
    70  0.1850012503971460E-03   3   1 0  1 0  0 0  1 0
    71  0.1096467805904947E-04   3   0 1  1 0  0 0  1 0
    72  0.2001251333216946E-07   3   0 0  2 0  0 0  1 0
    73  -.3944769914094858E-04   3   1 0  0 1  0 0  1 0
    74  -.2839565063679164E-04   3   0 1  0 1  0 0  1 0
    75  -.1652632444700417E-04   3   0 0  1 1  0 0  1 0
    76  -.9030293775995368E-05   3   0 0  0 2  0 0  1 0
    77  0.9719890928555878E-05   3   2 0  0 0  0 0  0 1
    78  -.4374989849993404E-05   3   1 1  0 0  0 0  0 1
    79  0.3299241823693265E-07   3   0 2  0 0  0 0  0 1
    80  -.3702518022564334E-03   3   1 0  1 0  0 0  0 1
    81  -.1808998579924810E-04   3   0 1  1 0  0 0  0 1
    82  -.4005199480892321E-07   3   0 0  2 0  0 0  0 1
    83  0.3539931033531736E-04   3   1 0  0 1  0 0  0 1
    84  0.1598835131482812E-04   3   0 1  0 1  0 0  0 1
    85  0.2083650789107407E-04   3   0 0  1 1  0 0  0 1
    86  0.7317337912422669E-05   3   0 0  0 2  0 0  0 1
    87  -.1765305191751163E-04   3   1 0  0 0  0 2  0 0
    88  -.1196051966972665E-04   3   0 1  0 0  0 2  0 0
    89  0.1555201127827159       3   0 0  1 0  0 2  0 0
    90  0.3460837304816897       3   0 0  0 1  0 2  0 0
    91  -.1182840484936650E-04   3   1 0  0 0  0 1  1 0
    92  -.1196629246225148E-04   3   0 1  0 0  0 1  1 0
    93  0.1104284265433768       3   0 0  1 0  0 1  1 0
    94  0.2647583742601458       3   0 0  0 1  0 1  1 0
    95  -.1762133621730758E-04   3   1 0  0 0  0 0  2 0
    96  -.1193637192981990E-04   3   0 1  0 0  0 0  2 0
    97  0.1552365164582760       3   0 0  1 0  0 0  2 0
    98  0.3454398376363425       3   0 0  0 1  0 0  2 0
    99  0.2364215256604994E-04   3   1 0  0 0  0 1  0 1
   100  0.1197214211959690E-04   3   0 1  0 0  0 1  0 1
   101  -.2207355698203437       3   0 0  1 0  0 1  0 1
   102  -.1016703062131696       3   0 0  0 1  0 1  0 1
   103  0.2361033607134262E-04   3   1 0  0 0  0 0  1 1
   104  0.1195603057495985E-04   3   0 1  0 0  0 0  1 1
   105  -.2204385142933866       3   0 0  1 0  0 0  1 1
   106  -.1015334831066232       3   0 0  0 1  0 0  1 1
   107  -.1489490979108775E-06   3   1 0  0 0  0 0  0 2
   108  -.1567463417963280E-07   3   0 1  0 0  0 0  0 2
   109  0.1998898454036131E-01   3   0 0  1 0  0 0  0 2
   110  0.3114525180258867E-02   3   0 0  0 1  0 0  0 2
   111  -.4855093779710384E-06   3   0 0  0 0  0 3  0 0
   112  -.3101692214107701E-06   3   0 0  0 0  0 2  1 0
   113  -.3105218493049511E-06   3   0 0  0 0  0 1  2 0
   114  -.4843208904473088E-06   3   0 0  0 0  0 0  3 0
   115  0.6202184423080699E-06   3   0 0  0 0  0 2  0 1
   116  0.4454157718103459E-06   3   0 0  0 0  0 1  1 1
   117  0.6190840718079107E-06   3   0 0  0 0  0 0  2 1
   118  -.4743473820167259E-07   3   0 0  0 0  0 1  0 2
   119  -.4737090276654681E-07   3   0 0  0 0  0 0  1 2
   120  0.6068851509884556E-09   3   0 0  0 0  0 0  0 3
   121  0.2505538642805376E-05   4   4 0  0 0  0 0  0 0
   122  -.2347605724228509E-05   4   3 1  0 0  0 0  0 0
   123  -.2518751138644184E-05   4   2 2  0 0  0 0  0 0
   124  -.9606375566795943E-07   4   1 3  0 0  0 0  0 0
   125  -.3004826155404005E-05   4   0 4  0 0  0 0  0 0
   126  0.2557450664975561E-03   4   3 0  1 0  0 0  0 0
   127  0.6282324929198743E-03   4   2 1  1 0  0 0  0 0
   128  0.1414136257588291E-03   4   1 2  1 0  0 0  0 0
   129  -.1980952210228179E-03   4   0 3  1 0  0 0  0 0
   130  0.3401925241848198E-04   4   2 0  2 0  0 0  0 0
   131  0.1287140777753464E-04   4   1 1  2 0  0 0  0 0
   132  -.2986038436804870E-04   4   0 2  2 0  0 0  0 0
   133  0.1432008035725626E-04   4   1 0  3 0  0 0  0 0
   134  0.2903521663495665E-03   4   0 1  3 0  0 0  0 0
   135  -.3628801507409357E-05   4   0 0  4 0  0 0  0 0
   136  -.1784606720467673E-03   4   3 0  0 1  0 0  0 0
   137  0.4482777792817185E-03   4   2 1  0 1  0 0  0 0
   138  0.4101100329978126E-03   4   1 2  0 1  0 0  0 0
   139  -.1298139900450282E-03   4   0 3  0 1  0 0  0 0
   140  0.4637647275272572E-05   4   2 0  1 1  0 0  0 0
   141  0.8314781714936599E-05   4   1 1  1 1  0 0  0 0
   142  -.1847171980480511E-04   4   0 2  1 1  0 0  0 0
   143  -.3476533395643174E-03   4   1 0  2 1  0 0  0 0
   144  0.3596736756321896E-03   4   0 1  2 1  0 0  0 0
   145  -.4525651759752737E-04   4   0 0  3 1  0 0  0 0
   146  -.5974497277410080E-05   4   2 0  0 2  0 0  0 0
   147  -.9164047666141490E-05   4   1 1  0 2  0 0  0 0
   148  -.1736302003790810E-04   4   0 2  0 2  0 0  0 0
   149  0.1008037422604058E-03   4   1 0  1 2  0 0  0 0
   150  0.6067507227562992E-05   4   0 1  1 2  0 0  0 0
   151  -.4678815193386825E-04   4   0 0  2 2  0 0  0 0
   152  0.2429005704198710E-03   4   1 0  0 3  0 0  0 0
   153  -.1201422848021305E-03   4   0 1  0 3  0 0  0 0
   154  -.2230671831686784E-04   4   0 0  1 3  0 0  0 0
   155  -.1266087232626779E-04   4   0 0  0 4  0 0  0 0
   156  -.9302385940734147E-05   4   3 0  0 0  0 1  0 0
   157  -.1653377480752404E-04   4   2 1  0 0  0 1  0 0
   158  0.3761331243242919E-04   4   1 2  0 0  0 1  0 0
   159  0.2877645787410703E-04   4   0 3  0 0  0 1  0 0
   160  0.2829856010910432       4   2 0  1 0  0 1  0 0
   161  0.9013803301289959       4   1 1  1 0  0 1  0 0
   162  -.3539395078508769       4   0 2  1 0  0 1  0 0
   163  0.1344758830473679E-03   4   1 0  2 0  0 1  0 0
   164  0.2086684599612742E-03   4   0 1  2 0  0 1  0 0
   165  -.2600048792741448       4   0 0  3 0  0 1  0 0
   166  -.5777030331866774       4   2 0  0 1  0 1  0 0
   167  0.3205964927006383       4   1 1  0 1  0 1  0 0
   168  -.6395985225559440       4   0 2  0 1  0 1  0 0
   169  0.2707749497720036E-03   4   1 0  1 1  0 1  0 0
   170  0.2288136481559992E-03   4   0 1  1 1  0 1  0 0
   171  -1.670585995858187       4   0 0  2 1  0 1  0 0
   172  0.1856875631418042E-03   4   1 0  0 2  0 1  0 0
   173  0.1029435163663023E-03   4   0 1  0 2  0 1  0 0
   174  -1.808270808561251       4   0 0  1 2  0 1  0 0
   175  -1.024946926888616       4   0 0  0 3  0 1  0 0
   176  -.9289867228141296E-05   4   3 0  0 0  0 0  1 0
   177  -.1651152443259745E-04   4   2 1  0 0  0 0  1 0
   178  0.3756269420921171E-04   4   1 2  0 0  0 0  1 0
   179  0.2873773187328745E-04   4   0 3  0 0  0 0  1 0
   180  0.2826047724057435       4   2 0  1 0  0 0  1 0
   181  0.9001672949612807       4   1 1  1 0  0 0  1 0
   182  -.3534631927418017       4   0 2  1 0  0 0  1 0
   183  0.1342949117415023E-03   4   1 0  2 0  0 0  1 0
   184  0.2083876437820061E-03   4   0 1  2 0  0 0  1 0
   185  -.2596549769607620       4   0 0  3 0  0 0  1 0
   186  -.5769255876708124       4   2 0  0 1  0 0  1 0
   187  0.3201650490499501       4   1 1  0 1  0 0  1 0
   188  -.6387377810075219       4   0 2  0 1  0 0  1 0
   189  0.2704105536056704E-03   4   1 0  1 1  0 0  1 0
   190  0.2285057215318749E-03   4   0 1  1 1  0 0  1 0
   191  -1.668337799956094       4   0 0  2 1  0 0  1 0
   192  0.1854376735704547E-03   4   1 0  0 2  0 0  1 0
   193  0.1028049798335222E-03   4   0 1  0 2  0 0  1 0
   194  -1.805837322927552       4   0 0  1 2  0 0  1 0
   195  -1.023567601618412       4   0 0  0 3  0 0  1 0
   196  0.1859225316887499E-04   4   3 0  0 0  0 0  0 1
   197  0.3922019617776730E-04   4   2 1  0 0  0 0  0 1
   198  -.7669133081827287E-05   4   1 2  0 0  0 0  0 1
   199  -.1151935086705221E-04   4   0 3  0 0  0 0  0 1
   200  -.5655903734967781       4   2 0  1 0  0 0  0 1
   201  -1.182336836535423       4   1 1  1 0  0 0  0 1
   202  0.1742136503064907       4   0 2  1 0  0 0  0 1
   203  -.2687707947888137E-03   4   1 0  2 0  0 0  0 1
   204  -.2606182020098848E-03   4   0 1  2 0  0 0  0 1
   205  0.5196598562346187       4   0 0  3 0  0 0  0 1
   206  0.6131724656948819       4   2 0  0 1  0 0  0 1
   207  -.2877611298356453       4   1 1  0 1  0 0  0 1
   208  0.5281330714352611E-01   4   0 2  0 1  0 0  0 1
   209  -.3682589439551629E-03   4   1 0  1 1  0 0  0 1
   210  -.2126140078987802E-03   4   0 1  1 1  0 0  0 1
   211   2.128972096210584       4   0 0  2 1  0 0  0 1
   212  -.1521703089677528E-03   4   1 0  0 2  0 0  0 1
   213  -.6410126648989249E-04   4   0 1  0 2  0 0  0 1
   214   1.502994589951534       4   0 0  1 2  0 0  0 1
   215  0.3083908125277814       4   0 0  0 3  0 0  0 1
   216  -.3415637112711491E-05   4   2 0  0 0  0 2  0 0
   217  -.1974273050005164E-05   4   1 1  0 0  0 2  0 0
   218  -.7326872281623254E-05   4   0 2  0 0  0 2  0 0
   219  -.2297451786610833E-04   4   1 0  1 0  0 2  0 0
   220  -.2303383675805778E-03   4   0 1  1 0  0 2  0 0
   221  -.1685329880263720E-04   4   0 0  2 0  0 2  0 0
   222  0.1081543254726972E-03   4   1 0  0 1  0 2  0 0
   223  -.2254180958623850E-03   4   0 1  0 1  0 2  0 0
   224  -.1415650963174539E-04   4   0 0  1 1  0 2  0 0
   225  -.1556914714189907E-04   4   0 0  0 2  0 2  0 0
   226  -.4346883107440637E-05   4   2 0  0 0  0 1  1 0
   227  -.1645651006501815E-05   4   1 1  0 0  0 1  1 0
   228  -.9018539665186693E-05   4   0 2  0 0  0 1  1 0
   229  0.2719634578861788E-04   4   1 0  1 0  0 1  1 0
   230  -.2715506637724471E-03   4   0 1  1 0  0 1  1 0
   231  -.1774947121942510E-04   4   0 0  2 0  0 1  1 0
   232  0.1208101298400994E-03   4   1 0  0 1  0 1  1 0
   233  -.2755379147384559E-03   4   0 1  0 1  0 1  1 0
   234  -.1860888992880053E-04   4   0 0  1 1  0 1  1 0
   235  -.1909282686369938E-04   4   0 0  0 2  0 1  1 0
   236  -.3408115594042697E-05   4   2 0  0 0  0 0  2 0
   237  -.1970508846600189E-05   4   1 1  0 0  0 0  2 0
   238  -.7310943759382033E-05   4   0 2  0 0  0 0  2 0
   239  -.2296189962292854E-04   4   1 0  1 0  0 0  2 0
   240  -.2298456690181825E-03   4   0 1  1 0  0 0  2 0
   241  -.1681867522642631E-04   4   0 0  2 0  0 0  2 0
   242  0.1079274861890471E-03   4   1 0  0 1  0 0  2 0
   243  -.2249293358425665E-03   4   0 1  0 1  0 0  2 0
   244  -.1412493698468898E-04   4   0 0  1 1  0 0  2 0
   245  -.1553534780411257E-04   4   0 0  0 2  0 0  2 0
   246  0.7273232289811223E-06   4   2 0  0 0  0 1  0 1
   247  0.1405201645304032E-05   4   1 1  0 0  0 1  0 1
   248  0.1663498326299421E-05   4   0 2  0 0  0 1  0 1
   249  -.2138504235327034E-05   4   1 0  1 0  0 1  0 1
   250  0.1977956595882791E-03   4   0 1  1 0  0 1  0 1
   251  0.1711488835482797E-04   4   0 0  2 0  0 1  0 1
   252  -.1371538697687524E-03   4   1 0  0 1  0 1  0 1
   253  0.3563568650018032E-04   4   0 1  0 1  0 1  0 1
   254  0.3394549330007282E-05   4   0 0  1 1  0 1  0 1
   255  -.3064448053345638E-05   4   0 0  0 2  0 1  0 1
   256  0.7263444316571210E-06   4   2 0  0 0  0 0  1 1
   257  0.1403310591154638E-05   4   1 1  0 0  0 0  1 1
   258  0.1661259668649845E-05   4   0 2  0 0  0 0  1 1
   259  -.2135626337111474E-05   4   1 0  1 0  0 0  1 1
   260  0.1975294755113915E-03   4   0 1  1 0  0 0  1 1
   261  0.1709185594467680E-04   4   0 0  2 0  0 0  1 1
   262  -.1369692945546558E-03   4   1 0  0 1  0 0  1 1
   263  0.3558772967273988E-04   4   0 1  0 1  0 0  1 1
   264  0.3389981105498521E-05   4   0 0  1 1  0 0  1 1
   265  -.3060324063577881E-05   4   0 0  0 2  0 0  1 1
   266  0.1931642968434417E-05   4   2 0  0 0  0 0  0 2
   267  0.7283630156495890E-06   4   1 1  0 0  0 0  0 2
   268  0.7639870809037791E-08   4   0 2  0 0  0 0  0 2
   269  0.5629449306095440E-04   4   1 0  1 0  0 0  0 2
   270  -.1111809605220429E-05   4   0 1  1 0  0 0  0 2
   271  0.3107008529992399E-05   4   0 0  2 0  0 0  0 2
   272  0.2822166839391200E-04   4   1 0  0 1  0 0  0 2
   273  0.3631663994257179E-05   4   0 1  0 1  0 0  0 2
   274  0.6405672139290965E-05   4   0 0  1 1  0 0  0 2
   275  0.1605859657397545E-05   4   0 0  0 2  0 0  0 2
   276  0.1474167405747336E-04   4   1 0  0 0  0 3  0 0
   277  0.1196266057138428E-04   4   0 1  0 0  0 3  0 0
   278  -.1329791580971516       4   0 0  1 0  0 3  0 0
   279  -.3057343399261847       4   0 0  0 1  0 3  0 0
   280  0.8922325023740283E-05   4   1 0  0 0  0 2  1 0
   281  0.1196982092944593E-04   4   0 1  0 0  0 2  1 0
   282  -.8792754802696401E-01   4   0 0  1 0  0 2  1 0
   283  -.2250889919136279       4   0 0  0 1  0 2  1 0
   284  0.8934032085374962E-05   4   1 0  0 0  0 1  2 0
   285  0.1196977397786979E-04   4   0 1  0 0  0 1  2 0
   286  -.8801812927938718E-01   4   0 0  1 0  0 1  2 0
   287  -.2252509544260084       4   0 0  0 1  0 1  2 0
   288  0.1470592055728075E-04   4   1 0  0 0  0 0  3 0
   289  0.1193046903728150E-04   4   0 1  0 0  0 0  3 0
   290  -.1326516378788890       4   0 0  1 0  0 0  3 0
   291  -.3049659227450674       4   0 0  0 1  0 0  3 0
   292  -.1783995278942143E-04   4   1 0  0 0  0 2  0 1
   293  -.1198748572295557E-04   4   0 1  0 0  0 2  0 1
   294  0.1758247331276270       4   0 0  1 0  0 2  0 1
   295  0.1040407265740372       4   0 0  0 1  0 2  0 1
   296  -.1205332684963584E-04   4   1 0  0 0  0 1  1 1
   297  -.1200276634680537E-04   4   0 1  0 0  0 1  1 1
   298  0.1310343744464647       4   0 0  1 0  0 1  1 1
   299  0.1064045828047995       4   0 0  0 1  0 1  1 1
   300  -.1780783422211874E-04   4   1 0  0 0  0 0  2 1
   301  -.1196327715098232E-04   4   0 1  0 0  0 0  2 1
   302  0.1754999465452653       4   0 0  1 0  0 0  2 1
   303  0.1038291163310506       4   0 0  0 1  0 0  2 1
   304  0.2237527571249626E-06   4   1 0  0 0  0 1  0 2
   305  0.3138077658802919E-07   4   0 1  0 0  0 1  0 2
   306  -.2060632786018747E-01   4   0 0  1 0  0 1  0 2
   307  -.4737552362689888E-02   4   0 0  0 1  0 1  0 2
   308  0.2234516412098886E-06   4   1 0  0 0  0 0  1 2
   309  0.3133854581792016E-07   4   0 1  0 0  0 0  1 2
   310  -.2057859683530147E-01   4   0 0  1 0  0 0  1 2
   311  -.4731176787994877E-02   4   0 0  0 1  0 0  1 2
   312  -.4976873414387105E-07   4   1 0  0 0  0 0  0 3
   313  -.5231806604271636E-08   4   0 1  0 0  0 0  0 3
   314  0.4023185382568456E-03   4   0 0  1 0  0 0  0 3
   315  0.4171786997109143E-04   4   0 0  0 1  0 0  0 3
   316  -.1507516212896674E-05   4   0 0  0 0  0 4  0 0
   317  -.9192094897229446E-06   4   0 0  0 0  0 3  1 0
   318  -.8402653301641604E-06   4   0 0  0 0  0 2  2 0
   319  -.9208928672224344E-06   4   0 0  0 0  0 1  3 0
   320  -.1502842789959608E-05   4   0 0  0 0  0 0  4 0
   321  -.4249337142117128E-07   4   0 0  0 0  0 3  0 1
   322  0.1069961594549011E-07   4   0 0  0 0  0 2  1 1
   323  0.1059235445476236E-07   4   0 0  0 0  0 1  2 1
   324  -.4241478294255503E-07   4   0 0  0 0  0 0  3 1
   325  0.2486286038239873E-07   4   0 0  0 0  0 2  0 2
   326  0.3139167515562311E-07   4   0 0  0 0  0 1  1 2
   327  0.2480827839814621E-07   4   0 0  0 0  0 0  2 2
   328  -.4908373890461502E-09   4   0 0  0 0  0 1  0 3
   329  -.4901768432203368E-09   4   0 0  0 0  0 0  1 3
   ----------------------------------------------------
     I  COEFFICIENT            ORDER EXPONENTS
     1  0.5119761896837196E-05   0   0 0  0 0  0 0  0 0
     2  -.1337391913082244E-03   1   1 0  0 0  0 0  0 0
     3  -.4140831003327842E-04   1   0 1  0 0  0 0  0 0
     4   1.118545351303951       1   0 0  1 0  0 0  0 0
     5   1.336008234716726       1   0 0  0 1  0 0  0 0
     6  -.1288061689940305E-06   1   0 0  0 0  0 1  0 0
     7  -.1286328277222034E-06   1   0 0  0 0  0 0  1 0
     8  0.5377200893669170E-05   1   0 0  0 0  0 0  0 1
     9  0.3242484819748860E-05   2   2 0  0 0  0 0  0 0
    10  -.1914123831363744E-04   2   1 1  0 0  0 0  0 0
    11  -.3244799239955350E-05   2   0 2  0 0  0 0  0 0
    12  -.3360772251111737E-03   2   1 0  1 0  0 0  0 0
    13  0.2106774894551627E-03   2   0 1  1 0  0 0  0 0
    14  -.9874845065448820E-05   2   0 0  2 0  0 0  0 0
    15  0.1608186406037196E-03   2   1 0  0 1  0 0  0 0
    16  0.1355691407898093E-03   2   0 1  0 1  0 0  0 0
    17  0.9498521132537818E-05   2   0 0  1 1  0 0  0 0
    18  0.1037207698691785E-05   2   0 0  0 2  0 0  0 0
    19  0.2998574882717136E-06   2   1 0  0 0  0 1  0 0
    20  0.2075383129075246E-04   2   0 1  0 0  0 1  0 0
    21  -.4390611035091701E-01   2   0 0  1 0  0 1  0 0
    22  -.1761295100857319       2   0 0  0 1  0 1  0 0
    23  0.2994539541956920E-06   2   1 0  0 0  0 0  1 0
    24  0.2072590176269551E-04   2   0 1  0 0  0 0  1 0
    25  -.4384702357682833E-01   2   0 0  1 0  0 0  1 0
    26  -.1758924832917540       2   0 0  0 1  0 0  1 0
    27  -.1343385027506920E-03   2   1 0  0 0  0 0  0 1
    28  -.4147973305318002E-04   2   0 1  0 0  0 0  0 1
    29   1.206298485231699       2   0 0  1 0  0 0  0 1
    30  0.3520219933774927       2   0 0  0 1  0 0  0 1
    31  0.9353962878892558E-07   2   0 0  0 0  0 2  0 0
    32  0.5836806638263146E-07   2   0 0  0 0  0 1  1 0
    33  0.9337447311407851E-07   2   0 0  0 0  0 0  2 0
    34  -.2454481276834352E-06   2   0 0  0 0  0 1  0 1
    35  -.2451178151607556E-06   2   0 0  0 0  0 0  1 1
    36  0.2452832337101457E-06   2   0 0  0 0  0 0  0 2
    37  0.9250700034048572E-04   3   3 0  0 0  0 0  0 0
    38  0.9246306129860138E-04   3   2 1  0 0  0 0  0 0
    39  0.3193806911256124E-04   3   1 2  0 0  0 0  0 0
    40  -.1682325822526786E-04   3   0 3  0 0  0 0  0 0
    41  -1.916853949190755       3   2 0  1 0  0 0  0 0
    42  -1.872509409460858       3   1 1  1 0  0 0  0 0
    43  0.2731856986773147       3   0 2  1 0  0 0  0 0
    44  -.1966194796283822E-03   3   1 0  2 0  0 0  0 0
    45  -.7593977354045065E-04   3   0 1  2 0  0 0  0 0
    46  -1.084110390054377       3   0 0  3 0  0 0  0 0
    47  -.2633106531635958       3   2 0  0 1  0 0  0 0
    48  -.5689981323348267       3   1 1  0 1  0 0  0 0
    49  0.2224534910618599       3   0 2  0 1  0 0  0 0
    50  -.1129316356798410E-03   3   1 0  1 1  0 0  0 0
    51  0.8491448968396983E-04   3   0 1  1 1  0 0  0 0
    52  -1.279305281590889       3   0 0  2 1  0 0  0 0
    53  -.1852981757751068E-04   3   1 0  0 2  0 0  0 0
    54  0.1198635458459691E-04   3   0 1  0 2  0 0  0 0
    55  -1.015643768821868       3   0 0  1 2  0 0  0 0
    56  -.5593680153493669E-01   3   0 0  0 3  0 0  0 0
    57  -.2240283841267541E-05   3   2 0  0 0  0 1  0 0
    58  0.1081893561058938E-04   3   1 1  0 0  0 1  0 0
    59  0.3578388168040454E-05   3   0 2  0 0  0 1  0 0
    60  0.1733019770701747E-03   3   1 0  1 0  0 1  0 0
    61  -.7506424093675152E-04   3   0 1  1 0  0 1  0 0
    62  0.6974695983821801E-05   3   0 0  2 0  0 1  0 0
    63  -.3106409619997972E-04   3   1 0  0 1  0 1  0 0
    64  -.1213730172369777E-03   3   0 1  0 1  0 1  0 0
    65  -.6979541619573884E-07   3   0 0  1 1  0 1  0 0
    66  -.5064785001324559E-07   3   0 0  0 2  0 1  0 0
    67  -.2237268972854871E-05   3   2 0  0 0  0 0  1 0
    68  0.1080437599692338E-04   3   1 1  0 0  0 0  1 0
    69  0.3573572541887448E-05   3   0 2  0 0  0 0  1 0
    70  0.1730687554368701E-03   3   1 0  1 0  0 0  1 0
    71  -.7496322301895298E-04   3   0 1  1 0  0 0  1 0
    72  0.6965309766688118E-05   3   0 0  2 0  0 0  1 0
    73  -.3102229160331429E-04   3   1 0  0 1  0 0  1 0
    74  -.1212096791504937E-03   3   0 1  0 1  0 0  1 0
    75  -.6970148880127619E-07   3   0 0  1 1  0 0  1 0
    76  -.5057969052005497E-07   3   0 0  0 2  0 0  1 0
    77  0.7720037633871245E-05   3   2 0  0 0  0 0  0 1
    78  -.2162331160751286E-04   3   1 1  0 0  0 0  0 1
    79  -.3907161469972505E-05   3   0 2  0 0  0 0  0 1
    80  -.6824479576182229E-03   3   1 0  1 0  0 0  0 1
    81  0.1500274639557017E-03   3   0 1  1 0  0 0  0 1
    82  -.2381485081596774E-04   3   0 0  2 0  0 0  0 1
    83  0.6208638780329335E-04   3   1 0  0 1  0 0  0 1
    84  0.1070135555976655E-03   3   0 1  0 1  0 0  0 1
    85  0.1394969049788374E-06   3   0 0  1 1  0 0  0 1
    86  -.9359801581620277E-06   3   0 0  0 2  0 0  0 1
    87  -.2967599129306295E-06   3   1 0  0 0  0 2  0 0
    88  -.1559234667399523E-04   3   0 1  0 0  0 2  0 0
    89  0.3352689357158684E-01   3   0 0  1 0  0 2  0 0
    90  0.1361513604303450       3   0 0  0 1  0 2  0 0
    91  -.2962115107062957E-06   3   1 0  0 0  0 1  1 0
    92  -.1044281790240727E-04   3   0 1  0 0  0 1  1 0
    93  0.2317556487426780E-01   3   0 0  1 0  0 1  1 0
    94  0.9628051192388026E-01   3   0 0  0 1  0 1  1 0
    95  -.2961612336722323E-06   3   1 0  0 0  0 0  2 0
    96  -.1556433650259260E-04   3   0 1  0 0  0 0  2 0
    97  0.3346618036679515E-01   3   0 0  1 0  0 0  2 0
    98  0.1359033494583654       3   0 0  0 1  0 0  2 0
    99  0.8941380613136236E-06   3   1 0  0 0  0 1  0 1
   100  0.2086805541543359E-04   3   0 1  0 0  0 1  0 1
   101  -.9022941497808742E-01   3   0 0  1 0  0 1  0 1
   102  -.1924537742370052       3   0 0  0 1  0 1  0 1
   103  0.8929347724499277E-06   3   1 0  0 0  0 0  1 1
   104  0.2083997216993283E-04   3   0 1  0 0  0 0  1 1
   105  -.9010798848377423E-01   3   0 0  1 0  0 0  1 1
   106  -.1921947790176686       3   0 0  0 1  0 0  1 1
   107  -.8966718625509221E-06   3   1 0  0 0  0 0  0 2
   108  -.1125585023880604E-06   3   0 1  0 0  0 0  0 2
   109  0.9016873250105947E-01   3   0 0  1 0  0 0  0 2
   110  0.1631329679507990E-01   3   0 0  0 1  0 0  0 2
   111  -.7799924772428718E-07   3   0 0  0 0  0 3  0 0
   112  -.4693349226438533E-07   3   0 0  0 0  0 2  1 0
   113  -.4699599066314302E-07   3   0 0  0 0  0 1  2 0
   114  -.7781025835559412E-07   3   0 0  0 0  0 0  3 0
   115  0.1873904697294079E-06   3   0 0  0 0  0 2  0 1
   116  0.1294886297747739E-06   3   0 0  0 0  0 1  1 1
   117  0.1870511586637235E-06   3   0 0  0 0  0 0  2 1
   118  -.1294103626238616E-06   3   0 0  0 0  0 1  0 2
   119  -.1292362082567825E-06   3   0 0  0 0  0 0  1 2
   120  0.4454445723553946E-08   3   0 0  0 0  0 0  0 3
   121  0.8871505767306689E-05   4   4 0  0 0  0 0  0 0
   122  0.6028899436680675E-06   4   3 1  0 0  0 0  0 0
   123  -.5419319533027245E-05   4   2 2  0 0  0 0  0 0
   124  0.2178861850465864E-05   4   1 3  0 0  0 0  0 0
   125  -.3734692077789203E-05   4   0 4  0 0  0 0  0 0
   126  0.1305722645288601E-08   4   3 0  1 0  0 0  0 0
   127  -.9835768828153921E-03   4   2 1  1 0  0 0  0 0
   128  -.4394621831915532E-03   4   1 2  1 0  0 0  0 0
   129  -.1901116897362046E-03   4   0 3  1 0  0 0  0 0
   130  0.7634392273804260E-05   4   2 0  2 0  0 0  0 0
   131  -.1178996197357378E-03   4   1 1  2 0  0 0  0 0
   132  -.2200282141027776E-04   4   0 2  2 0  0 0  0 0
   133  0.5116516720865012E-08   4   1 0  3 0  0 0  0 0
   134  -.4835667604043095E-08   4   0 1  3 0  0 0  0 0
   135  -.1599116495947431E-04   4   0 0  4 0  0 0  0 0
   136  -.4917941770442354E-03   4   3 0  0 1  0 0  0 0
   137  -.6819462079303853E-03   4   2 1  0 1  0 0  0 0
   138  0.2563920472100529E-04   4   1 2  0 1  0 0  0 0
   139  -.1333712509345775E-04   4   0 3  0 1  0 0  0 0
   140  -.3588016982891561E-04   4   2 0  1 1  0 0  0 0
   141  -.1212489488343350E-03   4   1 1  1 1  0 0  0 0
   142  0.1846319830538904E-04   4   0 2  1 1  0 0  0 0
   143  -.8344338694806525E-03   4   1 0  2 1  0 0  0 0
   144  -.1127024599612726E-03   4   0 1  2 1  0 0  0 0
   145  -.8166378271651069E-04   4   0 0  3 1  0 0  0 0
   146  0.7752338646942765E-05   4   2 0  0 2  0 0  0 0
   147  -.2600028711902690E-04   4   1 1  0 2  0 0  0 0
   148  -.1077340186140197E-05   4   0 2  0 2  0 0  0 0
   149  -.4826605571715551E-03   4   1 0  1 2  0 0  0 0
   150  -.2138853141533483E-03   4   0 1  1 2  0 0  0 0
   151  -.5888881638260510E-04   4   0 0  2 2  0 0  0 0
   152  -.7591617798274293E-04   4   1 0  0 3  0 0  0 0
   153  -.3828014879281234E-04   4   0 1  0 3  0 0  0 0
   154  -.3381173806396447E-05   4   0 0  1 3  0 0  0 0
   155  0.2864935953533361E-05   4   0 0  0 4  0 0  0 0
   156  -.4273009087403244E-04   4   3 0  0 0  0 1  0 0
   157  -.9277145549454854E-04   4   2 1  0 0  0 1  0 0
   158  -.4845258132878421E-04   4   1 2  0 0  0 1  0 0
   159  0.2324507190963198E-04   4   0 3  0 0  0 1  0 0
   160  0.7943820975786966       4   2 0  1 0  0 1  0 0
   161   1.845508834471208       4   1 1  1 0  0 1  0 0
   162  -.1475615778600338       4   0 2  1 0  0 1  0 0
   163  0.4536955314483527E-04   4   1 0  2 0  0 1  0 0
   164  0.6755887454101883E-04   4   0 1  2 0  0 1  0 0
   165  0.7407001114352680       4   0 0  3 0  0 1  0 0
   166  0.1854579823921290       4   2 0  0 1  0 1  0 0
   167  0.8215943093564609       4   1 1  0 1  0 1  0 0
   168  -.2875551313900575       4   0 2  0 1  0 1  0 0
   169  0.7663768245370737E-04   4   1 0  1 1  0 1  0 0
   170  -.6751695630321130E-04   4   0 1  1 1  0 1  0 0
   171   1.463432592209203       4   0 0  2 1  0 1  0 0
   172  0.2153247682496884E-04   4   1 0  0 2  0 1  0 0
   173  -.1488203343835903E-04   4   0 1  0 2  0 1  0 0
   174   1.321561925506143       4   0 0  1 2  0 1  0 0
   175  0.1172588861270915       4   0 0  0 3  0 1  0 0
   176  -.4267258673153384E-04   4   3 0  0 0  0 0  1 0
   177  -.9264660804191060E-04   4   2 1  0 0  0 0  1 0
   178  -.4838737612832266E-04   4   1 2  0 0  0 0  1 0
   179  0.2321378978735842E-04   4   0 3  0 0  0 0  1 0
   180  0.7933130555897074       4   2 0  1 0  0 0  1 0
   181   1.843025235657584       4   1 1  1 0  0 0  1 0
   182  -.1473629964428851       4   0 2  1 0  0 0  1 0
   183  0.4530849693830604E-04   4   1 0  2 0  0 0  1 0
   184  0.6746795699153675E-04   4   0 1  2 0  0 0  1 0
   185  0.7397033121337998       4   0 0  3 0  0 0  1 0
   186  0.1852084017797584       4   2 0  0 1  0 0  1 0
   187  0.8204886464553242       4   1 1  0 1  0 0  1 0
   188  -.2871681532462398       4   0 2  0 1  0 0  1 0
   189  0.7653454707234224E-04   4   1 0  1 1  0 0  1 0
   190  -.6742609516543422E-04   4   0 1  1 1  0 0  1 0
   191   1.461463173596783       4   0 0  2 1  0 0  1 0
   192  0.2150349943242189E-04   4   1 0  0 2  0 0  1 0
   193  -.1486200589913867E-04   4   0 1  0 2  0 0  1 0
   194   1.319783429750260       4   0 0  1 2  0 0  1 0
   195  0.1171010846444378       4   0 0  0 3  0 0  1 0
   196  0.1779096779460518E-03   4   3 0  0 0  0 0  0 1
   197  0.1854180635364602E-03   4   2 1  0 0  0 0  0 1
   198  0.6490188834454675E-04   4   1 2  0 0  0 0  0 1
   199  -.1281234524645511E-04   4   0 3  0 0  0 0  0 1
   200  -3.504549102359154       4   2 0  1 0  0 0  0 1
   201  -3.688534070128806       4   1 1  1 0  0 0  0 1
   202  0.2173887562559744E-01   4   0 2  1 0  0 0  0 1
   203  -.2872975297114547E-03   4   1 0  2 0  0 0  0 1
   204  -.1350268315325193E-03   4   0 1  2 0  0 0  0 1
   205  -2.564513813623798       4   0 0  3 0  0 0  0 1
   206  -.3706663841718893       4   2 0  0 1  0 0  0 1
   207  -1.073084823476966       4   1 1  0 1  0 0  0 1
   208  0.1298163025125839       4   0 2  0 1  0 0  0 1
   209  -.1531722295259755E-03   4   1 0  1 1  0 0  0 1
   210  0.5002856178475071E-04   4   0 1  1 1  0 0  0 1
   211  -2.924895765806572       4   0 0  2 1  0 0  0 1
   212  -.2450615867984282E-04   4   1 0  0 2  0 0  0 1
   213  0.5771330168320157E-05   4   0 1  0 2  0 0  0 1
   214  -1.625701586435129       4   0 0  1 2  0 0  0 1
   215  -.1224863677017344       4   0 0  0 3  0 0  0 1
   216  0.1556855081825784E-05   4   2 0  0 0  0 2  0 0
   217  0.2805303002424124E-05   4   1 1  0 0  0 2  0 0
   218  -.7183115694490365E-05   4   0 2  0 0  0 2  0 0
   219  0.2194937772568311E-03   4   1 0  1 0  0 2  0 0
   220  -.1522147408607922E-03   4   0 1  1 0  0 2  0 0
   221  0.1375229393285908E-04   4   0 0  2 0  0 2  0 0
   222  0.1918246955312911E-03   4   1 0  0 1  0 2  0 0
   223  -.2840212202023711E-04   4   0 1  0 1  0 2  0 0
   224  0.3650741281619846E-04   4   0 0  1 1  0 2  0 0
   225  0.8292693886826127E-05   4   0 0  0 2  0 2  0 0
   226  0.1096154341485770E-06   4   2 0  0 0  0 1  1 0
   227  0.6267072706669724E-05   4   1 1  0 0  0 1  1 0
   228  -.7826493788801151E-05   4   0 2  0 0  0 1  1 0
   229  0.2649590179300856E-03   4   1 0  1 0  0 1  1 0
   230  -.1790433639714372E-03   4   0 1  1 0  0 1  1 0
   231  0.1519813300733537E-04   4   0 0  2 0  0 1  1 0
   232  0.1876100894393001E-03   4   1 0  0 1  0 1  1 0
   233  -.5516330833341845E-04   4   0 1  0 1  0 1  1 0
   234  0.3718313393221441E-04   4   0 0  1 1  0 1  1 0
   235  0.8905491179504601E-05   4   0 0  0 2  0 1  1 0
   236  0.1554686181986064E-05   4   2 0  0 0  0 0  2 0
   237  0.2797310792306932E-05   4   1 1  0 0  0 0  2 0
   238  -.7168182732671696E-05   4   0 2  0 0  0 0  2 0
   239  0.2190201081961585E-03   4   1 0  1 0  0 0  2 0
   240  -.1518894233755676E-03   4   0 1  1 0  0 0  2 0
   241  0.1372356027824443E-04   4   0 0  2 0  0 0  2 0
   242  0.1914403084881243E-03   4   1 0  0 1  0 0  2 0
   243  -.2832678169266944E-04   4   0 1  0 1  0 0  2 0
   244  0.3643326320593459E-04   4   0 0  1 1  0 0  2 0
   245  0.8275541675050782E-05   4   0 0  0 2  0 0  2 0
   246  -.4044608991206648E-05   4   2 0  0 0  0 1  0 1
   247  -.5770765368280460E-05   4   1 1  0 0  0 1  0 1
   248  0.5333922141786233E-05   4   0 2  0 0  0 1  0 1
   249  -.3519727586035682E-03   4   1 0  1 0  0 1  0 1
   250  0.1156481672059636E-03   4   0 1  1 0  0 1  0 1
   251  -.2786912897403010E-04   4   0 0  2 0  0 1  0 1
   252  -.2567802546403381E-03   4   1 0  0 1  0 1  0 1
   253  -.7353043655014770E-05   4   0 1  0 1  0 1  0 1
   254  -.4878920471877861E-04   4   0 0  1 1  0 1  0 1
   255  -.9633548299893589E-05   4   0 0  0 2  0 1  0 1
   256  -.4039165947042091E-05   4   2 0  0 0  0 0  1 1
   257  -.5762999344214577E-05   4   1 1  0 0  0 0  1 1
   258  0.5326744000746852E-05   4   0 2  0 0  0 0  1 1
   259  -.3514990902529408E-03   4   1 0  1 0  0 0  1 1
   260  0.1154925333528471E-03   4   0 1  1 0  0 0  1 1
   261  -.2783162401368336E-04   4   0 0  2 0  0 0  1 1
   262  -.2564346918752769E-03   4   1 0  0 1  0 0  1 1
   263  -.7343148275400791E-05   4   0 1  0 1  0 0  1 1
   264  -.4872354650642363E-04   4   0 0  1 1  0 0  1 1
   265  -.9620583924604969E-05   4   0 0  0 2  0 0  1 1
   266  0.4862618595673112E-05   4   2 0  0 0  0 0  0 2
   267  0.4604457515640616E-05   4   1 1  0 0  0 0  0 2
   268  0.7892674441764554E-06   4   0 2  0 0  0 0  0 2
   269  -.1054526388038530E-08   4   1 0  1 0  0 0  0 2
   270  -.2887421686643731E-09   4   0 1  1 0  0 0  0 2
   271  0.1302676520382351E-04   4   0 0  2 0  0 0  0 2
   272  0.2313372239155731E-04   4   1 0  0 1  0 0  0 2
   273  0.3124342405788769E-05   4   0 1  0 1  0 0  0 2
   274  0.1027489078407981E-04   4   0 0  1 1  0 0  0 2
   275  0.1475809359687997E-05   4   0 0  0 2  0 0  0 2
   276  0.2990005792275799E-06   4   1 0  0 0  0 3  0 0
   277  0.1301498909052911E-04   4   0 1  0 0  0 3  0 0
   278  -.2834509916437634E-01   4   0 0  1 0  0 3  0 0
   279  -.1162135793528366       4   0 0  0 1  0 3  0 0
   280  0.3012732120518340E-06   4   1 0  0 0  0 2  1 0
   281  0.7865605979738854E-05   4   0 1  0 0  0 2  1 0
   282  -.1798846884695760E-01   4   0 0  1 0  0 2  1 0
   283  -.7636483851109326E-01   4   0 0  0 1  0 2  1 0
   284  0.3012678121818062E-06   4   1 0  0 0  0 1  2 0
   285  0.7875965319191188E-05   4   0 1  0 0  0 1  2 0
   286  -.1800929804282424E-01   4   0 0  1 0  0 1  2 0
   287  -.7644496264417970E-01   4   0 0  0 1  0 1  2 0
   288  0.2981945614162238E-06   4   1 0  0 0  0 0  3 0
   289  0.1298343120956300E-04   4   0 1  0 0  0 0  3 0
   290  -.2827579322323620E-01   4   0 0  1 0  0 0  3 0
   291  -.1159276724071946       4   0 0  0 1  0 0  3 0
   292  -.8974599871671489E-06   4   1 0  0 0  0 2  0 1
   293  -.1573133746343421E-04   4   0 1  0 0  0 2  0 1
   294  0.6949681026412503E-01   4   0 0  1 0  0 2  0 1
   295  0.1527028087546001       4   0 0  0 1  0 2  0 1
   296  -.9007713526935444E-06   4   1 0  0 0  0 1  1 1
   297  -.1060840722418984E-04   4   0 1  0 0  0 1  1 1
   298  0.4881984406475475E-01   4   0 0  1 0  0 1  1 1
   299  0.1130584846805300       4   0 0  0 1  0 1  1 1
   300  -.8956461199840423E-06   4   1 0  0 0  0 0  2 1
   301  -.1570302882362446E-04   4   0 1  0 0  0 0  2 1
   302  0.6937043500946401E-01   4   0 0  1 0  0 0  2 1
   303  0.1524212341210012       4   0 0  0 1  0 0  2 1
   304  0.8979934796751478E-06   4   1 0  0 0  0 1  0 2
   305  0.1690787002941394E-06   4   0 1  0 0  0 1  0 2
   306  -.4879199451493130E-01   4   0 0  1 0  0 1  0 2
   307  -.1677826233471641E-01   4   0 0  0 1  0 1  0 2
   308  0.8967850023717243E-06   4   1 0  0 0  0 0  1 2
   309  0.1688511621478536E-06   4   0 1  0 0  0 0  1 2
   310  -.4872633254820883E-01   4   0 0  1 0  0 0  1 2
   311  -.1675568294000114E-01   4   0 0  0 1  0 0  1 2
   312  -.2993688731665467E-06   4   1 0  0 0  0 0  0 3
   313  -.3760428588449132E-07   4   0 1  0 0  0 0  0 3
   314  0.2449864854029757E-02   4   0 0  1 0  0 0  0 3
   315  0.3024505615227332E-03   4   0 0  0 1  0 0  0 3
   316  -.8219043033329666E-06   4   0 0  0 0  0 4  0 0
   317  -.4983996808268114E-06   4   0 0  0 0  0 3  1 0
   318  -.4549226111482361E-06   4   0 0  0 0  0 2  2 0
   319  -.4993254764332069E-06   4   0 0  0 0  0 1  3 0
   320  -.8193581844734934E-06   4   0 0  0 0  0 0  4 0
   321  0.9753678978021149E-06   4   0 0  0 0  0 3  0 1
   322  0.6369601190730956E-06   4   0 0  0 0  0 2  1 1
   323  0.6376405892719117E-06   4   0 0  0 0  0 1  2 1
   324  0.9729709740955515E-06   4   0 0  0 0  0 0  3 1
   325  -.4029842139337737E-07   4   0 0  0 0  0 2  0 2
   326  -.4807367022409329E-07   4   0 0  0 0  0 1  1 2
   327  -.4021184203719970E-07   4   0 0  0 0  0 0  2 2
   328  -.2230028814402504E-09   4   0 0  0 0  0 1  0 3
   329  -.2227027746721701E-09   4   0 0  0 0  0 0  1 3
   ----------------------------------------------------
     I  COEFFICIENT            ORDER EXPONENTS
     1  0.5329102822518975E-08   0   0 0  0 0  0 0  0 0
     2  -.4450116461432116E-05   1   1 0  0 0  0 0  0 0
     3  0.3695115516595793E-05   1   0 1  0 0  0 0  0 0
     4  -.6604793845451545E-06   1   0 0  1 0  0 0  0 0
     5  -.9034355301417801E-06   1   0 0  0 1  0 0  0 0
     6   1.000000000000000       1   0 0  0 0  1 0  0 0
     7  0.1649722364902034       1   0 0  0 0  0 1  0 0
     8  -.1649722363217573       1   0 0  0 0  0 0  1 0
     9  -.1684471792978741E-09   1   0 0  0 0  0 0  0 1
    10  -.6477732399200735E-01   2   2 0  0 0  0 0  0 0
    11  0.1357503825424796       2   1 1  0 0  0 0  0 0
    12  -.1257706441969853       2   0 2  0 0  0 0  0 0
    13  0.2215834332239063E-05   2   1 0  1 0  0 0  0 0
    14  0.2394138611602998E-04   2   0 1  1 0  0 0  0 0
    15  -.8193411296312683E-01   2   0 0  2 0  0 0  0 0
    16  0.2394151221067849E-04   2   1 0  0 1  0 0  0 0
    17  0.1204939814164405E-04   2   0 1  0 1  0 0  0 0
    18  -.2349796599637003       2   0 0  1 1  0 0  0 0
    19  -.2190632104469070       2   0 0  0 2  0 0  0 0
    20  0.6510444316635467E-05   2   1 0  0 0  0 1  0 0
    21  -.4902366597641566E-05   2   0 1  0 0  0 1  0 0
    22  0.1031978295927476E-05   2   0 0  1 0  0 1  0 0
    23  0.1467491444371279E-05   2   0 0  0 1  0 1  0 0
    24  0.2063533815932381E-05   2   1 0  0 0  0 0  1 0
    25  -.1210589430810684E-05   2   0 1  0 0  0 0  1 0
    26  0.3718866813378383E-06   2   0 0  1 0  0 0  1 0
    27  0.5645113045699786E-06   2   0 0  0 1  0 0  1 0
    28  -.8573971959820412E-05   2   1 0  0 0  0 0  0 1
    29  0.2417828242920305E-05   2   0 1  0 0  0 0  0 1
    30  -.1403865238295907E-05   2   0 0  1 0  0 0  0 1
    31  -.1128568423989210E-05   2   0 0  0 1  0 0  0 1
    32  -.1238124879356805       2   0 0  0 0  0 2  0 0
    33  0.8265273913096050E-01   2   0 0  0 0  0 1  1 0
    34  0.4115974855446526E-01   2   0 0  0 0  0 0  2 0
    35  0.2501938469944170E-09   2   0 0  0 0  0 1  0 1
    36  0.8186304009262297E-10   2   0 0  0 0  0 0  1 1
    37  -.8180500400134510E-10   2   0 0  0 0  0 0  0 2
    38  0.1740793630086272E-04   3   3 0  0 0  0 0  0 0
    39  -.8343341047285861E-04   3   2 1  0 0  0 0  0 0
    40  -.1104232223280840E-04   3   1 2  0 0  0 0  0 0
    41  0.8981372936280521E-05   3   0 3  0 0  0 0  0 0
    42  -.5363694844583742E-05   3   2 0  1 0  0 0  0 0
    43  -.8389244692733136E-05   3   1 1  1 0  0 0  0 0
    44  0.1612020050671095E-05   3   0 2  1 0  0 0  0 0
    45  0.9995806549772938E-05   3   1 0  2 0  0 0  0 0
    46  0.2693851850280310E-04   3   0 1  2 0  0 0  0 0
    47  -.1209780103462517E-05   3   0 0  3 0  0 0  0 0
    48  -.8377857364993369E-05   3   2 0  0 1  0 0  0 0
    49  0.6912073672471553E-06   3   1 1  0 1  0 0  0 0
    50  0.1261111416241316E-06   3   0 2  0 1  0 0  0 0
    51  0.1211495996767977E-03   3   1 0  1 1  0 0  0 0
    52  -.2435448417060205E-04   3   0 1  1 1  0 0  0 0
    53  -.5499972687981513E-05   3   0 0  2 1  0 0  0 0
    54  -.3985447042676825E-04   3   1 0  0 2  0 0  0 0
    55  -.1541489875685877E-04   3   0 1  0 2  0 0  0 0
    56  -.1105507901437037E-04   3   0 0  1 2  0 0  0 0
    57  -.3561780411467434E-05   3   0 0  0 3  0 0  0 0
    58  0.9329363062609664E-01   3   2 0  0 0  0 1  0 0
    59  -.1826359376351637       3   1 1  0 0  0 1  0 0
    60  0.1719796789002205       3   0 2  0 0  0 1  0 0
    61  -.4436373433492366E-05   3   1 0  1 0  0 1  0 0
    62  -.3642830098916261E-04   3   0 1  1 0  0 1  0 0
    63  0.1276353832946699       3   0 0  2 0  0 1  0 0
    64  -.3642534693493933E-04   3   1 0  0 1  0 1  0 0
    65  -.2421428300905309E-04   3   0 1  0 1  0 1  0 0
    66  0.3814262893505643       3   0 0  1 1  0 1  0 0
    67  0.3594140441212708       3   0 0  0 2  0 1  0 0
    68  0.2856498421797846E-01   3   2 0  0 0  0 0  1 0
    69  -.4700492423322310E-01   3   1 1  0 0  0 0  1 0
    70  0.4631589288584913E-01   3   0 2  0 0  0 0  1 0
    71  -.2220083053646491E-05   3   1 0  1 0  0 0  1 0
    72  -.1250168994913894E-04   3   0 1  1 0  0 0  1 0
    73  0.4574987009591733E-01   3   0 0  2 0  0 0  1 0
    74  -.1249976038289565E-04   3   1 0  0 1  0 0  1 0
    75  -.1216242328177086E-04   3   0 1  0 1  0 0  1 0
    76  0.1465653519059197       3   0 0  1 1  0 0  1 0
    77  0.1404563742284297       3   0 0  0 2  0 0  1 0
    78  -.1218586081558836       3   2 0  0 0  0 0  0 1
    79  0.9389055336286214E-01   3   1 1  0 0  0 0  0 1
    80  0.3324565058755899E-01   3   0 2  0 0  0 0  0 1
    81  0.6655790271923157E-05   3   1 0  1 0  0 0  0 1
    82  0.2498650820220566E-04   3   0 1  1 0  0 0  0 1
    83  -.1733852288645892       3   0 0  2 0  0 0  0 1
    84  0.2498530209418404E-04   3   1 0  0 1  0 0  0 1
    85  0.1226882483791759E-04   3   0 1  0 1  0 0  0 1
    86  -.2930119981406187       3   0 0  1 1  0 0  0 1
    87  -.6174403638475059E-01   3   0 0  0 2  0 0  0 1
    88  -.7976780248824756E-05   3   1 0  0 0  0 2  0 0
    89  0.5503372798526986E-05   3   0 1  0 0  0 2  0 0
    90  -.1325061886967335E-05   3   0 0  1 0  0 2  0 0
    91  -.1948945247597714E-05   3   0 0  0 1  0 2  0 0
    92  -.2934285558287867E-05   3   1 0  0 0  0 1  1 0
    93  0.1203662080056402E-05   3   0 1  0 0  0 1  1 0
    94  -.5863791587315241E-06   3   0 0  1 0  0 1  1 0
    95  -.9631303859857782E-06   3   0 0  0 1  0 1  1 0
    96  -.1469541240050388E-05   3   1 0  0 0  0 0  2 0
    97  0.6043143984633635E-06   3   0 1  0 0  0 0  2 0
    98  -.2934880722612633E-06   3   0 0  1 0  0 0  2 0
    99  -.4819026625050970E-06   3   0 0  0 1  0 0  2 0
   100  0.1237742090594067E-04   3   1 0  0 0  0 1  0 1
   101  -.2405711040338989E-05   3   0 1  0 0  0 1  0 1
   102  0.2204524114597925E-05   3   0 0  1 0  0 1  0 1
   103  0.1926034858026800E-05   3   0 0  0 1  0 1  0 1
   104  0.3809853363266437E-05   3   1 0  0 0  0 0  1 1
   105  0.8851475330003011E-08   3   0 1  0 0  0 0  1 1
   106  0.8014681005241680E-06   3   0 0  1 0  0 0  1 1
   107  0.7979099715964069E-06   3   0 0  0 1  0 0  1 1
   108  -.3806653870655440E-05   3   1 0  0 0  0 0  0 2
   109  -.1219400561987437E-05   3   0 1  0 0  0 0  0 2
   110  -.8010635104812909E-06   3   0 0  1 0  0 0  0 2
   111  -.2334040814815906E-06   3   0 0  0 1  0 0  0 2
   112  0.1031909939099288       3   0 0  0 0  0 3  0 0
   113  -.6194804362912865E-01   3   0 0  0 0  0 2  1 0
   114  -.2070470228611898E-01   3   0 0  0 0  0 1  2 0
   115  -.2053826720626155E-01   3   0 0  0 0  0 0  3 0
   116  -.1349052678453212E-08   3   0 0  0 0  0 2  0 1
   117  -.8449246343110071E-09   3   0 0  0 0  0 1  1 1
   118  -.4225160455523438E-09   3   0 0  0 0  0 0  2 1
   119  0.1225342490839371E-09   3   0 0  0 0  0 1  0 2
   120  0.3801935861844133E-10   3   0 0  0 0  0 0  1 2
   121  0.3332123582400389E-11   3   0 0  0 0  0 0  0 3
   122  -.1169511208067042       4   4 0  0 0  0 0  0 0
   123  -.1009183093891181       4   3 1  0 0  0 0  0 0
   124  -.3285513516740297E-01   4   2 2  0 0  0 0  0 0
   125  0.1520141035001047       4   1 3  0 0  0 0  0 0
   126  -.5577454748435807E-01   4   0 4  0 0  0 0  0 0
   127  0.5163222370347513E-04   4   3 0  1 0  0 0  0 0
   128  0.1451405989547994E-04   4   2 1  1 0  0 0  0 0
   129  -.4196056342999205E-04   4   1 2  1 0  0 0  0 0
   130  0.2268781299206016E-04   4   0 3  1 0  0 0  0 0
   131  -.6336585747969309       4   2 0  2 0  0 0  0 0
   132  -.2108875755680800E-01   4   1 1  2 0  0 0  0 0
   133  0.1099282706463062       4   0 2  2 0  0 0  0 0
   134  -.4054328107696296E-04   4   1 0  3 0  0 0  0 0
   135  0.3722999650322795E-04   4   0 1  3 0  0 0  0 0
   136  -.1598981053578208       4   0 0  4 0  0 0  0 0
   137  0.2483642490640415E-04   4   3 0  0 1  0 0  0 0
   138  0.3550537588350850E-04   4   2 1  0 1  0 0  0 0
   139  0.1741841240876038E-04   4   1 2  0 1  0 0  0 0
   140  0.1845388824359156E-04   4   0 3  0 1  0 0  0 0
   141  -.4854722386610409       4   2 0  1 1  0 0  0 0
   142  0.3641008499491630       4   1 1  1 1  0 0  0 0
   143  -.1993023485260723       4   0 2  1 1  0 0  0 0
   144  0.5169898245978861E-04   4   1 0  2 1  0 0  0 0
   145  0.1719119455805920E-03   4   0 1  2 1  0 0  0 0
   146  -.5975573594452167       4   0 0  3 1  0 0  0 0
   147  -.4898724064259162       4   2 0  0 2  0 0  0 0
   148  0.1927680398914876       4   1 1  0 2  0 0  0 0
   149  -.2544088007294100       4   0 2  0 2  0 0  0 0
   150  0.9443258130481987E-04   4   1 0  1 2  0 0  0 0
   151  0.1200477786834296E-03   4   0 1  1 2  0 0  0 0
   152  -1.038970720479498       4   0 0  2 2  0 0  0 0
   153  0.5689139801105865E-04   4   1 0  0 3  0 0  0 0
   154  0.3687548591445690E-04   4   0 1  0 3  0 0  0 0
   155  -.6882228713466630       4   0 0  1 3  0 0  0 0
   156  -.2699400793134847       4   0 0  0 4  0 0  0 0
   157  -.7132881032418744E-04   4   3 0  0 0  0 1  0 0
   158  0.1199180387876597E-03   4   2 1  0 0  0 1  0 0
   159  0.2518235797447590E-03   4   1 2  0 0  0 1  0 0
   160  -.1041727254679898E-03   4   0 3  0 0  0 1  0 0
   161  -.1500425068563607E-05   4   2 0  1 0  0 1  0 0
   162  0.5252966327636204E-05   4   1 1  1 0  0 1  0 0
   163  -.6902717378182917E-05   4   0 2  1 0  0 1  0 0
   164  -.1573404243593545E-03   4   1 0  2 0  0 1  0 0
   165  0.1317881538481046E-03   4   0 1  2 0  0 1  0 0
   166  -.1742137312754699E-04   4   0 0  3 0  0 1  0 0
   167  -.7156202005802917E-05   4   2 0  0 1  0 1  0 0
   168  -.2837673084266214E-05   4   1 1  0 1  0 1  0 0
   169  -.1175019622826123E-04   4   0 2  0 1  0 1  0 0
   170  -.2364312001250249E-03   4   1 0  1 1  0 1  0 0
   171  -.6065473627877567E-04   4   0 1  1 1  0 1  0 0
   172  -.4510769391183823E-04   4   0 0  2 1  0 1  0 0
   173  0.1286427797883689E-03   4   1 0  0 2  0 1  0 0
   174  -.1463098001294416E-03   4   0 1  0 2  0 1  0 0
   175  -.2615716648740422E-04   4   0 0  1 2  0 1  0 0
   176  -.1292666213900056E-04   4   0 0  0 3  0 1  0 0
   177  -.2269102016986352E-04   4   3 0  0 0  0 0  1 0
   178  0.2256085795697049E-04   4   2 1  0 0  0 0  1 0
   179  0.1413562198042763E-03   4   1 2  0 0  0 0  1 0
   180  -.5923279987220914E-04   4   0 3  0 0  0 0  1 0
   181  -.7514136987511971E-06   4   2 0  1 0  0 0  1 0
   182  0.4095869671976917E-06   4   1 1  1 0  0 0  1 0
   183  -.3869958688441811E-05   4   0 2  1 0  0 0  1 0
   184  -.8126283946696997E-04   4   1 0  2 0  0 0  1 0
   185  0.7066155936848097E-04   4   0 1  2 0  0 0  1 0
   186  -.9248163606293090E-05   4   0 0  3 0  0 0  1 0
   187  -.4518482415906277E-05   4   2 0  0 1  0 0  1 0
   188  -.1068584871119774E-05   4   1 1  0 1  0 0  1 0
   189  -.7080852913238895E-05   4   0 2  0 1  0 0  1 0
   190  -.8595795396853300E-04   4   1 0  1 1  0 0  1 0
   191  -.4806669323822020E-04   4   0 1  1 1  0 0  1 0
   192  -.2423413320322363E-04   4   0 0  2 1  0 0  1 0
   193  0.7137335978538197E-04   4   1 0  0 2  0 0  1 0
   194  -.8858175315874195E-04   4   0 1  0 2  0 0  1 0
   195  -.1586950457565496E-04   4   0 0  1 2  0 0  1 0
   196  -.7804970037717070E-05   4   0 0  0 3  0 0  1 0
   197  0.6216423862636966E-04   4   3 0  0 0  0 0  0 1
   198  -.1968581182975904E-04   4   2 1  0 0  0 0  0 1
   199  -.7676903168934351E-04   4   1 2  0 0  0 0  0 1
   200  -.2033209187572314E-04   4   0 3  0 0  0 0  0 1
   201  -.1696446689946478E-05   4   2 0  1 0  0 0  0 1
   202  -.1036496856067167E-05   4   1 1  1 0  0 0  0 1
   203  0.3203766326623635E-05   4   0 2  1 0  0 0  0 1
   204  0.1692824000571968E-03   4   1 0  2 0  0 0  0 1
   205  -.4560923950189724E-04   4   0 1  2 0  0 0  0 1
   206  0.1900727103053497E-04   4   0 0  3 0  0 0  0 1
   207  -.3520220132345480E-06   4   2 0  0 1  0 0  0 1
   208  0.3203416358599357E-05   4   1 1  0 1  0 0  0 1
   209  0.8081307883460264E-06   4   0 2  0 1  0 0  0 1
   210  0.1578784997130407E-03   4   1 0  1 1  0 0  0 1
   211  0.2623969690548395E-04   4   0 1  1 1  0 0  0 1
   212  0.2952959203084498E-04   4   0 0  2 1  0 0  0 1
   213  -.6626302447171383E-04   4   1 0  0 2  0 0  0 1
   214  -.8742289786974207E-05   4   0 1  0 2  0 0  0 1
   215  0.1064267433139868E-04   4   0 0  1 2  0 0  0 1
   216  0.4940435272749324E-06   4   0 0  0 3  0 0  0 1
   217  -.1128665771333529       4   2 0  0 0  0 2  0 0
   218  0.2082417873712616       4   1 1  0 0  0 2  0 0
   219  -.1998165615001372       4   0 2  0 0  0 2  0 0
   220  0.6660241245298575E-05   4   1 0  1 0  0 2  0 0
   221  0.4618529631845425E-04   4   0 1  1 0  0 2  0 0
   222  -.1644213836301966       4   0 0  2 0  0 2  0 0
   223  0.4618548612786541E-04   4   1 0  0 1  0 2  0 0
   224  0.3647952133890096E-04   4   0 1  0 1  0 2  0 0
   225  -.5069248614621912       4   0 0  1 1  0 2  0 0
   226  -.4822423125651470       4   0 0  0 2  0 2  0 0
   227  -.3917010139330582E-01   4   2 0  0 0  0 1  1 0
   228  0.5126924296857705E-01   4   1 1  0 0  0 1  1 0
   229  -.5572346925953944E-01   4   0 2  0 0  0 1  1 0
   230  0.4447408325416273E-05   4   1 0  1 0  0 1  1 0
   231  0.1952259625022943E-04   4   0 1  1 0  0 1  1 0
   232  -.7359616118083437E-01   4   0 0  2 0  0 1  1 0
   233  0.1952580762359226E-04   4   1 0  0 1  0 1  1 0
   234  0.2453430334647190E-04   4   0 1  0 1  0 1  1 0
   235  -.2510538525494531       4   0 0  1 1  0 1  1 0
   236  -.2457039699879555       4   0 0  0 2  0 1  1 0
   237  -.1962135900430226E-01   4   2 0  0 0  0 0  2 0
   238  0.2572280873812786E-01   4   1 1  0 0  0 0  2 0
   239  -.2793976194668130E-01   4   0 2  0 0  0 0  2 0
   240  0.2224181477402965E-05   4   1 0  1 0  0 0  2 0
   241  0.9772767417105626E-05   4   0 1  1 0  0 0  2 0
   242  -.3683428043342878E-01   4   0 0  2 0  0 0  2 0
   243  0.9774576754759272E-05   4   1 0  0 1  0 0  2 0
   244  0.1226709771169742E-04   4   0 1  0 1  0 0  2 0
   245  -.1256141630700434       4   0 0  1 1  0 0  2 0
   246  -.1229280421714132       4   0 0  0 2  0 0  2 0
   247  0.1716096370439473       4   2 0  0 0  0 1  0 1
   248  -.1024807874204832       4   1 1  0 0  0 1  0 1
   249  -.6058257887015679E-01   4   0 2  0 0  0 1  0 1
   250  -.1333072121836281E-04   4   1 0  1 0  0 1  0 1
   251  -.3904080691226466E-04   4   0 1  1 0  0 1  0 1
   252  0.2748036133587576       4   0 0  2 0  0 1  0 1
   253  -.3904038785786191E-04   4   1 0  0 1  0 1  0 1
   254  -.2486716625845455E-04   4   0 1  0 1  0 1  0 1
   255  0.5020510062013499       4   0 0  1 1  0 1  0 1
   256  0.1319464069553806       4   0 0  0 2  0 1  0 1
   257  0.4984784717780130E-01   4   2 0  0 0  0 0  1 1
   258  -.8704857166716193E-02   4   1 1  0 0  0 0  1 1
   259  -.2734481975304538E-01   4   0 2  0 0  0 0  1 1
   260  -.6674893133845511E-05   4   1 0  1 0  0 0  1 1
   261  -.1406896551053906E-04   4   0 1  1 0  0 0  1 1
   262  0.1015149200721694       4   0 0  2 0  0 0  1 1
   263  -.1406974988403925E-04   4   1 0  0 1  0 0  1 1
   264  -.1259787575318373E-04   4   0 1  0 1  0 0  1 1
   265  0.2091514842936314       4   0 0  1 1  0 0  1 1
   266  0.7019087592151674E-01   4   0 0  0 2  0 0  1 1
   267  -.4979943757403678E-01   4   2 0  0 0  0 0  0 2
   268  -.3829775338875853E-01   4   1 1  0 0  0 0  0 2
   269  -.5904786128613439E-02   4   0 2  0 0  0 0  0 2
   270  0.6674042252181162E-05   4   1 0  1 0  0 0  0 2
   271  0.1568854027373824E-05   4   0 1  1 0  0 0  0 2
   272  -.1014666748260492       4   0 0  2 0  0 0  0 2
   273  0.1568492271275677E-05   4   1 0  0 1  0 0  0 2
   274  0.3290555399289703E-06   4   0 1  0 1  0 0  0 2
   275  -.6258926134735024E-01   4   0 0  1 1  0 0  0 2
   276  -.8452592118415238E-02   4   0 0  0 2  0 0  0 2
   277  0.5377136264333206E-04   4   1 0  0 0  0 3  0 0
   278  -.8650492152199888E-04   4   0 1  0 0  0 3  0 0
   279  -.2116618619215818E-05   4   0 0  1 0  0 3  0 0
   280  -.5272523776828096E-05   4   0 0  0 1  0 3  0 0
   281  0.2051331337880600E-04   4   1 0  0 0  0 2  1 0
   282  -.3192114641168891E-04   4   0 1  0 0  0 2  1 0
   283  -.9304492358794409E-06   4   0 0  1 0  0 2  1 0
   284  -.2208223332401072E-05   4   0 0  0 1  0 2  1 0
   285  0.1191635054777007E-04   4   1 0  0 0  0 1  2 0
   286  -.1837337966607753E-04   4   0 1  0 0  0 1  2 0
   287  -.5618518107366645E-06   4   0 0  1 0  0 1  2 0
   288  -.1314312983348022E-05   4   0 0  0 1  0 1  2 0
   289  0.6856677592083996E-05   4   1 0  0 0  0 0  3 0
   290  -.1067181893708300E-04   4   0 1  0 0  0 0  3 0
   291  -.3107763240489879E-06   4   0 0  1 0  0 0  3 0
   292  -.7377418159351410E-06   4   0 0  0 1  0 0  3 0
   293  -.4926844583500410E-04   4   1 0  0 0  0 2  0 1
   294  -.1138075095074423E-04   4   0 1  0 0  0 2  0 1
   295  0.7411906261338175E-06   4   0 0  1 0  0 2  0 1
   296  -.1245797306371261E-05   4   0 0  0 1  0 2  0 1
   297  -.1627223971822891E-04   4   1 0  0 0  0 1  1 1
   298  -.8460317243111679E-05   4   0 1  0 0  0 1  1 1
   299  0.2701653643599878E-06   4   0 0  1 0  0 1  1 1
   300  -.7261310731997805E-06   4   0 0  0 1  0 1  1 1
   301  -.8152803030197715E-05   4   1 0  0 0  0 0  2 1
   302  -.4229267021700741E-05   4   0 1  0 0  0 0  2 1
   303  0.1353080864362409E-06   4   0 0  1 0  0 0  2 1
   304  -.3631697666209166E-06   4   0 0  0 1  0 0  2 1
   305  0.2100020757019724E-05   4   1 0  0 0  0 1  0 2
   306  0.1912718169882834E-05   4   0 1  0 0  0 1  0 2
   307  0.9687676115528845E-06   4   0 0  1 0  0 1  0 2
   308  0.4360524992969082E-06   4   0 0  0 1  0 1  0 2
   309  -.1882333037676995E-06   4   1 0  0 0  0 0  1 2
   310  0.8923163171286621E-06   4   0 1  0 0  0 0  1 2
   311  0.3657746695834307E-06   4   0 0  1 0  0 0  1 2
   312  0.2351026279683825E-06   4   0 0  0 1  0 0  1 2
   313  0.3402504422580732E-06   4   1 0  0 0  0 0  0 3
   314  0.7495432145686678E-07   4   0 1  0 0  0 0  0 3
   315  -.7044063359935892E-07   4   0 0  1 0  0 0  0 3
   316  -.1605956640068497E-07   4   0 0  0 1  0 0  0 3
   317  -.9029734963920545E-01   4   0 0  0 0  0 4  0 0
   318  0.5161636488123641E-01   4   0 0  0 0  0 3  1 0
   319  0.1549748851195820E-01   4   0 0  0 0  0 2  2 0
   320  0.1037303401418898E-01   4   0 0  0 0  0 1  3 0
   321  0.1281043702397613E-01   4   0 0  0 0  0 0  4 0
   322  0.2186992616445778E-09   4   0 0  0 0  0 3  0 1
   323  -.1043195332178195E-08   4   0 0  0 0  0 2  1 1
   324  -.7432229982406702E-09   4   0 0  0 0  0 1  2 1
   325  -.4056827659159519E-09   4   0 0  0 0  0 0  3 1
   326  -.1343944826591050E-09   4   0 0  0 0  0 2  0 2
   327  -.3524786575434790E-10   4   0 0  0 0  0 1  1 2
   328  -.1264963783687699E-10   4   0 0  0 0  0 0  2 2
   329  -.6128253674088753E-11   4   0 0  0 0  0 1  0 3
   330  -.2796845371822657E-11   4   0 0  0 0  0 0  1 3
   331  0.7491969907488777E-15   4   0 0  0 0  0 0  0 4
   ----------------------------------------------------
     I  COEFFICIENT            ORDER EXPONENTS
     1   1.000000000000000       1   0 0  0 0  0 1  0 0
     --------------------------------------------------
     I  COEFFICIENT            ORDER EXPONENTS
     1   1.000000000000000       1   0 0  0 0  0 0  1 0
     --------------------------------------------------
     I  COEFFICIENT            ORDER EXPONENTS
     1   1.000000000000000       1   0 0  0 0  0 0  0 1
     --------------------------------------------------
