 L    0.6607784999999999E+00
 P (  0.0000000000000000E+00,  0.0000000000000000E+00,  0.1758215000000000E+00)
 A (  0.0000000000000000E+00,  0.0000000000000000E+00,  0.0000000000000000E+00)
     I  COEFFICIENT            ORDER EXPONENTS
     1  0.7746234298078342E-04   0   0 0  0 0  0 0  0 0
     2  0.5808268682309923       1   1 0  0 0  0 0  0 0
     3  0.5512881097100398       1   0 1  0 0  0 0  0 0
     4  -.5783280284967225E-04   1   0 0  1 0  0 0  0 0
     5  -.1472661336745134E-04   1   0 0  0 1  0 0  0 0
     6  0.6106218349284623E-05   1   0 0  0 0  0 1  0 0
     7  0.6098000888406122E-05   1   0 0  0 0  0 0  1 0
     8  -.1220421923750591E-04   1   0 0  0 0  0 0  0 1
     9  0.1504876090594168E-03   2   2 0  0 0  0 0  0 0
    10  -.1522601965767334E-04   2   1 1  0 0  0 0  0 0
    11  -.3116345576785109E-04   2   0 2  0 0  0 0  0 0
    12  0.9567029537596861E-05   2   1 0  1 0  0 0  0 0
    13  -.8934179991216387E-05   2   0 1  1 0  0 0  0 0
    14  -.1585114626918121E-03   2   0 0  2 0  0 0  0 0
    15  -.4625769853586710E-05   2   1 0  0 1  0 0  0 0
    16  -.2965924727785240E-05   2   0 1  0 1  0 0  0 0
    17  -.1811992613813116E-04   2   0 0  1 1  0 0  0 0
    18  -.9694544394496637E-05   2   0 0  0 2  0 0  0 0
    19  0.1961157963894350       2   1 0  0 0  0 1  0 0
    20  -.2232499600906091       2   0 1  0 0  0 1  0 0
    21  0.2903145330746220E-04   2   0 0  1 0  0 1  0 0
    22  0.1474778714700317E-04   2   0 0  0 1  0 1  0 0
    23  0.1958518729932716       2   1 0  0 0  0 0  1 0
    24  -.2229495208157257       2   0 1  0 0  0 0  1 0
    25  0.2899238414580627E-04   2   0 0  1 0  0 0  1 0
    26  0.1472794027010011E-04   2   0 0  0 1  0 0  1 0
    27  -.3919676693827070       2   1 0  0 0  0 0  0 1
    28  -.1050886288037048       2   0 1  0 0  0 0  0 1
    29  -.5802383745326870E-04   2   0 0  1 0  0 0  0 1
    30  -.1474911404969060E-04   2   0 0  0 1  0 0  0 1
    31  -.4550570235108240E-05   2   0 0  0 0  0 2  0 0
    32  -.2999095261987881E-05   2   0 0  0 0  0 1  1 0
    33  -.4542428271582764E-05   2   0 0  0 0  0 0  2 0
    34  0.5994005959392029E-05   2   0 0  0 0  0 1  0 1
    35  0.5985939508659620E-05   2   0 0  0 0  0 0  1 1
    36  0.1121353494597166E-06   2   0 0  0 0  0 0  0 2
    37  -.1761093353817083       3   3 0  0 0  0 0  0 0
    38  -.1603709019185107       3   2 1  0 0  0 0  0 0
    39  -.4789749181310550       3   1 2  0 0  0 0  0 0
    40  0.1433302477024296       3   0 3  0 0  0 0  0 0
    41  0.1345804694380011E-03   3   2 0  1 0  0 0  0 0
    42  0.2106769858976294E-03   3   1 1  1 0  0 0  0 0
    43  -.3534730263603187E-04   3   0 2  1 0  0 0  0 0
    44  -1.059867363143614       3   1 0  2 0  0 0  0 0
    45  -.7733623127957907       3   0 1  2 0  0 0  0 0
    46  -.8921329927315272E-04   3   0 0  3 0  0 0  0 0
    47  0.1693218182998588E-04   3   2 0  0 1  0 0  0 0
    48  0.4693274510669640E-04   3   1 1  0 1  0 0  0 0
    49  -.1865982656989629E-04   3   0 2  0 1  0 0  0 0
    50  -1.114008340870126       3   1 0  1 1  0 0  0 0
    51  -.2340980388737451       3   0 1  1 1  0 0  0 0
    52  -.2365319773672930E-03   3   0 0  2 1  0 0  0 0
    53  -.6011144396237816       3   1 0  0 2  0 0  0 0
    54  0.1496470709649408       3   0 1  0 2  0 0  0 0
    55  -.1467225737190424E-03   3   0 0  1 2  0 0  0 0
    56  -.3268822667572151E-04   3   0 0  0 3  0 0  0 0
    57  -.5786876229953951E-04   3   2 0  0 0  0 1  0 0
    58  -.1620398333893486E-05   3   1 1  0 0  0 1  0 0
    59  0.4095685725172053E-04   3   0 2  0 0  0 1  0 0
    60  0.1226411820990161E-05   3   1 0  1 0  0 1  0 0
    61  0.1031167349150649E-04   3   0 1  1 0  0 1  0 0
    62  0.8497618002909669E-04   3   0 0  2 0  0 1  0 0
    63  0.6617750236835739E-05   3   1 0  0 1  0 1  0 0
    64  0.5095087448966123E-05   3   0 1  0 1  0 1  0 0
    65  0.3827387427095549E-04   3   0 0  1 1  0 1  0 0
    66  0.1888802156375567E-04   3   0 0  0 2  0 1  0 0
    67  -.5779088524649715E-04   3   2 0  0 0  0 0  1 0
    68  -.1618217678181612E-05   3   1 1  0 0  0 0  1 0
    69  0.4090173944346065E-04   3   0 2  0 0  0 0  1 0
    70  0.1224761373760531E-05   3   1 0  1 0  0 0  1 0
    71  0.1029779652729414E-04   3   0 1  1 0  0 0  1 0
    72  0.8486182309080139E-04   3   0 0  2 0  0 0  1 0
    73  0.6608844380450878E-05   3   1 0  0 1  0 0  1 0
    74  0.5088230720400576E-05   3   0 1  0 1  0 0  1 0
    75  0.3822236709474838E-04   3   0 0  1 1  0 0  1 0
    76  0.1886260295449719E-04   3   0 0  0 2  0 0  1 0
    77  0.1156596475460368E-03   3   2 0  0 0  0 0  0 1
    78  0.1846463566974751E-04   3   1 1  0 0  0 0  0 1
    79  -.1953168515947891E-04   3   0 2  0 0  0 0  0 1
    80  -.2451173194724767E-05   3   1 0  1 0  0 0  0 1
    81  -.1167529002759760E-04   3   0 1  1 0  0 0  0 1
    82  -.1698380031198937E-03   3   0 0  2 0  0 0  0 1
    83  -.8600824763673348E-05   3   1 0  0 1  0 0  0 1
    84  -.4251468713810477E-05   3   0 1  0 1  0 0  0 1
    85  -.5837631522756290E-04   3   0 0  1 1  0 0  0 1
    86  -.1836153572922871E-04   3   0 0  0 2  0 0  0 1
    87  -.1404172481292613       3   1 0  0 0  0 2  0 0
    88  0.1421757550563649       3   0 1  0 0  0 2  0 0
    89  -.2183669136950456E-04   3   0 0  1 0  0 2  0 0
    90  -.1475847381834380E-04   3   0 0  0 1  0 2  0 0
    91  -.8486828301373245E-01   3   1 0  0 0  0 1  1 0
    92  0.6131938679970032E-01   3   0 1  0 0  0 1  1 0
    93  -.1466308638033045E-04   3   0 0  1 0  0 1  1 0
    94  -.1476859144353247E-04   3   0 0  0 1  0 1  1 0
    95  -.1401711753465765       3   1 0  0 0  0 0  2 0
    96  0.1419431612552851       3   0 1  0 0  0 0  2 0
    97  -.2179743813408935E-04   3   0 0  1 0  0 0  2 0
    98  -.1472867512264966E-04   3   0 0  0 1  0 0  2 0
    99  0.1695870632750125       3   1 0  0 0  0 1  0 1
   100  0.1008289017007971       3   0 1  0 0  0 1  0 1
   101  0.2930905429004163E-04   3   0 0  1 0  0 1  0 1
   102  0.1478669907247349E-04   3   0 0  0 1  0 1  0 1
   103  0.1693588409976188       3   1 0  0 0  0 0  1 1
   104  0.1006932109167898       3   0 1  0 0  0 0  1 1
   105  0.2926961154606609E-04   3   0 0  1 0  0 0  1 1
   106  0.1476679982973471E-04   3   0 0  0 1  0 0  1 1
   107  0.2651086265520364E-01   3   1 0  0 0  0 0  0 2
   108  0.4327551733334202E-02   3   0 1  0 0  0 0  0 2
   109  -.2797199122955829E-06   3   0 0  1 0  0 0  0 2
   110  -.2943188460188015E-07   3   0 0  0 1  0 0  0 2
   111  0.3772393169520327E-05   3   0 0  0 0  0 3  0 0
   112  0.2217097119355405E-05   3   0 0  0 0  0 2  1 0
   113  0.2220226437517868E-05   3   0 0  0 0  0 1  2 0
   114  0.3763288285891160E-05   3   0 0  0 0  0 0  3 0
   115  -.4433153362436615E-05   3   0 0  0 0  0 2  0 1
   116  -.2876490953520948E-05   3   0 0  0 0  0 1  1 1
   117  -.4425251910565074E-05   3   0 0  0 0  0 0  2 1
   118  -.1226093692307486E-06   3   0 0  0 0  0 1  0 2
   119  -.1224443673200302E-06   3   0 0  0 0  0 0  1 2
   120  0.6927679223431599E-08   3   0 0  0 0  0 0  0 3
   121  0.2985307838038975E-03   4   4 0  0 0  0 0  0 0
   122  -.4360568793531998E-04   4   3 1  0 0  0 0  0 0
   123  -.1227786605797658E-03   4   2 2  0 0  0 0  0 0
   124  0.1810558194146522E-03   4   1 3  0 0  0 0  0 0
   125  -.9544501120745591E-04   4   0 4  0 0  0 0  0 0
   126  0.6354144673813030E-05   4   3 0  1 0  0 0  0 0
   127  0.8779924169284609E-05   4   2 1  1 0  0 0  0 0
   128  0.8465945547209492E-05   4   1 2  1 0  0 0  0 0
   129  -.7041534026018728E-05   4   0 3  1 0  0 0  0 0
   130  0.1051429589166229E-02   4   2 0  2 0  0 0  0 0
   131  -.1779683878534325E-03   4   1 1  2 0  0 0  0 0
   132  0.2561039369699332E-03   4   0 2  2 0  0 0  0 0
   133  0.9086786013655498E-04   4   1 0  3 0  0 0  0 0
   134  -.1955874408781901E-04   4   0 1  3 0  0 0  0 0
   135  -.5522894721234243E-04   4   0 0  4 0  0 0  0 0
   136  0.6226174262897445E-05   4   3 0  0 1  0 0  0 0
   137  0.1159142276495996E-04   4   2 1  0 1  0 0  0 0
   138  0.9483437551067668E-05   4   1 2  0 1  0 0  0 0
   139  -.6883491810912963E-05   4   0 3  0 1  0 0  0 0
   140  0.6084664463585939E-03   4   2 0  1 1  0 0  0 0
   141  -.7422672827681820E-03   4   1 1  1 1  0 0  0 0
   142  0.2690366972994274E-04   4   0 2  1 1  0 0  0 0
   143  0.9718645221887885E-04   4   1 0  2 1  0 0  0 0
   144  -.6743412643292571E-04   4   0 1  2 1  0 0  0 0
   145  -.4794180106865576E-04   4   0 0  3 1  0 0  0 0
   146  0.1742624568876946E-03   4   2 0  0 2  0 0  0 0
   147  0.8362686736257879E-04   4   1 1  0 2  0 0  0 0
   148  -.1140045093946908E-03   4   0 2  0 2  0 0  0 0
   149  0.4834581628494547E-04   4   1 0  1 2  0 0  0 0
   150  -.3067577659715889E-04   4   0 1  1 2  0 0  0 0
   151  0.1324978645479779E-03   4   0 0  2 2  0 0  0 0
   152  0.1603897106587869E-04   4   1 0  0 3  0 0  0 0
   153  -.8011869368727661E-05   4   0 1  0 3  0 0  0 0
   154  0.6305168059856499E-04   4   0 0  1 3  0 0  0 0
   155  -.1112326376559404E-04   4   0 0  0 4  0 0  0 0
   156  0.2455333006644246       4   3 0  0 0  0 1  0 0
   157  0.3742428065838432E-01   4   2 1  0 0  0 1  0 0
   158  0.5817287154443100       4   1 2  0 0  0 1  0 0
   159  -.1455053661718083       4   0 3  0 0  0 1  0 0
   160  -.1297120885163602E-03   4   2 0  1 0  0 1  0 0
   161  -.3072194973252013E-03   4   1 1  1 0  0 1  0 0
   162  0.2900022912165542E-04   4   0 2  1 0  0 1  0 0
   163   1.197998558082426       4   1 0  2 0  0 1  0 0
   164  0.8939546994837875       4   0 1  2 0  0 1  0 0
   165  0.1106607515137940E-03   4   0 0  3 0  0 1  0 0
   166  -.5900749368700848E-04   4   2 0  0 1  0 1  0 0
   167  -.1139794889529647E-03   4   1 1  0 1  0 1  0 0
   168  0.2798655205410504E-04   4   0 2  0 1  0 1  0 0
   169   1.713388252389215       4   1 0  1 1  0 1  0 0
   170  0.5177353221633387       4   0 1  1 1  0 1  0 0
   171  0.3344029698884682E-03   4   0 0  2 1  0 1  0 0
   172  0.9805928790554406       4   1 0  0 2  0 1  0 0
   173  -.1068971297978530       4   0 1  0 2  0 1  0 0
   174  0.2599800910667124E-03   4   0 0  1 2  0 1  0 0
   175  0.7025639706809927E-04   4   0 0  0 3  0 1  0 0
   176  0.2452028735199754       4   3 0  0 0  0 0  1 0
   177  0.3737391682522008E-01   4   2 1  0 0  0 0  1 0
   178  0.5809458523549914       4   1 2  0 0  0 0  1 0
   179  -.1453095519074451       4   0 3  0 0  0 0  1 0
   180  -.1295375281007556E-03   4   2 0  1 0  0 0  1 0
   181  -.3068060558044575E-03   4   1 1  1 0  0 0  1 0
   182  0.2896120198003639E-04   4   0 2  1 0  0 0  1 0
   183   1.196386348082692       4   1 0  2 0  0 0  1 0
   184  0.8927516573798470       4   0 1  2 0  0 0  1 0
   185  0.1105118294896685E-03   4   0 0  3 0  0 0  1 0
   186  -.5892808418293225E-04   4   2 0  0 1  0 0  1 0
   187  -.1138261007284008E-03   4   1 1  0 1  0 0  1 0
   188  0.2794888907131085E-04   4   0 2  0 1  0 0  1 0
   189   1.711082455228364       4   1 0  1 1  0 0  1 0
   190  0.5170385783668008       4   0 1  1 1  0 0  1 0
   191  0.3339529461313965E-03   4   0 0  2 1  0 0  1 0
   192  0.9792732433725555       4   1 0  0 2  0 0  1 0
   193  -.1067532726784558       4   0 1  0 2  0 0  1 0
   194  0.2596302221125465E-03   4   0 0  1 2  0 0  1 0
   195  0.7016184931998458E-04   4   0 0  0 3  0 0  1 0
   196  -.4907361741843987       4   3 0  0 0  0 0  0 1
   197  0.8557270443490844E-01   4   2 1  0 0  0 0  0 1
   198  -.2047247315371931       4   1 2  0 0  0 0  0 1
   199  -.1391758250280353       4   0 3  0 0  0 0  0 1
   200  0.2592496166171136E-03   4   2 0  1 0  0 0  0 1
   201  0.4033485672319721E-03   4   1 1  1 0  0 0  0 1
   202  0.1273317417039777E-04   4   0 2  1 0  0 0  0 1
   203  -2.394384906165101       4   1 0  2 0  0 0  0 1
   204  -1.013344044067824       4   0 1  2 0  0 0  0 1
   205  -.2211725810033567E-03   4   0 0  3 0  0 0  0 1
   206  0.1010033960398763E-03   4   2 0  0 1  0 0  0 1
   207  0.1339400994679975E-03   4   1 1  0 1  0 0  0 1
   208  0.4403858428010036E-07   4   0 2  0 1  0 0  0 1
   209  -2.310462366747438       4   1 0  1 1  0 0  0 1
   210  -.5665778227826095       4   0 1  1 1  0 0  0 1
   211  -.4318239386523679E-03   4   0 0  2 1  0 0  0 1
   212  -.7576372431804105       4   1 0  0 2  0 0  0 1
   213  -.2352908104185209       4   0 1  0 2  0 0  0 1
   214  -.2261651657411642E-03   4   0 0  1 2  0 0  0 1
   215  -.4235356636093914E-04   4   0 0  0 3  0 0  0 1
   216  0.4867255851961429E-04   4   2 0  0 0  0 2  0 0
   217  0.2517036990704842E-03   4   1 1  0 0  0 2  0 0
   218  -.1562694853488133E-03   4   0 2  0 0  0 2  0 0
   219  0.6208297318651842E-05   4   1 0  1 0  0 2  0 0
   220  -.1117321813767120E-05   4   0 1  1 0  0 2  0 0
   221  0.1499259284978936E-03   4   0 0  2 0  0 2  0 0
   222  0.9093855997846755E-05   4   1 0  0 1  0 2  0 0
   223  -.6179664677812969E-05   4   0 1  0 1  0 2  0 0
   224  0.9221206005736670E-04   4   0 0  1 1  0 2  0 0
   225  -.4124675092088575E-04   4   0 0  0 2  0 2  0 0
   226  -.7855870220943693E-05   4   2 0  0 0  0 1  1 0
   227  0.2904681255484715E-03   4   1 1  0 0  0 1  1 0
   228  -.1721074116218151E-03   4   0 2  0 0  0 1  1 0
   229  0.3237224936210043E-05   4   1 0  1 0  0 1  1 0
   230  -.6723393411936158E-06   4   0 1  1 0  0 1  1 0
   231  0.1755527736875598E-03   4   0 0  2 0  0 1  1 0
   232  0.9555916839733548E-05   4   1 0  0 1  0 1  1 0
   233  -.7494294235670033E-05   4   0 1  0 1  0 1  1 0
   234  0.1018382985710992E-03   4   0 0  1 1  0 1  1 0
   235  -.4763950211135128E-04   4   0 0  0 2  0 1  1 0
   236  0.4861234331415167E-04   4   2 0  0 0  0 0  2 0
   237  0.2511695189376447E-03   4   1 1  0 0  0 0  2 0
   238  -.1559433782184531E-03   4   0 2  0 0  0 0  2 0
   239  0.6197764232314500E-05   4   1 0  1 0  0 0  2 0
   240  -.1115365773419453E-05   4   0 1  1 0  0 0  2 0
   241  0.1496060399244194E-03   4   0 0  2 0  0 0  2 0
   242  0.9075187963743285E-05   4   1 0  0 1  0 0  2 0
   243  -.6166305642324010E-05   4   0 1  0 1  0 0  2 0
   244  0.9201944082135487E-04   4   0 0  1 1  0 0  2 0
   245  -.4115918748901288E-04   4   0 0  0 2  0 0  2 0
   246  0.3605898038650476E-04   4   2 0  0 0  0 1  0 1
   247  -.1464085635015364E-03   4   1 1  0 0  0 1  0 1
   248  -.6456345170327183E-04   4   0 2  0 0  0 1  0 1
   249  -.4640747239408551E-05   4   1 0  1 0  0 1  0 1
   250  -.1476650674456930E-06   4   0 1  1 0  0 1  0 1
   251  -.1643349485697731E-03   4   0 0  2 0  0 1  0 1
   252  -.2948292731885215E-05   4   1 0  0 1  0 1  0 1
   253  -.2566998814852967E-05   4   0 1  0 1  0 1  0 1
   254  -.1000984058584587E-03   4   0 0  1 1  0 1  0 1
   255  -.2956478304159264E-04   4   0 0  0 2  0 1  0 1
   256  0.3601045391010129E-04   4   2 0  0 0  0 0  1 1
   257  -.1462115337567728E-03   4   1 1  0 0  0 0  1 1
   258  -.6447656525273969E-04   4   0 2  0 0  0 0  1 1
   259  -.4634501940484621E-05   4   1 0  1 0  0 0  1 1
   260  -.1474663467571500E-06   4   0 1  1 0  0 0  1 1
   261  -.1641137943408261E-03   4   0 0  2 0  0 0  1 1
   262  -.2944325058474860E-05   4   1 0  0 1  0 0  1 1
   263  -.2563544268826418E-05   4   0 1  0 1  0 0  1 1
   264  -.9996369814132934E-04   4   0 0  1 1  0 0  1 1
   265  -.2952499614991518E-04   4   0 0  0 2  0 0  1 1
   266  -.1010574667549452E-03   4   2 0  0 0  0 0  0 2
   267  -.2850306276846445E-04   4   1 1  0 0  0 0  0 2
   268  0.1701099464935415E-05   4   0 2  0 0  0 0  0 2
   269  -.4026852613962770E-05   4   1 0  1 0  0 0  0 2
   270  0.1377331511617247E-05   4   0 1  1 0  0 0  0 2
   271  0.3062410219000142E-04   4   0 0  2 0  0 0  0 2
   272  -.3045058286509192E-05   4   1 0  0 1  0 0  0 2
   273  -.2029686490886312E-06   4   0 1  0 1  0 0  0 2
   274  0.8353340164565501E-05   4   0 0  1 1  0 0  0 2
   275  -.6619902682694019E-06   4   0 0  0 2  0 0  0 2
   276  0.1126724970406962       4   1 0  0 0  0 3  0 0
   277  -.1021986985981948       4   0 1  0 0  0 3  0 0
   278  0.1825559165488670E-04   4   0 0  1 0  0 3  0 0
   279  0.1476720393161992E-04   4   0 0  0 1  0 3  0 0
   280  0.5722022499204926E-01   4   1 0  0 0  0 2  1 0
   281  -.2229713947226140E-01   4   0 1  0 0  0 2  1 0
   282  0.1109710400054317E-04   4   0 0  1 0  0 2  1 0
   283  0.1478575817001806E-04   4   0 0  0 1  0 2  1 0
   284  0.5733185649014874E-01   4   1 0  0 0  0 1  2 0
   285  -.2245815347067298E-01   4   0 1  0 0  0 1  2 0
   286  0.1111150474081910E-04   4   0 0  1 0  0 1  2 0
   287  0.1478568059965445E-04   4   0 0  0 1  0 1  2 0
   288  0.1124066028466483       4   1 0  0 0  0 0  3 0
   289  -.1019774144054515       4   0 1  0 0  0 0  3 0
   290  0.1821128347372074E-04   4   0 0  1 0  0 0  3 0
   291  0.1472745883959146E-04   4   0 0  0 1  0 0  3 0
   292  -.1144031354418776       4   1 0  0 0  0 2  0 1
   293  -.9763415747160981E-01   4   0 1  0 0  0 2  0 1
   294  -.2218789647409269E-04   4   0 0  1 0  0 2  0 1
   295  -.1481675055696888E-04   4   0 0  0 1  0 2  0 1
   296  -.5936742833665618E-01   4   1 0  0 0  0 1  1 1
   297  -.9444782930860096E-01   4   0 1  0 0  0 1  1 1
   298  -.1508585221509774E-04   4   0 0  1 0  0 1  1 1
   299  -.1484669437823633E-04   4   0 0  0 1  0 1  1 1
   300  -.1142092301502508       4   1 0  0 0  0 0  2 1
   301  -.9743921430506740E-01   4   0 1  0 0  0 0  2 1
   302  -.2214788613423087E-04   4   0 0  1 0  0 0  2 1
   303  -.1478682088156173E-04   4   0 0  0 1  0 0  2 1
   304  -.2550023499460452E-01   4   1 0  0 0  0 1  0 2
   305  -.6385299342963806E-02   4   0 1  0 0  0 1  0 2
   306  0.4203481238470865E-06   4   0 0  1 0  0 1  0 2
   307  0.5897572078140567E-07   4   0 0  0 1  0 1  0 2
   308  -.2546591798013283E-01   4   1 0  0 0  0 0  1 2
   309  -.6376706308036771E-02   4   0 1  0 0  0 0  1 2
   310  0.4197824391522235E-06   4   0 0  1 0  0 0  1 2
   311  0.5889635403552055E-07   4   0 0  0 1  0 0  1 2
   312  -.6851907785572130E-03   4   1 0  0 0  0 0  0 3
   313  -.7354984966761834E-04   4   0 1  0 0  0 0  0 3
   314  -.9356357945412741E-07   4   0 0  1 0  0 0  0 3
   315  -.9858807005012851E-08   4   0 0  0 1  0 0  0 3
   316  -.2157922446149307E-04   4   0 0  0 0  0 4  0 0
   317  -.1062496753119387E-04   4   0 0  0 0  0 3  1 0
   318  -.9156022190709423E-05   4   0 0  0 0  0 2  2 0
   319  -.1065634003074138E-04   4   0 0  0 0  0 1  3 0
   320  -.2151402790139738E-04   4   0 0  0 0  0 0  4 0
   321  -.2913257432546635E-05   4   0 0  0 0  0 3  0 1
   322  -.3403809177946629E-05   4   0 0  0 0  0 2  1 1
   323  -.3402811021727521E-05   4   0 0  0 0  0 1  2 1
   324  -.2905089388507848E-05   4   0 0  0 0  0 0  3 1
   325  0.5055364892787056E-07   4   0 0  0 0  0 2  0 2
   326  0.8006590624960024E-07   4   0 0  0 0  0 1  1 2
   327  0.5043174174802501E-07   4   0 0  0 0  0 0  2 2
   328  0.7748202133950968E-09   4   0 0  0 0  0 1  0 3
   329  0.7737774968679203E-09   4   0 0  0 0  0 0  1 3
   330  0.1009630068031353E-14   4   0 0  0 0  0 0  0 4
   ----------------------------------------------------
     I  COEFFICIENT            ORDER EXPONENTS
     1  -.5209867136160284E-04   0   0 0  0 0  0 0  0 0
     2  -1.152487356859483       1   1 0  0 0  0 0  0 0
     3  0.6278074295269325       1   0 1  0 0  0 0  0 0
     4  -.1651768470643845E-03   1   0 0  1 0  0 0  0 0
     5  -.5109802143989519E-04   1   0 0  0 1  0 0  0 0
     6  -.6541383996093948E-06   1   0 0  0 0  0 1  0 0
     7  -.6532580909797262E-06   1   0 0  0 0  0 0  1 0
     8  -.5079127487101375E-04   1   0 0  0 0  0 0  0 1
     9  -.1026374772499514E-04   2   2 0  0 0  0 0  0 0
    10  -.3145912812633381E-03   2   1 1  0 0  0 0  0 0
    11  -.7923266515518710E-04   2   0 2  0 0  0 0  0 0
    12  -.4446997654444607E-04   2   1 0  1 0  0 0  0 0
    13  -.3481820494021170E-04   2   0 1  1 0  0 0  0 0
    14  0.1548521014650524E-03   2   0 0  2 0  0 0  0 0
    15  -.2985856457229608E-04   2   1 0  0 1  0 0  0 0
    16  -.1744585102986764E-04   2   0 1  0 1  0 0  0 0
    17  0.3442580178514648E-03   2   0 0  1 1  0 0  0 0
    18  0.7055871445576339E-04   2   0 0  0 2  0 0  0 0
    19  -.5898348198287139E-01   2   1 0  0 0  0 1  0 0
    20  0.1750141326057447       2   0 1  0 0  0 1  0 0
    21  0.5615209246298564E-06   2   0 0  1 0  0 1  0 0
    22  0.2563884903107322E-04   2   0 0  0 1  0 1  0 0
    23  -.5890410479261352E-01   2   1 0  0 0  0 0  1 0
    24  0.1747786068342142       2   0 1  0 0  0 0  1 0
    25  0.5607652562334084E-06   2   0 0  1 0  0 0  1 0
    26  0.2560434547636473E-04   2   0 0  0 1  0 0  1 0
    27  -1.034599770083998       2   1 0  0 0  0 0  0 1
    28  -.3497927394399593       2   0 1  0 0  0 0  0 1
    29  -.1662991332452481E-03   2   0 0  1 0  0 0  0 1
    30  -.5124319450765916E-04   2   0 0  0 1  0 0  0 1
    31  0.4957614392587687E-06   2   0 0  0 0  0 2  0 0
    32  0.3378088778657730E-06   2   0 0  0 0  0 1  1 0
    33  0.4948669631870126E-06   2   0 0  0 0  0 0  2 0
    34  -.1329329758363362E-05   2   0 0  0 0  0 1  0 1
    35  -.1327540809023702E-05   2   0 0  0 0  0 0  1 1
    36  0.1328434340231045E-05   2   0 0  0 0  0 0  0 2
    37  -.6619355039966992       3   3 0  0 0  0 0  0 0
    38  -.9955424249329352       3   2 1  0 0  0 0  0 0
    39  0.1788208189056112       3   1 2  0 0  0 0  0 0
    40  -.5525061406361290E-01   3   0 3  0 0  0 0  0 0
    41  0.5456551249183705E-03   3   2 0  1 0  0 0  0 0
    42  0.3627900228642886E-03   3   1 1  1 0  0 0  0 0
    43  0.6403969019937857E-04   3   0 2  1 0  0 0  0 0
    44  -3.818625202662289       3   1 0  2 0  0 0  0 0
    45  -.9443082029489488       3   0 1  2 0  0 0  0 0
    46  -.1306683062853298E-03   3   0 0  3 0  0 0  0 0
    47  0.1448304499643641E-03   3   2 0  0 1  0 0  0 0
    48  0.2711284227345663E-03   3   1 1  0 1  0 0  0 0
    49  0.4547910048809339E-04   3   0 2  0 1  0 0  0 0
    50  -2.892828246627211       3   1 0  1 1  0 0  0 0
    51  -1.077091957299608       3   0 1  1 1  0 0  0 0
    52  -.1134290052521645E-03   3   0 0  2 1  0 0  0 0
    53  -.9607155625175254       3   1 0  0 2  0 0  0 0
    54  -.5590534791403828       3   0 1  0 2  0 0  0 0
    55  -.3878749300526340E-04   3   0 0  1 2  0 0  0 0
    56  -.3035273783008037E-04   3   0 0  0 3  0 0  0 0
    57  -.5657997502252699E-05   3   2 0  0 0  0 1  0 0
    58  0.1425415719874960E-03   3   1 1  0 0  0 1  0 0
    59  0.7992572677322161E-04   3   0 2  0 0  0 1  0 0
    60  0.2167907424452262E-04   3   1 0  1 0  0 1  0 0
    61  0.2565847431268404E-04   3   0 1  1 0  0 1  0 0
    62  -.6954542512610074E-04   3   0 0  2 0  0 1  0 0
    63  0.1925795760651801E-04   3   1 0  0 1  0 1  0 0
    64  0.2006396005163016E-04   3   0 1  0 1  0 1  0 0
    65  -.1778533537519861E-03   3   0 0  1 1  0 1  0 0
    66  -.6841391481928300E-04   3   0 0  0 2  0 1  0 0
    67  -.5650383235869815E-05   3   2 0  0 0  0 0  1 0
    68  0.1423497462576676E-03   3   1 1  0 0  0 0  1 0
    69  0.7981816649689812E-04   3   0 2  0 0  0 0  1 0
    70  0.2164989956810396E-04   3   1 0  1 0  0 0  1 0
    71  0.2562394434719657E-04   3   0 1  1 0  0 0  1 0
    72  -.6945183417053241E-04   3   0 0  2 0  0 0  1 0
    73  0.1923204115476732E-04   3   1 0  0 1  0 0  1 0
    74  0.2003695891977427E-04   3   0 1  0 1  0 0  1 0
    75  -.1776140070904410E-03   3   0 0  1 1  0 0  1 0
    76  -.6832184659695871E-04   3   0 0  0 2  0 0  1 0
    77  0.1044633013129249E-05   3   2 0  0 0  0 0  0 1
    78  -.2848913182451609E-03   3   1 1  0 0  0 0  0 1
    79  -.8051122811493603E-04   3   0 2  0 0  0 0  0 1
    80  -.8779895035707133E-04   3   1 0  1 0  0 0  0 1
    81  -.5128241865988009E-04   3   0 1  1 0  0 0  0 1
    82  0.2938493607616934E-03   3   0 0  2 0  0 0  0 1
    83  -.3848999876128412E-04   3   1 0  0 1  0 0  0 1
    84  -.2265506794153654E-04   3   0 1  0 1  0 0  0 1
    85  0.3554673608424308E-03   3   0 0  1 1  0 0  0 1
    86  0.6617704696066759E-04   3   0 0  0 2  0 0  0 1
    87  0.4319619917179246E-01   3   1 0  0 0  0 2  0 0
    88  -.1257555426215704       3   0 1  0 0  0 2  0 0
    89  -.5566209084944512E-06   3   0 0  1 0  0 2  0 0
    90  -.1927220923106100E-04   3   0 0  0 1  0 2  0 0
    91  0.2745132293700503E-01   3   1 0  0 0  0 1  1 0
    92  -.7662922004175252E-01   3   0 1  0 0  0 1  1 0
    93  -.5557337140096625E-06   3   0 0  1 0  0 1  1 0
    94  -.1292697068168047E-04   3   0 0  0 1  0 1  1 0
    95  0.4311959641437706E-01   3   1 0  0 0  0 0  2 0
    96  -.1255347447425029       3   0 1  0 0  0 0  2 0
    97  -.5554978941950575E-06   3   0 0  1 0  0 0  2 0
    98  -.1923757534618781E-04   3   0 0  0 1  0 0  2 0
    99  -.1138437642097800       3   1 0  0 0  0 1  0 1
   100  0.1531261890091523       3   0 1  0 0  0 1  0 1
   101  0.1676560728847531E-05   3   0 0  1 0  0 1  0 1
   102  0.2584453810350491E-04   3   0 0  0 1  0 1  0 1
   103  -.1136905586371760       3   1 0  0 0  0 0  1 1
   104  0.1529201190005712       3   0 1  0 0  0 0  1 1
   105  0.1674304492432436E-05   3   0 0  1 0  0 0  1 1
   106  0.2580975774213607E-04   3   0 0  0 1  0 0  1 1
   107  0.1137671773933074       3   1 0  0 0  0 0  0 2
   108  0.2187320733262143E-01   3   0 1  0 0  0 0  0 2
   109  -.1680714653029866E-05   3   0 0  1 0  0 0  0 2
   110  -.2105550267286993E-06   3   0 0  0 1  0 0  0 2
   111  -.4163570650250353E-06   3   0 0  0 0  0 3  0 0
   112  -.2576573245928916E-06   3   0 0  0 0  0 2  1 0
   113  -.2579765493555026E-06   3   0 0  0 0  0 1  2 0
   114  -.4153434566843045E-06   3   0 0  0 0  0 0  3 0
   115  0.1010970007442923E-05   3   0 0  0 0  0 2  0 1
   116  0.6934647160629325E-06   3   0 0  0 0  0 1  1 1
   117  0.1009142875548792E-05   3   0 0  0 0  0 0  2 1
   118  -.6930388729775751E-06   3   0 0  0 0  0 1  0 2
   119  -.6921062139241590E-06   3   0 0  0 0  0 0  1 2
   120  0.1890358222354095E-07   3   0 0  0 0  0 0  0 3
   121  0.2523023487136080E-03   4   4 0  0 0  0 0  0 0
   122  -.4450190609848748E-03   4   3 1  0 0  0 0  0 0
   123  -.5988381589605050E-03   4   2 2  0 0  0 0  0 0
   124  -.2671747390765855E-03   4   1 3  0 0  0 0  0 0
   125  -.5711255742300306E-04   4   0 4  0 0  0 0  0 0
   126  0.2792663225749930E-07   4   3 0  1 0  0 0  0 0
   127  -.3070506887140341E-04   4   2 1  1 0  0 0  0 0
   128  -.1644759628831869E-04   4   1 2  1 0  0 0  0 0
   129  -.2793151940203506E-05   4   0 3  1 0  0 0  0 0
   130  0.2884055722395968E-03   4   2 0  2 0  0 0  0 0
   131  -.2518602149031910E-02   4   1 1  2 0  0 0  0 0
   132  -.8424564907906552E-04   4   0 2  2 0  0 0  0 0
   133  0.1721678476020180E-06   4   1 0  3 0  0 0  0 0
   134  -.6002416377176680E-04   4   0 1  3 0  0 0  0 0
   135  -.5223378396204979E-03   4   0 0  4 0  0 0  0 0
   136  0.1408135972181076E-06   4   3 0  0 1  0 0  0 0
   137  -.3964096191205110E-05   4   2 1  0 1  0 0  0 0
   138  0.4910483433995870E-05   4   1 2  0 1  0 0  0 0
   139  0.1203328596325983E-05   4   0 3  0 1  0 0  0 0
   140  -.1907690935519310E-02   4   2 0  1 1  0 0  0 0
   141  -.3342694781368624E-02   4   1 1  1 1  0 0  0 0
   142  0.2207485065465162E-04   4   0 2  1 1  0 0  0 0
   143  -.1199848162971696E-03   4   1 0  2 1  0 0  0 0
   144  -.8327595260378130E-04   4   0 1  2 1  0 0  0 0
   145  -.8988417252929637E-03   4   0 0  3 1  0 0  0 0
   146  -.3190363570726797E-03   4   2 0  0 2  0 0  0 0
   147  -.1358917214745844E-02   4   1 1  0 2  0 0  0 0
   148  -.7014442583697320E-04   4   0 2  0 2  0 0  0 0
   149  -.4712039866060665E-04   4   1 0  1 2  0 0  0 0
   150  -.4777808641791830E-04   4   0 1  1 2  0 0  0 0
   151  -.4555550337373840E-03   4   0 0  2 2  0 0  0 0
   152  0.2793515798300511E-05   4   1 0  0 3  0 0  0 0
   153  -.3523134745584099E-05   4   0 1  0 3  0 0  0 0
   154  0.3463427864849823E-04   4   0 0  1 3  0 0  0 0
   155  0.1063405853898635E-03   4   0 0  0 4  0 0  0 0
   156  0.1395393656683887       4   3 0  0 0  0 1  0 0
   157  0.8017917412166883       4   2 1  0 0  0 1  0 0
   158  -.1447597836656418E-01   4   1 2  0 0  0 1  0 0
   159  0.1038376516764151       4   0 3  0 0  0 1  0 0
   160  -.3123744814293192E-03   4   2 0  1 0  0 1  0 0
   161  -.4016965605266395E-03   4   1 1  1 0  0 1  0 0
   162  -.1042739403582634E-03   4   0 2  1 0  0 1  0 0
   163   2.087275021822946       4   1 0  2 0  0 1  0 0
   164   1.096910106890453       4   0 1  2 0  0 1  0 0
   165  0.5108760883890101E-04   4   0 0  3 0  0 1  0 0
   166  -.1459408808505082E-03   4   2 0  0 1  0 1  0 0
   167  -.3301637943333212E-03   4   1 1  0 1  0 1  0 0
   168  -.7966486559433598E-04   4   0 2  0 1  0 1  0 0
   169   2.861267972327338       4   1 0  1 1  0 1  0 0
   170   1.671505315389951       4   0 1  1 1  0 1  0 0
   171  0.9761702445473829E-04   4   0 0  2 1  0 1  0 0
   172   1.104514676770200       4   1 0  0 2  0 1  0 0
   173  0.9245019900401357       4   0 1  0 2  0 1  0 0
   174  0.5348507645069330E-04   4   0 0  1 2  0 1  0 0
   175  0.4752631225871389E-04   4   0 0  0 3  0 1  0 0
   176  0.1393515801663563       4   3 0  0 0  0 0  1 0
   177  0.8007127276784918       4   2 1  0 0  0 0  1 0
   178  -.1445649727710721E-01   4   1 2  0 0  0 0  1 0
   179  0.1036979118584865       4   0 3  0 0  0 0  1 0
   180  -.3119541025739053E-03   4   2 0  1 0  0 0  1 0
   181  -.4011559762267882E-03   4   1 1  1 0  0 0  1 0
   182  -.1041336134035924E-03   4   0 2  1 0  0 0  1 0
   183   2.084466065468427       4   1 0  2 0  0 0  1 0
   184   1.095433936964172       4   0 1  2 0  0 0  1 0
   185  0.5101885754259515E-04   4   0 0  3 0  0 0  1 0
   186  -.1457444804910162E-03   4   2 0  0 1  0 0  1 0
   187  -.3297194754589914E-03   4   1 1  0 1  0 0  1 0
   188  -.7955765637269369E-04   4   0 2  0 1  0 0  1 0
   189   2.857417412737084       4   1 0  1 1  0 0  1 0
   190   1.669255882311849       4   0 1  1 1  0 0  1 0
   191  0.9748565606367088E-04   4   0 0  2 1  0 0  1 0
   192   1.103028272972179       4   1 0  0 2  0 0  1 0
   193  0.9232578388322060       4   0 1  0 2  0 0  1 0
   194  0.5341309875540729E-04   4   0 0  1 2  0 0  1 0
   195  0.4746235358749983E-04   4   0 0  0 3  0 0  1 0
   196  -.9408264498314337       4   3 0  0 0  0 0  0 1
   197  -1.602504468895168       4   2 1  0 0  0 0  0 1
   198  -.1498883432619330       4   1 2  0 0  0 0  0 1
   199  -.9703433540767993E-01   4   0 3  0 0  0 0  0 1
   200  0.1169983708921591E-02   4   2 0  1 0  0 0  0 1
   201  0.8028525367534197E-03   4   1 1  1 0  0 0  0 1
   202  0.1443678635624750E-03   4   0 2  1 0  0 0  0 1
   203  -7.990366289953619       4   1 0  2 0  0 0  0 1
   204  -2.192344043854593       4   0 1  2 0  0 0  0 1
   205  -.2327747726666943E-03   4   0 0  3 0  0 0  0 1
   206  0.2916853613415193E-03   4   2 0  0 1  0 0  0 1
   207  0.3887548470577403E-03   4   1 1  0 1  0 0  0 1
   208  0.6826432099084059E-04   4   0 2  0 1  0 0  0 1
   209  -5.718685385064335       4   1 0  1 1  0 0  0 1
   210  -2.263669240402163       4   0 1  1 1  0 0  0 1
   211  -.1951026805181255E-03   4   0 0  2 1  0 0  0 1
   212  -1.246827387224817       4   1 0  0 2  0 0  0 1
   213  -.7296528705915678       4   0 1  0 2  0 0  0 1
   214  -.6811068220074977E-04   4   0 0  1 2  0 0  0 1
   215  -.3428319018602995E-04   4   0 0  0 3  0 0  0 1
   216  0.1446068944971260E-03   4   2 0  0 0  0 2  0 0
   217  -.1979662967356680E-03   4   1 1  0 0  0 2  0 0
   218  -.5581136714402215E-04   4   0 2  0 0  0 2  0 0
   219  0.1760127502678887E-04   4   1 0  1 0  0 2  0 0
   220  0.1023466319989634E-05   4   0 1  1 0  0 2  0 0
   221  0.2117844345474322E-03   4   0 0  2 0  0 2  0 0
   222  0.1100641685751583E-04   4   1 0  0 1  0 2  0 0
   223  0.3853367940298732E-05   4   0 1  0 1  0 2  0 0
   224  0.4628002066802216E-03   4   0 0  1 1  0 2  0 0
   225  0.2471666053712227E-03   4   0 0  0 2  0 2  0 0
   226  0.1280806068554494E-03   4   2 0  0 0  0 1  1 0
   227  -.1268394812909566E-03   4   1 1  0 0  0 1  1 0
   228  -.3972604309696798E-04   4   0 2  0 0  0 1  1 0
   229  0.2060387897458949E-04   4   1 0  1 0  0 1  1 0
   230  0.6741999235136803E-05   4   0 1  1 0  0 1  1 0
   231  0.2173710178501126E-03   4   0 0  2 0  0 1  1 0
   232  0.1305758495812473E-04   4   1 0  0 1  0 1  1 0
   233  0.6780702295454136E-05   4   0 1  0 1  0 1  1 0
   234  0.4900187023620061E-03   4   0 0  1 1  0 1  1 0
   235  0.2871208795424944E-03   4   0 0  0 2  0 1  1 0
   236  0.1443261069313592E-03   4   2 0  0 0  0 0  2 0
   237  -.1976145357252570E-03   4   1 1  0 0  0 0  2 0
   238  -.5570952811813080E-04   4   0 2  0 0  0 0  2 0
   239  0.1756372419572891E-04   4   1 0  1 0  0 0  2 0
   240  0.1017552454835133E-05   4   0 1  1 0  0 0  2 0
   241  0.2113531612007351E-03   4   0 0  2 0  0 0  2 0
   242  0.1098281879919649E-04   4   1 0  0 1  0 0  2 0
   243  0.3843619684534605E-05   4   0 1  0 1  0 0  2 0
   244  0.4618476699351732E-03   4   0 0  1 1  0 0  2 0
   245  0.2466407833282008E-03   4   0 0  0 2  0 0  2 0
   246  -.2605183639061890E-03   4   2 0  0 0  0 1  0 1
   247  0.8874294405686579E-04   4   1 1  0 0  0 1  0 1
   248  0.3212519638359534E-04   4   0 2  0 0  0 1  0 1
   249  -.2788697840321460E-04   4   1 0  1 0  0 1  0 1
   250  -.8060470344696386E-06   4   0 1  1 0  0 1  0 1
   251  -.4980411380608827E-03   4   0 0  2 0  0 1  0 1
   252  -.7502111123669416E-05   4   1 0  0 1  0 1  0 1
   253  -.1005301844777840E-05   4   0 1  0 1  0 1  0 1
   254  -.7523295275649909E-03   4   0 0  1 1  0 1  0 1
   255  -.2606264685058403E-03   4   0 0  0 2  0 1  0 1
   256  -.2601677705698495E-03   4   2 0  0 0  0 0  1 1
   257  0.8862351798506452E-04   4   1 1  0 0  0 0  1 1
   258  0.3208196380831053E-04   4   0 2  0 0  0 0  1 1
   259  -.2784944942194735E-04   4   1 0  1 0  0 0  1 1
   260  -.8049622943583019E-06   4   0 1  1 0  0 0  1 1
   261  -.4973708977691490E-03   4   0 0  2 0  0 0  1 1
   262  -.7492015136081432E-05   4   1 0  0 1  0 0  1 1
   263  -.1003948956933367E-05   4   0 1  0 1  0 0  1 1
   264  -.7513170779428605E-03   4   0 0  1 1  0 0  1 1
   265  -.2602757296874255E-03   4   0 0  0 2  0 0  1 1
   266  0.1036725341549610E-03   4   2 0  0 0  0 0  0 2
   267  0.1338943701486830E-03   4   1 1  0 0  0 0  0 2
   268  0.2232623112189363E-04   4   0 2  0 0  0 0  0 2
   269  -.3245036673545266E-07   4   1 0  1 0  0 0  0 2
   270  0.1778612921427659E-05   4   0 1  1 0  0 0  0 2
   271  0.3549034081934793E-03   4   0 0  2 0  0 0  0 2
   272  -.8870217343893344E-08   4   1 0  0 1  0 0  0 2
   273  0.2393332218610216E-06   4   0 1  0 1  0 0  0 2
   274  0.2353835142160406E-03   4   0 0  1 1  0 0  0 2
   275  0.3358133115968782E-04   4   0 0  0 2  0 0  0 2
   276  -.3531706993875070E-01   4   1 0  0 0  0 3  0 0
   277  0.1012079154817105       4   0 1  0 0  0 3  0 0
   278  0.5606645404039357E-06   4   0 0  1 0  0 3  0 0
   279  0.1610651919694279E-04   4   0 0  0 1  0 3  0 0
   280  -.1956941142135863E-01   4   1 0  0 0  0 2  1 0
   281  0.5214564857746793E-01   4   0 1  0 0  0 2  1 0
   282  0.5649493401791321E-06   4   0 0  1 0  0 2  1 0
   283  0.9775551196494543E-05   4   0 0  0 1  0 2  1 0
   284  -.1960110416485466E-01   4   1 0  0 0  0 1  2 0
   285  0.5224441216831764E-01   4   0 1  0 0  0 1  2 0
   286  0.5649391676760176E-06   4   0 0  1 0  0 1  2 0
   287  0.9788287319458747E-05   4   0 0  0 1  0 1  2 0
   288  -.3523262783414809E-01   4   1 0  0 0  0 0  3 0
   289  0.1009685739817579       4   0 1  0 0  0 0  3 0
   290  0.5591531376984589E-06   4   0 0  1 0  0 0  3 0
   291  0.1606743723884121E-04   4   0 0  0 1  0 0  3 0
   292  0.8232437955045299E-01   4   1 0  0 0  0 2  0 1
   293  -.1042582910087687       4   0 1  0 0  0 2  0 1
   294  -.1682975800683943E-05   4   0 0  1 0  0 2  0 1
   295  -.1953961224403804E-04   4   0 0  0 1  0 2  0 1
   296  0.5088962331912193E-01   4   1 0  0 0  0 1  1 1
   297  -.5552164391720909E-01   4   0 1  0 0  0 1  1 1
   298  -.1689370569740833E-05   4   0 0  1 0  0 1  1 1
   299  -.1325160932293987E-04   4   0 0  0 1  0 1  1 1
   300  0.8217934885190831E-01   4   1 0  0 0  0 0  2 1
   301  -.1040806259083830       4   0 1  0 0  0 0  2 1
   302  -.1679574193526635E-05   4   0 0  1 0  0 0  2 1
   303  -.1950440005910029E-04   4   0 0  0 1  0 0  2 1
   304  -.5084729356697398E-01   4   1 0  0 0  0 1  0 2
   305  -.2110708536409803E-01   4   0 1  0 0  0 1  0 2
   306  0.1684339010694440E-05   4   0 0  1 0  0 1  0 2
   307  0.3165267493185750E-06   4   0 0  0 1  0 1  0 2
   308  -.5077886567564072E-01   4   1 0  0 0  0 0  1 2
   309  -.2107868044335757E-01   4   0 1  0 0  0 0  1 2
   310  0.1682072306633924E-05   4   0 0  1 0  0 0  1 2
   311  0.3161007825361857E-06   4   0 0  0 1  0 0  1 2
   312  -.4047006050230970E-02   4   1 0  0 0  0 0  0 3
   313  -.5202162859290874E-03   4   0 1  0 0  0 0  0 3
   314  -.5618988879322793E-06   4   0 0  1 0  0 0  0 3
   315  -.7050582604399555E-07   4   0 0  0 1  0 0  0 3
   316  0.1444115925062238E-04   4   0 0  0 0  0 4  0 0
   317  0.7536433751845727E-05   4   0 0  0 0  0 3  1 0
   318  0.6617574946314473E-05   4   0 0  0 0  0 2  2 0
   319  0.7556195285279611E-05   4   0 0  0 0  0 1  3 0
   320  0.1439724261623214E-04   4   0 0  0 0  0 0  4 0
   321  -.1559269444457112E-04   4   0 0  0 0  0 3  0 1
   322  -.8015896515432304E-05   4   0 0  0 0  0 2  1 1
   323  -.8031148903046302E-05   4   0 0  0 0  0 1  2 1
   324  -.1555583214430541E-04   4   0 0  0 0  0 0  3 1
   325  -.1049518789125425E-05   4   0 0  0 0  0 2  0 2
   326  -.1263021091232604E-05   4   0 0  0 0  0 1  1 2
   327  -.1047256539070919E-05   4   0 0  0 0  0 0  2 2
   328  0.3383887782448876E-08   4   0 0  0 0  0 1  0 3
   329  0.3379333905748363E-08   4   0 0  0 0  0 0  1 3
   330  0.1018590096407013E-15   4   0 0  0 0  0 0  0 4
   ----------------------------------------------------
     I  COEFFICIENT            ORDER EXPONENTS
     1  0.7296442319641181E-05   0   0 0  0 0  0 0  0 0
     2  -.5784119373140432E-04   1   1 0  0 0  0 0  0 0
     3  -.1473193218137539E-04   1   0 1  0 0  0 0  0 0
     4   1.476438936767402       1   0 0  1 0  0 0  0 0
     5  0.7793743945857944       1   0 0  0 1  0 0  0 0
     6  -.9374314770901568E-06   1   0 0  0 0  0 1  0 0
     7  -.9361699259879670E-06   1   0 0  0 0  0 0  1 0
     8  0.1873601403062237E-05   1   0 0  0 0  0 0  0 1
     9  0.1094740112067585E-04   2   2 0  0 0  0 0  0 0
    10  -.3789747745128961E-05   2   1 1  0 0  0 0  0 0
    11  0.4301842794098434E-06   2   0 2  0 0  0 0  0 0
    12  -.4089553086893289E-03   2   1 0  1 0  0 0  0 0
    13  -.8818010211671389E-05   2   0 1  1 0  0 0  0 0
    14  -.4888900765603434E-05   2   0 0  2 0  0 0  0 0
    15  0.5153761338754681E-04   2   1 0  0 1  0 0  0 0
    16  0.2394522657171722E-04   2   0 1  0 1  0 0  0 0
    17  0.1771877824776492E-04   2   0 0  1 1  0 0  0 0
    18  0.7214272105428334E-05   2   0 0  0 2  0 0  0 0
    19  0.2903169351194196E-04   2   1 0  0 0  0 1  0 0
    20  0.1475042241921585E-04   2   0 1  0 0  0 1  0 0
    21  -.2534396177566881       2   0 0  1 0  0 1  0 0
    22  -.4516422582084962       2   0 0  0 1  0 1  0 0
    23  0.2899262402703016E-04   2   1 0  0 0  0 0  1 0
    24  0.1473057199588763E-04   2   0 1  0 0  0 0  1 0
    25  -.2530985506633104       2   0 0  1 0  0 0  1 0
    26  -.4510344593425656       2   0 0  0 1  0 0  1 0
    27  -.5802431753897232E-04   2   1 0  0 0  0 0  0 1
    28  -.1474906223379930E-04   2   0 1  0 0  0 0  0 1
    29  0.5065381684200015       2   0 0  1 0  0 0  0 1
    30  0.1233023229652630       2   0 0  0 1  0 0  0 1
    31  0.7207910416174014E-06   2   0 0  0 0  0 2  0 0
    32  0.5047324535413072E-06   2   0 0  0 0  0 1  1 0
    33  0.7194814124604714E-06   2   0 0  0 0  0 0  2 0
    34  -.1008884763351782E-05   2   0 0  0 0  0 1  0 1
    35  -.1007527053784343E-05   2   0 0  0 0  0 0  1 1
    36  0.7140538235122402E-07   2   0 0  0 0  0 0  0 2
    37  0.2042661303612226E-04   3   3 0  0 0  0 0  0 0
    38  0.4545534818488112E-05   3   2 1  0 0  0 0  0 0
    39  -.3442593979311679E-04   3   1 2  0 0  0 0  0 0
    40  -.1784636316661037E-04   3   0 3  0 0  0 0  0 0
    41  -.4924550239176474       3   2 0  1 0  0 0  0 0
    42  -.9222546916428472       3   1 1  1 0  0 0  0 0
    43  0.3025218520193378       3   0 2  1 0  0 0  0 0
    44  -.1943333168656288E-03   3   1 0  2 0  0 0  0 0
    45  -.2241491524067239E-03   3   0 1  2 0  0 0  0 0
    46  0.3215209905221726       3   0 0  3 0  0 0  0 0
    47  0.6916246645376914       3   2 0  0 1  0 0  0 0
    48  -.2482869260529610       3   1 1  0 1  0 0  0 0
    49  0.4196280478333526       3   0 2  0 1  0 0  0 0
    50  -.2714506488250004E-03   3   1 0  1 1  0 0  0 0
    51  -.1776613114804337E-03   3   0 1  1 1  0 0  0 0
    52   1.775195230142269       3   0 0  2 1  0 0  0 0
    53  -.1476323033204424E-03   3   1 0  0 2  0 0  0 0
    54  -.6320844723513189E-04   3   0 1  0 2  0 0  0 0
    55   1.436794604264674       3   0 0  1 2  0 0  0 0
    56  0.6558412024465993       3   0 0  0 3  0 0  0 0
    57  -.6594228537618501E-05   3   2 0  0 0  0 1  0 0
    58  0.4945225892482910E-05   3   1 1  0 0  0 1  0 0
    59  -.3471168034552886E-06   3   0 2  0 0  0 1  0 0
    60  0.2409071508864207E-03   3   1 0  1 0  0 1  0 0
    61  0.1944935964040261E-04   3   0 1  1 0  0 1  0 0
    62  -.2724877372845004E-05   3   0 0  2 0  0 1  0 0
    63  -.4622366422170642E-04   3   1 0  0 1  0 1  0 0
    64  -.3273100572028087E-04   3   0 1  0 1  0 1  0 0
    65  -.2504121490683643E-04   3   0 0  1 1  0 1  0 0
    66  -.1241807954308058E-04   3   0 0  0 2  0 1  0 0
    67  -.6585354335627920E-05   3   2 0  0 0  0 0  1 0
    68  0.4938570840537384E-05   3   1 1  0 0  0 0  1 0
    69  -.3466496700202466E-06   3   0 2  0 0  0 0  1 0
    70  0.2405829493963268E-03   3   1 0  1 0  0 0  1 0
    71  0.1942318560881532E-04   3   0 1  1 0  0 0  1 0
    72  -.2721210361280086E-05   3   0 0  2 0  0 0  1 0
    73  -.4616145859283955E-04   3   1 0  0 1  0 0  1 0
    74  -.3268695787534172E-04   3   0 1  0 1  0 0  1 0
    75  -.2500751561994364E-04   3   0 0  1 1  0 0  1 0
    76  -.1240136787686797E-04   3   0 0  0 2  0 0  1 0
    77  0.1317958287323592E-04   3   2 0  0 0  0 0  0 1
    78  -.6094048987879856E-05   3   1 1  0 0  0 0  0 1
    79  -.1666020853472072E-06   3   0 2  0 0  0 0  0 1
    80  -.4814901002827461E-03   3   1 0  1 0  0 0  0 1
    81  -.3005453503754244E-04   3   0 1  1 0  0 0  0 1
    82  0.5446087734020229E-05   3   0 0  2 0  0 0  0 1
    83  0.4084750942700203E-04   3   1 0  0 1  0 0  0 1
    84  0.1752751045219048E-04   3   0 1  0 1  0 0  0 1
    85  0.3232995227888093E-04   3   0 0  1 1  0 0  0 1
    86  0.1039090320902992E-04   3   0 0  0 2  0 0  0 1
    87  -.2183748033943979E-04   3   1 0  0 0  0 2  0 0
    88  -.1476426309367719E-04   3   0 1  0 0  0 2  0 0
    89  0.1977605601795955       3   0 0  1 0  0 2  0 0
    90  0.3707206969476476       3   0 0  0 1  0 2  0 0
    91  -.1466387180982288E-04   3   1 0  0 0  0 1  1 0
    92  -.1477468743611408E-04   3   0 1  0 0  0 1  1 0
    93  0.1422309352595775       3   0 0  1 0  0 1  1 0
    94  0.2900161481422933       3   0 0  0 1  0 1  1 0
    95  -.2179822551377010E-04   3   1 0  0 0  0 0  2 0
    96  -.1473445250520678E-04   3   0 1  0 0  0 0  2 0
    97  0.1973987194930661       3   0 0  1 0  0 0  2 0
    98  0.3700266534730713       3   0 0  0 1  0 0  2 0
    99  0.2930995953401059E-04   3   1 0  0 0  0 1  0 1
   100  0.1478955955304921E-04   3   0 1  0 0  0 1  0 1
   101  -.2843125241845701       3   0 0  1 0  0 1  0 1
   102  -.1281731357475444       3   0 0  0 1  0 1  0 1
   103  0.2927051557180038E-04   3   1 0  0 0  0 0  1 1
   104  0.1476965646081047E-04   3   0 1  0 0  0 0  1 1
   105  -.2839299097887089       3   0 0  1 0  0 0  1 1
   106  -.1280006463820453       3   0 0  0 1  0 0  1 1
   107  -.2797834188845961E-06   3   1 0  0 0  0 0  0 2
   108  -.2943636109166377E-07   3   0 1  0 0  0 0  0 2
   109  0.3085216460393158E-01   3   0 0  1 0  0 0  0 2
   110  0.4784579659526930E-02   3   0 0  0 1  0 0  0 2
   111  -.6126879368186003E-06   3   0 0  0 0  0 3  0 0
   112  -.3966267840485307E-06   3   0 0  0 0  0 2  1 0
   113  -.3970612670583698E-06   3   0 0  0 0  0 1  2 0
   114  -.6111846261260129E-06   3   0 0  0 0  0 0  3 0
   115  0.7931061270639642E-06   3   0 0  0 0  0 2  0 1
   116  0.5779064331412918E-06   3   0 0  0 0  0 1  1 1
   117  0.7916499426281731E-06   3   0 0  0 0  0 0  2 1
   118  -.7317437760116466E-07   3   0 0  0 0  0 1  0 2
   119  -.7307590297230842E-07   3   0 0  0 0  0 0  1 2
   120  0.1146505290328668E-08   3   0 0  0 0  0 0  0 3
   121  0.4941005196195308E-05   4   4 0  0 0  0 0  0 0
   122  -.3656833453645813E-05   4   3 1  0 0  0 0  0 0
   123  -.2916907475800551E-05   4   2 2  0 0  0 0  0 0
   124  0.3630657578232124E-06   4   1 3  0 0  0 0  0 0
   125  -.3217090400131516E-05   4   0 4  0 0  0 0  0 0
   126  0.2992296062931197E-03   4   3 0  1 0  0 0  0 0
   127  0.8534626254068727E-03   4   2 1  1 0  0 0  0 0
   128  0.2715894546259497E-03   4   1 2  1 0  0 0  0 0
   129  -.2313517557341433E-03   4   0 3  1 0  0 0  0 0
   130  0.5473843955873505E-04   4   2 0  2 0  0 0  0 0
   131  0.1292907840653124E-04   4   1 1  2 0  0 0  0 0
   132  -.4023392259037617E-04   4   0 2  2 0  0 0  0 0
   133  -.8822030218375726E-04   4   1 0  3 0  0 0  0 0
   134  0.4530640067362978E-03   4   0 1  3 0  0 0  0 0
   135  -.1531986406466436E-04   4   0 0  4 0  0 0  0 0
   136  -.2580475860941225E-03   4   3 0  0 1  0 0  0 0
   137  0.4823821711206853E-03   4   2 1  0 1  0 0  0 0
   138  0.5037184860908927E-03   4   1 2  0 1  0 0  0 0
   139  -.1261339795453524E-03   4   0 3  0 1  0 0  0 0
   140  0.1513449662667346E-04   4   2 0  1 1  0 0  0 0
   141  -.2127232258661348E-05   4   1 1  1 1  0 0  0 0
   142  -.2542968155731322E-04   4   0 2  1 1  0 0  0 0
   143  -.6233678719956805E-03   4   1 0  2 1  0 0  0 0
   144  0.5049128308313457E-03   4   0 1  2 1  0 0  0 0
   145  -.8139691302911769E-04   4   0 0  3 1  0 0  0 0
   146  -.2832704843595574E-05   4   2 0  0 2  0 0  0 0
   147  -.1389098581680851E-04   4   1 1  0 2  0 0  0 0
   148  -.1893204841681829E-04   4   0 2  0 2  0 0  0 0
   149  0.1511687707923814E-03   4   1 0  1 2  0 0  0 0
   150  0.3066078650870228E-04   4   0 1  1 2  0 0  0 0
   151  -.6995202352682567E-04   4   0 0  2 2  0 0  0 0
   152  0.3245913195722116E-03   4   1 0  0 3  0 0  0 0
   153  -.1114648479049580E-03   4   0 1  0 3  0 0  0 0
   154  -.2767092214147197E-04   4   0 0  1 3  0 0  0 0
   155  -.1254479409635987E-04   4   0 0  0 4  0 0  0 0
   156  -.6684423133553354E-05   4   3 0  0 0  0 1  0 0
   157  -.3429253912643898E-04   4   2 1  0 0  0 1  0 0
   158  0.3340749501812728E-04   4   1 2  0 0  0 1  0 0
   159  0.3297867679822830E-04   4   0 3  0 0  0 1  0 0
   160  0.3490753244395174       4   2 0  1 0  0 1  0 0
   161   1.330759109510737       4   1 1  1 0  0 1  0 0
   162  -.3851643959898934       4   0 2  1 0  0 1  0 0
   163  0.2223202254316574E-03   4   1 0  2 0  0 1  0 0
   164  0.3096949263196883E-03   4   0 1  2 0  0 1  0 0
   165  -.5155111787119918       4   0 0  3 0  0 1  0 0
   166  -.7624079433313631       4   2 0  0 1  0 1  0 0
   167  0.4493906842044528       4   1 1  0 1  0 1  0 0
   168  -.6561026827201495       4   0 2  0 1  0 1  0 0
   169  0.4301489710681891E-03   4   1 0  1 1  0 1  0 0
   170  0.3391694047883775E-03   4   0 1  1 1  0 1  0 0
   171  -2.570771848596624       4   0 0  2 1  0 1  0 0
   172  0.2555562690509923E-03   4   1 0  0 2  0 1  0 0
   173  0.1398608215306404E-03   4   0 1  0 2  0 1  0 0
   174  -2.527503456346562       4   0 0  1 2  0 1  0 0
   175  -1.194862303406128       4   0 0  0 3  0 1  0 0
   176  -.6675427551926067E-05   4   3 0  0 0  0 0  1 0
   177  -.3424638984343535E-04   4   2 1  0 0  0 0  1 0
   178  0.3336253678577202E-04   4   1 2  0 0  0 0  1 0
   179  0.3293429564922454E-04   4   0 3  0 0  0 0  1 0
   180  0.3486055553192365       4   2 0  1 0  0 0  1 0
   181   1.328968236617690       4   1 1  1 0  0 0  1 0
   182  -.3846460598979385       4   0 2  1 0  0 0  1 0
   183  0.2220210373498621E-03   4   1 0  2 0  0 0  1 0
   184  0.3092781534832022E-03   4   0 1  2 0  0 0  1 0
   185  -.5148174280628832       4   0 0  3 0  0 0  1 0
   186  -.7613819306522773       4   2 0  0 1  0 0  1 0
   187  0.4487859154007090       4   1 1  0 1  0 0  1 0
   188  -.6552197306507949       4   0 2  0 1  0 0  1 0
   189  0.4295700968550202E-03   4   1 0  1 1  0 0  1 0
   190  0.3387129665878218E-03   4   0 1  1 1  0 0  1 0
   191  -2.567312224998084       4   0 0  2 1  0 0  1 0
   192  0.2552123534680076E-03   4   1 0  0 2  0 0  1 0
   193  0.1396726034284068E-03   4   0 1  0 2  0 0  1 0
   194  -2.524102061311401       4   0 0  1 2  0 0  1 0
   195  -1.193254314029960       4   0 0  0 3  0 0  1 0
   196  0.1335985068547905E-04   4   3 0  0 0  0 0  0 1
   197  0.6399339415140769E-04   4   2 1  0 0  0 0  0 1
   198  0.2081847782309370E-05   4   1 2  0 0  0 0  0 1
   199  -.1237388294761541E-04   4   0 3  0 0  0 0  0 1
   200  -.6976808797587466       4   2 0  1 0  0 0  0 1
   201  -1.737472654485571       4   1 1  1 0  0 0  0 1
   202  0.1647667518491662       4   0 2  1 0  0 0  0 1
   203  -.4443412627812033E-03   4   1 0  2 0  0 0  0 1
   204  -.3948239273958266E-03   4   0 1  2 0  0 0  0 1
   205   1.030328606773252       4   0 0  3 0  0 0  0 1
   206  0.8321652094459489       4   2 0  0 1  0 0  0 1
   207  -.4016027474992360       4   1 1  0 1  0 0  0 1
   208  0.5243826987088981E-01   4   0 2  0 1  0 0  0 1
   209  -.5882684190976636E-03   4   1 0  1 1  0 0  0 1
   210  -.3225597484149973E-03   4   0 1  1 1  0 0  0 1
   211   3.362888843448719       4   0 0  2 1  0 0  0 1
   212  -.2155040158779662E-03   4   1 0  0 2  0 0  0 1
   213  -.8990808325352680E-04   4   0 1  0 2  0 0  0 1
   214   2.178016309127322       4   0 0  1 2  0 0  0 1
   215  0.4205930100959817       4   0 0  0 3  0 0  0 1
   216  -.3678276454798003E-05   4   2 0  0 0  0 2  0 0
   217  -.1988605419963449E-05   4   1 1  0 0  0 2  0 0
   218  -.7903111334034802E-05   4   0 2  0 0  0 2  0 0
   219  0.1184535690773333E-05   4   1 0  1 0  0 2  0 0
   220  -.2871519761649860E-03   4   0 1  1 0  0 2  0 0
   221  -.2125621705968772E-04   4   0 0  2 0  0 2  0 0
   222  0.1497877019143284E-03   4   1 0  0 1  0 2  0 0
   223  -.2365448248996129E-03   4   0 1  0 1  0 2  0 0
   224  -.1486808394676983E-04   4   0 0  1 1  0 2  0 0
   225  -.1426173693788282E-04   4   0 0  0 2  0 2  0 0
   226  -.4806247972758981E-05   4   2 0  0 0  0 1  1 0
   227  -.1417783934586503E-05   4   1 1  0 0  0 1  1 0
   228  -.9778282433334909E-05   4   0 2  0 0  0 1  1 0
   229  0.6981165782702254E-04   4   1 0  1 0  0 1  1 0
   230  -.3388135563260019E-03   4   0 1  1 0  0 1  1 0
   231  -.2273225754543218E-04   4   0 0  2 0  0 1  1 0
   232  0.1695262584167008E-03   4   1 0  0 1  0 1  1 0
   233  -.2898178067753879E-03   4   0 1  0 1  0 1  1 0
   234  -.1983337237901652E-04   4   0 0  1 1  0 1  1 0
   235  -.1739504521141108E-04   4   0 0  0 2  0 1  1 0
   236  -.3670092392684227E-05   4   2 0  0 0  0 0  2 0
   237  -.1984975255115450E-05   4   1 1  0 0  0 0  2 0
   238  -.7885896123428156E-05   4   0 2  0 0  0 0  2 0
   239  0.1135966978985946E-05   4   1 0  1 0  0 0  2 0
   240  -.2865375609102915E-03   4   0 1  1 0  0 0  2 0
   241  -.2121231544406944E-04   4   0 0  2 0  0 0  2 0
   242  0.1494720544598191E-03   4   1 0  0 1  0 0  2 0
   243  -.2360314824493859E-03   4   0 1  0 1  0 0  2 0
   244  -.1483472977112264E-04   4   0 0  1 1  0 0  2 0
   245  -.1423083944839119E-04   4   0 0  0 2  0 0  2 0
   246  -.2110973586206332E-06   4   2 0  0 0  0 1  0 1
   247  0.9631008089254509E-06   4   1 1  0 0  0 1  0 1
   248  0.2085142884280448E-05   4   0 2  0 0  0 1  0 1
   249  -.5804342811801338E-04   4   1 0  1 0  0 1  0 1
   250  0.2449352699988571E-03   4   0 1  1 0  0 1  0 1
   251  0.1892680396952177E-04   4   0 0  2 0  0 1  0 1
   252  -.1956412700701076E-03   4   1 0  0 1  0 1  0 1
   253  0.4005159029037596E-04   4   0 1  0 1  0 1  0 1
   254  -.2406889223471715E-05   4   0 0  1 1  0 1  0 1
   255  -.5951545567619614E-05   4   0 0  0 2  0 1  0 1
   256  -.2108132737441082E-06   4   2 0  0 0  0 0  1 1
   257  0.9618047132461743E-06   4   1 1  0 0  0 0  1 1
   258  0.2082336797256160E-05   4   0 2  0 0  0 0  1 1
   259  -.5796531600794409E-04   4   1 0  1 0  0 0  1 1
   260  0.2446056476558923E-03   4   0 1  1 0  0 0  1 1
   261  0.1890133316872891E-04   4   0 0  2 0  0 0  1 1
   262  -.1953779852691020E-03   4   1 0  0 1  0 0  1 1
   263  0.3999769074772903E-04   4   0 1  0 1  0 0  1 1
   264  -.2403650145387705E-05   4   0 0  1 1  0 0  1 1
   265  -.5943536258081427E-05   4   0 0  0 2  0 0  1 1
   266  0.3022821620091464E-05   4   2 0  0 0  0 0  0 2
   267  0.1239277344101830E-05   4   1 1  0 0  0 0  0 2
   268  0.3729873335413019E-07   4   0 2  0 0  0 0  0 2
   269  0.9564517750809961E-04   4   1 0  1 0  0 0  0 2
   270  0.1042835172094373E-05   4   0 1  1 0  0 0  0 2
   271  0.7889837570909256E-05   4   0 0  2 0  0 0  0 2
   272  0.4469276987031398E-04   4   1 0  0 1  0 0  0 2
   273  0.6156593536927032E-05   4   0 1  0 1  0 0  0 2
   274  0.1202470384634320E-04   4   0 0  1 1  0 0  0 2
   275  0.2803172009372979E-05   4   0 0  0 2  0 0  0 2
   276  0.1825602886034662E-04   4   1 0  0 0  0 3  0 0
   277  0.1477085055485310E-04   4   0 1  0 0  0 3  0 0
   278  -.1700352815543539       4   0 0  1 0  0 3  0 0
   279  -.3308961845904462       4   0 0  0 1  0 3  0 0
   280  0.1109717122422702E-04   4   1 0  0 0  0 2  1 0
   281  0.1478704997762248E-04   4   0 1  0 0  0 2  1 0
   282  -.1146219017809252       4   0 0  1 0  0 2  1 0
   283  -.2512993079765542       4   0 0  0 1  0 2  1 0
   284  0.1111157271017346E-04   4   1 0  0 0  0 1  2 0
   285  0.1478697715086441E-04   4   0 1  0 0  0 1  2 0
   286  -.1147332989395714       4   0 0  1 0  0 1  2 0
   287  -.2514590856597785       4   0 0  0 1  0 1  2 0
   288  0.1821171975145523E-04   4   1 0  0 0  0 0  3 0
   289  0.1473109723360342E-04   4   0 1  0 0  0 0  3 0
   290  -.1696150209752249       4   0 0  1 0  0 0  3 0
   291  -.3300593624329784       4   0 0  0 1  0 0  3 0
   292  -.2218836406047202E-04   4   1 0  0 0  0 2  0 1
   293  -.1481862167121270E-04   4   0 1  0 0  0 2  0 1
   294  0.2292065468178183       4   0 0  1 0  0 2  0 1
   295  0.1318256722154409       4   0 0  0 1  0 2  0 1
   296  -.1508588332016814E-04   4   1 0  0 0  0 1  1 1
   297  -.1484757878392410E-04   4   0 1  0 0  0 1  1 1
   298  0.1742483726012195       4   0 0  1 0  0 1  1 1
   299  0.1354681457324032       4   0 0  0 1  0 1  1 1
   300  -.2214835307042681E-04   4   1 0  0 0  0 0  2 1
   301  -.1478868888265428E-04   4   0 1  0 0  0 0  2 1
   302  0.2287808438253424       4   0 0  1 0  0 0  2 1
   303  0.1315571141154355       4   0 0  0 1  0 0  2 1
   304  0.4202823395635460E-06   4   1 0  0 0  0 1  0 2
   305  0.5893059445085368E-07   4   0 1  0 0  0 1  0 2
   306  -.3201818065219654E-01   4   0 0  1 0  0 1  0 2
   307  -.7300033933843069E-02   4   0 0  0 1  0 1  0 2
   308  0.4197167433980718E-06   4   1 0  0 0  0 0  1 2
   309  0.5885128843385759E-07   4   0 1  0 0  0 0  1 2
   310  -.3197509209363729E-01   4   0 0  1 0  0 0  1 2
   311  -.7290209892209132E-02   4   0 0  0 1  0 0  1 2
   312  -.9347741502639860E-07   4   1 0  0 0  0 0  0 3
   313  -.9824266509179231E-08   4   0 1  0 0  0 0  0 3
   314  0.7629811793193850E-03   4   0 0  1 0  0 0  0 3
   315  0.7883494915622681E-04   4   0 0  0 1  0 0  0 3
   316  -.1499437581730261E-05   4   0 0  0 0  0 4  0 0
   317  -.9215036111049264E-06   4   0 0  0 0  0 3  1 0
   318  -.8434967386038868E-06   4   0 0  0 0  0 2  2 0
   319  -.9231578361066947E-06   4   0 0  0 0  0 1  3 0
   320  -.1494784355029562E-05   4   0 0  0 0  0 0  4 0
   321  -.6949584707042740E-07   4   0 0  0 0  0 3  0 1
   322  -.8986498432450162E-08   4   0 0  0 0  0 2  1 1
   323  -.9108455590989301E-08   4   0 0  0 0  0 1  2 1
   324  -.6934952214059615E-07   4   0 0  0 0  0 0  3 1
   325  0.3880633490511640E-07   4   0 0  0 0  0 2  0 2
   326  0.4918267659191744E-07   4   0 0  0 0  0 1  1 2
   327  0.3872101730437239E-07   4   0 0  0 0  0 0  2 2
   328  -.9321004558197831E-09   4   0 0  0 0  0 1  0 3
   329  -.9308460789547132E-09   4   0 0  0 0  0 0  1 3
   ----------------------------------------------------
     I  COEFFICIENT            ORDER EXPONENTS
     1  0.6389564170740252E-05   0   0 0  0 0  0 0  0 0
     2  -.1651795530955384E-03   1   1 0  0 0  0 0  0 0
     3  -.5110648690070432E-04   1   0 1  0 0  0 0  0 0
     4   1.405344419813147       1   0 0  1 0  0 0  0 0
     5   1.419150771331440       1   0 0  0 1  0 0  0 0
     6  -.1932765290151307E-06   1   0 0  0 0  0 1  0 0
     7  -.1930164265712945E-06   1   0 0  0 0  0 0  1 0
     8  0.6775857126236531E-05   1   0 0  0 0  0 0  0 1
     9  0.5376784694061831E-05   2   2 0  0 0  0 0  0 0
    10  -.2429974435195395E-04   2   1 1  0 0  0 0  0 0
    11  -.4192438803788003E-05   2   0 2  0 0  0 0  0 0
    12  -.5148976948904693E-03   2   1 0  1 0  0 0  0 0
    13  0.2420493613936357E-03   2   0 1  1 0  0 0  0 0
    14  -.1652365616205630E-04   2   0 0  2 0  0 0  0 0
    15  0.1703419129246301E-03   2   1 0  0 1  0 0  0 0
    16  0.1590394106515648E-03   2   0 1  0 1  0 0  0 0
    17  0.8820597164665050E-05   2   0 0  1 1  0 0  0 0
    18  0.6811563765614020E-06   2   0 0  0 2  0 0  0 0
    19  0.5628048339512070E-06   2   1 0  0 0  0 1  0 0
    20  0.2563926272936298E-04   2   0 1  0 0  0 1  0 0
    21  -.6768361273303393E-01   2   0 0  1 0  0 1  0 0
    22  -.2220171551886297       2   0 0  0 1  0 1  0 0
    23  0.5620474377301046E-06   2   1 0  0 0  0 0  1 0
    24  0.2560475861791884E-04   2   0 1  0 0  0 0  1 0
    25  -.6759252731684098E-01   2   0 0  1 0  0 0  1 0
    26  -.2217183749644897       2   0 0  0 1  0 0  1 0
    27  -.1663044053672200E-03   2   1 0  0 0  0 0  0 1
    28  -.5124402134709350E-04   2   0 1  0 0  0 0  0 1
    29   1.540620559863026       2   0 0  1 0  0 0  0 1
    30  0.4437355301531130       2   0 0  0 1  0 0  0 1
    31  0.1428645908283087E-06   2   0 0  0 0  0 2  0 0
    32  0.9258832886014926E-07   2   0 0  0 0  0 1  1 0
    33  0.1426100299463049E-06   2   0 0  0 0  0 0  2 0
    34  -.3783184513464636E-06   2   0 0  0 0  0 1  0 1
    35  -.3778093282041605E-06   2   0 0  0 0  0 0  1 1
    36  0.3780641878773223E-06   2   0 0  0 0  0 0  0 2
    37  0.1379634650909920E-03   3   3 0  0 0  0 0  0 0
    38  0.1406619229695490E-03   3   2 1  0 0  0 0  0 0
    39  0.4891119144150063E-04   3   1 2  0 0  0 0  0 0
    40  -.1959316012619468E-04   3   0 3  0 0  0 0  0 0
    41  -2.798326366598274       3   2 0  1 0  0 0  0 0
    42  -2.828202940250199       3   1 1  1 0  0 0  0 0
    43  0.2642017867428483       3   0 2  1 0  0 0  0 0
    44  -.2601738066732866E-03   3   1 0  2 0  0 0  0 0
    45  -.1092379960223509E-03   3   0 1  2 0  0 0  0 0
    46  -1.795634071953373       3   0 0  3 0  0 0  0 0
    47  -.3454969146249007       3   2 0  0 1  0 0  0 0
    48  -.8427975091099388       3   1 1  0 1  0 0  0 0
    49  0.2481036538038336       3   0 2  0 1  0 0  0 0
    50  -.1453364868841161E-03   3   1 0  1 1  0 0  0 0
    51  0.9578575224718333E-04   3   0 1  1 1  0 0  0 0
    52  -2.081029612972195       3   0 0  2 1  0 0  0 0
    53  -.2365422258639207E-04   3   1 0  0 2  0 0  0 0
    54  0.1318333740379896E-04   3   0 1  0 2  0 0  0 0
    55  -1.437228142742263       3   0 0  1 2  0 0  0 0
    56  -.8897956338419181E-01   3   0 0  0 3  0 0  0 0
    57  -.3865290410082329E-05   3   2 0  0 0  0 1  0 0
    58  0.1389272301543490E-04   3   1 1  0 0  0 1  0 0
    59  0.4692210206114101E-05   3   0 2  0 0  0 1  0 0
    60  0.2660861628386777E-03   3   1 0  1 0  0 1  0 0
    61  -.7298563005649110E-04   3   0 1  1 0  0 1  0 0
    62  0.1235250429122850E-04   3   0 0  2 0  0 1  0 0
    63  -.1220887661269014E-04   3   1 0  0 1  0 1  0 0
    64  -.1375428532438575E-03   3   0 1  0 1  0 1  0 0
    65  0.3782548209586837E-05   3   0 0  1 1  0 1  0 0
    66  0.9795820640306398E-06   3   0 0  0 2  0 1  0 0
    67  -.3860088684413304E-05   3   2 0  0 0  0 0  1 0
    68  0.1387402684354240E-04   3   1 1  0 0  0 0  1 0
    69  0.4685895650754877E-05   3   0 2  0 0  0 0  1 0
    70  0.2657280766209458E-03   3   1 0  1 0  0 0  1 0
    71  -.7288740943525406E-04   3   0 1  1 0  0 0  1 0
    72  0.1233588087312787E-04   3   0 0  2 0  0 0  1 0
    73  -.1219244648192547E-04   3   1 0  0 1  0 0  1 0
    74  -.1373577545541360E-03   3   0 1  0 1  0 0  1 0
    75  0.3777457834502818E-05   3   0 0  1 1  0 0  1 0
    76  0.9782637886646557E-06   3   0 0  0 2  0 0  1 0
    77  0.1310216378855753E-04   3   2 0  0 0  0 0  0 1
    78  -.2776674985897716E-04   3   1 1  0 0  0 0  0 1
    79  -.5185667053080801E-05   3   0 2  0 0  0 0  0 1
    80  -.1046711934350090E-02   3   1 0  1 0  0 0  0 1
    81  0.1458730394917513E-03   3   0 1  1 0  0 0  0 1
    82  -.4121204132647910E-04   3   0 0  2 0  0 0  0 1
    83  0.2440132309461896E-04   3   1 0  0 1  0 0  0 1
    84  0.1158611971464322E-03   3   0 1  0 1  0 0  0 1
    85  -.7560006044129208E-05   3   0 0  1 1  0 0  0 1
    86  -.2639002229273185E-05   3   0 0  0 2  0 0  0 1
    87  -.5582418185679431E-06   3   1 0  0 0  0 2  0 0
    88  -.1928060599884760E-04   3   0 1  0 0  0 2  0 0
    89  0.5189796833548432E-01   3   0 0  1 0  0 2  0 0
    90  0.1727717827617656       3   0 0  0 1  0 2  0 0
    91  -.5574927640828677E-06   3   1 0  0 0  0 1  1 0
    92  -.1293690306557071E-04   3   0 1  0 0  0 1  1 0
    93  0.3615472684066187E-01   3   0 0  1 0  0 1  1 0
    94  0.1236585744366862       3   0 0  0 1  0 1  1 0
    95  -.5571154392836103E-06   3   1 0  0 0  0 0  2 0
    96  -.1924595413073225E-04   3   0 1  0 0  0 0  2 0
    97  0.5180379883183887E-01   3   0 0  1 0  0 0  2 0
    98  0.1724560676981582       3   0 0  0 1  0 0  2 0
    99  0.1680538347182415E-05   3   1 0  0 0  0 1  0 1
   100  0.2585247170973998E-04   3   0 1  0 0  0 1  0 1
   101  -.1399507389082727       3   0 0  1 0  0 1  0 1
   102  -.2471850450718534       3   0 0  0 1  0 1  0 1
   103  0.1678276757876012E-05   3   1 0  0 0  0 0  1 1
   104  0.2581768067169776E-04   3   0 1  0 0  0 0  1 1
   105  -.1397623997995019       3   0 0  1 0  0 0  1 1
   106  -.2468523950876227       3   0 0  0 1  0 0  1 1
   107  -.1684073804773887E-05   3   1 0  0 0  0 0  0 2
   108  -.2114199381250705E-06   3   0 1  0 0  0 0  0 2
   109  0.1398566057652432       3   0 0  1 0  0 0  0 2
   110  0.2515097414103414E-01   3   0 0  0 1  0 0  0 2
   111  -.1197636005619688E-06   3   0 0  0 0  0 3  0 0
   112  -.7358675489621248E-07   3   0 0  0 0  0 2  1 0
   113  -.7367964353827292E-07   3   0 0  0 0  0 1  2 0
   114  -.1194723942899729E-06   3   0 0  0 0  0 0  3 0
   115  0.2900116385674735E-06   3   0 0  0 0  0 2  0 1
   116  0.2019418188931727E-06   3   0 0  0 0  0 1  1 1
   117  0.2894854727346546E-06   3   0 0  0 0  0 0  2 1
   118  -.2018229183844834E-06   3   0 0  0 0  0 1  0 2
   119  -.2015513146123750E-06   3   0 0  0 0  0 0  1 2
   120  0.8436681706470069E-08   3   0 0  0 0  0 0  0 3
   121  0.1546343634739492E-04   4   4 0  0 0  0 0  0 0
   122  0.4057279184723262E-05   4   3 1  0 0  0 0  0 0
   123  -.7073769630193679E-05   4   2 2  0 0  0 0  0 0
   124  0.3453006146307195E-05   4   1 3  0 0  0 0  0 0
   125  -.4445692103417659E-05   4   0 4  0 0  0 0  0 0
   126  0.1711603964526357E-08   4   3 0  1 0  0 0  0 0
   127  -.1435877041092579E-02   4   2 1  1 0  0 0  0 0
   128  -.6536869733974643E-03   4   1 2  1 0  0 0  0 0
   129  -.2495554228703411E-03   4   0 3  1 0  0 0  0 0
   130  0.1767617793214980E-04   4   2 0  2 0  0 0  0 0
   131  -.1822968735492269E-03   4   1 1  2 0  0 0  0 0
   132  -.3421817965913803E-04   4   0 2  2 0  0 0  0 0
   133  0.1055204823107148E-07   4   1 0  3 0  0 0  0 0
   134  -.6620339850202703E-08   4   0 1  3 0  0 0  0 0
   135  -.3201372470763558E-04   4   0 0  4 0  0 0  0 0
   136  -.7179480926351559E-03   4   3 0  0 1  0 0  0 0
   137  -.9998562925946574E-03   4   2 1  0 1  0 0  0 0
   138  -.2873119926471902E-04   4   1 2  0 1  0 0  0 0
   139  -.2176094994948090E-04   4   0 3  0 1  0 0  0 0
   140  -.4091843523886473E-04   4   2 0  1 1  0 0  0 0
   141  -.1807305079170843E-03   4   1 1  1 1  0 0  0 0
   142  0.1667971091192872E-04   4   0 2  1 1  0 0  0 0
   143  -.1382085162527912E-02   4   1 0  2 1  0 0  0 0
   144  -.1866694531910230E-03   4   0 1  2 1  0 0  0 0
   145  -.1397062748335662E-03   4   0 0  3 1  0 0  0 0
   146  0.1397690508028310E-04   4   2 0  0 2  0 0  0 0
   147  -.3416328993187341E-04   4   1 1  0 2  0 0  0 0
   148  -.1933947763335875E-05   4   0 2  0 2  0 0  0 0
   149  -.8019928135951967E-03   4   1 0  1 2  0 0  0 0
   150  -.2957749905571841E-03   4   0 1  1 2  0 0  0 0
   151  -.9745583831420752E-04   4   0 0  2 2  0 0  0 0
   152  -.1270884304721286E-03   4   1 0  0 3  0 0  0 0
   153  -.5151377567654925E-04   4   0 1  0 3  0 0  0 0
   154  -.9009024227495088E-05   4   0 0  1 3  0 0  0 0
   155  0.3298189977496718E-05   4   0 0  0 4  0 0  0 0
   156  -.6081033230517372E-04   4   3 0  0 0  0 1  0 0
   157  -.1400164288823559E-03   4   2 1  0 0  0 1  0 0
   158  -.7407189820114426E-04   4   1 2  0 0  0 1  0 0
   159  0.2633256140039346E-04   4   0 3  0 0  0 1  0 0
   160   1.081189820662310       4   2 0  1 0  0 1  0 0
   161   2.769498016511733       4   1 1  1 0  0 1  0 0
   162  -.7121889894711415E-01   4   0 2  1 0  0 1  0 0
   163  0.2327753912216123E-04   4   1 0  2 0  0 1  0 0
   164  0.9166843058719276E-04   4   0 1  2 0  0 1  0 0
   165   1.296494346068378       4   0 0  3 0  0 1  0 0
   166  0.2004485909848105       4   2 0  0 1  0 1  0 0
   167   1.203749659486896       4   1 1  0 1  0 1  0 0
   168  -.3038610892243059       4   0 2  0 1  0 1  0 0
   169  0.7350974902533219E-04   4   1 0  1 1  0 1  0 0
   170  -.7511726636370692E-04   4   0 1  1 1  0 1  0 0
   171   2.446997953495041       4   0 0  2 1  0 1  0 0
   172  0.2327638647242765E-04   4   1 0  0 2  0 1  0 0
   173  -.1605903673438615E-04   4   0 1  0 2  0 1  0 0
   174   1.947885668287489       4   0 0  1 2  0 1  0 0
   175  0.1884592183219221       4   0 0  0 3  0 1  0 0
   176  -.6072849662584836E-04   4   3 0  0 0  0 0  1 0
   177  -.1398280013711144E-03   4   2 1  0 0  0 0  1 0
   178  -.7397221573143424E-04   4   1 2  0 0  0 0  1 0
   179  0.2629712428027176E-04   4   0 3  0 0  0 0  1 0
   180   1.079734806356383       4   2 0  1 0  0 0  1 0
   181   2.765770956603073       4   1 1  1 0  0 0  1 0
   182  -.7112305590933730E-01   4   0 2  1 0  0 0  1 0
   183  0.2324621330702795E-04   4   1 0  2 0  0 0  1 0
   184  0.9154506753340678E-04   4   0 1  2 0  0 0  1 0
   185   1.294749585079180       4   0 0  3 0  0 0  1 0
   186  0.2001788367178761       4   2 0  0 1  0 0  1 0
   187   1.202129709925933       4   1 1  0 1  0 0  1 0
   188  -.3034521672909113       4   0 2  0 1  0 0  1 0
   189  0.7341082306931677E-04   4   1 0  1 1  0 0  1 0
   190  -.7501617708691549E-04   4   0 1  1 1  0 0  1 0
   191   2.443704898973602       4   0 0  2 1  0 0  1 0
   192  0.2324506220842730E-04   4   1 0  0 2  0 0  1 0
   193  -.1603742523962704E-04   4   0 1  0 2  0 0  1 0
   194   1.945264295556790       4   0 0  1 2  0 0  1 0
   195  0.1882055987878908       4   0 0  0 3  0 0  1 0
   196  0.2595022940220140E-03   4   3 0  0 0  0 0  0 1
   197  0.2798444302534700E-03   4   2 1  0 0  0 0  0 1
   198  0.9913292249107685E-04   4   1 2  0 0  0 0  0 1
   199  -.1344336542827664E-04   4   0 3  0 0  0 0  0 1
   200  -4.959250993616955       4   2 0  1 0  0 0  0 1
   201  -5.535268973114794       4   1 1  1 0  0 0  0 1
   202  -.1218598318863839       4   0 2  1 0  0 0  0 1
   203  -.3066975591020855E-03   4   1 0  2 0  0 0  0 1
   204  -.1832134981203194E-03   4   0 1  2 0  0 0  0 1
   205  -4.386878003102929       4   0 0  3 0  0 0  0 1
   206  -.4006274277026829       4   2 0  0 1  0 0  0 1
   207  -1.563081860302881       4   1 1  0 1  0 0  0 1
   208  0.1111059489075580       4   0 2  0 1  0 0  0 1
   209  -.1469205720940887E-03   4   1 0  1 1  0 0  0 1
   210  0.5434769120361060E-04   4   0 1  1 1  0 0  0 1
   211  -4.890702852472930       4   0 0  2 1  0 0  0 1
   212  -.2286722609437647E-04   4   1 0  0 2  0 0  0 1
   213  0.5729787166484731E-05   4   0 1  0 2  0 0  0 1
   214  -2.455921821103306       4   0 0  1 2  0 0  0 1
   215  -.1987056903417790       4   0 0  0 3  0 0  0 1
   216  0.1491627197142233E-05   4   2 0  0 0  0 2  0 0
   217  0.5528922697606283E-05   4   1 1  0 0  0 2  0 0
   218  -.8417838561004983E-05   4   0 2  0 0  0 2  0 0
   219  0.3358496118387958E-03   4   1 0  1 0  0 2  0 0
   220  -.1820382581628187E-03   4   0 1  1 0  0 2  0 0
   221  0.2266453423872698E-04   4   0 0  2 0  0 2  0 0
   222  0.2608095835754421E-03   4   1 0  0 1  0 2  0 0
   223  -.3026789342647563E-04   4   0 1  0 1  0 2  0 0
   224  0.4994010604567529E-04   4   0 0  1 1  0 2  0 0
   225  0.1097627942891331E-04   4   0 0  0 2  0 2  0 0
   226  -.9005224363905030E-06   4   2 0  0 0  0 1  1 0
   227  0.1007604059847524E-04   4   1 1  0 0  0 1  1 0
   228  -.9107632849323529E-05   4   0 2  0 0  0 1  1 0
   229  0.4054891203063399E-03   4   1 0  1 0  0 1  1 0
   230  -.2123342581027883E-03   4   0 1  1 0  0 1  1 0
   231  0.2540977710945958E-04   4   0 0  2 0  0 1  1 0
   232  0.2624342448413869E-03   4   1 0  0 1  0 1  1 0
   233  -.6108321729268124E-04   4   0 1  0 1  0 1  1 0
   234  0.5183243290808975E-04   4   0 0  1 1  0 1  1 0
   235  0.1190772209267643E-04   4   0 0  0 2  0 1  1 0
   236  0.1490225775885640E-05   4   2 0  0 0  0 0  2 0
   237  0.5514702203724030E-05   4   1 1  0 0  0 0  2 0
   238  -.8400381919058327E-05   4   0 2  0 0  0 0  2 0
   239  0.3351247971851979E-03   4   1 0  1 0  0 0  2 0
   240  -.1816504049353554E-03   4   0 1  1 0  0 0  2 0
   241  0.2261693573644538E-04   4   0 0  2 0  0 0  2 0
   242  0.2602820125100954E-03   4   1 0  0 1  0 0  2 0
   243  -.3018605886444030E-04   4   0 1  0 1  0 0  2 0
   244  0.4983802218185069E-04   4   0 0  1 1  0 0  2 0
   245  0.1095349564375352E-04   4   0 0  0 2  0 0  2 0
   246  -.4220513844621771E-05   4   2 0  0 0  0 1  0 1
   247  -.1009166449550575E-04   4   1 1  0 0  0 1  0 1
   248  0.5974210290958678E-05   4   0 2  0 0  0 1  0 1
   249  -.5385931768919677E-03   4   1 0  1 0  0 1  0 1
   250  0.1354137555085728E-03   4   0 1  1 0  0 1  0 1
   251  -.4625263842207400E-04   4   0 0  2 0  0 1  0 1
   252  -.3496989900613108E-03   4   1 0  0 1  0 1  0 1
   253  -.1414910924557497E-04   4   0 1  0 1  0 1  0 1
   254  -.6889099250737403E-04   4   0 0  1 1  0 1  0 1
   255  -.1308604598410152E-04   4   0 0  0 2  0 1  0 1
   256  -.4214834075995651E-05   4   2 0  0 0  0 0  1 1
   257  -.1007808360903136E-04   4   1 1  0 0  0 0  1 1
   258  0.5966170480303873E-05   4   0 2  0 0  0 0  1 1
   259  -.5378683635775233E-03   4   1 0  1 0  0 0  1 1
   260  0.1352315220582385E-03   4   0 1  1 0  0 0  1 1
   261  -.4619039380109705E-04   4   0 0  2 0  0 0  1 1
   262  -.3492283816412295E-03   4   1 0  0 1  0 0  1 1
   263  -.1413006804117678E-04   4   0 1  0 1  0 0  1 1
   264  -.6879828225637786E-04   4   0 0  1 1  0 0  1 1
   265  -.1306843540014017E-04   4   0 0  0 2  0 0  1 1
   266  0.6354017872017924E-05   4   2 0  0 0  0 0  0 2
   267  0.6416918586207126E-05   4   1 1  0 0  0 0  0 2
   268  0.1128674197332968E-05   4   0 2  0 0  0 0  0 2
   269  -.1988860520110065E-08   4   1 0  1 0  0 0  0 2
   270  -.5435991363043301E-09   4   0 1  1 0  0 0  0 2
   271  0.2175178427808820E-04   4   0 0  2 0  0 0  0 2
   272  0.3588156986001939E-04   4   1 0  0 1  0 0  0 2
   273  0.4846003197419031E-05   4   0 1  0 1  0 0  0 2
   274  0.1662335680638015E-04   4   0 0  1 1  0 0  0 2
   275  0.2356860945303595E-05   4   0 0  0 2  0 0  0 2
   276  0.5616279506339040E-06   4   1 0  0 0  0 3  0 0
   277  0.1610879859713637E-04   4   0 1  0 0  0 3  0 0
   278  -.4402050883155045E-01   4   0 0  1 0  0 3  0 0
   279  -.1482373829009047       4   0 0  0 1  0 3  0 0
   280  0.5651111846213448E-06   4   1 0  0 0  0 2  1 0
   281  0.9771578240810252E-05   4   0 1  0 0  0 2  1 0
   282  -.2827616903023976E-01   4   0 0  1 0  0 2  1 0
   283  -.9920152156505585E-01   4   0 0  0 1  0 2  1 0
   284  0.5651026275459623E-06   4   1 0  0 0  0 1  2 0
   285  0.9784326978769583E-05   4   0 1  0 0  0 1  2 0
   286  -.2830783143093148E-01   4   0 0  1 0  0 1  2 0
   287  -.9930010409372796E-01   4   0 0  0 1  0 1  2 0
   288  0.5601144943874564E-06   4   1 0  0 0  0 0  3 0
   289  0.1606971470748267E-04   4   0 1  0 0  0 0  3 0
   290  -.4391264703289131E-01   4   0 0  1 0  0 0  3 0
   291  -.1478714862192061       4   0 0  0 1  0 0  3 0
   292  -.1685732177166341E-05   4   1 0  0 0  0 2  0 1
   293  -.1954303866341757E-04   4   0 1  0 0  0 2  0 1
   294  0.1084396525014844       4   0 0  1 0  0 2  0 1
   295  0.1983700500452356       4   0 0  0 1  0 2  0 1
   296  -.1690908984364624E-05   4   1 0  0 0  0 1  1 1
   297  -.1325054067222696E-04   4   0 1  0 0  0 1  1 1
   298  0.7701312490684992E-01   4   0 0  1 0  0 1  1 1
   299  0.1496859931934340       4   0 0  0 1  0 1  1 1
   300  -.1682325825423238E-05   4   1 0  0 0  0 0  2 1
   301  -.1950782258643443E-04   4   0 1  0 0  0 0  2 1
   302  0.1082418992107407       4   0 0  1 0  0 0  2 1
   303  0.1980023728031543       4   0 0  0 1  0 0  2 1
   304  0.1686793058199113E-05   4   1 0  0 0  0 1  0 2
   305  0.3175645692821764E-06   4   0 1  0 0  0 1  0 2
   306  -.7697080982385791E-01   4   0 0  1 0  0 1  0 2
   307  -.2602798527618271E-01   4   0 0  0 1  0 1  0 2
   308  0.1684523051597122E-05   4   1 0  0 0  0 0  1 2
   309  0.3171372058505912E-06   4   0 1  0 0  0 0  1 2
   310  -.7686722613550369E-01   4   0 0  1 0  0 0  1 2
   311  -.2599295804024610E-01   4   0 0  0 1  0 0  1 2
   312  -.5624141016721614E-06   4   1 0  0 0  0 0  0 3
   313  -.7062063295266571E-07   4   0 1  0 0  0 0  0 3
   314  0.4660476731364129E-02   4   0 0  1 0  0 0  0 3
   315  0.5729983447840726E-03   4   0 0  0 1  0 0  0 3
   316  -.1027557798972364E-05   4   0 0  0 0  0 4  0 0
   317  -.6301877758997197E-06   4   0 0  0 0  0 3  1 0
   318  -.5768366147211208E-06   4   0 0  0 0  0 2  2 0
   319  -.6313248045075894E-06   4   0 0  0 0  0 1  3 0
   320  -.1024369846495308E-05   4   0 0  0 0  0 0  4 0
   321  0.1228501558879115E-05   4   0 0  0 0  0 3  0 1
   322  0.8152229961688450E-06   4   0 0  0 0  0 2  1 1
   323  0.8160539150696493E-06   4   0 0  0 0  0 1  2 1
   324  0.1225473864986206E-05   4   0 0  0 0  0 0  3 1
   325  -.6086813763817060E-07   4   0 0  0 0  0 2  0 2
   326  -.7248522590074180E-07   4   0 0  0 0  0 1  1 2
   327  -.6073745056663595E-07   4   0 0  0 0  0 0  2 2
   328  -.4428243277304172E-09   4   0 0  0 0  0 1  0 3
   329  -.4422283956197429E-09   4   0 0  0 0  0 0  1 3
   ----------------------------------------------------
     I  COEFFICIENT            ORDER EXPONENTS
     1  0.5285301779038366E-08   0   0 0  0 0  0 0  0 0
     2  -.6657254614178467E-05   1   1 0  0 0  0 0  0 0
     3  0.4194193038263514E-05   1   0 1  0 0  0 0  0 0
     4  -.1033099537089801E-05   1   0 0  1 0  0 0  0 0
     5  -.1180043474086530E-05   1   0 0  0 1  0 0  0 0
     6   1.000000000000000       1   0 0  0 0  1 0  0 0
     7  0.1649722365551757       1   0 0  0 0  0 1  0 0
     8  -.1649722363005557       1   0 0  0 0  0 0  1 0
     9  -.2546209035334664E-09   1   0 0  0 0  0 0  0 1
    10  -.9588089454638184E-01   2   2 0  0 0  0 0  0 0
    11  0.1556398430537757       2   1 1  0 0  0 0  0 0
    12  -.1183205976228209       2   0 2  0 0  0 0  0 0
    13  0.4163750857754017E-05   2   1 0  1 0  0 0  0 0
    14  0.2987145331699002E-04   2   0 1  1 0  0 0  0 0
    15  -.1281196169882899       2   0 0  2 0  0 0  0 0
    16  0.2987162338746821E-04   2   1 0  0 1  0 0  0 0
    17  0.1493523227110641E-04   2   0 1  0 1  0 0  0 0
    18  -.3069181535606732       2   0 0  1 1  0 0  0 0
    19  -.2339569863276197       2   0 0  0 2  0 0  0 0
    20  0.9680949518378370E-05   2   1 0  0 0  0 1  0 0
    21  -.5337832232167668E-05   2   0 1  0 0  0 1  0 0
    22  0.1620105701932361E-05   2   0 0  1 0  0 1  0 0
    23  0.1944612425718962E-05   2   0 0  0 1  0 1  0 0
    24  0.3028570416299228E-05   2   1 0  0 0  0 0  1 0
    25  -.1147734133612452E-05   2   0 1  0 0  0 0  1 0
    26  0.5876047262590250E-06   2   0 0  1 0  0 0  1 0
    27  0.7651262587923894E-06   2   0 0  0 1  0 0  1 0
    28  -.1270951299014673E-04   2   1 0  0 0  0 0  0 1
    29  0.2291362045808525E-05   2   0 1  0 0  0 0  0 1
    30  -.2207710788415106E-05   2   0 0  1 0  0 0  0 1
    31  -.1529696458091232E-05   2   0 0  0 1  0 0  0 1
    32  -.1238124880161627       2   0 0  0 0  0 2  0 0
    33  0.8265273909992524E-01   2   0 0  0 0  0 1  1 0
    34  0.4115974853892490E-01   2   0 0  0 0  0 0  2 0
    35  0.3772214134792548E-09   2   0 0  0 0  0 1  0 1
    36  0.1227777156381973E-09   2   0 0  0 0  0 0  1 1
    37  -.1226892921014083E-09   2   0 0  0 0  0 0  0 2
    38  0.2374519918491969E-04   3   3 0  0 0  0 0  0 0
    39  -.1019901042320224E-03   3   2 1  0 0  0 0  0 0
    40  -.1994938469725844E-04   3   1 2  0 0  0 0  0 0
    41  0.9068509806094680E-05   3   0 3  0 0  0 0  0 0
    42  -.9191296774184157E-05   3   2 0  1 0  0 0  0 0
    43  -.1016996722873294E-04   3   1 1  1 0  0 0  0 0
    44  0.1734045433726129E-05   3   0 2  1 0  0 0  0 0
    45  0.2126494242266618E-04   3   1 0  2 0  0 0  0 0
    46  0.2347377390626427E-04   3   0 1  2 0  0 0  0 0
    47  -.3042859648053263E-05   3   0 0  3 0  0 0  0 0
    48  -.1200804569754851E-04   3   2 0  0 1  0 0  0 0
    49  0.8213093168853523E-06   3   1 1  0 1  0 0  0 0
    50  0.1138820991182857E-06   3   0 2  0 1  0 0  0 0
    51  0.1428720393792950E-03   3   1 0  1 1  0 0  0 0
    52  -.3461665286677389E-04   3   0 1  1 1  0 0  0 0
    53  -.1223273631543792E-04   3   0 0  2 1  0 0  0 0
    54  -.5378109277368470E-04   3   1 0  0 2  0 0  0 0
    55  -.2025433251524098E-04   3   0 1  0 2  0 0  0 0
    56  -.1732471872189669E-04   3   0 0  1 2  0 0  0 0
    57  -.5055994518725935E-05   3   0 0  0 3  0 0  0 0
    58  0.1367396148679006       3   2 0  0 0  0 1  0 0
    59  -.2027821006940240       3   1 1  0 0  0 1  0 0
    60  0.1585865247556440       3   0 2  0 0  0 1  0 0
    61  -.8339459293261536E-05   3   1 0  1 0  0 1  0 0
    62  -.4578168820511003E-04   3   0 1  1 0  0 1  0 0
    63  0.2012975413330490       3   0 0  2 0  0 1  0 0
    64  -.4577782404181634E-04   3   1 0  0 1  0 1  0 0
    65  -.3008256105308009E-04   3   0 1  0 1  0 1  0 0
    66  0.5061073976151926       3   0 0  1 1  0 1  0 0
    67  0.3914546664679538       3   0 0  0 2  0 1  0 0
    68  0.4093259121924626E-01   3   2 0  0 0  0 0  1 0
    69  -.4728801411788192E-01   3   1 1  0 0  0 0  1 0
    70  0.4037076917454937E-01   3   0 2  0 0  0 0  1 0
    71  -.4175019008408331E-05   3   1 0  1 0  0 0  1 0
    72  -.1592810357769222E-04   3   0 1  1 0  0 0  1 0
    73  0.7325161668579495E-01   3   0 0  2 0  0 0  1 0
    74  -.1592556508668596E-04   3   1 0  0 1  0 0  1 0
    75  -.1514464631626884E-04   3   0 1  0 1  0 0  1 0
    76  0.1993336712506712       3   0 0  1 1  0 0  1 0
    77  0.1576001620841557       3   0 0  0 2  0 0  1 0
    78  -.1776722029900387       3   2 0  0 0  0 0  0 1
    79  0.9443035374960522E-01   3   1 1  0 0  0 0  0 1
    80  0.3768384165897486E-01   3   0 2  0 0  0 0  0 1
    81  0.1251348853048779E-04   3   1 0  1 0  0 0  0 1
    82  0.3183543382472677E-04   3   0 1  1 0  0 0  0 1
    83  -.2745491310105916       3   0 0  2 0  0 0  0 1
    84  0.3183373675832579E-04   3   1 0  0 1  0 0  0 1
    85  0.1534737274654966E-04   3   0 1  0 1  0 0  0 1
    86  -.3985229386569926       3   0 0  1 1  0 0  0 1
    87  -.8114089628561061E-01   3   0 0  0 2  0 0  0 1
    88  -.1180286455495056E-04   3   1 0  0 0  0 2  0 0
    89  0.5747385053833187E-05   3   0 1  0 0  0 2  0 0
    90  -.2090219525040670E-05   3   0 0  1 0  0 2  0 0
    91  -.2610758131388219E-05   3   0 0  0 1  0 2  0 0
    92  -.4246277526962106E-05   3   1 0  0 0  0 1  1 0
    93  0.8211006305964392E-06   3   0 1  0 0  0 1  1 0
    94  -.9405437304102598E-06   3   0 0  1 0  0 1  1 0
    95  -.1332557064514043E-05   3   0 0  0 1  0 1  1 0
    96  -.2126783987517232E-05   3   1 0  0 0  0 0  2 0
    97  0.4135838083906051E-06   3   0 1  0 0  0 0  2 0
    98  -.4707270192650083E-06   3   0 0  1 0  0 0  2 0
    99  -.6666878299222604E-06   3   0 0  0 1  0 0  2 0
   100  0.1817107885644061E-04   3   1 0  0 0  0 1  0 1
   101  -.1640239648944755E-05   3   0 1  0 0  0 1  0 1
   102  0.3500876447740643E-05   3   0 0  1 0  0 1  0 1
   103  0.2664845386960853E-05   3   0 0  0 1  0 1  0 1
   104  0.5471296794375528E-05   3   1 0  0 0  0 0  1 1
   105  0.6471666897484211E-06   3   0 1  0 0  0 0  1 1
   106  0.1294392412782862E-05   3   0 0  1 0  0 0  1 1
   107  0.1135677121982219E-05   3   0 0  0 1  0 0  1 1
   108  -.5466434272053369E-05   3   1 0  0 0  0 0  0 2
   109  -.1794828022916375E-05   3   0 1  0 0  0 0  0 2
   110  -.1293779094319826E-05   3   0 0  1 0  0 0  0 2
   111  -.3705649204786096E-06   3   0 0  0 1  0 0  0 2
   112  0.1031909943301059       3   0 0  0 0  0 3  0 0
   113  -.6194804333750199E-01   3   0 0  0 0  0 2  1 0
   114  -.2070470209437861E-01   3   0 0  0 0  0 1  2 0
   115  -.2053826710903026E-01   3   0 0  0 0  0 0  3 0
   116  -.1745326028017498E-08   3   0 0  0 0  0 2  0 1
   117  -.1066607733207382E-08   3   0 0  0 0  0 1  1 1
   118  -.5334001304818160E-09   3   0 0  0 0  0 0  2 1
   119  0.1775867678629199E-09   3   0 0  0 0  0 1  0 2
   120  0.5252137046740711E-10   3   0 0  0 0  0 0  1 2
   121  0.6252115389809146E-11   3   0 0  0 0  0 0  0 3
   122  -.1961581284576969       4   4 0  0 0  0 0  0 0
   123  -.1274794753504904       4   3 1  0 0  0 0  0 0
   124  -.7728249429402953E-01   4   2 2  0 0  0 0  0 0
   125  0.1512870465236149       4   1 3  0 0  0 0  0 0
   126  -.4671104413131372E-01   4   0 4  0 0  0 0  0 0
   127  0.8189141146083850E-04   4   3 0  1 0  0 0  0 0
   128  0.2669230892004313E-04   4   2 1  1 0  0 0  0 0
   129  -.5857494749381983E-04   4   1 2  1 0  0 0  0 0
   130  0.2553667890893736E-04   4   0 3  1 0  0 0  0 0
   131  -1.026341487038964       4   2 0  2 0  0 0  0 0
   132  0.2496880757035391E-01   4   1 1  2 0  0 0  0 0
   133  0.1048583292899443       4   0 2  2 0  0 0  0 0
   134  -.5454882345127615E-04   4   1 0  3 0  0 0  0 0
   135  0.7229559839861122E-04   4   0 1  3 0  0 0  0 0
   136  -.3020313477878978       4   0 0  4 0  0 0  0 0
   137  0.4640007956719056E-04   4   3 0  0 1  0 0  0 0
   138  0.4384824366807306E-04   4   2 1  0 1  0 0  0 0
   139  0.1517946215868726E-04   4   1 2  0 1  0 0  0 0
   140  0.2125489784850758E-04   4   0 3  0 1  0 0  0 0
   141  -.8459258432761241       4   2 0  1 1  0 0  0 0
   142  0.5426186351124882       4   1 1  1 1  0 0  0 0
   143  -.2441440800605670       4   0 2  1 1  0 0  0 0
   144  0.1043879346279004E-03   4   1 0  2 1  0 0  0 0
   145  0.2616062176399242E-03   4   0 1  2 1  0 0  0 0
   146  -1.094475437906604       4   0 0  3 1  0 0  0 0
   147  -.6881690174367305       4   2 0  0 2  0 0  0 0
   148  0.2314219295861954       4   1 1  0 2  0 0  0 0
   149  -.2579695757462691       4   0 2  0 2  0 0  0 0
   150  0.1591667776309866E-03   4   1 0  1 2  0 0  0 0
   151  0.1750904688449419E-03   4   0 1  1 2  0 0  0 0
   152  -1.649219784582636       4   0 0  2 2  0 0  0 0
   153  0.7883208059380680E-04   4   1 0  0 3  0 0  0 0
   154  0.4968202936439915E-04   4   0 1  0 3  0 0  0 0
   155  -.9893355624673865       4   0 0  1 3  0 0  0 0
   156  -.3212963142536744       4   0 0  0 4  0 0  0 0
   157  -.8036035472722356E-04   4   3 0  0 0  0 1  0 0
   158  0.1040936673673101E-03   4   2 1  0 0  0 1  0 0
   159  0.2828029229207136E-03   4   1 2  0 0  0 1  0 0
   160  -.9138027786574964E-04   4   0 3  0 0  0 1  0 0
   161  0.4238755459835509E-06   4   2 0  1 0  0 1  0 0
   162  0.4260524132374527E-05   4   1 1  1 0  0 1  0 0
   163  -.8786488288114302E-05   4   0 2  1 0  0 1  0 0
   164  -.2477675142003959E-03   4   1 0  2 0  0 1  0 0
   165  0.1434691687811822E-03   4   0 1  2 0  0 1  0 0
   166  -.2893839514784312E-04   4   0 0  3 0  0 1  0 0
   167  -.6444862643246677E-05   4   2 0  0 1  0 1  0 0
   168  -.4302039179949406E-05   4   1 1  0 1  0 1  0 0
   169  -.1230486107636138E-04   4   0 2  0 1  0 1  0 0
   170  -.2905408719944498E-03   4   1 0  1 1  0 1  0 0
   171  -.8638323100687521E-04   4   0 1  1 1  0 1  0 0
   172  -.6210354738163131E-04   4   0 0  2 1  0 1  0 0
   173  0.1667963677575487E-03   4   1 0  0 2  0 1  0 0
   174  -.1417102518610304E-03   4   0 1  0 2  0 1  0 0
   175  -.3209552386417700E-04   4   0 0  1 2  0 1  0 0
   176  -.1289376198599809E-04   4   0 0  0 3  0 1  0 0
   177  -.1861820198310054E-04   4   3 0  0 0  0 0  1 0
   178  0.4779446626876409E-05   4   2 1  0 0  0 0  1 0
   179  0.1560039606619297E-03   4   1 2  0 0  0 0  1 0
   180  -.5106578584127509E-04   4   0 3  0 0  0 0  1 0
   181  0.3717114125593370E-06   4   2 0  1 0  0 0  1 0
   182  -.6123032347279017E-06   4   1 1  1 0  0 0  1 0
   183  -.4978148357603096E-05   4   0 2  1 0  0 0  1 0
   184  -.1264236610008974E-03   4   1 0  2 0  0 0  1 0
   185  0.7311844735637811E-04   4   0 1  2 0  0 0  1 0
   186  -.1558765977256481E-04   4   0 0  3 0  0 0  1 0
   187  -.4169234614973958E-05   4   2 0  0 1  0 0  1 0
   188  -.1736461258088357E-05   4   1 1  0 1  0 0  1 0
   189  -.7431903555731021E-05   4   0 2  0 1  0 0  1 0
   190  -.1038154920497813E-03   4   1 0  1 1  0 0  1 0
   191  -.6691462263160326E-04   4   0 1  1 1  0 0  1 0
   192  -.3393054330539452E-04   4   0 0  2 1  0 0  1 0
   193  0.9326993981892545E-04   4   1 0  0 2  0 0  1 0
   194  -.8601261571230063E-04   4   0 1  0 2  0 0  1 0
   195  -.1939504864632994E-04   4   0 0  1 2  0 0  1 0
   196  -.7700911470323141E-05   4   0 0  0 3  0 0  1 0
   197  0.6007311453728733E-04   4   3 0  0 0  0 0  0 1
   198  0.1729295444839102E-05   4   2 1  0 0  0 0  0 1
   199  -.7807056896851808E-04   4   1 2  0 0  0 0  0 1
   200  -.2370793915935321E-04   4   0 3  0 0  0 0  0 1
   201  -.6686406178673961E-05   4   2 0  1 0  0 0  0 1
   202  0.9248132792543729E-06   4   1 1  1 0  0 0  0 1
   203  0.4245975611232645E-05   4   0 2  1 0  0 0  0 1
   204  0.2692467262154465E-03   4   1 0  2 0  0 0  0 1
   205  -.4079015700518122E-04   4   0 1  2 0  0 0  0 1
   206  0.3129795865231888E-04   4   0 0  3 0  0 0  0 1
   207  -.3515299240088583E-05   4   2 0  0 1  0 0  0 1
   208  0.4424163010913021E-05   4   1 1  0 1  0 0  0 1
   209  0.1149776672489066E-05   4   0 2  0 1  0 0  0 1
   210  0.1870139563924262E-03   4   1 0  1 1  0 0  0 1
   211  0.4002420427018940E-04   4   0 1  1 1  0 0  0 1
   212  0.4044857813200251E-04   4   0 0  2 1  0 0  0 1
   213  -.9015541816406549E-04   4   1 0  0 2  0 0  0 1
   214  -.1069758373676224E-04   4   0 1  0 2  0 0  0 1
   215  0.1220101407411114E-04   4   0 0  1 2  0 0  0 1
   216  0.1230705914856864E-06   4   0 0  0 3  0 0  0 1
   217  -.1641053708594949       4   2 0  0 0  0 2  0 0
   218  0.2244799887366259       4   1 1  0 0  0 2  0 0
   219  -.1815298105651730       4   0 2  0 0  0 2  0 0
   220  0.1252507263370566E-04   4   1 0  1 0  0 2  0 0
   221  0.5845147458625236E-04   4   0 1  1 0  0 2  0 0
   222  -.2610628800521897       4   0 0  2 0  0 2  0 0
   223  0.5845132181436055E-04   4   1 0  0 1  0 2  0 0
   224  0.4542667340393156E-04   4   0 1  0 1  0 2  0 0
   225  -.6806210581096603       4   0 0  1 1  0 2  0 0
   226  -.5332263877317830       4   0 0  0 2  0 2  0 0
   227  -.5476802974733579E-01   4   2 0  0 0  0 1  1 0
   228  0.4346459388440479E-01   4   1 1  0 0  0 1  1 0
   229  -.4593344889130911E-01   4   0 2  0 0  0 1  1 0
   230  0.8370747608261039E-05   4   1 0  1 0  0 1  1 0
   231  0.2534983255917121E-04   4   0 1  1 0  0 1  1 0
   232  -.1195670181411347       4   0 0  2 0  0 1  1 0
   233  0.2535349118704436E-04   4   1 0  0 1  0 1  1 0
   234  0.3069174067873019E-04   4   0 1  0 1  0 1  1 0
   235  -.3490941337916519       4   0 0  1 1  0 1  1 0
   236  -.2835860330500660       4   0 0  0 2  0 1  1 0
   237  -.2743901100478973E-01   4   2 0  0 0  0 0  2 0
   238  0.2183927340016712E-01   4   1 1  0 0  0 0  2 0
   239  -.2304234461597601E-01   4   0 2  0 0  0 0  2 0
   240  0.4186060252252427E-05   4   1 0  1 0  0 0  2 0
   241  0.1268887913878052E-04   4   0 1  1 0  0 0  2 0
   242  -.5983824731615260E-01   4   0 0  2 0  0 0  2 0
   243  0.1269089083365917E-04   4   1 0  0 1  0 0  2 0
   244  0.1534569551308227E-04   4   0 1  0 1  0 0  2 0
   245  -.1746520654568420       4   0 0  1 1  0 0  2 0
   246  -.1418650976929027       4   0 0  0 2  0 0  2 0
   247  0.2462391608989598       4   2 0  0 0  0 1  0 1
   248  -.8686019634851878E-01   4   1 1  0 0  0 1  0 1
   249  -.6676662552803811E-01   4   0 2  0 0  0 1  0 1
   250  -.2508024785292752E-04   4   1 0  1 0  0 1  0 1
   251  -.5069458328478463E-04   4   0 1  1 0  0 1  0 1
   252  0.4403953209780389       4   0 0  2 0  0 1  0 1
   253  -.5069342276042134E-04   4   1 0  0 1  0 1  0 1
   254  -.3131394182633172E-04   4   0 1  0 1  0 1  0 1
   255  0.6981214686904723       4   0 0  1 1  0 1  0 1
   256  0.1756747570889887       4   0 0  0 2  0 1  0 1
   257  0.6871346483241524E-01   4   2 0  0 0  0 0  1 1
   258  0.7433060938463548E-02   4   1 1  0 0  0 0  1 1
   259  -.2909429051993179E-01   4   0 2  0 0  0 0  1 1
   260  -.1256666497055449E-04   4   1 0  1 0  0 0  1 1
   261  -.1887655467641714E-04   4   0 1  1 0  0 0  1 1
   262  0.1659919800400846       4   0 0  2 0  0 0  1 1
   263  -.1887708821564332E-04   4   1 0  0 1  0 0  1 1
   264  -.1596570799966746E-04   4   0 1  0 1  0 0  1 1
   265  0.2997309360951754       4   0 0  1 1  0 0  1 1
   266  0.9451569023263824E-01   4   0 0  0 2  0 0  1 1
   267  -.6864020778719283E-01   4   2 0  0 0  0 0  0 2
   268  -.5471680928427023E-01   4   1 1  0 0  0 0  0 2
   269  -.8595315346166640E-02   4   0 2  0 0  0 0  0 2
   270  0.1256543567783735E-04   4   1 0  1 0  0 0  0 2
   271  0.2950618659340648E-05   4   0 1  1 0  0 0  0 2
   272  -.1659191147076432       4   0 0  2 0  0 0  0 2
   273  0.2949923368961820E-05   4   1 0  0 1  0 0  0 2
   274  0.6184469280091945E-06   4   0 1  0 1  0 0  0 2
   275  -.1004032833784953       4   0 0  1 1  0 0  0 2
   276  -.1338388602056340E-01   4   0 0  0 2  0 0  0 2
   277  0.6669093205932527E-04   4   1 0  0 0  0 3  0 0
   278  -.8266511774637479E-04   4   0 1  0 0  0 3  0 0
   279  -.2223012132590366E-05   4   0 0  1 0  0 3  0 0
   280  -.4841895858347453E-05   4   0 0  0 1  0 3  0 0
   281  0.2456536863621479E-04   4   1 0  0 0  0 2  1 0
   282  -.2880938929073556E-04   4   0 1  0 0  0 2  1 0
   283  -.9496548583352136E-06   4   0 0  1 0  0 2  1 0
   284  -.1906366180567402E-05   4   0 0  0 1  0 2  1 0
   285  0.1411744501934187E-04   4   1 0  0 0  0 1  2 0
   286  -.1629149503833324E-04   4   0 1  0 0  0 1  2 0
   287  -.5678693950569253E-06   4   0 0  1 0  0 1  2 0
   288  -.1111872633723300E-05   4   0 0  0 1  0 1  2 0
   289  0.8212744294766529E-05   4   1 0  0 0  0 0  3 0
   290  -.9634783997114304E-05   4   0 1  0 0  0 0  3 0
   291  -.3172370194099730E-06   4   0 0  1 0  0 0  3 0
   292  -.6371051141965722E-06   4   0 0  0 1  0 0  3 0
   293  -.6133117251902749E-04   4   1 0  0 0  0 2  0 1
   294  -.1553276118998282E-04   4   0 1  0 0  0 2  0 1
   295  0.1250360678920385E-06   4   0 0  1 0  0 2  0 1
   296  -.1953295792547735E-05   4   0 0  0 1  0 2  0 1
   297  -.1902137179445557E-04   4   1 0  0 0  0 1  1 1
   298  -.1129392886261057E-04   4   0 1  0 0  0 1  1 1
   299  -.6651752481643659E-07   4   0 0  1 0  0 1  1 1
   300  -.1208571529196028E-05   4   0 0  0 1  0 1  1 1
   301  -.9532700130339998E-05   4   1 0  0 0  0 0  2 1
   302  -.5646002845627265E-05   4   0 1  0 0  0 0  2 1
   303  -.3310756118406233E-07   4   0 0  1 0  0 0  2 1
   304  -.6043784707562145E-06   4   0 0  0 1  0 0  2 1
   305  0.2503124903889176E-05   4   1 0  0 0  0 1  0 2
   306  0.2711067111570930E-05   4   0 1  0 0  0 1  0 2
   307  0.1639640863788206E-05   4   0 0  1 0  0 1  0 2
   308  0.7095712295615195E-06   4   0 0  0 1  0 1  0 2
   309  -.6228902714294118E-06   4   1 0  0 0  0 0  1 2
   310  0.1237230019214683E-05   4   0 1  0 0  0 0  1 2
   311  0.6449794689370008E-06   4   0 0  1 0  0 0  1 2
   312  0.3862808342202287E-06   4   0 0  0 1  0 0  1 2
   313  0.6159886750480255E-06   4   1 0  0 0  0 0  0 3
   314  0.1374828184264070E-06   4   0 1  0 0  0 0  0 3
   315  -.1386992556393937E-06   4   0 0  1 0  0 0  0 3
   316  -.3129224984342808E-07   4   0 0  0 1  0 0  0 3
   317  -.9029734969528259E-01   4   0 0  0 0  0 4  0 0
   318  0.5161636521238585E-01   4   0 0  0 0  0 3  1 0
   319  0.1549748877488549E-01   4   0 0  0 0  0 2  2 0
   320  0.1037303419841351E-01   4   0 0  0 0  0 1  3 0
   321  0.1281043713239175E-01   4   0 0  0 0  0 0  4 0
   322  0.3426485805698600E-09   4   0 0  0 0  0 3  0 1
   323  -.1269051222092744E-08   4   0 0  0 0  0 2  1 1
   324  -.9132889849605019E-09   4   0 0  0 0  0 1  2 1
   325  -.5107629402550761E-09   4   0 0  0 0  0 0  3 1
   326  -.1960627446044572E-09   4   0 0  0 0  0 2  0 2
   327  -.5085500866452923E-10   4   0 0  0 0  0 1  1 2
   328  -.1787796758309437E-10   4   0 0  0 0  0 0  2 2
   329  -.1147144892653375E-10   4   0 0  0 0  0 1  0 3
   330  -.5220712082970919E-11   4   0 0  0 0  0 0  1 3
   331  -.4474649638266021E-14   4   0 0  0 0  0 0  0 4
   ----------------------------------------------------
     I  COEFFICIENT            ORDER EXPONENTS
     1   1.000000000000000       1   0 0  0 0  0 1  0 0
     --------------------------------------------------
     I  COEFFICIENT            ORDER EXPONENTS
     1   1.000000000000000       1   0 0  0 0  0 0  1 0
     --------------------------------------------------
     I  COEFFICIENT            ORDER EXPONENTS
     1   1.000000000000000       1   0 0  0 0  0 0  0 1
     --------------------------------------------------
