 L    0.1049906000000000E+01
 P (  0.0000000000000000E+00,  0.0000000000000000E+00,  0.0000000000000000E+00)
 A (  0.0000000000000000E+00,  0.0000000000000000E+00,  0.0000000000000000E+00)
     I  COEFFICIENT            ORDER EXPONENTS
     1  0.9175123402487865E-04   0   0 0  0 0  0 0  0 0
     2   1.180226664807194       1   1 0  0 0  0 0  0 0
     3   1.205679181903446       1   0 1  0 0  0 0  0 0
     4  0.5533071846155641E-05   1   0 0  1 0  0 0  0 0
     5  0.4689045602173354E-05   1   0 0  0 1  0 0  0 0
     6  0.4346023503776288E-06   1   0 0  0 0  0 1  0 0
     7  0.4340174830165405E-06   1   0 0  0 0  0 0  1 0
     8  -.8686198327994345E-06   1   0 0  0 0  0 0  0 1
     9  -.4119193443628536E-01   2   2 0  0 0  0 0  0 0
    10  -.7207781974464345E-01   2   1 1  0 0  0 0  0 0
    11  -.3166654382623838E-01   2   0 2  0 0  0 0  0 0
    12  0.2088530485224750E-03   2   1 0  1 0  0 0  0 0
    13  0.4291772874495642E-04   2   0 1  1 0  0 0  0 0
    14  0.3638805007467932E-01   2   0 0  2 0  0 0  0 0
    15  0.1821569889710107E-03   2   1 0  0 1  0 0  0 0
    16  0.4739283674176826E-04   2   0 1  0 1  0 0  0 0
    17  0.6369641162199187E-01   2   0 0  1 1  0 0  0 0
    18  0.2802322777923963E-01   2   0 0  0 2  0 0  0 0
    19  -.9257617390104465E-01   2   1 0  0 0  0 1  0 0
    20  -.6831290721096583       2   0 1  0 0  0 1  0 0
    21  -.2908723673634422E-05   2   0 0  1 0  0 1  0 0
    22  -.4822140069237084E-05   2   0 0  0 1  0 1  0 0
    23  -.9245158924917250E-01   2   1 0  0 0  0 0  1 0
    24  -.6822097491991710       2   0 1  0 0  0 0  1 0
    25  -.2904809250397855E-05   2   0 0  1 0  0 0  1 0
    26  -.4815650660391527E-05   2   0 0  0 1  0 0  1 0
    27  0.1850277631584755       2   1 0  0 0  0 0  0 1
    28  0.1596596394137502       2   0 1  0 0  0 0  0 1
    29  0.5813528779753881E-05   2   0 0  1 0  0 0  0 1
    30  0.4948741334284606E-05   2   0 0  0 1  0 0  0 1
    31  -.3556808990233586E-06   2   0 0  0 0  0 2  0 0
    32  -.2769575694147603E-06   2   0 0  0 0  0 1  1 0
    33  -.3550158823281499E-06   2   0 0  0 0  0 0  2 0
    34  0.5536637011907315E-06   2   0 0  0 0  0 1  0 1
    35  0.5529186066748855E-06   2   0 0  0 0  0 0  1 1
    36  -.1189783082481767E-06   2   0 0  0 0  0 0  0 2
    37  0.3891981422927910       3   3 0  0 0  0 0  0 0
    38   2.131795556393548       3   2 1  0 0  0 0  0 0
    39   3.106020164302040       3   1 2  0 0  0 0  0 0
    40   1.954063260984765       3   0 3  0 0  0 0  0 0
    41  -.3492566821493424E-02   3   2 0  1 0  0 0  0 0
    42  -.6075711142641048E-02   3   1 1  1 0  0 0  0 0
    43  -.2645182628764507E-02   3   0 2  1 0  0 0  0 0
    44  -.2632944500989317       3   1 0  2 0  0 0  0 0
    45  0.4831352333021267       3   0 1  2 0  0 0  0 0
    46  0.1015240916838428E-02   3   0 0  3 0  0 0  0 0
    47  -.3045208998315772E-02   3   2 0  0 1  0 0  0 0
    48  -.5322357426043946E-02   3   1 1  0 1  0 0  0 0
    49  -.2325585488856483E-02   3   0 2  0 1  0 0  0 0
    50  -.6281697249589682       3   1 0  1 1  0 0  0 0
    51  0.5769192821107658       3   0 1  1 1  0 0  0 0
    52  0.2676712021588735E-02   3   0 0  2 1  0 0  0 0
    53  -.1563959274347205       3   1 0  0 2  0 0  0 0
    54  0.9120777813509570       3   0 1  0 2  0 0  0 0
    55  0.2369995738375676E-02   3   0 0  1 2  0 0  0 0
    56  0.7070481430800847E-03   3   0 0  0 3  0 0  0 0
    57  0.2237143634694518E-01   3   2 0  0 0  0 1  0 0
    58  0.7515335779538246E-01   3   1 1  0 0  0 1  0 0
    59  0.4883108374086031E-01   3   0 2  0 0  0 1  0 0
    60  -.1236479451149617E-03   3   1 0  1 0  0 1  0 0
    61  -.5837069735749389E-04   3   0 1  1 0  0 1  0 0
    62  -.1754858285663881E-01   3   0 0  2 0  0 1  0 0
    63  -.2058149316300277E-03   3   1 0  0 1  0 1  0 0
    64  -.9125508082725626E-04   3   0 1  0 1  0 1  0 0
    65  -.6253593560017244E-01   3   0 0  1 1  0 1  0 0
    66  -.4151734699236190E-01   3   0 0  0 2  0 1  0 0
    67  0.2234132992223868E-01   3   2 0  0 0  0 0  1 0
    68  0.7505221994831636E-01   3   1 1  0 0  0 0  1 0
    69  0.4876536916969110E-01   3   0 2  0 0  0 0  1 0
    70  -.1234815455377515E-03   3   1 0  1 0  0 0  1 0
    71  -.5829214482390610E-04   3   0 1  1 0  0 0  1 0
    72  -.1752496680086639E-01   3   0 0  2 0  0 0  1 0
    73  -.2055379555947614E-03   3   1 0  0 1  0 0  1 0
    74  -.9113227404018164E-04   3   0 1  0 1  0 0  1 0
    75  -.6245177768525823E-01   3   0 0  1 1  0 0  1 0
    76  -.4146147490342433E-01   3   0 0  0 2  0 0  1 0
    77  -.4471278238160071E-01   3   2 0  0 0  0 0  0 1
    78  -.7812777682848063E-01   3   1 1  0 0  0 0  0 1
    79  -.3426336924521190E-01   3   0 2  0 0  0 0  0 1
    80  0.2469120920659230E-03   3   1 0  1 0  0 0  0 1
    81  0.7352063227739964E-04   3   0 1  1 0  0 0  0 1
    82  0.3507355717157132E-01   3   0 0  2 0  0 0  0 1
    83  0.2289793053474721E-03   3   1 0  0 1  0 0  0 1
    84  0.8737838902857716E-04   3   0 1  0 1  0 0  0 1
    85  0.6129130296819786E-01   3   0 0  1 1  0 0  0 1
    86  0.2693236208145639E-01   3   0 0  0 2  0 0  0 1
    87  0.7062694002743351E-01   3   1 0  0 0  0 2  0 0
    88  0.5531799347384921       3   0 1  0 0  0 2  0 0
    89  0.2273518528123863E-05   3   0 0  1 0  0 2  0 0
    90  0.4957130147221442E-05   3   0 0  0 1  0 2  0 0
    91  0.4873668276710949E-01   3   1 0  0 0  0 1  1 0
    92  0.4235794745935396       3   0 1  0 0  0 1  1 0
    93  0.1602719933848391E-05   3   0 0  1 0  0 1  1 0
    94  0.5044161675760450E-05   3   0 0  0 1  0 1  1 0
    95  0.7049909985468292E-01   3   1 0  0 0  0 0  2 0
    96  0.5521504746056390       3   0 1  0 0  0 0  2 0
    97  0.2269380501618143E-05   3   0 0  1 0  0 0  2 0
    98  0.4947064977671679E-05   3   0 0  0 1  0 0  2 0
    99  -.9741462685794007E-01   3   1 0  0 0  0 1  0 1
   100  -.1636818020305718       3   0 1  0 0  0 1  0 1
   101  -.3169981731037295E-05   3   0 0  1 0  0 1  0 1
   102  -.5183927125424364E-05   3   0 0  0 1  0 1  0 1
   103  -.9728353084410668E-01   3   1 0  0 0  0 0  1 1
   104  -.1634615267754550       3   0 1  0 0  0 0  1 1
   105  -.3165715719019724E-05   3   0 0  1 0  0 0  1 1
   106  -.5176950840608991E-05   3   0 0  0 1  0 0  1 1
   107  0.4835271989157789E-02   3   1 0  0 0  0 0  0 2
   108  0.3912106848567535E-02   3   0 1  0 0  0 0  0 2
   109  0.2246252773485948E-06   3   0 0  1 0  0 0  0 2
   110  0.2024737708797764E-06   3   0 0  0 1  0 0  0 2
   111  0.3164708745298935E-06   3   0 0  0 0  0 3  0 0
   112  0.2379552595614531E-06   3   0 0  0 0  0 2  1 0
   113  0.2381128938407693E-06   3   0 0  0 0  0 1  2 0
   114  0.3156721385957144E-06   3   0 0  0 0  0 0  3 0
   115  -.4759783549085792E-06   3   0 0  0 0  0 2  0 1
   116  -.3983880168539244E-06   3   0 0  0 0  0 1  1 1
   117  -.4750697398120627E-06   3   0 0  0 0  0 0  2 1
   118  0.1214131001272662E-06   3   0 0  0 0  0 1  0 2
   119  0.1212497080991106E-06   3   0 0  0 0  0 0  1 2
   120  -.1575343157284682E-08   3   0 0  0 0  0 0  0 3
   121  -4.111748948666117       4   4 0  0 0  0 0  0 0
   122  -14.82203010236757       4   3 1  0 0  0 0  0 0
   123  -20.17198917377388       4   2 2  0 0  0 0  0 0
   124  -12.31655737597698       4   1 3  0 0  0 0  0 0
   125  -2.852871505084857       4   0 4  0 0  0 0  0 0
   126  -.2581106871496168E-02   4   3 0  1 0  0 0  0 0
   127  -.6776084696409568E-02   4   2 1  1 0  0 0  0 0
   128  -.6118475285777911E-02   4   1 2  1 0  0 0  0 0
   129  -.1871608748897393E-02   4   0 3  1 0  0 0  0 0
   130   20.92393473531688       4   2 0  2 0  0 0  0 0
   131   36.45346395007014       4   1 1  2 0  0 0  0 0
   132   16.00301541295197       4   0 2  2 0  0 0  0 0
   133  0.1780183816543937E-02   4   1 0  3 0  0 0  0 0
   134  0.1712930019866186E-02   4   0 1  3 0  0 0  0 0
   135  -3.046140501686170       4   0 0  4 0  0 0  0 0
   136  -.2455333167855690E-02   4   3 0  0 1  0 0  0 0
   137  -.6482611090966554E-02   4   2 1  0 1  0 0  0 0
   138  -.5674931438383274E-02   4   1 2  0 1  0 0  0 0
   139  -.1630196586356522E-02   4   0 3  0 1  0 0  0 0
   140   37.07366700456270       4   2 0  1 1  0 0  0 0
   141   64.95071350398150       4   1 1  1 1  0 0  0 0
   142   28.69944820332062       4   0 2  1 1  0 0  0 0
   143  0.4232902758175038E-02   4   1 0  2 1  0 0  0 0
   144  0.3803140765913949E-02   4   0 1  2 1  0 0  0 0
   145  -10.53975692217168       4   0 0  3 1  0 0  0 0
   146   16.45701246846593       4   2 0  0 2  0 0  0 0
   147   28.95545079719205       4   1 1  0 2  0 0  0 0
   148   12.86068499034094       4   0 2  0 2  0 0  0 0
   149  0.3369582895517358E-02   4   1 0  1 2  0 0  0 0
   150  0.2774783095972738E-02   4   0 1  1 2  0 0  0 0
   151  -13.72252675644713       4   0 0  2 2  0 0  0 0
   152  0.1056464730897115E-02   4   1 0  0 3  0 0  0 0
   153  0.7938298665148706E-03   4   0 1  0 3  0 0  0 0
   154  -7.934192346304071       4   0 0  1 3  0 0  0 0
   155  -1.711110325727553       4   0 0  0 4  0 0  0 0
   156  -.4808902755131309       4   3 0  0 0  0 1  0 0
   157  -3.109066198208138       4   2 1  0 0  0 1  0 0
   158  -5.724257300694782       4   1 2  0 0  0 1  0 0
   159  -4.022750353497322       4   0 3  0 0  0 1  0 0
   160  -.2904398003766709E-03   4   2 0  1 0  0 1  0 0
   161  0.2190839718210148E-02   4   1 1  1 0  0 1  0 0
   162  0.2093555190611926E-02   4   0 2  1 0  0 1  0 0
   163  0.2410758641955004       4   1 0  2 0  0 1  0 0
   164  -.3967625081188852       4   0 1  2 0  0 1  0 0
   165  0.4722812099212553E-04   4   0 0  3 0  0 1  0 0
   166  0.1067203680783662E-02   4   2 0  0 1  0 1  0 0
   167  0.4189926166016007E-02   4   1 1  0 1  0 1  0 0
   168  0.2813358549751391E-02   4   0 2  0 1  0 1  0 0
   169  0.9112461445221018       4   1 0  1 1  0 1  0 0
   170  -.6262743002195639       4   0 1  1 1  0 1  0 0
   171  -.1114693309213460E-02   4   0 0  2 1  0 1  0 0
   172  0.3902135968773907       4   1 0  0 2  0 1  0 0
   173  -1.427301681798766       4   0 1  0 2  0 1  0 0
   174  -.2088073918033482E-02   4   0 0  1 2  0 1  0 0
   175  -.9558012579120636E-03   4   0 0  0 3  0 1  0 0
   176  -.4802431160439187       4   3 0  0 0  0 0  1 0
   177  -3.104882163443810       4   2 1  0 0  0 0  1 0
   178  -5.716553864994426       4   1 2  0 0  0 0  1 0
   179  -4.017336725657253       4   0 3  0 0  0 0  1 0
   180  -.2900489401812778E-03   4   2 0  1 0  0 0  1 0
   181  0.2187891389368079E-02   4   1 1  1 0  0 0  1 0
   182  0.2090737782702238E-02   4   0 2  1 0  0 0  1 0
   183  0.2407514356589786       4   1 0  2 0  0 0  1 0
   184  -.3962285638342274       4   0 1  2 0  0 0  1 0
   185  0.4716456361267859E-04   4   0 0  3 0  0 0  1 0
   186  0.1065767488365630E-02   4   2 0  0 1  0 0  1 0
   187  0.4184287560846160E-02   4   1 1  0 1  0 0  1 0
   188  0.2809572464404132E-02   4   0 2  0 1  0 0  1 0
   189  0.9100198324063460       4   1 0  1 1  0 0  1 0
   190  -.6254314897816112       4   0 1  1 1  0 0  1 0
   191  -.1113193207491597E-02   4   0 0  2 1  0 0  1 0
   192  0.3896884658088418       4   1 0  0 2  0 0  1 0
   193  -1.425380886461801       4   0 1  0 2  0 0  1 0
   194  -.2085263886562108E-02   4   0 0  1 2  0 0  1 0
   195  -.9545149856245184E-03   4   0 0  0 3  0 0  1 0
   196  0.9605174774745012       4   3 0  0 0  0 0  0 1
   197   4.080241254408197       4   2 1  0 0  0 0  0 1
   198   5.226787516522922       4   1 2  0 0  0 0  0 1
   199   2.177209023004426       4   0 3  0 0  0 0  0 1
   200  0.1407449375683157E-03   4   2 0  1 0  0 0  0 1
   201  0.3393159106709729E-03   4   1 1  1 0  0 0  0 1
   202  0.2083258877245483E-03   4   0 2  1 0  0 0  0 1
   203  -.4807249389423808       4   1 0  2 0  0 0  0 1
   204  0.3109980619542373       4   0 1  2 0  0 0  0 1
   205  0.2577488572163096E-05   4   0 0  3 0  0 0  0 1
   206  0.2010587384760656E-03   4   2 0  0 1  0 0  0 1
   207  0.4396830192834501E-03   4   1 1  0 1  0 0  0 1
   208  0.2505413134673729E-03   4   0 2  0 1  0 0  0 1
   209  -1.190888846750568       4   1 0  1 1  0 0  0 1
   210  0.1001480589558949       4   0 1  1 1  0 0  0 1
   211  0.2079800211826945E-04   4   0 0  2 1  0 0  0 1
   212  -.4660095549846351       4   1 0  0 2  0 0  0 1
   213  0.1175844132895426       4   0 1  0 2  0 0  0 1
   214  0.4097363432755806E-04   4   0 0  1 2  0 0  0 1
   215  0.2484907009759450E-04   4   0 0  0 3  0 0  0 1
   216  -.1827859551931226E-01   4   2 0  0 0  0 2  0 0
   217  -.7902583638101410E-01   4   1 1  0 0  0 2  0 0
   218  -.6359398736123673E-01   4   0 2  0 0  0 2  0 0
   219  0.1887134210306324E-04   4   1 0  1 0  0 2  0 0
   220  0.9507990429966118E-04   4   0 1  1 0  0 2  0 0
   221  0.1258620855125388E-01   4   0 0  2 0  0 2  0 0
   222  0.2092506751420490E-03   4   1 0  0 1  0 2  0 0
   223  0.2616081687032368E-03   4   0 1  0 1  0 2  0 0
   224  0.6126825978968477E-01   4   0 0  1 1  0 2  0 0
   225  0.5112190912158841E-01   4   0 0  0 2  0 2  0 0
   226  -.1368806473807815E-01   4   2 0  0 0  0 1  1 0
   227  -.8162968279177728E-01   4   1 1  0 0  0 1  1 0
   228  -.7736347562127956E-01   4   0 2  0 0  0 1  1 0
   229  -.1177390464905870E-04   4   1 0  1 0  0 1  1 0
   230  0.9555805215571529E-04   4   0 1  1 0  0 1  1 0
   231  0.7900376682505150E-02   4   0 0  2 0  0 1  1 0
   232  0.2298454703450112E-03   4   1 0  0 1  0 1  1 0
   233  0.3179338739707109E-03   4   0 1  0 1  0 1  1 0
   234  0.6041143221364677E-01   4   0 0  1 1  0 1  1 0
   235  0.6093488022616389E-01   4   0 0  0 2  0 1  1 0
   236  -.1824478667068864E-01   4   2 0  0 0  0 0  2 0
   237  -.7886456044475743E-01   4   1 1  0 0  0 0  2 0
   238  -.6345634951038832E-01   4   0 2  0 0  0 0  2 0
   239  0.1885386832331523E-04   4   1 0  1 0  0 0  2 0
   240  0.9488765148389067E-04   4   0 1  1 0  0 0  2 0
   241  0.1256395464764939E-01   4   0 0  2 0  0 0  2 0
   242  0.2088144178442163E-03   4   1 0  0 1  0 0  2 0
   243  0.2610421785469345E-03   4   0 1  0 1  0 0  2 0
   244  0.6114515842394244E-01   4   0 0  1 1  0 0  2 0
   245  0.5101211002056123E-01   4   0 0  0 2  0 0  2 0
   246  0.2681332692276122E-01   4   2 0  0 0  0 1  0 1
   247  0.8625822632490467E-01   4   1 1  0 0  0 1  0 1
   248  0.5513007287178345E-01   4   0 2  0 0  0 1  0 1
   249  -.1498589584635094E-04   4   1 0  1 0  0 1  0 1
   250  -.7554567403475043E-04   4   0 1  1 0  0 1  0 1
   251  -.1604529918719359E-01   4   0 0  2 0  0 1  0 1
   252  -.1774571790091203E-03   4   1 0  0 1  0 1  0 1
   253  -.1635124361244608E-03   4   0 1  0 1  0 1  0 1
   254  -.5866015152806881E-01   4   0 0  1 1  0 1  0 1
   255  -.3923574309226531E-01   4   0 0  0 2  0 1  0 1
   256  0.2677724281105675E-01   4   2 0  0 0  0 0  1 1
   257  0.8614214406912578E-01   4   1 1  0 0  0 0  1 1
   258  0.5505588141790276E-01   4   0 2  0 0  0 0  1 1
   259  -.1496572853398161E-04   4   1 0  1 0  0 0  1 1
   260  -.7544400822697869E-04   4   0 1  1 0  0 0  1 1
   261  -.1602370617973622E-01   4   0 0  2 0  0 0  1 1
   262  -.1772183655008768E-03   4   1 0  0 1  0 0  1 1
   263  -.1632923887939987E-03   4   0 1  0 1  0 0  1 1
   264  -.5858120946069947E-01   4   0 0  1 1  0 0  1 1
   265  -.3918294147832822E-01   4   0 0  0 2  0 0  1 1
   266  -.3822403835911894E-02   4   2 0  0 0  0 0  0 2
   267  -.6582905117168311E-02   4   1 1  0 0  0 0  0 2
   268  -.2831823933325858E-02   4   0 2  0 0  0 0  0 2
   269  -.2135387775458505E-04   4   1 0  1 0  0 0  0 2
   270  -.2026485401157161E-04   4   0 1  1 0  0 0  0 2
   271  -.1238177347531531E-02   4   0 0  2 0  0 0  0 2
   272  -.1633058143907661E-04   4   1 0  0 1  0 0  0 2
   273  -.1572015013593938E-04   4   0 1  0 1  0 0  0 2
   274  -.2269592255689481E-02   4   0 0  1 1  0 0  0 2
   275  -.1030646697986652E-02   4   0 0  0 2  0 0  0 2
   276  -.5966570415766277E-01   4   1 0  0 0  0 3  0 0
   277  -.4887440271897929       4   0 1  0 0  0 3  0 0
   278  -.4091431571063426E-05   4   0 0  1 0  0 3  0 0
   279  -.7308003373673985E-05   4   0 0  0 1  0 3  0 0
   280  -.3775503950040780E-01   4   1 0  0 0  0 2  1 0
   281  -.3599547973822304       4   0 1  0 0  0 2  1 0
   282  -.2692926013577974E-05   4   0 0  1 0  0 2  1 0
   283  -.6890618725799049E-05   4   0 0  0 1  0 2  1 0
   284  -.3779910692379963E-01   4   1 0  0 0  0 1  2 0
   285  -.3602134473856179       4   0 1  0 0  0 1  2 0
   286  -.2695737963286227E-05   4   0 0  1 0  0 1  2 0
   287  -.6891441417933787E-05   4   0 0  0 1  0 1  2 0
   288  -.5951989100304397E-01   4   1 0  0 0  0 0  3 0
   289  -.4875155556153504       4   0 1  0 0  0 0  3 0
   290  -.4081362924514229E-05   4   0 0  1 0  0 0  3 0
   291  -.7288620937452055E-05   4   0 0  0 1  0 0  3 0
   292  0.7549265049154850E-01   4   1 0  0 0  0 2  0 1
   293  0.1666406956940880       4   0 1  0 0  0 2  0 1
   294  0.4759402409743469E-05   4   0 0  1 0  0 2  0 1
   295  0.7660267670879369E-05   4   0 0  0 1  0 2  0 1
   296  0.5362833493361971E-01   4   1 0  0 0  0 1  1 1
   297  0.1695901615871669       4   0 1  0 0  0 1  1 1
   298  0.3359423199897945E-05   4   0 0  1 0  0 1  1 1
   299  0.7255005011984274E-05   4   0 0  0 1  0 1  1 1
   300  0.7535497079749361E-01   4   1 0  0 0  0 0  2 1
   301  0.1663023252758487       4   0 1  0 0  0 0  2 1
   302  0.4750736953633671E-05   4   0 0  1 0  0 0  2 1
   303  0.7645077121749525E-05   4   0 0  0 1  0 0  2 1
   304  -.4889616277119865E-02   4   1 0  0 0  0 1  0 2
   305  -.5910447823522396E-02   4   0 1  0 0  0 1  0 2
   306  0.8069920505477924E-08   4   0 0  1 0  0 1  0 2
   307  -.8179493368141567E-07   4   0 0  0 1  0 1  0 2
   308  -.4883036061973649E-02   4   1 0  0 0  0 0  1 2
   309  -.5902493821391182E-02   4   0 1  0 0  0 0  1 2
   310  0.8059060386786851E-08   4   0 0  1 0  0 0  1 2
   311  -.8168485791452660E-07   4   0 0  0 1  0 0  1 2
   312  0.3401169931499985E-04   4   1 0  0 0  0 0  0 3
   313  0.2552258468358539E-04   4   0 1  0 0  0 0  0 3
   314  0.2322040542707060E-08   4   0 0  1 0  0 0  0 3
   315  0.1750089260487043E-08   4   0 0  0 1  0 0  0 3
   316  -.2843896139863814E-04   4   0 0  0 0  0 4  0 0
   317  -.1811195566893568E-04   4   0 0  0 0  0 3  1 0
   318  -.1674100472267286E-04   4   0 0  0 0  0 2  2 0
   319  -.1814147641569789E-04   4   0 0  0 0  0 1  3 0
   320  -.2835028043543917E-04   4   0 0  0 0  0 0  4 0
   321  0.2983309466826306E-05   4   0 0  0 0  0 3  0 1
   322  0.3538319843953152E-05   4   0 0  0 0  0 2  1 1
   323  0.3537191379352499E-05   4   0 0  0 0  0 1  2 1
   324  0.2974909626532008E-05   4   0 0  0 0  0 0  3 1
   325  -.1390134942591826E-07   4   0 0  0 0  0 2  0 2
   326  -.1957955054524708E-07   4   0 0  0 0  0 1  1 2
   327  -.1386946710136573E-07   4   0 0  0 0  0 0  2 2
   328  -.3116745880085793E-09   4   0 0  0 0  0 1  0 3
   329  -.3112551510367516E-09   4   0 0  0 0  0 0  1 3
   ----------------------------------------------------
     I  COEFFICIENT            ORDER EXPONENTS
     1  0.2462709080107671E-04   0   0 0  0 0  0 0  0 0
     2   1.501982282381820       1   1 0  0 0  0 0  0 0
     3   2.381668583894910       1   0 1  0 0  0 0  0 0
     4  0.4290150004541765E-04   1   0 0  1 0  0 0  0 0
     5  0.3935440232755001E-04   1   0 0  0 1  0 0  0 0
     6  0.5199992235085886E-06   1   0 0  0 0  0 1  0 0
     7  0.5192994330600269E-06   1   0 0  0 0  0 0  1 0
     8  0.2358779214981760E-04   1   0 0  0 0  0 0  0 1
     9  -.3637825197325710       2   2 0  0 0  0 0  0 0
    10  -.6687347279688998       2   1 1  0 0  0 0  0 0
    11  -.3091521559046500       2   0 2  0 0  0 0  0 0
    12  0.1089683427057559E-02   2   1 0  1 0  0 0  0 0
    13  0.7460368205870058E-03   2   0 1  1 0  0 0  0 0
    14  0.2834667858415323       2   0 0  2 0  0 0  0 0
    15  0.9024602251320161E-03   2   1 0  0 1  0 0  0 0
    16  0.6143635913536961E-03   2   0 1  0 1  0 0  0 0
    17  0.5215714291201008       2   0 0  1 1  0 0  0 0
    18  0.2420140028453812       2   0 0  0 2  0 0  0 0
    19  -.5031590774388143E-01   2   1 0  0 0  0 1  0 0
    20  -.7339495591754642       2   0 1  0 0  0 1  0 0
    21  -.1587095647104410E-05   2   0 0  1 0  0 1  0 0
    22  -.2124160272172398E-04   2   0 0  0 1  0 1  0 0
    23  -.5024819496654609E-01   2   1 0  0 0  0 0  1 0
    24  -.7329618444485706       2   0 1  0 0  0 0  1 0
    25  -.1584959808579759E-05   2   0 0  1 0  0 0  1 0
    26  -.2121301677386315E-04   2   0 0  0 1  0 0  1 0
    27   1.602546385181212       2   1 0  0 0  0 0  0 1
    28   1.466911403716811       2   0 1  0 0  0 0  0 1
    29  0.4607345970940516E-04   2   0 0  1 0  0 0  0 1
    30  0.4245452666390994E-04   2   0 0  0 1  0 0  0 1
    31  -.4027035910852289E-06   2   0 0  0 0  0 2  0 0
    32  -.2857203279825093E-06   2   0 0  0 0  0 1  1 0
    33  -.4019693970944238E-06   2   0 0  0 0  0 0  2 0
    34  0.1091124028729234E-05   2   0 0  0 0  0 1  0 1
    35  0.1089655645434109E-05   2   0 0  0 0  0 0  1 1
    36  -.1090388781193592E-05   2   0 0  0 0  0 0  0 2
    37  -2.974211503618955       3   3 0  0 0  0 0  0 0
    38  -8.760511756648238       3   2 1  0 0  0 0  0 0
    39  -9.300619219059188       3   1 2  0 0  0 0  0 0
    40  -2.770196737340985       3   0 3  0 0  0 0  0 0
    41  -.3102398822603290E-01   3   2 0  1 0  0 0  0 0
    42  -.5694240045717896E-01   3   1 1  1 0  0 0  0 0
    43  -.2628310235193074E-01   3   0 2  1 0  0 0  0 0
    44  -5.619848504938715       3   1 0  2 0  0 0  0 0
    45  -4.596438688409374       3   0 1  2 0  0 0  0 0
    46  0.7869089357295448E-02   3   0 0  3 0  0 0  0 0
    47  -.2912951211982738E-01   3   2 0  0 1  0 0  0 0
    48  -.5392837445680069E-01   3   1 1  0 1  0 0  0 0
    49  -.2508254245220355E-01   3   0 2  0 1  0 0  0 0
    50  -11.60428099609661       3   1 0  1 1  0 0  0 0
    51  -9.855628432527302       3   0 1  1 1  0 0  0 0
    52  0.2170736494657111E-01   3   0 0  2 1  0 0  0 0
    53  -5.052639324069435       3   1 0  0 2  0 0  0 0
    54  -3.686624262669231       3   0 1  0 2  0 0  0 0
    55  0.2014338875180910E-01   3   0 0  1 2  0 0  0 0
    56  0.6307723749353338E-02   3   0 0  0 3  0 0  0 0
    57  0.3420937974031527E-01   3   2 0  0 0  0 1  0 0
    58  0.3957549936991407       3   1 1  0 0  0 1  0 0
    59  0.3366841678470361       3   0 2  0 0  0 1  0 0
    60  -.5188931753593595E-03   3   1 0  1 0  0 1  0 0
    61  -.7987956307323276E-03   3   0 1  1 0  0 1  0 0
    62  0.7218594019789009E-02   3   0 0  2 0  0 1  0 0
    63  -.9741269920536699E-03   3   1 0  0 1  0 1  0 0
    64  -.1058530116901169E-02   3   0 1  0 1  0 1  0 0
    65  -.2463438174417184       3   0 0  1 1  0 1  0 0
    66  -.2349816671468288       3   0 0  0 2  0 1  0 0
    67  0.3416334236929285E-01   3   2 0  0 0  0 0  1 0
    68  0.3952224052799070       3   1 1  0 0  0 0  1 0
    69  0.3362310741613228       3   0 2  0 0  0 0  1 0
    70  -.5181948733785493E-03   3   1 0  1 0  0 0  1 0
    71  -.7977206492184230E-03   3   0 1  1 0  0 0  1 0
    72  0.7208879576157724E-02   3   0 0  2 0  0 0  1 0
    73  -.9728160578567796E-03   3   1 0  0 1  0 0  1 0
    74  -.1057105596956641E-02   3   0 1  0 1  0 0  1 0
    75  -.2460122995419871       3   0 0  1 1  0 0  1 0
    76  -.2346654398934849       3   0 0  0 2  0 0  1 0
    77  -.4321565494721672       3   2 0  0 0  0 0  0 1
    78  -.7909795801333619       3   1 1  0 0  0 0  0 1
    79  -.3637639889424216       3   0 2  0 0  0 0  0 1
    80  0.2124682490612120E-02   3   1 0  1 0  0 0  0 1
    81  0.1594329641424874E-02   3   0 1  1 0  0 0  0 1
    82  0.2690402987179230       3   0 0  2 0  0 0  0 1
    83  0.1944681944483511E-02   3   1 0  0 1  0 0  0 1
    84  0.1498884502926868E-02   3   0 1  0 1  0 0  0 1
    85  0.4923577693775508       3   0 0  1 1  0 0  0 1
    86  0.2276337867789219       3   0 0  0 2  0 0  0 1
    87  0.3829858542443006E-01   3   1 0  0 0  0 2  0 0
    88  0.5721429464356784       3   0 1  0 0  0 2  0 0
    89  0.1118771526656653E-05   3   0 0  1 0  0 2  0 0
    90  0.1663336375903460E-04   3   0 0  0 1  0 2  0 0
    91  0.2631336243679886E-01   3   1 0  0 0  0 1  1 0
    92  0.4107703926792418       3   0 1  0 0  0 1  1 0
    93  0.6601344462186877E-06   3   0 0  1 0  0 1  1 0
    94  0.1204044010176540E-04   3   0 0  0 1  0 1  1 0
    95  0.3822933935158480E-01   3   1 0  0 0  0 0  2 0
    96  0.5710965857047633       3   0 1  0 0  0 0  2 0
    97  0.1116821747749727E-05   3   0 0  1 0  0 0  2 0
    98  0.1660287763356899E-04   3   0 0  0 1  0 0  2 0
    99  -.1029102459970928       3   1 0  0 0  0 1  0 1
   100  -.8211065053174585       3   0 1  0 0  0 1  0 1
   101  -.2943428247558061E-05   3   0 0  1 0  0 1  0 1
   102  -.2408109764445720E-04   3   0 0  0 1  0 1  0 1
   103  -.1027717542380213       3   1 0  0 0  0 0  1 1
   104  -.8200014988800112       3   0 1  0 0  0 0  1 1
   105  -.2939467120541429E-05   3   0 0  1 0  0 0  1 1
   106  -.2404869043815007E-04   3   0 0  0 1  0 0  1 1
   107  0.1028408396936292       3   1 0  0 0  0 0  0 2
   108  0.8709817489643280E-01   3   0 1  0 0  0 0  0 2
   109  0.2968434877777567E-05   3   0 0  1 0  0 0  0 2
   110  0.2862732823814321E-05   3   0 0  0 1  0 0  0 2
   111  0.3437169687674092E-06   3   0 0  0 0  0 3  0 0
   112  0.2265645350234921E-06   3   0 0  0 0  0 2  1 0
   113  0.2268000886259635E-06   3   0 0  0 0  0 1  2 0
   114  0.3428708872631273E-06   3   0 0  0 0  0 0  3 0
   115  -.8566508851547281E-06   3   0 0  0 0  0 2  0 1
   116  -.6230823768599009E-06   3   0 0  0 0  0 1  1 1
   117  -.8550787873170336E-06   3   0 0  0 0  0 0  2 1
   118  0.6233627765849157E-06   3   0 0  0 0  0 1  0 2
   119  0.6225238843382899E-06   3   0 0  0 0  0 0  1 2
   120  -.5190100295378048E-07   3   0 0  0 0  0 0  0 3
   121  -35.62469221349433       4   4 0  0 0  0 0  0 0
   122  -131.9633209049873       4   3 1  0 0  0 0  0 0
   123  -184.1648042354224       4   2 2  0 0  0 0  0 0
   124  -115.0751292801745       4   1 3  0 0  0 0  0 0
   125  -27.23118090570609       4   0 4  0 0  0 0  0 0
   126  -.2017967695758543E-01   4   3 0  1 0  0 0  0 0
   127  -.5475083122476470E-01   4   2 1  1 0  0 0  0 0
   128  -.4983077199847295E-01   4   1 2  1 0  0 0  0 0
   129  -.1479211074393489E-01   4   0 3  1 0  0 0  0 0
   130   173.8360950049725       4   2 0  2 0  0 0  0 0
   131   316.7293626824951       4   1 1  2 0  0 0  0 0
   132   145.1511527378008       4   0 2  2 0  0 0  0 0
   133  0.1746642732128162E-01   4   1 0  3 0  0 0  0 0
   134  0.1660358583872461E-01   4   0 1  3 0  0 0  0 0
   135  -22.81355928100486       4   0 0  4 0  0 0  0 0
   136  -.1884700839665975E-01   4   3 0  0 1  0 0  0 0
   137  -.5160613672152760E-01   4   2 1  0 1  0 0  0 0
   138  -.4689348495413445E-01   4   1 2  0 1  0 0  0 0
   139  -.1388194572864379E-01   4   0 3  0 1  0 0  0 0
   140   323.9750460078283       4   2 0  1 1  0 0  0 0
   141   594.4207914127176       4   1 1  1 1  0 0  0 0
   142   274.5433527986497       4   0 2  1 1  0 0  0 0
   143  0.4978368398898282E-01   4   1 0  2 1  0 0  0 0
   144  0.4753038965686185E-01   4   0 1  2 1  0 0  0 0
   145  -83.25740678207099       4   0 0  3 1  0 0  0 0
   146   151.8857315770573       4   2 0  0 2  0 0  0 0
   147   280.2682090078050       4   1 1  0 2  0 0  0 0
   148   130.2823030947623       4   0 2  0 2  0 0  0 0
   149  0.4741912078348392E-01   4   1 0  1 2  0 0  0 0
   150  0.4570854109984997E-01   4   0 1  1 2  0 0  0 0
   151  -114.9562860924001       4   0 0  2 2  0 0  0 0
   152  0.1560254390251005E-01   4   1 0  0 3  0 0  0 0
   153  0.1511143184618725E-01   4   0 1  0 3  0 0  0 0
   154  -70.91842804030024       4   0 0  1 3  0 0  0 0
   155  -16.43493876474360       4   0 0  0 4  0 0  0 0
   156   1.966401813374318       4   3 0  0 0  0 1  0 0
   157   10.09503519697234       4   2 1  0 0  0 1  0 0
   158   14.83851525693082       4   1 2  0 0  0 1  0 0
   159   5.922438786998129       4   0 3  0 0  0 1  0 0
   160  -.2895353618451448E-02   4   2 0  1 0  0 1  0 0
   161  0.1922168354244167E-01   4   1 1  1 0  0 1  0 0
   162  0.2005274485934249E-01   4   0 2  1 0  0 1  0 0
   163   2.419887205754445       4   1 0  2 0  0 1  0 0
   164   4.190451049096617       4   0 1  2 0  0 1  0 0
   165  0.6931375403619461E-03   4   0 0  3 0  0 1  0 0
   166  0.9566389092702517E-02   4   2 0  0 1  0 1  0 0
   167  0.4066478691507630E-01   4   1 1  0 1  0 1  0 0
   168  0.2945459583998285E-01   4   0 2  0 1  0 1  0 0
   169   11.00172595907813       4   1 0  1 1  0 1  0 0
   170   14.13660662918117       4   0 1  1 1  0 1  0 0
   171  -.7358619817553320E-02   4   0 0  2 1  0 1  0 0
   172   7.703369222792747       4   1 0  0 2  0 1  0 0
   173   7.768006168515708       4   0 1  0 2  0 1  0 0
   174  -.1528193616891307E-01   4   0 0  1 2  0 1  0 0
   175  -.7400652566193678E-02   4   0 0  0 3  0 1  0 0
   176   1.963755522487185       4   3 0  0 0  0 0  1 0
   177   10.08144977436677       4   2 1  0 0  0 0  1 0
   178   14.81854628241300       4   1 2  0 0  0 0  1 0
   179   5.914468647993430       4   0 3  0 0  0 0  1 0
   180  -.2891457188005030E-02   4   2 0  1 0  0 0  1 0
   181  0.1919581590661680E-01   4   1 1  1 0  0 0  1 0
   182  0.2002575882036394E-01   4   0 2  1 0  0 0  1 0
   183   2.416630635598275       4   1 0  2 0  0 0  1 0
   184   4.184811737563858       4   0 1  2 0  0 0  1 0
   185  0.6922047485265663E-03   4   0 0  3 0  0 0  1 0
   186  0.9553515097109872E-02   4   2 0  0 1  0 0  1 0
   187  0.4061006216131099E-01   4   1 1  0 1  0 0  1 0
   188  0.2941495723304840E-01   4   0 2  0 1  0 0  1 0
   189   10.98692035477579       4   1 0  1 1  0 0  1 0
   190   14.11758225021481       4   0 1  1 1  0 0  1 0
   191  -.7348716933802605E-02   4   0 0  2 1  0 0  1 0
   192   7.693002391539933       4   1 0  0 2  0 0  1 0
   193   7.757552351907576       4   0 1  0 2  0 0  1 0
   194  -.1526137045942965E-01   4   0 0  1 2  0 0  1 0
   195  -.7390693116750767E-02   4   0 0  0 3  0 0  1 0
   196  -6.908359792655035       4   3 0  0 0  0 0  0 1
   197  -20.18921107815943       4   2 1  0 0  0 0  0 1
   198  -20.37008295234309       4   1 2  0 0  0 0  0 1
   199  -6.301422336391670       4   0 3  0 0  0 0  0 1
   200  0.4890980268093509E-03   4   2 0  1 0  0 0  0 1
   201  0.9876207145006731E-03   4   1 1  1 0  0 0  0 1
   202  0.5008695080559589E-03   4   0 2  1 0  0 0  0 1
   203  -10.44662853483429       4   1 0  2 0  0 0  0 1
   204  -8.365234403849023       4   0 1  2 0  0 0  0 1
   205  -.2689165921060573E-03   4   0 0  3 0  0 0  0 1
   206  0.4892729518920742E-03   4   2 0  0 1  0 0  0 1
   207  0.8812735567268390E-03   4   1 1  0 1  0 0  0 1
   208  0.4267873502874091E-03   4   0 2  0 1  0 0  0 1
   209  -21.96776432250662       4   1 0  1 1  0 0  0 1
   210  -18.37676705787490       4   0 1  1 1  0 0  0 1
   211  -.8259691682248663E-03   4   0 0  2 1  0 0  0 1
   212  -10.33245072033186       4   1 0  0 2  0 0  0 1
   213  -8.140422522342110       4   0 1  0 2  0 0  0 1
   214  -.8270233303804018E-03   4   0 0  1 2  0 0  0 1
   215  -.2467706109976929E-03   4   0 0  0 3  0 0  0 1
   216  -.2633487686409647E-01   4   2 0  0 0  0 2  0 0
   217  -.3277575356538610       4   1 1  0 0  0 2  0 0
   218  -.3570685205454391       4   0 2  0 0  0 2  0 0
   219  -.2013160744014933E-03   4   1 0  1 0  0 2  0 0
   220  0.2512727987145402E-03   4   0 1  1 0  0 2  0 0
   221  -.4914924255387163E-02   4   0 0  2 0  0 2  0 0
   222  0.4626499015898378E-03   4   1 0  0 1  0 2  0 0
   223  0.9029937200419357E-03   4   0 1  0 1  0 2  0 0
   224  0.1784782392900297       4   0 0  1 1  0 2  0 0
   225  0.2300494970200915       4   0 0  0 2  0 2  0 0
   226  -.1898313561280895E-01   4   2 0  0 0  0 1  1 0
   227  -.2615029766400602       4   1 1  0 0  0 1  1 0
   228  -.3783251013106730       4   0 2  0 0  0 1  1 0
   229  -.2430618740166489E-03   4   1 0  1 0  0 1  1 0
   230  0.3203592166756326E-03   4   0 1  1 0  0 1  1 0
   231  -.2551712376186357E-02   4   0 0  2 0  0 1  1 0
   232  0.5427870764843053E-03   4   1 0  0 1  0 1  1 0
   233  0.1272652788410737E-02   4   0 1  0 1  0 1  1 0
   234  0.1107514320563210       4   0 0  1 1  0 1  1 0
   235  0.2251138919163074       4   0 0  0 2  0 1  1 0
   236  -.2628666332330068E-01   4   2 0  0 0  0 0  2 0
   237  -.3271404958181778       4   1 1  0 0  0 0  2 0
   238  -.3563334285127958       4   0 2  0 0  0 0  2 0
   239  -.2008816021087909E-03   4   1 0  1 0  0 0  2 0
   240  0.2507190854562088E-03   4   0 1  1 0  0 0  2 0
   241  -.4906592994827692E-02   4   0 0  2 0  0 0  2 0
   242  0.4616620605227805E-03   4   1 0  0 1  0 0  2 0
   243  0.9009221755778904E-03   4   0 1  0 1  0 0  2 0
   244  0.1781635296581175       4   0 0  1 1  0 0  2 0
   245  0.2295884334156136       4   0 0  0 2  0 0  2 0
   246  0.7232077335303620E-01   4   2 0  0 0  0 1  0 1
   247  0.5239537600389986       4   1 1  0 0  0 1  0 1
   248  0.4208523691453369       4   0 2  0 0  0 1  0 1
   249  0.3237742491948316E-03   4   1 0  1 0  0 1  0 1
   250  -.4288477330178781E-03   4   0 1  1 0  0 1  0 1
   251  0.1238359188236105E-01   4   0 0  2 0  0 1  0 1
   252  -.6548977447612684E-03   4   1 0  0 1  0 1  0 1
   253  -.1143597376694156E-02   4   0 1  0 1  0 1  0 1
   254  -.2209898096054935       4   0 0  1 1  0 1  0 1
   255  -.2151501733050364       4   0 0  0 2  0 1  0 1
   256  0.7222344746461720E-01   4   2 0  0 0  0 0  1 1
   257  0.5232486477618226       4   1 1  0 0  0 0  1 1
   258  0.4202860058610259       4   0 2  0 0  0 0  1 1
   259  0.3233385290692173E-03   4   1 0  1 0  0 0  1 1
   260  -.4282706099496772E-03   4   0 1  1 0  0 0  1 1
   261  0.1236692662802430E-01   4   0 0  2 0  0 0  1 1
   262  -.6540164142406306E-03   4   1 0  0 1  0 0  1 1
   263  -.1142058377240478E-02   4   0 1  0 1  0 0  1 1
   264  -.2206924119346154       4   0 0  1 1  0 0  1 1
   265  -.2148606343414791       4   0 0  0 2  0 0  1 1
   266  -.7294006829825754E-01   4   2 0  0 0  0 0  0 2
   267  -.1300646377849261       4   1 1  0 0  0 0  0 2
   268  -.5795358994754138E-01   4   0 2  0 0  0 0  0 2
   269  -.2501332992861447E-05   4   1 0  1 0  0 0  0 2
   270  -.1455693825348244E-04   4   0 1  1 0  0 0  0 2
   271  -.1237691569535602E-01   4   0 0  2 0  0 0  0 2
   272  -.2342235723107209E-05   4   1 0  0 1  0 0  0 2
   273  -.1193002229283250E-04   4   0 1  0 1  0 0  0 2
   274  -.2555929495518546E-01   4   0 0  1 1  0 0  0 2
   275  -.1275261680428589E-01   4   0 0  0 2  0 0  0 2
   276  -.3230920373253913E-01   4   1 0  0 0  0 3  0 0
   277  -.4915431435763623       4   0 1  0 0  0 3  0 0
   278  -.2472734845031781E-05   4   0 0  1 0  0 3  0 0
   279  -.1829683578082086E-04   4   0 0  0 1  0 3  0 0
   280  -.2031136511056971E-01   4   1 0  0 0  0 2  1 0
   281  -.3304211411557471       4   0 1  0 0  0 2  1 0
   282  -.1280022935768838E-05   4   0 0  1 0  0 2  1 0
   283  -.1232417179591039E-04   4   0 0  0 1  0 2  1 0
   284  -.2033549652882482E-01   4   1 0  0 0  0 1  2 0
   285  -.3307450514375093       4   0 1  0 0  0 1  2 0
   286  -.1282423861611545E-05   4   0 0  1 0  0 1  2 0
   287  -.1233617868572548E-04   4   0 0  0 1  0 1  2 0
   288  -.3223033481985190E-01   4   1 0  0 0  0 0  3 0
   289  -.4903288673848202       4   0 1  0 0  0 0  3 0
   290  -.2466883174840097E-05   4   0 0  1 0  0 0  3 0
   291  -.1825161978923510E-04   4   0 0  0 1  0 0  3 0
   292  0.7891185551511902E-01   4   1 0  0 0  0 2  0 1
   293  0.6607272654207779       4   0 1  0 0  0 2  0 1
   294  0.2908936380154614E-05   4   0 0  1 0  0 2  0 1
   295  0.2259725983730228E-04   4   0 0  0 1  0 2  0 1
   296  0.5495846200097020E-01   4   1 0  0 0  0 1  1 1
   297  0.5007583899153019       4   0 1  0 0  0 1  1 1
   298  0.1646774056122212E-05   4   0 0  1 0  0 1  1 1
   299  0.1685889357582032E-04   4   0 0  0 1  0 1  1 1
   300  0.7876867940492423E-01   4   1 0  0 0  0 0  2 1
   301  0.6595011412853602       4   0 1  0 0  0 0  2 1
   302  0.2903913595210141E-05   4   0 0  1 0  0 0  2 1
   303  0.2255550555776409E-04   4   0 0  0 1  0 0  2 1
   304  -.5491461154532106E-01   4   1 0  0 0  0 1  0 2
   305  -.8997547970529526E-01   4   0 1  0 0  0 1  0 2
   306  -.6449795750494993E-07   4   0 0  1 0  0 1  0 2
   307  -.1213539960674771E-05   4   0 0  0 1  0 1  0 2
   308  -.5484071004913856E-01   4   1 0  0 0  0 0  1 2
   309  -.8985439494510454E-01   4   0 1  0 0  0 0  1 2
   310  -.6441115919339226E-07   4   0 0  1 0  0 0  1 2
   311  -.1211906835787822E-05   4   0 0  0 1  0 0  1 2
   312  0.2302851497290123E-02   4   1 0  0 0  0 0  0 3
   313  0.1876076104864503E-02   4   0 1  0 0  0 0  0 3
   314  0.1526963994148446E-06   4   0 0  1 0  0 0  0 3
   315  0.1251167726845279E-06   4   0 0  0 1  0 0  0 3
   316  -.1905050477534838E-04   4   0 0  0 0  0 4  0 0
   317  -.1165750027547070E-04   4   0 0  0 0  0 3  1 0
   318  -.1067620470025920E-04   4   0 0  0 0  0 2  2 0
   319  -.1167863961185454E-04   4   0 0  0 0  0 1  3 0
   320  -.1899141884253013E-04   4   0 0  0 0  0 0  4 0
   321  0.2275086246559337E-04   4   0 0  0 0  0 3  0 1
   322  0.1509788473312282E-04   4   0 0  0 0  0 2  1 1
   323  0.1511327145381164E-04   4   0 0  0 0  0 1  2 1
   324  0.2269479159622559E-04   4   0 0  0 0  0 0  3 1
   325  -.1128541063902826E-05   4   0 0  0 0  0 2  0 2
   326  -.1361351000067432E-05   4   0 0  0 0  0 1  1 2
   327  -.1126106305516475E-05   4   0 0  0 0  0 0  2 2
   328  0.6296650226170332E-08   4   0 0  0 0  0 1  0 3
   329  0.6288176491046788E-08   4   0 0  0 0  0 0  1 3
   330  0.1587638714885386E-13   4   0 0  0 0  0 0  0 4
   ----------------------------------------------------
     I  COEFFICIENT            ORDER EXPONENTS
     1  -.1650047753338347E-04   0   0 0  0 0  0 0  0 0
     2  0.5491399778673215E-05   1   1 0  0 0  0 0  0 0
     3  0.4676614300201076E-05   1   0 1  0 0  0 0  0 0
     4  0.8292375521456230       1   0 0  1 0  0 0  0 0
     5  0.9018018235650910       1   0 0  0 1  0 0  0 0
     6  -.6850276668484720E-05   1   0 0  0 0  0 1  0 0
     7  -.6841057888986644E-05   1   0 0  0 0  0 0  1 0
     8  0.1369133455744677E-04   1   0 0  0 0  0 0  0 1
     9  0.1103494316962038E-03   2   2 0  0 0  0 0  0 0
    10  0.1938384766975723E-03   2   1 1  0 0  0 0  0 0
    11  0.9925131285911939E-04   2   0 2  0 0  0 0  0 0
    12  0.7370825330597533E-01   2   1 0  1 0  0 0  0 0
    13  0.6444384188678574E-01   2   0 1  1 0  0 0  0 0
    14  -.1090515618261172E-03   2   0 0  2 0  0 0  0 0
    15  0.6494157612653756E-01   2   1 0  0 1  0 0  0 0
    16  0.5705089679815601E-01   2   0 1  0 1  0 0  0 0
    17  -.1108552710183894E-03   2   0 0  1 1  0 0  0 0
    18  0.5412081583777638E-05   2   0 0  0 2  0 0  0 0
    19  -.2786401439009972E-05   2   1 0  0 0  0 1  0 0
    20  -.4716731797603716E-05   2   0 1  0 0  0 1  0 0
    21  0.8310586697400338E-01   2   0 0  1 0  0 1  0 0
    22  -.3789948949249793       2   0 0  0 1  0 1  0 0
    23  -.2782651631271912E-05   2   1 0  0 0  0 0  1 0
    24  -.4710384242242373E-05   2   0 1  0 0  0 0  1 0
    25  0.8299402701487391E-01   2   0 0  1 0  0 0  1 0
    26  -.3784848614567997       2   0 0  0 1  0 0  1 0
    27  0.5569049228634505E-05   2   1 0  0 0  0 0  0 1
    28  0.4750497882077370E-05   2   0 1  0 0  0 0  0 1
    29  -.1660998939954607       2   0 0  1 0  0 0  0 1
    30  -.1443220671895009       2   0 0  0 1  0 0  0 1
    31  0.5049177876114671E-05   2   0 0  0 0  0 2  0 0
    32  0.3252914677024659E-05   2   0 0  0 0  0 1  1 0
    33  0.5040194120827005E-05   2   0 0  0 0  0 0  2 0
    34  -.6500992175594516E-05   2   0 0  0 0  0 1  0 1
    35  -.6492243446705754E-05   2   0 0  0 0  0 0  1 1
    36  -.3490459627771170E-06   2   0 0  0 0  0 0  0 2
    37  -.1190982105639830E-02   3   3 0  0 0  0 0  0 0
    38  -.3112390955462921E-02   3   2 1  0 0  0 0  0 0
    39  -.2718160044809211E-02   3   1 2  0 0  0 0  0 0
    40  -.7907728894062018E-03   3   0 3  0 0  0 0  0 0
    41  -.3370771462042942       3   2 0  1 0  0 0  0 0
    42  -.7276948181802063       3   1 1  1 0  0 0  0 0
    43  -.5382009527122006       3   0 2  1 0  0 0  0 0
    44  0.3131903888470671E-02   3   1 0  2 0  0 0  0 0
    45  0.2744302955520629E-02   3   0 1  2 0  0 0  0 0
    46  0.1008700424731501       3   0 0  3 0  0 0  0 0
    47  -.9997722715941422       3   2 0  0 1  0 0  0 0
    48  -1.782428473347546       3   1 1  0 1  0 0  0 0
    49  -.4900132369190386       3   0 2  0 1  0 0  0 0
    50  0.5513109417557629E-02   3   1 0  1 1  0 0  0 0
    51  0.4856516701776884E-02   3   0 1  1 1  0 0  0 0
    52  -.1049471838886887       3   0 0  2 1  0 0  0 0
    53  0.2447728782543484E-02   3   1 0  0 2  0 0  0 0
    54  0.2169752677056414E-02   3   0 1  0 2  0 0  0 0
    55  -.6363323002443760       3   0 0  1 2  0 0  0 0
    56  0.3635528198814929E-01   3   0 0  0 3  0 0  0 0
    57  -.7111432860594620E-04   3   2 0  0 0  0 1  0 0
    58  -.2280420753475156E-03   3   1 1  0 0  0 1  0 0
    59  -.1659731061126077E-03   3   0 2  0 0  0 1  0 0
    60  -.3590538523719444E-01   3   1 0  1 0  0 1  0 0
    61  -.6355372204352433E-01   3   0 1  1 0  0 1  0 0
    62  0.5359294897740643E-04   3   0 0  2 0  0 1  0 0
    63  -.6431284082114790E-01   3   1 0  0 1  0 1  0 0
    64  -.8497065508204742E-01   3   0 1  0 1  0 1  0 0
    65  0.1353932492480320E-03   3   0 0  1 1  0 1  0 0
    66  0.1502004442891700E-04   3   0 0  0 2  0 1  0 0
    67  -.7101862629401066E-04   3   2 0  0 0  0 0  1 0
    68  -.2277351870697642E-03   3   1 1  0 0  0 0  1 0
    69  -.1657497473284428E-03   3   0 2  0 0  0 0  1 0
    70  -.3585706546190440E-01   3   1 0  1 0  0 0  1 0
    71  -.6346819443958131E-01   3   0 1  1 0  0 0  1 0
    72  0.5352082611242072E-04   3   0 0  2 0  0 0  1 0
    73  -.6422629163092995E-01   3   1 0  0 1  0 0  1 0
    74  -.8485630557896622E-01   3   0 1  0 1  0 0  1 0
    75  0.1352110433940566E-03   3   0 0  1 1  0 0  1 0
    76  0.1499983116099471E-04   3   0 0  0 2  0 0  1 0
    77  0.1420049079129976E-03   3   2 0  0 0  0 0  0 1
    78  0.2616791141384804E-03   3   1 1  0 0  0 0  0 1
    79  0.1330878850118840E-03   3   0 2  0 0  0 0  0 1
    80  0.7176245095155155E-01   3   1 0  1 0  0 0  0 1
    81  0.6257806443408200E-01   3   0 1  1 0  0 0  0 1
    82  -.1070300883814885E-03   3   0 0  2 0  0 0  0 1
    83  0.6359754336252471E-01   3   1 0  0 1  0 0  0 1
    84  0.5572514677668098E-01   3   0 1  0 1  0 0  0 1
    85  -.1595863080772246E-03   3   0 0  1 1  0 0  0 1
    86  -.4076579267530561E-04   3   0 0  0 2  0 0  0 1
    87  0.2115020765867033E-05   3   1 0  0 0  0 2  0 0
    88  0.4750711463737644E-05   3   0 1  0 0  0 2  0 0
    89  -.6115695873369933E-01   3   0 0  1 0  0 2  0 0
    90  0.2489936193829975       3   0 0  0 1  0 2  0 0
    91  0.1449387600656603E-05   3   1 0  0 0  0 1  1 0
    92  0.4788236354320410E-05   3   0 1  0 0  0 1  1 0
    93  -.3926701640054763E-01   3   0 0  1 0  0 1  1 0
    94  0.1193415411429477       3   0 0  0 1  0 1  1 0
    95  0.2111199211926371E-05   3   1 0  0 0  0 0  2 0
    96  0.4741096288669012E-05   3   0 1  0 0  0 0  2 0
    97  -.6104823473082242E-01   3   0 0  1 0  0 0  2 0
    98  0.2485782333938454       3   0 0  0 1  0 0  2 0
    99  -.2905346423022521E-05   3   1 0  0 0  0 1  0 1
   100  -.4855384700256283E-05   3   0 1  0 0  0 1  0 1
   101  0.7847518983319168E-01   3   0 0  1 0  0 1  0 1
   102  0.1406610300095221       3   0 0  0 1  0 1  0 1
   103  -.2901436544730644E-05   3   1 0  0 0  0 0  1 1
   104  -.4848850552353024E-05   3   0 1  0 0  0 0  1 1
   105  0.7836958162112191E-01   3   0 0  1 0  0 0  1 1
   106  0.1404717350244600       3   0 0  0 1  0 0  1 1
   107  0.1266162718661044E-06   3   1 0  0 0  0 0  0 2
   108  0.1248854974916252E-06   3   0 1  0 0  0 0  0 2
   109  0.4627525601033675E-02   3   0 0  1 0  0 0  0 2
   110  0.3755641596676682E-02   3   0 0  0 1  0 0  0 2
   111  -.4149677645132748E-05   3   0 0  0 0  0 3  0 0
   112  -.2351636813632225E-05   3   0 0  0 0  0 2  1 0
   113  -.2355255118579893E-05   3   0 0  0 0  0 1  2 0
   114  -.4139720757692794E-05   3   0 0  0 0  0 0  3 0
   115  0.4701821341101255E-05   3   0 0  0 0  0 2  0 1
   116  0.2907391707731059E-05   3   0 0  0 0  0 1  1 1
   117  0.4693537536104142E-05   3   0 0  0 0  0 0  2 1
   118  0.3456727313136982E-06   3   0 0  0 0  0 1  0 2
   119  0.3452075412428876E-06   3   0 0  0 0  0 0  1 2
   120  0.2410634811518720E-08   3   0 0  0 0  0 0  0 3
   121  -.6012216678278243E-03   4   4 0  0 0  0 0  0 0
   122  -.2141305482887743E-02   4   3 1  0 0  0 0  0 0
   123  -.2920097153248464E-02   4   2 2  0 0  0 0  0 0
   124  -.1710751353498112E-02   4   1 3  0 0  0 0  0 0
   125  -.3332865149690101E-03   4   0 4  0 0  0 0  0 0
   126   14.16235580657154       4   3 0  1 0  0 0  0 0
   127   37.56857865745459       4   2 1  1 0  0 0  0 0
   128   33.42241593604533       4   1 2  1 0  0 0  0 0
   129   10.00250558219264       4   0 3  1 0  0 0  0 0
   130  0.2526857623088619E-02   4   2 0  2 0  0 0  0 0
   131  0.4178948048665738E-02   4   1 1  2 0  0 0  0 0
   132  0.1622078246142613E-02   4   0 2  2 0  0 0  0 0
   133  -12.43045698570964       4   1 0  3 0  0 0  0 0
   134  -10.72649326167902       4   0 1  3 0  0 0  0 0
   135  -.7901808000809608E-03   4   0 0  4 0  0 0  0 0
   136   12.69562936512943       4   3 0  0 1  0 0  0 0
   137   33.81787010067251       4   2 1  0 1  0 0  0 0
   138   30.24354367376787       4   1 2  0 1  0 0  0 0
   139   9.106755821601618       4   0 3  0 1  0 0  0 0
   140  0.4537137287493200E-02   4   2 0  1 1  0 0  0 0
   141  0.7760080681154051E-02   4   1 1  1 1  0 0  0 0
   142  0.2957079433828865E-02   4   0 2  1 1  0 0  0 0
   143  -32.84645530150281       4   1 0  2 1  0 0  0 0
   144  -28.48166047031539       4   0 1  2 1  0 0  0 0
   145  -.2614070987867945E-02   4   0 0  3 1  0 0  0 0
   146  0.1938405276509334E-02   4   2 0  0 2  0 0  0 0
   147  0.3535621072031223E-02   4   1 1  0 2  0 0  0 0
   148  0.1461762892217046E-02   4   0 2  0 2  0 0  0 0
   149  -28.98599031169810       4   1 0  1 2  0 0  0 0
   150  -25.21970788291000       4   0 1  1 2  0 0  0 0
   151  -.3246899033661972E-02   4   0 0  2 2  0 0  0 0
   152  -8.508627987189016       4   1 0  0 3  0 0  0 0
   153  -7.417076149977718       4   0 1  0 3  0 0  0 0
   154  -.1974226521861256E-02   4   0 0  1 3  0 0  0 0
   155  -.4520306336308694E-03   4   0 0  0 4  0 0  0 0
   156  -.1108922590199735E-03   4   3 0  0 0  0 1  0 0
   157  0.1050903505611636E-02   4   2 1  0 0  0 1  0 0
   158  0.2058212327711707E-02   4   1 2  0 0  0 1  0 0
   159  0.9183498130685039E-03   4   0 3  0 0  0 1  0 0
   160  0.3518090226006373       4   2 0  1 0  0 1  0 0
   161   1.110492665730858       4   1 1  1 0  0 1  0 0
   162  0.9942868344392310       4   0 2  1 0  0 1  0 0
   163  0.2112410037135643E-03   4   1 0  2 0  0 1  0 0
   164  -.1080293956920596E-02   4   0 1  2 0  0 1  0 0
   165  -.4567873280137284E-01   4   0 0  3 0  0 1  0 0
   166   1.166391461612369       4   2 0  0 1  0 1  0 0
   167   3.028963158490963       4   1 1  0 1  0 1  0 0
   168   1.417885167170029       4   0 2  0 1  0 1  0 0
   169  -.2095119042289339E-02   4   1 0  1 1  0 1  0 0
   170  -.4069619068880451E-02   4   0 1  1 1  0 1  0 0
   171  -.3073450675222571E-01   4   0 0  2 1  0 1  0 0
   172  -.2035062392011872E-02   4   1 0  0 2  0 1  0 0
   173  -.2794978262402461E-02   4   0 1  0 2  0 1  0 0
   174  0.6942267632475831       4   0 0  1 2  0 1  0 0
   175  0.6795402007169909E-01   4   0 0  0 3  0 1  0 0
   176  -.1107430254439556E-03   4   3 0  0 0  0 0  1 0
   177  0.1049489249201149E-02   4   2 1  0 0  0 0  1 0
   178  0.2055442482561256E-02   4   1 2  0 0  0 0  1 0
   179  0.9171139411704037E-03   4   0 3  0 0  0 0  1 0
   180  0.3513355745982085       4   2 0  1 0  0 0  1 0
   181   1.108998217037029       4   1 1  1 0  0 0  1 0
   182  0.9929487700765591       4   0 2  1 0  0 0  1 0
   183  0.2109567255262104E-03   4   1 0  2 0  0 0  1 0
   184  -.1078840148225863E-02   4   0 1  2 0  0 0  1 0
   185  -.4561726051553291E-01   4   0 0  3 0  0 0  1 0
   186   1.164821786953457       4   2 0  0 1  0 0  1 0
   187   3.024886922622359       4   1 1  0 1  0 0  1 0
   188   1.415977044134665       4   0 2  0 1  0 0  1 0
   189  -.2092299529821766E-02   4   1 0  1 1  0 0  1 0
   190  -.4064142367332055E-02   4   0 1  1 1  0 0  1 0
   191  -.3069314570150550E-01   4   0 0  2 1  0 0  1 0
   192  -.2032323700953870E-02   4   1 0  0 2  0 0  1 0
   193  -.2791216912379683E-02   4   0 1  0 2  0 0  1 0
   194  0.6932925055873790       4   0 0  1 2  0 0  1 0
   195  0.6786257075404876E-01   4   0 0  0 3  0 0  1 0
   196  0.5448264232083697E-04   4   3 0  0 0  0 0  0 1
   197  0.2268394159294737E-03   4   2 1  0 0  0 0  0 1
   198  0.2842660751076930E-03   4   1 2  0 0  0 0  0 1
   199  0.1145516959200679E-03   4   0 3  0 0  0 0  0 1
   200  -.7018201582477537       4   2 0  1 0  0 0  0 1
   201  -1.489132245824617       4   1 1  1 0  0 0  0 1
   202  -.9094866397177407       4   0 2  1 0  0 0  0 1
   203  -.5347596990472820E-04   4   1 0  2 0  0 0  0 1
   204  -.3612692499265878E-04   4   0 1  2 0  0 0  0 1
   205  0.9100596809522886E-01   4   0 0  3 0  0 0  0 1
   206  -1.330135789212608       4   2 0  0 1  0 0  0 1
   207  -2.486350605446555       4   1 1  0 1  0 0  0 1
   208  -1.362477788781372       4   0 2  0 1  0 0  0 1
   209  -.1431696489911574E-03   4   1 0  1 1  0 0  0 1
   210  -.1040772322638106E-03   4   0 1  1 1  0 0  0 1
   211  0.1655209578792773       4   0 0  2 1  0 0  0 1
   212  -.6661347170622221E-04   4   1 0  0 2  0 0  0 1
   213  -.4484976953574414E-04   4   0 1  0 2  0 0  0 1
   214  -.1156863202436203       4   0 0  1 2  0 0  0 1
   215  -.2451497256246316       4   0 0  0 3  0 0  0 1
   216  -.5845144514252074E-04   4   2 0  0 0  0 2  0 0
   217  0.2456553960491049E-04   4   1 1  0 0  0 2  0 0
   218  0.1143441121389358E-03   4   0 2  0 0  0 2  0 0
   219  0.2652363408297398E-01   4   1 0  1 0  0 2  0 0
   220  0.6314857901890990E-01   4   0 1  1 0  0 2  0 0
   221  -.4428593166255156E-04   4   0 0  2 0  0 2  0 0
   222  0.6387131212910090E-01   4   1 0  0 1  0 2  0 0
   223  0.1056709527778909       4   0 1  0 1  0 2  0 0
   224  -.2814439382781835E-03   4   0 0  1 1  0 2  0 0
   225  -.1190524976022341E-03   4   0 0  0 2  0 2  0 0
   226  -.7035488055143527E-04   4   2 0  0 0  0 1  1 0
   227  0.3774234443922799E-04   4   1 1  0 0  0 1  1 0
   228  0.1623927964272824E-03   4   0 2  0 0  0 1  1 0
   229  0.1708424151959179E-01   4   1 0  1 0  0 1  1 0
   230  0.6249722077406338E-01   4   0 1  1 0  0 1  1 0
   231  -.2069833452021719E-04   4   0 0  2 0  0 1  1 0
   232  0.6338250382053738E-01   4   1 0  0 1  0 1  1 0
   233  0.1262375699531232       4   0 1  0 1  0 1  1 0
   234  -.2825804303538677E-03   4   0 0  1 1  0 1  1 0
   235  -.1356337896019851E-03   4   0 0  0 2  0 1  1 0
   236  -.5832544380100186E-04   4   2 0  0 0  0 0  2 0
   237  0.2450708452525669E-04   4   1 1  0 0  0 0  2 0
   238  0.1140809629356089E-03   4   0 2  0 0  0 0  2 0
   239  0.2647644424269835E-01   4   1 0  1 0  0 0  2 0
   240  0.6302154373019288E-01   4   0 1  1 0  0 0  2 0
   241  -.4421240632138384E-04   4   0 0  2 0  0 0  2 0
   242  0.6374270853412423E-01   4   1 0  0 1  0 0  2 0
   243  0.1054438035036057       4   0 1  0 1  0 0  2 0
   244  -.2808750425772405E-03   4   0 0  1 1  0 0  2 0
   245  -.1188010175807423E-03   4   0 0  0 2  0 0  2 0
   246  0.4899734879470550E-04   4   2 0  0 0  0 1  0 1
   247  -.3066252942969804E-04   4   1 1  0 0  0 1  0 1
   248  -.6708917079866539E-04   4   0 2  0 0  0 1  0 1
   249  -.3404029889865343E-01   4   1 0  1 0  0 1  0 1
   250  -.6098623335817187E-01   4   0 1  1 0  0 1  0 1
   251  0.1694184891883481E-04   4   0 0  2 0  0 1  0 1
   252  -.6236264113747497E-01   4   1 0  0 1  0 1  0 1
   253  -.8253817869778271E-01   4   0 1  0 1  0 1  0 1
   254  0.1763916990777883E-03   4   0 0  1 1  0 1  0 1
   255  0.1401497490973575E-03   4   0 0  0 2  0 1  0 1
   256  0.4893141047186263E-04   4   2 0  0 0  0 0  1 1
   257  -.3062126524266652E-04   4   1 1  0 0  0 0  1 1
   258  -.6699888535440766E-04   4   0 2  0 0  0 0  1 1
   259  -.3399448906865928E-01   4   1 0  1 0  0 0  1 1
   260  -.6090416095950003E-01   4   0 1  1 0  0 0  1 1
   261  0.1691904937700145E-04   4   0 0  2 0  0 0  1 1
   262  -.6227871643408162E-01   4   1 0  0 1  0 0  1 1
   263  -.8242710270678089E-01   4   0 1  0 1  0 0  1 1
   264  0.1761543194422220E-03   4   0 0  1 1  0 0  1 1
   265  0.1399611421700511E-03   4   0 0  0 2  0 0  1 1
   266  -.5737169011518046E-07   4   2 0  0 0  0 0  0 2
   267  -.1037425586597241E-06   4   1 1  0 0  0 0  0 2
   268  -.4327609594229957E-07   4   0 2  0 0  0 0  0 2
   269  -.1979707453189285E-02   4   1 0  1 0  0 0  0 2
   270  -.1901092474917566E-02   4   0 1  1 0  0 0  0 2
   271  0.3295078675573562E-04   4   0 0  2 0  0 0  0 2
   272  -.1362764929191674E-02   4   1 0  0 1  0 0  0 2
   273  -.1347567679795463E-02   4   0 1  0 1  0 0  0 2
   274  0.6075339333744597E-04   4   0 0  1 1  0 0  0 2
   275  0.2788919662570863E-04   4   0 0  0 2  0 0  0 2
   276  -.4144322836482891E-05   4   1 0  0 0  0 3  0 0
   277  -.7235916239899897E-05   4   0 1  0 0  0 3  0 0
   278  0.5019561354088403E-01   4   0 0  1 0  0 3  0 0
   279  -.1845021858592502       4   0 0  0 1  0 3  0 0
   280  -.2804403751117634E-05   4   1 0  0 0  0 2  1 0
   281  -.6794548038424883E-05   4   0 1  0 0  0 2  1 0
   282  0.2828529750528760E-01   4   0 0  1 0  0 2  1 0
   283  -.5560775560001320E-01   4   0 0  0 1  0 2  1 0
   284  -.2807097292684235E-05   4   1 0  0 0  0 1  2 0
   285  -.6795419340294091E-05   4   0 1  0 0  0 1  2 0
   286  0.2832938995116401E-01   4   0 0  1 0  0 1  2 0
   287  -.5586744446025674E-01   4   0 0  0 1  0 1  2 0
   288  -.4134072512254142E-05   4   1 0  0 0  0 0  3 0
   289  -.7216743877498085E-05   4   0 1  0 0  0 0  3 0
   290  0.5007528036833794E-01   4   0 0  1 0  0 0  3 0
   291  -.1840923777702661       4   0 0  0 1  0 0  3 0
   292  0.4843297819536767E-05   4   1 0  0 0  0 2  0 1
   293  0.7539207378544057E-05   4   0 1  0 0  0 2  0 1
   294  -.5655378591218809E-01   4   0 0  1 0  0 2  0 1
   295  -.1378616622137095       4   0 0  0 1  0 2  0 1
   296  0.3510793337264888E-05   4   1 0  0 0  0 1  1 1
   297  0.7114903745405943E-05   4   0 1  0 0  0 1  1 1
   298  -.3469038914410684E-01   4   0 0  1 0  0 1  1 1
   299  -.1350686762136722       4   0 0  0 1  0 1  1 1
   300  0.4834417607548807E-05   4   1 0  0 0  0 0  2 1
   301  0.7524274017517951E-05   4   0 1  0 0  0 0  2 1
   302  -.5645433614699077E-01   4   0 0  1 0  0 0  2 1
   303  -.1375852499564564       4   0 0  0 1  0 0  2 1
   304  -.1917447427950873E-07   4   1 0  0 0  0 1  0 2
   305  -.6549312746644454E-07   4   0 1  0 0  0 1  0 2
   306  -.4577999535941339E-02   4   0 0  1 0  0 1  0 2
   307  -.5597497481956536E-02   4   0 0  0 1  0 1  0 2
   308  -.1914867017568198E-07   4   1 0  0 0  0 0  1 2
   309  -.6540498990208202E-07   4   0 1  0 0  0 0  1 2
   310  -.4571838679919506E-02   4   0 0  1 0  0 0  1 2
   311  -.5589964633646234E-02   4   0 0  0 1  0 0  1 2
   312  0.2519121177005495E-08   4   1 0  0 0  0 0  0 3
   313  0.1921411580780023E-08   4   0 1  0 0  0 0  0 3
   314  -.3514938595275124E-04   4   0 0  1 0  0 0  0 3
   315  -.2655803039104110E-04   4   0 0  0 1  0 0  0 3
   316  0.7336959378794340E-05   4   0 0  0 0  0 4  0 0
   317  0.3596701391939504E-05   4   0 0  0 0  0 3  1 0
   318  0.3100290612830754E-05   4   0 0  0 0  0 2  2 0
   319  0.3607406531907280E-05   4   0 0  0 0  0 1  3 0
   320  0.7314803089315023E-05   4   0 0  0 0  0 0  4 0
   321  0.9566459184567028E-06   4   0 0  0 0  0 3  0 1
   322  0.1125004157448224E-05   4   0 0  0 0  0 2  1 1
   323  0.1124661705771322E-05   4   0 0  0 0  0 1  2 1
   324  0.9539588360667259E-06   4   0 0  0 0  0 0  3 1
   325  0.5927372820047681E-08   4   0 0  0 0  0 2  0 2
   326  0.8547303961623858E-08   4   0 0  0 0  0 1  1 2
   327  0.5913644761626061E-08   4   0 0  0 0  0 0  2 2
   328  -.9524251844911179E-10   4   0 0  0 0  0 1  0 3
   329  -.9511434555640737E-10   4   0 0  0 0  0 0  1 3
   330  0.4052490341212666E-15   4   0 0  0 0  0 0  0 4
   ----------------------------------------------------
     I  COEFFICIENT            ORDER EXPONENTS
     1  0.1177870270573846E-03   0   0 0  0 0  0 0  0 0
     2  0.4236485863667171E-04   1   1 0  0 0  0 0  0 0
     3  0.3909891015752983E-04   1   0 1  0 0  0 0  0 0
     4  -1.309754653559872       1   0 0  1 0  0 0  0 0
     5  -.2184405838159774       1   0 0  0 1  0 0  0 0
     6  0.3682667456070573E-05   1   0 0  0 0  0 1  0 0
     7  0.3677711495766253E-05   1   0 0  0 0  0 0  1 0
     8  0.1104266481045553E-03   1   0 0  0 0  0 0  0 1
     9  0.4123079036485527E-03   2   2 0  0 0  0 0  0 0
    10  0.6788025498989885E-03   2   1 1  0 0  0 0  0 0
    11  0.3243321877048810E-03   2   0 2  0 0  0 0  0 0
    12  0.5586601805814012       2   1 0  1 0  0 0  0 0
    13  0.5134907892879879       2   0 1  1 0  0 0  0 0
    14  0.3717032411576791E-03   2   0 0  2 0  0 0  0 0
    15  0.5243902794711358       2   1 0  0 1  0 0  0 0
    16  0.4852908584557259       2   0 1  0 1  0 0  0 0
    17  0.9256660444664966E-03   2   0 0  1 1  0 0  0 0
    18  0.4799832536884641E-03   2   0 0  0 2  0 0  0 0
    19  -.1592950646904262E-05   2   1 0  0 0  0 1  0 0
    20  -.2112602023228516E-04   2   0 1  0 0  0 1  0 0
    21  -.4591370457129144E-01   2   0 0  1 0  0 1  0 0
    22  0.5705710717964233       2   0 0  0 1  0 1  0 0
    23  -.1590806928996821E-05   2   1 0  0 0  0 0  1 0
    24  -.2109758982989140E-04   2   0 1  0 0  0 0  1 0
    25  -.4585191607151752E-01   2   0 0  1 0  0 0  1 0
    26  0.5698032241380830       2   0 0  0 1  0 0  1 0
    27  0.4554850009095628E-04   2   1 0  0 0  0 0  0 1
    28  0.4222349586358183E-04   2   0 1  0 0  0 0  0 1
    29  -1.217989032983266       2   0 0  1 0  0 0  0 1
    30  -1.140374296007292       2   0 0  0 1  0 0  0 1
    31  -.2720982407072451E-05   2   0 0  0 0  0 2  0 0
    32  -.1761868135308180E-05   2   0 0  0 0  0 1  1 0
    33  -.2716135117630654E-05   2   0 0  0 0  0 0  2 0
    34  0.7203805182418621E-05   2   0 0  0 0  0 1  0 1
    35  0.7194110640907680E-05   2   0 0  0 0  0 0  1 1
    36  -.7198946902055153E-05   2   0 0  0 0  0 0  0 2
    37  -.1064851599306981E-01   3   3 0  0 0  0 0  0 0
    38  -.2987246659147168E-01   3   2 1  0 0  0 0  0 0
    39  -.2808462321414592E-01   3   1 2  0 0  0 0  0 0
    40  -.8826830565642638E-02   3   0 3  0 0  0 0  0 0
    41  -6.985834394577711       3   2 0  1 0  0 0  0 0
    42  -13.67370623373595       3   1 1  1 0  0 0  0 0
    43  -7.215372785815597       3   0 2  1 0  0 0  0 0
    44  0.2337632220502442E-01   3   1 0  2 0  0 0  0 0
    45  0.2141596214342577E-01   3   0 1  2 0  0 0  0 0
    46  -1.460886787853104       3   0 0  3 0  0 0  0 0
    47  -6.109690159881530       3   2 0  0 1  0 0  0 0
    48  -12.25189497879254       3   1 1  0 1  0 0  0 0
    49  -7.216970105042772       3   0 2  0 1  0 0  0 0
    50  0.4382934126162811E-01   3   1 0  1 1  0 0  0 0
    51  0.4039992794918668E-01   3   0 1  1 1  0 0  0 0
    52  -4.522925860881239       3   0 0  2 1  0 0  0 0
    53  0.2073077212225408E-01   3   1 0  0 2  0 0  0 0
    54  0.1924463853099175E-01   3   0 1  0 2  0 0  0 0
    55  -3.943374001579605       3   0 0  1 2  0 0  0 0
    56  -1.543422095110732       3   0 0  0 3  0 0  0 0
    57  -.2472114942841139E-03   3   2 0  0 0  0 1  0 0
    58  -.8317406003791993E-03   3   1 1  0 0  0 1  0 0
    59  -.5619109783023645E-03   3   0 2  0 0  0 1  0 0
    60  0.2188343789769809E-01   3   1 0  1 0  0 1  0 0
    61  -.2354837188168449       3   0 1  1 0  0 1  0 0
    62  -.9865926668265165E-04   3   0 0  2 0  0 1  0 0
    63  -.2462763805815736       3   1 0  0 1  0 1  0 0
    64  -.4694456546980569       3   0 1  0 1  0 1  0 0
    65  -.6759660213121569E-03   3   0 0  1 1  0 1  0 0
    66  -.5948802401195651E-03   3   0 0  0 2  0 1  0 0
    67  -.2468788087057802E-03   3   2 0  0 0  0 0  1 0
    68  -.8306212830777850E-03   3   1 1  0 0  0 0  1 0
    69  -.5611547849897120E-03   3   0 2  0 0  0 0  1 0
    70  0.2185398819830635E-01   3   1 0  1 0  0 0  1 0
    71  -.2351668159260246       3   0 1  1 0  0 0  1 0
    72  -.9852649569120060E-04   3   0 0  2 0  0 0  1 0
    73  -.2459449534351906       3   1 0  0 1  0 0  1 0
    74  -.4688138968601713       3   0 1  0 1  0 0  1 0
    75  -.6750563380978508E-03   3   0 0  1 1  0 0  1 0
    76  -.5940796783281467E-03   3   0 0  0 2  0 0  1 0
    77  0.9052696310404777E-03   3   2 0  0 0  0 0  0 1
    78  0.1659903949846381E-02   3   1 1  0 0  0 0  0 1
    79  0.7973885311426925E-03   3   0 2  0 0  0 0  0 1
    80  0.5149248672364870       3   1 0  1 0  0 0  0 1
    81  0.4706523309568412       3   0 1  1 0  0 0  0 1
    82  0.5696966999609848E-03   3   0 0  2 0  0 0  0 1
    83  0.4922231370589490       3   1 0  0 1  0 0  0 1
    84  0.4529702167756530       3   0 1  0 1  0 0  0 1
    85  0.1352799196349562E-02   3   0 0  1 1  0 0  0 1
    86  0.7099595266729131E-03   3   0 0  0 2  0 0  0 1
    87  0.1178944985475223E-05   3   1 0  0 0  0 2  0 0
    88  0.1654969065819816E-04   3   0 1  0 0  0 2  0 0
    89  0.3389605502869892E-01   3   0 0  1 0  0 2  0 0
    90  -.4087235352749161       3   0 0  0 1  0 2  0 0
    91  0.8464301640963778E-06   3   1 0  0 0  0 1  1 0
    92  0.1211308588309375E-04   3   0 1  0 0  0 1  1 0
    93  0.2191056841771145E-01   3   0 0  1 0  0 1  1 0
    94  -.2473106939687556       3   0 0  0 1  0 1  1 0
    95  0.1176788873964714E-05   3   1 0  0 0  0 0  2 0
    96  0.1651926825442600E-04   3   0 1  0 0  0 0  2 0
    97  0.3383569621012329E-01   3   0 0  1 0  0 0  2 0
    98  -.4080070848653191       3   0 0  0 1  0 0  2 0
    99  -.3334044155640525E-05   3   1 0  0 0  0 1  0 1
   100  -.2435096158616776E-04   3   0 1  0 0  0 1  0 1
   101  -.8970249015190847E-01   3   0 0  1 0  0 1  0 1
   102  0.4941869539126751       3   0 0  0 1  0 1  0 1
   103  -.3329557356143940E-05   3   1 0  0 0  0 0  1 1
   104  -.2431819120968618E-04   3   0 1  0 0  0 0  1 1
   105  -.8958177276819376E-01   3   0 0  1 0  0 0  1 1
   106  0.4935219004003235       3   0 0  0 1  0 0  1 1
   107  0.3439591913838238E-05   3   1 0  0 0  0 0  0 2
   108  0.3375011789560639E-05   3   0 1  0 0  0 0  0 2
   109  0.8964203834961405E-01   3   0 0  1 0  0 0  0 2
   110  0.7633260748491980E-01   3   0 0  0 1  0 0  0 2
   111  0.2239746473579625E-05   3   0 0  0 0  0 3  0 0
   112  0.1280025397826699E-05   3   0 0  0 0  0 2  1 0
   113  0.1281956634475105E-05   3   0 0  0 0  0 1  2 0
   114  0.2234365118603833E-05   3   0 0  0 0  0 0  3 0
   115  -.5280934663110171E-05   3   0 0  0 0  0 2  0 1
   116  -.3364311705365230E-05   3   0 0  0 0  0 1  1 1
   117  -.5271564064053104E-05   3   0 0  0 0  0 0  2 1
   118  0.3362516834456647E-05   3   0 0  0 0  0 1  0 2
   119  0.3357991717770775E-05   3   0 0  0 0  0 0  1 2
   120  0.1596113755881837E-06   3   0 0  0 0  0 0  0 3
   121  -.4640467300990360E-02   4   4 0  0 0  0 0  0 0
   122  -.1705692319786614E-01   4   3 1  0 0  0 0  0 0
   123  -.2370342978021586E-01   4   2 2  0 0  0 0  0 0
   124  -.1447249423265953E-01   4   1 3  0 0  0 0  0 0
   125  -.3264705681827529E-02   4   0 4  0 0  0 0  0 0
   126   118.1870710119116       4   3 0  1 0  0 0  0 0
   127   329.1478980702744       4   2 1  1 0  0 0  0 0
   128   307.2717651846379       4   1 2  1 0  0 0  0 0
   129   96.38686998466939       4   0 3  1 0  0 0  0 0
   130  0.2609471746109214E-01   4   2 0  2 0  0 0  0 0
   131  0.5011366595496475E-01   4   1 1  2 0  0 0  0 0
   132  0.2399354504101629E-01   4   0 2  2 0  0 0  0 0
   133  -88.45903108505402       4   1 0  3 0  0 0  0 0
   134  -80.53998488603402       4   0 1  3 0  0 0  0 0
   135  -.3969516614181214E-02   4   0 0  4 0  0 0  0 0
   136   111.7431771193359       4   3 0  0 1  0 0  0 0
   137   313.2831846325245       4   2 1  0 1  0 0  0 0
   138   294.6171496709097       4   1 2  0 1  0 0  0 0
   139   93.14931953399150       4   0 3  0 1  0 0  0 0
   140  0.5089181391790052E-01   4   2 0  1 1  0 0  0 0
   141  0.9846873843605439E-01   4   1 1  1 1  0 0  0 0
   142  0.4817604307852296E-01   4   0 2  1 1  0 0  0 0
   143  -246.6911235489917       4   1 0  2 1  0 0  0 0
   144  -226.5024099741495       4   0 1  2 1  0 0  0 0
   145  -.1387307480762037E-01   4   0 0  3 1  0 0  0 0
   146  0.2450980629080017E-01   4   2 0  0 2  0 0  0 0
   147  0.4789237946276075E-01   4   1 1  0 2  0 0  0 0
   148  0.2396446078683482E-01   4   0 2  0 2  0 0  0 0
   149  -231.4045811504247       4   1 0  1 2  0 0  0 0
   150  -213.9752632909984       4   0 1  1 2  0 0  0 0
   151  -.1829048555992837E-01   4   0 0  2 2  0 0  0 0
   152  -72.74369524275896       4   1 0  0 3  0 0  0 0
   153  -67.65256392392737       4   0 1  0 3  0 0  0 0
   154  -.1045238038946764E-01   4   0 0  1 3  0 0  0 0
   155  -.1999649743170783E-02   4   0 0  0 4  0 0  0 0
   156  -.1154005246534549E-02   4   3 0  0 0  0 1  0 0
   157  0.9387355527101985E-02   4   2 1  0 0  0 1  0 0
   158  0.2055701063794306E-01   4   1 2  0 0  0 1  0 0
   159  0.1009495811182802E-01   4   0 3  0 0  0 1  0 0
   160   3.780056372654514       4   2 0  1 0  0 1  0 0
   161   14.09661097099909       4   1 1  1 0  0 1  0 0
   162   10.62237447577702       4   0 2  1 0  0 1  0 0
   163  0.2378940490626954E-02   4   1 0  2 0  0 1  0 0
   164  -.7007868529204960E-02   4   0 1  2 0  0 1  0 0
   165  0.4401796504654668       4   0 0  3 0  0 1  0 0
   166   6.457787510802141       4   2 0  0 1  0 1  0 0
   167   18.92580270833047       4   1 1  0 1  0 1  0 0
   168   13.99894978514172       4   0 2  0 1  0 1  0 0
   169  -.1390164101545017E-01   4   1 0  1 1  0 1  0 0
   170  -.2982580923123777E-01   4   0 1  1 1  0 1  0 0
   171   3.703892057354204       4   0 0  2 1  0 1  0 0
   172  -.1511432049707743E-01   4   1 0  0 2  0 1  0 0
   173  -.2199675378529151E-01   4   0 1  0 2  0 1  0 0
   174   5.495517014932212       4   0 0  1 2  0 1  0 0
   175   2.846158215411655       4   0 0  0 3  0 1  0 0
   176  -.1152452240660147E-02   4   3 0  0 0  0 0  1 0
   177  0.9374722466444349E-02   4   2 1  0 0  0 0  1 0
   178  0.2052934598184487E-01   4   1 2  0 0  0 0  1 0
   179  0.1008137279296003E-01   4   0 3  0 0  0 0  1 0
   180   3.774969350936081       4   2 0  1 0  0 0  1 0
   181   14.07764041630456       4   1 1  1 0  0 0  1 0
   182   10.60807938482269       4   0 2  1 0  0 0  1 0
   183  0.2375739024630251E-02   4   1 0  2 0  0 0  1 0
   184  -.6998437670007747E-02   4   0 1  2 0  0 0  1 0
   185  0.4395872774368186       4   0 0  3 0  0 0  1 0
   186   6.449096924715080       4   2 0  0 1  0 0  1 0
   187   18.90033325498777       4   1 1  0 1  0 0  1 0
   188   13.98011065826852       4   0 2  0 1  0 0  1 0
   189  -.1388293284213324E-01   4   1 0  1 1  0 0  1 0
   190  -.2978567106281607E-01   4   0 1  1 1  0 0  1 0
   191   3.698907533981806       4   0 0  2 1  0 0  1 0
   192  -.1509398035686571E-01   4   1 0  0 2  0 0  1 0
   193  -.2196715159071834E-01   4   0 1  0 2  0 0  1 0
   194   5.488121407128264       4   0 0  1 2  0 0  1 0
   195   2.842327989820145       4   0 0  0 3  0 0  1 0
   196  0.4033231593696334E-03   4   3 0  0 0  0 0  0 1
   197  0.1159635897988230E-02   4   2 1  0 0  0 0  0 1
   198  0.1119780710193618E-02   4   1 2  0 0  0 0  0 1
   199  0.3870544036290018E-03   4   0 3  0 0  0 0  0 1
   200  -14.53092938057393       4   2 0  1 0  0 0  0 1
   201  -28.15276735566037       4   1 1  1 0  0 0  0 1
   202  -14.00337559958689       4   0 2  1 0  0 0  0 1
   203  -.1015035798366564E-02   4   1 0  2 0  0 0  0 1
   204  -.1004298377325651E-02   4   0 1  2 0  0 0  0 1
   205  -2.343131442652210       4   0 0  3 0  0 0  0 1
   206  -12.89571783180263       4   2 0  0 1  0 0  0 1
   207  -25.54995006089639       4   1 1  0 1  0 0  0 1
   208  -13.53183794703462       4   0 2  0 1  0 0  0 1
   209  -.2029981910947603E-02   4   1 0  1 1  0 0  0 1
   210  -.2091231098832569E-02   4   0 1  1 1  0 0  0 1
   211  -7.410854696047272       4   0 0  2 1  0 0  0 1
   212  -.1003050059130661E-02   4   1 0  0 2  0 0  0 1
   213  -.1045508679941565E-02   4   0 1  0 2  0 0  0 1
   214  -7.049100672834820       4   0 0  1 2  0 0  0 1
   215  -2.604895563913014       4   0 0  0 3  0 0  0 1
   216  -.1106244729351958E-03   4   2 0  0 0  0 2  0 0
   217  0.1004708197870641E-03   4   1 1  0 0  0 2  0 0
   218  0.2054784293451232E-03   4   0 2  0 0  0 2  0 0
   219  -.1614927223797317E-01   4   1 0  1 0  0 2  0 0
   220  0.1665807638896484       4   0 1  1 0  0 2  0 0
   221  -.1013178447754115E-03   4   0 0  2 0  0 2  0 0
   222  0.1770885265235347       4   1 0  0 1  0 2  0 0
   223  0.4583883949603993       4   0 1  0 1  0 2  0 0
   224  0.2872230499615817E-03   4   0 0  1 1  0 2  0 0
   225  0.5446785863559207E-03   4   0 0  0 2  0 2  0 0
   226  -.1115562863401059E-03   4   2 0  0 0  0 1  1 0
   227  0.2117200376142489E-03   4   1 1  0 0  0 1  1 0
   228  0.3902176969665077E-03   4   0 2  0 0  0 1  1 0
   229  -.1112565496368965E-01   4   1 0  1 0  0 1  1 0
   230  0.9681062677334239E-01   4   0 1  1 0  0 1  1 0
   231  -.9390660679135514E-04   4   0 0  2 0  0 1  1 0
   232  0.1072935648897396       4   1 0  0 1  0 1  1 0
   233  0.4461126178401303       4   0 1  0 1  0 1  1 0
   234  0.2652021586568871E-03   4   0 0  1 1  0 1  1 0
   235  0.6334901641817373E-03   4   0 0  0 2  0 1  1 0
   236  -.1104005361367249E-03   4   2 0  0 0  0 0  2 0
   237  0.1001931494685191E-03   4   1 1  0 0  0 0  2 0
   238  0.2049393378657319E-03   4   0 2  0 0  0 0  2 0
   239  -.1612005311742595E-01   4   1 0  1 0  0 0  2 0
   240  0.1662914457587926       4   0 1  1 0  0 0  2 0
   241  -.1011183084519802E-03   4   0 0  2 0  0 0  2 0
   242  0.1767780138189032       4   1 0  0 1  0 0  2 0
   243  0.4574713387932932       4   0 1  0 1  0 0  2 0
   244  0.2866580704340087E-03   4   0 0  1 1  0 0  2 0
   245  0.5435193229804164E-03   4   0 0  0 2  0 0  2 0
   246  0.2546084789367246E-03   4   2 0  0 0  0 1  0 1
   247  -.6762968822130941E-04   4   1 1  0 0  0 1  0 1
   248  -.2474105752899717E-03   4   0 2  0 0  0 1  0 1
   249  0.4433340188245161E-01   4   1 0  1 0  0 1  0 1
   250  -.1926980572660409       4   0 1  1 0  0 1  0 1
   251  0.1875232040391791E-03   4   0 0  2 0  0 1  0 1
   252  -.2139569577974416       4   1 0  0 1  0 1  0 1
   253  -.4214866221460198       4   0 1  0 1  0 1  0 1
   254  -.2756789134060948E-03   4   0 0  1 1  0 1  0 1
   255  -.5185828173725630E-03   4   0 0  0 2  0 1  0 1
   256  0.2542658388450536E-03   4   2 0  0 0  0 0  1 1
   257  -.6753867537417804E-04   4   1 1  0 0  0 0  1 1
   258  -.2470776217978043E-03   4   0 2  0 0  0 0  1 1
   259  0.4427374007955950E-01   4   1 0  1 0  0 0  1 1
   260  -.1924387333021167       4   0 1  1 0  0 0  1 1
   261  0.1872708441488452E-03   4   0 0  2 0  0 0  1 1
   262  -.2136690246070794       4   1 0  0 1  0 0  1 1
   263  -.4209194053139119       4   0 1  0 1  0 0  1 1
   264  -.2753079177167303E-03   4   0 0  1 1  0 0  1 1
   265  -.5178849330569044E-03   4   0 0  0 2  0 0  1 1
   266  -.1766869054573011E-03   4   2 0  0 0  0 0  0 2
   267  -.3348882068261596E-03   4   1 1  0 0  0 0  0 2
   268  -.1573413439999065E-03   4   0 2  0 0  0 0  0 2
   269  -.4521122398803868E-01   4   1 0  1 0  0 0  0 2
   270  -.4399335905660974E-01   4   0 1  1 0  0 0  0 2
   271  -.7819349708365325E-04   4   0 0  2 0  0 0  0 2
   272  -.3335710285717390E-01   4   1 0  0 1  0 0  0 2
   273  -.3325272786126682E-01   4   0 1  0 1  0 0  0 2
   274  -.1694663584367354E-03   4   0 0  1 1  0 0  0 2
   275  -.8741454950249472E-04   4   0 0  0 2  0 0  0 2
   276  -.3250425506499467E-05   4   1 0  0 0  0 3  0 0
   277  -.1882393586729345E-04   4   0 1  0 0  0 3  0 0
   278  -.2788805036958613E-01   4   0 0  1 0  0 3  0 0
   279  0.3280775556256398       4   0 0  0 1  0 3  0 0
   280  -.2199164231128406E-05   4   1 0  0 0  0 2  1 0
   281  -.1317061596339042E-04   4   0 1  0 0  0 2  1 0
   282  -.1589615592449444E-01   4   0 0  1 0  0 2  1 0
   283  0.1668737408275411       4   0 0  0 1  0 2  1 0
   284  -.2201277507920054E-05   4   1 0  0 0  0 1  2 0
   285  -.1318197678399920E-04   4   0 1  0 0  0 1  2 0
   286  -.1592028735405979E-01   4   0 0  1 0  0 1  2 0
   287  0.1671982603248898       4   0 0  0 1  0 1  2 0
   288  -.3242386331881063E-05   4   1 0  0 0  0 0  3 0
   289  -.1877708707083189E-04   4   0 1  0 0  0 0  3 0
   290  -.2782107301339838E-01   4   0 0  1 0  0 0  3 0
   291  0.3273031547569882       4   0 0  0 1  0 0  3 0
   292  0.4305930996107235E-05   4   1 0  0 0  0 2  0 1
   293  0.2374462163630080E-04   4   0 1  0 0  0 2  0 1
   294  0.6567989873299523E-01   4   0 0  1 0  0 2  0 1
   295  -.3336347291002656       4   0 0  0 1  0 2  0 1
   296  0.3331462570678179E-05   4   1 0  0 0  0 1  1 1
   297  0.1850491879784954E-04   4   0 1  0 0  0 1  1 1
   298  0.4173110464750643E-01   4   0 0  1 0  0 1  1 1
   299  -.1735030481064784       4   0 0  0 1  0 1  1 1
   300  0.4297894614443566E-05   4   1 0  0 0  0 0  2 1
   301  0.2370021571976382E-04   4   0 1  0 0  0 0  2 1
   302  0.6556342994370902E-01   4   0 0  1 0  0 0  2 1
   303  -.3330689930928889       4   0 0  0 1  0 0  2 1
   304  -.6052404016107902E-06   4   1 0  0 0  0 1  0 2
   305  -.1852088043451929E-05   4   0 1  0 0  0 1  0 2
   306  -.4170299824804871E-01   4   0 0  1 0  0 1  0 2
   307  -.7381322846994534E-01   4   0 0  0 1  0 1  0 2
   308  -.6044258976022635E-06   4   1 0  0 0  0 0  1 2
   309  -.1849595590648908E-05   4   0 1  0 0  0 0  1 2
   310  -.4164687631840084E-01   4   0 0  1 0  0 0  1 2
   311  -.7371389410576759E-01   4   0 0  0 1  0 0  1 2
   312  0.1458871300566497E-06   4   1 0  0 0  0 0  0 3
   313  0.1190059664812221E-06   4   0 1  0 0  0 0  0 3
   314  -.2098896982164040E-02   4   0 0  1 0  0 0  0 3
   315  -.1714070297382664E-02   4   0 0  0 1  0 0  0 3
   316  -.5450646523232316E-05   4   0 0  0 0  0 4  0 0
   317  -.2874203369667576E-05   4   0 0  0 0  0 3  1 0
   318  -.2532009280976508E-05   4   0 0  0 0  0 2  2 0
   319  -.2881576044431635E-05   4   0 0  0 0  0 1  3 0
   320  -.5434050785371438E-05   4   0 0  0 0  0 0  4 0
   321  0.5922423407256696E-05   4   0 0  0 0  0 3  0 1
   322  0.3106640953786805E-05   4   0 0  0 0  0 2  1 1
   323  0.3112308886056392E-05   4   0 0  0 0  0 1  2 1
   324  0.5908380664662771E-05   4   0 0  0 0  0 0  3 1
   325  0.3503846386558350E-06   4   0 0  0 0  0 2  0 2
   326  0.4178403396998762E-06   4   0 0  0 0  0 1  1 2
   327  0.3496319526036709E-06   4   0 0  0 0  0 0  2 2
   328  0.2148958423281052E-08   4   0 0  0 0  0 1  0 3
   329  0.2146066456311882E-08   4   0 0  0 0  0 0  1 3
   330  -.5242203051593895E-14   4   0 0  0 0  0 0  0 4
   ----------------------------------------------------
     I  COEFFICIENT            ORDER EXPONENTS
     1  0.9248094580681539E-08   0   0 0  0 0  0 0  0 0
     2  0.3873764595201615E-07   1   1 0  0 0  0 0  0 0
     3  0.4078414640713152E-06   1   0 1  0 0  0 0  0 0
     4  0.5918391357358819E-05   1   0 0  1 0  0 0  0 0
     5  -.1824643134169599E-05   1   0 0  0 1  0 0  0 0
     6   1.000000000000000       1   0 0  0 0  1 0  0 0
     7  0.2621231482834399       1   0 0  0 0  0 1  0 0
     8  -.2621231478012020       1   0 0  0 0  0 0  1 0
     9  -.4822429630696838E-09   1   0 0  0 0  0 0  0 1
    10  -.3983193835457532E-01   2   2 0  0 0  0 0  0 0
    11  -.1598211809509933       2   1 1  0 0  0 0  0 0
    12  -.3710397933074289       2   0 2  0 0  0 0  0 0
    13  -.2820908081011385E-05   2   1 0  1 0  0 0  0 0
    14  -.5304630967202092E-05   2   0 1  1 0  0 0  0 0
    15  -.3538736190895316E-01   2   0 0  2 0  0 0  0 0
    16  -.5193275674457767E-05   2   1 0  0 1  0 0  0 0
    17  -.6895079888244797E-05   2   0 1  0 1  0 0  0 0
    18  0.2325155596574436E-01   2   0 0  1 1  0 0  0 0
    19  -.2158769961901414       2   0 0  0 2  0 0  0 0
    20  -.9111502991974069E-07   2   1 0  0 0  0 1  0 0
    21  -.6863081453949919E-06   2   0 1  0 0  0 1  0 0
    22  -.8705248298132206E-05   2   0 0  1 0  0 1  0 0
    23  0.1887896413104950E-06   2   0 0  0 1  0 1  0 0
    24  -.5235051618671524E-07   2   1 0  0 0  0 0  1 0
    25  -.2786199407160786E-06   2   0 1  0 0  0 0  1 0
    26  -.2791068020565313E-05   2   0 0  1 0  0 0  1 0
    27  -.1631207868545345E-05   2   0 0  0 1  0 0  1 0
    28  0.1434356028847929E-06   2   1 0  0 0  0 0  0 1
    29  0.5570098892572063E-06   2   0 1  0 0  0 0  0 1
    30  0.1149632936773791E-04   2   0 0  1 0  0 0  0 1
    31  0.3267081253330893E-05   2   0 0  0 1  0 0  0 1
    32  -.1967247328250072       2   0 0  0 0  0 2  0 0
    33  0.1313263166636759       2   0 0  0 0  0 1  1 0
    34  0.6539841545819104E-01   2   0 0  0 0  0 0  2 0
    35  0.7030335921004625E-09   2   0 0  0 0  0 1  0 1
    36  0.2211811771304770E-09   2   0 0  0 0  0 0  1 1
    37  -.2210291662737452E-09   2   0 0  0 0  0 0  0 2
    38  0.1881081947301042E-01   3   3 0  0 0  0 0  0 0
    39  0.7031338750502611E-01   3   2 1  0 0  0 0  0 0
    40  0.7990519323593666E-01   3   1 2  0 0  0 0  0 0
    41  0.2875280941000559E-01   3   0 3  0 0  0 0  0 0
    42  0.2546190361728688E-03   3   2 0  1 0  0 0  0 0
    43  0.4222492678697270E-03   3   1 1  1 0  0 0  0 0
    44  0.2542302533205500E-03   3   0 2  1 0  0 0  0 0
    45  0.1493259422195216E-01   3   1 0  2 0  0 0  0 0
    46  -.4867503604597356E-02   3   0 1  2 0  0 0  0 0
    47  0.3031958671883829E-04   3   0 0  3 0  0 0  0 0
    48  0.2074798621485687E-03   3   2 0  0 1  0 0  0 0
    49  0.3488250440435928E-03   3   1 1  0 1  0 0  0 0
    50  0.2070759617655131E-03   3   0 2  0 1  0 0  0 0
    51  -.1041477949742071E-01   3   1 0  1 1  0 0  0 0
    52  -.4036322518832570E-01   3   0 1  1 1  0 0  0 0
    53  0.1792443509565279E-03   3   0 0  2 1  0 0  0 0
    54  -.2082400209998332E-01   3   1 0  0 2  0 0  0 0
    55  -.3204462248455064E-01   3   0 1  0 2  0 0  0 0
    56  0.2147276723100101E-03   3   0 0  1 2  0 0  0 0
    57  0.6458111139300975E-04   3   0 0  0 3  0 0  0 0
    58  0.6087974717016312E-01   3   2 0  0 0  0 1  0 0
    59  0.2776431363986518       3   1 1  0 0  0 1  0 0
    60  0.6276709582861407       3   0 2  0 0  0 1  0 0
    61  0.4289791932495833E-05   3   1 0  1 0  0 1  0 0
    62  0.9394894151117377E-05   3   0 1  1 0  0 1  0 0
    63  0.5199258151178561E-01   3   0 0  2 0  0 1  0 0
    64  0.9140404139306697E-05   3   1 0  0 1  0 1  0 0
    65  0.1514106675774721E-04   3   0 1  0 1  0 1  0 0
    66  -.4400352777696417E-02   3   0 0  1 1  0 1  0 0
    67  0.3141971219470754       3   0 0  0 2  0 1  0 0
    68  0.2107311392395778E-01   3   2 0  0 0  0 0  1 0
    69  0.1178784208674129       3   1 1  0 0  0 0  1 0
    70  0.2567846341551376       3   0 2  0 0  0 0  1 0
    71  0.1457535685628408E-05   3   1 0  1 0  0 0  1 0
    72  0.4041719981587713E-05   3   0 1  1 0  0 0  1 0
    73  0.1663049876236175E-01   3   0 0  2 0  0 0  1 0
    74  0.3926372177461262E-05   3   1 0  0 1  0 0  1 0
    75  0.8181852430746009E-05   3   0 1  0 1  0 0  1 0
    76  0.1879467925067082E-01   3   0 0  1 1  0 0  1 0
    77  0.9847798055450328E-01   3   0 0  0 2  0 0  1 0
    78  -.8195305902525647E-01   3   2 0  0 0  0 0  0 1
    79  -.2357009484811171       3   1 1  0 0  0 0  0 1
    80  -.1423765438141341       3   0 2  0 0  0 0  0 1
    81  -.5720000599272781E-05   3   1 0  1 0  0 0  0 1
    82  -.8034881756287348E-05   3   0 1  1 0  0 0  0 1
    83  -.6862320018811259E-01   3   0 0  2 0  0 0  0 1
    84  -.7816054912719667E-05   3   1 0  0 1  0 0  0 1
    85  -.9371139318641041E-05   3   0 1  0 1  0 0  0 1
    86  -.3764602781994553E-01   3   0 0  1 1  0 0  0 1
    87  0.1907880010765750E-01   3   0 0  0 2  0 0  0 1
    88  0.1476006389569488E-06   3   1 0  0 0  0 2  0 0
    89  0.9479702070329057E-06   3   0 1  0 0  0 2  0 0
    90  0.1070996531466852E-04   3   0 0  1 0  0 2  0 0
    91  0.2237526603013216E-05   3   0 0  0 1  0 2  0 0
    92  0.1126328371453977E-06   3   1 0  0 0  0 1  1 0
    93  0.5228397930097872E-06   3   0 1  0 0  0 1  1 0
    94  0.4014907857975661E-05   3   0 0  1 0  0 1  1 0
    95  0.4853665530224084E-05   3   0 0  0 1  0 1  1 0
    96  0.5630323633061650E-07   3   1 0  0 0  0 0  2 0
    97  0.2615290217994412E-06   3   0 1  0 0  0 0  2 0
    98  0.2010597359089369E-05   3   0 0  1 0  0 0  2 0
    99  0.2423438422062284E-05   3   0 0  0 1  0 0  2 0
   100  -.3172014708382111E-06   3   1 0  0 0  0 1  0 1
   101  -.1046530531321172E-05   3   0 1  0 0  0 1  0 1
   102  -.1673330796167190E-04   3   0 0  1 0  0 1  0 1
   103  -.9710201954369171E-05   3   0 0  0 1  0 1  0 1
   104  -.1735720361644480E-06   3   1 0  0 0  0 0  1 1
   105  -.4893880510049575E-06   3   0 1  0 0  0 0  1 1
   106  -.5246403106805152E-05   3   0 0  1 0  0 0  1 1
   107  -.6439742230407095E-05   3   0 0  0 1  0 0  1 1
   108  0.1736728182184385E-06   3   1 0  0 0  0 0  0 2
   109  0.2108746367785516E-06   3   0 1  0 0  0 0  0 2
   110  0.5242753801801981E-05   3   0 0  1 0  0 0  0 2
   111  0.4808922922974929E-05   3   0 0  0 1  0 0  0 2
   112  0.1639593931621795       3   0 0  0 0  0 3  0 0
   113  -.9842878432545793E-01   3   0 0  0 0  0 2  1 0
   114  -.3289754802603204E-01   3   0 0  0 0  0 1  2 0
   115  -.3263309953128629E-01   3   0 0  0 0  0 0  3 0
   116  -.9306450511295124E-09   3   0 0  0 0  0 2  0 1
   117  0.3089413695107389E-09   3   0 0  0 0  0 1  1 1
   118  0.1535321495927536E-09   3   0 0  0 0  0 0  2 1
   119  -.2431610571467119E-10   3   0 0  0 0  0 1  0 2
   120  -.2497145875351933E-10   3   0 0  0 0  0 0  1 2
   121  -.4390200321075253E-12   3   0 0  0 0  0 0  0 3
   122  -.5447973879996489       4   4 0  0 0  0 0  0 0
   123  -2.617282511995111       4   3 1  0 0  0 0  0 0
   124  -5.023125645128697       4   2 2  0 0  0 0  0 0
   125  -4.414480573192593       4   1 3  0 0  0 0  0 0
   126  -1.689372368515929       4   0 4  0 0  0 0  0 0
   127  -.8099019067705926E-03   4   3 0  1 0  0 0  0 0
   128  -.2186268088310748E-02   4   2 1  1 0  0 0  0 0
   129  -.2005290770361750E-02   4   1 2  1 0  0 0  0 0
   130  -.6339096157152680E-03   4   0 3  1 0  0 0  0 0
   131  -1.586401052856619       4   2 0  2 0  0 0  0 0
   132  -3.057817322733239       4   1 1  2 0  0 0  0 0
   133  -1.872534961163579       4   0 2  2 0  0 0  0 0
   134  0.6885843340668209E-03   4   1 0  3 0  0 0  0 0
   135  0.5748864675014733E-03   4   0 1  3 0  0 0  0 0
   136  -.1673957940190247       4   0 0  4 0  0 0  0 0
   137  -.7375658272495186E-03   4   3 0  0 1  0 0  0 0
   138  -.2057132612620002E-02   4   2 1  0 1  0 0  0 0
   139  -.1950456092538222E-02   4   1 2  0 1  0 0  0 0
   140  -.6380316016835363E-03   4   0 3  0 1  0 0  0 0
   141  -2.992391899619497       4   2 0  1 1  0 0  0 0
   142  -5.640734673521031       4   1 1  1 1  0 0  0 0
   143  -3.261471431320589       4   0 2  1 1  0 0  0 0
   144  0.1795883974182402E-02   4   1 0  2 1  0 0  0 0
   145  0.1478337437087572E-02   4   0 1  2 1  0 0  0 0
   146  -.7805175778103971       4   0 0  3 1  0 0  0 0
   147  -1.133122818239566       4   2 0  0 2  0 0  0 0
   148  -2.303701656097155       4   1 1  0 2  0 0  0 0
   149  -1.769010115917401       4   0 2  0 2  0 0  0 0
   150  0.1570545988484743E-02   4   1 0  1 2  0 0  0 0
   151  0.1265271048481700E-02   4   0 1  1 2  0 0  0 0
   152  -1.154229490614907       4   0 0  2 2  0 0  0 0
   153  0.4498163566695012E-03   4   1 0  0 3  0 0  0 0
   154  0.3478678211440812E-03   4   0 1  0 3  0 0  0 0
   155  -.6015043658748928       4   0 0  1 3  0 0  0 0
   156  -.2247308607695869       4   0 0  0 4  0 0  0 0
   157  -.2998493497440995E-01   4   3 0  0 0  0 1  0 0
   158  -.1369675739163526       4   2 1  0 0  0 1  0 0
   159  -.1897468925353356       4   1 2  0 0  0 1  0 0
   160  -.8165216241126483E-01   4   0 3  0 0  0 1  0 0
   161  0.7864821263384362E-04   4   2 0  1 0  0 1  0 0
   162  0.1073328838604052E-04   4   1 1  1 0  0 1  0 0
   163  -.9790283921380980E-04   4   0 2  1 0  0 1  0 0
   164  -.2181808800316663E-01   4   1 0  2 0  0 1  0 0
   165  0.1894690501692029E-03   4   0 1  2 0  0 1  0 0
   166  0.7783189683994696E-04   4   0 0  3 0  0 1  0 0
   167  -.1065433278285848E-03   4   2 0  0 1  0 1  0 0
   168  -.2104284057810713E-03   4   1 1  0 1  0 1  0 0
   169  -.1273176079473974E-03   4   0 2  0 1  0 1  0 0
   170  0.2831057160260560E-02   4   1 0  1 1  0 1  0 0
   171  0.6774978345333621E-01   4   0 1  1 1  0 1  0 0
   172  0.5785442976268824E-04   4   0 0  2 1  0 1  0 0
   173  0.3572348590148002E-01   4   1 0  0 2  0 1  0 0
   174  0.7402379052638078E-01   4   0 1  0 2  0 1  0 0
   175  -.2392206216535736E-03   4   0 0  1 2  0 1  0 0
   176  -.1486290605922380E-03   4   0 0  0 3  0 1  0 0
   177  -.1092270379826871E-01   4   3 0  0 0  0 0  1 0
   178  -.6548891460664250E-01   4   2 1  0 0  0 0  1 0
   179  -.1081956912528754       4   1 2  0 0  0 0  1 0
   180  -.5210518393444592E-01   4   0 3  0 0  0 0  1 0
   181  0.4230437150601482E-04   4   2 0  1 0  0 0  1 0
   182  -.1118724133972333E-03   4   1 1  1 0  0 0  1 0
   183  -.1500387631335202E-03   4   0 2  1 0  0 0  1 0
   184  -.6793056611059671E-02   4   1 0  2 0  0 0  1 0
   185  -.4271175075713716E-02   4   0 1  2 0  0 0  1 0
   186  0.2889174409689604E-04   4   0 0  3 0  0 0  1 0
   187  -.1053548670849857E-03   4   2 0  0 1  0 0  1 0
   188  -.2833770949680951E-03   4   1 1  0 1  0 0  1 0
   189  -.1891741528838552E-03   4   0 2  0 1  0 0  1 0
   190  -.7411676475356638E-02   4   1 0  1 1  0 0  1 0
   191  0.2796764714595755E-01   4   0 1  1 1  0 0  1 0
   192  0.1116567010216704E-04   4   0 0  2 1  0 0  1 0
   193  0.1501355329201032E-01   4   1 0  0 2  0 0  1 0
   194  0.4227547493319060E-01   4   0 1  0 2  0 0  1 0
   195  -.1792060183583979E-03   4   0 0  1 2  0 0  1 0
   196  -.1112395996231207E-03   4   0 0  0 3  0 0  1 0
   197  0.4058426462748461E-01   4   3 0  0 0  0 0  0 1
   198  0.1302063847433108       4   2 1  0 0  0 0  0 1
   199  0.1348980994407636       4   1 2  0 0  0 0  0 1
   200  0.4560926269594548E-01   4   0 3  0 0  0 0  0 1
   201  -.6551118459215740E-04   4   2 0  1 0  0 0  0 1
   202  -.1502065629059602E-03   4   1 1  1 0  0 0  0 1
   203  -.5451740105817377E-04   4   0 2  1 0  0 0  0 1
   204  0.2841874584427403E-01   4   1 0  2 0  0 0  0 1
   205  0.8156206411720185E-02   4   0 1  2 0  0 0  0 1
   206  -.7678818850982209E-04   4   0 0  3 0  0 0  0 1
   207  -.3761335226316672E-04   4   2 0  0 1  0 0  0 1
   208  -.1222434044067406E-03   4   1 1  0 1  0 0  0 1
   209  -.5064953982337795E-04   4   0 2  0 1  0 0  0 1
   210  0.1469688326841459E-01   4   1 0  1 1  0 0  0 1
   211  -.1609396544010106E-01   4   0 1  1 1  0 0  0 1
   212  -.1592820160437467E-03   4   0 0  2 1  0 0  0 1
   213  -.9353196222363728E-02   4   1 0  0 2  0 0  0 1
   214  -.2093404936996940E-01   4   0 1  0 2  0 0  0 1
   215  -.7822941536813843E-04   4   0 0  1 2  0 0  0 1
   216  0.9155883376366064E-05   4   0 0  0 3  0 0  0 1
   217  -.7726638492273202E-01   4   2 0  0 0  0 2  0 0
   218  -.3859951070252770       4   1 1  0 0  0 2  0 0
   219  -.8646905476404011       4   0 2  0 0  0 2  0 0
   220  -.8837920201033563E-05   4   1 0  1 0  0 2  0 0
   221  -.2192712625197753E-04   4   0 1  1 0  0 2  0 0
   222  -.6390974062001815E-01   4   0 0  2 0  0 2  0 0
   223  -.2207644213844177E-04   4   1 0  0 1  0 2  0 0
   224  -.3816315290150875E-04   4   0 1  0 1  0 2  0 0
   225  -.2403657232444447E-01   4   0 0  1 1  0 2  0 0
   226  -.3897314416714574       4   0 0  0 2  0 2  0 0
   227  -.3276031505271807E-01   4   2 0  0 0  0 1  1 0
   228  -.2166821665652142       4   1 1  0 0  0 1  1 0
   229  -.4740700175793633       4   0 2  0 0  0 1  1 0
   230  -.3428075674932685E-05   4   1 0  1 0  0 1  1 0
   231  -.1100185676722120E-04   4   0 1  1 0  0 1  1 0
   232  -.2386586878003702E-01   4   0 0  2 0  0 1  1 0
   233  -.1117895854022388E-04   4   1 0  0 1  0 1  1 0
   234  -.2457193893094847E-04   4   0 1  0 1  0 1  1 0
   235  -.5688274347247271E-01   4   0 0  1 1  0 1  1 0
   236  -.1511467870204915       4   0 0  0 2  0 1  1 0
   237  -.1639900694208302E-01   4   2 0  0 0  0 0  2 0
   238  -.1083817859660213       4   1 1  0 0  0 0  2 0
   239  -.2371376086050912       4   0 2  0 0  0 0  2 0
   240  -.1732701160723458E-05   4   1 0  1 0  0 0  2 0
   241  -.5520444438874860E-05   4   0 1  1 0  0 0  2 0
   242  -.1195178571996697E-01   4   0 0  2 0  0 0  2 0
   243  -.5604822501362781E-05   4   1 0  0 1  0 0  2 0
   244  -.1228783877397895E-04   4   0 1  0 1  0 0  2 0
   245  -.2840013153263770E-01   4   0 0  1 1  0 0  2 0
   246  -.7568274530088072E-01   4   0 0  0 2  0 0  2 0
   247  0.1263850480141178       4   2 0  0 0  0 1  0 1
   248  0.4333285295880255       4   1 1  0 0  0 1  0 1
   249  0.3204083060207398       4   0 2  0 0  0 1  0 1
   250  0.7948505110233309E-05   4   1 0  1 0  0 1  0 1
   251  0.1823000151115041E-04   4   0 1  1 0  0 1  0 1
   252  0.9971095842401240E-01   4   0 0  2 0  0 1  0 1
   253  0.1838922649321103E-04   4   1 0  0 1  0 1  0 1
   254  0.2856228153052297E-04   4   0 1  0 1  0 1  0 1
   255  0.1137941392254005       4   0 0  1 1  0 1  0 1
   256  -.1196202090052249E-01   4   0 0  0 2  0 1  0 1
   257  0.4447390316928945E-01   4   2 0  0 0  0 0  1 1
   258  0.1976635592841390       4   1 1  0 0  0 0  1 1
   259  0.1779769241442268       4   0 2  0 0  0 0  1 1
   260  0.2676307820743709E-05   4   1 0  1 0  0 0  1 1
   261  0.7818607247387930E-05   4   0 1  1 0  0 0  1 1
   262  0.3114438836847799E-01   4   0 0  2 0  0 0  1 1
   263  0.7950329322262980E-05   4   1 0  0 1  0 0  1 1
   264  0.1444788690678561E-04   4   0 1  0 1  0 0  1 1
   265  0.7610701631977594E-01   4   0 0  1 1  0 0  1 1
   266  0.7086298218432138E-02   4   0 0  0 2  0 0  1 1
   267  -.4444271175935138E-01   4   2 0  0 0  0 0  0 2
   268  -.7977571839471199E-01   4   1 1  0 0  0 0  0 2
   269  -.3561852122339638E-01   4   0 2  0 0  0 0  0 2
   270  -.7918151218934009E-06   4   1 0  1 0  0 0  0 2
   271  -.6582700464580827E-06   4   0 1  1 0  0 0  0 2
   272  -.3112188811734036E-01   4   0 0  2 0  0 0  0 2
   273  -.6856178166243196E-06   4   1 0  0 1  0 0  0 2
   274  -.5685004117501957E-06   4   0 1  0 1  0 0  0 2
   275  -.5731549542331007E-01   4   0 0  1 1  0 0  0 2
   276  -.2618562054201786E-01   4   0 0  0 2  0 0  0 2
   277  -.7860158141394707E-04   4   1 0  0 0  0 3  0 0
   278  -.1771263712592415E-03   4   0 1  0 0  0 3  0 0
   279  -.2109783746245203E-04   4   0 0  1 0  0 3  0 0
   280  0.4224991363369900E-05   4   0 0  0 1  0 3  0 0
   281  -.3773253132294095E-04   4   1 0  0 0  0 2  1 0
   282  -.8521856136431737E-04   4   0 1  0 0  0 2  1 0
   283  -.7831642578975816E-05   4   0 0  1 0  0 2  1 0
   284  -.4647222168066773E-05   4   0 0  0 1  0 2  1 0
   285  -.2328576304049227E-04   4   1 0  0 0  0 1  2 0
   286  -.5263903865971819E-04   4   0 1  0 0  0 1  2 0
   287  -.4516501638534738E-05   4   0 0  1 0  0 1  2 0
   288  -.3739140648786061E-05   4   0 0  0 1  0 1  2 0
   289  -.1259769731749876E-04   4   1 0  0 0  0 0  3 0
   290  -.2845149135804206E-04   4   0 1  0 0  0 0  3 0
   291  -.2618189159459966E-05   4   0 0  1 0  0 0  3 0
   292  -.1541876037098816E-05   4   0 0  0 1  0 0  3 0
   293  0.7127805046015600E-04   4   1 0  0 0  0 2  0 1
   294  0.6656505186604176E-04   4   0 1  0 0  0 2  0 1
   295  0.1690918153304967E-04   4   0 0  1 0  0 2  0 1
   296  0.2640097137852339E-04   4   0 0  0 1  0 2  0 1
   297  0.3358725021972618E-04   4   1 0  0 0  0 1  1 1
   298  0.3471415704045837E-04   4   0 1  0 0  0 1  1 1
   299  0.5271856568704838E-05   4   0 0  1 0  0 1  1 1
   300  0.1737654236602437E-04   4   0 0  0 1  0 1  1 1
   301  0.1680759644446634E-04   4   1 0  0 0  0 0  2 1
   302  0.1736671699913522E-04   4   0 1  0 0  0 0  2 1
   303  0.2641995087061093E-05   4   0 0  1 0  0 0  2 1
   304  0.8688701600437211E-05   4   0 0  0 1  0 0  2 1
   305  -.2958001682989995E-05   4   1 0  0 0  0 1  0 2
   306  -.2541219365175783E-05   4   0 1  0 0  0 1  0 2
   307  0.8810320902993869E-06   4   0 0  1 0  0 1  0 2
   308  -.1355971454738919E-05   4   0 0  0 1  0 1  0 2
   309  -.2061282640595749E-05   4   1 0  0 0  0 0  1 2
   310  -.1815506670354129E-05   4   0 1  0 0  0 0  1 2
   311  0.5977766281783582E-06   4   0 0  1 0  0 0  1 2
   312  -.1583067822071196E-05   4   0 0  0 1  0 0  1 2
   313  0.6296392760563569E-08   4   1 0  0 0  0 0  0 3
   314  0.4724812721327150E-08   4   0 1  0 0  0 0  0 3
   315  0.2149587880520852E-08   4   0 0  1 0  0 0  0 3
   316  0.1624274570171262E-08   4   0 0  0 1  0 0  0 3
   317  -.1434727828333757       4   0 0  0 0  0 4  0 0
   318  0.8201284972297403E-01   4   0 0  0 0  0 3  1 0
   319  0.2462383908129951E-01   4   0 0  0 0  0 2  2 0
   320  0.1648163314917744E-01   4   0 0  0 0  0 1  3 0
   321  0.2035440593530091E-01   4   0 0  0 0  0 0  4 0
   322  0.1617001337303254E-08   4   0 0  0 0  0 3  0 1
   323  0.1343591092403711E-08   4   0 0  0 0  0 2  1 1
   324  0.1212031880996492E-08   4   0 0  0 0  0 1  2 1
   325  0.4006597066708863E-09   4   0 0  0 0  0 0  3 1
   326  -.6616334935318825E-11   4   0 0  0 0  0 2  0 2
   327  -.3540381221403918E-10   4   0 0  0 0  0 1  1 2
   328  -.4897183674834087E-11   4   0 0  0 0  0 0  2 2
   329  0.1672169547890241E-12   4   0 0  0 0  0 1  0 3
   330  -.2708472801653449E-12   4   0 0  0 0  0 0  1 3
   ----------------------------------------------------
     I  COEFFICIENT            ORDER EXPONENTS
     1   1.000000000000000       1   0 0  0 0  0 1  0 0
     --------------------------------------------------
     I  COEFFICIENT            ORDER EXPONENTS
     1   1.000000000000000       1   0 0  0 0  0 0  1 0
     --------------------------------------------------
     I  COEFFICIENT            ORDER EXPONENTS
     1   1.000000000000000       1   0 0  0 0  0 0  0 1
     --------------------------------------------------
