 L    0.1049906000000000E+01
 P (  0.0000000000000000E+00,  0.0000000000000000E+00,  0.0000000000000000E+00)
 A (  0.0000000000000000E+00,  0.0000000000000000E+00,  0.0000000000000000E+00)
     I  COEFFICIENT            ORDER EXPONENTS
     1  0.9165082305784850E-04   0   0 0  0 0  0 0  0 0
     2   1.201349424284947       1   1 0  0 0  0 0  0 0
     3   1.223902540861606       1   0 1  0 0  0 0  0 0
     4  0.6197656548045141E-05   1   0 0  1 0  0 0  0 0
     5  0.5254922414971234E-05   1   0 0  0 1  0 0  0 0
     6  0.4991971721591933E-06   1   0 0  0 0  0 1  0 0
     7  0.4985253761311906E-06   1   0 0  0 0  0 0  1 0
     8  -.9977225474081775E-06   1   0 0  0 0  0 0  0 1
     9  -.4632854657918065E-01   2   2 0  0 0  0 0  0 0
    10  -.8105167064016809E-01   2   1 1  0 0  0 0  0 0
    11  -.3560127187424876E-01   2   0 2  0 0  0 0  0 0
    12  0.2373423034867977E-03   2   1 0  1 0  0 0  0 0
    13  0.5157141831324609E-04   2   0 1  1 0  0 0  0 0
    14  0.4036435814852975E-01   2   0 0  2 0  0 0  0 0
    15  0.2087477017167282E-03   2   1 0  0 1  0 0  0 0
    16  0.5777222941733248E-04   2   0 1  0 1  0 0  0 0
    17  0.7064358918215356E-01   2   0 0  1 1  0 0  0 0
    18  0.3107545728068376E-01   2   0 0  0 2  0 0  0 0
    19  -.1037274448606230       2   1 0  0 0  0 1  0 0
    20  -.7018361733551099       2   0 1  0 0  0 1  0 0
    21  -.3267951289471542E-05   2   0 0  1 0  0 1  0 0
    22  -.5412545591729336E-05   2   0 0  0 1  0 1  0 0
    23  -.1035878533538348       2   1 0  0 0  0 0  1 0
    24  -.7008916753094020       2   0 1  0 0  0 0  1 0
    25  -.3263553434639393E-05   2   0 0  1 0  0 0  1 0
    26  -.5405261642956427E-05   2   0 0  0 1  0 0  1 0
    27  0.2073152982236504       2   1 0  0 0  0 0  0 1
    28  0.1788253078122050       2   0 1  0 0  0 0  0 1
    29  0.6531500141716181E-05   2   0 0  1 0  0 0  0 1
    30  0.5562880625198010E-05   2   0 0  0 1  0 0  0 1
    31  -.4114497934943728E-06   2   0 0  0 0  0 2  0 0
    32  -.3239238453921379E-06   2   0 0  0 0  0 1  1 0
    33  -.4106781231707738E-06   2   0 0  0 0  0 0  2 0
    34  0.6475716972727788E-06   2   0 0  0 0  0 1  0 1
    35  0.6467002258015537E-06   2   0 0  0 0  0 0  1 1
    36  -.1482714432508176E-06   2   0 0  0 0  0 0  0 2
    37  0.5088565465538630       3   3 0  0 0  0 0  0 0
    38   2.629724871129985       3   2 1  0 0  0 0  0 0
    39   3.736144287916403       3   1 2  0 0  0 0  0 0
    40   2.213962549181597       3   0 3  0 0  0 0  0 0
    41  -.3897417549445186E-02   3   2 0  1 0  0 0  0 0
    42  -.6773133544546121E-02   3   1 1  1 0  0 0  0 0
    43  -.2945566415347913E-02   3   0 2  1 0  0 0  0 0
    44  -.3201264693103548       3   1 0  2 0  0 0  0 0
    45  0.5170175550889022       3   0 1  2 0  0 0  0 0
    46  0.1117035010982234E-02   3   0 0  3 0  0 0  0 0
    47  -.3398348752744489E-02   3   2 0  0 1  0 0  0 0
    48  -.5933564967873112E-02   3   1 1  0 1  0 0  0 0
    49  -.2589799047334121E-02   3   0 2  0 1  0 0  0 0
    50  -.7699696271153018       3   1 0  1 1  0 0  0 0
    51  0.5832354280529601       3   0 1  1 1  0 0  0 0
    52  0.2943201777839750E-02   3   0 0  2 1  0 0  0 0
    53  -.2130761663124104       3   1 0  0 2  0 0  0 0
    54  0.9223800518443290       3   0 1  0 2  0 0  0 0
    55  0.2604569405269991E-02   3   0 0  1 2  0 0  0 0
    56  0.7767728521869885E-03   3   0 0  0 3  0 0  0 0
    57  0.2538243413708511E-01   3   2 0  0 0  0 1  0 0
    58  0.8488991580067322E-01   3   1 1  0 0  0 1  0 0
    59  0.5506148514022209E-01   3   0 2  0 0  0 1  0 0
    60  -.1414203940165708E-03   3   1 0  1 0  0 1  0 0
    61  -.6963940060731154E-04   3   0 1  1 0  0 1  0 0
    62  -.1939185273869912E-01   3   0 0  2 0  0 1  0 0
    63  -.2372979628358998E-03   3   1 0  0 1  0 1  0 0
    64  -.1108486476109434E-03   3   0 1  0 1  0 1  0 0
    65  -.6921877349038075E-01   3   0 0  1 1  0 1  0 0
    66  -.4597619111107442E-01   3   0 0  0 2  0 1  0 0
    67  0.2534827565345631E-01   3   2 0  0 0  0 0  1 0
    68  0.8477567495271209E-01   3   1 1  0 0  0 0  1 0
    69  0.5498738598847839E-01   3   0 2  0 0  0 0  1 0
    70  -.1412300771152155E-03   3   1 0  1 0  0 0  1 0
    71  -.6954568318396539E-04   3   0 1  1 0  0 0  1 0
    72  -.1936575609718970E-01   3   0 0  2 0  0 0  1 0
    73  -.2369786184209803E-03   3   1 0  0 1  0 0  1 0
    74  -.1106994727251041E-03   3   0 1  0 1  0 0  1 0
    75  -.6912562212718511E-01   3   0 0  1 1  0 0  1 0
    76  -.4591431851985995E-01   3   0 0  0 2  0 0  1 0
    77  -.5073072936741576E-01   3   2 0  0 0  0 0  0 1
    78  -.8861394419958422E-01   3   1 1  0 0  0 0  0 1
    79  -.3884633332295735E-01   3   0 2  0 0  0 0  0 1
    80  0.2824078641791380E-03   3   1 0  1 0  0 0  0 1
    81  0.8736354704545900E-04   3   0 1  1 0  0 0  0 1
    82  0.3875761723082075E-01   3   0 0  2 0  0 0  0 1
    83  0.2652869250275501E-03   3   1 0  0 1  0 0  0 1
    84  0.1057546364610181E-03   3   0 1  0 1  0 0  0 1
    85  0.6770080804695242E-01   3   0 0  1 1  0 0  0 1
    86  0.2973959043073037E-01   3   0 0  0 2  0 0  0 1
    87  0.7928334209054776E-01   3   1 0  0 0  0 2  0 0
    88  0.5722433087547583       3   0 1  0 0  0 2  0 0
    89  0.2559297480382664E-05   3   0 0  1 0  0 2  0 0
    90  0.5567940313642129E-05   3   0 0  0 1  0 2  0 0
    91  0.5490491928554008E-01   3   1 0  0 0  0 1  1 0
    92  0.4429981379556526       3   0 1  0 0  0 1  1 0
    93  0.1811001482610497E-05   3   0 0  1 0  0 1  1 0
    94  0.5671982462366821E-05   3   0 0  0 1  0 1  1 0
    95  0.7913970207885947E-01   3   1 0  0 0  0 0  2 0
    96  0.5711751276705886       3   0 1  0 0  0 0  2 0
    97  0.2554634718291969E-05   3   0 0  1 0  0 0  2 0
    98  0.5556630698651437E-05   3   0 0  0 1  0 0  2 0
    99  -.1097444289402067       3   1 0  0 0  0 1  0 1
   100  -.1838130478643493       3   0 1  0 0  0 1  0 1
   101  -.3582919156810566E-05   3   0 0  1 0  0 1  0 1
   102  -.5846375495019371E-05   3   0 0  0 1  0 1  0 1
   103  -.1095967400598147       3   1 0  0 0  0 0  1 1
   104  -.1835656809273422       3   0 1  0 0  0 0  1 1
   105  -.3578097433066454E-05   3   0 0  1 0  0 0  1 1
   106  -.5838507718408302E-05   3   0 0  0 1  0 0  1 1
   107  0.6013020429762051E-02   3   1 0  0 0  0 0  0 2
   108  0.4864149290700380E-02   3   0 1  0 0  0 0  0 2
   109  0.2741712711450259E-06   3   0 0  1 0  0 0  0 2
   110  0.2472693783162024E-06   3   0 0  0 1  0 0  0 2
   111  0.3679096157902314E-06   3   0 0  0 0  0 3  0 0
   112  0.2807233063900575E-06   3   0 0  0 0  0 2  1 0
   113  0.2808983038586022E-06   3   0 0  0 0  0 1  2 0
   114  0.3669783052934916E-06   3   0 0  0 0  0 0  3 0
   115  -.5615178734110466E-06   3   0 0  0 0  0 2  0 1
   116  -.4755708217978076E-06   3   0 0  0 0  0 1  1 1
   117  -.5604422087769427E-06   3   0 0  0 0  0 0  2 1
   118  0.1516278217681131E-06   3   0 0  0 0  0 1  0 2
   119  0.1514237681915400E-06   3   0 0  0 0  0 0  1 2
   120  -.2177603133164662E-08   3   0 0  0 0  0 0  0 3
   121  -4.704150792111462       4   4 0  0 0  0 0  0 0
   122  -16.98299024938738       4   3 1  0 0  0 0  0 0
   123  -23.14418419504821       4   2 2  0 0  0 0  0 0
   124  -14.14713507528327       4   1 3  0 0  0 0  0 0
   125  -3.279512591207231       4   0 4  0 0  0 0  0 0
   126  -.2916431622933191E-02   4   3 0  1 0  0 0  0 0
   127  -.7667320063962879E-02   4   2 1  1 0  0 0  0 0
   128  -.6950870727651159E-02   4   1 2  1 0  0 0  0 0
   129  -.2138449725099080E-02   4   0 3  1 0  0 0  0 0
   130   23.40326140535668       4   2 0  2 0  0 0  0 0
   131   40.76095701857046       4   1 1  2 0  0 0  0 0
   132   17.88752576304828       4   0 2  2 0  0 0  0 0
   133  0.1966721284546026E-02   4   1 0  3 0  0 0  0 0
   134  0.1909503921173823E-02   4   0 1  3 0  0 0  0 0
   135  -3.356867298294147       4   0 0  4 0  0 0  0 0
   136  -.2792134608958627E-02   4   3 0  0 1  0 0  0 0
   137  -.7369114988518868E-02   4   2 1  0 1  0 0  0 0
   138  -.6464285030016372E-02   4   1 2  0 1  0 0  0 0
   139  -.1869509116332791E-02   4   0 3  0 1  0 0  0 0
   140   41.49504020563310       4   2 0  1 1  0 0  0 0
   141   72.67651261044884       4   1 1  1 1  0 0  0 0
   142   32.10162577995118       4   0 2  1 1  0 0  0 0
   143  0.4638383202400989E-02   4   1 0  2 1  0 0  0 0
   144  0.4222936678025706E-02   4   0 1  2 1  0 0  0 0
   145  -11.61278584416827       4   0 0  3 1  0 0  0 0
   146   18.43228750959162       4   2 0  0 2  0 0  0 0
   147   32.42215797381503       4   1 1  0 2  0 0  0 0
   148   14.39516108235341       4   0 2  0 2  0 0  0 0
   149  0.3639392181998732E-02   4   1 0  1 2  0 0  0 0
   150  0.3050167849097596E-02   4   0 1  1 2  0 0  0 0
   151  -15.11797374995101       4   0 0  2 2  0 0  0 0
   152  0.1126695437484098E-02   4   1 0  0 3  0 0  0 0
   153  0.8567674366191895E-03   4   0 1  0 3  0 0  0 0
   154  -8.740592565730699       4   0 0  1 3  0 0  0 0
   155  -1.885000314487335       4   0 0  0 4  0 0  0 0
   156  -.6388134610623499       4   3 0  0 0  0 1  0 0
   157  -3.924594778677152       4   2 1  0 0  0 1  0 0
   158  -7.002773157554977       4   1 2  0 0  0 1  0 0
   159  -4.656961699288430       4   0 3  0 0  0 1  0 0
   160  -.3414427398779278E-03   4   2 0  1 0  0 1  0 0
   161  0.2405656299270486E-02   4   1 1  1 0  0 1  0 0
   162  0.2312209369578554E-02   4   0 2  1 0  0 1  0 0
   163  0.2886260116645110       4   1 0  2 0  0 1  0 0
   164  -.4169863373909132       4   0 1  2 0  0 1  0 0
   165  0.5288159489313071E-04   4   0 0  3 0  0 1  0 0
   166  0.1171118068091653E-02   4   2 0  0 1  0 1  0 0
   167  0.4629878458774821E-02   4   1 1  0 1  0 1  0 0
   168  0.3111834157687550E-02   4   0 2  0 1  0 1  0 0
   169   1.110559365004629       4   1 0  1 1  0 1  0 0
   170  -.5889938235861351       4   0 1  1 1  0 1  0 0
   171  -.1221145392707177E-02   4   0 0  2 1  0 1  0 0
   172  0.5089282830570440       4   1 0  0 2  0 1  0 0
   173  -1.419386719075301       4   0 1  0 2  0 1  0 0
   174  -.2288574053756725E-02   4   0 0  1 2  0 1  0 0
   175  -.1047553539633706E-02   4   0 0  0 3  0 1  0 0
   176  -.6379537760126994       4   3 0  0 0  0 0  1 0
   177  -3.919313243983797       4   2 1  0 0  0 0  1 0
   178  -6.993349155468855       4   1 2  0 0  0 0  1 0
   179  -4.650694579708550       4   0 3  0 0  0 0  1 0
   180  -.3409832423302404E-03   4   2 0  1 0  0 0  1 0
   181  0.2402418880397579E-02   4   1 1  1 0  0 0  1 0
   182  0.2309097707179626E-02   4   0 2  1 0  0 0  1 0
   183  0.2882375923804876       4   1 0  2 0  0 0  1 0
   184  -.4164251768299374       4   0 1  2 0  0 0  1 0
   185  0.5281042933494684E-04   4   0 0  3 0  0 0  1 0
   186  0.1169542032588497E-02   4   2 0  0 1  0 0  1 0
   187  0.4623647786543616E-02   4   1 1  0 1  0 0  1 0
   188  0.3107646397933796E-02   4   0 2  0 1  0 0  1 0
   189   1.109064826550056       4   1 0  1 1  0 0  1 0
   190  -.5882011834566696       4   0 1  1 1  0 0  1 0
   191  -.1219502032788261E-02   4   0 0  2 1  0 0  1 0
   192  0.5082433913586636       4   1 0  0 2  0 0  1 0
   193  -1.417476575322150       4   0 1  0 2  0 0  1 0
   194  -.2285494198651939E-02   4   0 0  1 2  0 0  1 0
   195  -.1046143791449556E-02   4   0 0  0 3  0 0  1 0
   196   1.276053254493582       4   3 0  0 0  0 0  0 1
   197   5.211969006117767       4   2 1  0 0  0 0  0 1
   198   6.521539131300881       4   1 2  0 0  0 0  0 1
   199   2.664973517969613       4   0 3  0 0  0 0  0 1
   200  0.1871321251391559E-03   4   2 0  1 0  0 0  0 1
   201  0.4419816649647413E-03   4   1 1  1 0  0 0  0 1
   202  0.2650157725220729E-03   4   0 2  1 0  0 0  0 1
   203  -.5756350151644176       4   1 0  2 0  0 0  0 1
   204  0.3176651841907793       4   0 1  2 0  0 0  0 1
   205  0.9138922882312271E-06   4   0 0  3 0  0 0  0 1
   206  0.2561615883723243E-03   4   2 0  0 1  0 0  0 1
   207  0.5560215591947062E-03   4   1 1  0 1  0 0  0 1
   208  0.3125806243278660E-03   4   0 2  0 1  0 0  0 1
   209  -1.447191821501902       4   1 0  1 1  0 0  0 1
   210  0.1326490714442478E-01   4   0 1  1 1  0 0  0 1
   211  0.1423083815806539E-04   4   0 0  2 1  0 0  0 1
   212  -.5897901147384638       4   1 0  0 2  0 0  0 1
   213  0.7098886489989562E-01   4   0 1  0 2  0 0  0 1
   214  0.3425822114642701E-04   4   0 0  1 2  0 0  0 1
   215  0.2327192322580908E-04   4   0 0  0 3  0 0  0 1
   216  -.2088725015836657E-01   4   2 0  0 0  0 2  0 0
   217  -.8962969683555103E-01   4   1 1  0 0  0 2  0 0
   218  -.7187705193579430E-01   4   0 2  0 0  0 2  0 0
   219  0.1521118470460098E-04   4   1 0  1 0  0 2  0 0
   220  0.1028907782684059E-03   4   0 1  1 0  0 2  0 0
   221  0.1387118769454611E-01   4   0 0  2 0  0 2  0 0
   222  0.2315235369283640E-03   4   1 0  0 1  0 2  0 0
   223  0.2874093274826357E-03   4   0 1  0 1  0 2  0 0
   224  0.6771668906917958E-01   4   0 0  1 1  0 2  0 0
   225  0.5656173710229607E-01   4   0 0  0 2  0 2  0 0
   226  -.1580061310205975E-01   4   2 0  0 0  0 1  1 0
   227  -.9288324022090902E-01   4   1 1  0 0  0 1  1 0
   228  -.8757405135702458E-01   4   0 2  0 0  0 1  1 0
   229  -.2032535182653006E-04   4   1 0  1 0  0 1  1 0
   230  0.1028796586362281E-03   4   0 1  1 0  0 1  1 0
   231  0.8659787753894605E-02   4   0 0  2 0  0 1  1 0
   232  0.2543855435181000E-03   4   1 0  0 1  0 1  1 0
   233  0.3509332481550892E-03   4   0 1  0 1  0 1  1 0
   234  0.6667295523012691E-01   4   0 0  1 1  0 1  1 0
   235  0.6737125899701175E-01   4   0 0  0 2  0 1  1 0
   236  -.2084850922125743E-01   4   2 0  0 0  0 0  2 0
   237  -.8944657847002394E-01   4   1 1  0 0  0 0  2 0
   238  -.7172139667120003E-01   4   0 2  0 0  0 0  2 0
   239  0.1520439065948939E-04   4   1 0  1 0  0 0  2 0
   240  0.1026830874100921E-03   4   0 1  1 0  0 0  2 0
   241  0.1384669353675448E-01   4   0 0  2 0  0 0  2 0
   242  0.2310407934258524E-03   4   1 0  0 1  0 0  2 0
   243  0.2867864108415175E-03   4   0 1  0 1  0 0  2 0
   244  0.6758069647992671E-01   4   0 0  1 1  0 0  2 0
   245  0.5644028644953575E-01   4   0 0  0 2  0 0  2 0
   246  0.3092872480493294E-01   4   2 0  0 0  0 1  0 1
   247  0.9871339332180001E-01   4   1 1  0 0  0 1  0 1
   248  0.6288382495563252E-01   4   0 2  0 0  0 1  0 1
   249  -.7390576451395754E-05   4   1 0  1 0  0 1  0 1
   250  -.7801320829330762E-04   4   0 1  1 0  0 1  0 1
   251  -.1759268069948873E-01   4   0 0  2 0  0 1  0 1
   252  -.1934446181358576E-03   4   1 0  0 1  0 1  0 1
   253  -.1812600712276077E-03   4   0 1  0 1  0 1  0 1
   254  -.6453949127097243E-01   4   0 0  1 1  0 1  0 1
   255  -.4320896308480134E-01   4   0 0  0 2  0 1  0 1
   256  0.3088710238471071E-01   4   2 0  0 0  0 0  1 1
   257  0.9858054948926845E-01   4   1 1  0 0  0 0  1 1
   258  0.6279919886761921E-01   4   0 2  0 0  0 0  1 1
   259  -.7380630561913191E-05   4   1 0  1 0  0 0  1 1
   260  -.7790822179422159E-04   4   0 1  1 0  0 0  1 1
   261  -.1756900529891768E-01   4   0 0  2 0  0 0  1 1
   262  -.1931842894854992E-03   4   1 0  0 1  0 0  1 1
   263  -.1810161399662407E-03   4   0 1  0 1  0 0  1 1
   264  -.6445263706526076E-01   4   0 0  1 1  0 0  1 1
   265  -.4315081449864970E-01   4   0 0  0 2  0 0  1 1
   266  -.4800738402444748E-02   4   2 0  0 0  0 0  0 2
   267  -.8264234771720957E-02   4   1 1  0 0  0 0  0 2
   268  -.3553572969567285E-02   4   0 2  0 0  0 0  0 2
   269  -.2690003309303262E-04   4   1 0  1 0  0 0  0 2
   270  -.2546707217926984E-04   4   0 1  1 0  0 0  0 2
   271  -.1501978449959668E-02   4   0 0  2 0  0 0  0 2
   272  -.2061473045434580E-04   4   1 0  0 1  0 0  0 2
   273  -.1978806713873431E-04   4   0 1  0 1  0 0  0 2
   274  -.2757535647501423E-02   4   0 0  1 1  0 0  0 2
   275  -.1253901634786333E-02   4   0 0  0 2  0 0  0 2
   276  -.6707734384950133E-01   4   1 0  0 0  0 3  0 0
   277  -.5081060967781712       4   0 1  0 0  0 3  0 0
   278  -.4553130488662137E-05   4   0 0  1 0  0 3  0 0
   279  -.8163994184260690E-05   4   0 0  0 1  0 3  0 0
   280  -.4267846585707029E-01   4   1 0  0 0  0 2  1 0
   281  -.3799131605710438       4   0 1  0 0  0 2  1 0
   282  -.2993427505466368E-05   4   0 0  1 0  0 2  1 0
   283  -.7711624578707871E-05   4   0 0  0 1  0 2  1 0
   284  -.4272753592653954E-01   4   1 0  0 0  0 1  2 0
   285  -.3801705542801564       4   0 1  0 0  0 1  2 0
   286  -.2996563598792344E-05   4   0 0  1 0  0 1  2 0
   287  -.7712515567139249E-05   4   0 0  0 1  0 1  2 0
   288  -.6691326095152486E-01   4   1 0  0 0  0 0  3 0
   289  -.5068251289467166       4   0 1  0 0  0 0  3 0
   290  -.4541927915458377E-05   4   0 0  1 0  0 0  3 0
   291  -.8142332128894280E-05   4   0 0  0 1  0 0  3 0
   292  0.8533748185272652E-01   4   1 0  0 0  0 2  0 1
   293  0.1874943975842347       4   0 1  0 0  0 2  0 1
   294  0.5296862464679016E-05   4   0 0  1 0  0 2  0 1
   295  0.8565682877835870E-05   4   0 0  0 1  0 2  0 1
   296  0.6099472151574891E-01   4   1 0  0 0  0 1  1 1
   297  0.1911642006227401       4   0 1  0 0  0 1  1 1
   298  0.3735288401627984E-05   4   0 0  1 0  0 1  1 1
   299  0.8127414241637422E-05   4   0 0  0 1  0 1  1 1
   300  0.8518159678064861E-01   4   1 0  0 0  0 0  2 1
   301  0.1871134465743005       4   0 1  0 0  0 0  2 1
   302  0.5287220809326438E-05   4   0 0  1 0  0 0  2 1
   303  0.8548686839978232E-05   4   0 0  0 1  0 0  2 1
   304  -.6087503382866996E-02   4   1 0  0 0  0 1  0 2
   305  -.7353967261419758E-02   4   0 1  0 0  0 1  0 2
   306  0.8318546067706653E-08   4   0 0  1 0  0 1  0 2
   307  -.1009435753446147E-06   4   0 0  0 1  0 1  0 2
   308  -.6079311107708543E-02   4   1 0  0 0  0 0  1 2
   309  -.7344070638859931E-02   4   0 1  0 0  0 0  1 2
   310  0.8307351360442876E-08   4   0 0  1 0  0 0  1 2
   311  -.1008077302382274E-06   4   0 0  0 1  0 0  1 2
   312  0.4689513534170161E-04   4   1 0  0 0  0 0  0 3
   313  0.3517545101134932E-04   4   0 1  0 0  0 0  0 3
   314  0.3207928987111474E-08   4   0 0  1 0  0 0  0 3
   315  0.2417768065712696E-08   4   0 0  0 1  0 0  0 3
   316  -.2879882092325494E-04   4   0 0  0 0  0 4  0 0
   317  -.1853197691247959E-04   4   0 0  0 0  0 3  1 0
   318  -.1716946117980285E-04   4   0 0  0 0  0 2  2 0
   319  -.1856132269812915E-04   4   0 0  0 0  0 1  3 0
   320  -.2870888967443874E-04   4   0 0  0 0  0 0  4 0
   321  0.3327470551147343E-05   4   0 0  0 0  0 3  0 1
   322  0.3947857470271848E-05   4   0 0  0 0  0 2  1 1
   323  0.3946596099727694E-05   4   0 0  0 0  0 1  2 1
   324  0.3318100780249539E-05   4   0 0  0 0  0 0  3 1
   325  -.1694556734821814E-07   4   0 0  0 0  0 2  0 2
   326  -.2382224515991303E-07   4   0 0  0 0  0 1  1 2
   327  -.1690673346686935E-07   4   0 0  0 0  0 0  2 2
   328  -.4325012763513335E-09   4   0 0  0 0  0 1  0 3
   329  -.4319192365166987E-09   4   0 0  0 0  0 0  1 3
   ----------------------------------------------------
     I  COEFFICIENT            ORDER EXPONENTS
     1  0.2729767750898324E-04   0   0 0  0 0  0 0  0 0
     2   1.685721646552732       1   1 0  0 0  0 0  0 0
     3   2.549765242703031       1   0 1  0 0  0 0  0 0
     4  0.4818344408907093E-04   1   0 0  1 0  0 0  0 0
     5  0.4422323513230634E-04   1   0 0  0 1  0 0  0 0
     6  0.6523479513039778E-06   1   0 0  0 0  0 1  0 0
     7  0.6514700521751679E-06   1   0 0  0 0  0 0  1 0
     8  0.2599385951133306E-04   1   0 0  0 0  0 0  0 1
     9  -.4139296673013589       2   2 0  0 0  0 0  0 0
    10  -.7604747170318571       2   1 1  0 0  0 0  0 0
    11  -.3513182165496028       2   0 2  0 0  0 0  0 0
    12  0.1343006174720299E-02   2   1 0  1 0  0 0  0 0
    13  0.9364733993759606E-03   2   0 1  1 0  0 0  0 0
    14  0.3139348524984729       2   0 0  2 0  0 0  0 0
    15  0.1135773650085151E-02   2   1 0  0 1  0 0  0 0
    16  0.7947659261369371E-03   2   0 1  0 1  0 0  0 0
    17  0.5772902784321240       2   0 0  1 1  0 0  0 0
    18  0.2677618478039450       2   0 0  0 2  0 0  0 0
    19  -.6274411965591435E-01   2   1 0  0 0  0 1  0 0
    20  -.8285786495281747       2   0 1  0 0  0 1  0 0
    21  -.1936924068180397E-05   2   0 0  1 0  0 1  0 0
    22  -.2401646960551821E-04   2   0 0  0 1  0 1  0 0
    23  -.6265968157670902E-01   2   1 0  0 0  0 0  1 0
    24  -.8274635874311982       2   0 1  0 0  0 0  1 0
    25  -.1934317447053503E-05   2   0 0  1 0  0 0  1 0
    26  -.2398414937258009E-04   2   0 0  0 1  0 0  1 0
    27   1.811125447884813       2   1 0  0 0  0 0  0 1
    28   1.656042237062520       2   0 1  0 0  0 0  0 1
    29  0.5205458130342736E-04   2   0 0  1 0  0 0  0 1
    30  0.4800051763869301E-04   2   0 0  0 1  0 0  0 1
    31  -.5069201720111407E-06   2   0 0  0 0  0 2  0 0
    32  -.3618800534333042E-06   2   0 0  0 0  0 1  1 0
    33  -.5059944821724682E-06   2   0 0  0 0  0 0  2 0
    34  0.1375717095719393E-05   2   0 0  0 0  0 1  0 1
    35  0.1373865720487138E-05   2   0 0  0 0  0 0  1 1
    36  -.1374790452027819E-05   2   0 0  0 0  0 0  0 2
    37  -3.827847044241185       3   3 0  0 0  0 0  0 0
    38  -11.25193736098046       3   2 1  0 0  0 0  0 0
    39  -11.80458778966088       3   1 2  0 0  0 0  0 0
    40  -3.546118587541555       3   0 3  0 0  0 0  0 0
    41  -.3481080039375779E-01   3   2 0  1 0  0 0  0 0
    42  -.6378904891271608E-01   3   1 1  1 0  0 0  0 0
    43  -.2939143847941721E-01   3   0 2  1 0  0 0  0 0
    44  -6.858728688977579       3   1 0  2 0  0 0  0 0
    45  -5.584444191774347       3   0 1  2 0  0 0  0 0
    46  0.8597566494323822E-02   3   0 0  3 0  0 0  0 0
    47  -.3271713207209933E-01   3   2 0  0 1  0 0  0 0
    48  -.6047553872084718E-01   3   1 1  0 1  0 0  0 0
    49  -.2807993177348695E-01   3   0 2  0 1  0 0  0 0
    50  -14.21834333988230       3   1 0  1 1  0 0  0 0
    51  -12.03618211698488       3   0 1  1 1  0 0  0 0
    52  0.2367810647225105E-01   3   0 0  2 1  0 0  0 0
    53  -6.288832880912462       3   1 0  0 2  0 0  0 0
    54  -4.662007420962102       3   0 1  0 2  0 0  0 0
    55  0.2193989149514888E-01   3   0 0  1 2  0 0  0 0
    56  0.6862334464522826E-02   3   0 0  0 3  0 0  0 0
    57  0.4315582527545313E-01   3   2 0  0 0  0 1  0 0
    58  0.4576111717284718       3   1 1  0 0  0 1  0 0
    59  0.3859887987236110       3   0 2  0 0  0 1  0 0
    60  -.6255413232389061E-03   3   1 0  1 0  0 1  0 0
    61  -.9773141840316959E-03   3   0 1  1 0  0 1  0 0
    62  0.8637235326123366E-02   3   0 0  2 0  0 1  0 0
    63  -.1202316387821100E-02   3   1 0  0 1  0 1  0 0
    64  -.1330330025573809E-02   3   0 1  0 1  0 1  0 0
    65  -.2712593527127765       3   0 0  1 1  0 1  0 0
    66  -.2592567337125224       3   0 0  0 2  0 1  0 0
    67  0.4309774819966093E-01   3   2 0  0 0  0 0  1 0
    68  0.4569953401800265       3   1 1  0 0  0 0  1 0
    69  0.3854693531893104       3   0 2  0 0  0 0  1 0
    70  -.6246994992068315E-03   3   1 0  1 0  0 0  1 0
    71  -.9759989606620473E-03   3   0 1  1 0  0 0  1 0
    72  0.8625611741880253E-02   3   0 0  2 0  0 0  1 0
    73  -.1200698367089578E-02   3   1 0  0 1  0 0  1 0
    74  -.1328539730121674E-02   3   0 1  0 1  0 0  1 0
    75  -.2708943046599057       3   0 0  1 1  0 0  1 0
    76  -.2589078382186384       3   0 0  0 2  0 0  1 0
    77  -.5001847164699766       3   2 0  0 0  0 0  0 1
    78  -.9146089762467909       3   1 1  0 0  0 0  0 1
    79  -.4201409574987236       3   0 2  0 0  0 0  0 1
    80  0.2590906468756067E-02   3   1 0  1 0  0 0  0 1
    81  0.1950876401622449E-02   3   0 1  1 0  0 0  0 1
    82  0.2966730826271904       3   0 0  2 0  0 0  0 1
    83  0.2400480866650562E-02   3   1 0  0 1  0 0  0 1
    84  0.1861441385383398E-02   3   0 1  0 1  0 0  0 1
    85  0.5421554635170779       3   0 0  1 1  0 0  0 1
    86  0.2504034716051910       3   0 0  0 2  0 0  0 1
    87  0.4783839292575004E-01   3   1 0  0 0  0 2  0 0
    88  0.6485443216858584       3   0 1  0 0  0 2  0 0
    89  0.1360250163023691E-05   3   0 0  1 0  0 2  0 0
    90  0.1886294513659096E-04   3   0 0  0 1  0 2  0 0
    91  0.3297249104971772E-01   3   1 0  0 0  0 1  1 0
    92  0.4689929204580709       3   0 1  0 0  0 1  1 0
    93  0.7934543218396932E-06   3   0 0  1 0  0 1  1 0
    94  0.1372730204900954E-04   3   0 0  0 1  0 1  1 0
    95  0.4775182785883852E-01   3   1 0  0 0  0 0  2 0
    96  0.6473559670178282       3   0 1  0 0  0 0  2 0
    97  0.1357885705745874E-05   3   0 0  1 0  0 0  2 0
    98  0.1882832349592914E-04   3   0 0  0 1  0 0  2 0
    99  -.1286489401906275       3   1 0  0 0  0 1  0 1
   100  -.9375026508109230       3   0 1  0 0  0 1  0 1
   101  -.3567629155985085E-05   3   0 0  1 0  0 1  0 1
   102  -.2746072831110729E-04   3   0 0  0 1  0 1  0 1
   103  -.1284758105099327       3   1 0  0 0  0 0  1 1
   104  -.9362410039264304       3   0 1  0 0  0 0  1 1
   105  -.3562828008803492E-05   3   0 0  1 0  0 0  1 1
   106  -.2742377295712549E-04   3   0 0  0 1  0 0  1 1
   107  0.1285621860651617       3   1 0  0 0  0 0  0 2
   108  0.1088505590626209       3   0 1  0 0  0 0  0 2
   109  0.3595858212843664E-05   3   0 0  1 0  0 0  0 2
   110  0.3472793745120626E-05   3   0 0  0 1  0 0  0 2
   111  0.4338623116444434E-06   3   0 0  0 0  0 3  0 0
   112  0.2886964397077727E-06   3   0 0  0 0  0 2  1 0
   113  0.2889882971710567E-06   3   0 0  0 0  0 1  2 0
   114  0.4327925093866178E-06   3   0 0  0 0  0 0  3 0
   115  -.1085229159870111E-05   3   0 0  0 0  0 2  0 1
   116  -.7958468053838346E-06   3   0 0  0 0  0 1  1 1
   117  -.1083233203049867E-05   3   0 0  0 0  0 0  2 1
   118  0.7961392718813731E-06   3   0 0  0 0  0 1  0 2
   119  0.7950678651699305E-06   3   0 0  0 0  0 0  1 2
   120  -.7222078206323579E-07   3   0 0  0 0  0 0  0 3
   121  -40.95551725277591       4   4 0  0 0  0 0  0 0
   122  -151.7287739230520       4   3 1  0 0  0 0  0 0
   123  -211.7579094945625       4   2 2  0 0  0 0  0 0
   124  -132.3061992179421       4   1 3  0 0  0 0  0 0
   125  -31.30114198384967       4   0 4  0 0  0 0  0 0
   126  -.2278241105076103E-01   4   3 0  1 0  0 0  0 0
   127  -.6161700463166376E-01   4   2 1  1 0  0 0  0 0
   128  -.5589618082439371E-01   4   1 2  1 0  0 0  0 0
   129  -.1648789538692360E-01   4   0 3  1 0  0 0  0 0
   130   194.9309348634826       4   2 0  2 0  0 0  0 0
   131   354.5611895512808       4   1 1  2 0  0 0  0 0
   132   162.1913909591188       4   0 2  2 0  0 0  0 0
   133  0.1941839463430512E-01   4   1 0  3 0  0 0  0 0
   134  0.1850399050174184E-01   4   0 1  3 0  0 0  0 0
   135  -25.03232407284052       4   0 0  4 0  0 0  0 0
   136  -.2130056873935885E-01   4   3 0  0 1  0 0  0 0
   137  -.5816748607507498E-01   4   2 1  0 1  0 0  0 0
   138  -.5266474945033950E-01   4   1 2  0 1  0 0  0 0
   139  -.1547308960256728E-01   4   0 3  0 1  0 0  0 0
   140   363.6179177933420       4   2 0  1 1  0 0  0 0
   141   666.0710762031762       4   1 1  1 1  0 0  0 0
   142   307.0924805262032       4   0 2  1 1  0 0  0 0
   143  0.5548824103455419E-01   4   1 0  2 1  0 0  0 0
   144  0.5308826960667943E-01   4   0 1  2 1  0 0  0 0
   145  -91.20582454066262       4   0 0  3 1  0 0  0 0
   146   170.6462250098140       4   2 0  0 2  0 0  0 0
   147   314.3912148150748       4   1 1  0 2  0 0  0 0
   148   145.8920737129651       4   0 2  0 2  0 0  0 0
   149  0.5296722637792713E-01   4   1 0  1 2  0 0  0 0
   150  0.5119706371624958E-01   4   0 1  1 2  0 0  0 0
   151  -125.7388057638786       4   0 0  2 2  0 0  0 0
   152  0.1750711041592418E-01   4   1 0  0 3  0 0  0 0
   153  0.1702286613804542E-01   4   0 1  0 3  0 0  0 0
   154  -77.45937396238472       4   0 0  1 3  0 0  0 0
   155  -17.92638954180475       4   0 0  0 4  0 0  0 0
   156   2.596496574177830       4   3 0  0 0  0 1  0 0
   157   13.15094667584475       4   2 1  0 0  0 1  0 0
   158   19.07685286479041       4   1 2  0 0  0 1  0 0
   159   7.635053462985376       4   0 3  0 0  0 1  0 0
   160  -.3256028080237806E-02   4   2 0  1 0  0 1  0 0
   161  0.2156081075282617E-01   4   1 1  1 0  0 1  0 0
   162  0.2245917462877933E-01   4   0 2  1 0  0 1  0 0
   163   2.879716504800963       4   1 0  2 0  0 1  0 0
   164   5.015129142254662       4   0 1  2 0  0 1  0 0
   165  0.7591194218001821E-03   4   0 0  3 0  0 1  0 0
   166  0.1071578014559607E-01   4   2 0  0 1  0 1  0 0
   167  0.4558299614345129E-01   4   1 1  0 1  0 1  0 0
   168  0.3298463713564741E-01   4   0 2  0 1  0 1  0 0
   169   13.36371715881031       4   1 0  1 1  0 1  0 0
   170   17.14270320047799       4   0 1  1 1  0 1  0 0
   171  -.8029696602549506E-02   4   0 0  2 1  0 1  0 0
   172   9.500072388333907       4   1 0  0 2  0 1  0 0
   173   9.686597797882605       4   0 1  0 2  0 1  0 0
   174  -.1665111692910512E-01   4   0 0  1 2  0 1  0 0
   175  -.8053327740885373E-02   4   0 0  0 3  0 1  0 0
   176   2.593002331456923       4   3 0  0 0  0 0  1 0
   177   13.13324875159096       4   2 1  0 0  0 0  1 0
   178   19.05118013526580       4   1 2  0 0  0 0  1 0
   179   7.624778567862448       4   0 3  0 0  0 0  1 0
   180  -.3251646271098712E-02   4   2 0  1 0  0 0  1 0
   181  0.2153179522984080E-01   4   1 1  1 0  0 0  1 0
   182  0.2242895013002814E-01   4   0 2  1 0  0 0  1 0
   183   2.875841118045139       4   1 0  2 0  0 0  1 0
   184   5.008380017809867       4   0 1  2 0  0 0  1 0
   185  0.7580978346583823E-03   4   0 0  3 0  0 0  1 0
   186  0.1070135935369334E-01   4   2 0  0 1  0 0  1 0
   187  0.4552165269549359E-01   4   1 1  0 1  0 0  1 0
   188  0.3294024796550236E-01   4   0 2  0 1  0 0  1 0
   189   13.34573289806815       4   1 0  1 1  0 0  1 0
   190   17.11963335841841       4   0 1  1 1  0 0  1 0
   191  -.8018890615288288E-02   4   0 0  2 1  0 0  1 0
   192   9.487287638636587       4   1 0  0 2  0 0  1 0
   193   9.673562031079751       4   0 1  0 2  0 0  1 0
   194  -.1662870864068189E-01   4   0 0  1 2  0 0  1 0
   195  -.8042489951951877E-02   4   0 0  0 3  0 0  1 0
   196  -9.021934029716119       4   3 0  0 0  0 0  0 1
   197  -26.29881828970212       4   2 1  0 0  0 0  0 1
   198  -26.33910387900077       4   1 2  0 0  0 0  0 1
   199  -8.173221712685631       4   0 3  0 0  0 0  0 1
   200  0.5449565097211795E-03   4   2 0  1 0  0 0  0 1
   201  0.1099469785367131E-02   4   1 1  1 0  0 0  0 1
   202  0.5572875963155807E-03   4   0 2  1 0  0 0  0 1
   203  -12.60336687814163       4   1 0  2 0  0 0  0 1
   204  -10.01233156985280       4   0 1  2 0  0 0  0 1
   205  -.3291081603003401E-03   4   0 0  3 0  0 0  0 1
   206  0.5553372320401858E-03   4   2 0  0 1  0 0  0 1
   207  0.9999028128103364E-03   4   1 1  0 1  0 0  0 1
   208  0.4838812851064771E-03   4   0 2  0 1  0 0  0 1
   209  -26.68605008050784       4   1 0  1 1  0 0  0 1
   210  -22.20186751466014       4   0 1  1 1  0 0  0 1
   211  -.1005438615426526E-02   4   0 0  2 1  0 0  0 1
   212  -12.68588468024439       4   1 0  0 2  0 0  0 1
   213  -10.02289067387803       4   0 1  0 2  0 0  0 1
   214  -.1003382585233698E-02   4   0 0  1 2  0 0  0 1
   215  -.3009505667655098E-03   4   0 0  0 3  0 0  0 1
   216  -.3338236140481363E-01   4   2 0  0 0  0 2  0 0
   217  -.3825817947879497       4   1 1  0 0  0 2  0 0
   218  -.4118551628412828       4   0 2  0 0  0 2  0 0
   219  -.2499919211254767E-03   4   1 0  1 0  0 2  0 0
   220  0.3106774087153127E-03   4   0 1  1 0  0 2  0 0
   221  -.5803385505398095E-02   4   0 0  2 0  0 2  0 0
   222  0.5502082277089130E-03   4   1 0  0 1  0 2  0 0
   223  0.1113514398567825E-02   4   0 1  0 1  0 2  0 0
   224  0.1960310984834090       4   0 0  1 1  0 2  0 0
   225  0.2533714118178880       4   0 0  0 2  0 2  0 0
   226  -.2427549152177180E-01   4   2 0  0 0  0 1  1 0
   227  -.3096579721388704       4   1 1  0 0  0 1  1 0
   228  -.4387680124557565       4   0 2  0 0  0 1  1 0
   229  -.3015849133701564E-03   4   1 0  1 0  0 1  1 0
   230  0.3877113136713238E-03   4   0 1  1 0  0 1  1 0
   231  -.2884178216384020E-02   4   0 0  2 0  0 1  1 0
   232  0.6404054199211481E-03   4   1 0  0 1  0 1  1 0
   233  0.1556652554354699E-02   4   0 1  0 1  0 1  1 0
   234  0.1209727898601659       4   0 0  1 1  0 1  1 0
   235  0.2474817701184037       4   0 0  0 2  0 1  1 0
   236  -.3332110258987794E-01   4   2 0  0 0  0 0  2 0
   237  -.3818585726863638       4   1 1  0 0  0 0  2 0
   238  -.4110056709168200       4   0 2  0 0  0 0  2 0
   239  -.2494525643981321E-03   4   1 0  1 0  0 0  2 0
   240  0.3099984318935139E-03   4   0 1  1 0  0 0  2 0
   241  -.5793634887130466E-02   4   0 0  2 0  0 0  2 0
   242  0.5490368696900435E-03   4   1 0  0 1  0 0  2 0
   243  0.1110968448545840E-02   4   0 1  0 1  0 0  2 0
   244  0.1956858893300237       4   0 0  1 1  0 0  2 0
   245  0.2528639118614378       4   0 0  0 2  0 0  2 0
   246  0.9190009451749158E-01   4   2 0  0 0  0 1  0 1
   247  0.6204818512768141       4   1 1  0 0  0 1  0 1
   248  0.4926152486972873       4   0 2  0 0  0 1  0 1
   249  0.4020653971641267E-03   4   1 0  1 0  0 1  0 1
   250  -.5257413725019510E-03   4   0 1  1 0  0 1  0 1
   251  0.1447855731965297E-01   4   0 0  2 0  0 1  0 1
   252  -.7832531028333619E-03   4   1 0  0 1  0 1  0 1
   253  -.1401214780616371E-02   4   0 1  0 1  0 1  0 1
   254  -.2413421877045697       4   0 0  1 1  0 1  0 1
   255  -.2355713795165738       4   0 0  0 2  0 1  0 1
   256  0.9177641970139032E-01   4   2 0  0 0  0 0  1 1
   257  0.6196468360436610       4   1 1  0 0  0 0  1 1
   258  0.4919523103117419       4   0 2  0 0  0 0  1 1
   259  0.4015243165013093E-03   4   1 0  1 0  0 0  1 1
   260  -.5250338545401702E-03   4   0 1  1 0  0 0  1 1
   261  0.1445907275956308E-01   4   0 0  2 0  0 0  1 1
   262  -.7821990377210084E-03   4   1 0  0 1  0 0  1 1
   263  -.1399329091801583E-02   4   0 1  0 1  0 0  1 1
   264  -.2410174007624202       4   0 0  1 1  0 0  1 1
   265  -.2352543586561149       4   0 0  0 2  0 0  1 1
   266  -.9269815959413565E-01   4   2 0  0 0  0 0  0 2
   267  -.1651775125596585       4   1 1  0 0  0 0  0 2
   268  -.7354621259067617E-01   4   0 2  0 0  0 0  0 2
   269  -.3285119065767105E-05   4   1 0  1 0  0 0  0 2
   270  -.1833947567939503E-04   4   0 1  1 0  0 0  0 2
   271  -.1445602393215367E-01   4   0 0  2 0  0 0  0 2
   272  -.3062959703463094E-05   4   1 0  0 1  0 0  0 2
   273  -.1503439585317511E-04   4   0 1  0 1  0 0  0 2
   274  -.3014365782748485E-01   4   0 0  1 1  0 0  0 2
   275  -.1514051105044259E-01   4   0 0  0 2  0 0  0 2
   276  -.4040939264610443E-01   4   1 0  0 0  0 3  0 0
   277  -.5589302162743153       4   0 1  0 0  0 3  0 0
   278  -.2732506107375062E-05   4   0 0  1 0  0 3  0 0
   279  -.2054981187425961E-04   4   0 0  0 1  0 3  0 0
   280  -.2553030399552185E-01   4   1 0  0 0  0 2  1 0
   281  -.3797872510803516       4   0 1  0 0  0 2  1 0
   282  -.1400256560146240E-05   4   0 0  1 0  0 2  1 0
   283  -.1390890351277461E-04   4   0 0  0 1  0 2  1 0
   284  -.2556022958474610E-01   4   1 0  0 0  0 1  2 0
   285  -.3801473559435989       4   0 1  0 0  0 1  2 0
   286  -.1402938455065995E-05   4   0 0  1 0  0 1  2 0
   287  -.1392225321989155E-04   4   0 0  0 1  0 1  2 0
   288  -.4031066548943651E-01   4   1 0  0 0  0 0  3 0
   289  -.5575467380551701       4   0 1  0 0  0 0  3 0
   290  -.2726049262118515E-05   4   0 0  1 0  0 0  3 0
   291  -.2049898306823359E-04   4   0 0  0 1  0 0  3 0
   292  0.9888722072218466E-01   4   1 0  0 0  0 2  0 1
   293  0.7594464994212795       4   0 1  0 0  0 2  0 1
   294  0.3251820445932852E-05   4   0 0  1 0  0 2  0 1
   295  0.2550490905180823E-04   4   0 0  0 1  0 2  0 1
   296  0.6918301667071165E-01   4   1 0  0 0  0 1  1 1
   297  0.5818451664602403       4   0 1  0 0  0 1  1 1
   298  0.1834630031264241E-05   4   0 0  1 0  0 1  1 1
   299  0.1914348028241331E-04   4   0 0  0 1  0 1  1 1
   300  0.9870759133925384E-01   4   1 0  0 0  0 0  2 1
   301  0.7580329622120278       4   0 1  0 0  0 0  2 1
   302  0.3246209819913227E-05   4   0 0  1 0  0 0  2 1
   303  0.2545770455042953E-04   4   0 0  0 1  0 0  2 1
   304  -.6912942554746937E-01   4   1 0  0 0  0 1  0 2
   305  -.1128381737389863       4   0 1  0 0  0 1  0 2
   306  -.1524128478750679E-06   4   0 0  1 0  0 1  0 2
   307  -.1530998474540026E-05   4   0 0  0 1  0 1  0 2
   308  -.6903639442452436E-01   4   1 0  0 0  0 0  1 2
   309  -.1126863214426474       4   0 1  0 0  0 0  1 2
   310  -.1522077378473618E-06   4   0 0  1 0  0 0  1 2
   311  -.1528938128946451E-05   4   0 0  0 1  0 0  1 2
   312  0.3198730110670985E-02   4   1 0  0 0  0 0  0 3
   313  0.2605578093713210E-02   4   0 1  0 0  0 0  0 3
   314  0.2107886029407033E-06   4   0 0  1 0  0 0  0 3
   315  0.1727046316403800E-06   4   0 0  0 1  0 0  0 3
   316  -.2138522825030334E-04   4   0 0  0 0  0 4  0 0
   317  -.1317954208422374E-04   4   0 0  0 0  0 3  1 0
   318  -.1209080123855686E-04   4   0 0  0 0  0 2  2 0
   319  -.1320300351790759E-04   4   0 0  0 0  0 1  3 0
   320  -.2131883838596007E-04   4   0 0  0 0  0 0  4 0
   321  0.2565793419370941E-04   4   0 0  0 0  0 3  0 1
   322  0.1719570806951553E-04   4   0 0  0 0  0 2  1 1
   323  0.1721272046544308E-04   4   0 0  0 0  0 1  2 1
   324  0.2559458535143778E-04   4   0 0  0 0  0 0  3 1
   325  -.1404702842739390E-05   4   0 0  0 0  0 2  0 2
   326  -.1695492950232815E-05   4   0 0  0 0  0 1  1 2
   327  -.1401671602601721E-05   4   0 0  0 0  0 0  2 2
   328  0.8681772654463739E-08   4   0 0  0 0  0 1  0 3
   329  0.8670089133983119E-08   4   0 0  0 0  0 0  1 3
   330  0.2402750172208343E-13   4   0 0  0 0  0 0  0 4
   ----------------------------------------------------
     I  COEFFICIENT            ORDER EXPONENTS
     1  -.1494663290626566E-04   0   0 0  0 0  0 0  0 0
     2  0.6126980234306501E-05   1   1 0  0 0  0 0  0 0
     3  0.5218982544795558E-05   1   0 1  0 0  0 0  0 0
     4  0.8103917750493651       1   0 0  1 0  0 0  0 0
     5  0.8854235402444879       1   0 0  0 1  0 0  0 0
     6  -.7585754468815873E-05   1   0 0  0 0  0 1  0 0
     7  -.7575545917955967E-05   1   0 0  0 0  0 0  1 0
     8  0.1516130038674699E-04   1   0 0  0 0  0 0  0 1
     9  0.1269604989421525E-03   2   2 0  0 0  0 0  0 0
    10  0.2245490811049748E-03   2   1 1  0 0  0 0  0 0
    11  0.1148502873940493E-03   2   0 2  0 0  0 0  0 0
    12  0.8185005410719079E-01   2   1 0  1 0  0 0  0 0
    13  0.7154152012452218E-01   2   0 1  1 0  0 0  0 0
    14  -.1208501363564823E-03   2   0 0  2 0  0 0  0 0
    15  0.7216202689166087E-01   2   1 0  0 1  0 0  0 0
    16  0.6337571495647880E-01   2   0 1  0 1  0 0  0 0
    17  -.1289410670388406E-03   2   0 0  1 1  0 0  0 0
    18  0.5209949166522462E-06   2   0 0  0 2  0 0  0 0
    19  -.3120311604631590E-05   2   1 0  0 0  0 1  0 0
    20  -.5274950896426592E-05   2   0 1  0 0  0 1  0 0
    21  0.9197877500512720E-01   2   0 0  1 0  0 1  0 0
    22  -.3630571316320835       2   0 0  0 1  0 1  0 0
    23  -.3116112436329266E-05   2   1 0  0 0  0 0  1 0
    24  -.5267852116110006E-05   2   0 1  0 0  0 0  1 0
    25  0.9185499430453495E-01   2   0 0  1 0  0 0  1 0
    26  -.3625685464546227       2   0 0  0 1  0 0  1 0
    27  0.6236419772870604E-05   2   1 0  0 0  0 0  0 1
    28  0.5323816190175179E-05   2   0 1  0 0  0 0  0 1
    29  -.1838337693169175       2   0 0  1 0  0 0  0 1
    30  -.1597978621646164       2   0 0  0 1  0 0  0 1
    31  0.5579895010470042E-05   2   0 0  0 0  0 2  0 0
    32  0.3579421277617407E-05   2   0 0  0 0  0 1  1 0
    33  0.5569977342470396E-05   2   0 0  0 0  0 0  2 0
    34  -.7153456440486879E-05   2   0 0  0 0  0 1  0 1
    35  -.7143829655939992E-05   2   0 0  0 0  0 0  1 1
    36  -.4320033573928218E-06   2   0 0  0 0  0 0  0 2
    37  -.1333208267541383E-02   3   3 0  0 0  0 0  0 0
    38  -.3483604889273503E-02   3   2 1  0 0  0 0  0 0
    39  -.3041663514061425E-02   3   1 2  0 0  0 0  0 0
    40  -.8846078462574642E-03   3   0 3  0 0  0 0  0 0
    41  -.4219718683046864       3   2 0  1 0  0 0  0 0
    42  -.9073233358700498       3   1 1  1 0  0 0  0 0
    43  -.6465481972345329       3   0 2  1 0  0 0  0 0
    44  0.3451344837315802E-02   3   1 0  2 0  0 0  0 0
    45  0.3021490713037252E-02   3   0 1  2 0  0 0  0 0
    46  0.1097526059758523       3   0 0  3 0  0 0  0 0
    47  -1.155815224420895       3   2 0  0 1  0 0  0 0
    48  -2.074985347708711       3   1 1  0 1  0 0  0 0
    49  -.6496994989228629       3   0 2  0 1  0 0  0 0
    50  0.6077412963432072E-02   3   1 0  1 1  0 0  0 0
    51  0.5348853184387515E-02   3   0 1  1 1  0 0  0 0
    52  -.8664649021187076E-01   3   0 0  2 1  0 0  0 0
    53  0.2699472666834357E-02   3   1 0  0 2  0 0  0 0
    54  0.2390868912700752E-02   3   0 1  0 2  0 0  0 0
    55  -.6467331087949736       3   0 0  1 2  0 0  0 0
    56  0.1031769857016401E-01   3   0 0  0 3  0 0  0 0
    57  -.8364743967883130E-04   3   2 0  0 0  0 1  0 0
    58  -.2674902226529763E-03   3   1 1  0 0  0 1  0 0
    59  -.1936290309143359E-03   3   0 2  0 0  0 1  0 0
    60  -.3973438941554142E-01   3   1 0  1 0  0 1  0 0
    61  -.7042330275208360E-01   3   0 1  1 0  0 1  0 0
    62  0.5576305234819200E-04   3   0 0  2 0  0 1  0 0
    63  -.7136784436974061E-01   3   1 0  0 1  0 1  0 0
    64  -.9429787426731841E-01   3   0 1  0 1  0 1  0 0
    65  0.1524380431284228E-03   3   0 0  1 1  0 1  0 0
    66  0.2453962786069730E-04   3   0 0  0 2  0 1  0 0
    67  -.8353487089667883E-04   3   2 0  0 0  0 0  1 0
    68  -.2671302469177074E-03   3   1 1  0 0  0 0  1 0
    69  -.1933684540899514E-03   3   0 2  0 0  0 0  1 0
    70  -.3968091674688296E-01   3   1 0  1 0  0 0  1 0
    71  -.7032853039017525E-01   3   0 1  1 0  0 0  1 0
    72  0.5568800906036361E-04   3   0 0  2 0  0 0  1 0
    73  -.7127180088823790E-01   3   1 0  0 1  0 0  1 0
    74  -.9417097263223434E-01   3   0 1  0 1  0 0  1 0
    75  0.1522328991941370E-03   3   0 0  1 1  0 0  1 0
    76  0.2450660358603528E-04   3   0 0  0 2  0 0  1 0
    77  0.1670378718425956E-03   3   2 0  0 0  0 0  0 1
    78  0.3097789729335237E-03   3   1 1  0 0  0 0  0 1
    79  0.1571481497378121E-03   3   0 2  0 0  0 0  0 1
    80  0.7941530610462877E-01   3   1 0  1 0  0 0  0 1
    81  0.6921030148764164E-01   3   0 1  1 0  0 0  0 1
    82  -.1113591254184344E-03   3   0 0  2 0  0 0  0 1
    83  0.7047760357980418E-01   3   1 0  0 1  0 0  0 1
    84  0.6171739412966585E-01   3   0 1  0 1  0 0  0 1
    85  -.1755507782777470E-03   3   0 0  1 1  0 0  0 1
    86  -.5000192211839359E-04   3   0 0  0 2  0 0  0 1
    87  0.2371976570754227E-05   3   1 0  0 0  0 2  0 0
    88  0.5317021234221752E-05   3   0 1  0 0  0 2  0 0
    89  -.6753515863969990E-01   3   0 0  1 0  0 2  0 0
    90  0.2333922017122694       3   0 0  0 1  0 2  0 0
    91  0.1631036453086964E-05   3   1 0  0 0  0 1  1 0
    92  0.5365618579704402E-05   3   0 1  0 0  0 1  1 0
    93  -.4315720996527477E-01   3   0 0  1 0  0 1  1 0
    94  0.1040755887262499       3   0 0  0 1  0 1  1 0
    95  0.2367686990576393E-05   3   1 0  0 0  0 0  2 0
    96  0.5306255439266689E-05   3   0 1  0 0  0 0  2 0
    97  -.6741523353640312E-01   3   0 0  1 0  0 0  2 0
    98  0.2330080834754008       3   0 0  0 1  0 0  2 0
    99  -.3270977453160605E-05   3   1 0  0 0  0 1  0 1
   100  -.5458353398211834E-05   3   0 1  0 0  0 1  0 1
   101  0.8624888583650694E-01   3   0 0  1 0  0 1  0 1
   102  0.1552543046892762       3   0 0  0 1  0 1  0 1
   103  -.3266575525859958E-05   3   1 0  0 0  0 0  1 1
   104  -.5451007803451799E-05   3   0 1  0 0  0 0  1 1
   105  0.8613281615071720E-01   3   0 0  1 0  0 0  1 1
   106  0.1550453707629073       3   0 0  0 1  0 0  1 1
   107  0.1606271688039335E-06   3   1 0  0 0  0 0  0 2
   108  0.1577336585988794E-06   3   0 1  0 0  0 0  0 2
   109  0.5725995754435096E-02   3   0 0  1 0  0 0  0 2
   110  0.4647978763911082E-02   3   0 0  0 1  0 0  0 2
   111  -.4578214253136166E-05   3   0 0  0 0  0 3  0 0
   112  -.2575924028160018E-05   3   0 0  0 0  0 2  1 0
   113  -.2579953472753513E-05   3   0 0  0 0  0 1  2 0
   114  -.4567241595164939E-05   3   0 0  0 0  0 0  3 0
   115  0.5150231616816823E-05   3   0 0  0 0  0 2  0 1
   116  0.3152288328329325E-05   3   0 0  0 0  0 1  1 1
   117  0.5141179577224731E-05   3   0 0  0 0  0 0  2 1
   118  0.4272964719350908E-06   3   0 0  0 0  0 1  0 2
   119  0.4267214364809408E-06   3   0 0  0 0  0 0  1 2
   120  0.3337932321259156E-08   3   0 0  0 0  0 0  0 3
   121  -.6769215101205898E-03   4   4 0  0 0  0 0  0 0
   122  -.2412899053532470E-02   4   3 1  0 0  0 0  0 0
   123  -.3292711918760944E-02   4   2 2  0 0  0 0  0 0
   124  -.1928347013351598E-02   4   1 3  0 0  0 0  0 0
   125  -.3755054233800567E-03   4   0 4  0 0  0 0  0 0
   126   15.87550829746879       4   3 0  1 0  0 0  0 0
   127   42.12783823978091       4   2 1  1 0  0 0  0 0
   128   37.48780117217537       4   1 2  1 0  0 0  0 0
   129   11.22034361585104       4   0 3  1 0  0 0  0 0
   130  0.2714901218547700E-02   4   2 0  2 0  0 0  0 0
   131  0.4463831922692446E-02   4   1 1  2 0  0 0  0 0
   132  0.1726943844933288E-02   4   0 2  2 0  0 0  0 0
   133  -13.71001805593777       4   1 0  3 0  0 0  0 0
   134  -11.82526558824008       4   0 1  3 0  0 0  0 0
   135  -.9057321153585461E-03   4   0 0  4 0  0 0  0 0
   136   14.24794562791655       4   3 0  0 1  0 0  0 0
   137   37.96782919133886       4   2 1  0 1  0 0  0 0
   138   33.96425044655658       4   1 2  0 1  0 0  0 0
   139   10.22829527502758       4   0 3  0 1  0 0  0 0
   140  0.4878057310823666E-02   4   2 0  1 1  0 0  0 0
   141  0.8290559196346737E-02   4   1 1  1 1  0 0  0 0
   142  0.3140716402688174E-02   4   0 2  1 1  0 0  0 0
   143  -36.26069567524478       4   1 0  2 1  0 0  0 0
   144  -31.42908725392853       4   0 1  2 1  0 0  0 0
   145  -.2997929302669625E-02   4   0 0  3 1  0 0  0 0
   146  0.2084315699482683E-02   4   2 0  0 2  0 0  0 0
   147  0.3781888219718324E-02   4   1 1  0 2  0 0  0 0
   148  0.1549223505422654E-02   4   0 2  0 2  0 0  0 0
   149  -32.03055962335733       4   1 0  1 2  0 0  0 0
   150  -27.85800532787756       4   0 1  1 2  0 0  0 0
   151  -.3714129741813493E-02   4   0 0  2 2  0 0  0 0
   152  -9.412063620013640       4   1 0  0 3  0 0  0 0
   153  -8.201705483734939       4   0 1  0 3  0 0  0 0
   154  -.2236432748954629E-02   4   0 0  1 3  0 0  0 0
   155  -.5134176522048030E-03   4   0 0  0 4  0 0  0 0
   156  -.1301177046676214E-03   4   3 0  0 0  0 1  0 0
   157  0.1156620321383222E-02   4   2 1  0 0  0 1  0 0
   158  0.2282496912163326E-02   4   1 2  0 0  0 1  0 0
   159  0.1020253332618622E-02   4   0 3  0 0  0 1  0 0
   160  0.4413658050279902       4   2 0  1 0  0 1  0 0
   161   1.385349046955289       4   1 1  1 0  0 1  0 0
   162   1.202231046564645       4   0 2  1 0  0 1  0 0
   163  0.2408110960614900E-03   4   1 0  2 0  0 1  0 0
   164  -.1181055801311170E-02   4   0 1  2 0  0 1  0 0
   165  -.3574732781112753E-01   4   0 0  3 0  0 1  0 0
   166   1.366293103116854       4   2 0  0 1  0 1  0 0
   167   3.558007605836245       4   1 1  0 1  0 1  0 0
   168   1.780808296857203       4   0 2  0 1  0 1  0 0
   169  -.2287293288900120E-02   4   1 0  1 1  0 1  0 0
   170  -.4459538336760998E-02   4   0 1  1 1  0 1  0 0
   171  -.4212035777837306E-01   4   0 0  2 1  0 1  0 0
   172  -.2230714064245316E-02   4   1 0  0 2  0 1  0 0
   173  -.3066138740719225E-02   4   0 1  0 2  0 1  0 0
   174  0.6859663626832745       4   0 0  1 2  0 1  0 0
   175  0.1033108853345825       4   0 0  0 3  0 1  0 0
   176  -.1299425983929152E-03   4   3 0  0 0  0 0  1 0
   177  0.1155063796264330E-02   4   2 1  0 0  0 0  1 0
   178  0.2279425235389286E-02   4   1 2  0 0  0 0  1 0
   179  0.1018880323766457E-02   4   0 3  0 0  0 0  1 0
   180  0.4407718357284341       4   2 0  1 0  0 0  1 0
   181   1.383484709497134       4   1 1  1 0  0 0  1 0
   182   1.200613140681365       4   0 2  1 0  0 0  1 0
   183  0.2404870238374445E-03   4   1 0  2 0  0 0  1 0
   184  -.1179466392074997E-02   4   0 1  2 0  0 0  1 0
   185  -.3569922074207290E-01   4   0 0  3 0  0 0  1 0
   186   1.364454410249843       4   2 0  0 1  0 0  1 0
   187   3.553219406883400       4   1 1  0 1  0 0  1 0
   188   1.778411768977880       4   0 2  0 1  0 0  1 0
   189  -.2284215157388315E-02   4   1 0  1 1  0 0  1 0
   190  -.4453536900238148E-02   4   0 1  1 1  0 0  1 0
   191  -.4206367418594063E-01   4   0 0  2 1  0 0  1 0
   192  -.2227712074387567E-02   4   1 0  0 2  0 0  1 0
   193  -.3062012475704077E-02   4   0 1  0 2  0 0  1 0
   194  0.6850432214808482       4   0 0  1 2  0 0  1 0
   195  0.1031718544139716       4   0 0  0 3  0 0  1 0
   196  0.7065525947089473E-04   4   3 0  0 0  0 0  0 1
   197  0.2840061831313596E-03   4   2 1  0 0  0 0  0 1
   198  0.3487833188575642E-03   4   1 2  0 0  0 0  0 1
   199  0.1384206954204900E-03   4   0 3  0 0  0 0  0 1
   200  -.8806477183874594       4   2 0  1 0  0 0  0 1
   201  -1.858518664570725       4   1 1  1 0  0 0  0 1
   202  -1.108237545912947       4   0 2  1 0  0 0  0 1
   203  -.7058250437665067E-04   4   1 0  2 0  0 0  0 1
   204  -.5286041884731931E-04   4   0 1  2 0  0 0  0 1
   205  0.7112863138102907E-01   4   0 0  3 0  0 0  0 1
   206  -1.573460808657866       4   2 0  0 1  0 0  0 1
   207  -2.958282118814194       4   1 1  0 1  0 0  0 1
   208  -1.608610801020923       4   0 2  0 1  0 0  0 1
   209  -.1864491696954957E-03   4   1 0  1 1  0 0  0 1
   210  -.1452558456529899E-03   4   0 1  1 1  0 0  0 1
   211  0.1698928808258970       4   0 0  2 1  0 0  0 1
   212  -.8956072532912517E-04   4   1 0  0 2  0 0  0 1
   213  -.6611029223431838E-04   4   0 1  0 2  0 0  0 1
   214  -.7845832596371453E-01   4   0 0  1 2  0 0  0 1
   215  -.2377304853703222       4   0 0  0 3  0 0  0 1
   216  -.6573442584083788E-04   4   2 0  0 0  0 2  0 0
   217  0.3175108485905055E-04   4   1 1  0 0  0 2  0 0
   218  0.1305461511828301E-03   4   0 2  0 0  0 2  0 0
   219  0.2928870071290061E-01   4   1 0  1 0  0 2  0 0
   220  0.6987957772100385E-01   4   0 1  1 0  0 2  0 0
   221  -.4202627962659356E-04   4   0 0  2 0  0 2  0 0
   222  0.7081474640278802E-01   4   1 0  0 1  0 2  0 0
   223  0.1172023152054678       4   0 1  0 1  0 2  0 0
   224  -.2941362962975091E-03   4   0 0  1 1  0 2  0 0
   225  -.1364495093011197E-03   4   0 0  0 2  0 2  0 0
   226  -.7930731799523734E-04   4   2 0  0 0  0 1  1 0
   227  0.4833171691072502E-04   4   1 1  0 0  0 1  1 0
   228  0.1868088884337052E-03   4   0 2  0 0  0 1  1 0
   229  0.1876975602669071E-01   4   1 0  1 0  0 1  1 0
   230  0.6905644462858181E-01   4   0 1  1 0  0 1  1 0
   231  -.1480885187271631E-04   4   0 0  2 0  0 1  1 0
   232  0.7019927968472089E-01   4   1 0  0 1  0 1  1 0
   233  0.1399360219509228       4   0 1  0 1  0 1  1 0
   234  -.2893323520281150E-03   4   0 0  1 1  0 1  1 0
   235  -.1550642990803784E-03   4   0 0  0 2  0 1  1 0
   236  -.6559259952303067E-04   4   2 0  0 0  0 0  2 0
   237  0.3167583447203306E-04   4   1 1  0 0  0 0  2 0
   238  0.1302447690259677E-03   4   0 2  0 0  0 0  2 0
   239  0.2923665563327350E-01   4   1 0  1 0  0 0  2 0
   240  0.6973907062428561E-01   4   0 1  1 0  0 0  2 0
   241  -.4195975811263529E-04   4   0 0  2 0  0 0  2 0
   242  0.7067221181335138E-01   4   1 0  0 1  0 0  2 0
   243  0.1169504302015256       4   0 1  0 1  0 0  2 0
   244  -.2935457766103239E-03   4   0 0  1 1  0 0  2 0
   245  -.1361615428692072E-03   4   0 0  0 2  0 0  2 0
   246  0.5537226488289426E-04   4   2 0  0 0  0 1  0 1
   247  -.3944545944082515E-04   4   1 1  0 0  0 1  0 1
   248  -.8110418482422120E-04   4   0 2  0 0  0 1  0 1
   249  -.3738488310782899E-01   4   1 0  1 0  0 1  0 1
   250  -.6717638085191319E-01   4   0 1  1 0  0 1  0 1
   251  0.8157859992146188E-05   4   0 0  2 0  0 1  0 1
   252  -.6891554395263073E-01   4   1 0  0 1  0 1  0 1
   253  -.9122288228717594E-01   4   0 1  0 1  0 1  0 1
   254  0.1682694199389804E-03   4   0 0  1 1  0 1  0 1
   255  0.1442210428073612E-03   4   0 0  0 2  0 1  0 1
   256  0.5529774749841931E-04   4   2 0  0 0  0 0  1 1
   257  -.3939237560050982E-04   4   1 1  0 0  0 0  1 1
   258  -.8099503863459256E-04   4   0 2  0 0  0 0  1 1
   259  -.3733457229403093E-01   4   1 0  1 0  0 0  1 1
   260  -.6708597804447580E-01   4   0 1  1 0  0 0  1 1
   261  0.8146881528635361E-05   4   0 0  2 0  0 0  1 1
   262  -.6882280066145635E-01   4   1 0  0 1  0 0  1 1
   263  -.9110011883137933E-01   4   0 1  0 1  0 0  1 1
   264  0.1680429708838895E-03   4   0 0  1 1  0 0  1 1
   265  0.1440269569248533E-03   4   0 0  0 2  0 0  1 1
   266  -.7207953212571834E-07   4   2 0  0 0  0 0  0 2
   267  -.1302711601734245E-06   4   1 1  0 0  0 0  0 2
   268  -.5432059242982324E-07   4   0 2  0 0  0 0  0 2
   269  -.2489610380205805E-02   4   1 0  1 0  0 0  0 2
   270  -.2385305518817803E-02   4   0 1  1 0  0 0  0 2
   271  0.3973844382011666E-04   4   0 0  2 0  0 0  0 2
   272  -.1718255545265943E-02   4   1 0  0 1  0 0  0 2
   273  -.1693939797800011E-02   4   0 1  0 1  0 0  0 2
   274  0.7338392177554439E-04   4   0 0  1 1  0 0  0 2
   275  0.3373622242504078E-04   4   0 0  0 2  0 0  0 2
   276  -.4620612488103542E-05   4   1 0  0 0  0 3  0 0
   277  -.8076393046273956E-05   4   0 1  0 0  0 3  0 0
   278  0.5532911338798670E-01   4   0 0  1 0  0 3  0 0
   279  -.1691791736709019       4   0 0  0 1  0 3  0 0
   280  -.3131282090520036E-05   4   1 0  0 0  0 2  1 0
   281  -.7598364420654829E-05   4   0 1  0 0  0 2  1 0
   282  0.3093083988594385E-01   4   0 0  1 0  0 2  1 0
   283  -.4084113916952649E-01   4   0 0  0 1  0 2  1 0
   284  -.3134275944263214E-05   4   1 0  0 0  0 1  2 0
   285  -.7599307443111380E-05   4   0 1  0 0  0 1  2 0
   286  0.3097994065013429E-01   4   0 0  1 0  0 1  2 0
   287  -.4109974649911668E-01   4   0 0  0 1  0 1  2 0
   288  -.4609181059470286E-05   4   1 0  0 0  0 0  3 0
   289  -.8054983932556511E-05   4   0 1  0 0  0 0  3 0
   290  0.5519663986093314E-01   4   0 0  1 0  0 0  3 0
   291  -.1688102197814135       4   0 0  0 1  0 0  3 0
   292  0.5402629425009083E-05   4   1 0  0 0  0 2  0 1
   293  0.8427548143865683E-05   4   0 1  0 0  0 2  0 1
   294  -.6184299368664047E-01   4   0 0  1 0  0 2  0 1
   295  -.1517925527931304       4   0 0  0 1  0 2  0 1
   296  0.3922403077797585E-05   4   1 0  0 0  0 1  1 1
   297  0.7968558293247643E-05   4   0 1  0 0  0 1  1 1
   298  -.3750171336993473E-01   4   0 0  1 0  0 1  1 1
   299  -.1483388628357332       4   0 0  0 1  0 1  1 1
   300  0.5392719528414435E-05   4   1 0  0 0  0 0  2 1
   301  0.8410844891676387E-05   4   0 1  0 0  0 0  2 1
   302  -.6173453428106705E-01   4   0 0  1 0  0 0  2 1
   303  -.1514884638039987       4   0 0  0 1  0 0  2 1
   304  -.2534489675138857E-07   4   1 0  0 0  0 1  0 2
   305  -.8382994920472918E-07   4   0 1  0 0  0 1  0 2
   306  -.5656977122675768E-02   4   0 0  1 0  0 1  0 2
   307  -.6921601677133160E-02   4   0 0  0 1  0 1  0 2
   308  -.2531078878380957E-07   4   1 0  0 0  0 0  1 2
   309  -.8371713480986378E-07   4   0 1  0 0  0 0  1 2
   310  -.5649364229468119E-02   4   0 0  1 0  0 0  1 2
   311  -.6912286911799811E-02   4   0 0  0 1  0 0  1 2
   312  0.3480930903859332E-08   4   1 0  0 0  0 0  0 3
   313  0.2654806680442739E-08   4   0 1  0 0  0 0  0 3
   314  -.4864665474965777E-04   4   0 0  1 0  0 0  0 3
   315  -.3676950567528236E-04   4   0 0  0 1  0 0  0 3
   316  0.7222345675449620E-05   4   0 0  0 0  0 4  0 0
   317  0.3464578198965567E-05   4   0 0  0 0  0 3  1 0
   318  0.2966055371238205E-05   4   0 0  0 0  0 2  2 0
   319  0.3475333842904124E-05   4   0 0  0 0  0 1  3 0
   320  0.7200586487611136E-05   4   0 0  0 0  0 0  4 0
   321  0.1063437105694458E-05   4   0 0  0 0  0 3  0 1
   322  0.1249791189922697E-05   4   0 0  0 0  0 2  1 1
   323  0.1249412121198790E-05   4   0 0  0 0  0 1  2 1
   324  0.1060450598358464E-05   4   0 0  0 0  0 0  3 1
   325  0.7443243081539471E-08   4   0 0  0 0  0 2  0 2
   326  0.1074289574124565E-07   4   0 0  0 0  0 1  1 2
   327  0.7425997674387839E-08   4   0 0  0 0  0 0  2 2
   328  -.1310050764666073E-09   4   0 0  0 0  0 1  0 3
   329  -.1308287760087539E-09   4   0 0  0 0  0 0  1 3
   330  0.6160308848289524E-15   4   0 0  0 0  0 0  0 4
   ----------------------------------------------------
     I  COEFFICIENT            ORDER EXPONENTS
     1  0.1302628837263351E-03   0   0 0  0 0  0 0  0 0
     2  0.4759486043451149E-04   1   1 0  0 0  0 0  0 0
     3  0.4394936736410660E-04   1   0 1  0 0  0 0  0 0
     4  -1.447229294842417       1   0 0  1 0  0 0  0 0
     5  -.3472528898588366       1   0 0  0 1  0 0  0 0
     6  0.4545941550422757E-05   1   0 0  0 0  0 1  0 0
     7  0.4539823836526964E-05   1   0 0  0 0  0 0  1 0
     8  0.1211771183383113E-03   1   0 0  0 0  0 0  0 1
     9  0.5222350587639651E-03   2   2 0  0 0  0 0  0 0
    10  0.8810895460075941E-03   2   1 1  0 0  0 0  0 0
    11  0.4213956973885755E-03   2   0 2  0 0  0 0  0 0
    12  0.6166757980084455       2   1 0  1 0  0 0  0 0
    13  0.5664853691686682       2   0 1  1 0  0 0  0 0
    14  0.4373763662925698E-03   2   0 0  2 0  0 0  0 0
    15  0.5799749588451211       2   1 0  0 1  0 0  0 0
    16  0.5364112807141168       2   0 1  0 1  0 0  0 0
    17  0.1081894189753988E-02   2   0 0  1 1  0 0  0 0
    18  0.5622197924021751E-03   2   0 0  0 2  0 0  0 0
    19  -.2019046525752302E-05   2   1 0  0 0  0 1  0 0
    20  -.2396840369799105E-04   2   0 1  0 0  0 1  0 0
    21  -.5666095884483154E-01   2   0 0  1 0  0 1  0 0
    22  0.6258674888905797       2   0 0  0 1  0 1  0 0
    23  -.2016329388092314E-05   2   1 0  0 0  0 0  1 0
    24  -.2393614814988601E-04   2   0 1  0 0  0 0  1 0
    25  -.5658470719675643E-01   2   0 0  1 0  0 0  1 0
    26  0.6250252259201440       2   0 0  0 1  0 0  1 0
    27  0.5163010703821585E-04   2   1 0  0 0  0 0  0 1
    28  0.4790442470246916E-04   2   0 1  0 0  0 0  0 1
    29  -1.333983628872449       2   0 0  1 0  0 0  0 1
    30  -1.250892714889347       2   0 0  0 1  0 0  0 1
    31  -.3353080084745696E-05   2   0 0  0 0  0 2  0 0
    32  -.2163408863121127E-05   2   0 0  0 0  0 1  1 0
    33  -.3347111960744987E-05   2   0 0  0 0  0 0  2 0
    34  0.8869537988377642E-05   2   0 0  0 0  0 1  0 1
    35  0.8857601782159740E-05   2   0 0  0 0  0 0  1 1
    36  -.8863557681940512E-05   2   0 0  0 0  0 0  0 2
    37  -.1201402991405814E-01   3   3 0  0 0  0 0  0 0
    38  -.3371184529657680E-01   3   2 1  0 0  0 0  0 0
    39  -.3169569004576731E-01   3   1 2  0 0  0 0  0 0
    40  -.9960213869908809E-02   3   0 3  0 0  0 0  0 0
    41  -8.743050047878020       3   2 0  1 0  0 0  0 0
    42  -17.07243874563747       3   1 1  1 0  0 0  0 0
    43  -8.898835994782422       3   0 2  1 0  0 0  0 0
    44  0.2539992731574526E-01   3   1 0  2 0  0 0  0 0
    45  0.2323025547327192E-01   3   0 1  2 0  0 0  0 0
    46  -1.731963788133527       3   0 0  3 0  0 0  0 0
    47  -7.672923026942397       3   2 0  0 1  0 0  0 0
    48  -15.34303085460209       3   1 1  0 1  0 0  0 0
    49  -8.842592431455234       3   0 2  0 1  0 0  0 0
    50  0.4765688581948785E-01   3   1 0  1 1  0 0  0 0
    51  0.4385056265598559E-01   3   0 1  1 1  0 0  0 0
    52  -5.383914910450113       3   0 0  2 1  0 0  0 0
    53  0.2256196557516335E-01   3   1 0  0 2  0 0  0 0
    54  0.2090749785945507E-01   3   0 1  0 2  0 0  0 0
    55  -4.767159484913622       3   0 0  1 2  0 0  0 0
    56  -1.847782607069440       3   0 0  0 3  0 0  0 0
    57  -.3125391183260244E-03   3   2 0  0 0  0 1  0 0
    58  -.1059497105277728E-02   3   1 1  0 0  0 1  0 0
    59  -.7187646015124533E-03   3   0 2  0 0  0 1  0 0
    60  0.2741244989531535E-01   3   1 0  1 0  0 1  0 0
    61  -.2566412878090746       3   0 1  1 0  0 1  0 0
    62  -.1054254481774898E-03   3   0 0  2 0  0 1  0 0
    63  -.2699815844776734       3   1 0  0 1  0 1  0 0
    64  -.5165303585729970       3   0 1  0 1  0 1  0 0
    65  -.7731275552904795E-03   3   0 0  1 1  0 1  0 0
    66  -.6894653029398501E-03   3   0 0  0 2  0 1  0 0
    67  -.3121185179100396E-03   3   2 0  0 0  0 0  1 0
    68  -.1058071284005816E-02   3   1 1  0 0  0 0  1 0
    69  -.7177973219859408E-03   3   0 2  0 0  0 0  1 0
    70  0.2737555951215014E-01   3   1 0  1 0  0 0  1 0
    71  -.2562959120590264       3   0 1  1 0  0 0  1 0
    72  -.1052835715778620E-03   3   0 0  2 0  0 0  1 0
    73  -.2696182559850744       3   1 0  0 1  0 0  1 0
    74  -.5158352363596621       3   0 1  0 1  0 0  1 0
    75  -.7720871166628100E-03   3   0 0  1 1  0 0  1 0
    76  -.6885374530285280E-03   3   0 0  0 2  0 0  1 0
    77  0.1145614201337565E-02   3   2 0  0 0  0 0  0 1
    78  0.2114788969679243E-02   3   1 1  0 0  0 0  0 1
    79  0.1013648772585535E-02   3   0 2  0 0  0 0  0 1
    80  0.5618901100951077       3   1 0  1 0  0 0  0 1
    81  0.5129391761506846       3   0 1  1 0  0 0  0 1
    82  0.6489629956283880E-03   3   0 0  2 0  0 0  0 1
    83  0.5396018293342884       3   1 0  0 1  0 0  0 1
    84  0.4959559989637652       3   0 1  0 1  0 0  0 1
    85  0.1547143507033587E-02   3   0 0  1 1  0 0  0 1
    86  0.8168497710389211E-03   3   0 0  0 2  0 0  0 1
    87  0.1506105281641671E-05   3   1 0  0 0  0 2  0 0
    88  0.1888641260406921E-04   3   0 1  0 0  0 2  0 0
    89  0.4175465214797344E-01   3   0 0  1 0  0 2  0 0
    90  -.4457703002475202       3   0 0  0 1  0 2  0 0
    91  0.1093447628770935E-05   3   1 0  0 0  0 1  1 0
    92  0.1396747577886418E-04   3   0 1  0 0  0 1  1 0
    93  0.2688825297542513E-01   3   0 0  1 0  0 1  1 0
    94  -.2661568394269064       3   0 0  0 1  0 1  1 0
    95  0.1503342680992017E-05   3   1 0  0 0  0 0  2 0
    96  0.1885159777476708E-04   3   0 1  0 0  0 0  2 0
    97  0.4168036823311373E-01   3   0 0  1 0  0 0  2 0
    98  -.4449913129203919       3   0 0  0 1  0 0  2 0
    99  -.4266463823030828E-05   3   1 0  0 0  0 1  0 1
   100  -.2808077676426461E-04   3   0 1  0 0  0 1  0 1
   101  -.1103973472434891       3   0 0  1 0  0 1  0 1
   102  0.5318302449554243       3   0 0  0 1  0 1  0 1
   103  -.4260722217089302E-05   3   1 0  0 0  0 0  1 1
   104  -.2804298697829646E-04   3   0 1  0 0  0 0  1 1
   105  -.1102487796964156       3   0 0  1 0  0 0  1 1
   106  0.5311145328760549       3   0 0  0 1  0 0  1 1
   107  0.4396985727708363E-05   3   1 0  0 0  0 0  0 2
   108  0.4290039026363876E-05   3   0 1  0 0  0 0  0 2
   109  0.1103229603812248       3   0 0  1 0  0 0  0 2
   110  0.9397384139205432E-01   3   0 0  0 1  0 0  0 2
   111  0.2756375023604381E-05   3   0 0  0 0  0 3  0 0
   112  0.1566057668843427E-05   3   0 0  0 0  0 2  1 0
   113  0.1568452990437976E-05   3   0 0  0 0  0 1  2 0
   114  0.2749758582360356E-05   3   0 0  0 0  0 0  3 0
   115  -.6484995917952811E-05   3   0 0  0 0  0 2  0 1
   116  -.4108017041903354E-05   3   0 0  0 0  0 1  1 1
   117  -.6473504528208232E-05   3   0 0  0 0  0 0  2 1
   118  0.4105658633101912E-05   3   0 0  0 0  0 1  0 2
   119  0.4100133431206463E-05   3   0 0  0 0  0 0  1 2
   120  0.2194177601144833E-06   3   0 0  0 0  0 0  0 3
   121  -.5117565410570631E-02   4   4 0  0 0  0 0  0 0
   122  -.1879945065301527E-01   4   3 1  0 0  0 0  0 0
   123  -.2612024981980120E-01   4   2 2  0 0  0 0  0 0
   124  -.1590298612545868E-01   4   1 3  0 0  0 0  0 0
   125  -.3552660908578499E-02   4   0 4  0 0  0 0  0 0
   126   133.1130615013442       4   3 0  1 0  0 0  0 0
   127   370.7874676254968       4   2 1  1 0  0 0  0 0
   128   346.1417180063909       4   1 2  1 0  0 0  0 0
   129   108.5516075029560       4   0 3  1 0  0 0  0 0
   130  0.2895225657398675E-01   4   2 0  2 0  0 0  0 0
   131  0.5579379150064698E-01   4   1 1  2 0  0 0  0 0
   132  0.2677410756255982E-01   4   0 2  2 0  0 0  0 0
   133  -96.36460676355627       4   1 0  3 0  0 0  0 0
   134  -87.59290654658786       4   0 1  3 0  0 0  0 0
   135  -.4400521067753147E-02   4   0 0  4 0  0 0  0 0
   136   126.2145558173810       4   3 0  0 1  0 0  0 0
   137   353.9302347765262       4   2 1  0 1  0 0  0 0
   138   332.8388283095148       4   1 2  0 1  0 0  0 0
   139   105.2035023891603       4   0 3  0 1  0 0  0 0
   140  0.5689610062265769E-01   4   2 0  1 1  0 0  0 0
   141  0.1104395885316344       4   1 1  1 1  0 0  0 0
   142  0.5415411035049375E-01   4   0 2  1 1  0 0  0 0
   143  -268.8713003353660       4   1 0  2 1  0 0  0 0
   144  -246.4535970916299       4   0 1  2 1  0 0  0 0
   145  -.1530647115822662E-01   4   0 0  3 1  0 0  0 0
   146  0.2753498807428864E-01   4   2 0  0 2  0 0  0 0
   147  0.5401189299182028E-01   4   1 1  0 2  0 0  0 0
   148  0.2710877470840779E-01   4   0 2  0 2  0 0  0 0
   149  -252.3835218695493       4   1 0  1 2  0 0  0 0
   150  -232.9759544790922       4   0 1  1 2  0 0  0 0
   151  -.2006743324162718E-01   4   0 0  2 2  0 0  0 0
   152  -79.40562117551096       4   1 0  0 3  0 0  0 0
   153  -73.71905446744135       4   0 1  0 3  0 0  0 0
   154  -.1137280534116641E-01   4   0 0  1 3  0 0  0 0
   155  -.2135886246100758E-02   4   0 0  0 4  0 0  0 0
   156  -.1332982355976905E-02   4   3 0  0 0  0 1  0 0
   157  0.1050001417857439E-01   4   2 1  0 0  0 1  0 0
   158  0.2311109713871973E-01   4   1 2  0 0  0 1  0 0
   159  0.1136467973685839E-01   4   0 3  0 0  0 1  0 0
   160   4.752286048935146       4   2 0  1 0  0 1  0 0
   161   17.62574564162495       4   1 1  1 0  0 1  0 0
   162   13.14982867353714       4   0 2  1 0  0 1  0 0
   163  0.2650222044897947E-02   4   1 0  2 0  0 1  0 0
   164  -.7556651707545810E-02   4   0 1  2 0  0 1  0 0
   165  0.4774234735704928       4   0 0  3 0  0 1  0 0
   166   8.141112981304577       4   2 0  0 1  0 1  0 0
   167   23.74622772960081       4   1 1  0 1  0 1  0 0
   168   17.24509687293775       4   0 2  0 1  0 1  0 0
   169  -.1496002182251380E-01   4   1 0  1 1  0 1  0 0
   170  -.3225647966507555E-01   4   0 1  1 1  0 1  0 0
   171   4.286594937272557       4   0 0  2 1  0 1  0 0
   172  -.1635613261593078E-01   4   1 0  0 2  0 1  0 0
   173  -.2382301867726014E-01   4   0 1  0 2  0 1  0 0
   174   6.508568348257352       4   0 0  1 2  0 1  0 0
   175   3.372563741572768       4   0 0  0 3  0 1  0 0
   176  -.1331188491143512E-02   4   3 0  0 0  0 0  1 0
   177  0.1048588375434139E-01   4   2 1  0 0  0 0  1 0
   178  0.2307999531337871E-01   4   1 2  0 0  0 0  1 0
   179  0.1134938568646733E-01   4   0 3  0 0  0 0  1 0
   180   4.745890646337970       4   2 0  1 0  0 0  1 0
   181   17.60202574381305       4   1 1  1 0  0 0  1 0
   182   13.13213225383826       4   0 2  1 0  0 0  1 0
   183  0.2646655500970558E-02   4   1 0  2 0  0 0  1 0
   184  -.7546482321810451E-02   4   0 1  2 0  0 0  1 0
   185  0.4767809795599521       4   0 0  3 0  0 0  1 0
   186   8.130157055131692       4   2 0  0 1  0 0  1 0
   187   23.71427117544327       4   1 1  0 1  0 0  1 0
   188   17.22188923429942       4   0 2  0 1  0 0  1 0
   189  -.1493988933018643E-01   4   1 0  1 1  0 0  1 0
   190  -.3221307041493750E-01   4   0 1  1 1  0 0  1 0
   191   4.280826239826204       4   0 0  2 1  0 0  1 0
   192  -.1633412130349411E-01   4   1 0  0 2  0 0  1 0
   193  -.2379095878146427E-01   4   0 1  0 2  0 0  1 0
   194   6.499809423712471       4   0 0  1 2  0 0  1 0
   195   3.368025104232783       4   0 0  0 3  0 0  1 0
   196  0.4999845061785010E-03   4   3 0  0 0  0 0  0 1
   197  0.1431768749866508E-02   4   2 1  0 0  0 0  0 1
   198  0.1377071204578536E-02   4   1 2  0 0  0 0  0 1
   199  0.4717931562726995E-03   4   0 3  0 0  0 0  0 1
   200  -18.23004189283266       4   2 0  1 0  0 0  0 1
   201  -35.20361077304000       4   1 1  1 0  0 0  0 1
   202  -17.36998895000256       4   0 2  1 0  0 0  0 1
   203  -.1288522350615345E-02   4   1 0  2 0  0 0  0 1
   204  -.1255072834711331E-02   4   0 1  2 0  0 0  0 1
   205  -2.688867404148456       4   0 0  3 0  0 0  0 1
   206  -16.25863274265505       4   2 0  0 1  0 0  0 1
   207  -32.09002593804681       4   1 1  0 1  0 0  0 1
   208  -16.76683001038263       4   0 2  0 1  0 0  0 1
   209  -.2558350674976526E-02   4   1 0  1 1  0 0  0 1
   210  -.2587765341136602E-02   4   0 1  1 1  0 0  0 1
   211  -8.576177580270505       4   0 0  2 1  0 0  0 1
   212  -.1258109538088121E-02   4   1 0  0 2  0 0  0 1
   213  -.1287384740181814E-02   4   0 1  0 2  0 0  0 1
   214  -8.250812802197615       4   0 0  1 2  0 0  0 1
   215  -3.048555292543012       4   0 0  0 3  0 0  0 1
   216  -.1436498352661272E-03   4   2 0  0 0  0 2  0 0
   217  0.1324122342067471E-03   4   1 1  0 0  0 2  0 0
   218  0.2838546396931321E-03   4   0 2  0 0  0 2  0 0
   219  -.2031035436022101E-01   4   1 0  1 0  0 2  0 0
   220  0.1798125288259481       4   0 1  1 0  0 2  0 0
   221  -.1204258848642889E-03   4   0 0  2 0  0 2  0 0
   222  0.1928575264225355       4   1 0  0 1  0 2  0 0
   223  0.5025411190000421       4   0 1  0 1  0 2  0 0
   224  0.3087199071276988E-03   4   0 0  1 1  0 2  0 0
   225  0.6128866808951944E-03   4   0 0  0 2  0 2  0 0
   226  -.1463665467291724E-03   4   2 0  0 0  0 1  1 0
   227  0.2670896204538475E-03   4   1 1  0 0  0 1  1 0
   228  0.5157740237502737E-03   4   0 2  0 0  0 1  1 0
   229  -.1407741231869275E-01   4   1 0  1 0  0 1  1 0
   230  0.1019623326593598       4   0 1  1 0  0 1  1 0
   231  -.1100830775289116E-03   4   0 0  2 0  0 1  1 0
   232  0.1149659512875072       4   1 0  0 1  0 1  1 0
   233  0.4871272326621716       4   0 1  0 1  0 1  1 0
   234  0.2780623835083733E-03   4   0 0  1 1  0 1  1 0
   235  0.7110704020396044E-03   4   0 0  0 2  0 1  1 0
   236  -.1433580314875224E-03   4   2 0  0 0  0 0  2 0
   237  0.1320543217504684E-03   4   1 1  0 0  0 0  2 0
   238  0.2831255893099457E-03   4   0 2  0 0  0 0  2 0
   239  -.2027354928349018E-01   4   1 0  1 0  0 0  2 0
   240  0.1795019375479380       4   0 1  1 0  0 0  2 0
   241  -.1201897490750624E-03   4   0 0  2 0  0 0  2 0
   242  0.1925206299729940       4   1 0  0 1  0 0  2 0
   243  0.5015370464099315       4   0 1  0 1  0 0  2 0
   244  0.3081173448006025E-03   4   0 0  1 1  0 0  2 0
   245  0.6115834243666554E-03   4   0 0  0 2  0 0  2 0
   246  0.3307142538548772E-03   4   2 0  0 0  0 1  0 1
   247  -.8636910437108414E-04   4   1 1  0 0  0 1  0 1
   248  -.3316079729899369E-03   4   0 2  0 0  0 1  0 1
   249  0.5581717968428147E-01   4   1 0  1 0  0 1  0 1
   250  -.2028685307097442       4   0 1  1 0  0 1  0 1
   251  0.2214232051421019E-03   4   0 0  2 0  0 1  0 1
   252  -.2291670975578063       4   1 0  0 1  0 1  0 1
   253  -.4562185114141381       4   0 1  0 1  0 1  0 1
   254  -.2841416978997621E-03   4   0 0  1 1  0 1  0 1
   255  -.5731524014156531E-03   4   0 0  0 2  0 1  0 1
   256  0.3302691941980620E-03   4   2 0  0 0  0 0  1 1
   257  -.8625287290085705E-04   4   1 1  0 0  0 0  1 1
   258  -.3311617106080310E-03   4   0 2  0 0  0 0  1 1
   259  0.5574206355443515E-01   4   1 0  1 0  0 0  1 1
   260  -.2025955198019775       4   0 1  1 0  0 0  1 1
   261  0.2211252242279354E-03   4   0 0  2 0  0 0  1 1
   262  -.2288586952781838       4   1 0  0 1  0 0  1 1
   263  -.4556045540423104       4   0 1  0 1  0 0  1 1
   264  -.2837593133938629E-03   4   0 0  1 1  0 0  1 1
   265  -.5723810799255646E-03   4   0 0  0 2  0 0  1 1
   266  -.2280600567040834E-03   4   2 0  0 0  0 0  0 2
   267  -.4311895801352821E-03   4   1 1  0 0  0 0  0 2
   268  -.2021571056112086E-03   4   0 2  0 0  0 0  0 2
   269  -.5689687563010277E-01   4   1 0  1 0  0 0  0 2
   270  -.5519412249724067E-01   4   0 1  1 0  0 0  0 2
   271  -.9157115606025800E-04   4   0 0  2 0  0 0  0 2
   272  -.4209679376112315E-01   4   1 0  0 1  0 0  0 2
   273  -.4180359958001792E-01   4   0 1  0 1  0 0  0 2
   274  -.2002920329995600E-03   4   0 0  1 1  0 0  0 2
   275  -.1039269112906502E-03   4   0 0  0 2  0 0  0 2
   276  -.3686457949483415E-05   4   1 0  0 0  0 3  0 0
   277  -.2126770007346144E-04   4   0 1  0 0  0 3  0 0
   278  -.3430453026412271E-01   4   0 0  1 0  0 3  0 0
   279  0.3560867679194507       4   0 0  0 1  0 3  0 0
   280  -.2526035567124346E-05   4   1 0  0 0  0 2  1 0
   281  -.1504556062651681E-04   4   0 1  0 0  0 2  1 0
   282  -.1943157313114725E-01   4   0 0  1 0  0 2  1 0
   283  0.1768180861189448       4   0 0  0 1  0 2  1 0
   284  -.2528368015210424E-05   4   1 0  0 0  0 1  2 0
   285  -.1505806304425910E-04   4   0 1  0 0  0 1  2 0
   286  -.1946150292743442E-01   4   0 0  1 0  0 1  2 0
   287  0.1771789957971007       4   0 0  0 1  0 1  2 0
   288  -.3677318939498715E-05   4   1 0  0 0  0 0  3 0
   289  -.2121465831766348E-04   4   0 1  0 0  0 0  3 0
   290  -.3422222472386934E-01   4   0 0  1 0  0 0  3 0
   291  0.3552491445573579       4   0 0  0 1  0 0  3 0
   292  0.4960593788024085E-05   4   1 0  0 0  0 2  0 1
   293  0.2706431722014091E-04   4   0 1  0 0  0 2  0 1
   294  0.8060727903392846E-01   4   0 0  1 0  0 2  0 1
   295  -.3535110066451940       4   0 0  0 1  0 2  0 1
   296  0.3893691780422796E-05   4   1 0  0 0  0 1  1 1
   297  0.2137163019179025E-04   4   0 1  0 0  0 1  1 1
   298  0.5090701425380054E-01   4   0 0  1 0  0 1  1 1
   299  -.1756593404476739       4   0 0  0 1  0 1  1 1
   300  0.4951298081241487E-05   4   1 0  0 0  0 0  2 1
   301  0.2701351487119845E-04   4   0 1  0 0  0 0  2 1
   302  0.8046454742638436E-01   4   0 0  1 0  0 0  2 1
   303  -.3529170711619292       4   0 0  0 1  0 0  2 1
   304  -.8086602511229660E-06   4   1 0  0 0  0 1  0 2
   305  -.2397159815915562E-05   4   0 1  0 0  0 1  0 2
   306  -.5087127426268009E-01   4   0 0  1 0  0 1  0 2
   307  -.9050293347905920E-01   4   0 0  0 1  0 1  0 2
   308  -.8075719942678380E-06   4   1 0  0 0  0 0  1 2
   309  -.2393933831209534E-05   4   0 1  0 0  0 0  1 2
   310  -.5080281409925746E-01   4   0 0  1 0  0 0  1 2
   311  -.9038113889643849E-01   4   0 0  0 1  0 0  1 2
   312  0.2016379803129712E-06   4   1 0  0 0  0 0  0 3
   313  0.1644836869463456E-06   4   0 1  0 0  0 0  0 3
   314  -.2884814477668829E-02   4   0 0  1 0  0 0  0 3
   315  -.2356227919297984E-02   4   0 0  0 1  0 0  0 3
   316  -.6019431149528300E-05   4   0 0  0 0  0 4  0 0
   317  -.3142074543034938E-05   4   0 0  0 0  0 3  1 0
   318  -.2760059405019580E-05   4   0 0  0 0  0 2  2 0
   319  -.3150308414617582E-05   4   0 0  0 0  0 1  3 0
   320  -.6001125142019056E-05   4   0 0  0 0  0 0  4 0
   321  0.6499760897177851E-05   4   0 0  0 0  0 3  0 1
   322  0.3347295420023179E-05   4   0 0  0 0  0 2  1 1
   323  0.3353641422130432E-05   4   0 0  0 0  0 1  2 1
   324  0.6484391012109240E-05   4   0 0  0 0  0 0  3 1
   325  0.4330848724703285E-06   4   0 0  0 0  0 2  0 2
   326  0.5160813621424485E-06   4   0 0  0 0  0 1  1 2
   327  0.4321547882719865E-06   4   0 0  0 0  0 0  2 2
   328  0.2974156044009046E-08   4   0 0  0 0  0 1  0 3
   329  0.2970153564972130E-08   4   0 0  0 0  0 0  1 3
   330  -.7933608677385686E-14   4   0 0  0 0  0 0  0 4
   ----------------------------------------------------
     I  COEFFICIENT            ORDER EXPONENTS
     1  0.9190360845623023E-08   0   0 0  0 0  0 0  0 0
     2  0.5742074045496844E-07   1   1 0  0 0  0 0  0 0
     3  0.4740681621646796E-06   1   0 1  0 0  0 0  0 0
     4  0.7294352455219736E-05   1   0 0  1 0  0 0  0 0
     5  -.1390889852645385E-05   1   0 0  0 1  0 0  0 0
     6   1.000000000000000       1   0 0  0 0  1 0  0 0
     7  0.2621231483674679       1   0 0  0 0  0 1  0 0
     8  -.2621231477748655       1   0 0  0 0  0 0  1 0
     9  -.5926079546351167E-09   1   0 0  0 0  0 0  0 1
    10  -.4973917451861449E-01   2   2 0  0 0  0 0  0 0
    11  -.1876882806571320       2   1 1  0 0  0 0  0 0
    12  -.3877091391176805       2   0 2  0 0  0 0  0 0
    13  -.3506614753646544E-05   2   1 0  1 0  0 0  0 0
    14  -.6245829271624735E-05   2   0 1  1 0  0 0  0 0
    15  -.4359827379154053E-01   2   0 0  2 0  0 0  0 0
    16  -.6113404709493408E-05   2   1 0  0 1  0 0  0 0
    17  -.7986293864862214E-05   2   0 1  0 1  0 0  0 0
    18  0.1822928567401200E-01   2   0 0  1 1  0 0  0 0
    19  -.2140424757499687       2   0 0  0 2  0 0  0 0
    20  -.1322286247199473E-06   2   1 0  0 0  0 1  0 0
    21  -.8123818112869638E-06   2   0 1  0 0  0 1  0 0
    22  -.1070451154890253E-04   2   0 0  1 0  0 1  0 0
    23  -.1034763082130277E-05   2   0 0  0 1  0 1  0 0
    24  -.7477478255091478E-07   2   1 0  0 0  0 0  1 0
    25  -.3384740727627577E-06   2   0 1  0 0  0 0  1 0
    26  -.3415381692285079E-05   2   0 0  1 0  0 0  1 0
    27  -.2420528184660968E-05   2   0 0  0 1  0 0  1 0
    28  0.2069691654209385E-06   2   1 0  0 0  0 0  0 1
    29  0.6767061402124368E-06   2   0 1  0 0  0 0  0 1
    30  0.1411990833471340E-04   2   0 0  1 0  0 0  0 1
    31  0.4846202349424754E-05   2   0 0  0 1  0 0  0 1
    32  -.1967247329275068       2   0 0  0 0  0 2  0 0
    33  0.1313263166266985       2   0 0  0 0  0 1  1 0
    34  0.6539841543967086E-01   2   0 0  0 0  0 0  2 0
    35  0.8609956437208446E-09   2   0 0  0 0  0 1  0 1
    36  0.2688662959857675E-09   2   0 0  0 0  0 0  1 1
    37  -.2686739569400667E-09   2   0 0  0 0  0 0  0 2
    38  0.2366471810049859E-01   3   3 0  0 0  0 0  0 0
    39  0.8569026853008137E-01   3   2 1  0 0  0 0  0 0
    40  0.9567403302832080E-01   3   1 2  0 0  0 0  0 0
    41  0.3403690521626822E-01   3   0 3  0 0  0 0  0 0
    42  0.3155853826632224E-03   3   2 0  1 0  0 0  0 0
    43  0.5344083679151230E-03   3   1 1  1 0  0 0  0 0
    44  0.3158871789274736E-03   3   0 2  1 0  0 0  0 0
    45  0.1828995873958376E-01   3   1 0  2 0  0 0  0 0
    46  -.3860668163098626E-02   3   0 1  2 0  0 0  0 0
    47  0.3586571331167588E-04   3   0 0  3 0  0 0  0 0
    48  0.2620571413337381E-03   3   2 0  0 1  0 0  0 0
    49  0.4489515182150426E-03   3   1 1  0 1  0 0  0 0
    50  0.2611650978198374E-03   3   0 2  0 1  0 0  0 0
    51  -.8494786494950078E-02   3   1 0  1 1  0 0  0 0
    52  -.4201581084200857E-01   3   0 1  1 1  0 0  0 0
    53  0.2057469462658186E-03   3   0 0  2 1  0 0  0 0
    54  -.2177622254943904E-01   3   1 0  0 2  0 0  0 0
    55  -.3433933020401699E-01   3   0 1  0 2  0 0  0 0
    56  0.2492268529138286E-03   3   0 0  1 2  0 0  0 0
    57  0.7795692049727489E-04   3   0 0  0 3  0 0  0 0
    58  0.7617947000157713E-01   3   2 0  0 0  0 1  0 0
    59  0.3291200916311938       3   1 1  0 0  0 1  0 0
    60  0.6653317233264613       3   0 2  0 0  0 1  0 0
    61  0.5335353630362694E-05   3   1 0  1 0  0 1  0 0
    62  0.1114725080763407E-04   3   0 1  1 0  0 1  0 0
    63  0.6390104541701359E-01   3   0 0  2 0  0 1  0 0
    64  0.1084969082875227E-04   3   1 0  0 1  0 1  0 0
    65  0.1763449702102594E-04   3   0 1  0 1  0 1  0 0
    66  0.9957345619395961E-02   3   0 0  1 1  0 1  0 0
    67  0.3136491529161317       3   0 0  0 2  0 1  0 0
    68  0.2647167740786479E-01   3   2 0  0 0  0 0  1 0
    69  0.1414939967247934       3   1 1  0 0  0 0  1 0
    70  0.2777702293113520       3   0 2  0 0  0 0  1 0
    71  0.1814464166077381E-05   3   1 0  1 0  0 0  1 0
    72  0.4844827355935362E-05   3   0 1  1 0  0 0  1 0
    73  0.2033411929883239E-01   3   0 0  2 0  0 0  1 0
    74  0.4711749936390442E-05   3   1 0  0 1  0 0  1 0
    75  0.9576417007428086E-05   3   0 1  0 1  0 0  1 0
    76  0.2812430897249574E-01   3   0 0  1 1  0 0  1 0
    77  0.9976034080296226E-01   3   0 0  0 2  0 0  1 0
    78  -.1026513852145303       3   2 0  0 0  0 0  0 1
    79  -.2829264817634822       3   1 1  0 0  0 0  0 1
    80  -.1676842745997639       3   0 2  0 0  0 0  0 1
    81  -.7115773906179961E-05   3   1 0  1 0  0 0  0 1
    82  -.9632708062331493E-05   3   0 1  1 0  0 0  0 1
    83  -.8423530126145103E-01   3   0 0  2 0  0 0  0 1
    84  -.9380868607160663E-05   3   1 0  0 1  0 0  0 1
    85  -.1106105187586229E-04   3   0 1  0 1  0 0  0 1
    86  -.5631111033287400E-01   3   0 0  1 1  0 0  0 1
    87  0.1467535999962695E-01   3   0 0  0 2  0 0  0 1
    88  0.2124592464305085E-06   3   1 0  0 0  0 2  0 0
    89  0.1138486179224522E-05   3   0 1  0 0  0 2  0 0
    90  0.1314525766794018E-04   3   0 0  1 0  0 2  0 0
    91  0.4312951004040730E-05   3   0 0  0 1  0 2  0 0
    92  0.1601295035932406E-06   3   1 0  0 0  0 1  1 0
    93  0.6516949472287017E-06   3   0 1  0 0  0 1  1 0
    94  0.4887812766914236E-05   3   0 0  1 0  0 1  1 0
    95  0.6557560184211228E-05   3   0 0  0 1  0 1  1 0
    96  0.8004753449173257E-07   3   1 0  0 0  0 0  2 0
    97  0.3259546738849953E-06   3   0 1  0 0  0 0  2 0
    98  0.2447805004683929E-05   3   0 0  1 0  0 0  2 0
    99  0.3275060664831243E-05   3   0 0  0 1  0 0  2 0
   100  -.4534135993623970E-06   3   1 0  0 0  0 1  0 1
   101  -.1304356032898773E-05   3   0 1  0 0  0 1  0 1
   102  -.2047789622068992E-04   3   0 0  1 0  0 1  0 1
   103  -.1311822398101485E-04   3   0 0  0 1  0 1  0 1
   104  -.2462446918111691E-06   3   1 0  0 0  0 0  1 1
   105  -.6274897228180391E-06   3   0 1  0 0  0 0  1 1
   106  -.6369531185805062E-05   3   0 0  1 0  0 0  1 1
   107  -.8268391882658175E-05   3   0 0  0 1  0 0  1 1
   108  0.2463704856064169E-06   3   1 0  0 0  0 0  0 2
   109  0.2891555001603787E-06   3   0 1  0 0  0 0  0 2
   110  0.6364918948324872E-05   3   0 0  1 0  0 0  0 2
   111  0.5848229764785565E-05   3   0 0  0 1  0 0  0 2
   112  0.1639593932344308       3   0 0  0 0  0 3  0 0
   113  -.9842878442405543E-01   3   0 0  0 0  0 2  1 0
   114  -.3289754810651067E-01   3   0 0  0 0  0 1  2 0
   115  -.3263309956400489E-01   3   0 0  0 0  0 0  3 0
   116  -.1021258574208318E-08   3   0 0  0 0  0 2  0 1
   117  0.3626611720496342E-09   3   0 0  0 0  0 1  1 1
   118  0.1802766453373426E-09   3   0 0  0 0  0 0  2 1
   119  -.2886241259596459E-10   3   0 0  0 0  0 1  0 2
   120  -.2986271745549126E-10   3   0 0  0 0  0 0  1 2
   121  -.6072067004985775E-12   3   0 0  0 0  0 0  0 3
   122  -.7337222315288392       4   4 0  0 0  0 0  0 0
   123  -3.498401400554996       4   3 1  0 0  0 0  0 0
   124  -6.587360370854864       4   2 2  0 0  0 0  0 0
   125  -5.661303583726679       4   1 3  0 0  0 0  0 0
   126  -2.067081428126698       4   0 4  0 0  0 0  0 0
   127  -.9096013581041298E-03   4   3 0  1 0  0 0  0 0
   128  -.2468010598060765E-02   4   2 1  1 0  0 0  0 0
   129  -.2276713609013567E-02   4   1 2  1 0  0 0  0 0
   130  -.7238857723938757E-03   4   0 3  1 0  0 0  0 0
   131  -1.965845427739130       4   2 0  2 0  0 0  0 0
   132  -3.793080773641467       4   1 1  2 0  0 0  0 0
   133  -2.278657402901252       4   0 2  2 0  0 0  0 0
   134  0.7474302643084028E-03   4   1 0  3 0  0 0  0 0
   135  0.6219360106925648E-03   4   0 1  3 0  0 0  0 0
   136  -.2027930536738956       4   0 0  4 0  0 0  0 0
   137  -.8321475655523510E-03   4   3 0  0 1  0 0  0 0
   138  -.2333196129522730E-02   4   2 1  0 1  0 0  0 0
   139  -.2224190881440306E-02   4   1 2  0 1  0 0  0 0
   140  -.7311228537955980E-03   4   0 3  0 1  0 0  0 0
   141  -3.702290307030212       4   2 0  1 1  0 0  0 0
   142  -6.985996291127030       4   1 1  1 1  0 0  0 0
   143  -3.980910594603075       4   0 2  1 1  0 0  0 0
   144  0.1949811614483595E-02   4   1 0  2 1  0 0  0 0
   145  0.1600638404871956E-02   4   0 1  2 1  0 0  0 0
   146  -.9257015597391233       4   0 0  3 1  0 0  0 0
   147  -1.444802360127907       4   2 0  0 2  0 0  0 0
   148  -2.911201523067836       4   1 1  0 2  0 0  0 0
   149  -2.096785292514409       4   0 2  0 2  0 0  0 0
   150  0.1707333857393592E-02   4   1 0  1 2  0 0  0 0
   151  0.1372441929306438E-02   4   0 1  1 2  0 0  0 0
   152  -1.381956172744766       4   0 0  2 2  0 0  0 0
   153  0.4897327937960906E-03   4   1 0  0 3  0 0  0 0
   154  0.3779842419401874E-03   4   0 1  0 3  0 0  0 0
   155  -.7588101865315674       4   0 0  1 3  0 0  0 0
   156  -.2601650214918950       4   0 0  0 4  0 0  0 0
   157  -.3792113990133918E-01   4   3 0  0 0  0 1  0 0
   158  -.1685909357413127       4   2 1  0 0  0 1  0 0
   159  -.2292483329688868       4   1 2  0 0  0 1  0 0
   160  -.9734691624141469E-01   4   0 3  0 0  0 1  0 0
   161  0.9539843607322076E-04   4   2 0  1 0  0 1  0 0
   162  -.6268622615765451E-05   4   1 1  1 0  0 1  0 0
   163  -.1340226567765344E-03   4   0 2  1 0  0 1  0 0
   164  -.2659442618727961E-01   4   1 0  2 0  0 1  0 0
   165  -.2742047820366195E-02   4   0 1  2 0  0 1  0 0
   166  0.8933392853696850E-04   4   0 0  3 0  0 1  0 0
   167  -.1194233654777450E-03   4   2 0  0 1  0 1  0 0
   168  -.2684514218777477E-03   4   1 1  0 1  0 1  0 0
   169  -.1811559118913858E-03   4   0 2  0 1  0 1  0 0
   170  -.2751320291330642E-02   4   1 0  1 1  0 1  0 0
   171  0.6837209412707061E-01   4   0 1  1 1  0 1  0 0
   172  0.8125238380151581E-04   4   0 0  2 1  0 1  0 0
   173  0.3636303357725106E-01   4   1 0  0 2  0 1  0 0
   174  0.7851245700696040E-01   4   0 1  0 2  0 1  0 0
   175  -.2409573791736203E-03   4   0 0  1 2  0 1  0 0
   176  -.1633342572496729E-03   4   0 0  0 3  0 1  0 0
   177  -.1392641939555567E-01   4   3 0  0 0  0 0  1 0
   178  -.8143385686309147E-01   4   2 1  0 0  0 0  1 0
   179  -.1315568841510867       4   1 2  0 0  0 0  1 0
   180  -.6236816759280753E-01   4   0 3  0 0  0 0  1 0
   181  0.5122218964711619E-04   4   2 0  1 0  0 0  1 0
   182  -.1462345744084815E-03   4   1 1  1 0  0 0  1 0
   183  -.1923114828316110E-03   4   0 2  1 0  0 0  1 0
   184  -.8188510516307763E-02   4   1 0  2 0  0 0  1 0
   185  -.6132453706956159E-02   4   0 1  2 0  0 0  1 0
   186  0.3158884474326181E-04   4   0 0  3 0  0 0  1 0
   187  -.1230041344125676E-03   4   2 0  0 1  0 0  1 0
   188  -.3558491310930257E-03   4   1 1  0 1  0 0  1 0
   189  -.2488430401950827E-03   4   0 2  0 1  0 0  1 0
   190  -.1103403152291627E-01   4   1 0  1 1  0 0  1 0
   191  0.2703244611403718E-01   4   0 1  1 1  0 0  1 0
   192  0.1582541521517545E-04   4   0 0  2 1  0 0  1 0
   193  0.1472242524547925E-01   4   1 0  0 2  0 0  1 0
   194  0.4450804316149424E-01   4   0 1  0 2  0 0  1 0
   195  -.1908118125012722E-03   4   0 0  1 2  0 0  1 0
   196  -.1252957673530363E-03   4   0 0  0 3  0 0  1 0
   197  0.5142184292942698E-01   4   3 0  0 0  0 0  0 1
   198  0.1619163150543174       4   2 1  0 0  0 0  0 1
   199  0.1655323361487750       4   1 2  0 0  0 0  0 1
   200  0.5540471505337156E-01   4   0 3  0 0  0 0  0 1
   201  -.7862675921542159E-04   4   2 0  1 0  0 0  0 1
   202  -.1708739086564653E-03   4   1 1  1 0  0 0  0 1
   203  -.5966149573753361E-04   4   0 2  1 0  0 0  0 1
   204  0.3454308948816526E-01   4   1 0  2 0  0 0  0 1
   205  0.1181785973009891E-01   4   0 1  2 0  0 0  0 1
   206  -.8708643294287734E-04   4   0 0  3 0  0 0  0 1
   207  -.5055973444231473E-04   4   2 0  0 1  0 0  0 1
   208  -.1462948921163264E-03   4   1 1  0 1  0 0  0 1
   209  -.5825175930086527E-04   4   0 2  0 1  0 0  0 1
   210  0.2190819495234557E-01   4   1 0  1 1  0 0  0 1
   211  -.1265877326999529E-01   4   0 1  1 1  0 0  0 1
   212  -.1899571270012521E-03   4   0 0  2 1  0 0  0 1
   213  -.7844104090169609E-02   4   1 0  0 2  0 0  0 1
   214  -.2085300072807106E-01   4   0 1  0 2  0 0  0 1
   215  -.1067522537015755E-03   4   0 0  1 2  0 0  0 1
   216  0.2117640560888495E-05   4   0 0  0 3  0 0  0 1
   217  -.9683884286782667E-01   4   2 0  0 0  0 2  0 0
   218  -.4604020558994798       4   1 1  0 0  0 2  0 0
   219  -.9267433729537519       4   0 2  0 0  0 2  0 0
   220  -.9995222299050189E-05   4   1 0  1 0  0 2  0 0
   221  -.2487277785778121E-04   4   0 1  1 0  0 2  0 0
   222  -.7839367657636098E-01   4   0 0  2 0  0 2  0 0
   223  -.2506406718986084E-04   4   1 0  0 1  0 2  0 0
   224  -.4329833810155524E-04   4   0 1  0 1  0 2  0 0
   225  -.4846816783706136E-01   4   0 0  1 1  0 2  0 0
   226  -.3926673726222846       4   0 0  0 2  0 2  0 0
   227  -.4130528789140321E-01   4   2 0  0 0  0 1  1 0
   228  -.2625374926638998       4   1 1  0 0  0 1  1 0
   229  -.5228419364602807       4   0 2  0 0  0 1  1 0
   230  -.3896425265443629E-05   4   1 0  1 0  0 1  1 0
   231  -.1268036177485129E-04   4   0 1  1 0  0 1  1 0
   232  -.2902179378270046E-01   4   0 0  2 0  0 1  1 0
   233  -.1290431019017440E-04   4   1 0  0 1  0 1  1 0
   234  -.2825834506916670E-04   4   0 1  0 1  0 1  1 0
   235  -.7703207736769313E-01   4   0 0  1 1  0 1  1 0
   236  -.1581103163009163       4   0 0  0 2  0 1  1 0
   237  -.2067601919609897E-01   4   2 0  0 0  0 0  2 0
   238  -.1313131696866146       4   1 1  0 0  0 0  2 0
   239  -.2615160457598601       4   0 2  0 0  0 0  2 0
   240  -.1970945727637724E-05   4   1 0  1 0  0 0  2 0
   241  -.6363324658973747E-05   4   0 1  1 0  0 0  2 0
   242  -.1453427581993633E-01   4   0 0  2 0  0 0  2 0
   243  -.6470729965988560E-05   4   1 0  0 1  0 0  2 0
   244  -.1413210360890484E-04   4   0 1  0 1  0 0  2 0
   245  -.3847088070628828E-01   4   0 0  1 1  0 0  2 0
   246  -.7915945677335705E-01   4   0 0  0 2  0 0  2 0
   247  0.1587709873925373       4   2 0  0 0  0 1  0 1
   248  0.5250353858323208       4   1 1  0 0  0 1  0 1
   249  0.3802993170439042       4   0 2  0 0  0 1  0 1
   250  0.9232203117389660E-05   4   1 0  1 0  0 1  0 1
   251  0.2091490780796214E-04   4   0 1  1 0  0 1  0 1
   252  0.1219280933979449       4   0 0  2 0  0 1  0 1
   253  0.2111685017139670E-04   4   1 0  0 1  0 1  0 1
   254  0.3263235015671005E-04   4   0 1  0 1  0 1  0 1
   255  0.1540949360595193       4   0 0  1 1  0 1  0 1
   256  0.2519207944075226E-02   4   0 0  0 2  0 1  0 1
   257  0.5617246024955103E-01   4   2 0  0 0  0 0  1 1
   258  0.2421464766705130       4   1 1  0 0  0 0  1 1
   259  0.2125467829686696       4   0 2  0 0  0 0  1 1
   260  0.3149698584144146E-05   4   1 0  1 0  0 0  1 1
   261  0.9143033975665336E-05   4   0 1  1 0  0 0  1 1
   262  0.3776215286638825E-01   4   0 0  2 0  0 0  1 1
   263  0.9308330783351366E-05   4   1 0  0 1  0 0  1 1
   264  0.1676045837421374E-04   4   0 1  0 1  0 0  1 1
   265  0.9773977713563735E-01   4   0 0  1 1  0 0  1 1
   266  0.1715690639729044E-01   4   0 0  0 2  0 0  1 1
   267  -.5613418133047274E-01   4   2 0  0 0  0 0  0 2
   268  -.1006420458670811       4   1 1  0 0  0 0  0 2
   269  -.4488593179331150E-01   4   0 2  0 0  0 0  0 2
   270  -.1104499209135185E-05   4   1 0  1 0  0 0  0 2
   271  -.9194339266918364E-06   4   0 1  1 0  0 0  0 2
   272  -.3773383574495083E-01   4   0 0  2 0  0 0  0 2
   273  -.9537810920647964E-06   4   1 0  0 1  0 0  0 2
   274  -.7917613652806323E-06   4   0 1  0 1  0 0  0 2
   275  -.6961819254303249E-01   4   0 0  1 1  0 0  0 2
   276  -.3185685214673684E-01   4   0 0  0 2  0 0  0 2
   277  -.8853536120982006E-04   4   1 0  0 0  0 3  0 0
   278  -.1866510030445158E-03   4   0 1  0 0  0 3  0 0
   279  -.2320992390865127E-04   4   0 0  1 0  0 3  0 0
   280  0.1900935057804737E-06   4   0 0  0 1  0 3  0 0
   281  -.4298701451032287E-04   4   1 0  0 0  0 2  1 0
   282  -.9087787132928222E-04   4   0 1  0 0  0 2  1 0
   283  -.8454171036627365E-05   4   0 0  1 0  0 2  1 0
   284  -.7614381595475074E-05   4   0 0  0 1  0 2  1 0
   285  -.2659834061596209E-04   4   1 0  0 0  0 1  2 0
   286  -.5629438894540680E-04   4   0 1  0 0  0 1  2 0
   287  -.4847828021664287E-05   4   0 0  1 0  0 1  2 0
   288  -.5693981016149558E-05   4   0 0  0 1  0 1  2 0
   289  -.1435127327417811E-04   4   1 0  0 0  0 0  3 0
   290  -.3033932323578640E-04   4   0 1  0 0  0 0  3 0
   291  -.2826619758735849E-05   4   0 0  1 0  0 0  3 0
   292  -.2531020168202808E-05   4   0 0  0 1  0 0  3 0
   293  0.8075505991242384E-04   4   1 0  0 0  0 2  0 1
   294  0.7535474410249430E-04   4   0 1  0 0  0 2  0 1
   295  0.1844528998872030E-04   4   0 0  1 0  0 2  0 1
   296  0.3020208988540987E-04   4   0 0  0 1  0 2  0 1
   297  0.3863415063987642E-04   4   1 0  0 0  0 1  1 1
   298  0.3979728573670151E-04   4   0 1  0 0  0 1  1 1
   299  0.5540218431747416E-05   4   0 0  1 0  0 1  1 1
   300  0.2026908617073667E-04   4   0 0  0 1  0 1  1 1
   301  0.1933231507252830E-04   4   1 0  0 0  0 0  2 1
   302  0.1990905316583683E-04   4   0 1  0 0  0 0  2 1
   303  0.2776942846654338E-05   4   0 0  1 0  0 0  2 1
   304  0.1013463378553245E-04   4   0 0  0 1  0 0  2 1
   305  -.3688841274569297E-05   4   1 0  0 0  0 1  0 2
   306  -.3179560491718389E-05   4   0 1  0 0  0 1  0 2
   307  0.1085919960026970E-05   4   0 0  1 0  0 1  0 2
   308  -.1632028504649587E-05   4   0 0  0 1  0 1  0 2
   309  -.2573690723242800E-05   4   1 0  0 0  0 0  1 2
   310  -.2277213195871754E-05   4   0 1  0 0  0 0  1 2
   311  0.7354312882832810E-06   4   0 0  1 0  0 0  1 2
   312  -.1913145240904566E-05   4   0 0  0 1  0 0  1 2
   313  0.8681418115820735E-08   4   1 0  0 0  0 0  0 3
   314  0.6511768806813296E-08   4   0 1  0 0  0 0  0 3
   315  0.2974990547823517E-08   4   0 0  1 0  0 0  0 3
   316  0.2248773014631471E-08   4   0 0  0 1  0 0  0 3
   317  -.1434727830493304       4   0 0  0 0  0 4  0 0
   318  0.8201284948427191E-01   4   0 0  0 0  0 3  1 0
   319  0.2462383884243062E-01   4   0 0  0 0  0 2  2 0
   320  0.1648163299434202E-01   4   0 0  0 0  0 1  3 0
   321  0.2035440588312845E-01   4   0 0  0 0  0 0  4 0
   322  0.1804456736859159E-08   4   0 0  0 0  0 3  0 1
   323  0.1518586704461636E-08   4   0 0  0 0  0 2  1 1
   324  0.1364542636727600E-08   4   0 0  0 0  0 1  2 1
   325  0.4481806840660571E-09   4   0 0  0 0  0 0  3 1
   326  -.8561232024699233E-11   4   0 0  0 0  0 2  0 2
   327  -.4325528303101643E-10   4   0 0  0 0  0 1  1 2
   328  -.6056512340587492E-11   4   0 0  0 0  0 0  2 2
   329  0.2309669869481145E-12   4   0 0  0 0  0 1  0 3
   330  -.3749173373968352E-12   4   0 0  0 0  0 0  1 3
   ----------------------------------------------------
     I  COEFFICIENT            ORDER EXPONENTS
     1   1.000000000000000       1   0 0  0 0  0 1  0 0
     --------------------------------------------------
     I  COEFFICIENT            ORDER EXPONENTS
     1   1.000000000000000       1   0 0  0 0  0 0  1 0
     --------------------------------------------------
     I  COEFFICIENT            ORDER EXPONENTS
     1   1.000000000000000       1   0 0  0 0  0 0  0 1
     --------------------------------------------------
