 L    0.1049906000000000E+01
 P (  0.0000000000000000E+00,  0.0000000000000000E+00,  0.0000000000000000E+00)
 A (  0.0000000000000000E+00,  0.0000000000000000E+00,  0.0000000000000000E+00)
     I  COEFFICIENT            ORDER EXPONENTS
     1  0.9148677248595180E-04   0   0 0  0 0  0 0  0 0
     2   1.234796180225910       1   1 0  0 0  0 0  0 0
     3   1.252744588208446       1   0 1  0 0  0 0  0 0
     4  0.7253487577137077E-05   1   0 0  1 0  0 0  0 0
     5  0.6154542891873393E-05   1   0 0  0 1  0 0  0 0
     6  0.6071100701048368E-06   1   0 0  0 0  0 1  0 0
     7  0.6062930499844962E-06   1   0 0  0 0  0 0  1 0
     8  -.1213403119287511E-05   1   0 0  0 0  0 0  0 1
     9  -.5459362331738475E-01   2   2 0  0 0  0 0  0 0
    10  -.9548496373173387E-01   2   1 1  0 0  0 0  0 0
    11  -.4192648241707663E-01   2   0 2  0 0  0 0  0 0
    12  0.2835330563415595E-03   2   1 0  1 0  0 0  0 0
    13  0.6619733100208183E-04   2   0 1  1 0  0 0  0 0
    14  0.4655024858498717E-01   2   0 0  2 0  0 0  0 0
    15  0.2525712170417172E-03   2   1 0  0 1  0 0  0 0
    16  0.7574487744222688E-04   2   0 1  0 1  0 0  0 0
    17  0.8144529347368862E-01   2   0 0  1 1  0 0  0 0
    18  0.3581923442001509E-01   2   0 0  0 2  0 0  0 0
    19  -.1215079168416528       2   1 0  0 0  0 1  0 0
    20  -.7315435350322462       2   0 1  0 0  0 1  0 0
    21  -.3842971789721159E-05   2   0 0  1 0  0 1  0 0
    22  -.6355065957122857E-05   2   0 0  0 1  0 1  0 0
    23  -.1213443972136364       2   1 0  0 0  0 0  1 0
    24  -.7305590582192518       2   0 1  0 0  0 0  1 0
    25  -.3837800099399516E-05   2   0 0  1 0  0 0  1 0
    26  -.6346513608861633E-05   2   0 0  0 1  0 0  1 0
    27  0.2428523140659434       2   1 0  0 0  0 0  0 1
    28  0.2093580050538034       2   0 1  0 0  0 0  0 1
    29  0.7680766629895002E-05   2   0 0  1 0  0 0  0 1
    30  0.6547031859718910E-05   2   0 0  0 1  0 0  0 1
    31  -.5055990173456145E-06   2   0 0  0 0  0 2  0 0
    32  -.4043457295146506E-06   2   0 0  0 0  0 1  1 0
    33  -.5046465313671057E-06   2   0 0  0 0  0 0  2 0
    34  0.8083771750766736E-06   2   0 0  0 0  0 1  0 1
    35  0.8072892991719136E-06   2   0 0  0 0  0 0  1 1
    36  -.2011279414214652E-06   2   0 0  0 0  0 0  0 2
    37  0.7423741897771899       3   3 0  0 0  0 0  0 0
    38   3.558119282197961       3   2 1  0 0  0 0  0 0
    39   4.878416105990018       3   1 2  0 0  0 0  0 0
    40   2.674257054984497       3   0 3  0 0  0 0  0 0
    41  -.4535140803391446E-02   3   2 0  1 0  0 0  0 0
    42  -.7868700579675396E-02   3   1 1  1 0  0 0  0 0
    43  -.3416007193447461E-02   3   0 2  1 0  0 0  0 0
    44  -.4170522384824485       3   1 0  2 0  0 0  0 0
    45  0.5649948070937657       3   0 1  2 0  0 0  0 0
    46  0.1272141142508966E-02   3   0 0  3 0  0 0  0 0
    47  -.3954638131918203E-02   3   2 0  0 1  0 0  0 0
    48  -.6893745883764831E-02   3   1 1  0 1  0 0  0 0
    49  -.3003617968768027E-02   3   0 2  0 1  0 0  0 0
    50  -1.016709249147491       3   1 0  1 1  0 0  0 0
    51  0.5738935658579863       3   0 1  1 1  0 0  0 0
    52  0.3348356466279149E-02   3   0 0  2 1  0 0  0 0
    53  -.3163777840243012       3   1 0  0 2  0 0  0 0
    54  0.9265725986472756       3   0 1  0 2  0 0  0 0
    55  0.2960505963017238E-02   3   0 0  1 2  0 0  0 0
    56  0.8824250507639502E-03   3   0 0  0 3  0 0  0 0
    57  0.3031841798399224E-01   3   2 0  0 0  0 1  0 0
    58  0.1007061047463406       3   1 1  0 0  0 1  0 0
    59  0.6514398249857466E-01   3   0 2  0 0  0 1  0 0
    60  -.1700098757138560E-03   3   1 0  1 0  0 1  0 0
    61  -.8813877790713392E-04   3   0 1  1 0  0 1  0 0
    62  -.2223308812678570E-01   3   0 0  2 0  0 1  0 0
    63  -.2892683657933007E-03   3   1 0  0 1  0 1  0 0
    64  -.1443950065200108E-03   3   0 1  0 1  0 1  0 0
    65  -.7955980880607950E-01   3   0 0  1 1  0 1  0 0
    66  -.5288303140417541E-01   3   0 0  0 2  0 1  0 0
    67  0.3027761688592688E-01   3   2 0  0 0  0 0  1 0
    68  0.1005705792166875       3   1 1  0 0  0 0  1 0
    69  0.6505631479705776E-01   3   0 2  0 0  0 0  1 0
    70  -.1697810844354080E-03   3   1 0  1 0  0 0  1 0
    71  -.8802016489366354E-04   3   0 1  1 0  0 0  1 0
    72  -.2220316788459386E-01   3   0 0  2 0  0 0  1 0
    73  -.2888790820593622E-03   3   1 0  0 1  0 0  1 0
    74  -.1442006865253376E-03   3   0 1  0 1  0 0  1 0
    75  -.7945274096491221E-01   3   0 0  1 1  0 0  1 0
    76  -.5281186391280260E-01   3   0 0  0 2  0 0  1 0
    77  -.6059606067700969E-01   3   2 0  0 0  0 0  0 1
    78  -.1057917540675087       3   1 1  0 0  0 0  0 1
    79  -.4634734218788574E-01   3   0 2  0 0  0 0  0 1
    80  0.3395085776104896E-03   3   1 0  1 0  0 0  0 1
    81  0.1096711868247658E-03   3   0 1  1 0  0 0  0 1
    82  0.4443626581007325E-01   3   0 0  2 0  0 0  0 1
    83  0.3252941567312845E-03   3   1 0  0 1  0 0  0 1
    84  0.1368163613887385E-03   3   0 1  0 1  0 0  0 1
    85  0.7756725847718686E-01   3   0 0  1 1  0 0  0 1
    86  0.3405642129172176E-01   3   0 0  0 2  0 0  0 1
    87  0.9314556012171582E-01   3   1 0  0 0  0 2  0 0
    88  0.6025904582223808       3   0 1  0 0  0 2  0 0
    89  0.3018284388990038E-05   3   0 0  1 0  0 2  0 0
    90  0.6545363399882263E-05   3   0 0  0 1  0 2  0 0
    91  0.6485941106528313E-01   3   1 0  0 0  0 1  1 0
    92  0.4739833144647450       3   0 1  0 0  0 1  1 0
    93  0.2147533583159421E-05   3   0 0  1 0  0 1  1 0
    94  0.6678974722061207E-05   3   0 0  0 1  0 1  1 0
    95  0.9297656684735600E-01   3   1 0  0 0  0 0  2 0
    96  0.6014605881795370       3   0 1  0 0  0 0  2 0
    97  0.3012777499439339E-05   3   0 0  1 0  0 0  2 0
    98  0.6532060833607608E-05   3   0 0  0 1  0 0  2 0
    99  -.1296429380936274       3   1 0  0 0  0 1  0 1
   100  -.2160778601173146       3   0 1  0 0  0 1  0 1
   101  -.4250362298022881E-05   3   0 0  1 0  0 1  0 1
   102  -.6913695451863774E-05   3   0 0  0 1  0 1  0 1
   103  -.1294684707374006       3   1 0  0 0  0 0  1 1
   104  -.2157870727165654       3   0 1  0 0  0 0  1 1
   105  -.4244642360754819E-05   3   0 0  1 0  0 0  1 1
   106  -.6904391326355831E-05   3   0 0  0 1  0 0  1 1
   107  0.8129649466087100E-02   3   1 0  0 0  0 0  0 2
   108  0.6574571810313154E-02   3   0 1  0 0  0 0  0 2
   109  0.3599496952040625E-06   3   0 0  1 0  0 0  0 2
   110  0.3249096734810950E-06   3   0 0  0 1  0 0  0 2
   111  0.4553419216816754E-06   3   0 0  0 0  0 3  0 0
   112  0.3547061678933576E-06   3   0 0  0 0  0 2  1 0
   113  0.3549080773016018E-06   3   0 0  0 0  0 1  2 0
   114  0.4541844035589704E-06   3   0 0  0 0  0 0  3 0
   115  -.7094894793489670E-06   3   0 0  0 0  0 2  0 1
   116  -.6107269441008731E-06   3   0 0  0 0  0 1  1 1
   117  -.7081237381404949E-06   3   0 0  0 0  0 0  2 1
   118  0.2063600242986861E-06   3   0 0  0 0  0 1  0 2
   119  0.2060823147034087E-06   3   0 0  0 0  0 0  1 2
   120  -.3405957556394281E-08   3   0 0  0 0  0 0  0 3
   121  -5.702676893788495       4   4 0  0 0  0 0  0 0
   122  -20.63469405249151       4   3 1  0 0  0 0  0 0
   123  -28.17756762144458       4   2 2  0 0  0 0  0 0
   124  -17.25222825702352       4   1 3  0 0  0 0  0 0
   125  -4.003903898970857       4   0 4  0 0  0 0  0 0
   126  -.3458983472017897E-02   4   3 0  1 0  0 0  0 0
   127  -.9121262392482479E-02   4   2 1  1 0  0 0  0 0
   128  -.8326344756062618E-02   4   1 2  1 0  0 0  0 0
   129  -.2586034030142253E-02   4   0 3  1 0  0 0  0 0
   130   27.33790493404423       4   2 0  2 0  0 0  0 0
   131   47.59197254428024       4   1 1  2 0  0 0  0 0
   132   20.87348208883960       4   0 2  2 0  0 0  0 0
   133  0.2266679766565775E-02   4   1 0  3 0  0 0  0 0
   134  0.2228150855864326E-02   4   0 1  3 0  0 0  0 0
   135  -3.831781538018650       4   0 0  4 0  0 0  0 0
   136  -.3342730745003489E-02   4   3 0  0 1  0 0  0 0
   137  -.8823334085906605E-02   4   2 1  0 1  0 0  0 0
   138  -.7769855634581157E-02   4   1 2  0 1  0 0  0 0
   139  -.2269587355054168E-02   4   0 3  0 1  0 0  0 0
   140   48.52408371064409       4   2 0  1 1  0 0  0 0
   141   84.95058096374733       4   1 1  1 1  0 0  0 0
   142   37.50206376997944       4   0 2  1 1  0 0  0 0
   143  0.5289379956509412E-02   4   1 0  2 1  0 0  0 0
   144  0.4910007342847622E-02   4   0 1  2 1  0 0  0 0
   145  -13.25164946542434       4   0 0  3 1  0 0  0 0
   146   21.57810119142940       4   2 0  0 2  0 0  0 0
   147   37.93959643456305       4   1 1  0 2  0 0  0 0
   148   16.83522213810180       4   0 2  0 2  0 0  0 0
   149  0.4065086108345358E-02   4   1 0  1 2  0 0  0 0
   150  0.3502855665614856E-02   4   0 1  1 2  0 0  0 0
   151  -17.24816160533550       4   0 0  2 2  0 0  0 0
   152  0.1233060126525546E-02   4   1 0  0 3  0 0  0 0
   153  0.9593257446510992E-03   4   0 1  0 3  0 0  0 0
   154  -9.971109757368355       4   0 0  1 3  0 0  0 0
   155  -2.150266311676655       4   0 0  0 4  0 0  0 0
   156  -.9538044201014899       4   3 0  0 0  0 1  0 0
   157  -5.484928912307281       4   2 1  0 0  0 1  0 0
   158  -9.371743003925465       4   1 2  0 0  0 1  0 0
   159  -5.800482316689035       4   0 3  0 0  0 1  0 0
   160  -.4312640328966385E-03   4   2 0  1 0  0 1  0 0
   161  0.2723383435505929E-02   4   1 1  1 0  0 1  0 0
   162  0.2644477676561350E-02   4   0 2  1 0  0 1  0 0
   163  0.3659898453663505       4   1 0  2 0  0 1  0 0
   164  -.4457191120680334       4   0 1  2 0  0 1  0 0
   165  0.6139248970490176E-04   4   0 0  3 0  0 1  0 0
   166  0.1324232459066122E-02   4   2 0  0 1  0 1  0 0
   167  0.5299323485830772E-02   4   1 1  0 1  0 1  0 0
   168  0.3568246864794270E-02   4   0 2  0 1  0 1  0 0
   169   1.452190780731119       4   1 0  1 1  0 1  0 0
   170  -.4993185587808436       4   0 1  1 1  0 1  0 0
   171  -.1382448866995782E-02   4   0 0  2 1  0 1  0 0
   172  0.7212441480180728       4   1 0  0 2  0 1  0 0
   173  -1.379751008367411       4   0 1  0 2  0 1  0 0
   174  -.2591468012856513E-02   4   0 0  1 2  0 1  0 0
   175  -.1185913036324174E-02   4   0 0  0 3  0 1  0 0
   176  -.9525208350641987       4   3 0  0 0  0 0  1 0
   177  -5.477547553472963       4   2 1  0 0  0 0  1 0
   178  -9.359130953865872       4   1 2  0 0  0 0  1 0
   179  -5.792676300954551       4   0 3  0 0  0 0  1 0
   180  -.4306836580859396E-03   4   2 0  1 0  0 0  1 0
   181  0.2719718434427033E-02   4   1 1  1 0  0 0  1 0
   182  0.2640918863134143E-02   4   0 2  1 0  0 0  1 0
   183  0.3654973134809593       4   1 0  2 0  0 0  1 0
   184  -.4451192842930263       4   0 1  2 0  0 0  1 0
   185  0.6130987058558464E-04   4   0 0  3 0  0 0  1 0
   186  0.1322450369431621E-02   4   2 0  0 1  0 0  1 0
   187  0.5292191906031996E-02   4   1 1  0 1  0 0  1 0
   188  0.3563444886329273E-02   4   0 2  0 1  0 0  1 0
   189   1.450236490817791       4   1 0  1 1  0 0  1 0
   190  -.4986465993965016       4   0 1  1 1  0 0  1 0
   191  -.1380588432463138E-02   4   0 0  2 1  0 0  1 0
   192  0.7202735316347310       4   1 0  0 2  0 0  1 0
   193  -1.377894204485760       4   0 1  0 2  0 0  1 0
   194  -.2587980537336468E-02   4   0 0  1 2  0 0  1 0
   195  -.1184317090450034E-02   4   0 0  0 3  0 0  1 0
   196   1.905442592120642       4   3 0  0 0  0 0  0 1
   197   7.401623805712049       4   2 1  0 0  0 0  0 1
   198   8.971214512907526       4   1 2  0 0  0 0  0 1
   199   3.569410128291469       4   0 3  0 0  0 0  0 1
   200  0.2769947293128229E-03   4   2 0  1 0  0 0  0 1
   201  0.6380052137741787E-03   4   1 1  1 0  0 0  0 1
   202  0.3715325157522783E-03   4   0 2  1 0  0 0  0 1
   203  -.7300600363286551       4   1 0  2 0  0 0  0 1
   204  0.3273170561234451       4   0 1  2 0  0 0  0 1
   205  -.1509775881611534E-05   4   0 0  3 0  0 0  0 1
   206  0.3603617961473175E-03   4   2 0  0 1  0 0  0 1
   207  0.7741686114568979E-03   4   1 1  0 1  0 0  0 1
   208  0.4275675752406541E-03   4   0 2  0 1  0 0  0 1
   209  -1.882852637483432       4   1 0  1 1  0 0  0 1
   210  -.1468727932507192       4   0 1  1 1  0 0  0 1
   211  0.3029387888657569E-05   4   0 0  2 1  0 0  0 1
   212  -.8073296170644920       4   1 0  0 2  0 0  0 1
   213  -.2060126122284993E-01   4   0 1  0 2  0 0  0 1
   214  0.2163181980929355E-04   4   0 0  1 2  0 0  0 1
   215  0.1978927779190333E-04   4   0 0  0 3  0 0  0 1
   216  -.2522519868275278E-01   4   2 0  0 0  0 2  0 0
   217  -.1070075398916229       4   1 1  0 0  0 2  0 0
   218  -.8536579073364213E-01   4   0 2  0 0  0 2  0 0
   219  0.6884674121157147E-05   4   1 0  1 0  0 2  0 0
   220  0.1132887821462382E-03   4   0 1  1 0  0 2  0 0
   221  0.1583910042677093E-01   4   0 0  2 0  0 2  0 0
   222  0.2652101776320986E-03   4   1 0  0 1  0 2  0 0
   223  0.3279091154954167E-03   4   0 1  0 1  0 2  0 0
   224  0.7766017108308261E-01   4   0 0  1 1  0 2  0 0
   225  0.6496664381218868E-01   4   0 0  0 2  0 2  0 0
   226  -.1937514243345682E-01   4   2 0  0 0  0 1  1 0
   227  -.1114457316696527       4   1 1  0 0  0 1  1 0
   228  -.1042554466185695       4   0 2  0 0  0 1  1 0
   229  -.3696925820285507E-04   4   1 0  1 0  0 1  1 0
   230  0.1119581460853244E-03   4   0 1  1 0  0 1  1 0
   231  0.9806642739321915E-02   4   0 0  2 0  0 1  1 0
   232  0.2912535971408579E-03   4   1 0  0 1  0 1  1 0
   233  0.4029649223300013E-03   4   0 1  0 1  0 1  1 0
   234  0.7629443700444506E-01   4   0 0  1 1  0 1  1 0
   235  0.7729886114195043E-01   4   0 0  0 2  0 1  1 0
   236  -.2517821472240400E-01   4   2 0  0 0  0 0  2 0
   237  -.1067885449808151       4   1 1  0 0  0 0  2 0
   238  -.8518075844228855E-01   4   0 2  0 0  0 0  2 0
   239  0.6900284793882479E-05   4   1 0  1 0  0 0  2 0
   240  0.1130609894440737E-03   4   0 1  1 0  0 0  2 0
   241  0.1581118625307386E-01   4   0 0  2 0  0 0  2 0
   242  0.2646572925916079E-03   4   1 0  0 1  0 0  2 0
   243  0.3271966852609061E-03   4   0 1  0 1  0 0  2 0
   244  0.7750432295599204E-01   4   0 0  1 1  0 0  2 0
   245  0.6482720218254026E-01   4   0 0  0 2  0 0  2 0
   246  0.3788183207102159E-01   4   2 0  0 0  0 1  0 1
   247  0.1194740331552882       4   1 1  0 0  0 1  0 1
   248  0.7572886622375750E-01   4   0 2  0 0  0 1  0 1
   249  0.8745176454715014E-05   4   1 0  1 0  0 1  0 1
   250  -.7839357512927665E-04   4   0 1  1 0  0 1  0 1
   251  -.1993206535473737E-01   4   0 0  2 0  0 1  0 1
   252  -.2158027237301462E-03   4   1 0  0 1  0 1  0 1
   253  -.2073407188173618E-03   4   0 1  0 1  0 1  0 1
   254  -.7350249996346944E-01   4   0 0  1 1  0 1  0 1
   255  -.4927792394817979E-01   4   0 0  0 2  0 1  0 1
   256  0.3783085248672866E-01   4   2 0  0 0  0 0  1 1
   257  0.1193132506320831       4   1 1  0 0  0 0  1 1
   258  0.7562695388457104E-01   4   0 2  0 0  0 0  1 1
   259  0.8733407608388325E-05   4   1 0  1 0  0 0  1 1
   260  -.7828807675042885E-04   4   0 1  1 0  0 0  1 1
   261  -.1990524172054873E-01   4   0 0  2 0  0 0  1 1
   262  -.2155123065949800E-03   4   1 0  0 1  0 0  1 1
   263  -.2070616894496070E-03   4   0 1  0 1  0 0  1 1
   264  -.7340358376307149E-01   4   0 0  1 1  0 0  1 1
   265  -.4921160804051841E-01   4   0 0  0 2  0 0  1 1
   266  -.6591601152427753E-02   4   2 0  0 0  0 0  0 2
   267  -.1133952961101926E-01   4   1 1  0 0  0 0  0 2
   268  -.4872677675526895E-02   4   0 2  0 0  0 0  0 2
   269  -.3709380919347748E-04   4   1 0  1 0  0 0  0 2
   270  -.3499040834061709E-04   4   0 1  1 0  0 0  0 2
   271  -.1952049860750648E-02   4   0 0  2 0  0 0  0 2
   272  -.2851627995960186E-04   4   1 0  0 1  0 0  0 2
   273  -.2725592654501078E-04   4   0 1  0 1  0 0  0 2
   274  -.3593142129157304E-02   4   0 0  1 1  0 0  0 2
   275  -.1637408110063501E-02   4   0 0  0 2  0 0  0 2
   276  -.7898538232718970E-01   4   1 0  0 0  0 3  0 0
   277  -.5389899719001070       4   0 1  0 0  0 3  0 0
   278  -.5277489187836351E-05   4   0 0  1 0  0 3  0 0
   279  -.9517917764442079E-05   4   0 0  0 1  0 3  0 0
   280  -.5068019161019843E-01   4   1 0  0 0  0 2  1 0
   281  -.4118685899223372       4   0 1  0 0  0 2  1 0
   282  -.3463801705973024E-05   4   0 0  1 0  0 2  1 0
   283  -.9014551890303181E-05   4   0 0  0 1  0 2  1 0
   284  -.5073711472792394E-01   4   1 0  0 0  0 1  2 0
   285  -.4121237366622786       4   0 1  0 0  0 1  2 0
   286  -.3467448531977006E-05   4   0 0  1 0  0 1  2 0
   287  -.9015542143260336E-05   4   0 0  0 1  0 1  2 0
   288  -.7879188460132072E-01   4   1 0  0 0  0 0  3 0
   289  -.5376251878918858       4   0 1  0 0  0 0  3 0
   290  -.5264508325937404E-05   4   0 0  1 0  0 0  3 0
   291  -.9492647111654816E-05   4   0 0  0 1  0 0  3 0
   292  0.1013377422636092       4   1 0  0 0  0 2  0 1
   293  0.2210588045020894       4   0 1  0 0  0 2  0 1
   294  0.6140810643451432E-05   4   0 0  1 0  0 2  0 1
   295  0.1000130589247961E-04   4   0 0  0 1  0 2  0 1
   296  0.7310696737517934E-01   4   1 0  0 0  0 1  1 1
   297  0.2260244280679591       4   0 1  0 0  0 1  1 1
   298  0.4324623015403596E-05   4   0 0  1 0  0 1  1 1
   299  0.9515799287746930E-05   4   0 0  0 1  0 1  1 1
   300  0.1011521747503125       4   1 0  0 0  0 0  2 1
   301  0.2206092274695653       4   0 1  0 0  0 0  2 1
   302  0.6129636693050017E-05   4   0 0  1 0  0 0  2 1
   303  0.9981443649246046E-05   4   0 0  0 1  0 0  2 1
   304  -.8244833357347495E-02   4   1 0  0 0  0 1  0 2
   305  -.9950732274163706E-02   4   0 1  0 0  0 1  0 2
   306  0.7626686792279135E-08   4   0 0  1 0  0 1  0 2
   307  -.1349081142651461E-06   4   0 0  0 1  0 1  0 2
   308  -.8233737849180708E-02   4   1 0  0 0  0 0  1 2
   309  -.9937341047630867E-02   4   0 1  0 0  0 0  1 2
   310  0.7616423156628228E-08   4   0 0  1 0  0 0  1 2
   311  -.1347265612829632E-06   4   0 0  0 1  0 0  1 2
   312  0.7305307869216976E-04   4   1 0  0 0  0 0  0 3
   313  0.5475918538305860E-04   4   0 1  0 0  0 0  0 3
   314  0.5012855562274311E-08   4   0 0  1 0  0 0  0 3
   315  0.3778093660817277E-08   4   0 0  0 1  0 0  0 3
   316  -.2936542964998555E-04   4   0 0  0 0  0 4  0 0
   317  -.1919366570881431E-04   4   0 0  0 0  0 3  1 0
   318  -.1784454284498534E-04   4   0 0  0 0  0 2  2 0
   319  -.1922273491092838E-04   4   0 0  0 0  0 1  3 0
   320  -.2927352955452678E-04   4   0 0  0 0  0 0  4 0
   321  0.3869958955122401E-05   4   0 0  0 0  0 3  0 1
   322  0.4593810672612288E-05   4   0 0  0 0  0 2  1 1
   323  0.4592338971282748E-05   4   0 0  0 0  0 1  2 1
   324  0.3859060040132962E-05   4   0 0  0 0  0 0  3 1
   325  -.2218486467649498E-07   4   0 0  0 0  0 2  0 2
   326  -.3108985232008441E-07   4   0 0  0 0  0 1  1 2
   327  -.2213408970212416E-07   4   0 0  0 0  0 0  2 2
   328  -.6806004869318242E-09   4   0 0  0 0  0 1  0 3
   329  -.6796845668721010E-09   4   0 0  0 0  0 0  1 3
   330  -.1551966546442258E-15   4   0 0  0 0  0 0  0 4
   ----------------------------------------------------
     I  COEFFICIENT            ORDER EXPONENTS
     1  0.3143612392180036E-04   0   0 0  0 0  0 0  0 0
     2   1.979887838925753       1   1 0  0 0  0 0  0 0
     3   2.818516797495504       1   0 1  0 0  0 0  0 0
     4  0.5663323047370660E-04   1   0 0  1 0  0 0  0 0
     5  0.5201928809033601E-04   1   0 0  0 1  0 0  0 0
     6  0.8941088619468519E-06   1   0 0  0 0  0 1  0 0
     7  0.8929056123781883E-06   1   0 0  0 0  0 0  1 0
     8  0.2964910945408410E-04   1   0 0  0 0  0 0  0 1
     9  -.4966876331824963       2   2 0  0 0  0 0  0 0
    10  -.9116880480478817       2   1 1  0 0  0 0  0 0
    11  -.4207195386724755       2   0 2  0 0  0 0  0 0
    12  0.1785703410696084E-02   2   1 0  1 0  0 0  0 0
    13  0.1270131141658042E-02   2   0 1  1 0  0 0  0 0
    14  0.3612223949498031       2   0 0  2 0  0 0  0 0
    15  0.1549448579499124E-02   2   1 0  0 1  0 0  0 0
    16  0.1116456016061670E-02   2   0 1  0 1  0 0  0 0
    17  0.6636055883207501       2   0 0  1 1  0 0  0 0
    18  0.3075945423131020       2   0 0  0 2  0 0  0 0
    19  -.8519922544759155E-01   2   1 0  0 0  0 1  0 0
    20  -.9820526917687084       2   0 1  0 0  0 1  0 0
    21  -.2542929089262982E-05   2   0 0  1 0  0 1  0 0
    22  -.2850521573880379E-04   2   0 0  0 1  0 1  0 0
    23  -.8508456834528365E-01   2   1 0  0 0  0 0  1 0
    24  -.9807310915386657       2   0 1  0 0  0 0  1 0
    25  -.2539506935138715E-05   2   0 0  1 0  0 0  1 0
    26  -.2846685476286677E-04   2   0 0  0 1  0 0  1 0
    27   2.150171632834622       2   1 0  0 0  0 0  0 1
    28   1.962783783426647       2   0 1  0 0  0 0  0 1
    29  0.6171554974790318E-04   2   0 0  1 0  0 0  0 1
    30  0.5697195660746272E-04   2   0 0  0 1  0 0  0 1
    31  -.6984395637501997E-06   2   0 0  0 0  0 2  0 0
    32  -.5032924124687369E-06   2   0 0  0 0  0 1  1 0
    33  -.6971609830960445E-06   2   0 0  0 0  0 0  2 0
    34  0.1900168692823782E-05   2   0 0  0 0  0 1  0 1
    35  0.1897611535348764E-05   2   0 0  0 0  0 0  1 1
    36  -.1898889344496113E-05   2   0 0  0 0  0 0  0 2
    37  -5.459095810476740       3   3 0  0 0  0 0  0 0
    38  -15.99758319791137       3   2 1  0 0  0 0  0 0
    39  -16.53315363860090       3   1 2  0 0  0 0  0 0
    40  -5.016057030648431       3   0 3  0 0  0 0  0 0
    41  -.4085029237965096E-01   3   2 0  1 0  0 0  0 0
    42  -.7466611087977380E-01   3   1 1  1 0  0 0  0 0
    43  -.3430867019403173E-01   3   0 2  1 0  0 0  0 0
    44  -8.994048098896386       3   1 0  2 0  0 0  0 0
    45  -7.269289986602008       3   0 1  2 0  0 0  0 0
    46  0.9693375291719868E-02   3   0 0  3 0  0 0  0 0
    47  -.3845298762353743E-01   3   2 0  0 1  0 0  0 0
    48  -.7090448029246083E-01   3   1 1  0 1  0 0  0 0
    49  -.3283533732699808E-01   3   0 2  0 1  0 0  0 0
    50  -18.76573475470099       3   1 0  1 1  0 0  0 0
    51  -15.80206834441992       3   0 1  1 1  0 0  0 0
    52  0.2662572483410964E-01   3   0 0  2 1  0 0  0 0
    53  -8.467155631341114       3   1 0  0 2  0 0  0 0
    54  -6.384471670427781       3   0 1  0 2  0 0  0 0
    55  0.2461223738699714E-01   3   0 0  1 2  0 0  0 0
    56  0.7683481604034730E-02   3   0 0  0 3  0 0  0 0
    57  0.5967043057515514E-01   3   2 0  0 0  0 1  0 0
    58  0.5626939169472087       3   1 1  0 0  0 1  0 0
    59  0.4685375012882751       3   0 2  0 0  0 1  0 0
    60  -.8030768579245554E-03   3   1 0  1 0  0 1  0 0
    61  -.1279644744868006E-02   3   0 1  1 0  0 1  0 0
    62  0.1097157179172789E-01   3   0 0  2 0  0 1  0 0
    63  -.1598109480655062E-02   3   1 0  0 1  0 1  0 0
    64  -.1804480239469469E-02   3   0 1  0 1  0 1  0 0
    65  -.3095011760102909       3   0 0  1 1  0 1  0 0
    66  -.2966051717828579       3   0 0  0 2  0 1  0 0
    67  0.5959012892185714E-01   3   2 0  0 0  0 0  1 0
    68  0.5619366699926273       3   1 1  0 0  0 0  1 0
    69  0.4679069656004493       3   0 2  0 0  0 0  1 0
    70  -.8019961149368624E-03   3   1 0  1 0  0 0  1 0
    71  -.1277922659277933E-02   3   0 1  1 0  0 0  1 0
    72  0.1095680676748290E-01   3   0 0  2 0  0 0  1 0
    73  -.1595958820232289E-02   3   1 0  0 1  0 0  1 0
    74  -.1802051855005401E-02   3   0 1  0 1  0 0  1 0
    75  -.3090846639139012       3   0 0  1 1  0 0  1 0
    76  -.2962060145211899       3   0 0  0 2  0 0  1 0
    77  -.6159499401255437       3   2 0  0 0  0 0  0 1
    78  -1.124633510460753       3   1 1  0 0  0 0  0 1
    79  -.5157261446473657       3   0 2  0 0  0 0  0 1
    80  0.3388036858536052E-02   3   1 0  1 0  0 0  0 1
    81  0.2554738859096517E-02   3   0 1  1 0  0 0  0 1
    82  0.3392952288605228       3   0 0  2 0  0 0  0 1
    83  0.3191101395082126E-02   3   1 0  0 1  0 0  0 1
    84  0.2486982279203521E-02   3   0 1  0 1  0 0  0 1
    85  0.6185878757406272       3   0 0  1 1  0 0  0 1
    86  0.2852174888409048       3   0 0  0 2  0 0  0 1
    87  0.6512898707363164E-01   3   1 0  0 0  0 2  0 0
    88  0.7735033694880820       3   0 1  0 0  0 2  0 0
    89  0.1775572615955978E-05   3   0 0  1 0  0 2  0 0
    90  0.2248386062602378E-04   3   0 0  0 1  0 2  0 0
    91  0.4511238873541309E-01   3   1 0  0 0  0 1  1 0
    92  0.5655134081424803       3   0 1  0 0  0 1  1 0
    93  0.1017099362536332E-05   3   0 0  1 0  0 1  1 0
    94  0.1648389539575490E-04   3   0 0  0 1  0 1  1 0
    95  0.6501098448890810E-01   3   1 0  0 0  0 0  2 0
    96  0.7720819044608976       3   0 1  0 0  0 0  2 0
    97  0.1772498751816865E-05   3   0 0  1 0  0 0  2 0
    98  0.2244251128123778E-04   3   0 0  0 1  0 0  2 0
    99  -.1753699406068910       3   1 0  0 0  0 1  0 1
   100  -1.130467117330281       3   0 1  0 0  0 1  0 1
   101  -.4634107818847128E-05   3   0 0  1 0  0 1  0 1
   102  -.3298508353474397E-04   3   0 0  0 1  0 1  0 1
   103  -.1751339360057191       3   1 0  0 0  0 0  1 1
   104  -1.128945787960847       3   0 1  0 0  0 0  1 1
   105  -.4627871454942419E-05   3   0 0  1 0  0 0  1 1
   106  -.3294069376385601E-04   3   0 0  0 1  0 0  1 1
   107  0.1752516987657125       3   1 0  0 0  0 0  0 2
   108  0.1483143682785527       3   0 1  0 0  0 0  0 2
   109  0.4666298770254415E-05   3   0 0  1 0  0 0  0 2
   110  0.4516602679869802E-05   3   0 0  0 1  0 0  0 2
   111  0.6002917050950425E-06   3   0 0  0 0  0 3  0 0
   112  0.4051607005963418E-06   3   0 0  0 0  0 2  1 0
   113  0.4055529670223694E-06   3   0 0  0 0  0 1  2 0
   114  0.5988076831933864E-06   3   0 0  0 0  0 0  3 0
   115  -.1509833888193280E-05   3   0 0  0 0  0 2  0 1
   116  -.1120956706163237E-05   3   0 0  0 0  0 1  1 1
   117  -.1507047759549525E-05   3   0 0  0 0  0 0  2 1
   118  0.1121259747237377E-05   3   0 0  0 0  0 1  0 2
   119  0.1119750808712645E-05   3   0 0  0 0  0 0  1 2
   120  -.1141445583887247E-06   3   0 0  0 0  0 0  0 3
   121  -49.94347400994183       4   4 0  0 0  0 0  0 0
   122  -185.0606230724765       4   3 1  0 0  0 0  0 0
   123  -258.2914115144175       4   2 2  0 0  0 0  0 0
   124  -161.3588396216535       4   1 3  0 0  0 0  0 0
   125  -38.15975148681289       4   0 4  0 0  0 0  0 0
   126  -.2699986183616798E-01   4   3 0  1 0  0 0  0 0
   127  -.7264249766671006E-01   4   2 1  1 0  0 0  0 0
   128  -.6553883102540528E-01   4   1 2  1 0  0 0  0 0
   129  -.1913699043480051E-01   4   0 3  1 0  0 0  0 0
   130   228.4556788211108       4   2 0  2 0  0 0  0 0
   131   414.4341079026008       4   1 1  2 0  0 0  0 0
   132   189.0377387381745       4   0 2  2 0  0 0  0 0
   133  0.2247056912751056E-01   4   1 0  3 0  0 0  0 0
   134  0.2148785515248987E-01   4   0 1  3 0  0 0  0 0
   135  -28.41411779589384       4   0 0  4 0  0 0  0 0
   136  -.2528666875441178E-01   4   3 0  0 1  0 0  0 0
   137  -.6874728308474690E-01   4   2 1  0 1  0 0  0 0
   138  -.6188115739433065E-01   4   1 2  0 1  0 0  0 0
   139  -.1796679822232439E-01   4   0 3  0 1  0 0  0 0
   140   426.7687924646997       4   2 0  1 1  0 0  0 0
   141   779.7602595132684       4   1 1  1 1  0 0  0 0
   142   358.5184244210049       4   0 2  1 1  0 0  0 0
   143  0.6445389290616269E-01   4   1 0  2 1  0 0  0 0
   144  0.6185309731156734E-01   4   0 1  2 1  0 0  0 0
   145  -103.2621897885250       4   0 0  3 1  0 0  0 0
   146   200.6127441727795       4   2 0  0 2  0 0  0 0
   147   368.6924042895461       4   1 1  0 2  0 0  0 0
   148   170.6308406667911       4   0 2  0 2  0 0  0 0
   149  0.6172564749682280E-01   4   1 0  1 2  0 0  0 0
   150  0.5990157943743469E-01   4   0 1  1 2  0 0  0 0
   151  -142.0153045779968       4   0 0  2 2  0 0  0 0
   152  0.2054077455829856E-01   4   1 0  0 3  0 0  0 0
   153  0.2008697437005113E-01   4   0 1  0 3  0 0  0 0
   154  -87.28585703034528       4   0 0  1 3  0 0  0 0
   155  -20.15628898936289       4   0 0  0 4  0 0  0 0
   156   3.847259351127932       4   3 0  0 0  0 1  0 0
   157   19.10326212462425       4   2 1  0 0  0 1  0 0
   158   27.22188240099223       4   1 2  0 0  0 1  0 0
   159   10.91765255869552       4   0 3  0 0  0 1  0 0
   160  -.3821311599580616E-02   4   2 0  1 0  0 1  0 0
   161  0.2531418744936749E-01   4   1 1  1 0  0 1  0 0
   162  0.2629290836444617E-01   4   0 2  1 0  0 1  0 0
   163   3.614713089470234       4   1 0  2 0  0 1  0 0
   164   6.362163227565730       4   0 1  2 0  0 1  0 0
   165  0.8581944725090475E-03   4   0 0  3 0  0 1  0 0
   166  0.1255222309005682E-01   4   2 0  0 1  0 1  0 0
   167  0.5343080667696977E-01   4   1 1  0 1  0 1  0 0
   168  0.3859960815679220E-01   4   0 2  0 1  0 1  0 0
   169   17.38247421481482       4   1 0  1 1  0 1  0 0
   170   22.24148347138752       4   0 1  1 1  0 1  0 0
   171  -.9037030216546676E-02   4   0 0  2 1  0 1  0 0
   172   12.62418197235594       4   1 0  0 2  0 1  0 0
   173   13.02612565091828       4   0 1  0 2  0 1  0 0
   174  -.1869271007321354E-01   4   0 0  1 2  0 1  0 0
   175  -.9021281876360563E-02   4   0 0  0 3  0 1  0 0
   176   3.842081890808157       4   3 0  0 0  0 0  1 0
   177   19.07755385476223       4   2 1  0 0  0 0  1 0
   178   27.18524847457958       4   1 2  0 0  0 0  1 0
   179   10.90296009641306       4   0 3  0 0  0 0  1 0
   180  -.3816169058522083E-02   4   2 0  1 0  0 0  1 0
   181  0.2528012080891442E-01   4   1 1  1 0  0 0  1 0
   182  0.2625752460751117E-01   4   0 2  1 0  0 0  1 0
   183   3.609848578949956       4   1 0  2 0  0 0  1 0
   184   6.353601328132456       4   0 1  2 0  0 0  1 0
   185  0.8570395548332470E-03   4   0 0  3 0  0 0  1 0
   186  0.1253533089978797E-01   4   2 0  0 1  0 0  1 0
   187  0.5335890201545057E-01   4   1 1  0 1  0 0  1 0
   188  0.3854766262327126E-01   4   0 2  0 1  0 0  1 0
   189   17.35908170022415       4   1 0  1 1  0 0  1 0
   190   22.21155193113656       4   0 1  1 1  0 0  1 0
   191  -.9024868607181723E-02   4   0 0  2 1  0 0  1 0
   192   12.60719294321464       4   1 0  0 2  0 0  1 0
   193   13.00859570491733       4   0 1  0 2  0 0  1 0
   194  -.1866755430495391E-01   4   0 0  1 2  0 0  1 0
   195  -.9009141460369643E-02   4   0 0  0 3  0 0  1 0
   196  -13.15403186608180       4   3 0  0 0  0 0  0 1
   197  -38.19863277112720       4   2 1  0 0  0 0  0 1
   198  -37.89302708229055       4   1 2  0 0  0 0  0 1
   199  -11.79532946466136       4   0 3  0 0  0 0  0 1
   200  0.5965257168179707E-03   4   2 0  1 0  0 0  0 1
   201  0.1207376764641367E-02   4   1 1  1 0  0 0  0 1
   202  0.6141606557536688E-03   4   0 2  1 0  0 0  0 1
   203  -16.20581247820930       4   1 0  2 0  0 0  0 1
   204  -12.70278578327362       4   0 1  2 0  0 0  0 1
   205  -.4324190961656611E-03   4   0 0  3 0  0 0  0 1
   206  0.6327812964861049E-03   4   2 0  0 1  0 0  0 1
   207  0.1136565152361081E-02   4   1 1  0 1  0 0  0 1
   208  0.5502872403243864E-03   4   0 2  0 1  0 0  0 1
   209  -34.71416054125083       4   1 0  1 1  0 0  0 1
   210  -28.62277352722866       4   0 1  1 1  0 0  0 1
   211  -.1314390041245033E-02   4   0 0  2 1  0 0  0 1
   212  -16.74941668670744       4   1 0  0 2  0 0  0 1
   213  -13.25037905385125       4   0 1  0 2  0 0  0 1
   214  -.1307819689212334E-02   4   0 0  1 2  0 0  0 1
   215  -.3951236768716788E-03   4   0 0  0 3  0 0  0 1
   216  -.4650213317384830E-01   4   2 0  0 0  0 2  0 0
   217  -.4771532563140203       4   1 1  0 0  0 2  0 0
   218  -.5045992575420023       4   0 2  0 0  0 2  0 0
   219  -.3370214756132529E-03   4   1 0  1 0  0 2  0 0
   220  0.4105827790940783E-03   4   0 1  1 0  0 2  0 0
   221  -.7206977421512391E-02   4   0 0  2 0  0 2  0 0
   222  0.6956184445713172E-03   4   1 0  0 1  0 2  0 0
   223  0.1475336107250318E-02   4   0 1  0 1  0 2  0 0
   224  0.2229191665913641       4   0 0  1 1  0 2  0 0
   225  0.2891570667279715       4   0 0  0 2  0 2  0 0
   226  -.3427096013515053E-01   4   2 0  0 0  0 1  1 0
   227  -.3943733646696157       4   1 1  0 0  0 1  1 0
   228  -.5420200025163856       4   0 2  0 0  0 1  1 0
   229  -.4060736435200483E-03   4   1 0  1 0  0 1  1 0
   230  0.4974018417202796E-03   4   0 1  1 0  0 1  1 0
   231  -.3303735112489699E-02   4   0 0  2 0  0 1  1 0
   232  0.7990288272294797E-03   4   1 0  0 1  0 1  1 0
   233  0.2039849659280946E-02   4   0 1  0 1  0 1  1 0
   234  0.1365716047146119       4   0 0  1 1  0 1  1 0
   235  0.2817072546231593       4   0 0  0 2  0 1  1 0
   236  -.4641649267308529E-01   4   2 0  0 0  0 0  2 0
   237  -.4762457614051286       4   1 1  0 0  0 0  2 0
   238  -.5035554791547079       4   0 2  0 0  0 0  2 0
   239  -.3362946906087141E-03   4   1 0  1 0  0 0  2 0
   240  0.4096955461616446E-03   4   0 1  1 0  0 0  2 0
   241  -.7195055605444139E-02   4   0 0  2 0  0 0  2 0
   242  0.6941446663825940E-03   4   1 0  0 1  0 0  2 0
   243  0.1471978102679105E-02   4   0 1  0 1  0 0  2 0
   244  0.2225272766681680       4   0 0  1 1  0 0  2 0
   245  0.2885783786016351       4   0 0  0 2  0 0  2 0
   246  0.1285022251294686       4   2 0  0 0  0 1  0 1
   247  0.7903193772164784       4   1 1  0 0  0 1  0 1
   248  0.6168998611868347       4   0 2  0 0  0 1  0 1
   249  0.5420441545907393E-03   4   1 0  1 0  0 1  0 1
   250  -.6870310442375177E-03   4   0 1  1 0  0 1  0 1
   251  0.1766995761815622E-01   4   0 0  2 0  0 1  0 1
   252  -.9958282725322548E-03   4   1 0  0 1  0 1  0 1
   253  -.1838406019734890E-02   4   0 1  0 1  0 1  0 1
   254  -.2723894133805019       4   0 0  1 1  0 1  0 1
   255  -.2666029683673605       4   0 0  0 2  0 1  0 1
   256  0.1283292928909869       4   2 0  0 0  0 0  1 1
   257  0.7892558026450797       4   1 1  0 0  0 0  1 1
   258  0.6160696664271318       4   0 2  0 0  0 0  1 1
   259  0.5413146971131474E-03   4   1 0  1 0  0 0  1 1
   260  -.6861064702368347E-03   4   0 1  1 0  0 0  1 1
   261  0.1764617822194991E-01   4   0 0  2 0  0 0  1 1
   262  -.9944881337748410E-03   4   1 0  0 1  0 0  1 1
   263  -.1835931979554605E-02   4   0 1  0 1  0 0  1 1
   264  -.2720228445452432       4   0 0  1 1  0 0  1 1
   265  -.2662441866570944       4   0 0  0 2  0 0  1 1
   266  -.1296426633511610       4   2 0  0 0  0 0  0 2
   267  -.2307517591125981       4   1 1  0 0  0 0  0 2
   268  -.1026299115639027       4   0 2  0 0  0 0  0 2
   269  -.4814976617765530E-05   4   1 0  1 0  0 0  0 2
   270  -.2530129643439533E-04   4   0 1  1 0  0 0  0 2
   271  -.1760990974522065E-01   4   0 0  2 0  0 0  0 2
   272  -.4462446597864879E-05   4   1 0  0 1  0 0  0 2
   273  -.2075081148372191E-04   4   0 1  0 1  0 0  0 2
   274  -.3735808991158716E-01   4   0 0  1 1  0 0  0 2
   275  -.1898258596189563E-01   4   0 0  0 2  0 0  0 2
   276  -.5512672033640625E-01   4   1 0  0 0  0 3  0 0
   277  -.6698326876860061       4   0 1  0 0  0 3  0 0
   278  -.3145160615714587E-05   4   0 0  1 0  0 3  0 0
   279  -.2415962120592981E-04   4   0 0  0 1  0 3  0 0
   280  -.3509797371708005E-01   4   1 0  0 0  0 2  1 0
   281  -.4625879640315925       4   0 1  0 0  0 2  1 0
   282  -.1592969804356040E-05   4   0 0  1 0  0 2  1 0
   283  -.1646920692106245E-04   4   0 0  0 1  0 2  1 0
   284  -.3513825457606164E-01   4   1 0  0 0  0 1  2 0
   285  -.4630044946530468       4   0 1  0 0  0 1  2 0
   286  -.1596094558150052E-05   4   0 0  1 0  0 1  2 0
   287  -.1648466538527261E-04   4   0 0  0 1  0 1  2 0
   288  -.5499185517293794E-01   4   1 0  0 0  0 0  3 0
   289  -.6681696989524842       4   0 1  0 0  0 0  3 0
   290  -.3137741276782457E-05   4   0 0  1 0  0 0  3 0
   291  -.2409978508797940E-04   4   0 0  0 1  0 0  3 0
   292  0.1353089791269523       4   1 0  0 0  0 2  0 1
   293  0.9250276483135519       4   0 1  0 0  0 2  0 1
   294  0.3832933106898050E-05   4   0 0  1 0  0 2  0 1
   295  0.3021796683457585E-04   4   0 0  0 1  0 2  0 1
   296  0.9532821838210591E-01   4   1 0  0 0  0 1  1 1
   297  0.7201114908727237       4   0 1  0 0  0 1  1 1
   298  0.2168937897997395E-05   4   0 0  1 0  0 1  1 1
   299  0.2288216554364540E-04   4   0 0  0 1  0 1  1 1
   300  0.1350627425679192       4   1 0  0 0  0 0  2 1
   301  0.9232982436461256       4   0 1  0 0  0 0  2 1
   302  0.3826315498960403E-05   4   0 0  1 0  0 0  2 1
   303  0.3016190404893856E-04   4   0 0  0 1  0 0  2 1
   304  -.9525733273959300E-01   4   1 0  0 0  0 1  0 2
   305  -.1545816228797950       4   0 1  0 0  0 1  0 2
   306  -.3580737212720566E-06   4   0 0  1 0  0 1  0 2
   307  -.2118334511932999E-05   4   0 0  0 1  0 1  0 2
   308  -.9512913991051404E-01   4   1 0  0 0  0 0  1 2
   309  -.1543735942169025       4   0 1  0 0  0 0  1 2
   310  -.3575918425333776E-06   4   0 0  1 0  0 0  1 2
   311  -.2115483757180472E-05   4   0 0  0 1  0 0  1 2
   312  0.5041518775500655E-02   4   1 0  0 0  0 0  0 3
   313  0.4105793489538961E-02   4   0 1  0 0  0 0  0 3
   314  0.3290332020797247E-06   4   0 0  1 0  0 0  0 3
   315  0.2695560307599811E-06   4   0 0  0 1  0 0  0 3
   316  -.2512401475459049E-04   4   0 0  0 0  0 4  0 0
   317  -.1565383057354401E-04   4   0 0  0 0  0 3  1 0
   318  -.1439819293933994E-04   4   0 0  0 0  0 2  2 0
   319  -.1568090422993433E-04   4   0 0  0 0  0 1  3 0
   320  -.2504590371058630E-04   4   0 0  0 0  0 0  4 0
   321  0.3036030760180339E-04   4   0 0  0 0  0 3  0 1
   322  0.2065348296077643E-04   4   0 0  0 0  0 2  1 1
   323  0.2067299496539036E-04   4   0 0  0 0  0 1  2 1
   324  0.3028514289234415E-04   4   0 0  0 0  0 0  3 1
   325  -.1901850859891453E-05   4   0 0  0 0  0 2  0 2
   326  -.2297673836070131E-05   4   0 0  0 0  0 1  1 2
   327  -.1897745388053866E-05   4   0 0  0 0  0 0  2 2
   328  0.1352440551444343E-07   4   0 0  0 0  0 1  0 3
   329  0.1350620500688524E-07   4   0 0  0 0  0 0  1 3
   330  0.4245318705600188E-13   4   0 0  0 0  0 0  0 4
   ----------------------------------------------------
     I  COEFFICIENT            ORDER EXPONENTS
     1  -.1252309817386486E-04   0   0 0  0 0  0 0  0 0
     2  0.7132763965221289E-05   1   1 0  0 0  0 0  0 0
     3  0.6078086402203361E-05   1   0 1  0 0  0 0  0 0
     4  0.7810184840597056       1   0 0  1 0  0 0  0 0
     5  0.8598822792256436       1   0 0  0 1  0 0  0 0
     6  -.8723487529264639E-05   1   0 0  0 0  0 1  0 0
     7  -.8711747870871485E-05   1   0 0  0 0  0 0  1 0
     8  0.1743523540031911E-04   1   0 0  0 0  0 0  0 1
     9  0.1549242878469976E-03   2   2 0  0 0  0 0  0 0
    10  0.2766267693279085E-03   2   1 1  0 0  0 0  0 0
    11  0.1412128177245683E-03   2   0 2  0 0  0 0  0 0
    12  0.9453701328536439E-01   2   1 0  1 0  0 0  0 0
    13  0.8259301571909936E-01   2   0 1  1 0  0 0  0 0
    14  -.1375182577166368E-03   2   0 0  2 0  0 0  0 0
    15  0.8343363728162201E-01   2   1 0  0 1  0 0  0 0
    16  0.7324175431858221E-01   2   0 1  0 1  0 0  0 0
    17  -.1563998934166297E-03   2   0 0  1 1  0 0  0 0
    18  -.7862099353270321E-05   2   0 0  0 2  0 0  0 0
    19  -.3652753996122098E-05   2   1 0  0 0  0 1  0 0
    20  -.6162931523839510E-05   2   0 1  0 0  0 1  0 0
    21  0.1056833942907656       2   0 0  1 0  0 1  0 0
    22  -.3383039598459173       2   0 0  0 1  0 1  0 0
    23  -.3647838291942434E-05   2   1 0  0 0  0 0  1 0
    24  -.6154637741043611E-05   2   0 1  0 0  0 0  1 0
    25  0.1055411705594150       2   0 0  1 0  0 0  1 0
    26  -.3378486863204699       2   0 0  0 1  0 0  1 0
    27  0.7300587355527630E-05   2   1 0  0 0  0 0  0 1
    28  0.6239477933390493E-05   2   0 1  0 0  0 0  0 1
    29  -.2112245648584538       2   0 0  1 0  0 0  0 1
    30  -.1837296330670759       2   0 0  0 1  0 0  0 1
    31  0.6396024261028795E-05   2   0 0  0 0  0 2  0 0
    32  0.4074810780446333E-05   2   0 0  0 0  0 1  1 0
    33  0.6384674948811650E-05   2   0 0  0 0  0 0  2 0
    34  -.8143373191171423E-05   2   0 0  0 0  0 1  0 1
    35  -.8132414223314643E-05   2   0 0  0 0  0 0  1 1
    36  -.5797197969300933E-06   2   0 0  0 0  0 0  0 2
    37  -.1559310773021380E-02   3   3 0  0 0  0 0  0 0
    38  -.4073385908077006E-02   3   2 1  0 0  0 0  0 0
    39  -.3555215414002898E-02   3   1 2  0 0  0 0  0 0
    40  -.1033408184250630E-02   3   0 3  0 0  0 0  0 0
    41  -.5759968631424081       3   2 0  1 0  0 0  0 0
    42  -1.231018931081110       3   1 1  1 0  0 0  0 0
    43  -.8364605380135580       3   0 2  1 0  0 0  0 0
    44  0.3937576684905116E-02   3   1 0  2 0  0 0  0 0
    45  0.3442263466040950E-02   3   0 1  2 0  0 0  0 0
    46  0.1165291717358305       3   0 0  3 0  0 0  0 0
    47  -1.420282939489256       3   2 0  0 1  0 0  0 0
    48  -2.574055646735682       3   1 1  0 1  0 0  0 0
    49  -.9195134111616562       3   0 2  0 1  0 0  0 0
    50  0.6936999009697096E-02   3   1 0  1 1  0 0  0 0
    51  0.6096792443658020E-02   3   0 1  1 1  0 0  0 0
    52  -.6374724787542976E-01   3   0 0  2 1  0 0  0 0
    53  0.3083392973379020E-02   3   1 0  0 2  0 0  0 0
    54  0.2727213465738415E-02   3   0 1  0 2  0 0  0 0
    55  -.6555421059021258       3   0 0  1 2  0 0  0 0
    56  -.2424678277239949E-01   3   0 0  0 3  0 0  0 0
    57  -.1054131243174194E-03   3   2 0  0 0  0 1  0 0
    58  -.3354681474040006E-03   3   1 1  0 0  0 1  0 0
    59  -.2408567833898725E-03   3   0 2  0 0  0 1  0 0
    60  -.4563744149411998E-01   3   1 0  1 0  0 1  0 0
    61  -.8106002335281851E-01   3   0 1  1 0  0 1  0 0
    62  0.5551255601147390E-04   3   0 0  2 0  0 1  0 0
    63  -.8233659009636465E-01   3   1 0  0 1  0 1  0 0
    64  -.1088046061222777       3   0 1  0 1  0 1  0 0
    65  0.1741624151282417E-03   3   0 0  1 1  0 1  0 0
    66  0.3909766954653712E-04   3   0 0  0 2  0 1  0 0
    67  -.1052712643026615E-03   3   2 0  0 0  0 0  1 0
    68  -.3350166901812897E-03   3   1 1  0 0  0 0  1 0
    69  -.2405326496819728E-03   3   0 2  0 0  0 0  1 0
    70  -.4557602477617528E-01   3   1 0  1 0  0 0  1 0
    71  -.8095093659361685E-01   3   0 1  1 0  0 0  1 0
    72  0.5543784982980940E-04   3   0 0  2 0  0 0  1 0
    73  -.8222578539380200E-01   3   1 0  0 1  0 0  1 0
    74  -.1086581820111418       3   0 1  0 1  0 0  1 0
    75  0.1739280355579515E-03   3   0 0  1 1  0 0  1 0
    76  0.3904505374547036E-04   3   0 0  0 2  0 0  1 0
    77  0.2105134432034147E-03   3   2 0  0 0  0 0  0 1
    78  0.3935129080115224E-03   3   1 1  0 0  0 0  0 1
    79  0.1987887000045067E-03   3   0 2  0 0  0 0  0 1
    80  0.9121346560794585E-01   3   1 0  1 0  0 0  0 1
    81  0.7941793049849256E-01   3   0 1  1 0  0 0  0 1
    82  -.1108460826563628E-03   3   0 0  2 0  0 0  0 1
    83  0.8112872045595557E-01   3   1 0  0 1  0 0  0 1
    84  0.7097925255282327E-01   3   0 1  0 1  0 0  0 1
    85  -.1914867195309695E-03   3   0 0  1 1  0 0  0 1
    86  -.6231999439347103E-04   3   0 0  0 2  0 0  0 1
    87  0.2783556336976688E-05   3   1 0  0 0  0 2  0 0
    88  0.6220677657005345E-05   3   0 1  0 0  0 2  0 0
    89  -.7732189305620450E-01   3   0 0  1 0  0 2  0 0
    90  0.2092382047732664       3   0 0  0 1  0 2  0 0
    91  0.1924695007391301E-05   3   1 0  0 0  0 1  1 0
    92  0.6289852545505920E-05   3   0 1  0 0  0 1  1 0
    93  -.4903658466252595E-01   3   0 0  1 0  0 1  1 0
    94  0.8051919298655477E-01   3   0 0  0 1  0 1  1 0
    95  0.2778515276126162E-05   3   1 0  0 0  0 0  2 0
    96  0.6208073868579201E-05   3   0 1  0 0  0 0  2 0
    97  -.7718484133427181E-01   3   0 0  1 0  0 0  2 0
    98  0.2089024423907460       3   0 0  0 1  0 0  2 0
    99  -.3862570955269396E-05   3   1 0  0 0  0 1  0 1
   100  -.6429350623969506E-05   3   0 1  0 0  0 1  0 1
   101  0.9799712585734961E-01   3   0 0  1 0  0 1  0 1
   102  0.1776123706462372       3   0 0  0 1  0 1  0 1
   103  -.3857372889314452E-05   3   1 0  0 0  0 0  1 1
   104  -.6420698306904571E-05   3   0 1  0 0  0 0  1 1
   105  0.9786524594381535E-01   3   0 0  1 0  0 0  1 1
   106  0.1773733482884026       3   0 0  0 1  0 0  1 1
   107  0.2238785483003557E-06   3   1 0  0 0  0 0  0 2
   108  0.2183973931248275E-06   3   0 1  0 0  0 0  0 2
   109  0.7681055516386543E-02   3   0 0  1 0  0 0  0 2
   110  0.6236724437058451E-02   3   0 0  0 1  0 0  0 2
   111  -.5233909699137031E-05   3   0 0  0 0  0 3  0 0
   112  -.2910928409427779E-05   3   0 0  0 0  0 2  1 0
   113  -.2915603429132187E-05   3   0 0  0 0  0 1  2 0
   114  -.5221388322697396E-05   3   0 0  0 0  0 0  3 0
   115  0.5819983763313948E-05   3   0 0  0 0  0 2  0 1
   116  0.3502724687495703E-05   3   0 0  0 0  0 1  1 1
   117  0.5809794602454439E-05   3   0 0  0 0  0 0  2 1
   118  0.5722694937050579E-06   3   0 0  0 0  0 1  0 2
   119  0.5714993603905658E-06   3   0 0  0 0  0 0  1 2
   120  0.5234705507638650E-08   3   0 0  0 0  0 0  0 3
   121  -.7994723333954013E-03   4   4 0  0 0  0 0  0 0
   122  -.2853387207039664E-02   4   3 1  0 0  0 0  0 0
   123  -.3897943292833203E-02   4   2 2  0 0  0 0  0 0
   124  -.2281512907340369E-02   4   1 3  0 0  0 0  0 0
   125  -.4434390850939764E-03   4   0 4  0 0  0 0  0 0
   126   18.61165353373993       4   3 0  1 0  0 0  0 0
   127   49.41402376256470       4   2 1  1 0  0 0  0 0
   128   43.98707659665531       4   1 2  1 0  0 0  0 0
   129   13.16735025117371       4   0 3  1 0  0 0  0 0
   130  0.2973267883008849E-02   4   2 0  2 0  0 0  0 0
   131  0.4845867783975048E-02   4   1 1  2 0  0 0  0 0
   132  0.1866528404820297E-02   4   0 2  2 0  0 0  0 0
   133  -15.66118620385829       4   1 0  3 0  0 0  0 0
   134  -13.49822257701296       4   0 1  3 0  0 0  0 0
   135  -.1093266143356773E-02   4   0 0  4 0  0 0  0 0
   136   16.73510348626876       4   3 0  0 1  0 0  0 0
   137   44.62162248725657       4   2 1  0 1  0 0  0 0
   138   39.93229833444042       4   1 2  0 1  0 0  0 0
   139   12.02734802159180       4   0 3  0 1  0 0  0 0
   140  0.5342877626785055E-02   4   2 0  1 1  0 0  0 0
   141  0.8992725264088872E-02   4   1 1  1 1  0 0  0 0
   142  0.3377440829173357E-02   4   0 2  1 1  0 0  0 0
   143  -41.47979364948235       4   1 0  2 1  0 0  0 0
   144  -35.92834358586848       4   0 1  2 1  0 0  0 0
   145  -.3625793951526515E-02   4   0 0  3 1  0 0  0 0
   146  0.2280750768581442E-02   4   2 0  0 2  0 0  0 0
   147  0.4106359507991238E-02   4   1 1  0 2  0 0  0 0
   148  0.1661261503687799E-02   4   0 2  0 2  0 0  0 0
   149  -36.69700925313187       4   1 0  1 2  0 0  0 0
   150  -31.89655729143654       4   0 1  1 2  0 0  0 0
   151  -.4482843537352045E-02   4   0 0  2 2  0 0  0 0
   152  -10.80062379739934       4   1 0  0 3  0 0  0 0
   153  -9.406214544563072       4   0 1  0 3  0 0  0 0
   154  -.2665409519864323E-02   4   0 0  1 3  0 0  0 0
   155  -.6122274400213594E-03   4   0 0  0 4  0 0  0 0
   156  -.1639922193863088E-03   4   3 0  0 0  0 1  0 0
   157  0.1314155458341214E-02   4   2 1  0 0  0 1  0 0
   158  0.2627844033908435E-02   4   1 2  0 0  0 1  0 0
   159  0.1178249293280281E-02   4   0 3  0 0  0 1  0 0
   160  0.6040667315082699       4   2 0  1 0  0 1  0 0
   161   1.880442803352484       4   1 1  1 0  0 1  0 0
   162   1.568208549719252       4   0 2  1 0  0 1  0 0
   163  0.2883056064757907E-03   4   1 0  2 0  0 1  0 0
   164  -.1331445733185051E-02   4   0 1  2 0  0 1  0 0
   165  -.6273181348161508E-02   4   0 0  3 0  0 1  0 0
   166   1.711299855657468       4   2 0  0 1  0 1  0 0
   167   4.470391214512494       4   1 1  0 1  0 1  0 0
   168   2.398863994152353       4   0 2  0 1  0 1  0 0
   169  -.2572263400024275E-02   4   1 0  1 1  0 1  0 0
   170  -.5044043777235052E-02   4   0 1  1 1  0 1  0 0
   171  -.3075791096532167E-01   4   0 0  2 1  0 1  0 0
   172  -.2524071741047052E-02   4   1 0  0 2  0 1  0 0
   173  -.3473605237260746E-02   4   0 1  0 2  0 1  0 0
   174  0.6783727444349010       4   0 0  1 2  0 1  0 0
   175  0.1496995429924112       4   0 0  0 3  0 1  0 0
   176  -.1637715263861455E-03   4   3 0  0 0  0 0  1 0
   177  0.1312386929859376E-02   4   2 1  0 0  0 0  1 0
   178  0.2624307605253595E-02   4   1 2  0 0  0 0  1 0
   179  0.1176663660910348E-02   4   0 3  0 0  0 0  1 0
   180  0.6032538069696857       4   2 0  1 0  0 0  1 0
   181   1.877912192049923       4   1 1  1 0  0 0  1 0
   182   1.566098128560141       4   0 2  1 0  0 0  1 0
   183  0.2879176183779679E-03   4   1 0  2 0  0 0  1 0
   184  -.1329653936266195E-02   4   0 1  2 0  0 0  1 0
   185  -.6264739196346188E-02   4   0 0  3 0  0 0  1 0
   186   1.708996868962492       4   2 0  0 1  0 0  1 0
   187   4.464375172698235       4   1 1  0 1  0 0  1 0
   188   2.395635716043558       4   0 2  0 1  0 0  1 0
   189  -.2568801769167097E-02   4   1 0  1 1  0 0  1 0
   190  -.5037255740837199E-02   4   0 1  1 1  0 0  1 0
   191  -.3071651841831063E-01   4   0 0  2 1  0 0  1 0
   192  -.2520674964253330E-02   4   1 0  0 2  0 0  1 0
   193  -.3468930623037786E-02   4   0 1  0 2  0 0  1 0
   194  0.6774598223660444       4   0 0  1 2  0 0  1 0
   195  0.1494980844025483       4   0 0  0 3  0 0  1 0
   196  0.1018527936901949E-03   4   3 0  0 0  0 0  0 1
   197  0.3913936251809401E-03   4   2 1  0 0  0 0  0 1
   198  0.4676858156282791E-03   4   1 2  0 0  0 0  0 1
   199  0.1816963140188460E-03   4   0 3  0 0  0 0  0 1
   200  -1.205564783878849       4   2 0  1 0  0 0  0 1
   201  -2.523819536909802       4   1 1  1 0  0 0  0 1
   202  -1.459615292307856       4   0 2  1 0  0 0  0 1
   203  -.9991018036433729E-04   4   1 0  2 0  0 0  0 1
   204  -.8213812184391547E-04   4   0 1  2 0  0 0  0 1
   205  0.1217839389174043E-01   4   0 0  3 0  0 0  0 1
   206  -1.998273740573930       4   2 0  0 1  0 0  0 1
   207  -3.783147309858636       4   1 1  0 1  0 0  0 1
   208  -2.034182657761189       4   0 2  0 1  0 0  0 1
   209  -.2616295871000670E-03   4   1 0  1 1  0 0  0 1
   210  -.2179193870208322E-03   4   0 1  1 1  0 0  0 1
   211  0.1241584164383193       4   0 0  2 1  0 0  0 1
   212  -.1301019183179374E-03   4   1 0  0 2  0 0  0 1
   213  -.1042607007260440E-03   4   0 1  0 2  0 0  0 1
   214  -.4578894778957495E-01   4   0 0  1 2  0 0  0 1
   215  -.2267934270223792       4   0 0  0 3  0 0  0 1
   216  -.7753380963533586E-04   4   2 0  0 0  0 2  0 0
   217  0.4499949686355634E-04   4   1 1  0 0  0 2  0 0
   218  0.1588143544338863E-03   4   0 2  0 0  0 2  0 0
   219  0.3351851185618852E-01   4   1 0  1 0  0 2  0 0
   220  0.8025541023218025E-01   4   0 1  1 0  0 2  0 0
   221  -.3626480571194791E-04   4   0 0  2 0  0 2  0 0
   222  0.8157783402139654E-01   4   1 0  0 1  0 2  0 0
   223  0.1350948160602161       4   0 1  0 1  0 2  0 0
   224  -.3050012100871520E-03   4   0 0  1 1  0 2  0 0
   225  -.1590362218184786E-03   4   0 0  0 2  0 2  0 0
   226  -.9391219955412465E-04   4   2 0  0 0  0 1  1 0
   227  0.6777951946182474E-04   4   1 1  0 0  0 1  1 0
   228  0.2294621292875417E-03   4   0 2  0 0  0 1  1 0
   229  0.2129876651827116E-01   4   1 0  1 0  0 1  1 0
   230  0.7911772364753157E-01   4   0 1  1 0  0 1  1 0
   231  -.3260473715947840E-05   4   0 0  2 0  0 1  1 0
   232  0.8072960436325403E-01   4   1 0  0 1  0 1  1 0
   233  0.1611541258849262       4   0 1  0 1  0 1  1 0
   234  -.2876603871221840E-03   4   0 0  1 1  0 1  1 0
   235  -.1786874005962687E-03   4   0 0  0 2  0 1  1 0
   236  -.7736627698225480E-04   4   2 0  0 0  0 0  2 0
   237  0.4489333141997822E-04   4   1 1  0 0  0 0  2 0
   238  0.1584462299006409E-03   4   0 2  0 0  0 0  2 0
   239  0.3345907278450321E-01   4   1 0  1 0  0 0  2 0
   240  0.8009416983149856E-01   4   0 1  1 0  0 0  2 0
   241  -.3621380834958872E-04   4   0 0  2 0  0 0  2 0
   242  0.8141372936855189E-01   4   1 0  0 1  0 0  2 0
   243  0.1348045750097178       4   0 1  0 1  0 0  2 0
   244  -.3043971939368224E-03   4   0 0  1 1  0 0  2 0
   245  -.1587019638249752E-03   4   0 0  0 2  0 0  2 0
   246  0.6584561224560887E-04   4   2 0  0 0  0 1  0 1
   247  -.5560369811140644E-04   4   1 1  0 0  0 1  0 1
   248  -.1059096842824750E-03   4   0 2  0 0  0 1  0 1
   249  -.4239707156203993E-01   4   1 0  1 0  0 1  0 1
   250  -.7656769291082755E-01   4   0 1  1 0  0 1  0 1
   251  -.8687706030210912E-05   4   0 0  2 0  0 1  0 1
   252  -.7896124785333136E-01   4   1 0  0 1  0 1  0 1
   253  -.1045508935491913       4   0 1  0 1  0 1  0 1
   254  0.1431180491173522E-03   4   0 0  1 1  0 1  0 1
   255  0.1435544349544457E-03   4   0 0  0 2  0 1  0 1
   256  0.6575700032384493E-04   4   2 0  0 0  0 0  1 1
   257  -.5552886927499964E-04   4   1 1  0 0  0 0  1 1
   258  -.1057671560207182E-03   4   0 2  0 0  0 0  1 1
   259  -.4234001558123641E-01   4   1 0  1 0  0 0  1 1
   260  -.7646465171821844E-01   4   0 1  1 0  0 0  1 1
   261  -.8676014524872846E-05   4   0 0  2 0  0 0  1 1
   262  -.7885498552728498E-01   4   1 0  0 1  0 0  1 1
   263  -.1044101938839656       4   0 1  0 1  0 0  1 1
   264  0.1429254475917701E-03   4   0 0  1 1  0 0  1 1
   265  0.1433612461613701E-03   4   0 0  0 2  0 0  1 1
   266  -.9904151621306051E-07   4   2 0  0 0  0 0  0 2
   267  -.1788509985507716E-06   4   1 1  0 0  0 0  0 2
   268  -.7453051387066611E-07   4   0 2  0 0  0 0  0 2
   269  -.3424604451143963E-02   4   1 0  1 0  0 0  0 2
   270  -.3269725345952593E-02   4   0 1  1 0  0 0  0 2
   271  0.5116469791855819E-04   4   0 0  2 0  0 0  0 2
   272  -.2372989877797147E-02   4   1 0  0 1  0 0  0 2
   273  -.2328633495239397E-02   4   0 1  0 1  0 0  0 2
   274  0.9472771977918375E-04   4   0 0  1 1  0 0  0 2
   275  0.4365122139389681E-04   4   0 0  0 2  0 0  0 2
   276  -.5371313288598471E-05   4   1 0  0 0  0 3  0 0
   277  -.9406042491691239E-05   4   0 1  0 0  0 3  0 0
   278  0.6316186339810295E-01   4   0 0  1 0  0 3  0 0
   279  -.1455207265045396       4   0 0  0 1  0 3  0 0
   280  -.3648546920557749E-05   4   1 0  0 0  0 2  1 0
   281  -.8875543532369970E-05   4   0 1  0 0  0 2  1 0
   282  0.3485789970827850E-01   4   0 0  1 0  0 2  1 0
   283  -.1817298480474699E-01   4   0 0  0 1  0 2  1 0
   284  -.3652009955656391E-05   4   1 0  0 0  0 1  2 0
   285  -.8876588860885922E-05   4   0 1  0 0  0 1  2 0
   286  0.3491486333488560E-01   4   0 0  1 0  0 1  2 0
   287  -.1842965737023926E-01   4   0 0  0 1  0 1  2 0
   288  -.5358018887324276E-05   4   1 0  0 0  0 0  3 0
   289  -.9381091083044426E-05   4   0 1  0 0  0 0  3 0
   290  0.6301093959190206E-01   4   0 0  1 0  0 0  3 0
   291  -.1452147625613655       4   0 0  0 1  0 0  3 0
   292  0.6285827047388057E-05   4   1 0  0 0  0 2  0 1
   293  0.9838186240740628E-05   4   0 1  0 0  0 2  0 1
   294  -.6969418050986878E-01   4   0 0  1 0  0 2  0 1
   295  -.1729732825073194       4   0 0  0 1  0 2  0 1
   296  0.4575231635906727E-05   4   1 0  0 0  0 1  1 1
   297  0.9331266870778488E-05   4   0 1  0 0  0 1  1 1
   298  -.4146621857138244E-01   4   0 0  1 0  0 1  1 1
   299  -.1683452750043334       4   0 0  0 1  0 1  1 1
   300  0.6274289312105835E-05   4   1 0  0 0  0 0  2 1
   301  0.9818667683794231E-05   4   0 1  0 0  0 0  2 1
   302  -.6957248772495249E-01   4   0 0  1 0  0 0  2 1
   303  -.1726272276470382       4   0 0  0 1  0 0  2 1
   304  -.3743128236375099E-07   4   1 0  0 0  0 1  0 2
   305  -.1183768893196504E-06   4   0 1  0 0  0 1  0 2
   306  -.7571994985206357E-02   4   0 0  1 0  0 1  0 2
   307  -.9275022902689761E-02   4   0 0  0 1  0 1  0 2
   308  -.3738090910802022E-07   4   1 0  0 0  0 0  1 2
   309  -.1182175832809096E-06   4   0 1  0 0  0 0  1 2
   310  -.7561804951211047E-02   4   0 0  1 0  0 0  1 2
   311  -.9262541013984087E-02   4   0 0  0 1  0 0  1 2
   312  0.5441216889544058E-08   4   1 0  0 0  0 0  0 3
   313  0.4149338919524608E-08   4   0 1  0 0  0 0  0 3
   314  -.7623243597791893E-04   4   0 0  1 0  0 0  0 3
   315  -.5765252203584975E-04   4   0 0  0 1  0 0  0 3
   316  0.7042785999523045E-05   4   0 0  0 0  0 4  0 0
   317  0.3257836269111063E-05   4   0 0  0 0  0 3  1 0
   318  0.2756093873111337E-05   4   0 0  0 0  0 2  2 0
   319  0.3268670244578880E-05   4   0 0  0 0  0 1  3 0
   320  0.7021648764206021E-05   4   0 0  0 0  0 0  4 0
   321  0.1230318185557792E-05   4   0 0  0 0  0 3  0 1
   322  0.1444418514558369E-05   4   0 0  0 0  0 2  1 1
   323  0.1443982983106431E-05   4   0 0  0 0  0 1  2 1
   324  0.1226864023485972E-05   4   0 0  0 0  0 0  3 1
   325  0.1021432507968014E-07   4   0 0  0 0  0 2  0 2
   326  0.1476243837429733E-07   4   0 0  0 0  0 1  1 2
   327  0.1019064582545910E-07   4   0 0  0 0  0 0  2 2
   328  -.2033174911078599E-09   4   0 0  0 0  0 1  0 3
   329  -.2030438760103484E-09   4   0 0  0 0  0 0  1 3
   330  0.1096057318930838E-14   4   0 0  0 0  0 0  0 4
   ----------------------------------------------------
     I  COEFFICIENT            ORDER EXPONENTS
     1  0.1494943238332260E-03   0   0 0  0 0  0 0  0 0
     2  0.5600240668473887E-04   1   1 0  0 0  0 0  0 0
     3  0.5175512336725425E-04   1   0 1  0 0  0 0  0 0
     4  -1.658612643509383       1   0 0  1 0  0 0  0 0
     5  -.5457125906453923       1   0 0  0 1  0 0  0 0
     6  0.6075229074497691E-05   1   0 0  0 0  0 1  0 0
     7  0.6067053317524815E-05   1   0 0  0 0  0 0  1 0
     8  0.1373520414400147E-03   1   0 0  0 0  0 0  0 1
     9  0.7237494469500775E-03   2   2 0  0 0  0 0  0 0
    10  0.1254434394608564E-02   2   1 1  0 0  0 0  0 0
    11  0.5999961402486511E-03   2   0 2  0 0  0 0  0 0
    12  0.7054163966317187       2   1 0  1 0  0 0  0 0
    13  0.6474157370025678       2   0 1  1 0  0 0  0 0
    14  0.5423338930639800E-03   2   0 0  2 0  0 0  0 0
    15  0.6655169137109350       2   1 0  0 1  0 0  0 0
    16  0.6149581333131967       2   0 1  0 1  0 0  0 0
    17  0.1333393412211520E-02   2   0 0  1 1  0 0  0 0
    18  0.6957163266851788E-03   2   0 0  0 2  0 0  0 0
    19  -.2809967519860309E-05   2   1 0  0 0  0 1  0 0
    20  -.2863993517890606E-04   2   0 1  0 0  0 1  0 0
    21  -.7568914005950890E-01   2   0 0  1 0  0 1  0 0
    22  0.7089515102304653       2   0 0  0 1  0 1  0 0
    23  -.2806185998001248E-05   2   1 0  0 0  0 0  1 0
    24  -.2860139290389567E-04   2   0 1  0 0  0 0  1 0
    25  -.7558728118192234E-01   2   0 0  1 0  0 0  1 0
    26  0.7079974366997243       2   0 0  0 1  0 0  1 0
    27  0.6161841021521095E-04   2   1 0  0 0  0 0  0 1
    28  0.5724118066561385E-04   2   0 1  0 0  0 0  0 1
    29  -1.507336222347359       2   0 0  1 0  0 0  0 1
    30  -1.416948947017137       2   0 0  0 1  0 0  0 1
    31  -.4468984958242597E-05   2   0 0  0 0  0 2  0 0
    32  -.2867039141281611E-05   2   0 0  0 0  0 1  1 0
    33  -.4461041645819772E-05   2   0 0  0 0  0 0  2 0
    34  0.1180497286959977E-04   2   0 0  0 0  0 1  0 1
    35  0.1178908629346092E-04   2   0 0  0 0  0 0  1 1
    36  -.1179701556795014E-04   2   0 0  0 0  0 0  0 2
    37  -.1423126469283463E-01   3   3 0  0 0  0 0  0 0
    38  -.3994610713987438E-01   3   2 1  0 0  0 0  0 0
    39  -.3755682095500840E-01   3   1 2  0 0  0 0  0 0
    40  -.1179832346362903E-01   3   0 3  0 0  0 0  0 0
    41  -11.93093591311932       3   2 0  1 0  0 0  0 0
    42  -23.21259748720679       3   1 1  1 0  0 0  0 0
    43  -11.91148035232303       3   0 2  1 0  0 0  0 0
    44  0.2833884406071824E-01   3   1 0  2 0  0 0  0 0
    45  0.2585039683610264E-01   3   0 1  2 0  0 0  0 0
    46  -2.169304731884362       3   0 0  3 0  0 0  0 0
    47  -10.52713874210921       3   2 0  0 1  0 0  0 0
    48  -20.95973772865526       3   1 1  0 1  0 0  0 0
    49  -11.75029041897552       3   0 2  0 1  0 0  0 0
    50  0.5322787319131807E-01   3   1 0  1 1  0 0  0 0
    51  0.4884372768761282E-01   3   0 1  1 1  0 0  0 0
    52  -6.789181230284215       3   0 0  2 1  0 0  0 0
    53  0.2523550875543720E-01   3   1 0  0 2  0 0  0 0
    54  0.2332130465830962E-01   3   0 1  0 2  0 0  0 0
    55  -6.130653385527259       3   0 0  1 2  0 0  0 0
    56  -2.352182548456072       3   0 0  0 3  0 0  0 0
    57  -.4325116792166033E-03   3   2 0  0 0  0 1  0 0
    58  -.1476635774368794E-02   3   1 1  0 0  0 1  0 0
    59  -.1005401016585328E-02   3   0 2  0 0  0 1  0 0
    60  0.3747786389287451E-01   3   1 0  1 0  0 1  0 0
    61  -.2874173186183058       3   0 1  1 0  0 1  0 0
    62  -.1082615487240615E-03   3   0 0  2 0  0 1  0 0
    63  -.3052815982302883       3   1 0  0 1  0 1  0 0
    64  -.5877304020620808       3   0 1  0 1  0 1  0 0
    65  -.9151928324988724E-03   3   0 0  1 1  0 1  0 0
    66  -.8365496327551432E-03   3   0 0  0 2  0 1  0 0
    67  -.4319296253822823E-03   3   2 0  0 0  0 0  1 0
    68  -.1474648587535080E-02   3   1 1  0 0  0 0  1 0
    69  -.1004047995280116E-02   3   0 2  0 0  0 0  1 0
    70  0.3742742794991838E-01   3   1 0  1 0  0 0  1 0
    71  -.2870305259364178       3   0 1  1 0  0 0  1 0
    72  -.1081158554339784E-03   3   0 0  2 0  0 0  1 0
    73  -.3048707646428130       3   1 0  0 1  0 0  1 0
    74  -.5869394621857605       3   0 1  0 1  0 0  1 0
    75  -.9139612091164394E-03   3   0 0  1 1  0 0  1 0
    76  -.8354238436845996E-03   3   0 0  0 2  0 0  1 0
    77  0.1586666971253366E-02   3   2 0  0 0  0 0  0 1
    78  0.2947981496008173E-02   3   1 1  0 0  0 0  0 1
    79  0.1407656276757196E-02   3   0 2  0 0  0 0  0 1
    80  0.6305137419228823       3   1 0  1 0  0 0  0 1
    81  0.5744500939213703       3   0 1  1 0  0 0  0 1
    82  0.7596908844066695E-03   3   0 0  2 0  0 0  0 1
    83  0.6101546363547731       3   1 0  0 1  0 0  0 1
    84  0.5597136637353265       3   0 1  0 1  0 0  0 1
    85  0.1831303767744867E-02   3   0 0  1 1  0 0  0 1
    86  0.9774458701700989E-03   3   0 0  0 2  0 0  0 1
    87  0.2120510559671199E-05   3   1 0  0 0  0 2  0 0
    88  0.2277599688996308E-04   3   0 1  0 0  0 2  0 0
    89  0.5561764526809077E-01   3   0 0  1 0  0 2  0 0
    90  -.5002883656701691       3   0 0  0 1  0 2  0 0
    91  0.1564350609987561E-05   3   1 0  0 0  0 1  1 0
    92  0.1711438378110797E-04   3   0 1  0 0  0 1  1 0
    93  0.3559990983441456E-01   3   0 0  1 0  0 1  1 0
    94  -.2921857047971952       3   0 0  0 1  0 1  1 0
    95  0.2116604261834833E-05   3   1 0  0 0  0 0  2 0
    96  0.2273383016120287E-04   3   0 1  0 0  0 0  2 0
    97  0.5551884332181284E-01   3   0 0  1 0  0 0  2 0
    98  -.4994184962897838       3   0 0  0 1  0 0  2 0
    99  -.6021595046719787E-05   3   1 0  0 0  0 1  0 1
   100  -.3441060931424692E-04   3   0 1  0 0  0 1  0 1
   101  -.1468349569393101       3   0 0  1 0  0 1  0 1
   102  0.5838112715491421       3   0 0  0 1  0 1  0 1
   103  -.6013491467893880E-05   3   1 0  0 0  0 0  1 1
   104  -.3436430113794765E-04   3   0 1  0 0  0 0  1 1
   105  -.1466373533743527       3   0 0  1 0  0 0  1 1
   106  0.5830256058539639       3   0 0  0 1  0 0  1 1
   107  0.6196405785274087E-05   3   1 0  0 0  0 0  0 2
   108  0.5995661730081025E-05   3   0 1  0 0  0 0  0 2
   109  0.1467360373032868       3   0 0  1 0  0 0  0 2
   110  0.1250558864431580       3   0 0  0 1  0 0  0 2
   111  0.3665893531196768E-05   3   0 0  0 0  0 3  0 0
   112  0.2063353453587774E-05   3   0 0  0 0  0 2  1 0
   113  0.2066578429275528E-05   3   0 0  0 0  0 1  2 0
   114  0.3657106942044710E-05   3   0 0  0 0  0 0  3 0
   115  -.8595296594147447E-05   3   0 0  0 0  0 2  0 1
   116  -.5395500397110030E-05   3   0 0  0 0  0 1  1 1
   117  -.8580098943996673E-05   3   0 0  0 0  0 0  2 1
   118  0.5392109100609710E-05   3   0 0  0 0  0 1  0 2
   119  0.5384852654303422E-05   3   0 0  0 0  0 0  1 2
   120  0.3402345201314280E-06   3   0 0  0 0  0 0  0 3
   121  -.5798124295881061E-02   4   4 0  0 0  0 0  0 0
   122  -.2128263248155582E-01   4   3 1  0 0  0 0  0 0
   123  -.2957028436574285E-01   4   2 2  0 0  0 0  0 0
   124  -.1792210729141515E-01   4   1 3  0 0  0 0  0 0
   125  -.3938894820980900E-02   4   0 4  0 0  0 0  0 0
   126   157.2017300459555       4   3 0  1 0  0 0  0 0
   127   437.9802545093959       4   2 1  1 0  0 0  0 0
   128   408.8323683554024       4   1 2  1 0  0 0  0 0
   129   128.1510474391885       4   0 3  1 0  0 0  0 0
   130  0.3335719376583215E-01   4   2 0  2 0  0 0  0 0
   131  0.6461465384657544E-01   4   1 1  2 0  0 0  0 0
   132  0.3111033323082149E-01   4   0 2  2 0  0 0  0 0
   133  -108.0025032515053       4   1 0  3 0  0 0  0 0
   134  -97.92229907399371       4   0 1  3 0  0 0  0 0
   135  -.5081942627760367E-02   4   0 0  4 0  0 0  0 0
   136   149.7476402307459       4   3 0  0 1  0 0  0 0
   137   420.0240359398248       4   2 1  0 1  0 0  0 0
   138   394.9563401739341       4   1 2  0 1  0 0  0 0
   139   124.7730497036048       4   0 3  0 1  0 0  0 0
   140  0.6639156301144593E-01   4   2 0  1 1  0 0  0 0
   141  0.1294721743623221       4   1 1  1 1  0 0  0 0
   142  0.6368482013293558E-01   4   0 2  1 1  0 0  0 0
   143  -301.5672143750276       4   1 0  2 1  0 0  0 0
   144  -275.7105823781684       4   0 1  2 1  0 0  0 0
   145  -.1756071328303785E-01   4   0 0  3 1  0 0  0 0
   146  0.3239075336162077E-01   4   2 0  0 2  0 0  0 0
   147  0.6389479112413098E-01   4   1 1  0 2  0 0  0 0
   148  0.3220372754043482E-01   4   0 2  0 2  0 0  0 0
   149  -283.3714772556086       4   1 0  1 2  0 0  0 0
   150  -260.8938393616390       4   0 1  1 2  0 0  0 0
   151  -.2283790930262676E-01   4   0 0  2 2  0 0  0 0
   152  -89.27161450691150       4   1 0  0 3  0 0  0 0
   153  -82.65503582776797       4   0 1  0 3  0 0  0 0
   154  -.1278798962960339E-01   4   0 0  1 3  0 0  0 0
   155  -.2337081594278019E-02   4   0 0  0 4  0 0  0 0
   156  -.1635992867161823E-02   4   3 0  0 0  0 1  0 0
   157  0.1227096651838833E-01   4   2 1  0 0  0 1  0 0
   158  0.2722414662507234E-01   4   1 2  0 0  0 1  0 0
   159  0.1341463921389045E-01   4   0 3  0 0  0 1  0 0
   160   6.522801295936350       4   2 0  1 0  0 1  0 0
   161   24.00505796636621       4   1 1  1 0  0 1  0 0
   162   17.67963702209310       4   0 2  1 0  0 1  0 0
   163  0.3080327512825479E-02   4   1 0  2 0  0 1  0 0
   164  -.8321790227743195E-02   4   0 1  2 0  0 1  0 0
   165  0.5064095099954343       4   0 0  3 0  0 1  0 0
   166   11.22945065690165       4   2 0  0 1  0 1  0 0
   167   32.52543752424413       4   1 1  0 1  0 1  0 0
   168   23.07490323796791       4   0 2  0 1  0 1  0 0
   169  -.1641653279446917E-01   4   1 0  1 1  0 1  0 0
   170  -.3570614321318426E-01   4   0 1  1 1  0 1  0 0
   171   5.153872430588371       4   0 0  2 1  0 1  0 0
   172  -.1811990383451464E-01   4   1 0  0 2  0 1  0 0
   173  -.2643266382423913E-01   4   0 1  0 2  0 1  0 0
   174   8.108049163670955       4   0 0  1 2  0 1  0 0
   175   4.221651185906167       4   0 0  0 3  0 1  0 0
   176  -.1633791225062869E-02   4   3 0  0 0  0 0  1 0
   177  0.1225445282995848E-01   4   2 1  0 0  0 0  1 0
   178  0.2718750965157390E-01   4   1 2  0 0  0 0  1 0
   179  0.1339658642464644E-01   4   0 3  0 0  0 0  1 0
   180   6.514023217361244       4   2 0  1 0  0 0  1 0
   181   23.97275309067424       4   1 1  1 0  0 0  1 0
   182   17.65584459980120       4   0 2  1 0  0 0  1 0
   183  0.3076182153229524E-02   4   1 0  2 0  0 0  1 0
   184  -.8310591154647089E-02   4   0 1  2 0  0 0  1 0
   185  0.5057280079431319       4   0 0  3 0  0 0  1 0
   186   11.21433859143325       4   2 0  0 1  0 0  1 0
   187   32.48166632329480       4   1 1  0 1  0 0  1 0
   188   23.04385012067279       4   0 2  0 1  0 0  1 0
   189  -.1639444019831877E-01   4   1 0  1 1  0 0  1 0
   190  -.3565809156842019E-01   4   0 1  1 1  0 0  1 0
   191   5.146936591964869       4   0 0  2 1  0 0  1 0
   192  -.1809551892189564E-01   4   1 0  0 2  0 0  1 0
   193  -.2639709199099277E-01   4   0 1  0 2  0 0  1 0
   194   8.097137733225603       4   0 0  1 2  0 0  1 0
   195   4.215969886699707       4   0 0  0 3  0 0  1 0
   196  0.6708239418905682E-03   4   3 0  0 0  0 0  0 1
   197  0.1911373408221395E-02   4   2 1  0 0  0 0  0 1
   198  0.1829332644447376E-02   4   1 2  0 0  0 0  0 1
   199  0.6199862266451604E-03   4   0 3  0 0  0 0  0 1
   200  -24.95455161519738       4   2 0  1 0  0 0  0 1
   201  -47.94935106312784       4   1 1  1 0  0 0  0 1
   202  -23.40858047261394       4   0 2  1 0  0 0  0 1
   203  -.1792622162415490E-02   4   1 0  2 0  0 0  0 1
   204  -.1712180281743568E-02   4   0 1  2 0  0 0  0 1
   205  -3.184467392514979       4   0 0  3 0  0 0  0 1
   206  -22.42875113841200       4   2 0  0 1  0 0  0 1
   207  -44.01480461696921       4   1 1  0 1  0 0  0 1
   208  -22.60047284921742       4   0 2  0 1  0 0  0 1
   209  -.3530804887898131E-02   4   1 0  1 1  0 0  0 1
   210  -.3489569477586177E-02   4   0 1  1 1  0 0  0 1
   211  -10.31059010275643       4   0 0  2 1  0 0  0 1
   212  -.1727250371630000E-02   4   1 0  0 2  0 0  0 1
   213  -.1726150196574105E-02   4   0 1  0 2  0 0  0 1
   214  -10.08523104108343       4   0 0  1 2  0 0  0 1
   215  -3.737191650322408       4   0 0  0 3  0 0  0 1
   216  -.2073180607235477E-03   4   2 0  0 0  0 2  0 0
   217  0.1881632665585878E-03   4   1 1  0 0  0 2  0 0
   218  0.4293443017679015E-03   4   0 2  0 0  0 2  0 0
   219  -.2793648002875667E-01   4   1 0  1 0  0 2  0 0
   220  0.1980591325118523       4   0 1  1 0  0 2  0 0
   221  -.1514837616191599E-03   4   0 0  2 0  0 2  0 0
   222  0.2156167508877287       4   1 0  0 1  0 2  0 0
   223  0.5683552111310251       4   0 1  0 1  0 2  0 0
   224  0.3326245228186397E-03   4   0 0  1 1  0 2  0 0
   225  0.7139210584120908E-03   4   0 0  0 2  0 2  0 0
   226  -.2144068032397901E-03   4   2 0  0 0  0 1  1 0
   227  0.3634337963105747E-03   4   1 1  0 0  0 1  1 0
   228  0.7462910586802366E-03   4   0 2  0 0  0 1  1 0
   229  -.1953900348308750E-01   4   1 0  1 0  0 1  1 0
   230  0.1074205159968762       4   0 1  1 0  0 1  1 0
   231  -.1352561896746851E-03   4   0 0  2 0  0 1  1 0
   232  0.1248996647498243       4   1 0  0 1  0 1  1 0
   233  0.5472086486618215       4   0 1  0 1  0 1  1 0
   234  0.2836964394623505E-03   4   0 0  1 1  0 1  1 0
   235  0.8222892648378141E-03   4   0 0  0 2  0 1  1 0
   236  -.2068947925624087E-03   4   2 0  0 0  0 0  2 0
   237  0.1876654992647657E-03   4   1 1  0 0  0 0  2 0
   238  0.4282643487732316E-03   4   0 2  0 0  0 0  2 0
   239  -.2788573709551121E-01   4   1 0  1 0  0 0  2 0
   240  0.1977203131315843       4   0 1  1 0  0 0  2 0
   241  -.1511888912091252E-03   4   0 0  2 0  0 0  2 0
   242  0.2152425419847979       4   1 0  0 1  0 0  2 0
   243  0.5672221416683788       4   0 1  0 1  0 0  2 0
   244  0.3319859997628410E-03   4   0 0  1 1  0 0  2 0
   245  0.7124069980278794E-03   4   0 0  0 2  0 0  2 0
   246  0.4776281964941160E-03   4   2 0  0 0  0 1  0 1
   247  -.1115380757616689E-03   4   1 1  0 0  0 1  0 1
   248  -.4841140296416660E-03   4   0 2  0 0  0 1  0 1
   249  0.7689919682620652E-01   4   1 0  1 0  0 1  0 1
   250  -.2135649595402527       4   0 1  1 0  0 1  0 1
   251  0.2754279653289417E-03   4   0 0  2 0  0 1  0 1
   252  -.2487943298666531       4   1 0  0 1  0 1  0 1
   253  -.5048189941208896       4   0 1  0 1  0 1  0 1
   254  -.2807922605714644E-03   4   0 0  1 1  0 1  0 1
   255  -.6460482673559702E-03   4   0 0  0 2  0 1  0 1
   256  0.4769854269771104E-03   4   2 0  0 0  0 0  1 1
   257  -.1113879730759171E-03   4   1 1  0 0  0 0  1 1
   258  -.4834625317960781E-03   4   0 2  0 0  0 0  1 1
   259  0.7679570951125197E-01   4   1 0  1 0  0 0  1 1
   260  -.2132775538826708       4   0 1  1 0  0 0  1 1
   261  0.2750573073536725E-03   4   0 0  2 0  0 0  1 1
   262  -.2484595141827887       4   1 0  0 1  0 0  1 1
   263  -.5041396325098967       4   0 1  0 1  0 0  1 1
   264  -.2804143835804674E-03   4   0 0  1 1  0 0  1 1
   265  -.6451788460449633E-03   4   0 0  0 2  0 0  1 1
   266  -.3265405452350255E-03   4   2 0  0 0  0 0  0 2
   267  -.6151010039583905E-03   4   1 1  0 0  0 0  0 2
   268  -.2874623459171276E-03   4   0 2  0 0  0 0  0 2
   269  -.7833245295104536E-01   4   1 0  1 0  0 0  0 2
   270  -.7563462521921724E-01   4   0 1  1 0  0 0  0 2
   271  -.1122482326321432E-03   4   0 0  2 0  0 0  0 2
   272  -.5820275230994622E-01   4   1 0  0 1  0 0  0 2
   273  -.5746253207309453E-01   4   0 1  0 1  0 0  0 2
   274  -.2494405747925709E-03   4   0 0  1 1  0 0  0 2
   275  -.1307262274151349E-03   4   0 0  0 2  0 0  0 2
   276  -.4407341565783040E-05   4   1 0  0 0  0 3  0 0
   277  -.2525870418126751E-04   4   0 1  0 0  0 3  0 0
   278  -.4558996145343979E-01   4   0 0  1 0  0 3  0 0
   279  0.3964949270483256       4   0 0  0 1  0 3  0 0
   280  -.3078895017132096E-05   4   1 0  0 0  0 2  1 0
   281  -.1818305356672834E-04   4   0 1  0 0  0 2  1 0
   282  -.2556705030615323E-01   4   0 0  1 0  0 2  1 0
   283  0.1890225153090666       4   0 0  0 1  0 2  1 0
   284  -.3081564685389327E-05   4   1 0  0 0  0 1  2 0
   285  -.1819726806526958E-04   4   0 1  0 0  0 1  2 0
   286  -.2560734529281204E-01   4   0 0  1 0  0 1  2 0
   287  0.1894402480912133       4   0 0  0 1  0 1  2 0
   288  -.4396375854413825E-05   4   1 0  0 0  0 0  3 0
   289  -.2519549776849594E-04   4   0 1  0 0  0 0  3 0
   290  -.4548075196261031E-01   4   0 0  1 0  0 0  3 0
   291  0.3955675336198030       4   0 0  0 1  0 0  3 0
   292  0.6083640505303459E-05   4   1 0  0 0  0 2  0 1
   293  0.3260048983120616E-04   4   0 1  0 0  0 2  0 1
   294  0.1067375545245204       4   0 0  1 0  0 2  0 1
   295  -.3779006162232169       4   0 0  0 1  0 2  0 1
   296  0.4877494124941250E-05   4   1 0  0 0  0 1  1 1
   297  0.2627237245808713E-04   4   0 1  0 0  0 1  1 1
   298  0.6675824606438095E-01   4   0 0  1 0  0 1  1 1
   299  -.1725307525706670       4   0 0  0 1  0 1  1 1
   300  0.6072171477662125E-05   4   1 0  0 0  0 0  2 1
   301  0.3253893956809354E-04   4   0 1  0 0  0 0  2 1
   302  0.1065489921033347       4   0 0  1 0  0 0  2 1
   303  -.3772759635058848       4   0 0  0 1  0 0  2 1
   304  -.1211595681767045E-05   4   1 0  0 0  0 1  0 2
   305  -.3439036624124155E-05   4   0 1  0 0  0 1  0 2
   306  -.6670869386038039E-01   4   0 0  1 0  0 1  0 2
   307  -.1196597282350079       4   0 0  0 1  0 1  0 2
   308  -.1209965173399030E-05   4   1 0  0 0  0 0  1 2
   309  -.3434408530711575E-05   4   0 1  0 0  0 0  1 2
   310  -.6661892044405496E-01   4   0 0  1 0  0 0  1 2
   311  -.1194986958121168       4   0 0  0 1  0 0  1 2
   312  0.3153504387946222E-06   4   1 0  0 0  0 0  0 3
   313  0.2572415905979277E-06   4   0 1  0 0  0 0  0 3
   314  -.4471943925815699E-02   4   0 0  1 0  0 0  0 3
   315  -.3653368539492202E-02   4   0 0  0 1  0 0  0 3
   316  -.6892350489231754E-05   4   0 0  0 0  0 4  0 0
   317  -.3539209469278920E-05   4   0 0  0 0  0 3  1 0
   318  -.3094327816647440E-05   4   0 0  0 0  0 2  2 0
   319  -.3548804998717441E-05   4   0 0  0 0  0 1  3 0
   320  -.6871429094167978E-05   4   0 0  0 0  0 0  4 0
   321  0.7368097504761340E-05   4   0 0  0 0  0 3  0 1
   322  0.3680430403743113E-05   4   0 0  0 0  0 2  1 1
   323  0.3687854420631121E-05   4   0 0  0 0  0 1  2 1
   324  0.7350750914007832E-05   4   0 0  0 0  0 0  3 1
   325  0.5799478019213139E-06   4   0 0  0 0  0 2  0 2
   326  0.6902776878652819E-06   4   0 0  0 0  0 1  1 2
   327  0.5787028639111524E-06   4   0 0  0 0  0 0  2 2
   328  0.4660701824751910E-08   4   0 0  0 0  0 1  0 3
   329  0.4654429671887345E-08   4   0 0  0 0  0 0  1 3
   330  -.1401756108920057E-13   4   0 0  0 0  0 0  0 4
   ----------------------------------------------------
     I  COEFFICIENT            ORDER EXPONENTS
     1  0.9088343517240554E-08   0   0 0  0 0  0 0  0 0
     2  0.9743576255060515E-07   1   1 0  0 0  0 0  0 0
     3  0.5905714768214976E-06   1   0 1  0 0  0 0  0 0
     4  0.9724048405722068E-05   1   0 0  1 0  0 0  0 0
     5  -.4634387643157587E-06   1   0 0  0 1  0 0  0 0
     6   1.000000000000000       1   0 0  0 0  1 0  0 0
     7  0.2621231485152888       1   0 0  0 0  0 1  0 0
     8  -.2621231477289864       1   0 0  0 0  0 0  1 0
     9  -.7863082647147478E-09   1   0 0  0 0  0 0  0 1
    10  -.6768444438912619E-01   2   2 0  0 0  0 0  0 0
    11  -.2357397168740545       2   1 1  0 0  0 0  0 0
    12  -.4158034973884190       2   0 2  0 0  0 0  0 0
    13  -.4737495792784999E-05   2   1 0  1 0  0 0  0 0
    14  -.7864967022393359E-05   2   0 1  1 0  0 0  0 0
    15  -.5808642459850393E-01   2   0 0  2 0  0 0  0 0
    16  -.7698643145340979E-05   2   1 0  0 1  0 0  0 0
    17  -.9829114282079677E-05   2   0 1  0 1  0 0  0 0
    18  0.7411310534077717E-02   2   0 0  1 1  0 0  0 0
    19  -.2124989064780246       2   0 0  0 2  0 0  0 0
    20  -.2194194092747451E-06   2   1 0  0 0  0 1  0 0
    21  -.1041241047706122E-05   2   0 1  0 0  0 1  0 0
    22  -.1421816504585373E-04   2   0 0  1 0  0 1  0 0
    23  -.3424498062231411E-05   2   0 0  0 1  0 1  0 0
    24  -.1219389341630785E-06   2   1 0  0 0  0 0  1 0
    25  -.4508332348653176E-06   2   0 1  0 0  0 0  1 0
    26  -.4501147695508675E-05   2   0 0  1 0  0 0  1 0
    27  -.3882091992339289E-05   2   0 0  0 1  0 0  1 0
    28  0.3413169563121002E-06   2   1 0  0 0  0 0  0 1
    29  0.9014132160687780E-06   2   0 1  0 0  0 0  0 1
    30  0.1871933121242203E-04   2   0 0  1 0  0 0  0 1
    31  0.7770052344441300E-05   2   0 0  0 1  0 0  0 1
    32  -.1967247331071623       2   0 0  0 0  0 2  0 0
    33  0.1313263165629713       2   0 0  0 0  0 1  1 0
    34  0.6539841540775083E-01   2   0 0  0 0  0 0  2 0
    35  0.1136233899398604E-08   2   0 0  0 0  0 1  0 1
    36  0.3505605413351691E-09   2   0 0  0 0  0 0  1 1
    37  -.3502954513272914E-09   2   0 0  0 0  0 0  0 2
    38  0.3257834249776291E-01   3   3 0  0 0  0 0  0 0
    39  0.1133307004298383       3   2 1  0 0  0 0  0 0
    40  0.1235838476345677       3   1 2  0 0  0 0  0 0
    41  0.4327901880315252E-01   3   0 3  0 0  0 0  0 0
    42  0.4242804531051079E-03   3   2 0  1 0  0 0  0 0
    43  0.7368516158036092E-03   3   1 1  1 0  0 0  0 0
    44  0.4261951882598706E-03   3   0 2  1 0  0 0  0 0
    45  0.2413447261215186E-01   3   1 0  2 0  0 0  0 0
    46  -.1741296084086479E-02   3   0 1  2 0  0 0  0 0
    47  0.4607807234553279E-04   3   0 0  3 0  0 0  0 0
    48  0.3601514822454992E-03   3   2 0  0 1  0 0  0 0
    49  0.6306761665440056E-03   3   1 1  0 1  0 0  0 0
    50  0.3585205608129608E-03   3   0 2  0 1  0 0  0 0
    51  -.4377512042237422E-02   3   1 0  1 1  0 0  0 0
    52  -.4356823746541142E-01   3   0 1  1 1  0 0  0 0
    53  0.2489916739374240E-03   3   0 0  2 1  0 0  0 0
    54  -.2275799744132345E-01   3   1 0  0 2  0 0  0 0
    55  -.3745366920387996E-01   3   0 1  0 2  0 0  0 0
    56  0.3041440798753964E-03   3   0 0  1 2  0 0  0 0
    57  0.9956248471802962E-04   3   0 0  0 3  0 0  0 0
    58  0.1039973875445316       3   2 0  0 0  0 1  0 0
    59  0.4188864548443213       3   1 1  0 0  0 1  0 0
    60  0.7294101047631070       3   0 2  0 0  0 1  0 0
    61  0.7213457942850768E-05   3   1 0  1 0  0 1  0 0
    62  0.1418429431815309E-04   3   0 1  1 0  0 1  0 0
    63  0.8480839895357628E-01   3   0 0  2 0  0 1  0 0
    64  0.1382001127170973E-04   3   1 0  0 1  0 1  0 0
    65  0.2187668362484452E-04   3   0 1  0 1  0 1  0 0
    66  0.3805962650080471E-01   3   0 0  1 1  0 1  0 0
    67  0.3160048332211863       3   0 0  0 2  0 1  0 0
    68  0.3635518981810158E-01   3   2 0  0 0  0 0  1 0
    69  0.1832174362555709       3   1 1  0 0  0 0  1 0
    70  0.3137436227256472       3   0 2  0 0  0 0  1 0
    71  0.2456336802174098E-05   3   1 0  1 0  0 0  1 0
    72  0.6249040920805741E-05   3   0 1  1 0  0 0  1 0
    73  0.2676417000802125E-01   3   0 0  2 0  0 0  1 0
    74  0.6090241904926008E-05   3   1 0  0 1  0 0  1 0
    75  0.1196282354546711E-04   3   0 1  0 1  0 0  1 0
    76  0.4539991784157069E-01   3   0 0  1 1  0 0  1 0
    77  0.1036522780545640       3   0 0  0 2  0 0  1 0
    78  -.1403528866320233       3   2 0  0 0  0 0  0 1
    79  -.3663650266563186       3   1 1  0 0  0 0  0 1
    80  -.2115474399740365       3   0 2  0 0  0 0  0 1
    81  -.9623674173291638E-05   3   1 0  1 0  0 0  0 1
    82  -.1242688103978820E-04   3   0 1  1 0  0 0  0 1
    83  -.1115727323698972       3   0 0  2 0  0 0  0 1
    84  -.1212782777641806E-04   3   1 0  0 1  0 0  0 1
    85  -.1397746538759739E-04   3   0 1  0 1  0 0  0 1
    86  -.9087106569928098E-01   3   0 0  1 1  0 0  0 1
    87  0.5340589915195581E-02   3   0 0  0 2  0 0  0 1
    88  0.3495201973027715E-06   3   1 0  0 0  0 2  0 0
    89  0.1491584174095455E-05   3   0 1  0 0  0 2  0 0
    90  0.1740849404576874E-04   3   0 0  1 0  0 2  0 0
    91  0.8244459643577707E-05   3   0 0  0 1  0 2  0 0
    92  0.2598952394425843E-06   3   1 0  0 0  0 1  1 0
    93  0.9001300398192545E-06   3   0 1  0 0  0 1  1 0
    94  0.6388402594942024E-05   3   0 0  1 0  0 1  1 0
    95  0.9641378492733203E-05   3   0 0  0 1  0 1  1 0
    96  0.1299223843564781E-06   3   1 0  0 0  0 0  2 0
    97  0.4501589661182133E-06   3   0 1  0 0  0 0  2 0
    98  0.3199449751373415E-05   3   0 0  1 0  0 0  2 0
    99  0.4816499207783273E-05   3   0 0  0 1  0 0  2 0
   100  -.7403081360636224E-06   3   1 0  0 0  0 1  0 1
   101  -.1801425532233059E-05   3   0 1  0 0  0 1  0 1
   102  -.2699185232765354E-04   3   0 0  1 0  0 1  0 1
   103  -.1928616938927020E-04   3   0 0  0 1  0 1  0 1
   104  -.3987847080220412E-06   3   1 0  0 0  0 0  1 1
   105  -.8997910112355510E-06   3   0 1  0 0  0 0  1 1
   106  -.8287823691041996E-05   3   0 0  1 0  0 0  1 1
   107  -.1151218373605629E-04   3   0 0  0 1  0 0  1 1
   108  0.3989561061363358E-06   3   1 0  0 0  0 0  0 2
   109  0.4491627263621833E-06   3   0 1  0 0  0 0  0 2
   110  0.8281475206911787E-05   3   0 0  1 0  0 0  0 2
   111  0.7630384361800683E-05   3   0 0  0 1  0 0  0 2
   112  0.1639593933426030       3   0 0  0 0  0 3  0 0
   113  -.9842878458588344E-01   3   0 0  0 0  0 2  1 0
   114  -.3289754823800371E-01   3   0 0  0 0  0 1  2 0
   115  -.3263309961771325E-01   3   0 0  0 0  0 0  3 0
   116  -.1158859781099714E-08   3   0 0  0 0  0 2  0 1
   117  0.4529307903383664E-09   3   0 0  0 0  0 1  1 1
   118  0.2252273713544345E-09   3   0 0  0 0  0 0  2 1
   119  -.3610100863636202E-10   3   0 0  0 0  0 1  0 2
   120  -.3784525422573986E-10   3   0 0  0 0  0 0  1 2
   121  -.9505701254179337E-12   3   0 0  0 0  0 0  0 3
   122  -1.123425747483042       4   4 0  0 0  0 0  0 0
   123  -5.292961079725940       4   3 1  0 0  0 0  0 0
   124  -9.716536532450396       4   2 2  0 0  0 0  0 0
   125  -8.105155301775707       4   1 3  0 0  0 0  0 0
   126  -2.791059240360185       4   0 4  0 0  0 0  0 0
   127  -.1075395569410709E-02   4   3 0  1 0  0 0  0 0
   128  -.2943005469934599E-02   4   2 1  1 0  0 0  0 0
   129  -.2740155285226279E-02   4   1 2  1 0  0 0  0 0
   130  -.8790814341599726E-03   4   0 3  1 0  0 0  0 0
   131  -2.642282433887762       4   2 0  2 0  0 0  0 0
   132  -5.106433055976672       4   1 1  2 0  0 0  0 0
   133  -2.995795206826066       4   0 2  2 0  0 0  0 0
   134  0.8313143709618795E-03   4   1 0  3 0  0 0  0 0
   135  0.6874235339175503E-03   4   0 1  3 0  0 0  0 0
   136  -.2669520015691471       4   0 0  4 0  0 0  0 0
   137  -.9914385650578886E-03   4   3 0  0 1  0 0  0 0
   138  -.2803440032955398E-02   4   2 1  0 1  0 0  0 0
   139  -.2694971964849889E-02   4   1 2  0 1  0 0  0 0
   140  -.8922846246158936E-03   4   0 3  0 1  0 0  0 0
   141  -4.963362170143960       4   2 0  1 1  0 0  0 0
   142  -9.380431944635875       4   1 1  1 1  0 0  0 0
   143  -5.250807101250420       4   0 2  1 1  0 0  0 0
   144  0.2168396236985842E-02   4   1 0  2 1  0 0  0 0
   145  0.1770515893052582E-02   4   0 1  2 1  0 0  0 0
   146  -1.173830908648753       4   0 0  3 1  0 0  0 0
   147  -2.006263096732765       4   2 0  0 2  0 0  0 0
   148  -4.002880855099082       4   1 1  0 2  0 0  0 0
   149  -2.680062884437231       4   0 2  0 2  0 0  0 0
   150  0.1901673080466639E-02   4   1 0  1 2  0 0  0 0
   151  0.1521611244548446E-02   4   0 1  1 2  0 0  0 0
   152  -1.760508745451117       4   0 0  2 2  0 0  0 0
   153  0.5464550601361095E-03   4   1 0  0 3  0 0  0 0
   154  0.4198435060279086E-03   4   0 1  0 3  0 0  0 0
   155  -1.021453293706000       4   0 0  1 3  0 0  0 0
   156  -.3219672152458181       4   0 0  0 4  0 0  0 0
   157  -.5263311500030508E-01   4   3 0  0 0  0 1  0 0
   158  -.2261009541844161       4   2 1  0 0  0 1  0 0
   159  -.2999459510764380       4   1 2  0 0  0 1  0 0
   160  -.1250726586548188       4   0 3  0 0  0 1  0 0
   161  0.1237550282438497E-03   4   2 0  1 0  0 1  0 0
   162  -.4254727725048232E-04   4   1 1  1 0  0 1  0 0
   163  -.2020915564703240E-03   4   0 2  1 0  0 1  0 0
   164  -.3481263417561724E-01   4   1 0  2 0  0 1  0 0
   165  -.8296952963317662E-02   4   0 1  2 0  0 1  0 0
   166  0.1058285231219801E-03   4   0 0  3 0  0 1  0 0
   167  -.1405884950867225E-03   4   2 0  0 1  0 1  0 0
   168  -.3746913863868136E-03   4   1 1  0 1  0 1  0 0
   169  -.2797415872914253E-03   4   0 2  0 1  0 1  0 0
   170  -.1350098999876231E-01   4   1 0  1 1  0 1  0 0
   171  0.6693932853049438E-01   4   0 1  1 1  0 1  0 0
   172  0.1157914872082462E-03   4   0 0  2 1  0 1  0 0
   173  0.3616859923591234E-01   4   1 0  0 2  0 1  0 0
   174  0.8416948344013757E-01   4   0 1  0 2  0 1  0 0
   175  -.2410887951826843E-03   4   0 0  1 2  0 1  0 0
   176  -.1843526022819717E-03   4   0 0  0 3  0 1  0 0
   177  -.1957040469062415E-01   4   3 0  0 0  0 0  1 0
   178  -.1107305129490217       4   2 1  0 0  0 0  1 0
   179  -.1736572083360004       4   1 2  0 0  0 0  1 0
   180  -.8058407492414203E-01   4   0 3  0 0  0 0  1 0
   181  0.6618875429019291E-04   4   2 0  1 0  0 0  1 0
   182  -.2103520977172284E-03   4   1 1  1 0  0 0  1 0
   183  -.2697380308023737E-03   4   0 2  1 0  0 0  1 0
   184  -.1051933924012104E-01   4   1 0  2 0  0 0  1 0
   185  -.9461289611195198E-02   4   0 1  2 0  0 0  1 0
   186  0.3411446500805294E-04   4   0 0  3 0  0 0  1 0
   187  -.1533884196963708E-03   4   2 0  0 1  0 0  1 0
   188  -.4867487280738434E-03   4   1 1  0 1  0 0  1 0
   189  -.3568978667238091E-03   4   0 2  0 1  0 0  1 0
   190  -.1759436551581834E-01   4   1 0  1 1  0 0  1 0
   191  0.2420838198355113E-01   4   0 1  1 1  0 0  1 0
   192  0.1888823487252144E-04   4   0 0  2 1  0 0  1 0
   193  0.1358384936902054E-01   4   1 0  0 2  0 0  1 0
   194  0.4711651060417330E-01   4   0 1  0 2  0 0  1 0
   195  -.2099587005542695E-03   4   0 0  1 2  0 0  1 0
   196  -.1467896288229692E-03   4   0 0  0 3  0 0  1 0
   197  0.7157519096537113E-01   4   3 0  0 0  0 0  0 1
   198  0.2201704671729406       4   2 1  0 0  0 0  0 1
   199  0.2212419575645892       4   1 2  0 0  0 0  0 1
   200  0.7306347399590507E-01   4   0 3  0 0  0 0  0 1
   201  -.1001188892835487E-03   4   2 0  1 0  0 0  0 1
   202  -.2020647371696325E-03   4   1 1  1 0  0 0  0 1
   203  -.6600629339412671E-04   4   0 2  1 0  0 0  0 1
   204  0.4500658030753430E-01   4   1 0  2 0  0 0  0 1
   205  0.1837315577685820E-01   4   0 1  2 0  0 0  0 1
   206  -.1008721502190848E-03   4   0 0  3 0  0 0  0 1
   207  -.7348652190118382E-04   4   2 0  0 1  0 0  0 1
   208  -.1863564815020183E-03   4   1 1  0 1  0 0  0 1
   209  -.7006650693355556E-04   4   0 2  0 1  0 0  0 1
   210  0.3496881306962105E-01   4   1 0  1 1  0 0  0 1
   211  -.5607089615414728E-02   4   0 1  1 1  0 0  0 1
   212  -.2343530695358958E-03   4   0 0  2 1  0 0  0 1
   213  -.4628390878092417E-02   4   1 0  0 2  0 0  0 1
   214  -.1991421863145189E-01   4   0 1  0 2  0 0  0 1
   215  -.1509040989390091E-03   4   0 0  1 2  0 0  0 1
   216  -.9477425449530665E-05   4   0 0  0 3  0 0  0 1
   217  -.1325288958744722       4   2 0  0 0  0 2  0 0
   218  -.5910845971166470       4   1 1  0 0  0 2  0 0
   219  -1.033048213849360       4   0 2  0 0  0 2  0 0
   220  -.1193444331107931E-04   4   1 0  1 0  0 2  0 0
   221  -.2974049010482098E-04   4   0 1  1 0  0 2  0 0
   222  -.1037173456502302       4   0 0  2 0  0 2  0 0
   223  -.3000784055189605E-04   4   1 0  0 1  0 2  0 0
   224  -.5174270119109926E-04   4   0 1  0 1  0 2  0 0
   225  -.9478791569795686E-01   4   0 0  1 1  0 2  0 0
   226  -.4027153805763551       4   0 0  0 2  0 2  0 0
   227  -.5704916588074764E-01   4   2 0  0 0  0 1  1 0
   228  -.3443613268861231       4   1 1  0 0  0 1  1 0
   229  -.6072730497539373       4   0 2  0 0  0 1  1 0
   230  -.4702888569479430E-05   4   1 0  1 0  0 1  1 0
   231  -.1553130688350233E-04   4   0 1  1 0  0 1  1 0
   232  -.3786283115690058E-01   4   0 0  2 0  0 1  1 0
   233  -.1583946341886170E-04   4   1 0  0 1  0 1  1 0
   234  -.3445227064773694E-04   4   0 1  0 1  0 1  1 0
   235  -.1134698947274509       4   0 0  1 1  0 1  1 0
   236  -.1734872656982739       4   0 0  0 2  0 1  1 0
   237  -.2855604703302412E-01   4   2 0  0 0  0 0  2 0
   238  -.1722303218688372       4   1 1  0 0  0 0  2 0
   239  -.3037178291375325       4   0 2  0 0  0 0  2 0
   240  -.2381294623342153E-05   4   1 0  1 0  0 0  2 0
   241  -.7794955574792258E-05   4   0 1  1 0  0 0  2 0
   242  -.1896288579873418E-01   4   0 0  2 0  0 0  2 0
   243  -.7943921569957141E-05   4   1 0  0 1  0 0  2 0
   244  -.1723098791857239E-04   4   0 1  0 1  0 0  2 0
   245  -.5668414056518271E-01   4   0 0  1 1  0 0  2 0
   246  -.8683916699795517E-01   4   0 0  0 2  0 0  2 0
   247  0.2180699563880824       4   2 0  0 0  0 1  0 1
   248  0.6886774338864610       4   1 1  0 0  0 1  0 1
   249  0.4850978727323331       4   0 2  0 0  0 1  0 1
   250  0.1152219851485652E-04   4   1 0  1 0  0 1  0 1
   251  0.2548797755051893E-04   4   0 1  1 0  0 1  0 1
   252  0.1605118573252117       4   0 0  2 0  0 1  0 1
   253  0.2576720131056133E-04   4   1 0  0 1  0 1  0 1
   254  0.3945473807565155E-04   4   0 1  0 1  0 1  0 1
   255  0.2269732407184512       4   0 0  1 1  0 1  0 1
   256  0.3092804880361296E-01   4   0 0  0 2  0 1  0 1
   257  0.7778966075005979E-01   4   2 0  0 0  0 0  1 1
   258  0.3223508940959676       4   1 1  0 0  0 0  1 1
   259  0.2734576616146907       4   0 2  0 0  0 0  1 1
   260  0.4020710610147374E-05   4   1 0  1 0  0 0  1 1
   261  0.1145621009608839E-04   4   0 1  1 0  0 0  1 1
   262  0.4903106901647204E-01   4   0 0  2 0  0 0  1 1
   263  0.1168182173679802E-04   4   1 0  0 1  0 0  1 1
   264  0.2071705505063041E-04   4   0 1  0 1  0 0  1 1
   265  0.1360546497681896       4   0 0  1 1  0 0  1 1
   266  0.3621855629668039E-01   4   0 0  0 2  0 0  1 1
   267  -.7773877204927979E-01   4   2 0  0 0  0 0  0 2
   268  -.1391216099134898       4   1 1  0 0  0 0  0 2
   269  -.6194349121153581E-01   4   0 2  0 0  0 0  0 2
   270  -.1745777120057291E-05   4   1 0  1 0  0 0  0 2
   271  -.1455533661431842E-05   4   0 1  1 0  0 0  0 2
   272  -.4899228660695408E-01   4   0 0  2 0  0 0  0 2
   273  -.1502657379051906E-05   4   1 0  0 1  0 0  0 2
   274  -.1249093033604591E-05   4   0 1  0 1  0 0  0 2
   275  -.9065631779516647E-01   4   0 0  1 1  0 0  0 2
   276  -.4159064235331031E-01   4   0 0  0 2  0 0  0 2
   277  -.1045661821729074E-03   4   1 0  0 0  0 3  0 0
   278  -.2020033725320272E-03   4   0 1  0 0  0 3  0 0
   279  -.2641435975691480E-04   4   0 0  1 0  0 3  0 0
   280  -.6402940086536113E-05   4   0 0  0 1  0 3  0 0
   281  -.5165698418600617E-04   4   1 0  0 0  0 2  1 0
   282  -.1001687800284328E-03   4   0 1  0 0  0 2  1 0
   283  -.9327879640822460E-05   4   0 0  1 0  0 2  1 0
   284  -.1255334246145385E-04   4   0 0  0 1  0 2  1 0
   285  -.3208959362184044E-04   4   1 0  0 0  0 1  2 0
   286  -.6231807211607156E-04   4   0 1  0 0  0 1  2 0
   287  -.5297879738694103E-05   4   0 0  1 0  0 1  2 0
   288  -.8950256400509212E-05   4   0 0  0 1  0 1  2 0
   289  -.1724443787374563E-04   4   1 0  0 0  0 0  3 0
   290  -.3343837735569738E-04   4   0 1  0 0  0 0  3 0
   291  -.3119321563494422E-05   4   0 0  1 0  0 0  3 0
   292  -.4177404733064314E-05   4   0 0  0 1  0 0  3 0
   293  0.9623227841236958E-04   4   1 0  0 0  0 2  0 1
   294  0.8970138561083012E-04   4   0 1  0 0  0 2  0 1
   295  0.2070706841831088E-04   4   0 0  1 0  0 2  0 1
   296  0.3643854521029651E-04   4   0 0  0 1  0 2  0 1
   297  0.4709517573366079E-04   4   1 0  0 0  0 1  1 1
   298  0.4829318939132746E-04   4   0 1  0 0  0 1  1 1
   299  0.5834799371016396E-05   4   0 0  1 0  0 1  1 1
   300  0.2510912622572446E-04   4   0 0  0 1  0 1  1 1
   301  0.2356467751915658E-04   4   1 0  0 0  0 0  2 1
   302  0.2415806451586868E-04   4   0 1  0 0  0 0  2 1
   303  0.2925465197082001E-05   4   0 0  1 0  0 0  2 1
   304  0.1255399931882865E-04   4   0 0  0 1  0 0  2 1
   305  -.5008766462294578E-05   4   1 0  0 0  0 1  0 2
   306  -.4339959386752212E-05   4   0 1  0 0  0 1  0 2
   307  0.1447615863830564E-05   4   0 0  1 0  0 1  0 2
   308  -.2093280114022544E-05   4   0 0  0 1  0 1  0 2
   309  -.3501046037860134E-05   4   1 0  0 0  0 0  1 2
   310  -.3120255378593645E-05   4   0 1  0 0  0 0  1 2
   311  0.9774690402117117E-06   4   0 0  1 0  0 0  1 2
   312  -.2470617423958468E-05   4   0 0  0 1  0 0  1 2
   313  0.1352385384837038E-07   4   1 0  0 0  0 0  0 3
   314  0.1013713592581063E-07   4   0 1  0 0  0 0  0 3
   315  0.4661922727669001E-08   4   0 0  1 0  0 0  0 3
   316  0.3525879308496027E-08   4   0 0  0 1  0 0  0 3
   317  -.1434727833898734       4   0 0  0 0  0 4  0 0
   318  0.8201284910125545E-01   4   0 0  0 0  0 3  1 0
   319  0.2462383846003992E-01   4   0 0  0 0  0 2  2 0
   320  0.1648163274718985E-01   4   0 0  0 0  0 1  3 0
   321  0.2035440580062715E-01   4   0 0  0 0  0 0  4 0
   322  0.2100835223571634E-08   4   0 0  0 0  0 3  0 1
   323  0.1802021484596238E-08   4   0 0  0 0  0 2  1 1
   324  0.1609808017993709E-08   4   0 0  0 0  0 1  2 1
   325  0.5236866817479619E-09   4   0 0  0 0  0 0  3 1
   326  -.1227665510045664E-10   4   0 0  0 0  0 2  0 2
   327  -.5683269338525979E-10   4   0 0  0 0  0 1  1 2
   328  -.8114546983200394E-11   4   0 0  0 0  0 0  2 2
   329  0.3608085695776980E-12   4   0 0  0 0  0 1  0 3
   330  -.5876903715876943E-12   4   0 0  0 0  0 0  1 3
   ----------------------------------------------------
     I  COEFFICIENT            ORDER EXPONENTS
     1   1.000000000000000       1   0 0  0 0  0 1  0 0
     --------------------------------------------------
     I  COEFFICIENT            ORDER EXPONENTS
     1   1.000000000000000       1   0 0  0 0  0 0  1 0
     --------------------------------------------------
     I  COEFFICIENT            ORDER EXPONENTS
     1   1.000000000000000       1   0 0  0 0  0 0  0 1
     --------------------------------------------------
