 L    0.1049906000000000E+01
 P (  0.0000000000000000E+00,  0.0000000000000000E+00,  0.0000000000000000E+00)
 A (  0.0000000000000000E+00,  0.0000000000000000E+00,  0.0000000000000000E+00)
     I  COEFFICIENT            ORDER EXPONENTS
     1  0.9110203871130748E-04   0   0 0  0 0  0 0  0 0
     2   1.308852984713120       1   1 0  0 0  0 0  0 0
     3   1.316547678926164       1   0 1  0 0  0 0  0 0
     4  0.9604215824935338E-05   1   0 0  1 0  0 0  0 0
     5  0.8159993066806313E-05   1   0 0  0 1  0 0  0 0
     6  0.8700960691245118E-06   1   0 0  0 0  0 1  0 0
     7  0.8689251348408160E-06   1   0 0  0 0  0 0  1 0
     8  -.1739021202912973E-05   1   0 0  0 0  0 0  0 1
     9  -.7346528035511321E-01   2   2 0  0 0  0 0  0 0
    10  -.1284135163886672       2   1 1  0 0  0 0  0 0
    11  -.5634255541505540E-01   2   0 2  0 0  0 0  0 0
    12  0.3889985902746561E-03   2   1 0  1 0  0 0  0 0
    13  0.1011510411363123E-03   2   0 1  1 0  0 0  0 0
    14  0.5979341266338205E-01   2   0 0  2 0  0 0  0 0
    15  0.3558313188919179E-03   2   1 0  0 1  0 0  0 0
    16  0.1210054992188024E-03   2   0 1  0 1  0 0  0 0
    17  0.1045444460715647       2   0 0  1 1  0 0  0 0
    18  0.4595512980002219E-01   2   0 0  0 2  0 0  0 0
    19  -.1613998111665603       2   1 0  0 0  0 1  0 0
    20  -.7976844603671929       2   0 1  0 0  0 1  0 0
    21  -.5139893133813518E-05   2   0 0  1 0  0 1  0 0
    22  -.8471282513522840E-05   2   0 0  0 1  0 1  0 0
    23  -.1611826069072016       2   1 0  0 0  0 0  1 0
    24  -.7966109742139965       2   0 1  0 0  0 0  1 0
    25  -.5132976107868774E-05   2   0 0  1 0  0 0  1 0
    26  -.8459882260753839E-05   2   0 0  0 1  0 0  1 0
    27  0.3225824180875881       2   1 0  0 0  0 0  0 1
    28  0.2777477556689033       2   0 1  0 0  0 0  0 1
    29  0.1027286255307402E-04   2   0 0  1 0  0 0  0 1
    30  0.8771165582737410E-05   2   0 0  0 1  0 0  0 1
    31  -.7390935391883405E-06   2   0 0  0 0  0 2  0 0
    32  -.6084265577419046E-06   2   0 0  0 0  0 1  1 0
    33  -.7376895061258997E-06   2   0 0  0 0  0 0  2 0
    34  0.1216456787666815E-05   2   0 0  0 0  0 1  0 1
    35  0.1214819737451750E-05   2   0 0  0 0  0 0  1 1
    36  -.3461228625695508E-06   2   0 0  0 0  0 0  0 2
    37   1.483057402679246       3   3 0  0 0  0 0  0 0
    38   6.309677450863927       3   2 1  0 0  0 0  0 0
    39   8.114857173663495       3   1 2  0 0  0 0  0 0
    40   3.929093251108058       3   0 3  0 0  0 0  0 0
    41  -.5929117083171713E-02   3   2 0  1 0  0 0  0 0
    42  -.1025014530802192E-01   3   1 1  1 0  0 0  0 0
    43  -.4432334859194155E-02   3   0 2  1 0  0 0  0 0
    44  -.6520690260340363       3   1 0  2 0  0 0  0 0
    45  0.6558212269216632       3   0 1  2 0  0 0  0 0
    46  0.1591609071560557E-02   3   0 0  3 0  0 0  0 0
    47  -.5170602390757070E-02   3   2 0  0 1  0 0  0 0
    48  -.8980941432959468E-02   3   1 1  0 1  0 0  0 0
    49  -.3897666130122876E-02   3   0 2  0 1  0 0  0 0
    50  -1.643247905101459       3   1 0  1 1  0 0  0 0
    51  0.4848877716840078       3   0 1  1 1  0 0  0 0
    52  0.4178937606346680E-02   3   0 0  2 1  0 0  0 0
    53  -.5972775757318375       3   1 0  0 2  0 0  0 0
    54  0.8897936793060950       3   0 1  0 2  0 0  0 0
    55  0.3687114895210110E-02   3   0 0  1 2  0 0  0 0
    56  0.1097427339694130E-02   3   0 0  0 3  0 0  0 0
    57  0.4198405204194505E-01   3   2 0  0 0  0 1  0 0
    58  0.1374663297221378       3   1 1  0 0  0 1  0 0
    59  0.8841307860862330E-01   3   0 2  0 0  0 1  0 0
    60  -.2329295587083311E-03   3   1 0  1 0  0 1  0 0
    61  -.1290370514502791E-03   3   0 1  1 0  0 1  0 0
    62  -.2821487980777139E-01   3   0 0  2 0  0 1  0 0
    63  -.4110278095169950E-03   3   1 0  0 1  0 1  0 0
    64  -.2265949376614405E-03   3   0 1  0 1  0 1  0 0
    65  -.1014812567674810       3   0 0  1 1  0 1  0 0
    66  -.6755033078546883E-01   3   0 0  0 2  0 1  0 0
    67  0.4192755188334687E-01   3   2 0  0 0  0 0  1 0
    68  0.1372813340141612       3   1 1  0 0  0 0  1 0
    69  0.8829409645419556E-01   3   0 2  0 0  0 0  1 0
    70  -.2326160930858127E-03   3   1 0  1 0  0 0  1 0
    71  -.1288633994677444E-03   3   0 1  1 0  0 0  1 0
    72  -.2817690955224741E-01   3   0 0  2 0  0 0  1 0
    73  -.4104746676620178E-03   3   1 0  0 1  0 0  1 0
    74  -.2262899968733862E-03   3   0 1  0 1  0 0  1 0
    75  -.1013446880747694       3   0 0  1 1  0 0  1 0
    76  -.6745942473383461E-01   3   0 0  0 2  0 0  1 0
    77  -.8391164692878864E-01   3   2 0  0 0  0 0  0 1
    78  -.1463342092528160       3   1 1  0 0  0 0  0 1
    79  -.6402208544094770E-01   3   0 2  0 0  0 0  0 1
    80  0.4651758543775471E-03   3   1 0  1 0  0 0  0 1
    81  0.1563709911364861E-03   3   0 1  1 0  0 0  0 1
    82  0.5639180231747586E-01   3   0 0  2 0  0 0  0 1
    83  0.4653004798616083E-03   3   1 0  0 1  0 0  0 1
    84  0.2104954297669968E-03   3   0 1  0 1  0 0  0 1
    85  0.9828150258302114E-01   3   0 0  1 1  0 0  0 1
    86  0.4309948979446222E-01   3   0 0  0 2  0 0  0 1
    87  0.1244999439938198       3   1 0  0 0  0 2  0 0
    88  0.6704701324514264       3   0 1  0 0  0 2  0 0
    89  0.4059188400168934E-05   3   0 0  1 0  0 2  0 0
    90  0.8748729631752960E-05   3   0 0  0 1  0 2  0 0
    91  0.8769922305505948E-01   3   1 0  0 0  0 1  1 0
    92  0.5435969722396453       3   0 1  0 0  0 1  1 0
    93  0.2918038436721616E-05   3   0 0  1 0  0 1  1 0
    94  0.8957742186881356E-05   3   0 0  0 1  0 1  1 0
    95  0.1242733870960395       3   1 0  0 0  0 0  2 0
    96  0.6692020717521350       3   0 1  0 0  0 0  2 0
    97  0.4051762256519667E-05   3   0 0  1 0  0 0  2 0
    98  0.8730928550123281E-05   3   0 0  0 1  0 0  2 0
    99  -.1752997503126419       3   1 0  0 0  0 1  0 1
   100  -.2891691563599189       3   0 1  0 0  0 1  0 1
   101  -.5779227533840184E-05   3   0 0  1 0  0 1  0 1
   102  -.9346780413184847E-05   3   0 0  0 1  0 1  0 1
   103  -.1750638401702617       3   1 0  0 0  0 0  1 1
   104  -.2887800061373591       3   0 1  0 0  0 0  1 1
   105  -.5771450121790684E-05   3   0 0  1 0  0 0  1 1
   106  -.9334201956603263E-05   3   0 0  0 1  0 0  1 1
   107  0.1389072908178516E-01   3   1 0  0 0  0 0  0 2
   108  0.1122697780807823E-01   3   0 1  0 0  0 0  0 2
   109  0.5767509099402324E-06   3   0 0  1 0  0 0  0 2
   110  0.5215686899219284E-06   3   0 0  0 1  0 0  0 2
   111  0.6746284431953162E-06   3   0 0  0 0  0 3  0 0
   112  0.5455451701290200E-06   3   0 0  0 0  0 2  1 0
   113  0.5458039087275185E-06   3   0 0  0 0  0 1  2 0
   114  0.6729000287854778E-06   3   0 0  0 0  0 0  3 0
   115  -.1091182544405861E-05   3   0 0  0 0  0 2  0 1
   116  -.9660720936175968E-06   3   0 0  0 0  0 1  1 1
   117  -.1089064035300719E-05   3   0 0  0 0  0 0  2 1
   118  0.3576233138154323E-06   3   0 0  0 0  0 1  0 2
   119  0.3571420412139358E-06   3   0 0  0 0  0 0  1 2
   120  -.7523030537039153E-08   3   0 0  0 0  0 0  0 3
   121  -8.213850074961627       4   4 0  0 0  0 0  0 0
   122  -29.85615881489079       4   3 1  0 0  0 0  0 0
   123  -40.93080000587929       4   2 2  0 0  0 0  0 0
   124  -25.13829948905188       4   1 3  0 0  0 0  0 0
   125  -5.845841837250663       4   0 4  0 0  0 0  0 0
   126  -.4709185072913779E-02   4   3 0  1 0  0 0  0 0
   127  -.1254198108788888E-01   4   2 1  1 0  0 0  0 0
   128  -.1165318547203137E-01   4   1 2  1 0  0 0  0 0
   129  -.3701209633182362E-02   4   0 3  1 0  0 0  0 0
   130   36.08188218616530       4   2 0  2 0  0 0  0 0
   131   62.75189073235302       4   1 1  2 0  0 0  0 0
   132   27.48934113309420       4   0 2  2 0  0 0  0 0
   133  0.2965236814913202E-02   4   1 0  3 0  0 0  0 0
   134  0.2971753798293037E-02   4   0 1  3 0  0 0  0 0
   135  -4.814145403416511       4   0 0  4 0  0 0  0 0
   136  -.4631452008797768E-02   4   3 0  0 1  0 0  0 0
   137  -.1226340864715304E-01   4   2 1  0 1  0 0  0 0
   138  -.1091792370340300E-01   4   1 2  0 1  0 0  0 0
   139  -.3256932114581273E-02   4   0 3  0 1  0 0  0 0
   140   64.19928858066261       4   2 0  1 1  0 0  0 0
   141   112.2871814898090       4   1 1  1 1  0 0  0 0
   142   49.51033459081593       4   0 2  1 1  0 0  0 0
   143  0.6828789442574631E-02   4   1 0  2 1  0 0  0 0
   144  0.6562128414001276E-02   4   0 1  2 1  0 0  0 0
   145  -16.63650945514981       4   0 0  3 1  0 0  0 0
   146   28.61796679543630       4   2 0  0 2  0 0  0 0
   147   50.27129147961783       4   1 1  0 2  0 0  0 0
   148   22.27984428593480       4   0 2  0 2  0 0  0 0
   149  0.5073025967649709E-02   4   1 0  1 2  0 0  0 0
   150  0.4623856584205251E-02   4   0 1  1 2  0 0  0 0
   151  -21.64251773790987       4   0 0  2 2  0 0  0 0
   152  0.1474316198249210E-02   4   1 0  0 3  0 0  0 0
   153  0.1217198501478293E-02   4   0 1  0 3  0 0  0 0
   154  -12.50709542569756       4   0 0  1 3  0 0  0 0
   155  -2.696503705408536       4   0 0  0 4  0 0  0 0
   156  -1.991766263768060       4   3 0  0 0  0 1  0 0
   157  -10.31195804713765       4   2 1  0 0  0 1  0 0
   158  -16.33791453390053       4   1 2  0 0  0 1  0 0
   159  -9.016844012480609       4   0 3  0 0  0 1  0 0
   160  -.6744344226311189E-03   4   2 0  1 0  0 1  0 0
   161  0.3317512063361519E-02   4   1 1  1 0  0 1  0 0
   162  0.3312852855344816E-02   4   0 2  1 0  0 1  0 0
   163  0.5314372384940261       4   1 0  2 0  0 1  0 0
   164  -.5135339641462542       4   0 1  2 0  0 1  0 0
   165  0.7746538937908524E-04   4   0 0  3 0  0 1  0 0
   166  0.1607335640889698E-02   4   2 0  0 1  0 1  0 0
   167  0.6649500834713976E-02   4   1 1  0 1  0 1  0 0
   168  0.4501035881278622E-02   4   0 2  0 1  0 1  0 0
   169   2.289114814828737       4   1 0  1 1  0 1  0 0
   170  -.2065535260150284       4   0 1  1 1  0 1  0 0
   171  -.1713765763149740E-02   4   0 0  2 1  0 1  0 0
   172   1.280452198555632       4   1 0  0 2  0 1  0 0
   173  -1.193718420048529       4   0 1  0 2  0 1  0 0
   174  -.3206911803368075E-02   4   0 0  1 2  0 1  0 0
   175  -.1465516534081851E-02   4   0 0  0 3  0 1  0 0
   176  -1.989085838599025       4   3 0  0 0  0 0  1 0
   177  -10.29808069998374       4   2 1  0 0  0 0  1 0
   178  -16.31592773850026       4   1 2  0 0  0 0  1 0
   179  -9.004709568757832       4   0 3  0 0  0 0  1 0
   180  -.6735268005701407E-03   4   2 0  1 0  0 0  1 0
   181  0.3313047511975562E-02   4   1 1  1 0  0 0  1 0
   182  0.3308394574101433E-02   4   0 2  1 0  0 0  1 0
   183  0.5307220553042387       4   1 0  2 0  0 0  1 0
   184  -.5128428743393140       4   0 1  2 0  0 0  1 0
   185  0.7736114010887641E-04   4   0 0  3 0  0 0  1 0
   186  0.1605172564335287E-02   4   2 0  0 1  0 0  1 0
   187  0.6640552249870721E-02   4   1 1  0 1  0 0  1 0
   188  0.4494978599316067E-02   4   0 2  0 1  0 0  1 0
   189   2.286034231993201       4   1 0  1 1  0 0  1 0
   190  -.2062755560142312       4   0 1  1 1  0 0  1 0
   191  -.1711459457952675E-02   4   0 0  2 1  0 0  1 0
   192   1.278729026332444       4   1 0  0 2  0 0  1 0
   193  -1.192111970056822       4   0 1  0 2  0 0  1 0
   194  -.3202596092599620E-02   4   0 0  1 2  0 0  1 0
   195  -.1463544310997686E-02   4   0 0  0 3  0 0  1 0
   196   3.979531508402514       4   3 0  0 0  0 0  0 1
   197   14.29628674022632       4   2 1  0 0  0 0  0 1
   198   16.41993284517521       4   1 2  0 0  0 0  0 1
   199   6.232831565007420       4   0 3  0 0  0 0  0 1
   200  0.5571598799305282E-03   4   2 0  1 0  0 0  0 1
   201  0.1235244535851601E-02   4   1 1  1 0  0 0  0 1
   202  0.6881668052461982E-03   4   0 2  1 0  0 0  0 1
   203  -1.060298502929458       4   1 0  2 0  0 0  0 1
   204  0.3724682422994070       4   0 1  2 0  0 0  0 1
   205  -.4089074433156698E-05   4   0 0  3 0  0 0  0 1
   206  0.6740109749164859E-03   4   2 0  0 1  0 0  0 1
   207  0.1421283769327889E-02   4   1 1  0 1  0 0  0 1
   208  0.7623904570833506E-03   4   0 2  0 1  0 0  0 1
   209  -2.928151901407495       4   1 0  1 1  0 0  0 1
   210  -.5531065619795095       4   0 1  1 1  0 0  0 1
   211  -.1979517897862873E-04   4   0 0  2 1  0 0  0 1
   212  -1.362745185045364       4   1 0  0 2  0 0  0 1
   213  -.2816289382285546       4   0 1  0 2  0 0  0 1
   214  -.9691204763583421E-05   4   0 0  1 2  0 0  0 1
   215  0.9494797949651176E-05   4   0 0  0 3  0 0  0 1
   216  -.3575054729346717E-01   4   2 0  0 0  0 2  0 0
   217  -.1480718425494039       4   1 1  0 0  0 2  0 0
   218  -.1168673047462193       4   0 2  0 0  0 2  0 0
   219  -.2256162674001946E-04   4   1 0  1 0  0 2  0 0
   220  0.1264530668204504E-03   4   0 1  1 0  0 2  0 0
   221  0.1993486667125942E-01   4   0 0  2 0  0 2  0 0
   222  0.3314720293081868E-03   4   1 0  0 1  0 2  0 0
   223  0.4133216364732761E-03   4   0 1  0 1  0 2  0 0
   224  0.9860677902461343E-01   4   0 0  1 1  0 2  0 0
   225  0.8273245241327513E-01   4   0 0  0 2  0 2  0 0
   226  -.2831632177120140E-01   4   2 0  0 0  0 1  1 0
   227  -.1558313563671438       4   1 1  0 0  0 1  1 0
   228  -.1434465563815405       4   0 2  0 0  0 1  1 0
   229  -.8733140368061694E-04   4   1 0  1 0  0 1  1 0
   230  0.1190858690038135E-03   4   0 1  1 0  0 1  1 0
   231  0.1213465090386181E-01   4   0 0  2 0  0 1  1 0
   232  0.3619627352848173E-03   4   1 0  0 1  0 1  1 0
   233  0.5128341749177355E-03   4   0 1  0 1  0 1  1 0
   234  0.9643611058149640E-01   4   0 0  1 1  0 1  1 0
   235  0.9821817248126508E-01   4   0 0  0 2  0 1  1 0
   236  -.3568338250611559E-01   4   2 0  0 0  0 0  2 0
   237  -.1477677191944241       4   1 1  0 0  0 0  2 0
   238  -.1166135084276685       4   0 2  0 0  0 0  2 0
   239  -.2247250112240215E-04   4   1 0  1 0  0 0  2 0
   240  0.1262027621676023E-03   4   0 1  1 0  0 0  2 0
   241  0.1989987414654095E-01   4   0 0  2 0  0 0  2 0
   242  0.3307823936776729E-03   4   1 0  0 1  0 0  2 0
   243  0.4124203336623003E-03   4   0 1  0 1  0 0  2 0
   244  0.9840918908220672E-01   4   0 0  1 1  0 0  2 0
   245  0.8255502628403125E-01   4   0 0  0 2  0 0  2 0
   246  0.5522459619457913E-01   4   2 0  0 0  0 1  0 1
   247  0.1700430450536240       4   1 1  0 0  0 1  0 1
   248  0.1066731053711242       4   0 2  0 0  0 1  0 1
   249  0.6250895248257257E-04   4   1 0  1 0  0 1  0 1
   250  -.6202437936863876E-04   4   0 1  1 0  0 1  0 1
   251  -.2469219180364542E-01   4   0 0  2 0  0 1  0 1
   252  -.2503465932723363E-03   4   1 0  0 1  0 1  0 1
   253  -.2529308907274285E-03   4   0 1  0 1  0 1  0 1
   254  -.9199804777527924E-01   4   0 0  1 1  0 1  0 1
   255  -.6183823272833723E-01   4   0 0  0 2  0 1  0 1
   256  0.5515027753566600E-01   4   2 0  0 0  0 0  1 1
   257  0.1698142091374421       4   1 1  0 0  0 0  1 1
   258  0.1065295497332448       4   0 2  0 0  0 0  1 1
   259  0.6242483088026667E-04   4   1 0  1 0  0 0  1 1
   260  -.6194090988199205E-04   4   0 1  1 0  0 0  1 1
   261  -.2465896221561888E-01   4   0 0  2 0  0 0  1 1
   262  -.2500096886255365E-03   4   1 0  0 1  0 0  1 1
   263  -.2525905082549074E-03   4   0 1  0 1  0 0  1 1
   264  -.9187424113830116E-01   4   0 0  1 1  0 0  1 1
   265  -.6175501374906638E-01   4   0 0  0 2  0 0  1 1
   266  -.1164257777234327E-01   4   2 0  0 0  0 0  0 2
   267  -.1999998093416981E-01   4   1 1  0 0  0 0  0 2
   268  -.8581823948327856E-02   4   0 2  0 0  0 0  0 2
   269  -.6602395920817299E-04   4   1 0  1 0  0 0  0 2
   270  -.6181935950376734E-04   4   0 1  1 0  0 0  0 2
   271  -.3053815538028188E-02   4   0 0  2 0  0 0  0 2
   272  -.5108487749648108E-04   4   1 0  0 1  0 0  0 2
   273  -.4840536054806710E-04   4   0 1  0 1  0 0  0 2
   274  -.5655339728303173E-02   4   0 0  1 1  0 0  0 2
   275  -.2590133075067431E-02   4   0 0  0 2  0 0  0 2
   276  -.1060855698322889       4   1 0  0 0  0 3  0 0
   277  -.6083301071135986       4   0 1  0 0  0 3  0 0
   278  -.6854017003090815E-05   4   0 0  1 0  0 3  0 0
   279  -.1250793093066871E-04   4   0 0  0 1  0 3  0 0
   280  -.6927638826865730E-01   4   1 0  0 0  0 2  1 0
   281  -.4841247685464525       4   0 1  0 0  0 2  1 0
   282  -.4483668013130729E-05   4   0 0  1 0  0 2  1 0
   283  -.1190897493785593E-04   4   0 0  0 1  0 2  1 0
   284  -.6935040417181251E-01   4   1 0  0 0  0 1  2 0
   285  -.4843738405079435       4   0 1  0 0  0 1  2 0
   286  -.4488434249611383E-05   4   0 0  1 0  0 1  2 0
   287  -.1191015002922960E-04   4   0 0  0 1  0 1  2 0
   288  -.1058248708035100       4   1 0  0 0  0 0  3 0
   289  -.6067767971106180       4   0 1  0 0  0 0  3 0
   290  -.6837168397370229E-05   4   0 0  1 0  0 0  3 0
   291  -.1247467958522770E-04   4   0 0  0 1  0 0  3 0
   292  0.1385231126668580       4   1 0  0 0  0 2  0 1
   293  0.2976936481576959       4   0 1  0 0  0 2  0 1
   294  0.7981970408662420E-05   4   0 0  1 0  0 2  0 1
   295  0.1318607324102627E-04   4   0 0  0 1  0 2  0 1
   296  0.1018431249759423       4   1 0  0 0  0 1  1 1
   297  0.3061926721481391       4   0 1  0 0  0 1  1 1
   298  0.5607927598906214E-05   4   0 0  1 0  0 1  1 1
   299  0.1261558113629916E-04   4   0 0  0 1  0 1  1 1
   300  0.1382681669512516       4   1 0  0 0  0 0  2 1
   301  0.2970869962419115       4   0 1  0 0  0 0  2 1
   302  0.7967455206728565E-05   4   0 0  1 0  0 0  2 1
   303  0.1315983931782581E-04   4   0 0  0 1  0 0  2 1
   304  -.1414021194975642E-01   4   1 0  0 0  0 1  0 2
   305  -.1703152521839127E-01   4   0 1  0 0  0 1  0 2
   306  -.2633351299529790E-09   4   0 0  1 0  0 1  0 2
   307  -.2252039106621079E-06   4   0 0  0 1  0 1  0 2
   308  -.1412118271891841E-01   4   1 0  0 0  0 0  1 2
   309  -.1700860499441924E-01   4   0 1  0 0  0 0  1 2
   310  -.2629807459079235E-09   4   0 0  1 0  0 0  1 2
   311  -.2249008418525951E-06   4   0 0  0 1  0 0  1 2
   312  0.1599224977020000E-03   4   1 0  0 0  0 0  0 3
   313  0.1196938909259169E-03   4   0 1  0 0  0 0  0 3
   314  0.1104909028722643E-07   4   0 0  1 0  0 0  0 3
   315  0.8327262013631076E-08   4   0 0  0 1  0 0  0 3
   316  -.3060614828630638E-04   4   0 0  0 0  0 4  0 0
   317  -.2064390550837038E-04   4   0 0  0 0  0 3  1 0
   318  -.1932450969229587E-04   4   0 0  0 0  0 2  2 0
   319  -.2067236497057250E-04   4   0 0  0 0  0 1  3 0
   320  -.3050993606608351E-04   4   0 0  0 0  0 0  4 0
   321  0.5060087170290449E-05   4   0 0  0 0  0 3  0 1
   322  0.6012360264382904E-05   4   0 0  0 0  0 2  1 1
   323  0.6010424231894194E-05   4   0 0  0 0  0 1  2 1
   324  0.5045832604995860E-05   4   0 0  0 0  0 0  3 1
   325  -.3520423939963647E-07   4   0 0  0 0  0 2  0 2
   326  -.4895587135933129E-07   4   0 0  0 0  0 1  1 2
   327  -.3512392194110565E-07   4   0 0  0 0  0 0  2 2
   328  -.1523418558499529E-08   4   0 0  0 0  0 1  0 3
   329  -.1521368413599729E-08   4   0 0  0 0  0 0  1 3
   330  -.7417222961617654E-15   4   0 0  0 0  0 0  0 4
   ----------------------------------------------------
     I  COEFFICIENT            ORDER EXPONENTS
     1  0.4021058067726117E-04   0   0 0  0 0  0 0  0 0
     2   2.645107121036895       1   1 0  0 0  0 0  0 0
     3   3.424685348929968       1   0 1  0 0  0 0  0 0
     4  0.7567318949218425E-04   1   0 0  1 0  0 0  0 0
     5  0.6961627441325508E-04   1   0 0  0 1  0 0  0 0
     6  0.1573234927415415E-05   1   0 0  0 0  0 1  0 0
     7  0.1571117741993993E-05   1   0 0  0 0  0 0  1 0
     8  0.3706622801579505E-04   1   0 0  0 0  0 0  0 1
     9  -.6948588350579146       2   2 0  0 0  0 0  0 0
    10  -1.272951326013688       2   1 1  0 0  0 0  0 0
    11  -.5860816422906582       2   0 2  0 0  0 0  0 0
    12  0.2919431554067628E-02   2   1 0  1 0  0 0  0 0
    13  0.2122408421813133E-02   2   0 1  1 0  0 0  0 0
    14  0.4622061373338447       2   0 0  2 0  0 0  0 0
    15  0.2634423129859601E-02   2   1 0  0 1  0 0  0 0
    16  0.1962684001102350E-02   2   0 1  0 1  0 0  0 0
    17  0.8472115832214939       2   0 0  1 1  0 0  0 0
    18  0.3920788273874294       2   0 0  0 2  0 0  0 0
    19  -.1469657074522455       2   1 0  0 0  0 1  0 0
    20  -1.337586924765365       2   0 1  0 0  0 1  0 0
    21  -.4078300523087309E-05   2   0 0  1 0  0 1  0 0
    22  -.3880533036634696E-04   2   0 0  0 1  0 1  0 0
    23  -.1467679279294092       2   1 0  0 0  0 0  1 0
    24  -1.335786863320303       2   0 1  0 0  0 0  1 0
    25  -.4072812138446936E-05   2   0 0  1 0  0 0  1 0
    26  -.3875310798157178E-04   2   0 0  0 1  0 0  1 0
    27   2.938840756570614       2   1 0  0 0  0 0  0 1
    28   2.673373788239234       2   0 1  0 0  0 0  0 1
    29  0.8382416203572506E-04   2   0 0  1 0  0 0  0 1
    30  0.7755830045496056E-04   2   0 0  0 1  0 0  0 1
    31  -.1242588288166725E-05   2   0 0  0 0  0 2  0 0
    32  -.9128250836130100E-06   2   0 0  0 0  0 1  1 0
    33  -.1240301852920265E-05   2   0 0  0 0  0 0  2 0
    34  0.3398000399378352E-05   2   0 0  0 0  0 1  0 1
    35  0.3393427530583502E-05   2   0 0  0 0  0 0  1 1
    36  -.3395713601031710E-05   2   0 0  0 0  0 0  0 2
    37  -10.45728785720148       3   3 0  0 0  0 0  0 0
    38  -30.45290172125214       3   2 1  0 0  0 0  0 0
    39  -30.74791548237216       3   1 2  0 0  0 0  0 0
    40  -9.448574997805691       3   0 3  0 0  0 0  0 0
    41  -.5436470936521539E-01   3   2 0  1 0  0 0  0 0
    42  -.9882367793355386E-01   3   1 1  1 0  0 0  0 0
    43  -.4514125822008348E-01   3   0 2  1 0  0 0  0 0
    44  -14.31135830974773       3   1 0  2 0  0 0  0 0
    45  -11.36751739098873       3   0 1  2 0  0 0  0 0
    46  0.1191111501047358E-01   3   0 0  3 0  0 0  0 0
    47  -.5134973047403876E-01   3   2 0  0 1  0 0  0 0
    48  -.9418818720510048E-01   3   1 1  0 1  0 0  0 0
    49  -.4337137444994713E-01   3   0 2  0 1  0 0  0 0
    50  -30.32230881116738       3   1 0  1 1  0 0  0 0
    51  -25.22772864454519       3   0 1  1 1  0 0  0 0
    52  0.3252271747709325E-01   3   0 0  2 1  0 0  0 0
    53  -14.12766196320047       3   1 0  0 2  0 0  0 0
    54  -10.85283385684090       3   0 1  0 2  0 0  0 0
    55  0.2989786128604503E-01   3   0 0  1 2  0 0  0 0
    56  0.9291286254270534E-02   3   0 0  0 3  0 0  0 0
    57  0.1070311137356837       3   2 0  0 0  0 1  0 0
    58  0.8276822440554119       3   1 1  0 0  0 1  0 0
    59  0.6714473710875742       3   0 2  0 0  0 1  0 0
    60  -.1208313685762947E-02   3   1 0  1 0  0 1  0 0
    61  -.1997418598233219E-02   3   0 1  1 0  0 1  0 0
    62  0.1622358541554747E-01   3   0 0  2 0  0 1  0 0
    63  -.2590944285426758E-02   3   1 0  0 1  0 1  0 0
    64  -.3001167053821842E-02   3   0 1  0 1  0 1  0 0
    65  -.3898519189091636       3   0 0  1 1  0 1  0 0
    66  -.3751681461905775       3   0 0  0 2  0 1  0 0
    67  0.1068870763070192       3   2 0  0 0  0 0  1 0
    68  0.8265683882986719       3   1 1  0 0  0 0  1 0
    69  0.6705437688597812       3   0 2  0 0  0 0  1 0
    70  -.1206687594150505E-02   3   1 0  1 0  0 0  1 0
    71  -.1994730566418799E-02   3   0 1  1 0  0 0  1 0
    72  0.1620175247888608E-01   3   0 0  2 0  0 0  1 0
    73  -.2587457514714410E-02   3   1 0  0 1  0 0  1 0
    74  -.2997128224640921E-02   3   0 1  0 1  0 0  1 0
    75  -.3893272745697805       3   0 0  1 1  0 0  1 0
    76  -.3746632625804963       3   0 0  0 2  0 0  1 0
    77  -.9087793972800845       3   2 0  0 0  0 0  0 1
    78  -1.654254617394137       3   1 1  0 0  0 0  0 1
    79  -.7559111670317665       3   0 2  0 0  0 0  0 1
    80  0.5330811778041302E-02   3   1 0  1 0  0 0  0 1
    81  0.3988475035716953E-02   3   0 1  1 0  0 0  0 1
    82  0.4297822787844026       3   0 0  2 0  0 0  0 1
    83  0.5174476497889728E-02   3   1 0  0 1  0 0  0 1
    84  0.4031582739944865E-02   3   0 1  0 1  0 0  0 1
    85  0.7791816834323485       3   0 0  1 1  0 0  0 1
    86  0.3577536202200399       3   0 0  0 2  0 0  0 1
    87  0.1129812743020398       3   1 0  0 0  0 2  0 0
    88   1.067486962836105       3   0 1  0 0  0 2  0 0
    89  0.2814047334691239E-05   3   0 0  1 0  0 2  0 0
    90  0.3084093210805716E-04   3   0 0  0 1  0 2  0 0
    91  0.7908770842566823E-01   3   1 0  0 0  0 1  1 0
    92  0.7981112911244280       3   0 1  0 0  0 1  1 0
    93  0.1549264120157014E-05   3   0 0  1 0  0 1  1 0
    94  0.2290168927050822E-04   3   0 0  0 1  0 1  1 0
    95  0.1127760131723454       3   1 0  0 0  0 0  2 0
    96   1.065513358909482       3   0 1  0 0  0 0  2 0
    97  0.2809217859092548E-05   3   0 0  1 0  0 0  2 0
    98  0.3078401782805774E-04   3   0 0  0 1  0 0  2 0
    99  -.3050496121939735       3   1 0  0 0  0 1  0 1
   100  -1.595497756376492       3   0 1  0 0  0 1  0 1
   101  -.7265871296902204E-05   3   0 0  1 0  0 1  0 1
   102  -.4585181183545871E-04   3   0 0  0 1  0 1  0 1
   103  -.3046390908023705       3   1 0  0 0  0 0  1 1
   104  -1.593350610689163       3   0 1  0 0  0 0  1 1
   105  -.7256093229739414E-05   3   0 0  1 0  0 0  1 1
   106  -.4579010662801149E-04   3   0 0  0 1  0 0  1 1
   107  0.3048439803559292       3   1 0  0 0  0 0  0 2
   108  0.2577369835134219       3   0 1  0 0  0 0  0 2
   109  0.7299467831594961E-05   3   0 0  1 0  0 0  0 2
   110  0.7098077703516969E-05   3   0 0  0 1  0 0  0 2
   111  0.1077268605385010E-05   3   0 0  0 0  0 3  0 0
   112  0.7483084451698709E-06   3   0 0  0 0  0 2  1 0
   113  0.7489695673074287E-06   3   0 0  0 0  0 1  2 0
   114  0.1074591159212161E-05   3   0 0  0 0  0 0  3 0
   115  -.2740635200728736E-05   3   0 0  0 0  0 2  0 1
   116  -.2085639999859079E-05   3   0 0  0 0  0 1  1 1
   117  -.2735543605027869E-05   3   0 0  0 0  0 0  2 1
   118  0.2085930505726552E-05   3   0 0  0 0  0 1  0 2
   119  0.2083123358758883E-05   3   0 0  0 0  0 0  1 2
   120  -.2579344603874827E-06   3   0 0  0 0  0 0  0 3
   121  -72.36028006245247       4   4 0  0 0  0 0  0 0
   122  -268.2203676429190       4   3 1  0 0  0 0  0 0
   123  -374.3882840001752       4   2 2  0 0  0 0  0 0
   124  -233.8102856587275       4   1 3  0 0  0 0  0 0
   125  -55.24631723847894       4   0 4  0 0  0 0  0 0
   126  -.3674419342614257E-01   4   3 0  1 0  0 0  0 0
   127  -.9762506505620372E-01   4   2 1  1 0  0 0  0 0
   128  -.8690931016048764E-01   4   1 2  1 0  0 0  0 0
   129  -.2479323326394466E-01   4   0 3  1 0  0 0  0 0
   130   302.7947350716464       4   2 0  2 0  0 0  0 0
   131   546.1153246074501       4   1 1  2 0  0 0  0 0
   132   247.5624713718155       4   0 2  2 0  0 0  0 0
   133  0.2905795435508380E-01   4   1 0  3 0  0 0  0 0
   134  0.2796497531605056E-01   4   0 1  3 0  0 0  0 0
   135  -35.43058963677464       4   0 0  4 0  0 0  0 0
   136  -.3454418887368447E-01   4   3 0  0 1  0 0  0 0
   137  -.9292802432834020E-01   4   2 1  0 1  0 0  0 0
   138  -.8252430207441619E-01   4   1 2  0 1  0 0  0 0
   139  -.2334652655174273E-01   4   0 3  0 1  0 0  0 0
   140   567.4663944067169       4   2 0  1 1  0 0  0 0
   141   1031.117411150119       4   1 1  1 1  0 0  0 0
   142   471.2774315699015       4   0 2  1 1  0 0  0 0
   143  0.8396793595687922E-01   4   1 0  2 1  0 0  0 0
   144  0.8101924662732932E-01   4   0 1  2 1  0 0  0 0
   145  -128.0492524475874       4   0 0  3 1  0 0  0 0
   146   267.7452924227639       4   2 0  0 2  0 0  0 0
   147   489.4601273914956       4   1 1  0 2  0 0  0 0
   148   225.2183151602789       4   0 2  0 2  0 0  0 0
   149  0.8093360472670490E-01   4   1 0  1 2  0 0  0 0
   150  0.7912399062981948E-01   4   0 1  1 2  0 0  0 0
   151  -175.1675059787226       4   0 0  2 2  0 0  0 0
   152  0.2729741441196101E-01   4   1 0  0 3  0 0  0 0
   153  0.2697921728943947E-01   4   0 1  0 3  0 0  0 0
   154  -107.1108452163448       4   0 0  1 3  0 0  0 0
   155  -24.61154733908113       4   0 0  0 4  0 0  0 0
   156   7.950741952805255       4   3 0  0 0  0 1  0 0
   157   37.99557894536608       4   2 1  0 0  0 1  0 0
   158   52.49543089946830       4   1 2  0 0  0 1  0 0
   159   21.03610511598997       4   0 3  0 0  0 1  0 0
   160  -.5006853315932849E-02   4   2 0  1 0  0 1  0 0
   161  0.3388203041108573E-01   4   1 1  1 0  0 1  0 0
   162  0.3488819268520666E-01   4   0 2  1 0  0 1  0 0
   163   5.115674349261385       4   1 0  2 0  0 1  0 0
   164   9.301125693085357       4   0 1  2 0  0 1  0 0
   165  0.1054326747174148E-02   4   0 0  3 0  0 1  0 0
   166  0.1670694512244388E-01   4   2 0  0 1  0 1  0 0
   167  0.7107079410032180E-01   4   1 1  0 1  0 1  0 0
   168  0.5113130155140384E-01   4   0 2  0 1  0 1  0 0
   169   27.07961515380103       4   1 0  1 1  0 1  0 0
   170   34.47734738494897       4   0 1  1 1  0 1  0 0
   171  -.1107598682361243E-01   4   0 0  2 1  0 1  0 0
   172   20.51716854779949       4   1 0  0 2  0 1  0 0
   173   21.44306223949853       4   0 1  0 2  0 1  0 0
   174  -.2275874512380828E-01   4   0 0  1 2  0 1  0 0
   175  -.1092565398557096E-01   4   0 0  0 3  0 1  0 0
   176   7.940042218990532       4   3 0  0 0  0 0  1 0
   177   37.94444628589056       4   2 1  0 0  0 0  1 0
   178   52.42478502258726       4   1 2  0 0  0 0  1 0
   179   21.00779571712197       4   0 3  0 0  0 0  1 0
   180  -.5000115328705096E-02   4   2 0  1 0  0 0  1 0
   181  0.3383643357136323E-01   4   1 1  1 0  0 0  1 0
   182  0.3484124179971442E-01   4   0 2  1 0  0 0  1 0
   183   5.108789915815553       4   1 0  2 0  0 0  1 0
   184   9.288608676474494       4   0 1  2 0  0 0  1 0
   185  0.1052907883926498E-02   4   0 0  3 0  0 0  1 0
   186  0.1668446170306915E-01   4   2 0  0 1  0 0  1 0
   187  0.7097515037507206E-01   4   1 1  0 1  0 0  1 0
   188  0.5106249145551065E-01   4   0 2  0 1  0 0  1 0
   189   27.04317268394514       4   1 0  1 1  0 0  1 0
   190   34.43094939569944       4   0 1  1 1  0 0  1 0
   191  -.1106108128253839E-01   4   0 0  2 1  0 0  1 0
   192   20.48955750930853       4   1 0  0 2  0 0  1 0
   193   21.41420517691314       4   0 1  0 2  0 0  1 0
   194  -.2272811747720316E-01   4   0 0  1 2  0 0  1 0
   195  -.1091095075534542E-01   4   0 0  0 3  0 0  1 0
   196  -26.35617750642199       4   3 0  0 0  0 0  0 1
   197  -75.96578736916702       4   2 1  0 0  0 0  0 1
   198  -74.19975296776929       4   1 2  0 0  0 0  0 1
   199  -23.15654949569198       4   0 3  0 0  0 0  0 1
   200  0.4526183388488110E-03   4   2 0  1 0  0 0  0 1
   201  0.9653073487656409E-03   4   1 1  1 0  0 0  0 1
   202  0.5158746736872931E-03   4   0 2  1 0  0 0  0 1
   203  -24.51886138141792       4   1 0  2 0  0 0  0 1
   204  -18.57286456279920       4   0 1  2 0  0 0  0 1
   205  -.6838877016786729E-03   4   0 0  3 0  0 0  0 1
   206  0.6021557208695710E-03   4   2 0  0 1  0 0  0 1
   207  0.1061510070026139E-02   4   1 1  0 1  0 0  0 1
   208  0.5212449872734452E-03   4   0 2  0 1  0 0  0 1
   209  -54.08655933838342       4   1 0  1 1  0 0  0 1
   210  -43.64394195545317       4   0 1  1 1  0 0  0 1
   211  -.2075505659324971E-02   4   0 0  2 1  0 0  0 1
   212  -26.85948145256086       4   1 0  0 2  0 0  0 1
   213  -21.13155652738590       4   0 1  0 2  0 0  0 1
   214  -.2065330526334992E-02   4   0 0  1 2  0 0  0 1
   215  -.6327201975486632E-03   4   0 0  0 3  0 0  0 1
   216  -.8473793728523153E-01   4   2 0  0 0  0 2  0 0
   217  -.7221327460812440       4   1 1  0 0  0 2  0 0
   218  -.7371462774642296       4   0 2  0 0  0 2  0 0
   219  -.5708845740295711E-03   4   1 0  1 0  0 2  0 0
   220  0.6413742557954378E-03   4   0 1  1 0  0 2  0 0
   221  -.1004712995218536E-01   4   0 0  2 0  0 2  0 0
   222  0.1030167772197702E-02   4   1 0  0 1  0 2  0 0
   223  0.2363647070279952E-02   4   0 1  0 1  0 2  0 0
   224  0.2795372456226758       4   0 0  1 1  0 2  0 0
   225  0.3642272867095456       4   0 0  0 2  0 2  0 0
   226  -.6418596946824798E-01   4   2 0  0 0  0 1  1 0
   227  -.6211804364259728       4   1 1  0 0  0 1  1 0
   228  -.8050697186795224       4   0 2  0 0  0 1  1 0
   229  -.6858842682459678E-03   4   1 0  1 0  0 1  1 0
   230  0.7313221946645116E-03   4   0 1  1 0  0 1  1 0
   231  -.3552714674827818E-02   4   0 0  2 0  0 1  1 0
   232  0.1144144783445449E-02   4   1 0  0 1  0 1  1 0
   233  0.3200792018547456E-02   4   0 1  0 1  0 1  1 0
   234  0.1696809057930176       4   0 0  1 1  0 1  1 0
   235  0.3533154562028947       4   0 0  0 2  0 1  1 0
   236  -.8458071173642824E-01   4   2 0  0 0  0 0  2 0
   237  -.7207429561864425       4   1 1  0 0  0 0  2 0
   238  -.7356125483016278       4   0 2  0 0  0 0  2 0
   239  -.5696547891129014E-03   4   1 0  1 0  0 0  2 0
   240  0.6400190350771319E-03   4   0 1  1 0  0 0  2 0
   241  -.1003121846021270E-01   4   0 0  2 0  0 0  2 0
   242  0.1028011552896062E-02   4   1 0  0 1  0 0  2 0
   243  0.2358312447922466E-02   4   0 1  0 1  0 0  2 0
   244  0.2790468832885349       4   0 0  1 1  0 0  2 0
   245  0.3634993891476410       4   0 0  0 2  0 0  2 0
   246  0.2360150630233934       4   2 0  0 0  0 1  0 1
   247   1.245144207287220       4   1 1  0 0  0 1  0 1
   248  0.9410223353971912       4   0 2  0 0  0 1  0 1
   249  0.9180942566966566E-03   4   1 0  1 0  0 1  0 1
   250  -.1050902966263289E-02   4   0 1  1 0  0 1  0 1
   251  0.2345501129987364E-01   4   0 0  2 0  0 1  0 1
   252  -.1478368578330096E-02   4   1 0  0 1  0 1  0 1
   253  -.2880350149302947E-02   4   0 1  0 1  0 1  0 1
   254  -.3382550328994003       4   0 0  1 1  0 1  0 1
   255  -.3310704287334146       4   0 0  0 2  0 1  0 1
   256  0.2356974450745813       4   2 0  0 0  0 0  1 1
   257   1.243468550894664       4   1 1  0 0  0 0  1 1
   258  0.9397559518870575       4   0 2  0 0  0 0  1 1
   259  0.9168587287142787E-03   4   1 0  1 0  0 0  1 1
   260  -.1049488710578632E-02   4   0 1  1 0  0 0  1 1
   261  0.2342344665106233E-01   4   0 0  2 0  0 0  1 1
   262  -.1476379059570478E-02   4   1 0  0 1  0 0  1 1
   263  -.2876473909818214E-02   4   0 1  0 1  0 0  1 1
   264  -.3377998252175317       4   0 0  1 1  0 0  1 1
   265  -.3306248897532338       4   0 0  0 2  0 0  1 1
   266  -.2382089439162186       4   2 0  0 0  0 0  0 2
   267  -.4229997623894766       4   1 1  0 0  0 0  0 2
   268  -.1876974872168780       4   0 2  0 0  0 0  0 2
   269  -.9640684243295352E-05   4   1 0  1 0  0 0  0 2
   270  -.4514152467416780E-04   4   0 1  1 0  0 0  0 2
   271  -.2324684236906620E-01   4   0 0  2 0  0 0  0 2
   272  -.8839763672927908E-05   4   1 0  0 1  0 0  0 2
   273  -.3705611440226150E-04   4   0 1  0 1  0 0  0 2
   274  -.5180366406115926E-01   4   0 0  1 1  0 0  0 2
   275  -.2715955170179157E-01   4   0 0  0 2  0 0  0 2
   276  -.9605183092355776E-01   4   1 0  0 0  0 3  0 0
   277  -.9337103667942004       4   0 1  0 0  0 3  0 0
   278  -.4093781456491241E-05   4   0 0  1 0  0 3  0 0
   279  -.3233192315700939E-04   4   0 0  0 1  0 3  0 0
   280  -.6216200840412129E-01   4   1 0  0 0  0 2  1 0
   281  -.6662757754222297       4   0 1  0 0  0 2  1 0
   282  -.2060656209691559E-05   4   0 0  1 0  0 2  1 0
   283  -.2234779420890631E-04   4   0 0  0 1  0 2  1 0
   284  -.6223015846096752E-01   4   1 0  0 0  0 1  2 0
   285  -.6668130902308516       4   0 1  0 0  0 1  2 0
   286  -.2064749214831307E-05   4   0 0  1 0  0 1  2 0
   287  -.2236786063207772E-04   4   0 0  0 1  0 1  2 0
   288  -.9581616693829056E-01   4   1 0  0 0  0 0  3 0
   289  -.9313778348815519       4   0 1  0 0  0 0  3 0
   290  -.4084132933224149E-05   4   0 0  1 0  0 0  3 0
   291  -.3225163996113828E-04   4   0 0  0 1  0 0  3 0
   292  0.2372779446343799       4   1 0  0 0  0 2  0 1
   293   1.332359781617507       4   0 1  0 0  0 2  0 1
   294  0.5362639113107354E-05   4   0 0  1 0  0 2  0 1
   295  0.4113303491859126E-04   4   0 0  0 1  0 2  0 1
   296  0.1696486411563005       4   1 0  0 0  0 1  1 1
   297   1.069887749672087       4   0 1  0 0  0 1  1 1
   298  0.3149621340747001E-05   4   0 0  1 0  0 1  1 1
   299  0.3167949648421682E-04   4   0 0  0 1  0 1  1 1
   300  0.2368444745860096       4   1 0  0 0  0 0  2 1
   301   1.329846852359621       4   0 1  0 0  0 0  2 1
   302  0.5353303020139375E-05   4   0 0  1 0  0 0  2 1
   303  0.4105636363204774E-04   4   0 0  0 1  0 0  2 1
   304  -.1695315377696965       4   1 0  0 0  0 1  0 2
   305  -.2717552876098054       4   0 1  0 0  0 1  0 2
   306  -.1168816152976834E-05   4   0 0  1 0  0 1  0 2
   307  -.3813616361923859E-05   4   0 0  0 1  0 1  0 2
   308  -.1693033902159069       4   1 0  0 0  0 0  1 2
   309  -.2713895721511186       4   0 1  0 0  0 0  1 2
   310  -.1167243215282422E-05   4   0 0  1 0  0 0  1 2
   311  -.3808484176753342E-05   4   0 0  0 1  0 0  1 2
   312  0.1132430552839015E-01   4   1 0  0 0  0 0  0 3
   313  0.9218300823172385E-02   4   0 1  0 0  0 0  0 3
   314  0.7239668965721551E-06   4   0 0  1 0  0 0  0 3
   315  0.5929552420506872E-06   4   0 0  0 1  0 0  0 3
   316  -.3358078093485624E-04   4   0 0  0 0  0 4  0 0
   317  -.2140652471350326E-04   4   0 0  0 0  0 3  1 0
   318  -.1979542076800300E-04   4   0 0  0 0  0 2  2 0
   319  -.2144131892465326E-04   4   0 0  0 0  0 1  3 0
   320  -.3347605292652804E-04   4   0 0  0 0  0 0  4 0
   321  0.4119559759892241E-04   4   0 0  0 0  0 3  0 1
   322  0.2889153777230631E-04   4   0 0  0 0  0 2  1 1
   323  0.2891626319709346E-04   4   0 0  0 0  0 1  2 1
   324  0.4109302473553227E-04   4   0 0  0 0  0 0  3 1
   325  -.3259352279473397E-05   4   0 0  0 0  0 2  0 2
   326  -.3945395529616919E-05   4   0 0  0 0  0 1  1 2
   327  -.3252311233101502E-05   4   0 0  0 0  0 0  2 2
   328  0.2960650618859269E-07   4   0 0  0 0  0 1  0 3
   329  0.2956666314787036E-07   4   0 0  0 0  0 0  1 3
   330  0.1150806979317699E-12   4   0 0  0 0  0 0  0 4
   ----------------------------------------------------
     I  COEFFICIENT            ORDER EXPONENTS
     1  -.7312320226887889E-05   0   0 0  0 0  0 0  0 0
     2  0.9358163596830284E-05   1   1 0  0 0  0 0  0 0
     3  0.7982335856133607E-05   1   0 1  0 0  0 0  0 0
     4  0.7179505018142044       1   0 0  1 0  0 0  0 0
     5  0.8049835341533426       1   0 0  0 1  0 0  0 0
     6  -.1112993087402953E-04   1   0 0  0 0  0 1  0 0
     7  -.1111495273759470E-04   1   0 0  0 0  0 0  1 0
     8  0.2224488361186049E-04   1   0 0  0 0  0 0  0 1
     9  0.2241503589148381E-03   2   2 0  0 0  0 0  0 0
    10  0.4068235384401738E-03   2   1 1  0 0  0 0  0 0
    11  0.2066637594038028E-03   2   0 2  0 0  0 0  0 0
    12  0.1217512322243846       2   1 0  1 0  0 0  0 0
    13  0.1062637380060734       2   0 1  1 0  0 0  0 0
    14  -.1631513830860741E-03   2   0 0  2 0  0 0  0 0
    15  0.1076996675555092       2   1 0  0 1  0 0  0 0
    16  0.9445079379245060E-01   2   0 1  0 1  0 0  0 0
    17  -.2065323786320275E-03   2   0 0  1 1  0 0  0 0
    18  -.2625998825803515E-04   2   0 0  0 2  0 0  0 0
    19  -.4849042131125700E-05   2   1 0  0 0  0 1  0 0
    20  -.8147974831048397E-05   2   0 1  0 0  0 1  0 0
    21  0.1345805504761394       2   0 0  1 0  0 1  0 0
    22  -.2855271956776425       2   0 0  0 1  0 1  0 0
    23  -.4842516518753043E-05   2   1 0  0 0  0 0  1 0
    24  -.8137009670521494E-05   2   0 1  0 0  0 0  1 0
    25  0.1343994383138701       2   0 0  1 0  0 0  1 0
    26  -.2851429466341303       2   0 0  0 1  0 0  1 0
    27  0.9691552295026203E-05   2   1 0  0 0  0 0  0 1
    28  0.8302642330684006E-05   2   0 1  0 0  0 0  0 1
    29  -.2689799888003296       2   0 0  1 0  0 0  0 1
    30  -.2343133918513916       2   0 0  0 1  0 0  0 1
    31  0.8101620805760928E-05   2   0 0  0 0  0 2  0 0
    32  0.5081443551074738E-05   2   0 0  0 0  0 1  1 0
    33  0.8087298842592198E-05   2   0 0  0 0  0 0  2 0
    34  -.1015475937098732E-04   2   0 0  0 0  0 1  0 1
    35  -.1014109357440310E-04   2   0 0  0 0  0 0  1 1
    36  -.9745103808953410E-06   2   0 0  0 0  0 0  0 2
    37  -.2063113867748348E-02   3   3 0  0 0  0 0  0 0
    38  -.5385641010442490E-02   3   2 1  0 0  0 0  0 0
    39  -.4695688816305833E-02   3   1 2  0 0  0 0  0 0
    40  -.1363070912616231E-02   3   0 3  0 0  0 0  0 0
    41  -1.001360314774155       3   2 0  1 0  0 0  0 0
    42  -2.113925582858351       3   1 1  1 0  0 0  0 0
    43  -1.333640109900068       3   0 2  1 0  0 0  0 0
    44  0.4931227432239813E-02   3   1 0  2 0  0 0  0 0
    45  0.4297425387134806E-02   3   0 1  2 0  0 0  0 0
    46  0.9046179554242269E-01   3   0 0  3 0  0 0  0 0
    47  -2.081981668564003       3   2 0  0 1  0 0  0 0
    48  -3.833074045373694       3   1 1  0 1  0 0  0 0
    49  -1.588879506502335       3   0 2  0 1  0 0  0 0
    50  0.8695769155455850E-02   3   1 0  1 1  0 0  0 0
    51  0.7618736599348793E-02   3   0 1  1 1  0 0  0 0
    52  -.7076140348292120E-01   3   0 0  2 1  0 0  0 0
    53  0.3870610623504172E-02   3   1 0  0 2  0 0  0 0
    54  0.3413265118467919E-02   3   0 1  0 2  0 0  0 0
    55  -.6751719270394686       3   0 0  1 2  0 0  0 0
    56  -.8340519790334937E-01   3   0 0  0 3  0 0  0 0
    57  -.1620151086083911E-03   3   2 0  0 0  0 1  0 0
    58  -.5096702189572329E-03   3   1 1  0 0  0 1  0 0
    59  -.3599835526578721E-03   3   0 2  0 0  0 1  0 0
    60  -.5801645940215706E-01   3   1 0  1 0  0 1  0 0
    61  -.1035777867795730       3   0 1  1 0  0 1  0 0
    62  0.3641557826233526E-04   3   0 0  2 0  0 1  0 0
    63  -.1057506216929037       3   1 0  0 1  0 1  0 0
    64  -.1397994799403770       3   0 1  0 1  0 1  0 0
    65  0.1908069579558213E-03   3   0 0  1 1  0 1  0 0
    66  0.6298454928671478E-04   3   0 0  0 2  0 1  0 0
    67  -.1617970763107331E-03   3   2 0  0 0  0 0  1 0
    68  -.5089843287964856E-03   3   1 1  0 0  0 0  1 0
    69  -.3594991037581423E-03   3   0 2  0 0  0 0  1 0
    70  -.5793838358531469E-01   3   1 0  1 0  0 0  1 0
    71  -.1034383966755770       3   0 1  1 0  0 0  1 0
    72  0.3636657189331649E-04   3   0 0  2 0  0 0  1 0
    73  -.1056083074900836       3   1 0  0 1  0 0  1 0
    74  -.1396113443887946       3   0 1  0 1  0 0  1 0
    75  0.1905501789442250E-03   3   0 0  1 1  0 0  1 0
    76  0.6289978764864396E-04   3   0 0  0 2  0 0  1 0
    77  0.3235802564584229E-03   3   2 0  0 0  0 0  0 1
    78  0.6113653891397980E-03   3   1 1  0 0  0 0  0 1
    79  0.3059203570886448E-03   3   0 2  0 0  0 0  0 1
    80  0.1159548405488911       3   1 0  1 0  0 0  0 1
    81  0.1007524267774449       3   0 1  1 0  0 0  0 1
    82  -.7265330371621830E-04   3   0 0  2 0  0 0  0 1
    83  0.1036592370604603       3   1 0  0 1  0 0  0 1
    84  0.9050920078145472E-01   3   0 1  0 1  0 0  0 1
    85  -.1745713786006296E-03   3   0 0  1 1  0 0  0 1
    86  -.7324105463599740E-04   3   0 0  0 2  0 0  0 1
    87  0.3717083181501704E-05   3   1 0  0 0  0 2  0 0
    88  0.8253624971042390E-05   3   0 1  0 0  0 2  0 0
    89  -.9768305803432055E-01   3   0 0  1 0  0 2  0 0
    90  0.1580642562692596       3   0 0  0 1  0 2  0 0
    91  0.2603240814147490E-05   3   1 0  0 0  0 1  1 0
    92  0.8382196983242584E-05   3   0 1  0 0  0 1  1 0
    93  -.6088469086981751E-01   3   0 0  1 0  0 1  1 0
    94  0.3094383041806318E-01   3   0 0  0 1  0 1  1 0
    95  0.3710329246735481E-05   3   1 0  0 0  0 0  2 0
    96  0.8236877448688217E-05   3   0 1  0 0  0 0  2 0
    97  -.9751063290467282E-01   3   0 0  1 0  0 0  2 0
    98  0.1578307194681606       3   0 0  0 1  0 0  2 0
    99  -.5231460609697601E-05   3   1 0  0 0  0 1  0 1
   100  -.8653567622877220E-05   3   0 1  0 0  0 1  0 1
   101  0.1216704368469467       3   0 0  1 0  0 1  0 1
   102  0.2239821405854721       3   0 0  0 1  0 1  0 1
   103  -.5224420356559251E-05   3   1 0  0 0  0 0  1 1
   104  -.8641922059398851E-05   3   0 1  0 0  0 0  1 1
   105  0.1215066985071673       3   0 0  1 0  0 0  1 1
   106  0.2236807159765850       3   0 0  0 1  0 0  1 1
   107  0.4073531854384192E-06   3   1 0  0 0  0 0  0 2
   108  0.3921780460102508E-06   3   0 1  0 0  0 0  0 2
   109  0.1290138015422761E-01   3   0 0  1 0  0 0  0 2
   110  0.1048190869778828E-01   3   0 0  0 1  0 0  0 2
   111  -.6590164451994162E-05   3   0 0  0 0  0 3  0 0
   112  -.3568888956531712E-05   3   0 0  0 0  0 2  1 0
   113  -.3574969889108911E-05   3   0 0  0 0  0 1  2 0
   114  -.6574463171360084E-05   3   0 0  0 0  0 0  3 0
   115  0.7135350946963625E-05   3   0 0  0 0  0 2  0 1
   116  0.4123922360905910E-05   3   0 0  0 0  0 1  1 1
   117  0.7122973637756869E-05   3   0 0  0 0  0 0  2 1
   118  0.9577402262127835E-06   3   0 0  0 0  0 1  0 2
   119  0.9564513445530816E-06   3   0 0  0 0  0 0  1 2
   120  0.1162823101103122E-07   3   0 0  0 0  0 0  0 3
   121  -.1083684148900074E-02   4   4 0  0 0  0 0  0 0
   122  -.3878388051777107E-02   4   3 1  0 0  0 0  0 0
   123  -.5310120121228493E-02   4   2 2  0 0  0 0  0 0
   124  -.3104511607649078E-02   4   1 3  0 0  0 0  0 0
   125  -.5994424373425246E-03   4   0 4  0 0  0 0  0 0
   126   24.77197127637915       4   3 0  1 0  0 0  0 0
   127   65.83369507169452       4   2 1  1 0  0 0  0 0
   128   58.64024687423514       4   1 2  1 0  0 0  0 0
   129   17.55641465512615       4   0 3  1 0  0 0  0 0
   130  0.3397293385650852E-02   4   2 0  2 0  0 0  0 0
   131  0.5444323402477519E-02   4   1 1  2 0  0 0  0 0
   132  0.2086958550827613E-02   4   0 2  2 0  0 0  0 0
   133  -19.66050675457588       4   1 0  3 0  0 0  0 0
   134  -16.91632386571940       4   0 1  3 0  0 0  0 0
   135  -.1512473083254188E-02   4   0 0  4 0  0 0  0 0
   136   22.37143898524516       4   3 0  0 1  0 0  0 0
   137   59.71673664632991       4   2 1  0 1  0 0  0 0
   138   53.47940490867735       4   1 2  0 1  0 0  0 0
   139   16.11064827549004       4   0 3  0 1  0 0  0 0
   140  0.6076244333326875E-02   4   2 0  1 1  0 0  0 0
   141  0.1002528148127810E-01   4   1 1  1 1  0 0  0 0
   142  0.3709137322509162E-02   4   0 2  1 1  0 0  0 0
   143  -52.22818573877213       4   1 0  2 1  0 0  0 0
   144  -45.16693929496006       4   0 1  2 1  0 0  0 0
   145  -.5054047443274538E-02   4   0 0  3 1  0 0  0 0
   146  0.2573049800260322E-02   4   2 0  0 2  0 0  0 0
   147  0.4565550415324205E-02   4   1 1  0 2  0 0  0 0
   148  0.1811064795690255E-02   4   0 2  0 2  0 0  0 0
   149  -46.35721763134225       4   1 0  1 2  0 0  0 0
   150  -40.23400669657529       4   0 1  1 2  0 0  0 0
   151  -.6258294816200964E-02   4   0 0  2 2  0 0  0 0
   152  -13.69072860147532       4   1 0  0 3  0 0  0 0
   153  -11.90677822161760       4   0 1  0 3  0 0  0 0
   154  -.3652551988002169E-02   4   0 0  1 3  0 0  0 0
   155  -.8340946017284412E-03   4   0 0  0 4  0 0  0 0
   156  -.2558828058687528E-03   4   3 0  0 0  0 1  0 0
   157  0.1613817251934950E-02   4   2 1  0 0  0 1  0 0
   158  0.3343177310296443E-02   4   1 2  0 0  0 1  0 0
   159  0.1511051308738126E-02   4   0 3  0 0  0 1  0 0
   160   1.052969982198261       4   2 0  1 0  0 1  0 0
   161   3.227016739641784       4   1 1  1 0  0 1  0 0
   162   2.530162040447855       4   0 2  1 0  0 1  0 0
   163  0.3938949010950803E-03   4   1 0  2 0  0 1  0 0
   164  -.1628385839919177E-02   4   0 1  2 0  0 1  0 0
   165  0.1278604073194923       4   0 0  3 0  0 1  0 0
   166   2.599347908361676       4   2 0  0 1  0 1  0 0
   167   6.810067102228814       4   1 1  0 1  0 1  0 0
   168   3.950455820637591       4   0 2  0 1  0 1  0 0
   169  -.3126204589026238E-02   4   1 0  1 1  0 1  0 0
   170  -.6204227699801318E-02   4   0 1  1 1  0 1  0 0
   171  0.1698870819174562       4   0 0  2 1  0 1  0 0
   172  -.3106069427399928E-02   4   1 0  0 2  0 1  0 0
   173  -.4285399928422089E-02   4   0 1  0 2  0 1  0 0
   174  0.7542978630125655       4   0 0  1 2  0 1  0 0
   175  0.2406796033018356       4   0 0  0 3  0 1  0 0
   176  -.2555384508479551E-03   4   3 0  0 0  0 0  1 0
   177  0.1611645452733863E-02   4   2 1  0 0  0 0  1 0
   178  0.3338678219830729E-02   4   1 2  0 0  0 0  1 0
   179  0.1509017807100205E-02   4   0 3  0 0  0 0  1 0
   180   1.051552944820972       4   2 0  1 0  0 0  1 0
   181   3.222673972597608       4   1 1  1 0  0 0  1 0
   182   2.526757067616229       4   0 2  1 0  0 0  1 0
   183  0.3933648159008101E-03   4   1 0  2 0  0 0  1 0
   184  -.1626194434998980E-02   4   0 1  2 0  0 0  1 0
   185  0.1276883388091751       4   0 0  3 0  0 0  1 0
   186   2.595849828449623       4   2 0  0 1  0 0  1 0
   187   6.800902434869978       4   1 1  0 1  0 0  1 0
   188   3.945139483372711       4   0 2  0 1  0 0  1 0
   189  -.3121997490223242E-02   4   1 0  1 1  0 0  1 0
   190  -.6195878342558049E-02   4   0 1  1 1  0 0  1 0
   191  0.1696584558891140       4   0 0  2 1  0 0  1 0
   192  -.3101889425548515E-02   4   1 0  0 2  0 0  1 0
   193  -.4279632839162319E-02   4   0 1  0 2  0 0  1 0
   194  0.7532827644973500       4   0 0  1 2  0 0  1 0
   195  0.2403557080345480       4   0 0  0 3  0 0  1 0
   196  0.1988428519488926E-03   4   3 0  0 0  0 0  0 1
   197  0.7122469740476722E-03   4   2 1  0 0  0 0  0 1
   198  0.8124855168532976E-03   4   1 2  0 0  0 0  0 1
   199  0.3039455705978900E-03   4   0 3  0 0  0 0  0 1
   200  -2.102163537218000       4   2 0  1 0  0 0  0 1
   201  -4.331065750019706       4   1 1  1 0  0 0  0 1
   202  -2.387286966098229       4   0 2  1 0  0 0  0 1
   203  -.1703039738042150E-03   4   1 0  2 0  0 0  0 1
   204  -.1543902707024822E-03   4   0 1  2 0  0 0  0 1
   205  -.2559895648102710       4   0 0  3 0  0 0  0 1
   206  -3.110859692459906       4   2 0  0 1  0 0  0 1
   207  -5.940098082111567       4   1 1  0 1  0 0  0 1
   208  -3.126578564260943       4   0 2  0 1  0 0  0 1
   209  -.4485700169298546E-03   4   1 0  1 1  0 0  0 1
   210  -.4022145014305465E-03   4   0 1  1 1  0 0  0 1
   211  -.2700954544700606       4   0 0  2 1  0 0  0 1
   212  -.2340379160047913E-03   4   1 0  0 2  0 0  0 1
   213  -.2038956772712143E-03   4   0 1  0 2  0 0  0 1
   214  -.1585282611967642       4   0 0  1 2  0 0  0 1
   215  -.2312396922703984       4   0 0  0 3  0 0  0 1
   216  -.1049906732613119E-03   4   2 0  0 0  0 2  0 0
   217  0.8231605643596559E-04   4   1 1  0 0  0 2  0 0
   218  0.2325150347871016E-03   4   0 2  0 0  0 2  0 0
   219  0.4223438663166057E-01   4   1 0  1 0  0 2  0 0
   220  0.1020098671039367       4   0 1  1 0  0 2  0 0
   221  -.1587196516453891E-04   4   0 0  2 0  0 2  0 0
   222  0.1044030034444318       4   1 0  0 1  0 2  0 0
   223  0.1731305977826346       4   0 1  0 1  0 2  0 0
   224  -.2890415753842664E-03   4   0 0  1 1  0 2  0 0
   225  -.1845642339939413E-03   4   0 0  0 2  0 2  0 0
   226  -.1283770901995197E-03   4   2 0  0 0  0 1  1 0
   227  0.1222372127010122E-03   4   1 1  0 0  0 1  1 0
   228  0.3408412589391475E-03   4   0 2  0 0  0 1  1 0
   229  0.2628017858884134E-01   4   1 0  1 0  0 1  1 0
   230  0.9998682187676830E-01   4   0 1  1 0  0 1  1 0
   231  0.2955120116138706E-04   4   0 0  2 0  0 1  1 0
   232  0.1028937994313823       4   1 0  0 1  0 1  1 0
   233  0.2060925758154389       4   0 1  0 1  0 1  1 0
   234  -.2300387634964291E-03   4   0 0  1 1  0 1  1 0
   235  -.1951837500878550E-03   4   0 0  0 2  0 1  1 0
   236  -.1047629998423819E-03   4   2 0  0 0  0 0  2 0
   237  0.8212302882666326E-04   4   1 1  0 0  0 0  2 0
   238  0.2319727829598461E-03   4   0 2  0 0  0 0  2 0
   239  0.4215986627166801E-01   4   1 0  1 0  0 0  2 0
   240  0.1018053082560138       4   0 1  1 0  0 0  2 0
   241  -.1587048972875169E-04   4   0 0  2 0  0 0  2 0
   242  0.1041932679897105       4   1 0  0 1  0 0  2 0
   243  0.1727589319456384       4   0 1  0 1  0 0  2 0
   244  -.2884978091909040E-03   4   0 0  1 1  0 0  2 0
   245  -.1841845215998770E-03   4   0 0  0 2  0 0  2 0
   246  0.9090670513876296E-04   4   2 0  0 0  0 1  0 1
   247  -.1009235087467095E-03   4   1 1  0 0  0 1  0 1
   248  -.1718830291429679E-03   4   0 2  0 0  0 1  0 1
   249  -.5224332096797037E-01   4   1 0  1 0  0 1  0 1
   250  -.9557389202286994E-01   4   0 1  1 0  0 1  0 1
   251  -.5569241328669886E-04   4   0 0  2 0  0 1  0 1
   252  -.9975104295723436E-01   4   1 0  0 1  0 1  0 1
   253  -.1322158489835571       4   0 1  0 1  0 1  0 1
   254  0.3573364206155849E-04   4   0 0  1 1  0 1  0 1
   255  0.1092086779857911E-03   4   0 0  0 2  0 1  0 1
   256  0.9078436717927181E-04   4   2 0  0 0  0 0  1 1
   257  -.1007876906449984E-03   4   1 1  0 0  0 0  1 1
   258  -.1716517170629139E-03   4   0 2  0 0  0 0  1 1
   259  -.5217301436875420E-01   4   1 0  1 0  0 0  1 1
   260  -.9544527318322703E-01   4   0 1  1 0  0 0  1 1
   261  -.5561746506159017E-04   4   0 0  2 0  0 0  1 1
   262  -.9961680270472641E-01   4   1 0  0 1  0 0  1 1
   263  -.1320379191251120       4   0 1  0 1  0 0  1 1
   264  0.3568555341014017E-04   4   0 0  1 1  0 0  1 1
   265  0.1090617100937844E-03   4   0 0  0 2  0 0  1 1
   266  -.1753739495311524E-06   4   2 0  0 0  0 0  0 2
   267  -.3160844986770573E-06   4   1 1  0 0  0 0  0 2
   268  -.1315391357015022E-06   4   0 2  0 0  0 0  0 2
   269  -.6068509076286293E-02   4   1 0  1 0  0 0  0 2
   270  -.5752495111021460E-02   4   0 1  1 0  0 0  0 2
   271  0.7835474386539723E-04   4   0 0  2 0  0 0  0 2
   272  -.4239534568456981E-02   4   1 0  0 1  0 0  0 2
   273  -.4121138261652190E-02   4   0 1  0 1  0 0  0 2
   274  0.1459466846999247E-03   4   0 0  1 1  0 0  0 2
   275  0.6762446899055757E-04   4   0 0  0 2  0 0  0 2
   276  -.7019524138781394E-05   4   1 0  0 0  0 3  0 0
   277  -.1234725822342935E-04   4   0 1  0 0  0 3  0 0
   278  0.7926989272787487E-01   4   0 0  1 0  0 3  0 0
   279  -.9567012368878212E-01   4   0 0  0 1  0 3  0 0
   280  -.4793334904163154E-05   4   1 0  0 0  0 2  1 0
   281  -.1172559768148227E-04   4   0 1  0 0  0 2  1 0
   282  0.4246467278317016E-01   4   0 0  1 0  0 2  1 0
   283  0.2903332912301927E-01   4   0 0  0 1  0 2  1 0
   284  -.4797809685923979E-05   4   1 0  0 0  0 1  2 0
   285  -.1172681904130649E-04   4   0 1  0 0  0 1  2 0
   286  0.4253875353611479E-01   4   0 0  1 0  0 1  2 0
   287  0.2878185897361333E-01   4   0 0  0 1  0 1  2 0
   288  -.7002133348565109E-05   4   1 0  0 0  0 0  3 0
   289  -.1231445444051292E-04   4   0 1  0 0  0 0  3 0
   290  0.7908134127098483E-01   4   0 0  1 0  0 0  3 0
   291  -.9549651084244480E-01   4   0 0  0 1  0 0  3 0
   292  0.8232870797331952E-05   4   1 0  0 0  0 2  0 1
   293  0.1298313207939351E-04   4   0 1  0 0  0 2  0 1
   294  -.8490140278234129E-01   4   0 0  1 0  0 2  0 1
   295  -.2162079735083619       4   0 0  0 1  0 2  0 1
   296  0.6027424971558363E-05   4   1 0  0 0  0 1  1 1
   297  0.1240169344702228E-04   4   0 1  0 0  0 1  1 1
   298  -.4822993189724965E-01   4   0 0  1 0  0 1  1 1
   299  -.2084530439644463       4   0 0  0 1  0 1  1 1
   300  0.8217735675655122E-05   4   1 0  0 0  0 0  2 1
   301  0.1295731518486867E-04   4   0 1  0 0  0 0  2 1
   302  -.8475469369106679E-01   4   0 0  1 0  0 0  2 1
   303  -.2157767478658857       4   0 0  0 1  0 0  2 1
   304  -.7559453870267602E-07   4   1 0  0 0  0 1  0 2
   305  -.2208468812393291E-06   4   0 1  0 0  0 1  0 2
   306  -.1265661489035333E-01   4   0 0  1 0  0 1  0 2
   307  -.1554158777232008E-01   4   0 0  0 1  0 1  0 2
   308  -.7549280713509943E-07   4   1 0  0 0  0 0  1 2
   309  -.2205496759146737E-06   4   0 1  0 0  0 0  1 2
   310  -.1263958221451950E-01   4   0 0  1 0  0 0  1 2
   311  -.1552067263594577E-01   4   0 0  0 1  0 0  1 2
   312  0.1200131780702497E-07   4   1 0  0 0  0 0  0 3
   313  0.9149270242329570E-08   4   0 1  0 0  0 0  0 3
   314  -.1690674228074002E-03   4   0 0  1 0  0 0  0 3
   315  -.1280146807589258E-03   4   0 0  0 1  0 0  0 3
   316  0.6653412978036723E-05   4   0 0  0 0  0 4  0 0
   317  0.2810626840049555E-05   4   0 0  0 0  0 3  1 0
   318  0.2302301869814021E-05   4   0 0  0 0  0 2  2 0
   319  0.2821627156366848E-05   4   0 0  0 0  0 1  3 0
   320  0.6633623695512510E-05   4   0 0  0 0  0 0  4 0
   321  0.1590312993796194E-05   4   0 0  0 0  0 3  0 1
   322  0.1862579713815136E-05   4   0 0  0 0  0 2  1 1
   323  0.1862025788028254E-05   4   0 0  0 0  0 1  2 1
   324  0.1585851143930861E-05   4   0 0  0 0  0 0  3 1
   325  0.1799991668009926E-07   4   0 0  0 0  0 2  0 2
   326  0.2608548083592309E-07   4   0 0  0 0  0 1  1 2
   327  0.1795814093516708E-07   4   0 0  0 0  0 0  2 2
   328  -.4415325167231623E-09   4   0 0  0 0  0 1  0 3
   329  -.4409383230708630E-09   4   0 0  0 0  0 0  1 3
   330  0.3016868308686272E-14   4   0 0  0 0  0 0  0 4
   ----------------------------------------------------
     I  COEFFICIENT            ORDER EXPONENTS
     1  0.1898932742560409E-03   0   0 0  0 0  0 0  0 0
     2  0.7519313107613754E-04   1   1 0  0 0  0 0  0 0
     3  0.6960060453166442E-04   1   0 1  0 0  0 0  0 0
     4  -2.100407054731929       1   0 0  1 0  0 0  0 0
     5  -.9621737047290722       1   0 0  0 1  0 0  0 0
     6  0.1012134445152129E-04   1   0 0  0 0  0 1  0 0
     7  0.1010772362316084E-04   1   0 0  0 0  0 0  1 0
     8  0.1696642061799770E-03   1   0 0  0 0  0 0  0 1
     9  0.1289699310096562E-02   2   2 0  0 0  0 0  0 0
    10  0.2309282469803644E-02   2   1 1  0 0  0 0  0 0
    11  0.1101374920893268E-02   2   0 2  0 0  0 0  0 0
    12  0.8884633469613324       2   1 0  1 0  0 0  0 0
    13  0.8138284073670380       2   0 1  1 0  0 0  0 0
    14  0.7651761675062062E-03   2   0 0  2 0  0 0  0 0
    15  0.8442518731444154       2   1 0  0 1  0 0  0 0
    16  0.7785739094914081       2   0 1  0 1  0 0  0 0
    17  0.1881387383088405E-02   2   0 0  1 1  0 0  0 0
    18  0.9925046086380631E-03   2   0 0  0 2  0 0  0 0
    19  -.5095017280568876E-05   2   1 0  0 0  0 1  0 0
    20  -.3975488605123171E-04   2   0 1  0 0  0 1  0 0
    21  -.1259773189980899       2   0 0  1 0  0 1  0 0
    22  0.8744384661098790       2   0 0  0 1  0 1  0 0
    23  -.5088160646432500E-05   2   1 0  0 0  0 0  1 0
    24  -.3970138579916684E-04   2   0 1  0 0  0 0  1 0
    25  -.1258077846592879       2   0 0  1 0  0 0  1 0
    26  0.8732616880330463       2   0 0  0 1  0 0  1 0
    27  0.8537611419856524E-04   2   1 0  0 0  0 0  0 1
    28  0.7945608063647970E-04   2   0 1  0 0  0 0  0 1
    29  -1.848621951168176       2   0 0  1 0  0 0  0 1
    30  -1.747700154244763       2   0 0  0 1  0 0  0 1
    31  -.7401117121941891E-05   2   0 0  0 0  0 2  0 0
    32  -.4688175456059126E-05   2   0 0  0 0  0 1  1 0
    33  -.7388002484526342E-05   2   0 0  0 0  0 0  2 0
    34  0.1949036242792816E-04   2   0 0  0 0  0 1  0 1
    35  0.1946413321672162E-04   2   0 0  0 0  0 0  1 1
    36  -.1947723021932869E-04   2   0 0  0 0  0 0  0 2
    37  -.1938875686018031E-01   3   3 0  0 0  0 0  0 0
    38  -.5444059855981602E-01   3   2 1  0 0  0 0  0 0
    39  -.5116691919395362E-01   3   1 2  0 0  0 0  0 0
    40  -.1605834152167104E-01   3   0 3  0 0  0 0  0 0
    41  -20.73671169738062       3   2 0  1 0  0 0  0 0
    42  -40.04093987924931       3   1 1  1 0  0 0  0 0
    43  -20.04653000059851       3   0 2  1 0  0 0  0 0
    44  0.3377989535890283E-01   3   1 0  2 0  0 0  0 0
    45  0.3064615624976891E-01   3   0 1  2 0  0 0  0 0
    46  -3.116386880637553       3   0 0  3 0  0 0  0 0
    47  -18.51142415993554       3   2 0  0 1  0 0  0 0
    48  -36.53202373475769       3   1 1  0 1  0 0  0 0
    49  -19.62376647923204       3   0 2  0 1  0 0  0 0
    50  0.6358539458853116E-01   3   1 0  1 1  0 0  0 0
    51  0.5801677640896489E-01   3   0 1  1 1  0 0  0 0
    52  -9.918296773491200       3   0 0  2 1  0 0  0 0
    53  0.3023755449729180E-01   3   1 0  0 2  0 0  0 0
    54  0.2778457440865184E-01   3   0 1  0 2  0 0  0 0
    55  -9.246348674805230       3   0 0  1 2  0 0  0 0
    56  -3.515260207031292       3   0 0  0 3  0 0  0 0
    57  -.7690887330934948E-03   3   2 0  0 0  0 1  0 0
    58  -.2640316633973715E-02   3   1 1  0 0  0 1  0 0
    59  -.1800977762465522E-02   3   0 2  0 0  0 1  0 0
    60  0.6554261337712512E-01   3   1 0  1 0  0 1  0 0
    61  -.3437794608425560       3   0 1  1 0  0 1  0 0
    62  -.7341581244327983E-04   3   0 0  2 0  0 1  0 0
    63  -.3736666844486037       3   1 0  0 1  0 1  0 0
    64  -.7308747936193429       3   0 1  0 1  0 1  0 0
    65  -.1151271514628703E-02   3   0 0  1 1  0 1  0 0
    66  -.1130519620386302E-02   3   0 0  0 2  0 1  0 0
    67  -.7680537297223968E-03   3   2 0  0 0  0 0  1 0
    68  -.2636763420281528E-02   3   1 1  0 0  0 0  1 0
    69  -.1798554091469939E-02   3   0 2  0 0  0 0  1 0
    70  0.6545440921695858E-01   3   1 0  1 0  0 0  1 0
    71  -.3433168186459183       3   0 1  1 0  0 0  1 0
    72  -.7331701290286175E-04   3   0 0  2 0  0 0  1 0
    73  -.3731638214349738       3   1 0  0 1  0 0  1 0
    74  -.7298912167670260       3   0 1  0 1  0 0  1 0
    75  -.1149722187681863E-02   3   0 0  1 1  0 0  1 0
    76  -.1128998220360731E-02   3   0 0  0 2  0 0  1 0
    77  0.2824740014449777E-02   3   2 0  0 0  0 0  0 1
    78  0.5272555833740901E-02   3   1 1  0 0  0 0  0 1
    79  0.2495716135074917E-02   3   0 2  0 0  0 0  0 1
    80  0.7574695989085799       3   1 0  1 0  0 0  0 1
    81  0.6870990830006826       3   0 1  1 0  0 0  0 1
    82  0.9130801472555760E-03   3   0 0  2 0  0 0  0 1
    83  0.7468333699815493       3   1 0  0 1  0 0  0 1
    84  0.6821945534333012       3   0 1  0 1  0 0  0 1
    85  0.2303554942595343E-02   3   0 0  1 1  0 0  0 1
    86  0.1268428672395304E-02   3   0 0  0 2  0 0  0 1
    87  0.3932029904387164E-05   3   1 0  0 0  0 2  0 0
    88  0.3225270367029842E-04   3   0 1  0 0  0 2  0 0
    89  0.9198807566612774E-01   3   0 0  1 0  0 2  0 0
    90  -.6040122065612452       3   0 0  0 1  0 2  0 0
    91  0.2987954722220940E-05   3   1 0  0 0  0 1  1 0
    92  0.2504842842295955E-04   3   0 1  0 0  0 1  1 0
    93  0.5808993182343112E-01   3   0 0  1 0  0 1  1 0
    94  -.3343124081838827       3   0 0  0 1  0 1  1 0
    95  0.3924727839529821E-05   3   1 0  0 0  0 0  2 0
    96  0.3219244500450622E-04   3   0 1  0 0  0 0  2 0
    97  0.9182519510286193E-01   3   0 0  1 0  0 0  2 0
    98  -.6029744044580966       3   0 0  0 1  0 0  2 0
    99  -.1121632264088223E-04   3   1 0  0 0  0 1  0 1
   100  -.5036997824884700E-04   3   0 1  0 0  0 1  0 1
   101  -.2420657714399446       3   0 0  1 0  0 1  0 1
   102  0.6678988129821302       3   0 0  0 1  0 1  0 1
   103  -.1120122824247904E-04   3   1 0  0 0  0 0  1 1
   104  -.5030219270597448E-04   3   0 1  0 0  0 0  1 1
   105  -.2417400107329055       3   0 0  1 0  0 0  1 1
   106  0.6669999862365991       3   0 0  0 1  0 0  1 1
   107  0.1150812458172922E-04   3   1 0  0 0  0 0  0 2
   108  0.1095895262042193E-04   3   0 1  0 0  0 0  0 2
   109  0.2419027461388322       3   0 0  1 0  0 0  0 2
   110  0.2064004860703100       3   0 0  0 1  0 0  0 2
   111  0.6042363294479927E-05   3   0 0  0 0  0 3  0 0
   112  0.3329753264906508E-05   3   0 0  0 0  0 2  1 0
   113  0.3335212604471377E-05   3   0 0  0 0  0 1  2 0
   114  0.6027928512877084E-05   3   0 0  0 0  0 0  3 0
   115  -.1405964406992064E-04   3   0 0  0 0  0 2  0 1
   116  -.8644917093542196E-05   3   0 0  0 0  0 1  1 1
   117  -.1403490630253757E-04   3   0 0  0 0  0 0  2 1
   118  0.8638650413476994E-05   3   0 0  0 0  0 1  0 2
   119  0.8627024924876044E-05   3   0 0  0 0  0 0  1 2
   120  0.7375431680311552E-06   3   0 0  0 0  0 0  0 3
   121  -.6841440393277583E-02   4   4 0  0 0  0 0  0 0
   122  -.2508962073766251E-01   4   3 1  0 0  0 0  0 0
   123  -.3491778897423149E-01   4   2 2  0 0  0 0  0 0
   124  -.2093872140587991E-01   4   1 3  0 0  0 0  0 0
   125  -.4407353727370604E-02   4   0 4  0 0  0 0  0 0
   126   212.4420504390174       4   3 0  1 0  0 0  0 0
   127   591.9535988757266       4   2 1  1 0  0 0  0 0
   128   552.2815445280545       4   1 2  1 0  0 0  0 0
   129   172.8939781430641       4   0 3  1 0  0 0  0 0
   130  0.4245916715549612E-01   4   2 0  2 0  0 0  0 0
   131  0.8309260398041317E-01   4   1 1  2 0  0 0  0 0
   132  0.4025930965832036E-01   4   0 2  2 0  0 0  0 0
   133  -130.2949957372551       4   1 0  3 0  0 0  0 0
   134  -117.5096458348153       4   0 1  3 0  0 0  0 0
   135  -.6599711684529320E-02   4   0 0  4 0  0 0  0 0
   136   204.5742268305885       4   3 0  0 1  0 0  0 0
   137   573.9067555157646       4   2 1  0 1  0 0  0 0
   138   539.3766093475897       4   1 2  0 1  0 0  0 0
   139   170.1643040187738       4   0 3  0 1  0 0  0 0
   140  0.8719810330294109E-01   4   2 0  1 1  0 0  0 0
   141  0.1715332306456913       4   1 1  1 1  0 0  0 0
   142  0.8482084528014938E-01   4   0 2  1 1  0 0  0 0
   143  -364.3480227617600       4   1 0  2 1  0 0  0 0
   144  -331.3135077954269       4   0 1  2 1  0 0  0 0
   145  -.2256548665819492E-01   4   0 0  3 1  0 0  0 0
   146  0.4338127495022653E-01   4   2 0  0 2  0 0  0 0
   147  0.8647980792143858E-01   4   1 1  0 2  0 0  0 0
   148  0.4389413289320729E-01   4   0 2  0 2  0 0  0 0
   149  -343.1021017868821       4   1 0  1 2  0 0  0 0
   150  -314.1483392446384       4   0 1  1 2  0 0  0 0
   151  -.2893526926211583E-01   4   0 0  2 2  0 0  0 0
   152  -108.3861782072619       4   1 0  0 3  0 0  0 0
   153  -99.78489397452991       4   0 1  0 3  0 0  0 0
   154  -.1586309153316795E-01   4   0 0  1 3  0 0  0 0
   155  -.2760703806467610E-02   4   0 0  0 4  0 0  0 0
   156  -.2392613307690417E-02   4   3 0  0 0  0 1  0 0
   157  0.1624253794976153E-01   4   2 1  0 0  0 1  0 0
   158  0.3664549712056572E-01   4   1 2  0 0  0 1  0 0
   159  0.1812964926015032E-01   4   0 3  0 0  0 1  0 0
   160   11.41910365990580       4   2 0  1 0  0 1  0 0
   161   41.45349708101194       4   1 1  1 0  0 1  0 0
   162   29.90864151492570       4   0 2  1 0  0 1  0 0
   163  0.4038217257485921E-02   4   1 0  2 0  0 1  0 0
   164  -.9596430464226306E-02   4   0 1  2 0  0 1  0 0
   165  0.4112682779509841       4   0 0  3 0  0 1  0 0
   166   19.92509457023818       4   2 0  0 1  0 1  0 0
   167   56.93332160224165       4   1 1  0 1  0 1  0 0
   168   38.94164115262714       4   0 2  0 1  0 1  0 0
   169  -.1874950467377119E-01   4   1 0  1 1  0 1  0 0
   170  -.4173589975805378E-01   4   0 1  1 1  0 1  0 0
   171   6.664275279787104       4   0 0  2 1  0 1  0 0
   172  -.2120020807302503E-01   4   1 0  0 2  0 1  0 0
   173  -.3107112344865467E-01   4   0 1  0 2  0 1  0 0
   174   11.38284775263984       4   0 0  1 2  0 1  0 0
   175   6.063755531504021       4   0 0  0 3  0 1  0 0
   176  -.2389393441460888E-02   4   3 0  0 0  0 0  1 0
   177  0.1622067950767303E-01   4   2 1  0 0  0 0  1 0
   178  0.3659618133758332E-01   4   1 2  0 0  0 0  1 0
   179  0.1810525123259678E-01   4   0 3  0 0  0 0  1 0
   180   11.40373636836401       4   2 0  1 0  0 0  1 0
   181   41.39771091827598       4   1 1  1 0  0 0  1 0
   182   29.86839187472034       4   0 2  1 0  0 0  1 0
   183  0.4032782815015373E-02   4   1 0  2 0  0 0  1 0
   184  -.9583516040371649E-02   4   0 1  2 0  0 0  1 0
   185  0.4107148124849214       4   0 0  3 0  0 0  1 0
   186   19.89828031700274       4   2 0  0 1  0 0  1 0
   187   56.85670342120388       4   1 1  0 1  0 0  1 0
   188   38.88923532721989       4   0 2  0 1  0 0  1 0
   189  -.1872427247401478E-01   4   1 0  1 1  0 0  1 0
   190  -.4167973355110422E-01   4   0 1  1 1  0 0  1 0
   191   6.655306812191975       4   0 0  2 1  0 0  1 0
   192  -.2117167783213154E-01   4   1 0  0 2  0 0  1 0
   193  -.3102930939504878E-01   4   0 1  0 2  0 0  1 0
   194   11.36752925258937       4   0 0  1 2  0 0  1 0
   195   6.055595215084622       4   0 0  0 3  0 0  1 0
   196  0.1113100958560474E-02   4   3 0  0 0  0 0  0 1
   197  0.3148386383203118E-02   4   2 1  0 0  0 0  0 1
   198  0.2992174125095210E-02   4   1 2  0 0  0 0  0 1
   199  0.9988371499348031E-03   4   0 3  0 0  0 0  0 1
   200  -43.54170162894219       4   2 0  1 0  0 0  0 1
   201  -82.81298612629251       4   1 1  1 0  0 0  0 1
   202  -39.70995375789234       4   0 2  1 0  0 0  0 1
   203  -.3214487350994070E-02   4   1 0  2 0  0 0  0 1
   204  -.2979628484019889E-02   4   0 1  2 0  0 0  0 1
   205  -3.942019536208821       4   0 0  3 0  0 0  0 1
   206  -39.80270451249294       4   2 0  0 1  0 0  0 1
   207  -77.21354720198724       4   1 1  0 1  0 0  0 1
   208  -38.55937515148025       4   0 2  0 1  0 0  0 1
   209  -.6274847653442564E-02   4   1 0  1 1  0 0  0 1
   210  -.5984299208281212E-02   4   0 1  1 1  0 0  0 1
   211  -13.33129508179927       4   0 0  2 1  0 0  0 1
   212  -.3052804297025616E-02   4   1 0  0 2  0 0  0 1
   213  -.2940643761475330E-02   4   0 1  0 2  0 0  0 1
   214  -13.51678520416172       4   0 0  1 2  0 0  0 1
   215  -5.093517866102148       4   0 0  0 3  0 0  0 1
   216  -.4044313281041203E-03   4   2 0  0 0  0 2  0 0
   217  0.3219140816092144E-03   4   1 1  0 0  0 2  0 0
   218  0.8363689733982135E-03   4   0 2  0 0  0 2  0 0
   219  -.4946298717148406E-01   4   1 0  1 0  0 2  0 0
   220  0.2266819480908781       4   0 1  1 0  0 2  0 0
   221  -.2200002312994816E-03   4   0 0  2 0  0 2  0 0
   222  0.2562484146168674       4   1 0  0 1  0 2  0 0
   223  0.6962567930336603       4   0 1  0 1  0 2  0 0
   224  0.3358761095817522E-03   4   0 0  1 1  0 2  0 0
   225  0.8948845198780549E-03   4   0 0  0 2  0 2  0 0
   226  -.4299279600939286E-03   4   2 0  0 0  0 1  1 0
   227  0.5978127728288693E-03   4   1 1  0 0  0 1  1 0
   228  0.1382778173170103E-02   4   0 2  0 0  0 1  1 0
   229  -.3521826244609264E-01   4   1 0  1 0  0 1  1 0
   230  0.1076843711713749       4   0 1  1 0  0 1  1 0
   231  -.1850278860838045E-03   4   0 0  2 0  0 1  1 0
   232  0.1370313703058231       4   1 0  0 1  0 1  1 0
   233  0.6590270103709178       4   0 1  0 1  0 1  1 0
   234  0.2249191161137198E-03   4   0 0  1 1  0 1  1 0
   235  0.1000352575071552E-02   4   0 0  0 2  0 1  1 0
   236  -.4035977750895007E-03   4   2 0  0 0  0 0  2 0
   237  0.3210786106816025E-03   4   1 1  0 0  0 0  2 0
   238  0.8343129886018326E-03   4   0 2  0 0  0 0  2 0
   239  -.4937272467554797E-01   4   1 0  1 0  0 0  2 0
   240  0.2263044319324208       4   0 1  1 0  0 0  2 0
   241  -.2195796644519358E-03   4   0 0  2 0  0 0  2 0
   242  0.2558113623969997       4   1 0  0 1  0 0  2 0
   243  0.6948763597091955       4   0 1  0 1  0 0  2 0
   244  0.3352727605695726E-03   4   0 0  1 1  0 0  2 0
   245  0.8930071127903756E-03   4   0 0  0 2  0 0  2 0
   246  0.9339439697735016E-03   4   2 0  0 0  0 1  0 1
   247  -.1182202529844243E-03   4   1 1  0 0  0 1  0 1
   248  -.8884282380827030E-03   4   0 2  0 0  0 1  0 1
   249  0.1365811386266752       4   1 0  1 0  0 1  0 1
   250  -.2135691532743074       4   0 1  1 0  0 1  0 1
   251  0.3887809796487642E-03   4   0 0  2 0  0 1  0 1
   252  -.2724081509760951       4   1 0  0 1  0 1  0 1
   253  -.5844007072678306       4   0 1  0 1  0 1  0 1
   254  -.1943377559000940E-03   4   0 0  1 1  0 1  0 1
   255  -.7348774774236639E-03   4   0 0  0 2  0 1  0 1
   256  0.9326871119942348E-03   4   2 0  0 0  0 0  1 1
   257  -.1180611577394925E-03   4   1 1  0 0  0 0  1 1
   258  -.8872326332300699E-03   4   0 2  0 0  0 0  1 1
   259  0.1363973341671576       4   1 0  1 0  0 0  1 1
   260  -.2132817419729957       4   0 1  1 0  0 0  1 1
   261  0.3882577765289645E-03   4   0 0  2 0  0 0  1 1
   262  -.2720415569246629       4   1 0  0 1  0 0  1 1
   263  -.5836142483378406       4   0 1  0 1  0 0  1 1
   264  -.1940762253070242E-03   4   0 0  1 1  0 0  1 1
   265  -.7338885139481224E-03   4   0 0  0 2  0 0  1 1
   266  -.6294552274805308E-03   4   2 0  0 0  0 0  0 2
   267  -.1176979156521154E-02   4   1 1  0 0  0 0  0 2
   268  -.5465343941944410E-03   4   0 2  0 0  0 0  0 2
   269  -.1389228645581019       4   1 0  1 0  0 0  0 2
   270  -.1328689218215099       4   0 1  1 0  0 0  0 2
   271  -.1520697759112225E-03   4   0 0  2 0  0 0  0 2
   272  -.1041145758467142       4   1 0  0 1  0 0  0 2
   273  -.1015921949336942       4   0 1  0 1  0 0  0 2
   274  -.3524783236900402E-03   4   0 0  1 1  0 0  0 2
   275  -.1894617932877095E-03   4   0 0  0 2  0 0  0 2
   276  -.6150465552426139E-05   4   1 0  0 0  0 3  0 0
   277  -.3466470580641646E-04   4   0 1  0 0  0 3  0 0
   278  -.7502133359144524E-01   4   0 0  1 0  0 3  0 0
   279  0.4698938911565020       4   0 0  0 1  0 3  0 0
   280  -.4468329369120137E-05   4   1 0  0 0  0 2  1 0
   281  -.2591882351370736E-04   4   0 1  0 0  0 2  1 0
   282  -.4113239040984934E-01   4   0 0  1 0  0 2  1 0
   283  0.2018065971198658       4   0 0  0 1  0 2  1 0
   284  -.4471708270310510E-05   4   1 0  0 0  0 1  2 0
   285  -.2593638403876582E-04   4   0 1  0 0  0 1  2 0
   286  -.4120059582258631E-01   4   0 0  1 0  0 1  2 0
   287  0.2023464894860069       4   0 0  0 1  0 1  2 0
   288  -.6135047462548733E-05   4   1 0  0 0  0 0  3 0
   289  -.3457731396220804E-04   4   0 1  0 0  0 0  3 0
   290  -.7484225365036463E-01   4   0 0  1 0  0 0  3 0
   291  0.4688097419862449       4   0 0  0 1  0 0  3 0
   292  0.8993085448328211E-05   4   1 0  0 0  0 2  0 1
   293  0.4617834135817171E-04   4   0 1  0 0  0 2  0 1
   294  0.1742287559019677       4   0 0  1 0  0 2  0 1
   295  -.4034280488083032       4   0 0  0 1  0 2  0 1
   296  0.7504657835869388E-05   4   1 0  0 0  0 1  1 1
   297  0.3882541787470641E-04   4   0 1  0 0  0 1  1 1
   298  0.1065848429227380       4   0 0  1 0  0 1  1 1
   299  -.1396542326153677       4   0 0  0 1  0 1  1 1
   300  0.8975933270263426E-05   4   1 0  0 0  0 0  2 1
   301  0.4609007201393725E-04   4   0 1  0 0  0 0  2 1
   302  0.1739225686241738       4   0 0  1 0  0 0  2 1
   303  -.4027911643108340       4   0 0  0 1  0 0  2 1
   304  -.2506342855943871E-05   4   1 0  0 0  0 1  0 2
   305  -.6603525368564885E-05   4   0 1  0 0  0 1  0 2
   306  -.1064974935986425       4   0 0  1 0  0 1  0 2
   307  -.1946594994167837       4   0 0  0 1  0 1  0 2
   308  -.2502969937848059E-05   4   1 0  0 0  0 0  1 2
   309  -.6594638655337087E-05   4   0 1  0 0  0 0  1 2
   310  -.1063541742908106       4   0 0  1 0  0 0  1 2
   311  -.1943975358364531       4   0 0  0 1  0 0  1 2
   312  0.6966525485359674E-06   4   1 0  0 0  0 0  0 3
   313  0.5682700207670907E-06   4   0 1  0 0  0 0  0 3
   314  -.9687759488672018E-02   4   0 0  1 0  0 0  0 3
   315  -.7918367212467581E-02   4   0 0  0 1  0 0  0 3
   316  -.8709264904629517E-05   4   0 0  0 0  0 4  0 0
   317  -.4306210855131211E-05   4   0 0  0 0  0 3  1 0
   318  -.3723091508888176E-05   4   0 0  0 0  0 2  2 0
   319  -.4318810989704486E-05   4   0 0  0 0  0 1  3 0
   320  -.8682939803752772E-05   4   0 0  0 0  0 0  4 0
   321  0.9099955287471737E-05   4   0 0  0 0  0 3  0 1
   322  0.4219841435594173E-05   4   0 0  0 0  0 2  1 1
   323  0.4229667855717443E-05   4   0 0  0 0  0 1  2 1
   324  0.9078750251430014E-05   4   0 0  0 0  0 0  3 1
   325  0.9703347515298195E-06   4   0 0  0 0  0 2  0 2
   326  0.1151893973997670E-05   4   0 0  0 0  0 1  1 2
   327  0.9682538384398449E-06   4   0 0  0 0  0 0  2 2
   328  0.1033648535475408E-07   4   0 0  0 0  0 1  0 3
   329  0.1032257499990521E-07   4   0 0  0 0  0 0  1 3
   330  -.3799834182810452E-13   4   0 0  0 0  0 0  0 4
   ----------------------------------------------------
     I  COEFFICIENT            ORDER EXPONENTS
     1  0.8819801650617465E-08   0   0 0  0 0  0 0  0 0
     2  0.2414324649855274E-06   1   1 0  0 0  0 0  0 0
     3  0.9077110257847563E-06   1   0 1  0 0  0 0  0 0
     4  0.1611081173046023E-04   1   0 0  1 0  0 0  0 0
     5  0.2561458931706722E-05   1   0 0  0 1  0 0  0 0
     6   1.000000000000000       1   0 0  0 0  1 0  0 0
     7  0.2621231489009239       1   0 0  0 0  0 1  0 0
     8  -.2621231476116898       1   0 0  0 0  0 0  1 0
     9  -.1289240400329275E-08   1   0 0  0 0  0 0  0 1
    10  -.1172821482269527       2   2 0  0 0  0 0  0 0
    11  -.3592571431719057       2   1 1  0 0  0 0  0 0
    12  -.4854110974032220       2   0 2  0 0  0 0  0 0
    13  -.8078173300471322E-05   2   1 0  1 0  0 0  0 0
    14  -.1199251567739123E-04   2   0 1  1 0  0 0  0 0
    15  -.9611392808870843E-01   2   0 0  2 0  0 0  0 0
    16  -.1175465857037967E-04   2   1 0  0 1  0 0  0 0
    17  -.1439532497514833E-04   2   0 1  0 1  0 0  0 0
    18  -.2807964591052510E-01   2   0 0  1 1  0 0  0 0
    19  -.2145906456963494       2   0 0  0 2  0 0  0 0
    20  -.5296702892811584E-06   2   1 0  0 0  0 1  0 0
    21  -.1697532309149509E-05   2   0 1  0 0  0 1  0 0
    22  -.2336624284071532E-04   2   0 0  1 0  0 1  0 0
    23  -.1051741075573946E-04   2   0 0  0 1  0 1  0 0
    24  -.2881583916253910E-06   2   1 0  0 0  0 0  1 0
    25  -.7899497473837867E-06   2   0 1  0 0  0 0  1 0
    26  -.7267333788219459E-05   2   0 0  1 0  0 0  1 0
    27  -.7948700938419678E-05   2   0 0  0 1  0 0  1 0
    28  0.8177700062784875E-06   2   1 0  0 0  0 0  0 1
    29  0.1579662304077680E-05   2   0 1  0 0  0 0  0 1
    30  0.3063360305616011E-04   2   0 0  1 0  0 0  0 1
    31  0.1590468197916446E-04   2   0 0  0 1  0 0  0 1
    32  -.1967247335723741       2   0 0  0 0  0 2  0 0
    33  0.1313263164036743       2   0 0  0 0  0 1  1 0
    34  0.6539841532795058E-01   2   0 0  0 0  0 0  2 0
    35  0.1840360514097356E-08   2   0 0  0 0  0 1  0 1
    36  0.5521716857047354E-09   2   0 0  0 0  0 0  1 1
    37  -.5517084615711375E-09   2   0 0  0 0  0 0  0 2
    38  0.5787901933457438E-01   3   3 0  0 0  0 0  0 0
    39  0.1894164277315616       3   2 1  0 0  0 0  0 0
    40  0.1986466491220485       3   1 2  0 0  0 0  0 0
    41  0.6768075123730878E-01   3   0 3  0 0  0 0  0 0
    42  0.7150558269074986E-03   3   2 0  1 0  0 0  0 0
    43  0.1288336969381911E-02   3   1 1  1 0  0 0  0 0
    44  0.7232568364184783E-03   3   0 2  1 0  0 0  0 0
    45  0.3903073776137025E-01   3   1 0  2 0  0 0  0 0
    46  0.4915252321457335E-02   3   0 1  2 0  0 0  0 0
    47  0.7906298759466258E-04   3   0 0  3 0  0 0  0 0
    48  0.6250123309014626E-03   3   2 0  0 1  0 0  0 0
    49  0.1128437334045219E-02   3   1 1  0 1  0 0  0 0
    50  0.6223944817225734E-03   3   0 2  0 1  0 0  0 0
    51  0.8849319049342611E-02   3   1 0  1 1  0 0  0 0
    52  -.4291716898980924E-01   3   0 1  1 1  0 0  0 0
    53  0.3575533232524687E-03   3   0 0  2 1  0 0  0 0
    54  -.2288303360311692E-01   3   1 0  0 2  0 0  0 0
    55  -.4231827222713767E-01   3   0 1  0 2  0 0  0 0
    56  0.4291708784946328E-03   3   0 0  1 2  0 0  0 0
    57  0.1483302914016983E-03   3   0 0  0 3  0 0  0 0
    58  0.1814410911683451       3   2 0  0 0  0 1  0 0
    59  0.6539127924366296       3   1 1  0 0  0 1  0 0
    60  0.8907535150291357       3   0 2  0 0  0 1  0 0
    61  0.1231540145407381E-04   3   1 0  1 0  0 1  0 0
    62  0.2201173364533206E-04   3   0 1  1 0  0 1  0 0
    63  0.1391308288480066       3   0 0  2 0  0 1  0 0
    64  0.2152036290551226E-04   3   1 0  0 1  0 1  0 0
    65  0.3251137653883965E-04   3   0 1  0 1  0 1  0 0
    66  0.1215896806780897       3   0 0  1 1  0 1  0 0
    67  0.3341339919631607       3   0 0  0 2  0 1  0 0
    68  0.6423046130685661E-01   3   2 0  0 0  0 0  1 0
    69  0.2947424721505635       3   1 1  0 0  0 0  1 0
    70  0.4054496264450038       3   0 2  0 0  0 0  1 0
    71  0.4202603612409987E-05   3   1 0  1 0  0 0  1 0
    72  0.9914662091428992E-05   3   0 1  1 0  0 0  1 0
    73  0.4308830960983412E-01   3   0 0  2 0  0 0  1 0
    74  0.9717338563116265E-05   3   1 0  0 1  0 0  1 0
    75  0.1799910009886029E-04   3   0 1  0 1  0 0  1 0
    76  0.9342212212792088E-01   3   0 0  1 1  0 0  1 0
    77  0.1196709491727955       3   0 0  0 2  0 0  1 0
    78  -.2456720591599360       3   2 0  0 0  0 0  0 1
    79  -.5893994479892976       3   1 1  0 0  0 0  0 1
    80  -.3253819304526574       3   0 2  0 0  0 0  0 1
    81  -.1643908635382967E-04   3   1 0  1 0  0 0  0 1
    82  -.1972274051030456E-04   3   0 1  1 0  0 0  0 1
    83  -.1822193627896223       3   0 0  2 0  0 0  0 1
    84  -.1935738225062974E-04   3   1 0  0 1  0 0  0 1
    85  -.2145020667754052E-04   3   0 1  0 1  0 0  0 1
    86  -.1869324627700334       3   0 0  1 1  0 0  0 1
    87  -.2462379648851236E-01   3   0 0  0 2  0 0  0 1
    88  0.8355159188758577E-06   3   1 0  0 0  0 2  0 0
    89  0.2537843917452015E-05   3   0 1  0 0  0 2  0 0
    90  0.2841996254602946E-04   3   0 0  1 0  0 2  0 0
    91  0.1948877818373622E-04   3   0 0  0 1  0 2  0 0
    92  0.6114942768920106E-06   3   1 0  0 0  0 1  1 0
    93  0.1679970220819105E-05   3   0 1  0 0  0 1  1 0
    94  0.1011868844320510E-04   3   0 0  1 0  0 1  1 0
    95  0.1794496333257294E-04   3   0 0  0 1  0 1  1 0
    96  0.3056951650434761E-06   3   1 0  0 0  0 0  2 0
    97  0.8399957127556179E-06   3   0 1  0 0  0 0  2 0
    98  0.5068226131474368E-05   3   0 0  1 0  0 0  2 0
    99  0.8967466653934493E-05   3   0 0  0 1  0 0  2 0
   100  -.1754167931332031E-05   3   1 0  0 0  0 1  0 1
   101  -.3361634100972911E-05   3   0 1  0 0  0 1  0 1
   102  -.4359810677937816E-04   3   0 0  1 0  0 1  0 1
   103  -.3589373744109477E-04   3   0 0  0 1  0 1  0 1
   104  -.9361758559425594E-06   3   1 0  0 0  0 0  1 1
   105  -.1781509394400514E-05   3   0 1  0 0  0 0  1 1
   106  -.1298982198359479E-04   3   0 0  1 0  0 0  1 1
   107  -.1998492189968695E-04   3   0 0  0 1  0 0  1 1
   108  0.9364759667176150E-06   3   1 0  0 0  0 0  0 2
   109  0.9919690845830620E-06   3   0 1  0 0  0 0  0 2
   110  0.1297874790222455E-04   3   0 0  1 0  0 0  0 2
   111  0.1203617098151393E-04   3   0 0  0 1  0 0  0 2
   112  0.1639593935579380       3   0 0  0 0  0 3  0 0
   113  -.9842878496539106E-01   3   0 0  0 0  0 2  1 0
   114  -.3289754854410725E-01   3   0 0  0 0  0 1  2 0
   115  -.3263309974369354E-01   3   0 0  0 0  0 0  3 0
   116  -.1442280703922739E-08   3   0 0  0 0  0 2  0 1
   117  0.6705261412541007E-09   3   0 0  0 0  0 1  1 1
   118  0.3336137117692780E-09   3   0 0  0 0  0 0  2 1
   119  -.5082359962385140E-10   3   0 0  0 0  0 1  0 2
   120  -.5525092038714946E-10   3   0 0  0 0  0 0  1 2
   121  -.2103622528260710E-11   3   0 0  0 0  0 0  0 3
   122  -2.504163586088559       4   4 0  0 0  0 0  0 0
   123  -11.50136001817325       4   3 1  0 0  0 0  0 0
   124  -20.22374741449011       4   2 2  0 0  0 0  0 0
   125  -16.04482547293621       4   1 3  0 0  0 0  0 0
   126  -5.060177131849485       4   0 4  0 0  0 0  0 0
   127  -.1495808383703731E-02   4   3 0  1 0  0 0  0 0
   128  -.4176512813535042E-02   4   2 1  1 0  0 0  0 0
   129  -.3968155363618855E-02   4   1 2  1 0  0 0  0 0
   130  -.1296162404295291E-02   4   0 3  1 0  0 0  0 0
   131  -4.452408357622586       4   2 0  2 0  0 0  0 0
   132  -8.634682350146740       4   1 1  2 0  0 0  0 0
   133  -4.892428973476744       4   0 2  2 0  0 0  0 0
   134  0.9785313235867608E-03   4   1 0  3 0  0 0  0 0
   135  0.7944155713933612E-03   4   0 1  3 0  0 0  0 0
   136  -.4552446412168799       4   0 0  4 0  0 0  0 0
   137  -.1404443955150452E-02   4   3 0  0 1  0 0  0 0
   138  -.4044302900517041E-02   4   2 1  0 1  0 0  0 0
   139  -.3954082734268732E-02   4   1 2  0 1  0 0  0 0
   140  -.1326532514911758E-02   4   0 3  0 1  0 0  0 0
   141  -8.311873322667729       4   2 0  1 1  0 0  0 0
   142  -15.76318795925952       4   1 1  1 1  0 0  0 0
   143  -8.598640198895843       4   0 2  1 1  0 0  0 0
   144  0.2546520237811100E-02   4   1 0  2 1  0 0  0 0
   145  0.2044717090824998E-02   4   0 1  2 1  0 0  0 0
   146  -1.827902738003679       4   0 0  3 1  0 0  0 0
   147  -3.524182703232217       4   2 0  0 2  0 0  0 0
   148  -6.948346245171030       4   1 1  0 2  0 0  0 0
   149  -4.233920962761726       4   0 2  0 2  0 0  0 0
   150  0.2236511347660832E-02   4   1 0  1 2  0 0  0 0
   151  0.1762063181204321E-02   4   0 1  1 2  0 0  0 0
   152  -2.687342882974059       4   0 0  2 2  0 0  0 0
   153  0.6435974034416209E-03   4   1 0  0 3  0 0  0 0
   154  0.4863607578636203E-03   4   0 1  0 3  0 0  0 0
   155  -1.650888674356088       4   0 0  1 3  0 0  0 0
   156  -.4763660253172494       4   0 0  0 4  0 0  0 0
   157  -.9515429443266114E-01   4   3 0  0 0  0 1  0 0
   158  -.3876473127174059       4   2 1  0 0  0 1  0 0
   159  -.4937571479422986       4   1 2  0 0  0 1  0 0
   160  -.1995460291702414       4   0 3  0 0  0 1  0 0
   161  0.1910899661034590E-03   4   2 0  1 0  0 1  0 0
   162  -.1674747373021494E-03   4   1 1  1 0  0 1  0 0
   163  -.4009502820253359E-03   4   0 2  1 0  0 1  0 0
   164  -.5522130209675512E-01   4   1 0  2 0  0 1  0 0
   165  -.2381478992884018E-01   4   0 1  2 0  0 1  0 0
   166  0.1311103246348697E-03   4   0 0  3 0  0 1  0 0
   167  -.1923124476243230E-03   4   2 0  0 1  0 1  0 0
   168  -.6726710068104458E-03   4   1 1  0 1  0 1  0 0
   169  -.5549552929915949E-03   4   0 2  0 1  0 1  0 0
   170  -.4426566110268685E-01   4   1 0  1 1  0 1  0 0
   171  0.5478311655102698E-01   4   0 1  1 1  0 1  0 0
   172  0.1632169882968969E-03   4   0 0  2 1  0 1  0 0
   173  0.3116319643355002E-01   4   1 0  0 2  0 1  0 0
   174  0.9114000553904038E-01   4   0 1  0 2  0 1  0 0
   175  -.2504775243155746E-03   4   0 0  1 2  0 1  0 0
   176  -.2271015416208292E-03   4   0 0  0 3  0 1  0 0
   177  -.3629528158579779E-01   4   3 0  0 0  0 0  1 0
   178  -.1944417807992746       4   2 1  0 0  0 0  1 0
   179  -.2903910195547317       4   1 2  0 0  0 0  1 0
   180  -.1298972579496609       4   0 3  0 0  0 0  1 0
   181  0.1008551575292290E-03   4   2 0  1 0  0 0  1 0
   182  -.3962403233283042E-03   4   1 1  1 0  0 0  1 0
   183  -.4866845941801229E-03   4   0 2  1 0  0 0  1 0
   184  -.1591209011329017E-01   4   1 0  2 0  0 0  1 0
   185  -.1805981494273852E-01   4   0 1  2 0  0 0  1 0
   186  0.3044536430193236E-04   4   0 0  3 0  0 0  1 0
   187  -.2317636894362845E-03   4   2 0  0 1  0 0  1 0
   188  -.8453248300402275E-03   4   1 1  0 1  0 0  1 0
   189  -.6533813422744015E-03   4   0 2  0 1  0 0  1 0
   190  -.3493488338355331E-01   4   1 0  1 1  0 0  1 0
   191  0.1310391609255331E-01   4   0 1  1 1  0 0  1 0
   192  -.4749481532529635E-05   4   0 0  2 1  0 0  1 0
   193  0.8551875117352031E-02   4   1 0  0 2  0 0  1 0
   194  0.4938712710299146E-01   4   0 1  0 2  0 0  1 0
   195  -.2696009660112564E-03   4   0 0  1 2  0 0  1 0
   196  -.1949602717756615E-03   4   0 0  0 3  0 0  1 0
   197  0.1301587978990060       4   3 0  0 0  0 0  0 1
   198  0.3865569247035314       4   2 1  0 0  0 0  0 1
   199  0.3779759162042909       4   1 2  0 0  0 0  0 1
   200  0.1220889218357690       4   0 3  0 0  0 0  0 1
   201  -.1468941300197745E-03   4   2 0  1 0  0 0  0 1
   202  -.2574162999329735E-03   4   1 1  1 0  0 0  0 1
   203  -.6909368632774591E-04   4   0 2  1 0  0 0  0 1
   204  0.7057399348382828E-01   4   1 0  2 0  0 0  0 1
   205  0.3531926439995427E-01   4   0 1  2 0  0 0  0 1
   206  -.1161825693473903E-03   4   0 0  3 0  0 0  0 1
   207  -.1317768103244760E-03   4   2 0  0 1  0 0  0 1
   208  -.2782661168801017E-03   4   1 1  0 1  0 0  0 1
   209  -.9293064224766451E-04   4   0 2  0 1  0 0  0 1
   210  0.6948772909623756E-01   4   1 0  1 1  0 0  0 1
   211  0.1558168523348487E-01   4   0 1  1 1  0 0  0 1
   212  -.3009719288428254E-03   4   0 0  2 1  0 0  0 1
   213  0.5452710378022075E-02   4   1 0  0 2  0 0  0 1
   214  -.1490568173766866E-01   4   0 1  0 2  0 0  0 1
   215  -.2302263118978702E-03   4   0 0  1 2  0 0  0 1
   216  -.3241771864142341E-04   4   0 0  0 3  0 0  0 1
   217  -.2324388304699173       4   2 0  0 0  0 2  0 0
   218  -.9372646544014515       4   1 1  0 0  0 2  0 0
   219  -1.303819517830778       4   0 2  0 0  0 2  0 0
   220  -.1680651261613255E-04   4   1 0  1 0  0 2  0 0
   221  -.4149019605267123E-04   4   0 1  1 0  0 2  0 0
   222  -.1689599582172467       4   0 0  2 0  0 2  0 0
   223  -.4196576548953955E-04   4   1 0  0 1  0 2  0 0
   224  -.7185851675649530E-04   4   0 1  0 1  0 2  0 0
   225  -.2272622683276372       4   0 0  1 1  0 2  0 0
   226  -.4463946068540889       4   0 0  0 2  0 2  0 0
   227  -.1019823884376917       4   2 0  0 0  0 1  1 0
   228  -.5666444240952900       4   1 1  0 0  0 1  1 0
   229  -.8260693937387590       4   0 2  0 0  0 1  1 0
   230  -.6846487985957653E-05   4   1 0  1 0  0 1  1 0
   231  -.2273642442685750E-04   4   0 1  1 0  0 1  1 0
   232  -.5972399243236201E-01   4   0 0  2 0  0 1  1 0
   233  -.2327215248960503E-04   4   1 0  0 1  0 1  1 0
   234  -.4973982721886385E-04   4   0 1  0 1  0 1  1 0
   235  -.2113672538841962       4   0 0  1 1  0 1  1 0
   236  -.2245669468291277       4   0 0  0 2  0 1  1 0
   237  -.5104443289582639E-01   4   2 0  0 0  0 0  2 0
   238  -.2833801536839601       4   1 1  0 0  0 0  2 0
   239  -.4130771432093303       4   0 2  0 0  0 0  2 0
   240  -.3471451248753088E-05   4   1 0  1 0  0 0  2 0
   241  -.1141258796377218E-04   4   0 1  1 0  0 0  2 0
   242  -.2991523772575335E-01   4   0 0  2 0  0 0  2 0
   243  -.1167457933183170E-04   4   1 0  0 1  0 0  2 0
   244  -.2487978475700767E-04   4   0 1  0 1  0 0  2 0
   245  -.1056230356974252       4   0 0  1 1  0 0  2 0
   246  -.1123568114872225       4   0 0  0 2  0 0  2 0
   247  0.3853618362089573       4   2 0  0 0  0 1  0 1
   248   1.133233353672760       4   1 1  0 0  0 1  0 1
   249  0.7613893783668958       4   0 2  0 0  0 1  0 1
   250  0.1793367409438015E-04   4   1 0  1 0  0 1  0 1
   251  0.3719093383782302E-04   4   0 1  1 0  0 1  0 1
   252  0.2585414606957088       4   0 0  2 0  0 1  0 1
   253  0.3768164784812399E-04   4   1 0  0 1  0 1  0 1
   254  0.5634099265920967E-04   4   0 1  0 1  0 1  0 1
   255  0.4227704965179422       4   0 0  1 1  0 1  0 1
   256  0.1149846082437580       4   0 0  0 2  0 1  0 1
   257  0.1398161411723851       4   2 0  0 0  0 0  1 1
   258  0.5438663536693764       4   1 1  0 0  0 0  1 1
   259  0.4358456439818552       4   0 2  0 0  0 0  1 1
   260  0.6587472982993704E-05   4   1 0  1 0  0 0  1 1
   261  0.1760075472525240E-04   4   0 1  1 0  0 0  1 1
   262  0.7647418218247230E-01   4   0 0  2 0  0 0  1 1
   263  0.1798958702162843E-04   4   1 0  0 1  0 0  1 1
   264  0.3081685011680986E-04   4   0 1  0 1  0 0  1 1
   265  0.2357887859361766       4   0 0  1 1  0 0  1 1
   266  0.9027963882725418E-01   4   0 0  0 2  0 0  1 1
   267  -.1397314731153444       4   2 0  0 0  0 0  0 2
   268  -.2491100733721484       4   1 1  0 0  0 0  0 2
   269  -.1105255164358095       4   0 2  0 0  0 0  0 2
   270  -.3908907095411597E-05   4   1 0  1 0  0 0  0 2
   271  -.3266024796668680E-05   4   0 1  1 0  0 0  0 2
   272  -.7640700635290021E-01   4   0 0  2 0  0 0  0 2
   273  -.3348868591680313E-05   4   1 0  0 1  0 0  0 2
   274  -.2788976351863319E-05   4   0 1  0 1  0 0  0 2
   275  -.1423635729382179       4   0 0  1 1  0 0  0 2
   276  -.6570424485144348E-01   4   0 0  0 2  0 0  0 2
   277  -.1413542549149900E-03   4   1 0  0 0  0 3  0 0
   278  -.2371787457251800E-03   4   0 1  0 0  0 3  0 0
   279  -.3293103859564059E-04   4   0 0  1 0  0 3  0 0
   280  -.2177003704210832E-04   4   0 0  0 1  0 3  0 0
   281  -.7235979371851924E-04   4   1 0  0 0  0 2  1 0
   282  -.1221888216891583E-03   4   0 1  0 0  0 2  1 0
   283  -.1080540866086937E-04   4   0 0  1 0  0 2  1 0
   284  -.2437971758114134E-04   4   0 0  0 1  0 2  1 0
   285  -.4530850794249866E-04   4   1 0  0 0  0 1  2 0
   286  -.7669308761218188E-04   4   0 1  0 0  0 1  2 0
   287  -.5991384443930058E-05   4   0 0  1 0  0 1  2 0
   288  -.1674607777848850E-04   4   0 0  0 1  0 1  2 0
   289  -.2415187807178865E-04   4   1 0  0 0  0 0  3 0
   290  -.4078245275829308E-04   4   0 1  0 0  0 0  3 0
   291  -.3615098858195004E-05   4   0 0  1 0  0 0  3 0
   292  -.8119392274749406E-05   4   0 0  0 1  0 0  3 0
   293  0.1325266799244541E-03   4   1 0  0 0  0 2  0 1
   294  0.1233457266559024E-03   4   0 1  0 0  0 2  0 1
   295  0.2501556440183905E-04   4   0 0  1 0  0 2  0 1
   296  0.5102350501366424E-04   4   0 0  0 1  0 2  0 1
   297  0.6785597856881708E-04   4   1 0  0 0  0 1  1 1
   298  0.6907849633303594E-04   4   0 1  0 0  0 1  1 1
   299  0.5960664797157045E-05   4   0 0  1 0  0 1  1 1
   300  0.3674396318845663E-04   4   0 0  0 1  0 1  1 1
   301  0.3394848602694962E-04   4   1 0  0 0  0 0  2 1
   302  0.3455233560385629E-04   4   0 1  0 0  0 0  2 1
   303  0.2991188978991693E-05   4   0 0  1 0  0 0  2 1
   304  0.1836956133744886E-04   4   0 0  0 1  0 0  2 1
   305  -.8633926967087284E-05   4   1 0  0 0  0 1  0 2
   306  -.7569010750887449E-05   4   0 1  0 0  0 1  0 2
   307  0.2397396842795875E-05   4   0 0  1 0  0 1  0 2
   308  -.3168716123195445E-05   4   0 0  0 1  0 1  0 2
   309  -.6057659694573165E-05   4   1 0  0 0  0 0  1 2
   310  -.5485988786974628E-05   4   0 1  0 0  0 0  1 2
   311  0.1607763351477205E-05   4   0 0  1 0  0 0  1 2
   312  -.3803370954346965E-05   4   0 0  0 1  0 0  1 2
   313  0.2960530289394730E-07   4   1 0  0 0  0 0  0 3
   314  0.2215787544919946E-07   4   0 1  0 0  0 0  0 3
   315  0.1033880543237812E-07   4   0 0  1 0  0 0  0 3
   316  0.7828729689078202E-08   4   0 0  0 1  0 0  0 3
   317  -.1434727841384379       4   0 0  0 0  0 4  0 0
   318  0.8201284823286048E-01   4   0 0  0 0  0 3  1 0
   319  0.2462383759673280E-01   4   0 0  0 0  0 2  2 0
   320  0.1648163219203403E-01   4   0 0  0 0  0 1  3 0
   321  0.2035440561837690E-01   4   0 0  0 0  0 0  4 0
   322  0.2756016971650922E-08   4   0 0  0 0  0 3  0 1
   323  0.2454599212146502E-08   4   0 0  0 0  0 2  1 1
   324  0.2167698979696197E-08   4   0 0  0 0  0 1  2 1
   325  0.6920184024231560E-09   4   0 0  0 0  0 0  3 1
   326  -.2354482870175136E-10   4   0 0  0 0  0 2  0 2
   327  -.9090077044650317E-10   4   0 0  0 0  0 1  1 2
   328  -.1356771429189854E-10   4   0 0  0 0  0 0  2 2
   329  0.7947476506780000E-12   4   0 0  0 0  0 1  0 3
   330  -.1304286309166603E-11   4   0 0  0 0  0 0  1 3
   ----------------------------------------------------
     I  COEFFICIENT            ORDER EXPONENTS
     1   1.000000000000000       1   0 0  0 0  0 1  0 0
     --------------------------------------------------
     I  COEFFICIENT            ORDER EXPONENTS
     1   1.000000000000000       1   0 0  0 0  0 0  1 0
     --------------------------------------------------
     I  COEFFICIENT            ORDER EXPONENTS
     1   1.000000000000000       1   0 0  0 0  0 0  0 1
     --------------------------------------------------
