 L    0.1049906000000000E+01
 P (  0.0000000000000000E+00,  0.0000000000000000E+00,  0.0000000000000000E+00)
 A (  0.0000000000000000E+00,  0.0000000000000000E+00,  0.0000000000000000E+00)
     I  COEFFICIENT            ORDER EXPONENTS
     1  0.9101721942258791E-04   0   0 0  0 0  0 0  0 0
     2   1.324469110382154       1   1 0  0 0  0 0  0 0
     3   1.329991658026379       1   0 1  0 0  0 0  0 0
     4  0.1010181994928966E-04   1   0 0  1 0  0 0  0 0
     5  0.8584927666625116E-05   1   0 0  0 1  0 0  0 0
     6  0.9296977886626275E-06   1   0 0  0 0  0 1  0 0
     7  0.9284466451936076E-06   1   0 0  0 0  0 0  1 0
     8  -.1858144432750541E-05   1   0 0  0 0  0 0  0 1
     9  -.7754480366424919E-01   2   2 0  0 0  0 0  0 0
    10  -.1355270093825035       2   1 1  0 0  0 0  0 0
    11  -.5945431673701756E-01   2   0 2  0 0  0 0  0 0
    12  0.4115466011095729E-03   2   1 0  1 0  0 0  0 0
    13  0.1087330016726765E-03   2   0 1  1 0  0 0  0 0
    14  0.6251064765099047E-01   2   0 0  2 0  0 0  0 0
    15  0.3784882098944495E-03   2   1 0  0 1  0 0  0 0
    16  0.1313050250663711E-03   2   0 1  0 1  0 0  0 0
    17  0.1092793217834374       2   0 0  1 1  0 0  0 0
    18  0.4803124606835150E-01   2   0 0  0 2  0 0  0 0
    19  -.1699014306625599       2   1 0  0 0  0 1  0 0
    20  -.8116937648537049       2   0 1  0 0  0 1  0 0
    21  -.5417026932973480E-05   2   0 0  1 0  0 1  0 0
    22  -.8922049714715570E-05   2   0 0  0 1  0 1  0 0
    23  -.1696727853243520       2   1 0  0 0  0 0  1 0
    24  -.8106014256387680       2   0 1  0 0  0 0  1 0
    25  -.5409736953422710E-05   2   0 0  1 0  0 0  1 0
    26  -.8910042840691153E-05   2   0 0  0 1  0 0  1 0
    27  0.3395742160013933       2   1 0  0 0  0 0  0 1
    28  0.2923035324806150       2   0 1  0 0  0 0  0 1
    29  0.1082675690767800E-04   2   0 0  1 0  0 0  0 1
    30  0.9247158497909192E-05   2   0 0  0 1  0 0  0 1
    31  -.7926589770539687E-06   2   0 0  0 0  0 2  0 0
    32  -.6559716205480876E-06   2   0 0  0 0  0 1  1 0
    33  -.7911508662012468E-06   2   0 0  0 0  0 0  2 0
    34  0.1311530118649222E-05   2   0 0  0 0  0 1  0 1
    35  0.1309765123225826E-05   2   0 0  0 0  0 0  1 1
    36  -.3815703852636012E-06   2   0 0  0 0  0 0  0 2
    37   1.684056041463764       3   3 0  0 0  0 0  0 0
    38   7.027120784033823       3   2 1  0 0  0 0  0 0
    39   8.935027500218517       3   1 2  0 0  0 0  0 0
    40   4.239117529125363       3   0 3  0 0  0 0  0 0
    41  -.6219293916284360E-02   3   2 0  1 0  0 0  0 0
    42  -.1074348690844112E-01   3   1 1  1 0  0 0  0 0
    43  -.4641750892322828E-02   3   0 2  1 0  0 0  0 0
    44  -.7035883863089039       3   1 0  2 0  0 0  0 0
    45  0.6737970988527352       3   0 1  2 0  0 0  0 0
    46  0.1655160770789926E-02   3   0 0  3 0  0 0  0 0
    47  -.5423704316351660E-02   3   2 0  0 1  0 0  0 0
    48  -.9413305427004422E-02   3   1 1  0 1  0 0  0 0
    49  -.4081882962697598E-02   3   0 2  0 1  0 0  0 0
    50  -1.786704772217353       3   1 0  1 1  0 0  0 0
    51  0.4567494665133942       3   0 1  1 1  0 0  0 0
    52  0.4343464683526970E-02   3   0 0  2 1  0 0  0 0
    53  -.6645253472507410       3   1 0  0 2  0 0  0 0
    54  0.8750653820189890       3   0 1  0 2  0 0  0 0
    55  0.3830483542131616E-02   3   0 0  1 2  0 0  0 0
    56  0.1139721412594831E-02   3   0 0  0 3  0 0  0 0
    57  0.4457393201680486E-01   3   2 0  0 0  0 1  0 0
    58  0.1455240707182683       3   1 1  0 0  0 1  0 0
    59  0.9348563528321671E-01   3   0 2  0 0  0 1  0 0
    60  -.2457378056399703E-03   3   1 0  1 0  0 1  0 0
    61  -.1371650688203664E-03   3   0 1  1 0  0 1  0 0
    62  -.2942637203003660E-01   3   0 0  2 0  0 1  0 0
    63  -.4374481388632288E-03   3   1 0  0 1  0 1  0 0
    64  -.2448090464842932E-03   3   0 1  0 1  0 1  0 0
    65  -.1059440797527978       3   0 0  1 1  0 1  0 0
    66  -.7054008291852644E-01   3   0 0  0 2  0 1  0 0
    67  0.4451394651979372E-01   3   2 0  0 0  0 0  1 0
    68  0.1453282312822081       3   1 1  0 0  0 0  1 0
    69  0.9335982672107816E-01   3   0 2  0 0  0 0  1 0
    70  -.2454071032823597E-03   3   1 0  1 0  0 0  1 0
    71  -.1369804785351115E-03   3   0 1  1 0  0 0  1 0
    72  -.2938677140537563E-01   3   0 0  2 0  0 0  1 0
    73  -.4368594417741617E-03   3   1 0  0 1  0 0  1 0
    74  -.2444795940069835E-03   3   0 1  0 1  0 0  1 0
    75  -.1058015052032383       3   0 0  1 1  0 0  1 0
    76  -.7044515339937377E-01   3   0 0  0 2  0 0  1 0
    77  -.8908792578955969E-01   3   2 0  0 0  0 0  0 1
    78  -.1553253616237676       3   1 1  0 0  0 0  0 1
    79  -.6793685272248182E-01   3   0 2  0 0  0 0  0 1
    80  0.4907567994986310E-03   3   1 0  1 0  0 0  0 1
    81  0.1650157901793749E-03   3   0 1  1 0  0 0  0 1
    82  0.5881315706908347E-01   3   0 0  2 0  0 0  0 1
    83  0.4954300567538014E-03   3   1 0  0 1  0 0  0 1
    84  0.2262814836925517E-03   3   0 1  0 1  0 0  0 1
    85  0.1024662673955859       3   0 0  1 1  0 0  0 1
    86  0.4492273790616798E-01   3   0 0  0 2  0 0  0 1
    87  0.1312251840882152       3   1 0  0 0  0 2  0 0
    88  0.6849014689356225       3   0 1  0 0  0 2  0 0
    89  0.4282456871231404E-05   3   0 0  1 0  0 2  0 0
    90  0.9219388741682302E-05   3   0 0  0 1  0 2  0 0
    91  0.9265285647706595E-01   3   1 0  0 0  0 1  1 0
    92  0.5584491868557824       3   0 1  0 0  0 1  1 0
    93  0.3084361971286297E-05   3   0 0  1 0  0 1  1 0
    94  0.9445808695020512E-05   3   0 0  0 1  0 1  1 0
    95  0.1309862434960640       3   1 0  0 0  0 0  2 0
    96  0.6836039935185820       3   0 1  0 0  0 0  2 0
    97  0.4274618348109180E-05   3   0 0  1 0  0 0  2 0
    98  0.9200625860753275E-05   3   0 0  0 1  0 0  2 0
    99  -.1852022727358456       3   1 0  0 0  0 1  0 1
   100  -.3048654659673818       3   0 1  0 0  0 1  0 1
   101  -.6109331763801408E-05   3   0 0  1 0  0 1  0 1
   102  -.9870538510511149E-05   3   0 0  0 1  0 1  0 1
   103  -.1849530362454792       3   1 0  0 0  0 0  1 1
   104  -.3044551923910953       3   0 1  0 0  0 0  1 1
   105  -.6101110113036515E-05   3   0 0  1 0  0 0  1 1
   106  -.9857255204966061E-05   3   0 0  0 1  0 0  1 1
   107  0.1529069852252953E-01   3   1 0  0 0  0 0  0 2
   108  0.1235695818353835E-01   3   0 1  0 0  0 0  0 2
   109  0.6264204365201735E-06   3   0 0  1 0  0 0  0 2
   110  0.5667012959777464E-06   3   0 0  0 1  0 0  0 2
   111  0.7253234639567614E-06   3   0 0  0 0  0 3  0 0
   112  0.5904931477986516E-06   3   0 0  0 0  0 2  1 0
   113  0.5907633498299694E-06   3   0 0  0 0  0 1  2 0
   114  0.7234625114205545E-06   3   0 0  0 0  0 0  3 0
   115  -.1181082038234137E-05   3   0 0  0 0  0 2  0 1
   116  -.1050805367667309E-05   3   0 0  0 0  0 1  1 1
   117  -.1178785531607508E-05   3   0 0  0 0  0 0  2 1
   118  0.3948118991542131E-06   3   0 0  0 0  0 1  0 2
   119  0.3942805799071186E-06   3   0 0  0 0  0 0  1 2
   120  -.8668405991573915E-08   3   0 0  0 0  0 0  0 3
   121  -8.802718912788952       4   4 0  0 0  0 0  0 0
   122  -32.02425479923763       4   3 1  0 0  0 0  0 0
   123  -43.93538022181758       4   2 2  0 0  0 0  0 0
   124  -26.99863113514471       4   1 3  0 0  0 0  0 0
   125  -6.280552323792317       4   0 4  0 0  0 0  0 0
   126  -.4981479924152094E-02   4   3 0  1 0  0 0  0 0
   127  -.1330224836013387E-01   4   2 1  1 0  0 0  0 0
   128  -.1241029151446337E-01   4   1 2  1 0  0 0  0 0
   129  -.3960980918024048E-02   4   0 3  1 0  0 0  0 0
   130   37.93037562023720       4   2 0  2 0  0 0  0 0
   131   65.95321312918166       4   1 1  2 0  0 0  0 0
   132   28.88459349652828       4   0 2  2 0  0 0  0 0
   133  0.3119885701493604E-02   4   1 0  3 0  0 0  0 0
   134  0.3135321230573117E-02   4   0 1  3 0  0 0  0 0
   135  -5.009988728370081       4   0 0  4 0  0 0  0 0
   136  -.4914708947057336E-02   4   3 0  0 1  0 0  0 0
   137  -.1302823102652943E-01   4   2 1  0 1  0 0  0 0
   138  -.1163010547496865E-01   4   1 2  0 1  0 0  0 0
   139  -.3484751861844702E-02   4   0 3  0 1  0 0  0 0
   140   67.52268040461767       4   2 0  1 1  0 0  0 0
   141   118.0769449356126       4   1 1  1 1  0 0  0 0
   142   52.05033732283899       4   0 2  1 1  0 0  0 0
   143  0.7177286110635056E-02   4   1 0  2 1  0 0  0 0
   144  0.6936433683050095E-02   4   0 1  2 1  0 0  0 0
   145  -17.31037623911539       4   0 0  3 1  0 0  0 0
   146   30.11487087221386       4   2 0  0 2  0 0  0 0
   147   52.89074912870998       4   1 1  0 2  0 0  0 0
   148   23.43484545391435       4   0 2  0 2  0 0  0 0
   149  0.5306050773444168E-02   4   1 0  1 2  0 0  0 0
   150  0.4886259968703312E-02   4   0 1  1 2  0 0  0 0
   151  -22.51635429616287       4   0 0  2 2  0 0  0 0
   152  0.1529726313490455E-02   4   1 0  0 3  0 0  0 0
   153  0.1279210152990914E-02   4   0 1  0 3  0 0  0 0
   154  -13.01089513551343       4   0 0  1 3  0 0  0 0
   155  -2.804922934014646       4   0 0  0 4  0 0  0 0
   156  -2.280678321883585       4   3 0  0 0  0 1  0 0
   157  -11.60613521739129       4   2 1  0 0  0 1  0 0
   158  -18.14768686770925       4   1 2  0 0  0 1  0 0
   159  -9.828841587382666       4   0 3  0 0  0 1  0 0
   160  -.7343478999684027E-03   4   2 0  1 0  0 1  0 0
   161  0.3421530484668549E-02   4   1 1  1 0  0 1  0 0
   162  0.3440831083361996E-02   4   0 2  1 0  0 1  0 0
   163  0.5628129937013043       4   1 0  2 0  0 1  0 0
   164  -.5316308804609969       4   0 1  2 0  0 1  0 0
   165  0.8024462040221169E-04   4   0 0  3 0  0 1  0 0
   166  0.1656138982547192E-02   4   2 0  0 1  0 1  0 0
   167  0.6908643679395759E-02   4   1 1  0 1  0 1  0 0
   168  0.4682825754829617E-02   4   0 2  0 1  0 1  0 0
   169   2.474214999549152       4   1 0  1 1  0 1  0 0
   170  -.1347860244857401       4   0 1  1 1  0 1  0 0
   171  -.1779969876218554E-02   4   0 0  2 1  0 1  0 0
   172   1.411169036247108       4   1 0  0 2  0 1  0 0
   173  -1.140527810807706       4   0 1  0 2  0 1  0 0
   174  -.3328274605156745E-02   4   0 0  1 2  0 1  0 0
   175  -.1520309272017365E-02   4   0 0  0 3  0 1  0 0
   176  -2.277609092482717       4   3 0  0 0  0 0  1 0
   177  -11.59051622759422       4   2 1  0 0  0 0  1 0
   178  -18.12326456599387       4   1 2  0 0  0 0  1 0
   179  -9.815614395591753       4   0 3  0 0  0 0  1 0
   180  -.7333596491732508E-03   4   2 0  1 0  0 0  1 0
   181  0.3416925950193408E-02   4   1 1  1 0  0 0  1 0
   182  0.3436200575050747E-02   4   0 2  1 0  0 0  1 0
   183  0.5620555864988270       4   1 0  2 0  0 0  1 0
   184  -.5309154366769797       4   0 1  2 0  0 0  1 0
   185  0.8013663097387191E-04   4   0 0  3 0  0 0  1 0
   186  0.1653910228755596E-02   4   2 0  0 1  0 0  1 0
   187  0.6899346352325101E-02   4   1 1  0 1  0 0  1 0
   188  0.4676523828622685E-02   4   0 2  0 1  0 0  1 0
   189   2.470885317608449       4   1 0  1 1  0 0  1 0
   190  -.1346046358062569       4   0 1  1 1  0 0  1 0
   191  -.1777574476646216E-02   4   0 0  2 1  0 0  1 0
   192   1.409269951464210       4   1 0  0 2  0 0  1 0
   193  -1.138992942231146       4   0 1  0 2  0 0  1 0
   194  -.3323795570049275E-02   4   0 0  1 2  0 0  1 0
   195  -.1518263311448778E-02   4   0 0  0 3  0 0  1 0
   196   4.556862085522567       4   3 0  0 0  0 0  0 1
   197   16.16513670609691       4   2 1  0 0  0 0  0 1
   198   18.39637710945039       4   1 2  0 0  0 0  0 1
   199   6.925551473908933       4   0 3  0 0  0 0  0 1
   200  0.6322252267439464E-03   4   2 0  1 0  0 0  0 1
   201  0.1392949953928085E-02   4   1 1  1 0  0 0  0 1
   202  0.7705100407301473E-03   4   0 2  1 0  0 0  0 1
   203  -1.122917386984146       4   1 0  2 0  0 0  0 1
   204  0.3907529743766316       4   0 1  2 0  0 0  0 1
   205  -.3868070835236959E-05   4   0 0  3 0  0 0  0 1
   206  0.7563249392331950E-03   4   2 0  0 1  0 0  0 1
   207  0.1589437021539939E-02   4   1 1  0 1  0 0  0 1
   208  0.8483621802514065E-03   4   0 2  0 1  0 0  0 1
   209  -3.154461324167700       4   1 0  1 1  0 0  0 1
   210  -.6400829103033229       4   0 1  1 1  0 0  0 1
   211  -.2345142249671456E-04   4   0 0  2 1  0 0  0 1
   212  -1.489413186197155       4   1 0  0 2  0 0  0 1
   213  -.3436595627923293       4   0 1  0 2  0 0  0 1
   214  -.1609824724971930E-04   4   0 0  1 2  0 0  0 1
   215  0.7125009467211693E-05   4   0 0  0 3  0 0  0 1
   216  -.3813455729362731E-01   4   2 0  0 0  0 2  0 0
   217  -.1571901219447246       4   1 1  0 0  0 2  0 0
   218  -.1237989081470033       4   0 2  0 0  0 2  0 0
   219  -.3069850756388434E-04   4   1 0  1 0  0 2  0 0
   220  0.1272858977305129E-03   4   0 1  1 0  0 2  0 0
   221  0.2075716290618594E-01   4   0 0  2 0  0 2  0 0
   222  0.3437446352747437E-03   4   1 0  0 1  0 2  0 0
   223  0.4301326425308322E-03   4   0 1  0 1  0 2  0 0
   224  0.1028505494432377       4   0 0  1 1  0 2  0 0
   225  0.8634068141335695E-01   4   0 0  0 2  0 2  0 0
   226  -.3038654967294839E-01   4   2 0  0 0  0 1  1 0
   227  -.1657758418948989       4   1 1  0 0  0 1  1 0
   228  -.1521100083107468       4   0 2  0 0  0 1  1 0
   229  -.1003168738034776E-03   4   1 0  1 0  0 1  1 0
   230  0.1179751383443544E-03   4   0 1  1 0  0 1  1 0
   231  0.1259322323437964E-01   4   0 0  2 0  0 1  1 0
   232  0.3745813846046111E-03   4   1 0  0 1  0 1  1 0
   233  0.5343361269536923E-03   4   0 1  0 1  0 1  1 0
   234  0.1004972903022264       4   0 0  1 1  0 1  1 0
   235  0.1024566394430719       4   0 0  0 2  0 1  1 0
   236  -.3806279121040031E-01   4   2 0  0 0  0 0  2 0
   237  -.1568670362290875       4   1 1  0 0  0 0  2 0
   238  -.1235299541706160       4   0 2  0 0  0 0  2 0
   239  -.3058969409867806E-04   4   1 0  1 0  0 0  2 0
   240  0.1270352196775650E-03   4   0 1  1 0  0 0  2 0
   241  0.2072075521143285E-01   4   0 0  2 0  0 0  2 0
   242  0.3430299929577281E-03   4   1 0  0 1  0 0  2 0
   243  0.4291942481033278E-03   4   0 1  0 1  0 0  2 0
   244  0.1026445157624683       4   0 0  1 1  0 0  2 0
   245  0.8615554753503241E-01   4   0 0  0 2  0 0  2 0
   246  0.5923118394142638E-01   4   2 0  0 0  0 1  0 1
   247  0.1815273673476999       4   1 1  0 0  0 1  0 1
   248  0.1136430871482785       4   0 2  0 0  0 1  0 1
   249  0.7702951868084209E-04   4   1 0  1 0  0 1  0 1
   250  -.5524421932549302E-04   4   0 1  1 0  0 1  0 1
   251  -.2563197037387838E-01   4   0 0  2 0  0 1  0 1
   252  -.2546602732188323E-03   4   1 0  0 1  0 1  0 1
   253  -.2598519649127276E-03   4   0 1  0 1  0 1  0 1
   254  -.9568584079399117E-01   4   0 0  1 1  0 1  0 1
   255  -.6434693907130855E-01   4   0 0  0 2  0 1  0 1
   256  0.5915147340554883E-01   4   2 0  0 0  0 0  1 1
   257  0.1812830763718138       4   1 1  0 0  0 0  1 1
   258  0.1134901516374081       4   0 2  0 0  0 0  1 1
   259  0.7692585598487685E-04   4   1 0  1 0  0 0  1 1
   260  -.5516987425869456E-04   4   0 1  1 0  0 0  1 1
   261  -.2559747607614231E-01   4   0 0  2 0  0 0  1 1
   262  -.2543175634248574E-03   4   1 0  0 1  0 0  1 1
   263  -.2595022683847468E-03   4   0 1  0 1  0 0  1 1
   264  -.9555707129896837E-01   4   0 0  1 1  0 0  1 1
   265  -.6426034399327271E-01   4   0 0  0 2  0 0  1 1
   266  -.1290371614540544E-01   4   2 0  0 0  0 0  0 2
   267  -.2215985858576847E-01   4   1 1  0 0  0 0  0 2
   268  -.9505806159966565E-02   4   0 2  0 0  0 0  0 2
   269  -.7327328650784719E-04   4   1 0  1 0  0 0  0 2
   270  -.6850649452562059E-04   4   0 1  1 0  0 0  0 2
   271  -.3299169404533440E-02   4   0 0  2 0  0 0  0 2
   272  -.5676636748316353E-04   4   1 0  0 1  0 0  0 2
   273  -.5369731519403782E-04   4   0 1  0 1  0 0  0 2
   274  -.6117893383597780E-02   4   0 0  1 1  0 0  0 2
   275  -.2805070181481832E-02   4   0 0  0 2  0 0  0 2
   276  -.1119263979929299       4   1 0  0 0  0 3  0 0
   277  -.6231162690103469       4   0 1  0 0  0 3  0 0
   278  -.7181962698608825E-05   4   0 0  1 0  0 3  0 0
   279  -.1313685966223467E-04   4   0 0  0 1  0 3  0 0
   280  -.7334929847858435E-01   4   1 0  0 0  0 2  1 0
   281  -.4996194359376198       4   0 1  0 0  0 2  1 0
   282  -.4695264956923192E-05   4   0 0  1 0  0 2  1 0
   283  -.1252050620406458E-04   4   0 0  0 1  0 2  1 0
   284  -.7342686728567441E-01   4   1 0  0 0  0 1  2 0
   285  -.4998670375214207       4   0 1  0 0  0 1  2 0
   286  -.4700265167514539E-05   4   0 0  1 0  0 1  2 0
   287  -.1252171470593891E-04   4   0 0  0 1  0 1  2 0
   288  -.1116511716271815       4   1 0  0 0  0 0  3 0
   289  -.6215226992798818       4   0 1  0 0  0 0  3 0
   290  -.7164309905504671E-05   4   0 0  1 0  0 0  3 0
   291  -.1310192781236854E-04   4   0 0  0 1  0 0  3 0
   292  0.1466674598134821       4   1 0  0 0  0 2  0 1
   293  0.3142522082095604       4   0 1  0 0  0 2  0 1
   294  0.8365922575674143E-05   4   0 0  1 0  0 2  0 1
   295  0.1385833718747558E-04   4   0 0  0 1  0 2  0 1
   296  0.1082339087579029       4   1 0  0 0  0 1  1 1
   297  0.3236110341847245       4   0 1  0 0  0 1  1 1
   298  0.5875345471186296E-05   4   0 0  1 0  0 1  1 1
   299  0.1327301961812018E-04   4   0 0  0 1  0 1  1 1
   300  0.1463972536115041       4   1 0  0 0  0 0  2 1
   301  0.3136115521586735       4   0 1  0 0  0 0  2 1
   302  0.8350710729824259E-05   4   0 0  1 0  0 0  2 1
   303  0.1383075618827636E-04   4   0 0  0 1  0 0  2 1
   304  -.1557715438397918E-01   4   1 0  0 0  0 1  0 2
   305  -.1875453653846228E-01   4   0 1  0 0  0 1  0 2
   306  -.3300810642439470E-08   4   0 0  1 0  0 1  0 2
   307  -.2467831446486591E-06   4   0 0  0 1  0 1  0 2
   308  -.1555619138373502E-01   4   1 0  0 0  0 0  1 2
   309  -.1872929756705959E-01   4   0 1  0 0  0 0  1 2
   310  -.3296368567036647E-08   4   0 0  1 0  0 0  1 2
   311  -.2464510355230808E-06   4   0 0  0 1  0 0  1 2
   312  0.1839227916123466E-03   4   1 0  0 0  0 0  0 3
   313  0.1376126830460302E-03   4   0 1  0 0  0 0  0 3
   314  0.1272553804503515E-07   4   0 0  1 0  0 0  0 3
   315  0.9590654403864972E-08   4   0 0  0 1  0 0  0 3
   316  -.3086536347068027E-04   4   0 0  0 0  0 4  0 0
   317  -.2094709256864923E-04   4   0 0  0 0  0 3  1 0
   318  -.1963396438894592E-04   4   0 0  0 0  0 2  2 0
   319  -.2097542403215785E-04   4   0 0  0 0  0 1  3 0
   320  -.3076825021365879E-04   4   0 0  0 0  0 0  4 0
   321  0.5309065417959975E-05   4   0 0  0 0  0 3  0 1
   322  0.6309319169918060E-05   4   0 0  0 0  0 2  1 1
   323  0.6307285605898864E-05   4   0 0  0 0  0 1  2 1
   324  0.5294108710435158E-05   4   0 0  0 0  0 0  3 1
   325  -.3813323961854419E-07   4   0 0  0 0  0 2  0 2
   326  -.5293485449016349E-07   4   0 0  0 0  0 1  1 2
   327  -.3804630308562867E-07   4   0 0  0 0  0 0  2 2
   328  -.1760229769138472E-08   4   0 0  0 0  0 1  0 3
   329  -.1757860934871920E-08   4   0 0  0 0  0 0  1 3
   330  -.9057384137560262E-15   4   0 0  0 0  0 0  0 4
   ----------------------------------------------------
     I  COEFFICIENT            ORDER EXPONENTS
     1  0.4199326599758443E-04   0   0 0  0 0  0 0  0 0
     2   2.787792811349003       1   1 0  0 0  0 0  0 0
     3   3.554436374847536       1   0 1  0 0  0 0  0 0
     4  0.7973934619860332E-04   1   0 0  1 0  0 0  0 0
     5  0.7337934604579905E-04   1   0 0  0 1  0 0  0 0
     6  0.1742288321143376E-05   1   0 0  0 0  0 1  0 0
     7  0.1739943631631758E-05   1   0 0  0 0  0 0  1 0
     8  0.3851103405303843E-04   1   0 0  0 0  0 0  0 1
     9  -.7393241500286771       2   2 0  0 0  0 0  0 0
    10  -1.353866974045639       2   1 1  0 0  0 0  0 0
    11  -.6230429495369738       2   0 2  0 0  0 0  0 0
    12  0.3180898908971493E-02   2   1 0  1 0  0 0  0 0
    13  0.2317737478798443E-02   2   0 1  1 0  0 0  0 0
    14  0.4829172316541559       2   0 0  2 0  0 0  0 0
    15  0.2888950071064212E-02   2   1 0  0 1  0 0  0 0
    16  0.2160854757117432E-02   2   0 1  0 1  0 0  0 0
    17  0.8847369345130388       2   0 0  1 1  0 0  0 0
    18  0.4093000214912783       2   0 0  0 2  0 0  0 0
    19  -.1620993347022121       2   1 0  0 0  0 1  0 0
    20  -1.415299885453257       2   0 1  0 0  0 1  0 0
    21  -.4431107765633011E-05   2   0 0  1 0  0 1  0 0
    22  -.4103283744323010E-04   2   0 0  0 1  0 1  0 0
    23  -.1618811890570494       2   1 0  0 0  0 0  1 0
    24  -1.413395241568189       2   0 1  0 0  0 0  1 0
    25  -.4425144589632913E-05   2   0 0  1 0  0 0  1 0
    26  -.4097761738440965E-04   2   0 0  0 1  0 0  1 0
    27   3.111773335267799       2   1 0  0 0  0 0  0 1
    28   2.828695127181961       2   0 1  0 0  0 0  0 1
    29  0.8859545420397651E-04   2   0 0  1 0  0 0  0 1
    30  0.8201031251077227E-04   2   0 0  0 1  0 0  0 1
    31  -.1379189476186627E-05   2   0 0  0 0  0 2  0 0
    32  -.1017060910390310E-05   2   0 0  0 0  0 1  1 0
    33  -.1376649071666850E-05   2   0 0  0 0  0 0  2 0
    34  0.3775439013320454E-05   2   0 0  0 0  0 1  0 1
    35  0.3770358205427219E-05   2   0 0  0 0  0 0  1 1
    36  -.3772898309414934E-05   2   0 0  0 0  0 0  0 2
    37  -11.78430142032756       3   3 0  0 0  0 0  0 0
    38  -34.27493519416115       3   2 1  0 0  0 0  0 0
    39  -34.47610698475313       3   1 2  0 0  0 0  0 0
    40  -10.61216770276745       3   0 3  0 0  0 0  0 0
    41  -.5723208511104592E-01   3   2 0  1 0  0 0  0 0
    42  -.1039180130505491       3   1 1  1 0  0 0  0 0
    43  -.4741053003354651E-01   3   0 2  1 0  0 0  0 0
    44  -15.50874245103968       3   1 0  2 0  0 0  0 0
    45  -12.27079984536474       3   0 1  2 0  0 0  0 0
    46  0.1234840207074388E-01   3   0 0  3 0  0 0  0 0
    47  -.5409691147004714E-01   3   2 0  0 1  0 0  0 0
    48  -.9911963781621658E-01   3   1 1  0 1  0 0  0 0
    49  -.4558911474675514E-01   3   0 2  0 1  0 0  0 0
    50  -32.97263433927120       3   1 0  1 1  0 0  0 0
    51  -27.36102842143316       3   0 1  1 1  0 0  0 0
    52  0.3367388546235925E-01   3   0 0  2 1  0 0  0 0
    53  -15.44757389461686       3   1 0  0 2  0 0  0 0
    54  -11.89011891128502       3   0 1  0 2  0 0  0 0
    55  0.3091919975451587E-01   3   0 0  1 2  0 0  0 0
    56  0.9599058761637568E-02   3   0 0  0 3  0 0  0 0
    57  0.1190094672138315       3   2 0  0 0  0 1  0 0
    58  0.8894433964403119       3   1 1  0 0  0 1  0 0
    59  0.7178766744871647       3   0 2  0 0  0 1  0 0
    60  -.1291694729275987E-02   3   1 0  1 0  0 1  0 0
    61  -.2151210142895708E-02   3   0 1  1 0  0 1  0 0
    62  0.1730016758379819E-01   3   0 0  2 0  0 1  0 0
    63  -.2815173928733518E-02   3   1 0  0 1  0 1  0 0
    64  -.3272109359600339E-02   3   0 1  0 1  0 1  0 0
    65  -.4061822310948733       3   0 0  1 1  0 1  0 0
    66  -.3911038153789030       3   0 0  0 2  0 1  0 0
    67  0.1188493098815791       3   2 0  0 0  0 0  1 0
    68  0.8882464254354002       3   1 1  0 0  0 0  1 0
    69  0.7169105898909964       3   0 2  0 0  0 0  1 0
    70  -.1289956427384786E-02   3   1 0  1 0  0 0  1 0
    71  -.2148315145668415E-02   3   0 1  1 0  0 0  1 0
    72  0.1727688583359204E-01   3   0 0  2 0  0 0  1 0
    73  -.2811385400334775E-02   3   1 0  0 1  0 0  1 0
    74  -.3267705909033358E-02   3   0 1  0 1  0 0  1 0
    75  -.4056356101909721       3   0 0  1 1  0 0  1 0
    76  -.3905774862962506       3   0 0  0 2  0 0  1 0
    77  -.9771854348255693       3   2 0  0 0  0 0  0 1
    78  -1.777694038245792       3   1 1  0 0  0 0  0 1
    79  -.8117460835760317       3   0 2  0 0  0 0  0 1
    80  0.5758744252082785E-02   3   1 0  1 0  0 0  0 1
    81  0.4295677263926856E-02   3   0 1  1 0  0 0  0 1
    82  0.4483417086955944       3   0 0  2 0  0 0  0 1
    83  0.5622432813397014E-02   3   1 0  0 1  0 0  0 1
    84  0.4374739032678740E-02   3   0 1  0 1  0 0  0 1
    85  0.8118204182810432       3   0 0  1 1  0 0  0 1
    86  0.3723823564000735       3   0 0  0 2  0 0  0 1
    87  0.1247608273903719       3   1 0  0 0  0 2  0 0
    88   1.132511369621078       3   0 1  0 0  0 2  0 0
    89  0.3050362397544537E-05   3   0 0  1 0  0 2  0 0
    90  0.3265471496268310E-04   3   0 0  0 1  0 2  0 0
    91  0.8752216198523394E-01   3   1 0  0 0  0 1  1 0
    92  0.8504811336873852       3   0 1  0 0  0 1  1 0
    93  0.1665607785728093E-05   3   0 0  1 0  0 1  1 0
    94  0.2430160309394197E-04   3   0 0  0 1  0 1  1 0
    95  0.1245340385482332       3   1 0  0 0  0 0  2 0
    96   1.130415020479292       3   0 1  0 0  0 0  2 0
    97  0.3045136615360469E-05   3   0 0  1 0  0 0  2 0
    98  0.3259441781017459E-04   3   0 0  0 1  0 0  2 0
    99  -.3370431189851099       3   1 0  0 0  0 1  0 1
   100  -1.700203404317941       3   0 1  0 0  0 1  0 1
   101  -.7858434720335174E-05   3   0 0  1 0  0 1  0 1
   102  -.4865909106905632E-04   3   0 0  0 1  0 1  0 1
   103  -.3365895422398745       3   1 0  0 0  0 0  1 1
   104  -1.697915350704223       3   0 1  0 0  0 0  1 1
   105  -.7847859209243683E-05   3   0 0  1 0  0 0  1 1
   106  -.4859360795751900E-04   3   0 0  0 1  0 0  1 1
   107  0.3368159280797198       3   1 0  0 0  0 0  0 2
   108  0.2847114809252769       3   0 1  0 0  0 0  0 2
   109  0.7890670209611874E-05   3   0 0  1 0  0 0  0 2
   110  0.7680026515054982E-05   3   0 0  0 1  0 0  0 2
   111  0.1197769005661903E-05   3   0 0  0 0  0 3  0 0
   112  0.8367214404886455E-06   3   0 0  0 0  0 2  1 0
   113  0.8374470078540851E-06   3   0 0  0 0  0 1  2 0
   114  0.1194788903036151E-05   3   0 0  0 0  0 0  3 0
   115  -.3054139721499572E-05   3   0 0  0 0  0 2  0 1
   116  -.2335423814639063E-05   3   0 0  0 0  0 1  1 1
   117  -.3048458152545624E-05   3   0 0  0 0  0 0  2 1
   118  0.2335705588979773E-05   3   0 0  0 0  0 1  0 2
   119  0.2332562306476166E-05   3   0 0  0 0  0 0  1 2
   120  -.2986212056647958E-06   3   0 0  0 0  0 0  0 3
   121  -77.55155156836344       4   4 0  0 0  0 0  0 0
   122  -287.4823510027103       4   3 1  0 0  0 0  0 0
   123  -401.2781190123137       4   2 2  0 0  0 0  0 0
   124  -250.5846913932695       4   1 3  0 0  0 0  0 0
   125  -59.19907991081433       4   0 4  0 0  0 0  0 0
   126  -.3886809098121668E-01   4   3 0  1 0  0 0  0 0
   127  -.1029762122437129       4   2 1  1 0  0 0  0 0
   128  -.9139344152444003E-01   4   1 2  1 0  0 0  0 0
   129  -.2594000787220447E-01   4   0 3  1 0  0 0  0 0
   130   318.4213850449948       4   2 0  2 0  0 0  0 0
   131   573.6066033989307       4   1 1  2 0  0 0  0 0
   132   259.6904902163699       4   0 2  2 0  0 0  0 0
   133  0.3041637110598897E-01   4   1 0  3 0  0 0  0 0
   134  0.2930455587769496E-01   4   0 1  3 0  0 0  0 0
   135  -36.84178390607980       4   0 0  4 0  0 0  0 0
   136  -.3657060996165181E-01   4   3 0  0 1  0 0  0 0
   137  -.9814667184550124E-01   4   2 1  0 1  0 0  0 0
   138  -.8690061178818734E-01   4   1 2  0 1  0 0  0 0
   139  -.2445068598693598E-01   4   0 3  0 1  0 0  0 0
   140   597.1614064061541       4   2 0  1 1  0 0  0 0
   141   1083.830746040832       4   1 1  1 1  0 0  0 0
   142   494.7624132111483       4   0 2  1 1  0 0  0 0
   143  0.8801536777419382E-01   4   1 0  2 1  0 0  0 0
   144  0.8500380648333641E-01   4   0 1  2 1  0 0  0 0
   145  -132.9982227132559       4   0 0  3 1  0 0  0 0
   146   281.9810638564399       4   2 0  0 2  0 0  0 0
   147   514.9168515760714       4   1 1  0 2  0 0  0 0
   148   236.6505219698395       4   0 2  0 2  0 0  0 0
   149  0.8493949868345446E-01   4   1 0  1 2  0 0  0 0
   150  0.8314955252129062E-01   4   0 1  1 2  0 0  0 0
   151  -181.7358625286576       4   0 0  2 2  0 0  0 0
   152  0.2872257948836316E-01   4   1 0  0 3  0 0  0 0
   153  0.2844217512169854E-01   4   0 1  0 3  0 0  0 0
   154  -111.0071487947047       4   0 0  1 3  0 0  0 0
   155  -25.47978836677666       4   0 0  0 4  0 0  0 0
   156   9.092342232385146       4   3 0  0 0  0 1  0 0
   157   43.13731320304683       4   2 1  0 0  0 1  0 0
   158   59.27286540923866       4   1 2  0 0  0 1  0 0
   159   23.73470390137786       4   0 3  0 0  0 1  0 0
   160  -.5238037600273890E-02   4   2 0  1 0  0 1  0 0
   161  0.3574188761196624E-01   4   1 1  1 0  0 1  0 0
   162  0.3672096900896422E-01   4   0 2  1 0  0 1  0 0
   163   5.384533362967283       4   1 0  2 0  0 1  0 0
   164   9.877242916199405       4   0 1  2 0  0 1  0 0
   165  0.1091543320882134E-02   4   0 0  3 0  0 1  0 0
   166  0.1760196825264531E-01   4   2 0  0 1  0 1  0 0
   167  0.7483840868787764E-01   4   1 1  0 1  0 1  0 0
   168  0.5379015387571942E-01   4   0 2  0 1  0 1  0 0
   169   29.19657166128559       4   1 0  1 1  0 1  0 0
   170   37.13759127857032       4   0 1  1 1  0 1  0 0
   171  -.1147982855516680E-01   4   0 0  2 1  0 1  0 0
   172   22.31308404921064       4   1 0  0 2  0 1  0 0
   173   23.34984606716873       4   0 1  0 2  0 1  0 0
   174  -.2355078676167495E-01   4   0 0  1 2  0 1  0 0
   175  -.1129225373445630E-01   4   0 0  0 3  0 1  0 0
   176   9.080106186715904       4   3 0  0 0  0 0  1 0
   177   43.07926103992878       4   2 1  0 0  0 0  1 0
   178   59.19309878040371       4   1 2  0 0  0 0  1 0
   179   23.70276285544504       4   0 3  0 0  0 0  1 0
   180  -.5230988496131622E-02   4   2 0  1 0  0 0  1 0
   181  0.3569378786407486E-01   4   1 1  1 0  0 0  1 0
   182  0.3667155165947127E-01   4   0 2  1 0  0 0  1 0
   183   5.377287111731648       4   1 0  2 0  0 0  1 0
   184   9.863950588181098       4   0 1  2 0  0 0  1 0
   185  0.1090074373323547E-02   4   0 0  3 0  0 0  1 0
   186  0.1757828035332290E-01   4   2 0  0 1  0 0  1 0
   187  0.7473769468447751E-01   4   1 1  0 1  0 0  1 0
   188  0.5371776562167555E-01   4   0 2  0 1  0 0  1 0
   189   29.15728029113055       4   1 0  1 1  0 0  1 0
   190   37.08761325846164       4   0 1  1 1  0 0  1 0
   191  -.1146437954292283E-01   4   0 0  2 1  0 0  1 0
   192   22.28305615227642       4   1 0  0 2  0 0  1 0
   193   23.31842294477161       4   0 1  0 2  0 0  1 0
   194  -.2351909322276120E-01   4   0 0  1 2  0 0  1 0
   195  -.1127705715156595E-01   4   0 0  0 3  0 0  1 0
   196  -29.96543669094148       4   3 0  0 0  0 0  0 1
   197  -86.24417239205600       4   2 1  0 0  0 0  0 1
   198  -84.01924534777251       4   1 2  0 0  0 0  0 1
   199  -26.22361090489114       4   0 3  0 0  0 0  0 1
   200  0.3597428636388539E-03   4   2 0  1 0  0 0  0 1
   201  0.7982183675927712E-03   4   1 1  1 0  0 0  0 1
   202  0.4412738897596274E-03   4   0 2  1 0  0 0  0 1
   203  -26.25272647248419       4   1 0  2 0  0 0  0 1
   204  -19.72352286592563       4   0 1  2 0  0 0  0 1
   205  -.7387888839263013E-03   4   0 0  3 0  0 0  0 1
   206  0.5453764921963879E-03   4   2 0  0 1  0 0  0 1
   207  0.9520971656237448E-03   4   1 1  0 1  0 0  0 1
   208  0.4716495821603135E-03   4   0 2  0 1  0 0  0 1
   209  -58.31577115220954       4   1 0  1 1  0 0  0 1
   210  -46.82581550085303       4   0 1  1 1  0 0  0 1
   211  -.2244105930141532E-02   4   0 0  2 1  0 0  0 1
   212  -29.12798031987488       4   1 0  0 2  0 0  0 1
   213  -22.86702999101340       4   0 1  0 2  0 0  0 1
   214  -.2235064689531637E-02   4   0 0  1 2  0 0  0 1
   215  -.6865999246905905E-03   4   0 0  0 3  0 0  0 1
   216  -.9452423709642251E-01   4   2 0  0 0  0 2  0 0
   217  -.7803422793541439       4   1 1  0 0  0 2  0 0
   218  -.7911444410791566       4   0 2  0 0  0 2  0 0
   219  -.6270349631938050E-03   4   1 0  1 0  0 2  0 0
   220  0.6891321356161025E-03   4   0 1  1 0  0 2  0 0
   221  -.1056109740201543E-01   4   0 0  2 0  0 2  0 0
   222  0.1100175684121666E-02   4   1 0  0 1  0 2  0 0
   223  0.2560238485008445E-02   4   0 1  0 1  0 2  0 0
   224  0.2911208340539785       4   0 0  1 1  0 2  0 0
   225  0.3794509325121980       4   0 0  0 2  0 2  0 0
   226  -.7198898269533158E-01   4   2 0  0 0  0 1  1 0
   227  -.6762989118724479       4   1 1  0 0  0 1  1 0
   228  -.8668521566253122       4   0 2  0 0  0 1  1 0
   229  -.7528525824936742E-03   4   1 0  1 0  0 1  1 0
   230  0.7754536140628642E-03   4   0 1  1 0  0 1  1 0
   231  -.3454459289322103E-02   4   0 0  2 0  0 1  1 0
   232  0.1211990369078578E-02   4   1 0  0 1  0 1  1 0
   233  0.3452619800041336E-02   4   0 1  0 1  0 1  1 0
   234  0.1765814150893671       4   0 0  1 1  0 1  1 0
   235  0.3678390441269675       4   0 0  0 2  0 1  1 0
   236  -.9434859114281823E-01   4   2 0  0 0  0 0  2 0
   237  -.7788370658894839       4   1 1  0 0  0 0  2 0
   238  -.7894964717861721       4   0 2  0 0  0 0  2 0
   239  -.6256845523290692E-03   4   1 0  1 0  0 0  2 0
   240  0.6876829496016900E-03   4   0 1  1 0  0 0  2 0
   241  -.1054456035060463E-01   4   0 0  2 0  0 0  2 0
   242  0.1097879599775668E-02   4   1 0  0 1  0 0  2 0
   243  0.2554469850209893E-02   4   0 1  0 1  0 0  2 0
   244  0.2906102398823422       4   0 0  1 1  0 0  2 0
   245  0.3786927751051606       4   0 0  0 2  0 0  2 0
   246  0.2636899633674529       4   2 0  0 0  0 1  0 1
   247   1.355698523808947       4   1 1  0 0  0 1  0 1
   248   1.018394336453979       4   0 2  0 0  0 1  0 1
   249  0.1008351693387982E-02   4   1 0  1 0  0 1  0 1
   250  -.1124325781395156E-02   4   0 1  1 0  0 1  0 1
   251  0.2434096656984570E-01   4   0 0  2 0  0 1  0 1
   252  -.1577519323362480E-02   4   1 0  0 1  0 1  0 1
   253  -.3104292682983517E-02   4   0 1  0 1  0 1  0 1
   254  -.3519800592801436       4   0 0  1 1  0 1  0 1
   255  -.3441388983132236       4   0 0  0 2  0 1  0 1
   256  0.2633351018420403       4   2 0  0 0  0 0  1 1
   257   1.353874088627475       4   1 1  0 0  0 0  1 1
   258   1.017023829351245       4   0 2  0 0  0 0  1 1
   259  0.1006994701200991E-02   4   1 0  1 0  0 0  1 1
   260  -.1122812716746193E-02   4   0 1  1 0  0 0  1 1
   261  0.2430820964418500E-01   4   0 0  2 0  0 0  1 1
   262  -.1575396372203007E-02   4   1 0  0 1  0 0  1 1
   263  -.3100115072191002E-02   4   0 1  0 1  0 0  1 1
   264  -.3515063811046117       4   0 0  1 1  0 0  1 1
   265  -.3436757724025789       4   0 0  0 2  0 0  1 1
   266  -.2661643829225758       4   2 0  0 0  0 0  0 2
   267  -.4724183757591665       4   1 1  0 0  0 0  0 2
   268  -.2095273585387666       4   0 2  0 0  0 0  0 2
   269  -.1094087133729461E-04   4   1 0  1 0  0 0  0 2
   270  -.5013396248000183E-04   4   0 1  1 0  0 0  0 2
   271  -.2408848970043541E-01   4   0 0  2 0  0 0  0 2
   272  -.1001285855636985E-04   4   1 0  0 1  0 0  0 2
   273  -.4116160683758265E-04   4   0 1  0 1  0 0  0 2
   274  -.5438238389300507E-01   4   0 0  1 1  0 0  0 2
   275  -.2873669213595228E-01   4   0 0  0 2  0 0  0 2
   276  -.1061628813244612       4   1 0  0 0  0 3  0 0
   277  -.9925770146813147       4   0 1  0 0  0 3  0 0
   278  -.4304545047567561E-05   4   0 0  1 0  0 3  0 0
   279  -.3408622946877458E-04   4   0 0  0 1  0 3  0 0
   280  -.6893465835364260E-01   4   1 0  0 0  0 2  1 0
   281  -.7128309314531904       4   0 1  0 0  0 2  1 0
   282  -.2171317030832262E-05   4   0 0  1 0  0 2  1 0
   283  -.2362272514388216E-04   4   0 0  0 1  0 2  1 0
   284  -.6900951993604329E-01   4   1 0  0 0  0 1  2 0
   285  -.7133929386843584       4   0 1  0 0  0 1  2 0
   286  -.2175611533801918E-05   4   0 0  1 0  0 1  2 0
   287  -.2364375448253173E-04   4   0 0  0 1  0 1  2 0
   288  -.1059022558650933       4   1 0  0 0  0 0  3 0
   289  -.9900943691891615       4   0 1  0 0  0 0  3 0
   290  -.4294396710142617E-05   4   0 0  1 0  0 0  3 0
   291  -.3400154826440496E-04   4   0 0  0 1  0 0  3 0
   292  0.2626000247334402       4   1 0  0 0  0 2  0 1
   293   1.425461197152593       4   0 1  0 0  0 2  0 1
   294  0.5739971677940336E-05   4   0 0  1 0  0 2  0 1
   295  0.4352033673208421E-04   4   0 0  0 1  0 2  0 1
   296  0.1883144110643717       4   1 0  0 0  0 1  1 1
   297   1.151413299660761       4   0 1  0 0  0 1  1 1
   298  0.3411223142380637E-05   4   0 0  1 0  0 1  1 1
   299  0.3362543021899439E-04   4   0 0  0 1  0 1  1 1
   300  0.2621199176663361       4   1 0  0 0  0 0  2 1
   301   1.422768119775900       4   0 1  0 0  0 0  2 1
   302  0.5729951762901855E-05   4   0 0  1 0  0 0  2 1
   303  0.4343914335431412E-04   4   0 0  0 1  0 0  2 1
   304  -.1881862066287720       4   1 0  0 0  0 1  0 2
   305  -.3009101440718515       4   0 1  0 0  0 1  0 2
   306  -.1412582296786869E-05   4   0 0  1 0  0 1  0 2
   307  -.4244996592017049E-05   4   0 0  0 1  0 1  0 2
   308  -.1879329545008003       4   1 0  0 0  0 0  1 2
   309  -.3005051933813639       4   0 1  0 0  0 0  1 2
   310  -.1410681310104583E-05   4   0 0  1 0  0 0  1 2
   311  -.4239283875663295E-05   4   0 0  0 1  0 0  1 2
   312  0.1309441785284977E-01   4   1 0  0 0  0 0  0 3
   313  0.1065822433617470E-01   4   0 1  0 0  0 0  0 3
   314  0.8335928186664080E-06   4   0 0  1 0  0 0  0 3
   315  0.6827074610064757E-06   4   0 0  0 1  0 0  0 3
   316  -.3539473712393542E-04   4   0 0  0 0  0 4  0 0
   317  -.2266683938608685E-04   4   0 0  0 0  0 3  1 0
   318  -.2098324436218579E-04   4   0 0  0 0  0 2  2 0
   319  -.2270321357005405E-04   4   0 0  0 0  0 1  3 0
   320  -.3528428213028837E-04   4   0 0  0 0  0 0  4 0
   321  0.4355337786234694E-04   4   0 0  0 0  0 3  0 1
   322  0.3072918696857576E-04   4   0 0  0 0  0 2  1 1
   323  0.3075495594008960E-04   4   0 0  0 0  0 1  2 1
   324  0.4344481067068678E-04   4   0 0  0 0  0 0  3 1
   325  -.3590034846876954E-05   4   0 0  0 0  0 2  0 2
   326  -.4347403456562515E-05   4   0 0  0 0  0 1  1 2
   327  -.3582278281829584E-05   4   0 0  0 0  0 0  2 2
   328  0.3404965787692239E-07   4   0 0  0 0  0 1  0 3
   329  0.3400383545205633E-07   4   0 0  0 0  0 0  1 3
   330  0.1373074785495391E-12   4   0 0  0 0  0 0  0 4
   ----------------------------------------------------
     I  COEFFICIENT            ORDER EXPONENTS
     1  -.6239961248692241E-05   0   0 0  0 0  0 0  0 0
     2  0.9827330948444413E-05   1   1 0  0 0  0 0  0 0
     3  0.8384360950957943E-05   1   0 1  0 0  0 0  0 0
     4  0.7049863905715115       1   0 0  1 0  0 0  0 0
     5  0.7936884957044608       1   0 0  0 1  0 0  0 0
     6  -.1161826602550490E-04   1   0 0  0 0  0 1  0 0
     7  -.1160263071063767E-04   1   0 0  0 0  0 0  1 0
     8  0.2322089673639286E-04   1   0 0  0 0  0 0  0 1
     9  0.2400357792429056E-03   2   2 0  0 0  0 0  0 0
    10  0.4368578522461298E-03   2   1 1  0 0  0 0  0 0
    11  0.2216774834537396E-03   2   0 2  0 0  0 0  0 0
    12  0.1273385081780667       2   1 0  1 0  0 0  0 0
    13  0.1111174427758651       2   0 1  1 0  0 0  0 0
    14  -.1662363503728376E-03   2   0 0  2 0  0 0  0 0
    15  0.1126972086274200       2   1 0  0 1  0 0  0 0
    16  0.9881344304793697E-01   2   0 1  0 1  0 0  0 0
    17  -.2144540442518115E-03   2   0 0  1 1  0 0  0 0
    18  -.2968890241202493E-04   2   0 0  0 2  0 0  0 0
    19  -.5104539959124553E-05   2   1 0  0 0  0 1  0 0
    20  -.8570060353371607E-05   2   0 1  0 0  0 1  0 0
    21  0.1404288427824829       2   0 0  1 0  0 1  0 0
    22  -.2747430419924515       2   0 0  0 1  0 1  0 0
    23  -.5097670509816193E-05   2   1 0  0 0  0 0  1 0
    24  -.8558527170041015E-05   2   0 1  0 0  0 0  1 0
    25  0.1402398602640482       2   0 0  1 0  0 0  1 0
    26  -.2743733057547293       2   0 0  0 1  0 0  1 0
    27  0.1020220382298364E-04   2   1 0  0 0  0 0  0 1
    28  0.8744219975685577E-05   2   0 1  0 0  0 0  0 1
    29  -.2806687030572471       2   0 0  1 0  0 0  0 1
    30  -.2445721479674922       2   0 0  0 1  0 0  0 1
    31  0.8444113889268343E-05   2   0 0  0 0  0 2  0 0
    32  0.5278486422255322E-05   2   0 0  0 0  0 1  1 0
    33  0.8429198429536123E-05   2   0 0  0 0  0 0  2 0
    34  -.1054845397679546E-04   2   0 0  0 0  0 1  0 1
    35  -.1053425836456492E-04   2   0 0  0 0  0 0  1 1
    36  -.1069087107783001E-05   2   0 0  0 0  0 0  0 2
    37  -.2169764780051268E-02   3   3 0  0 0  0 0  0 0
    38  -.5663040286709956E-02   3   2 1  0 0  0 0  0 0
    39  -.4936341127614523E-02   3   1 2  0 0  0 0  0 0
    40  -.1432479868779527E-02   3   0 3  0 0  0 0  0 0
    41  -1.105595925326250       3   2 0  1 0  0 0  0 0
    42  -2.328343413392229       3   1 1  1 0  0 0  0 0
    43  -1.451355196084451       3   0 2  1 0  0 0  0 0
    44  0.5126616490833910E-02   3   1 0  2 0  0 0  0 0
    45  0.4464763282563012E-02   3   0 1  2 0  0 0  0 0
    46  0.7649327930791402E-01   3   0 0  3 0  0 0  0 0
    47  -2.234863778724024       3   2 0  0 1  0 0  0 0
    48  -4.125138839006745       3   1 1  0 1  0 0  0 0
    49  -1.742298990566822       3   0 2  0 1  0 0  0 0
    50  0.9041892218957398E-02   3   1 0  1 1  0 0  0 0
    51  0.7916788001771452E-02   3   0 1  1 1  0 0  0 0
    52  -.8673419522146060E-01   3   0 0  2 1  0 0  0 0
    53  0.4025799816573467E-02   3   1 0  0 2  0 0  0 0
    54  0.3547878201712947E-02   3   0 1  0 2  0 0  0 0
    55  -.6841080075979721       3   0 0  1 2  0 0  0 0
    56  -.9451722406629123E-01   3   0 0  0 3  0 0  0 0
    57  -.1754186395261921E-03   3   2 0  0 0  0 1  0 0
    58  -.5504771241020551E-03   3   1 1  0 0  0 1  0 0
    59  -.3875773286110698E-03   3   0 2  0 0  0 1  0 0
    60  -.6050625992285086E-01   3   1 0  1 0  0 1  0 0
    61  -.1081469991972858       3   0 1  1 0  0 1  0 0
    62  0.2883809369337179E-04   3   0 0  2 0  0 1  0 0
    63  -.1105361205949961       3   1 0  0 1  0 1  0 0
    64  -.1461404446480227       3   0 1  0 1  0 1  0 0
    65  0.1876724041620267E-03   3   0 0  1 1  0 1  0 0
    66  0.6571529718058571E-04   3   0 0  0 2  0 1  0 0
    67  -.1751825693883142E-03   3   2 0  0 0  0 0  1 0
    68  -.5497363179315295E-03   3   1 1  0 0  0 0  1 0
    69  -.3870557453081127E-03   3   0 2  0 0  0 0  1 0
    70  -.6042483344980818E-01   3   1 0  1 0  0 0  1 0
    71  -.1080014600625578       3   0 1  1 0  0 0  1 0
    72  0.2879928474597156E-04   3   0 0  2 0  0 0  1 0
    73  -.1103873662932865       3   1 0  0 1  0 0  1 0
    74  -.1459437757249762       3   0 1  0 1  0 0  1 0
    75  0.1874198434851996E-03   3   0 0  1 1  0 0  1 0
    76  0.6562686063069476E-04   3   0 0  0 2  0 0  1 0
    77  0.3503560379481427E-03   3   2 0  0 0  0 0  0 1
    78  0.6628639640244474E-03   3   1 1  0 0  0 0  0 1
    79  0.3310305212411412E-03   3   0 2  0 0  0 0  0 1
    80  0.1209310904905266       3   1 0  1 0  0 0  0 1
    81  0.1050309967660836       3   0 1  1 0  0 0  0 1
    82  -.5750386164358167E-04   3   0 0  2 0  0 0  0 1
    83  0.1082262522272880       3   1 0  0 1  0 0  0 1
    84  0.9445729643285126E-01   3   0 1  0 1  0 0  0 1
    85  -.1603752908138619E-03   3   0 0  1 1  0 0  0 1
    86  -.7183623060276164E-04   3   0 0  0 2  0 0  0 1
    87  0.3918110574559124E-05   3   1 0  0 0  0 2  0 0
    88  0.8688243309960039E-05   3   0 1  0 0  0 2  0 0
    89  -.1017554523869225       3   0 0  1 0  0 2  0 0
    90  0.1476643542560783       3   0 0  0 1  0 2  0 0
    91  0.2751631937715565E-05   3   1 0  0 0  0 1  1 0
    92  0.8831861020513596E-05   3   0 1  0 0  0 1  1 0
    93  -.6318595856111456E-01   3   0 0  1 0  0 1  1 0
    94  0.2092716319241193E-01   3   0 0  0 1  0 1  1 0
    95  0.3910986257711097E-05   3   1 0  0 0  0 0  2 0
    96  0.8670608330398842E-05   3   0 1  0 0  0 0  2 0
    97  -.1015759983520786       3   0 0  1 0  0 0  2 0
    98  0.1474515531323198       3   0 0  0 1  0 0  2 0
    99  -.5531106246998178E-05   3   1 0  0 0  0 1  0 1
   100  -.9136191417705614E-05   3   0 1  0 0  0 1  0 1
   101  0.1262682069138109       3   0 0  1 0  0 1  0 1
   102  0.2332303118344337       3   0 0  0 1  0 1  0 1
   103  -.5523662744882940E-05   3   1 0  0 0  0 0  1 1
   104  -.9123896361869426E-05   3   0 1  0 0  0 0  1 1
   105  0.1260982811117608       3   0 0  1 0  0 0  1 1
   106  0.2329164414725308       3   0 0  0 1  0 0  1 1
   107  0.4540651296639703E-06   3   1 0  0 0  0 0  0 2
   108  0.4360356925410516E-06   3   0 1  0 0  0 0  0 2
   109  0.1415105991624785E-01   3   0 0  1 0  0 0  0 2
   110  0.1149871548806851E-01   3   0 0  0 1  0 0  0 2
   111  -.6860018019683390E-05   3   0 0  0 0  0 3  0 0
   112  -.3693545271270293E-05   3   0 0  0 0  0 2  1 0
   113  -.3699918570100101E-05   3   0 0  0 0  0 1  2 0
   114  -.6843688239640473E-05   3   0 0  0 0  0 0  3 0
   115  0.7384549259402396E-05   3   0 0  0 0  0 2  0 1
   116  0.4229009047510455E-05   3   0 0  0 0  0 1  1 1
   117  0.7371765880495947E-05   3   0 0  0 0  0 0  2 1
   118  0.1049702444738485E-05   3   0 0  0 0  0 1  0 2
   119  0.1048289804659117E-05   3   0 0  0 0  0 0  1 2
   120  0.1341423747047927E-07   3   0 0  0 0  0 0  0 3
   121  -.1146078078335308E-02   4   4 0  0 0  0 0  0 0
   122  -.4103989876089303E-02   4   3 1  0 0  0 0  0 0
   123  -.5621573164992892E-02   4   2 2  0 0  0 0  0 0
   124  -.3285875541481328E-02   4   1 3  0 0  0 0  0 0
   125  -.6334750258573525E-03   4   0 4  0 0  0 0  0 0
   126   26.08866073536499       4   3 0  1 0  0 0  0 0
   127   69.34516901224404       4   2 1  1 0  0 0  0 0
   128   61.77458281727232       4   1 2  1 0  0 0  0 0
   129   18.49498876415999       4   0 3  1 0  0 0  0 0
   130  0.3465021103304739E-02   4   2 0  2 0  0 0  0 0
   131  0.5536413911748632E-02   4   1 1  2 0  0 0  0 0
   132  0.2122433296260383E-02   4   0 2  2 0  0 0  0 0
   133  -20.44862398347580       4   1 0  3 0  0 0  0 0
   134  -17.58791927918724       4   0 1  3 0  0 0  0 0
   135  -.1598876469954465E-02   4   0 0  4 0  0 0  0 0
   136   23.58289467880465       4   3 0  0 1  0 0  0 0
   137   62.96348642112807       4   2 1  0 1  0 0  0 0
   138   56.39403325333722       4   1 2  0 1  0 0  0 0
   139   16.98895050758589       4   0 3  0 1  0 0  0 0
   140  0.6184916207597213E-02   4   2 0  1 1  0 0  0 0
   141  0.1016537808095505E-01   4   1 1  1 1  0 0  0 0
   142  0.3752701807401878E-02   4   0 2  1 1  0 0  0 0
   143  -54.35475995787075       4   1 0  2 1  0 0  0 0
   144  -46.98983213965086       4   0 1  2 1  0 0  0 0
   145  -.5353215317067837E-02   4   0 0  3 1  0 0  0 0
   146  0.2611410189723511E-02   4   2 0  0 2  0 0  0 0
   147  0.4621730933172477E-02   4   1 1  0 2  0 0  0 0
   148  0.1828337564045517E-02   4   0 2  0 2  0 0  0 0
   149  -48.27692196006220       4   1 0  1 2  0 0  0 0
   150  -41.88666056216627       4   0 1  1 2  0 0  0 0
   151  -.6635699314640644E-02   4   0 0  2 2  0 0  0 0
   152  -14.26770215970877       4   1 0  0 3  0 0  0 0
   153  -12.40479563178002       4   0 1  0 3  0 0  0 0
   154  -.3862531433498363E-02   4   0 0  1 3  0 0  0 0
   155  -.8805240351426783E-03   4   0 0  0 4  0 0  0 0
   156  -.2785611938299862E-03   4   3 0  0 0  0 1  0 0
   157  0.1667281913009222E-02   4   2 1  0 0  0 1  0 0
   158  0.3484169547399839E-02   4   1 2  0 0  0 1  0 0
   159  0.1577812224488254E-02   4   0 3  0 0  0 1  0 0
   160   1.162615022652086       4   2 0  1 0  0 1  0 0
   161   3.552821978921687       4   1 1  1 0  0 1  0 0
   162   2.758088891542741       4   0 2  1 0  0 1  0 0
   163  0.4158640123265123E-03   4   1 0  2 0  0 1  0 0
   164  -.1685277135626747E-02   4   0 1  2 0  0 1  0 0
   165  0.1692754461751736       4   0 0  3 0  0 1  0 0
   166   2.808217090223640       4   2 0  0 1  0 1  0 0
   167   7.358189348903209       4   1 1  0 1  0 1  0 0
   168   4.308644716714035       4   0 2  0 1  0 1  0 0
   169  -.3230614532314895E-02   4   1 0  1 1  0 1  0 0
   170  -.6426846858747687E-02   4   0 1  1 1  0 1  0 0
   171  0.2491752353562930       4   0 0  2 1  0 1  0 0
   172  -.3217593914116766E-02   4   1 0  0 2  0 1  0 0
   173  -.4441522665929930E-02   4   0 1  0 2  0 1  0 0
   174  0.7960040530140521       4   0 0  1 2  0 1  0 0
   175  0.2620396986330880       4   0 0  0 3  0 1  0 0
   176  -.2781863193034675E-03   4   3 0  0 0  0 0  1 0
   177  0.1665038163586956E-02   4   2 1  0 0  0 0  1 0
   178  0.3479480716226160E-02   4   1 2  0 0  0 0  1 0
   179  0.1575688879156247E-02   4   0 3  0 0  0 0  1 0
   180   1.161050430146776       4   2 0  1 0  0 0  1 0
   181   3.548040758541193       4   1 1  1 0  0 0  1 0
   182   2.754377185496741       4   0 2  1 0  0 0  1 0
   183  0.4153043621377166E-03   4   1 0  2 0  0 0  1 0
   184  -.1683009169081979E-02   4   0 1  2 0  0 0  1 0
   185  0.1690476432573857       4   0 0  3 0  0 0  1 0
   186   2.804437924010329       4   2 0  0 1  0 0  1 0
   187   7.348287044456940       4   1 1  0 1  0 0  1 0
   188   4.302846345713689       4   0 2  0 1  0 0  1 0
   189  -.3226266923530891E-02   4   1 0  1 1  0 0  1 0
   190  -.6418197911131985E-02   4   0 1  1 1  0 0  1 0
   191  0.2488399070677715       4   0 0  2 1  0 0  1 0
   192  -.3213263827867095E-02   4   1 0  0 2  0 0  1 0
   193  -.4435545474047836E-02   4   0 1  0 2  0 0  1 0
   194  0.7949328282738761       4   0 0  1 2  0 0  1 0
   195  0.2616870579561706       4   0 0  0 3  0 0  1 0
   196  0.2248189604050255E-03   4   3 0  0 0  0 0  0 1
   197  0.7961684193667548E-03   4   2 1  0 0  0 0  0 1
   198  0.9010072595738459E-03   4   1 2  0 0  0 0  0 1
   199  0.3348103507160888E-03   4   0 3  0 0  0 0  0 1
   200  -2.321176400806283       4   2 0  1 0  0 0  0 1
   201  -4.767567374449249       4   1 1  1 0  0 0  0 1
   202  -2.607280355058289       4   0 2  1 0  0 0  0 1
   203  -.1854659614882619E-03   4   1 0  2 0  0 0  0 1
   204  -.1702282795993641E-03   4   0 1  2 0  0 0  0 1
   205  -.3387792048464941       4   0 0  3 0  0 0  0 1
   206  -3.375301298416875       4   2 0  0 1  0 0  0 1
   207  -6.451213466720898       4   1 1  0 1  0 0  0 1
   208  -3.382087105092546       4   0 2  0 1  0 0  0 1
   209  -.4903200531770720E-03   4   1 0  1 1  0 0  0 1
   210  -.4438236634433001E-03   4   0 1  1 1  0 0  0 1
   211  -.4126394011650921       4   0 0  2 1  0 0  0 1
   212  -.2578230922520555E-03   4   1 0  0 2  0 0  0 1
   213  -.2269106959942889E-03   4   0 1  0 2  0 0  0 1
   214  -.2240605148876088       4   0 0  1 2  0 0  0 1
   215  -.2406113157751857       4   0 0  0 3  0 0  0 1
   216  -.1110406055529990E-03   4   2 0  0 0  0 2  0 0
   217  0.9154358948505533E-04   4   1 1  0 0  0 2  0 0
   218  0.2499478468356091E-03   4   0 2  0 0  0 2  0 0
   219  0.4395776783363858E-01   4   1 0  1 0  0 2  0 0
   220  0.1063847094314253       4   0 1  1 0  0 2  0 0
   221  -.1051205904922265E-04   4   0 0  2 0  0 2  0 0
   222  0.1090397332529533       4   1 0  0 1  0 2  0 0
   223  0.1808760458726970       4   0 1  0 1  0 2  0 0
   224  -.2787655871235384E-03   4   0 0  1 1  0 2  0 0
   225  -.1852933654965892E-03   4   0 0  0 2  0 2  0 0
   226  -.1360588074541607E-03   4   2 0  0 0  0 1  1 0
   227  0.1356503674423603E-03   4   1 1  0 0  0 1  1 0
   228  0.3672036245945705E-03   4   0 2  0 0  0 1  1 0
   229  0.2722061847938183E-01   4   1 0  1 0  0 1  1 0
   230  0.1041412413973562       4   0 1  1 0  0 1  1 0
   231  0.3737959382700202E-04   4   0 0  2 0  0 1  1 0
   232  0.1073647307789171       4   1 0  0 1  0 1  1 0
   233  0.2152127095941133       4   0 1  0 1  0 1  1 0
   234  -.2085465205841604E-03   4   0 0  1 1  0 1  1 0
   235  -.1917980508574187E-03   4   0 0  0 2  0 1  1 0
   236  -.1107996215737873E-03   4   2 0  0 0  0 0  2 0
   237  0.9132911850090261E-04   4   1 1  0 0  0 0  2 0
   238  0.2493643961368380E-03   4   0 2  0 0  0 0  2 0
   239  0.4388029542860292E-01   4   1 0  1 0  0 0  2 0
   240  0.1061714677158775       4   0 1  1 0  0 0  2 0
   241  -.1052306426343690E-04   4   0 0  2 0  0 0  2 0
   242  0.1088207495214273       4   1 0  0 1  0 0  2 0
   243  0.1804878198535806       4   0 1  0 1  0 0  2 0
   244  -.2782501114946962E-03   4   0 0  1 1  0 0  2 0
   245  -.1849149500289384E-03   4   0 0  0 2  0 0  2 0
   246  0.9655458551527817E-04   4   2 0  0 0  0 1  0 1
   247  -.1120895585075129E-03   4   1 1  0 0  0 1  0 1
   248  -.1876604515386633E-03   4   0 2  0 0  0 1  0 1
   249  -.5409732106312795E-01   4   1 0  1 0  0 1  0 1
   250  -.9926776862725060E-01   4   0 1  1 0  0 1  0 1
   251  -.6684834861444887E-04   4   0 0  2 0  0 1  0 1
   252  -.1038775717677334       4   1 0  0 1  0 1  0 1
   253  -.1377254404453680       4   0 1  0 1  0 1  0 1
   254  0.4412266212667536E-05   4   0 0  1 1  0 1  0 1
   255  0.9601830947893688E-04   4   0 0  0 2  0 1  0 1
   256  0.9642464690455176E-04   4   2 0  0 0  0 0  1 1
   257  -.1119387136622712E-03   4   1 1  0 0  0 0  1 1
   258  -.1874079069471133E-03   4   0 2  0 0  0 0  1 1
   259  -.5402451943796020E-01   4   1 0  1 0  0 0  1 1
   260  -.9913417874256032E-01   4   0 1  1 0  0 0  1 1
   261  -.6675838725733709E-04   4   0 0  2 0  0 0  1 1
   262  -.1037377782272293       4   1 0  0 1  0 0  1 1
   263  -.1375400960383923       4   0 1  0 1  0 0  1 1
   264  0.4406328392741343E-05   4   0 0  1 1  0 0  1 1
   265  0.9588909256322625E-04   4   0 0  0 2  0 0  1 1
   266  -.1945000407930173E-06   4   2 0  0 0  0 0  0 2
   267  -.3504099902334327E-06   4   1 1  0 0  0 0  0 2
   268  -.1457827358883052E-06   4   0 2  0 0  0 0  0 2
   269  -.6729612138120864E-02   4   1 0  1 0  0 0  0 2
   270  -.6370019144873089E-02   4   0 1  1 0  0 0  0 2
   271  0.8426106236152724E-04   4   0 0  2 0  0 0  0 2
   272  -.4709019166115981E-02   4   1 0  0 1  0 0  0 2
   273  -.4568955943375557E-02   4   0 1  0 1  0 0  0 2
   274  0.1571583809579273E-03   4   0 0  1 1  0 0  0 2
   275  0.7290792068751196E-04   4   0 0  0 2  0 0  0 2
   276  -.7364812173405868E-05   4   1 0  0 0  0 3  0 0
   277  -.1296733983276497E-04   4   0 1  0 0  0 3  0 0
   278  0.8245824786385555E-01   4   0 0  1 0  0 3  0 0
   279  -.8558703170722802E-01   4   0 0  0 1  0 3  0 0
   280  -.5034784239794833E-05   4   1 0  0 0  0 2  1 0
   281  -.1233096251749956E-04   4   0 1  0 0  0 2  1 0
   282  0.4388600084784113E-01   4   0 0  1 0  0 2  1 0
   283  0.3848341041736996E-01   4   0 0  0 1  0 2  1 0
   284  -.5039467695395469E-05   4   1 0  0 0  0 1  2 0
   285  -.1233221190053813E-04   4   0 1  0 0  0 1  2 0
   286  0.4396363991200931E-01   4   0 0  1 0  0 1  2 0
   287  0.3823319069040172E-01   4   0 0  0 1  0 1  2 0
   288  -.7346562128134234E-05   4   1 0  0 0  0 0  3 0
   289  -.1293287754813788E-04   4   0 1  0 0  0 0  3 0
   290  0.8226230521261703E-01   4   0 0  1 0  0 0  3 0
   291  -.8544012305331793E-01   4   0 0  0 1  0 0  3 0
   292  0.8642303863232046E-05   4   1 0  0 0  0 2  0 1
   293  0.1365073957672897E-04   4   0 1  0 0  0 2  0 1
   294  -.8774275505241007E-01   4   0 0  1 0  0 2  0 1
   295  -.2247073124135057       4   0 0  0 1  0 2  0 1
   296  0.6335151128262712E-05   4   1 0  0 0  0 1  1 1
   297  0.1305931756891156E-04   4   0 1  0 0  0 1  1 1
   298  -.4931955893984469E-01   4   0 0  1 0  0 1  1 1
   299  -.2162055152131231       4   0 0  0 1  0 1  1 1
   300  0.8626410684150382E-05   4   1 0  0 0  0 0  2 1
   301  0.1362358174772341E-04   4   0 1  0 0  0 0  2 1
   302  -.8759148901879808E-01   4   0 0  1 0  0 0  2 1
   303  -.2242594323060683       4   0 0  0 1  0 0  2 1
   304  -.8585155268314803E-07   4   1 0  0 0  0 1  0 2
   305  -.2473283672342925E-06   4   0 1  0 0  0 1  0 2
   306  -.1386828540419129E-01   4   0 0  1 0  0 1  0 2
   307  -.1703835804691065E-01   4   0 0  0 1  0 1  0 2
   308  -.8573601770958842E-07   4   1 0  0 0  0 0  1 2
   309  -.2469955243738539E-06   4   0 1  0 0  0 0  1 2
   310  -.1384962211928399E-01   4   0 0  1 0  0 0  1 2
   311  -.1701542862764110E-01   4   0 0  0 1  0 0  1 2
   312  0.1382410050554852E-07   4   1 0  0 0  0 0  0 3
   313  0.1053821886463982E-07   4   0 1  0 0  0 0  0 3
   314  -.1949703394353204E-03   4   0 0  1 0  0 0  0 3
   315  -.1476642168384509E-03   4   0 0  0 1  0 0  0 3
   316  0.6572718204689439E-05   4   0 0  0 0  0 4  0 0
   317  0.2718146170137690E-05   4   0 0  0 0  0 3  1 0
   318  0.2208529406662135E-05   4   0 0  0 0  0 2  2 0
   319  0.2729180322725985E-05   4   0 0  0 0  0 1  3 0
   320  0.6553208141276743E-05   4   0 0  0 0  0 0  4 0
   321  0.1664578531484688E-05   4   0 0  0 0  0 3  0 1
   322  0.1948536266830365E-05   4   0 0  0 0  0 2  1 1
   323  0.1947958539469326E-05   4   0 0  0 0  0 1  2 1
   324  0.1659909006815759E-05   4   0 0  0 0  0 0  3 1
   325  0.1993658433219118E-07   4   0 0  0 0  0 2  0 2
   326  0.2890733609029100E-07   4   0 0  0 0  0 1  1 2
   327  0.1989030355129722E-07   4   0 0  0 0  0 0  2 2
   328  -.5069601778092942E-09   4   0 0  0 0  0 1  0 3
   329  -.5062779346942042E-09   4   0 0  0 0  0 0  1 3
   330  0.3611041032751707E-14   4   0 0  0 0  0 0  0 4
   ----------------------------------------------------
     I  COEFFICIENT            ORDER EXPONENTS
     1  0.1980442398014090E-03   0   0 0  0 0  0 0  0 0
     2  0.7934483281505747E-04   1   1 0  0 0  0 0  0 0
     3  0.7346492553051688E-04   1   0 1  0 0  0 0  0 0
     4  -2.189149001225942       1   0 0  1 0  0 0  0 0
     5  -1.046122857997625       1   0 0  0 1  0 0  0 0
     6  0.1108298675581459E-04   1   0 0  0 0  0 1  0 0
     7  0.1106807179456164E-04   1   0 0  0 0  0 0  1 0
     8  0.1758931812496209E-03   1   0 0  0 0  0 0  0 1
     9  0.1429985097577916E-02   2   2 0  0 0  0 0  0 0
    10  0.2571137581441673E-02   2   1 1  0 0  0 0  0 0
    11  0.1225205424592559E-02   2   0 2  0 0  0 0  0 0
    12  0.9247292364449160       2   1 0  1 0  0 0  0 0
    13  0.8467098640923172       2   0 1  1 0  0 0  0 0
    14  0.8085828301043142E-03   2   0 0  2 0  0 0  0 0
    15  0.8800846448086654       2   1 0  0 1  0 0  0 0
    16  0.8112908749083202       2   0 1  0 1  0 0  0 0
    17  0.1991647595726904E-02   2   0 0  1 1  0 0  0 0
    18  0.1053464715202520E-02   2   0 0  0 2  0 0  0 0
    19  -.5674908879737545E-05   2   1 0  0 0  0 1  0 0
    20  -.4223841958596225E-04   2   0 1  0 0  0 1  0 0
    21  -.1379187928032448       2   0 0  1 0  0 1  0 0
    22  0.9062511387210702       2   0 0  0 1  0 1  0 0
    23  -.5667271854816400E-05   2   1 0  0 0  0 0  1 0
    24  -.4218157711151125E-04   2   0 1  0 0  0 0  1 0
    25  -.1377331881917781       2   0 0  1 0  0 0  1 0
    26  0.9050315486487163       2   0 0  0 1  0 0  1 0
    27  0.9068680947990588E-04   2   1 0  0 0  0 0  0 1
    28  0.8441979645864348E-04   2   0 1  0 0  0 0  0 1
    29  -1.913497020327076       2   0 0  1 0  0 0  0 1
    30  -1.811282687474214       2   0 0  0 1  0 0  0 1
    31  -.8094170066951753E-05   2   0 0  0 0  0 2  0 0
    32  -.5113359523982596E-05   2   0 0  0 0  0 1  1 0
    33  -.8079836655204896E-05   2   0 0  0 0  0 0  2 0
    34  0.2130165011846415E-04   2   0 0  0 0  0 1  0 1
    35  0.2127298336164665E-04   2   0 0  0 0  0 0  1 1
    36  -.2128729846404221E-04   2   0 0  0 0  0 0  0 2
    37  -.2052082443600927E-01   3   3 0  0 0  0 0  0 0
    38  -.5761969483100736E-01   3   2 1  0 0  0 0  0 0
    39  -.5414809511993014E-01   3   1 2  0 0  0 0  0 0
    40  -.1698975706115318E-01   3   0 3  0 0  0 0  0 0
    41  -22.89578001876276       3   2 0  1 0  0 0  0 0
    42  -44.14309765697369       3   1 1  1 0  0 0  0 0
    43  -22.01042814623802       3   0 2  1 0  0 0  0 0
    44  0.3475443074630986E-01   3   1 0  2 0  0 0  0 0
    45  0.3149592335168670E-01   3   0 1  2 0  0 0  0 0
    46  -3.304466800442777       3   0 0  3 0  0 0  0 0
    47  -20.48849566790383       3   2 0  0 1  0 0  0 0
    48  -40.36299396607112       3   1 1  0 1  0 0  0 0
    49  -21.53239991660913       3   0 2  0 1  0 0  0 0
    50  0.6544735730864712E-01   3   1 0  1 1  0 0  0 0
    51  0.5964723634331035E-01   3   0 1  1 1  0 0  0 0
    52  -10.55804665074497       3   0 0  2 1  0 0  0 0
    53  0.3114208995396394E-01   3   1 0  0 2  0 0  0 0
    54  0.2858277722309316E-01   3   0 1  0 2  0 0  0 0
    55  -9.897640302106343       3   0 0  1 2  0 0  0 0
    56  -3.761317803071692       3   0 0  0 3  0 0  0 0
    57  -.8520935755810561E-03   3   2 0  0 0  0 1  0 0
    58  -.2926331509530259E-02   3   1 1  0 0  0 1  0 0
    59  -.1995782441513951E-02   3   0 2  0 0  0 1  0 0
    60  0.7248524413538636E-01   3   1 0  1 0  0 1  0 0
    61  -.3536114368479421       3   0 1  1 0  0 1  0 0
    62  -.5807973675497028E-04   3   0 0  2 0  0 1  0 0
    63  -.3863656373954143       3   1 0  0 1  0 1  0 0
    64  -.7585313887726733       3   0 1  0 1  0 1  0 0
    65  -.1183807739027398E-02   3   0 0  1 1  0 1  0 0
    66  -.1184279867774328E-02   3   0 0  0 2  0 1  0 0
    67  -.8509468682048206E-03   3   2 0  0 0  0 0  1 0
    68  -.2922393390497968E-02   3   1 1  0 0  0 0  1 0
    69  -.1993096611562137E-02   3   0 2  0 0  0 0  1 0
    70  0.7238769690993926E-01   3   1 0  1 0  0 0  1 0
    71  -.3531355632413624       3   0 1  1 0  0 0  1 0
    72  -.5800157578244973E-04   3   0 0  2 0  0 0  1 0
    73  -.3858456847293897       3   1 0  0 1  0 0  1 0
    74  -.7575105929780093       3   0 1  0 1  0 0  1 0
    75  -.1182214626363143E-02   3   0 0  1 1  0 0  1 0
    76  -.1182686119741453E-02   3   0 0  0 2  0 0  1 0
    77  0.3130795763123179E-02   3   2 0  0 0  0 0  0 1
    78  0.5843932357102082E-02   3   1 1  0 0  0 0  0 1
    79  0.2761092560783190E-02   3   0 2  0 0  0 0  0 1
    80  0.7798596940427568       3   1 0  1 0  0 0  0 1
    81  0.7067499118484313       3   0 1  1 0  0 0  0 1
    82  0.9258702726157715E-03   3   0 0  2 0  0 0  0 1
    83  0.7722143041473690       3   1 0  0 1  0 0  0 1
    84  0.7047536638982250       3   0 1  0 1  0 0  0 1
    85  0.2368658104424185E-02   3   0 0  1 1  0 0  0 1
    86  0.1314957672164688E-02   3   0 0  0 2  0 0  0 1
    87  0.4398155494978345E-05   3   1 0  0 0  0 2  0 0
    88  0.3440893671435293E-04   3   0 1  0 0  0 2  0 0
    89  0.1005741825176925       3   0 0  1 0  0 2  0 0
    90  -.6230686494382602       3   0 0  0 1  0 2  0 0
    91  0.3360292293289137E-05   3   1 0  0 0  0 1  1 0
    92  0.2689878367860682E-04   3   0 1  0 0  0 1  1 0
    93  0.6332967638509257E-01   3   0 0  1 0  0 1  1 0
    94  -.3406469048771709       3   0 0  0 1  0 1  1 0
    95  0.4389975603091247E-05   3   1 0  0 0  0 0  2 0
    96  0.3434453123130309E-04   3   0 1  0 0  0 0  2 0
    97  0.1003962214758302       3   0 0  1 0  0 0  2 0
    98  -.6220009397388290       3   0 0  0 1  0 0  2 0
    99  -.1255631337030832E-04   3   1 0  0 0  0 1  0 1
   100  -.5409190913979674E-04   3   0 1  0 0  0 1  0 1
   101  -.2644777165176114       3   0 0  1 0  0 1  0 1
   102  0.6805335457762670       3   0 0  0 1  0 1  0 1
   103  -.1253941567553316E-04   3   1 0  0 0  0 0  1 1
   104  -.5401911479773973E-04   3   0 1  0 0  0 0  1 1
   105  -.2641217948711249       3   0 0  1 0  0 0  1 1
   106  0.6796177158027966       3   0 0  0 1  0 0  1 1
   107  0.1287581027191852E-04   3   1 0  0 0  0 0  0 2
   108  0.1222460280275815E-04   3   0 1  0 0  0 0  0 2
   109  0.2642996061713570       3   0 0  1 0  0 0  0 2
   110  0.2255655133066596       3   0 0  0 1  0 0  0 2
   111  0.6601543676570198E-05   3   0 0  0 0  0 3  0 0
   112  0.3621459606715506E-05   3   0 0  0 0  0 2  1 0
   113  0.3627457358160947E-05   3   0 0  0 0  0 1  2 0
   114  0.6585784099565249E-05   3   0 0  0 0  0 0  3 0
   115  -.1533596089937829E-04   3   0 0  0 0  0 2  0 1
   116  -.9387718130995483E-05   3   0 0  0 0  0 1  1 1
   117  -.1530900571164231E-04   3   0 0  0 0  0 0  2 1
   118  0.9380745672180429E-05   3   0 0  0 0  0 1  0 2
   119  0.9368121506754003E-05   3   0 0  0 0  0 0  1 2
   120  0.8465353608897180E-06   3   0 0  0 0  0 0  0 3
   121  -.6954667109323231E-02   4   4 0  0 0  0 0  0 0
   122  -.2550532878376537E-01   4   3 1  0 0  0 0  0 0
   123  -.3552357490678228E-01   4   2 2  0 0  0 0  0 0
   124  -.2124941942173055E-01   4   1 3  0 0  0 0  0 0
   125  -.4423086304659500E-02   4   0 4  0 0  0 0  0 0
   126   224.4050942209002       4   3 0  1 0  0 0  0 0
   127   625.2664789555129       4   2 1  1 0  0 0  0 0
   128   583.2713397206080       4   1 2  1 0  0 0  0 0
   129   182.5392068280448       4   0 3  1 0  0 0  0 0
   130  0.4423879219351036E-01   4   2 0  2 0  0 0  0 0
   131  0.8674797364073585E-01   4   1 1  2 0  0 0  0 0
   132  0.4207933996190927E-01   4   0 2  2 0  0 0  0 0
   133  -134.4416785833861       4   1 0  3 0  0 0  0 0
   134  -121.1207875559772       4   0 1  3 0  0 0  0 0
   135  -.6922623107271328E-02   4   0 0  4 0  0 0  0 0
   136   216.6115602949303       4   3 0  0 1  0 0  0 0
   137   607.6627418433958       4   2 1  0 1  0 0  0 0
   138   571.0117409294342       4   1 2  0 1  0 0  0 0
   139   180.0862536543384       4   0 3  0 1  0 0  0 0
   140  0.9151236571157390E-01   4   2 0  1 1  0 0  0 0
   141  0.1803064350624870       4   1 1  1 1  0 0  0 0
   142  0.8923708652951451E-01   4   0 2  1 1  0 0  0 0
   143  -376.0484309221915       4   1 0  2 1  0 0  0 0
   144  -341.5820612214665       4   0 1  2 1  0 0  0 0
   145  -.2363251362242513E-01   4   0 0  3 1  0 0  0 0
   146  0.4572957385668687E-01   4   2 0  0 2  0 0  0 0
   147  0.9133660955302735E-01   4   1 1  0 2  0 0  0 0
   148  0.4641272073685906E-01   4   0 2  0 2  0 0  0 0
   149  -354.2704393794188       4   1 0  1 2  0 0  0 0
   150  -324.0139379690374       4   0 1  1 2  0 0  0 0
   151  -.3023329625971566E-01   4   0 0  2 2  0 0  0 0
   152  -111.9762670520963       4   1 0  0 3  0 0  0 0
   153  -102.9720421649852       4   0 1  0 3  0 0  0 0
   154  -.1651761050664622E-01   4   0 0  1 3  0 0  0 0
   155  -.2851744448286468E-02   4   0 0  0 4  0 0  0 0
   156  -.2567084350463552E-02   4   3 0  0 0  0 1  0 0
   157  0.1709053413009199E-01   4   2 1  0 0  0 1  0 0
   158  0.3868913698550757E-01   4   1 2  0 0  0 1  0 0
   159  0.1915513436928608E-01   4   0 3  0 0  0 1  0 0
   160   12.61488466776713       4   2 0  1 0  0 1  0 0
   161   45.68964257719095       4   1 1  1 0  0 1  0 0
   162   32.85383682682391       4   0 2  1 0  0 1  0 0
   163  0.4241363726298433E-02   4   1 0  2 0  0 1  0 0
   164  -.9797132903302393E-02   4   0 1  2 0  0 1  0 0
   165  0.3599138873829821       4   0 0  3 0  0 1  0 0
   166   22.08439059821016       4   2 0  0 1  0 1  0 0
   167   62.94257259406722       4   1 1  0 1  0 1  0 0
   168   42.79641631461732       4   0 2  0 1  0 1  0 0
   169  -.1909564215538252E-01   4   1 0  1 1  0 1  0 0
   170  -.4274638317188476E-01   4   0 1  1 1  0 1  0 0
   171   6.889004417555602       4   0 0  2 1  0 1  0 0
   172  -.2171442886279084E-01   4   1 0  0 2  0 1  0 0
   173  -.3186365418565090E-01   4   0 1  0 2  0 1  0 0
   174   11.99343882796402       4   0 0  1 2  0 1  0 0
   175   6.431054621843773       4   0 0  0 3  0 1  0 0
   176  -.2563629689327198E-02   4   3 0  0 0  0 0  1 0
   177  0.1706753449470864E-01   4   2 1  0 0  0 0  1 0
   178  0.3863707096830829E-01   4   1 2  0 0  0 0  1 0
   179  0.1912935629220209E-01   4   0 3  0 0  0 0  1 0
   180   12.59790815050023       4   2 0  1 0  0 0  1 0
   181   45.62815560948891       4   1 1  1 0  0 0  1 0
   182   32.80962368157016       4   0 2  1 0  0 0  1 0
   183  0.4235655898884137E-02   4   1 0  2 0  0 0  1 0
   184  -.9783948383564006E-02   4   0 1  2 0  0 0  1 0
   185  0.3594295322355057       4   0 0  3 0  0 0  1 0
   186   22.05467046614443       4   2 0  0 1  0 0  1 0
   187   62.85786744625089       4   1 1  0 1  0 0  1 0
   188   42.73882291446638       4   0 2  0 1  0 0  1 0
   189  -.1906994414011625E-01   4   1 0  1 1  0 0  1 0
   190  -.4268885710397929E-01   4   0 1  1 1  0 0  1 0
   191   6.879733520077999       4   0 0  2 1  0 0  1 0
   192  -.2168520660779286E-01   4   1 0  0 2  0 0  1 0
   193  -.3182077358152986E-01   4   0 1  0 2  0 0  1 0
   194   11.97729862322054       4   0 0  1 2  0 0  1 0
   195   6.422400011618800       4   0 0  0 3  0 0  1 0
   196  0.1214953298294358E-02   4   3 0  0 0  0 0  0 1
   197  0.3432755731362340E-02   4   2 1  0 0  0 0  0 1
   198  0.3259179277247197E-02   4   1 2  0 0  0 0  0 1
   199  0.1085656919163813E-02   4   0 3  0 0  0 0  0 1
   200  -48.08971761909118       4   2 0  1 0  0 0  0 1
   201  -91.27748050049065       4   1 1  1 0  0 0  0 1
   202  -43.63139218537069       4   0 2  1 0  0 0  0 1
   203  -.3566428024017119E-02   4   1 0  2 0  0 0  0 1
   204  -.3289902195673206E-02   4   0 1  2 0  0 0  0 1
   205  -4.027575936630836       4   0 0  3 0  0 0  0 1
   206  -44.11714762091155       4   2 0  0 1  0 0  0 1
   207  -85.39038876235030       4   1 1  0 1  0 0  0 1
   208  -42.44511116443721       4   0 2  0 1  0 0  0 1
   209  -.6955430350447954E-02   4   1 0  1 1  0 0  0 1
   210  -.6595441412791964E-02   4   0 1  1 1  0 0  0 1
   211  -13.78080489936338       4   0 0  2 1  0 0  0 1
   212  -.3382338220628121E-02   4   1 0  0 2  0 0  0 1
   213  -.3238764838738358E-02   4   0 1  0 2  0 0  0 1
   214  -14.08622765829777       4   0 0  1 2  0 0  0 1
   215  -5.335642495368772       4   0 0  0 3  0 0  0 1
   216  -.4569701409700773E-03   4   2 0  0 0  0 2  0 0
   217  0.3495937992075899E-03   4   1 1  0 0  0 2  0 0
   218  0.9354707384950094E-03   4   0 2  0 0  0 2  0 0
   219  -.5483561867066976E-01   4   1 0  1 0  0 2  0 0
   220  0.2306517144935188       4   0 1  1 0  0 2  0 0
   221  -.2338820030236441E-03   4   0 0  2 0  0 2  0 0
   222  0.2630822668794136       4   1 0  0 1  0 2  0 0
   223  0.7201046935475746       4   0 1  0 1  0 2  0 0
   224  0.3272450891793757E-03   4   0 0  1 1  0 2  0 0
   225  0.9239588160778208E-03   4   0 0  0 2  0 2  0 0
   226  -.4882168568271671E-03   4   2 0  0 0  0 1  1 0
   227  0.6476731503557492E-03   4   1 1  0 0  0 1  1 0
   228  0.1536702870739424E-02   4   0 2  0 0  0 1  1 0
   229  -.3917779727944889E-01   4   1 0  1 0  0 1  1 0
   230  0.1056560974559677       4   0 1  1 0  0 1  1 0
   231  -.1939319204431598E-03   4   0 0  2 0  0 1  1 0
   232  0.1378252192817050       4   1 0  0 1  0 1  1 0
   233  0.6788788184264666       4   0 1  0 1  0 1  1 0
   234  0.1993156724405689E-03   4   0 0  1 1  0 1  1 0
   235  0.1023740998871324E-02   4   0 0  0 2  0 1  1 0
   236  -.4560266624720900E-03   4   2 0  0 0  0 0  2 0
   237  0.3486875283474139E-03   4   1 1  0 0  0 0  2 0
   238  0.9331778149117820E-03   4   0 2  0 0  0 0  2 0
   239  -.5473546166278004E-01   4   1 0  1 0  0 0  2 0
   240  0.2302702207881140       4   0 1  1 0  0 0  2 0
   241  -.2334367634270331E-03   4   0 0  2 0  0 0  2 0
   242  0.2626354838209695       4   1 0  0 1  0 0  2 0
   243  0.7186788090286628       4   0 1  0 1  0 0  2 0
   244  0.3266705833416101E-03   4   0 0  1 1  0 0  2 0
   245  0.9220265446532940E-03   4   0 0  0 2  0 0  2 0
   246  0.1055904469998724E-02   4   2 0  0 0  0 1  0 1
   247  -.1055191844488738E-03   4   1 1  0 0  0 1  0 1
   248  -.9821100350585988E-03   4   0 2  0 0  0 1  0 1
   249  0.1515060458481817       4   1 0  1 0  0 1  0 1
   250  -.2093966844899945       4   0 1  1 0  0 1  0 1
   251  0.4105348187486284E-03   4   0 0  2 0  0 1  0 1
   252  -.2738383170069854       4   1 0  0 1  0 1  0 1
   253  -.5962372897297774       4   0 1  0 1  0 1  0 1
   254  -.1617056415092707E-03   4   0 0  1 1  0 1  0 1
   255  -.7392347420505633E-03   4   0 0  0 2  0 1  0 1
   256  0.1054483483526059E-02   4   2 0  0 0  0 0  1 1
   257  -.1053771817033835E-03   4   1 1  0 0  0 0  1 1
   258  -.9807883576586590E-03   4   0 2  0 0  0 0  1 1
   259  0.1513021561519111       4   1 0  1 0  0 0  1 1
   260  -.2091148883005323       4   0 1  1 0  0 0  1 1
   261  0.4099823403373892E-03   4   0 0  2 0  0 0  1 1
   262  -.2734697983055110       4   1 0  0 1  0 0  1 1
   263  -.5954349016849499       4   0 1  0 1  0 0  1 1
   264  -.1614880256778519E-03   4   0 0  1 1  0 0  1 1
   265  -.7382399147736380E-03   4   0 0  0 2  0 0  1 1
   266  -.7100091685017781E-03   4   2 0  0 0  0 0  0 2
   267  -.1325706037806434E-02   4   1 1  0 0  0 0  0 2
   268  -.6148265946138217E-03   4   0 2  0 0  0 0  0 2
   269  -.1540576063165577       4   1 0  1 0  0 0  0 2
   270  -.1470681441488741       4   0 1  1 0  0 0  0 2
   271  -.1588960723177291E-03   4   0 0  2 0  0 0  0 2
   272  -.1156525980111384       4   1 0  0 1  0 0  0 2
   273  -.1125921723649873       4   0 1  0 1  0 0  0 2
   274  -.3721639963186261E-03   4   0 0  1 1  0 0  0 2
   275  -.2012490241248244E-03   4   0 0  0 2  0 0  0 2
   276  -.6546115067302721E-05   4   1 0  0 0  0 3  0 0
   277  -.3675442575666101E-04   4   0 1  0 0  0 3  0 0
   278  -.8193582702195770E-01   4   0 0  1 0  0 3  0 0
   279  0.4827233151239929       4   0 0  0 1  0 3  0 0
   280  -.4792184931076281E-05   4   1 0  0 0  0 2  1 0
   281  -.2769709470610131E-04   4   0 1  0 0  0 2  1 0
   282  -.4470631608288682E-01   4   0 0  1 0  0 2  1 0
   283  0.2021891798325207       4   0 0  0 1  0 2  1 0
   284  -.4795707682832144E-05   4   1 0  0 0  0 1  2 0
   285  -.2771527825387166E-04   4   0 1  0 0  0 1  2 0
   286  -.4478124607985394E-01   4   0 0  1 0  0 1  2 0
   287  0.2027541629050971       4   0 0  0 1  0 1  2 0
   288  -.6529680686684431E-05   4   1 0  0 0  0 0  3 0
   289  -.3666162059855599E-04   4   0 1  0 0  0 0  3 0
   290  -.8174038771612996E-01   4   0 0  1 0  0 0  3 0
   291  0.4816130110336987       4   0 0  0 1  0 0  3 0
   292  0.9688212880954778E-05   4   1 0  0 0  0 2  0 1
   293  0.4928927372188210E-04   4   0 1  0 0  0 2  0 1
   294  0.1899603233644085       4   0 0  1 0  0 2  0 1
   295  -.4041849748921365       4   0 0  0 1  0 2  0 1
   296  0.8144022089573006E-05   4   1 0  0 0  0 1  1 1
   297  0.4179134239858037E-04   4   0 1  0 0  0 1  1 1
   298  0.1156539461518779       4   0 0  1 0  0 1  1 1
   299  -.1285651522205316       4   0 0  0 1  0 1  1 1
   300  0.9669695020016086E-05   4   1 0  0 0  0 0  2 1
   301  0.4919482213076794E-04   4   0 1  0 0  0 0  2 1
   302  0.1896268628986707       4   0 0  1 0  0 0  2 1
   303  -.4035545333401083       4   0 0  0 1  0 0  2 1
   304  -.2858093938899416E-05   4   1 0  0 0  0 1  0 2
   305  -.7433846137909367E-05   4   0 1  0 0  0 1  0 2
   306  -.1155574082668577       4   0 0  1 0  0 1  0 2
   307  -.2120819764356382       4   0 0  0 1  0 1  0 2
   308  -.2854247650773776E-05   4   1 0  0 0  0 0  1 2
   309  -.7423842018122024E-05   4   0 1  0 0  0 0  1 2
   310  -.1154018965528438       4   0 0  1 0  0 0  1 2
   311  -.2117965665068282       4   0 0  0 1  0 0  1 2
   312  0.8027937988534200E-06   4   1 0  0 0  0 0  0 3
   313  0.6548473045152074E-06   4   0 1  0 0  0 0  0 3
   314  -.1111787549422159E-01   4   0 0  1 0  0 0  0 3
   315  -.9088228924703902E-02   4   0 0  0 1  0 0  0 3
   316  -.9072820848114419E-05   4   0 0  0 0  0 4  0 0
   317  -.4449082407172521E-05   4   0 0  0 0  0 3  1 0
   318  -.3837004242653132E-05   4   0 0  0 0  0 2  2 0
   319  -.4462314040255398E-05   4   0 0  0 0  0 1  3 0
   320  -.9045421610072001E-05   4   0 0  0 0  0 0  4 0
   321  0.9433066374134256E-05   4   0 0  0 0  0 3  0 1
   322  0.4300465347879937E-05   4   0 0  0 0  0 2  1 1
   323  0.4310800541091509E-05   4   0 0  0 0  0 1  2 1
   324  0.9411134733772545E-05   4   0 0  0 0  0 0  3 1
   325  0.1063450660853394E-05   4   0 0  0 0  0 2  0 2
   326  0.1261724507535610E-05   4   0 0  0 0  0 1  1 2
   327  0.1061170534383102E-05   4   0 0  0 0  0 0  2 2
   328  0.1192015226053104E-07   4   0 0  0 0  0 1  0 3
   329  0.1190411068139621E-07   4   0 0  0 0  0 0  1 3
   330  -.4533737281098080E-13   4   0 0  0 0  0 0  0 4
   ----------------------------------------------------
     I  COEFFICIENT            ORDER EXPONENTS
     1  0.8756238616828838E-08   0   0 0  0 0  0 0  0 0
     2  0.2831669901989678E-06   1   1 0  0 0  0 0  0 0
     3  0.9863762532263678E-06   1   0 1  0 0  0 0  0 0
     4  0.1762081716372896E-04   1   0 0  1 0  0 0  0 0
     5  0.3357747833626556E-05   1   0 0  0 1  0 0  0 0
     6   1.000000000000000       1   0 0  0 0  1 0  0 0
     7  0.2621231489915437       1   0 0  0 0  0 1  0 0
     8  -.2621231475845838       1   0 0  0 0  0 0  1 0
     9  -.1406966278138951E-08   1   0 0  0 0  0 0  0 1
    10  -.1294777842527425       2   2 0  0 0  0 0  0 0
    11  -.3883141197206097       2   1 1  0 0  0 0  0 0
    12  -.5013888932595011       2   0 2  0 0  0 0  0 0
    13  -.8887867303018329E-05   2   1 0  1 0  0 0  0 0
    14  -.1295509530702537E-04   2   0 1  1 0  0 0  0 0
    15  -.1050940621865317       2   0 0  2 0  0 0  0 0
    16  -.1270368783422924E-04   2   1 0  0 1  0 0  0 0
    17  -.1544106725026127E-04   2   0 1  0 1  0 0  0 0
    18  -.3744065217677238E-01   2   0 0  1 1  0 0  0 0
    19  -.2159327785968225       2   0 0  0 2  0 0  0 0
    20  -.6191566986068139E-06   2   1 0  0 0  0 1  0 0
    21  -.1865868240393943E-05   2   0 1  0 0  0 1  0 0
    22  -.2551238546884898E-04   2   0 0  1 0  0 1  0 0
    23  -.1230287963414183E-04   2   0 0  0 1  0 1  0 0
    24  -.3359011017412332E-06   2   1 0  0 0  0 0  1 0
    25  -.8796043955491787E-06   2   0 1  0 0  0 0  1 0
    26  -.7904645178064728E-05   2   0 0  1 0  0 0  1 0
    27  -.8937620594981155E-05   2   0 0  0 1  0 0  1 0
    28  0.9549952247656915E-06   2   1 0  0 0  0 0  0 1
    29  0.1758983379322328E-05   2   0 1  0 0  0 0  0 1
    30  0.3341705881694546E-04   2   0 0  1 0  0 0  0 1
    31  0.1788278289608883E-04   2   0 0  0 1  0 0  0 1
    32  -.1967247336810335       2   0 0  0 0  0 2  0 0
    33  0.1313263163675626       2   0 0  0 0  0 1  1 0
    34  0.6539841530985818E-01   2   0 0  0 0  0 0  2 0
    35  0.2003178935007486E-08   2   0 0  0 0  0 1  0 1
    36  0.5973640136774460E-09   2   0 0  0 0  0 0  1 1
    37  -.5968527793875336E-09   2   0 0  0 0  0 0  0 2
    38  0.6422735041652081E-01   3   3 0  0 0  0 0  0 0
    39  0.2081651586224137       3   2 1  0 0  0 0  0 0
    40  0.2168802924933370       3   1 2  0 0  0 0  0 0
    41  0.7353882329695814E-01   3   0 3  0 0  0 0  0 0
    42  0.7846958408772259E-03   3   2 0  1 0  0 0  0 0
    43  0.1421925921664347E-02   3   1 1  1 0  0 0  0 0
    44  0.7947745471462008E-03   3   0 2  1 0  0 0  0 0
    45  0.4245973267831538E-01   3   1 0  2 0  0 0  0 0
    46  0.6611940517142582E-02   3   0 1  2 0  0 0  0 0
    47  0.8863045082009534E-04   3   0 0  3 0  0 0  0 0
    48  0.6886957879744904E-03   3   2 0  0 1  0 0  0 0
    49  0.1249205972778124E-02   3   1 1  0 1  0 0  0 0
    50  0.6860678427075879E-03   3   0 2  0 1  0 0  0 0
    51  0.1226676030165303E-01   3   1 0  1 1  0 0  0 0
    52  -.4214985663864122E-01   3   0 1  1 1  0 0  0 0
    53  0.3843089710347890E-03   3   0 0  2 1  0 0  0 0
    54  -.2258868743185107E-01   3   1 0  0 2  0 0  0 0
    55  -.4302444007624878E-01   3   0 1  0 2  0 0  0 0
    56  0.4569957210055254E-03   3   0 0  1 2  0 0  0 0
    57  0.1588128927326560E-03   3   0 0  0 3  0 0  0 0
    58  0.2005882140602009       3   2 0  0 0  0 1  0 0
    59  0.7098912343912086       3   1 1  0 0  0 1  0 0
    60  0.9282099973149265       3   0 2  0 0  0 1  0 0
    61  0.1355251145976469E-04   3   1 0  1 0  0 1  0 0
    62  0.2384938117571822E-04   3   0 1  1 0  0 1  0 0
    63  0.1518538946782166       3   0 0  2 0  0 1  0 0
    64  0.2333703385697871E-04   3   1 0  0 1  0 1  0 0
    65  0.3496546045020383E-04   3   0 1  0 1  0 1  0 0
    66  0.1426185656858230       3   0 0  1 1  0 1  0 0
    67  0.3400466766865862       3   0 0  0 2  0 1  0 0
    68  0.7118900488466316E-01   3   2 0  0 0  0 0  1 0
    69  0.3216668033940739       3   1 1  0 0  0 0  1 0
    70  0.4269209042087251       3   0 2  0 0  0 0  1 0
    71  0.4626299907148328E-05   3   1 0  1 0  0 0  1 0
    72  0.1078183478462438E-04   3   0 1  1 0  0 0  1 0
    73  0.4683828074315186E-01   3   0 0  2 0  0 0  1 0
    74  0.1058087987763294E-04   3   1 0  0 1  0 0  1 0
    75  0.1940006075581681E-04   3   0 1  0 1  0 0  1 0
    76  0.1050868919474802       3   0 0  1 1  0 0  1 0
    77  0.1242371589371701       3   0 0  0 2  0 0  1 0
    78  -.2717777746362159       3   2 0  0 0  0 0  0 1
    79  -.6432453593970855       3   1 1  0 0  0 0  0 1
    80  -.3523541643991832       3   0 2  0 0  0 0  0 1
    81  -.1809195153552347E-04   3   1 0  1 0  0 0  0 1
    82  -.2144901977098069E-04   3   0 1  1 0  0 0  0 1
    83  -.1986924127406217       3   0 0  2 0  0 0  0 1
    84  -.2107888276970659E-04   3   1 0  0 1  0 0  0 1
    85  -.2319874818776812E-04   3   0 1  0 1  0 0  0 1
    86  -.2102651318877877       3   0 0  1 1  0 0  0 1
    87  -.3241843303024749E-01   3   0 0  0 2  0 0  0 1
    88  0.9755343246815024E-06   3   1 0  0 0  0 2  0 0
    89  0.2811626017687796E-05   3   0 1  0 0  0 2  0 0
    90  0.3098643619500827E-04   3   0 0  1 0  0 2  0 0
    91  0.2226313904049469E-04   3   0 0  0 1  0 2  0 0
    92  0.7125886914200094E-06   3   1 0  0 0  0 1  1 0
    93  0.1890838113322974E-05   3   0 1  0 0  0 1  1 0
    94  0.1096014910776140E-04   3   0 0  1 0  0 1  1 0
    95  0.1992294620874253E-04   3   0 0  0 1  0 1  1 0
    96  0.3562348020758853E-06   3   1 0  0 0  0 0  2 0
    97  0.9454009838758176E-06   3   0 1  0 0  0 0  2 0
    98  0.5489831562062402E-05   3   0 0  1 0  0 0  2 0
    99  0.9956325988688191E-05   3   0 0  0 1  0 0  2 0
   100  -.2045935734443538E-05   3   1 0  0 0  0 1  0 1
   101  -.3783498749371672E-05   3   0 1  0 0  0 1  0 1
   102  -.4742658998539290E-04   3   0 0  1 0  0 1  0 1
   103  -.3984973333911371E-04   3   0 0  0 1  0 1  0 1
   104  -.1090712908458212E-05   3   1 0  0 0  0 0  1 1
   105  -.2023978561314792E-05   3   0 1  0 0  0 0  1 1
   106  -.1403724715883467E-04   3   0 0  1 0  0 0  1 1
   107  -.2196286667922726E-04   3   0 0  0 1  0 0  1 1
   108  0.1091045352600704E-05   3   1 0  0 0  0 0  0 2
   109  0.1144838458357789E-05   3   0 1  0 0  0 0  0 2
   110  0.1402502839333520E-04   3   0 0  1 0  0 0  0 2
   111  0.1302509003731807E-04   3   0 0  0 1  0 0  0 2
   112  0.1639593935995766       3   0 0  0 0  0 3  0 0
   113  -.9842878504855126E-01   3   0 0  0 0  0 2  1 0
   114  -.3289754861084213E-01   3   0 0  0 0  0 1  2 0
   115  -.3263309977130309E-01   3   0 0  0 0  0 0  3 0
   116  -.1499012582322201E-08   3   0 0  0 0  0 2  0 1
   117  0.7187254403373509E-09   3   0 0  0 0  0 1  1 1
   118  0.3576263073261458E-09   3   0 0  0 0  0 0  2 1
   119  -.5346196446629653E-10   3   0 0  0 0  0 1  0 2
   120  -.5866475755456725E-10   3   0 0  0 0  0 0  1 2
   121  -.2424849595488787E-11   3   0 0  0 0  0 0  0 3
   122  -2.910124868383093       4   4 0  0 0  0 0  0 0
   123  -13.29767125604406       4   3 1  0 0  0 0  0 0
   124  -23.20738873753453       4   2 2  0 0  0 0  0 0
   125  -18.25376386315174       4   1 3  0 0  0 0  0 0
   126  -5.677567761045990       4   0 4  0 0  0 0  0 0
   127  -.1597394584068068E-02   4   3 0  1 0  0 0  0 0
   128  -.4479099624466613E-02   4   2 1  1 0  0 0  0 0
   129  -.4272877549719148E-02   4   1 2  1 0  0 0  0 0
   130  -.1400356607731589E-02   4   0 3  1 0  0 0  0 0
   131  -4.886202073584593       4   2 0  2 0  0 0  0 0
   132  -9.482835373628637       4   1 1  2 0  0 0  0 0
   133  -5.344342518561777       4   0 2  2 0  0 0  0 0
   134  0.1003221373834279E-02   4   1 0  3 0  0 0  0 0
   135  0.8106038787213519E-03   4   0 1  3 0  0 0  0 0
   136  -.5051548262144575       4   0 0  4 0  0 0  0 0
   137  -.1505666562330297E-02   4   3 0  0 1  0 0  0 0
   138  -.4351384617693256E-02   4   2 1  0 1  0 0  0 0
   139  -.4267689953175642E-02   4   1 2  0 1  0 0  0 0
   140  -.1434922054777999E-02   4   0 3  0 1  0 0  0 0
   141  -9.108942914740272       4   2 0  1 1  0 0  0 0
   142  -17.28726267652284       4   1 1  1 1  0 0  0 0
   143  -9.393209106058796       4   0 2  1 1  0 0  0 0
   144  0.2608563964628783E-02   4   1 0  2 1  0 0  0 0
   145  0.2085220584336688E-02   4   0 1  2 1  0 0  0 0
   146  -1.989899377827376       4   0 0  3 1  0 0  0 0
   147  -3.888958366387472       4   2 0  0 2  0 0  0 0
   148  -7.656015032121259       4   1 1  0 2  0 0  0 0
   149  -4.604709427725050       4   0 2  0 2  0 0  0 0
   150  0.2290914527877392E-02   4   1 0  1 2  0 0  0 0
   151  0.1797256142235572E-02   4   0 1  1 2  0 0  0 0
   152  -2.902843722156645       4   0 0  2 2  0 0  0 0
   153  0.6591621531870520E-03   4   1 0  0 3  0 0  0 0
   154  0.4957789104704625E-03   4   0 1  0 3  0 0  0 0
   155  -1.792294296065521       4   0 0  1 3  0 0  0 0
   156  -.5113902924795605       4   0 0  0 4  0 0  0 0
   157  -.1059685601246815       4   3 0  0 0  0 1  0 0
   158  -.4280249130132543       4   2 1  0 0  0 1  0 0
   159  -.5414688673692357       4   1 2  0 0  0 1  0 0
   160  -.2176420179478174       4   0 3  0 0  0 1  0 0
   161  0.2054992391447543E-03   4   2 0  1 0  0 1  0 0
   162  -.2023201059212035E-03   4   1 1  1 0  0 1  0 0
   163  -.4514782749861019E-03   4   0 2  1 0  0 1  0 0
   164  -.5981002510872984E-01   4   1 0  2 0  0 1  0 0
   165  -.2753047015702159E-01   4   0 1  2 0  0 1  0 0
   166  0.1339956167828811E-03   4   0 0  3 0  0 1  0 0
   167  -.2043369258627474E-03   4   2 0  0 1  0 1  0 0
   168  -.7465727631873057E-03   4   1 1  0 1  0 1  0 0
   169  -.6227990506179327E-03   4   0 2  0 1  0 1  0 0
   170  -.5175673809271384E-01   4   1 0  1 1  0 1  0 0
   171  0.5089111631467001E-01   4   0 1  1 1  0 1  0 0
   172  0.1654341126136765E-03   4   0 0  2 1  0 1  0 0
   173  0.2941467437454001E-01   4   1 0  0 2  0 1  0 0
   174  0.9175718740338724E-01   4   0 1  0 2  0 1  0 0
   175  -.2573495274046277E-03   4   0 0  1 2  0 1  0 0
   176  -.2365183981724954E-03   4   0 0  0 3  0 1  0 0
   177  -.4062555547134600E-01   4   3 0  0 0  0 0  1 0
   178  -.2156059462471788       4   2 1  0 0  0 0  1 0
   179  -.3193474244384801       4   1 2  0 0  0 0  1 0
   180  -.1419430030674206       4   0 3  0 0  0 0  1 0
   181  0.1080605953549723E-03   4   2 0  1 0  0 0  1 0
   182  -.4434503922815955E-03   4   1 1  1 0  0 0  1 0
   183  -.5404039240985544E-03   4   0 2  1 0  0 0  1 0
   184  -.1704220696717972E-01   4   1 0  2 0  0 0  1 0
   185  -.2001888565989247E-01   4   0 1  2 0  0 0  1 0
   186  0.2786615020695448E-04   4   0 0  3 0  0 0  1 0
   187  -.2503317007123108E-03   4   2 0  0 1  0 0  1 0
   188  -.9327614490427720E-03   4   1 1  0 1  0 0  1 0
   189  -.7256405585471086E-03   4   0 2  0 1  0 0  1 0
   190  -.3896029695052267E-01   4   1 0  1 1  0 0  1 0
   191  0.1007108346868022E-01   4   0 1  1 1  0 0  1 0
   192  -.1683523692014611E-04   4   0 0  2 1  0 0  1 0
   193  0.7121080594453791E-02   4   1 0  0 2  0 0  1 0
   194  0.4933602562995422E-01   4   0 1  0 2  0 0  1 0
   195  -.2875496411784505E-03   4   0 0  1 2  0 0  1 0
   196  -.2059709240989646E-03   4   0 0  0 3  0 0  1 0
   197  0.1451193184230732       4   3 0  0 0  0 0  0 1
   198  0.4286074971165381       4   2 1  0 0  0 0  0 1
   199  0.4172252311247786       4   1 2  0 0  0 0  0 1
   200  0.1342648314655881       4   0 3  0 0  0 0  0 1
   201  -.1559349890913198E-03   4   2 0  1 0  0 0  0 1
   202  -.2654771458347543E-03   4   1 1  1 0  0 0  0 1
   203  -.6728629278915945E-04   4   0 2  1 0  0 0  0 1
   204  0.7623578741607198E-01   4   1 0  2 0  0 0  0 1
   205  0.3918047864777948E-01   4   0 1  2 0  0 0  0 1
   206  -.1162083158979739E-03   4   0 0  3 0  0 0  0 1
   207  -.1448675857063746E-03   4   2 0  0 1  0 0  0 1
   208  -.2972825121185911E-03   4   1 1  0 1  0 0  0 1
   209  -.9677358375914122E-04   4   0 2  0 1  0 0  0 1
   210  0.7749959883072610E-01   4   1 0  1 1  0 0  0 1
   211  0.2079583344352767E-01   4   0 1  1 1  0 0  0 1
   212  -.3077011378043143E-03   4   0 0  2 1  0 0  0 1
   213  0.7995229831593712E-02   4   1 0  0 2  0 0  0 1
   214  -.1343183462750349E-01   4   0 1  0 2  0 0  0 1
   215  -.2418402068620463E-03   4   0 0  1 2  0 0  0 1
   216  -.3613609844159566E-04   4   0 0  0 3  0 0  0 1
   217  -.2572426565784763       4   2 0  0 0  0 2  0 0
   218  -1.020370557358295       4   1 1  0 0  0 2  0 0
   219  -1.367186524953369       4   0 2  0 0  0 2  0 0
   220  -.1795336945062705E-04   4   1 0  1 0  0 2  0 0
   221  -.4415182211052854E-04   4   0 1  1 0  0 2  0 0
   222  -.1841350253354319       4   0 0  2 0  0 2  0 0
   223  -.4467796074835788E-04   4   1 0  0 1  0 2  0 0
   224  -.7635770867091168E-04   4   0 1  0 1  0 2  0 0
   225  -.2599263369396378       4   0 0  1 1  0 2  0 0
   226  -.4590402027747911       4   0 0  0 2  0 2  0 0
   227  -.1132962279627236       4   2 0  0 0  0 1  1 0
   228  -.6208931721420404       4   1 1  0 0  0 1  1 0
   229  -.8778758949208016       4   0 2  0 0  0 1  1 0
   230  -.7373270001682816E-05   4   1 0  1 0  0 1  1 0
   231  -.2442037060722917E-04   4   0 1  1 0  0 1  1 0
   232  -.6463274981646763E-01   4   0 0  2 0  0 1  1 0
   233  -.2501088952722798E-04   4   1 0  0 1  0 1  1 0
   234  -.5324230134363410E-04   4   0 1  0 1  0 1  1 0
   235  -.2346399520299877       4   0 0  1 1  0 1  1 0
   236  -.2380279721238503       4   0 0  0 2  0 1  1 0
   237  -.5670659815544628E-01   4   2 0  0 0  0 0  2 0
   238  -.3105056212566413       4   1 1  0 0  0 0  2 0
   239  -.4389706914419250       4   0 2  0 0  0 0  2 0
   240  -.3739113258555302E-05   4   1 0  1 0  0 0  2 0
   241  -.1225793226222081E-04   4   0 1  1 0  0 0  2 0
   242  -.3237485801920869E-01   4   0 0  2 0  0 0  2 0
   243  -.1254724762401021E-04   4   1 0  0 1  0 0  2 0
   244  -.2663216752259841E-04   4   0 1  0 1  0 0  2 0
   245  -.1172578457956212       4   0 0  1 1  0 0  2 0
   246  -.1190822369295149       4   0 0  0 2  0 0  2 0
   247  0.4271321937494411       4   2 0  0 0  0 1  0 1
   248   1.241729139223132       4   1 1  0 0  0 1  0 1
   249  0.8275565516500866       4   0 2  0 0  0 1  0 1
   250  0.1955583272069085E-04   4   1 0  1 0  0 1  0 1
   251  0.3996325928724570E-04   4   0 1  1 0  0 1  0 1
   252  0.2810784122140171       4   0 0  2 0  0 1  0 1
   253  0.4050538763309003E-04   4   1 0  0 1  0 1  0 1
   254  0.6023531098508718E-04   4   0 1  0 1  0 1  0 1
   255  0.4693157881960574       4   0 0  1 1  0 1  0 1
   256  0.1359999270613348       4   0 0  0 2  0 1  0 1
   257  0.1554938303200646       4   2 0  0 0  0 0  1 1
   258  0.5985133708174580       4   1 1  0 0  0 0  1 1
   259  0.4750233450885030       4   0 2  0 0  0 0  1 1
   260  0.7257982028147698E-05   4   1 0  1 0  0 0  1 1
   261  0.1908869198396607E-04   4   0 1  1 0  0 0  1 1
   262  0.8255247495033755E-01   4   0 0  2 0  0 0  1 1
   263  0.1951690628418684E-04   4   1 0  0 1  0 0  1 1
   264  0.3319003406328193E-04   4   0 1  0 1  0 0  1 1
   265  0.2590022061017083       4   0 0  1 1  0 0  1 1
   266  0.1034932880685325       4   0 0  0 2  0 0  1 1
   267  -.1554010398097303       4   2 0  0 0  0 0  0 2
   268  -.2768326052412981       4   1 1  0 0  0 0  0 2
   269  -.1227382273132082       4   0 2  0 0  0 0  0 2
   270  -.4512278992356207E-05   4   1 0  1 0  0 0  0 2
   271  -.3771335924020965E-05   4   0 1  1 0  0 0  0 2
   272  -.8247843485473670E-01   4   0 0  2 0  0 0  0 2
   273  -.3863018970247810E-05   4   1 0  0 1  0 0  0 2
   274  -.3218040668989013E-05   4   0 1  0 1  0 0  0 2
   275  -.1539108309723380       4   0 0  1 1  0 0  0 2
   276  -.7112703209967931E-01   4   0 0  0 2  0 0  0 2
   277  -.1493355469036729E-03   4   1 0  0 0  0 3  0 0
   278  -.2448043641982051E-03   4   0 1  0 0  0 3  0 0
   279  -.3420856694657050E-04   4   0 0  1 0  0 3  0 0
   280  -.2512679668448407E-04   4   0 0  0 1  0 3  0 0
   281  -.7698675486735467E-04   4   1 0  0 0  0 2  1 0
   282  -.1270884474632019E-03   4   0 1  0 0  0 2  1 0
   283  -.1104166659947856E-04   4   0 0  1 0  0 2  1 0
   284  -.2700539111944804E-04   4   0 0  0 1  0 2  1 0
   285  -.4828018905334747E-04   4   1 0  0 0  0 1  2 0
   286  -.7990830325997907E-04   4   0 1  0 0  0 1  2 0
   287  -.6087913924305168E-05   4   0 0  1 0  0 1  2 0
   288  -.1847497201521204E-04   4   0 0  0 1  0 1  2 0
   289  -.2569547815358249E-04   4   1 0  0 0  0 0  3 0
   290  -.4241641875806034E-04   4   0 1  0 0  0 0  3 0
   291  -.3694543170910901E-05   4   0 0  1 0  0 0  3 0
   292  -.8994549140272045E-05   4   0 0  0 1  0 0  3 0
   293  0.1405311764946565E-03   4   1 0  0 0  0 2  0 1
   294  0.1307719063410880E-03   4   0 1  0 0  0 2  0 1
   295  0.2580820092188861E-04   4   0 0  1 0  0 2  0 1
   296  0.5420869035853429E-04   4   0 0  0 1  0 2  0 1
   297  0.7258626685982407E-04   4   1 0  0 0  0 1  1 1
   298  0.7381235684936244E-04   4   0 1  0 0  0 1  1 1
   299  0.5901386694626183E-05   4   0 0  1 0  0 1  1 1
   300  0.3932547593198223E-04   4   0 0  0 1  0 1  1 1
   301  0.3631422815060995E-04   4   1 0  0 0  0 0  2 1
   302  0.3691947584809011E-04   4   0 1  0 0  0 0  2 1
   303  0.2962147475175924E-05   4   0 0  1 0  0 0  2 1
   304  0.1965987023417469E-04   4   0 0  0 1  0 0  2 1
   305  -.9520632025563597E-05   4   1 0  0 0  0 1  0 2
   306  -.8367046370987499E-05   4   0 1  0 0  0 1  0 2
   307  0.2621685211713633E-05   4   0 0  1 0  0 1  0 2
   308  -.3397188745881032E-05   4   0 0  0 1  0 1  0 2
   309  -.6684695235375414E-05   4   1 0  0 0  0 0  1 2
   310  -.6074322616332279E-05   4   0 1  0 0  0 0  1 2
   311  0.1755574479814567E-05   4   0 0  1 0  0 0  1 2
   312  -.4093515735239015E-05   4   0 0  0 1  0 0  1 2
   313  0.3404827267095930E-07   4   1 0  0 0  0 0  0 3
   314  0.2547499755589999E-07   4   0 1  0 0  0 0  0 3
   315  0.1192274006674289E-07   4   0 0  1 0  0 0  0 3
   316  0.9030324181169847E-08   4   0 0  0 1  0 0  0 3
   317  -.1434727842954352       4   0 0  0 0  0 4  0 0
   318  0.8201284804644171E-01   4   0 0  0 0  0 3  1 0
   319  0.2462383741201010E-01   4   0 0  0 0  0 2  2 0
   320  0.1648163207369461E-01   4   0 0  0 0  0 1  3 0
   321  0.2035440558001121E-01   4   0 0  0 0  0 0  4 0
   322  0.2894129463370771E-08   4   0 0  0 0  0 3  0 1
   323  0.2596172646690564E-08   4   0 0  0 0  0 2  1 1
   324  0.2287681267186300E-08   4   0 0  0 0  0 1  2 1
   325  0.7277173757620348E-09   4   0 0  0 0  0 0  3 1
   326  -.2649734215627091E-10   4   0 0  0 0  0 2  0 2
   327  -.9862793046738078E-10   4   0 0  0 0  0 1  1 2
   328  -.1486250952542366E-10   4   0 0  0 0  0 0  2 2
   329  0.9152064397129590E-12   4   0 0  0 0  0 1  0 3
   330  -.1504352692383176E-11   4   0 0  0 0  0 0  1 3
   ----------------------------------------------------
     I  COEFFICIENT            ORDER EXPONENTS
     1   1.000000000000000       1   0 0  0 0  0 1  0 0
     --------------------------------------------------
     I  COEFFICIENT            ORDER EXPONENTS
     1   1.000000000000000       1   0 0  0 0  0 0  1 0
     --------------------------------------------------
     I  COEFFICIENT            ORDER EXPONENTS
     1   1.000000000000000       1   0 0  0 0  0 0  0 1
     --------------------------------------------------
