 L    0.1049906000000000E+01
 P (  0.0000000000000000E+00,  0.0000000000000000E+00,  0.0000000000000000E+00)
 A (  0.0000000000000000E+00,  0.0000000000000000E+00,  0.0000000000000000E+00)
     I  COEFFICIENT            ORDER EXPONENTS
     1  0.9091329661455603E-04   0   0 0  0 0  0 0  0 0
     2   1.343294196848263       1   1 0  0 0  0 0  0 0
     3   1.346193718504962       1   0 1  0 0  0 0  0 0
     4  0.1070242577889623E-04   1   0 0  1 0  0 0  0 0
     5  0.9098007261512462E-05   1   0 0  0 1  0 0  0 0
     6  0.1003434115387229E-05   1   0 0  0 0  0 1  0 0
     7  0.1002083741045141E-05   1   0 0  0 0  0 0  1 0
     8  -.2005517855467888E-05   1   0 0  0 0  0 0  0 1
     9  -.8250882456187759E-01   2   2 0  0 0  0 0  0 0
    10  -.1441806145709280       2   1 1  0 0  0 0  0 0
    11  -.6323863597354386E-01   2   0 2  0 0  0 0  0 0
    12  0.4387689219295306E-03   2   1 0  1 0  0 0  0 0
    13  0.1178744264618562E-03   2   0 1  1 0  0 0  0 0
    14  0.6575308939121154E-01   2   0 0  2 0  0 0  0 0
    15  0.4061231832186030E-03   2   1 0  0 1  0 0  0 0
    16  0.1439879277945234E-03   2   0 1  0 1  0 0  0 0
    17  0.1149272329110034       2   0 0  1 1  0 0  0 0
    18  0.5050697443662500E-01   2   0 0  0 2  0 0  0 0
    19  -.1801907198724940       2   1 0  0 0  0 1  0 0
    20  -.8286100900418744       2   0 1  0 0  0 1  0 0
    21  -.5752606849785017E-05   2   0 0  1 0  0 1  0 0
    22  -.9467303566272526E-05   2   0 0  0 1  0 1  0 0
    23  -.1799482276937842       2   1 0  0 0  0 0  1 0
    24  -.8274949856337367       2   0 1  0 0  0 0  1 0
    25  -.5744865262597568E-05   2   0 0  1 0  0 0  1 0
    26  -.9454562915311613E-05   2   0 0  0 1  0 0  1 0
    27  0.3601389475815430       2   1 0  0 0  0 0  0 1
    28  0.3099113571859344       2   0 1  0 0  0 0  0 1
    29  0.1149746478884657E-04   2   0 0  1 0  0 0  0 1
    30  0.9823852512486829E-05   2   0 0  0 1  0 0  0 1
    31  -.8592067406301790E-06   2   0 0  0 0  0 2  0 0
    32  -.7153497569045703E-06   2   0 0  0 0  0 1  1 0
    33  -.8575691187897705E-06   2   0 0  0 0  0 0  2 0
    34  0.1430266388771488E-05   2   0 0  0 0  0 1  0 1
    35  0.1428341603671604E-05   2   0 0  0 0  0 0  1 1
    36  -.4265397841135638E-06   2   0 0  0 0  0 0  0 2
    37   1.949410639436252       3   3 0  0 0  0 0  0 0
    38   7.961750349275811       3   2 1  0 0  0 0  0 0
    39   9.993070764161741       3   1 2  0 0  0 0  0 0
    40   4.635537908398247       3   0 3  0 0  0 0  0 0
    41  -.6567113333209840E-02   3   2 0  1 0  0 0  0 0
    42  -.1133369829589361E-01   3   1 1  1 0  0 0  0 0
    43  -.4891753521945500E-02   3   0 2  1 0  0 0  0 0
    44  -.7659488303725303       3   1 0  2 0  0 0  0 0
    45  0.6955336049827218       3   0 1  2 0  0 0  0 0
    46  0.1730159384742571E-02   3   0 0  3 0  0 0  0 0
    47  -.5727067814718858E-02   3   2 0  0 1  0 0  0 0
    48  -.9930544612485936E-02   3   1 1  0 1  0 0  0 0
    49  -.4301796340968675E-02   3   0 2  0 1  0 0  0 0
    50  -1.963772894937403       3   1 0  1 1  0 0  0 0
    51  0.4195512190686613       3   0 1  1 1  0 0  0 0
    52  0.4537300261225183E-02   3   0 0  2 1  0 0  0 0
    53  -.7488312828218556       3   1 0  0 2  0 0  0 0
    54  0.8545364450666145       3   0 1  0 2  0 0  0 0
    55  0.3999124911108153E-02   3   0 0  1 2  0 0  0 0
    56  0.1189408414221465E-02   3   0 0  0 3  0 0  0 0
    57  0.4775635523837263E-01   3   2 0  0 0  0 1  0 0
    58  0.1553793990129434       3   1 1  0 0  0 1  0 0
    59  0.9967722515430325E-01   3   0 2  0 0  0 1  0 0
    60  -.2608059816249949E-03   3   1 0  1 0  0 1  0 0
    61  -.1465386404116069E-03   3   0 1  1 0  0 1  0 0
    62  -.3086544000203396E-01   3   0 0  2 0  0 1  0 0
    63  -.4694666000739119E-03   3   1 0  0 1  0 1  0 0
    64  -.2669667642947671E-03   3   0 1  0 1  0 1  0 0
    65  -.1112545702217117       3   0 0  1 1  0 1  0 0
    66  -.7409912654492511E-01   3   0 0  0 2  0 1  0 0
    67  0.4769208698617151E-01   3   2 0  0 0  0 0  1 0
    68  0.1551702967405284       3   1 1  0 0  0 0  1 0
    69  0.9954308424231514E-01   3   0 2  0 0  0 0  1 0
    70  -.2604550012262850E-03   3   1 0  1 0  0 0  1 0
    71  -.1463414356154705E-03   3   0 1  1 0  0 0  1 0
    72  -.3082390274751694E-01   3   0 0  2 0  0 0  1 0
    73  -.4688348140487282E-03   3   1 0  0 1  0 0  1 0
    74  -.2666074930050894E-03   3   0 1  0 1  0 0  1 0
    75  -.1111048490643534       3   0 0  1 1  0 0  1 0
    76  -.7399940743259170E-01   3   0 0  0 2  0 0  1 0
    77  -.9544849489833074E-01   3   2 0  0 0  0 0  0 1
    78  -.1663691593109063       3   1 1  0 0  0 0  0 1
    79  -.7274306550567737E-01   3   0 2  0 0  0 0  0 1
    80  0.5208508561915933E-03   3   1 0  1 0  0 0  0 1
    81  0.1745868888889339E-03   3   0 1  1 0  0 0  0 1
    82  0.6168935720338918E-01   3   0 0  2 0  0 0  0 1
    83  0.5317664770195655E-03   3   1 0  0 1  0 0  0 1
    84  0.2451789428678529E-03   3   0 1  0 1  0 0  0 1
    85  0.1074321911235563       3   0 0  1 1  0 0  0 1
    86  0.4708457867009257E-01   3   0 0  0 2  0 0  0 1
    87  0.1393839683404050       3   1 0  0 0  0 2  0 0
    88  0.7023516893444256       3   0 1  0 0  0 2  0 0
    89  0.4553145270138513E-05   3   0 0  1 0  0 2  0 0
    90  0.9789241314625440E-05   3   0 0  0 1  0 2  0 0
    91  0.9868685993902514E-01   3   1 0  0 0  0 1  1 0
    92  0.5764318438802403       3   0 1  0 0  0 1  1 0
    93  0.3286418068157482E-05   3   0 0  1 0  0 1  1 0
    94  0.1003725502001558E-04   3   0 0  0 1  0 1  1 0
    95  0.1391299879021733       3   1 0  0 0  0 0  2 0
    96  0.7010186301369928       3   0 1  0 0  0 0  2 0
    97  0.4544806508539853E-05   3   0 0  1 0  0 0  2 0
    98  0.9769313582667002E-05   3   0 0  0 1  0 0  2 0
    99  -.1972645903509007       3   1 0  0 0  0 1  0 1
   100  -.3239159514213742       3   0 1  0 0  0 1  0 1
   101  -.6510373574227247E-05   3   0 0  1 0  0 1  0 1
   102  -.1050628434486703E-04   3   0 0  0 1  0 1  0 1
   103  -.1969991209619655       3   1 0  0 0  0 0  1 1
   104  -.3234800405995820       3   0 1  0 0  0 0  1 1
   105  -.6501612220294346E-05   3   0 0  1 0  0 0  1 1
   106  -.1049214548253974E-04   3   0 0  0 1  0 0  1 1
   107  0.1706254518070588E-01   3   1 0  0 0  0 0  0 2
   108  0.1378681167689140E-01   3   0 1  0 0  0 0  0 2
   109  0.6878413661287484E-06   3   0 0  1 0  0 0  0 2
   110  0.6225490113392706E-06   3   0 0  0 1  0 0  0 2
   111  0.7884724448333687E-06   3   0 0  0 0  0 3  0 0
   112  0.6468372438757361E-06   3   0 0  0 0  0 2  1 0
   113  0.6471210108978921E-06   3   0 0  0 0  0 1  2 0
   114  0.7864461563970994E-06   3   0 0  0 0  0 0  3 0
   115  -.1293774665578127E-05   3   0 0  0 0  0 2  0 1
   116  -.1157463228370068E-05   3   0 0  0 0  0 1  1 1
   117  -.1291254734968577E-05   3   0 0  0 0  0 0  2 1
   118  0.4420923411753645E-06   3   0 0  0 0  0 1  0 2
   119  0.4414973941376839E-06   3   0 0  0 0  0 0  1 2
   120  -.1018954566905629E-07   3   0 0  0 0  0 0  0 3
   121  -9.542893800017559       4   4 0  0 0  0 0  0 0
   122  -34.75164953490378       4   3 1  0 0  0 0  0 0
   123  -47.71731946409206       4   2 2  0 0  0 0  0 0
   124  -29.34106117564258       4   1 3  0 0  0 0  0 0
   125  -6.827932066287437       4   0 4  0 0  0 0  0 0
   126  -.5313923357273301E-02   4   3 0  1 0  0 0  0 0
   127  -.1423865219716795E-01   4   2 1  1 0  0 0  0 0
   128  -.1335161522549104E-01   4   1 2  1 0  0 0  0 0
   129  -.4286792663873814E-02   4   0 3  1 0  0 0  0 0
   130   40.16053467092642       4   2 0  2 0  0 0  0 0
   131   69.81395059758704       4   1 1  2 0  0 0  0 0
   132   30.56643323244854       4   0 2  2 0  0 0  0 0
   133  0.3309837114224650E-02   4   1 0  3 0  0 0  0 0
   134  0.3335332184823746E-02   4   0 1  3 0  0 0  0 0
   135  -5.241174924295914       4   0 0  4 0  0 0  0 0
   136  -.5261314732882025E-02   4   3 0  0 1  0 0  0 0
   137  -.1396908464973368E-01   4   2 1  0 1  0 0  0 0
   138  -.1251260123177472E-01   4   1 2  0 1  0 0  0 0
   139  -.3769289396503236E-02   4   0 3  0 1  0 0  0 0
   140   71.53672852062280       4   2 0  1 1  0 0  0 0
   141   125.0672045987269       4   1 1  1 1  0 0  0 0
   142   55.11553507453297       4   0 2  1 1  0 0  0 0
   143  0.7609967247274779E-02   4   1 0  2 1  0 0  0 0
   144  0.7399861355200935E-02   4   0 1  2 1  0 0  0 0
   145  -18.10541292466518       4   0 0  3 1  0 0  0 0
   146   31.92487711312428       4   2 0  0 2  0 0  0 0
   147   56.05690598281480       4   1 1  0 2  0 0  0 0
   148   24.83021933903326       4   0 2  0 2  0 0  0 0
   149  0.5598940653469832E-02   4   1 0  1 2  0 0  0 0
   150  0.5215760206068560E-02   4   0 1  1 2  0 0  0 0
   151  -23.54683168735778       4   0 0  2 2  0 0  0 0
   152  0.1599687393478330E-02   4   1 0  0 3  0 0  0 0
   153  0.1358089826016325E-02   4   0 1  0 3  0 0  0 0
   154  -13.60475686224699       4   0 0  1 3  0 0  0 0
   155  -2.932673559040102       4   0 0  0 4  0 0  0 0
   156  -2.665727803304640       4   3 0  0 0  0 1  0 0
   157  -13.30904712547578       4   2 1  0 0  0 1  0 0
   158  -20.50329591354836       4   1 2  0 0  0 1  0 0
   159  -10.87527723705025       4   0 3  0 0  0 1  0 0
   160  -.8109351472149061E-03   4   2 0  1 0  0 1  0 0
   161  0.3536220266350792E-02   4   1 1  1 0  0 1  0 0
   162  0.3588636943468987E-02   4   0 2  1 0  0 1  0 0
   163  0.5980076984336296       4   1 0  2 0  0 1  0 0
   164  -.5564276765824715       4   0 1  2 0  0 1  0 0
   165  0.8326953455217357E-04   4   0 0  3 0  0 1  0 0
   166  0.1709480541782145E-02   4   2 0  0 1  0 1  0 0
   167  0.7208223780151245E-02   4   1 1  0 1  0 1  0 0
   168  0.4894560784938352E-02   4   0 2  0 1  0 1  0 0
   169   2.699095576580566       4   1 0  1 1  0 1  0 0
   170  -.4625169840145815E-01   4   0 1  1 1  0 1  0 0
   171  -.1858410911757678E-02   4   0 0  2 1  0 1  0 0
   172   1.573499787449931       4   1 0  0 2  0 1  0 0
   173  -1.071283356908425       4   0 1  0 2  0 1  0 0
   174  -.3471167227345047E-02   4   0 0  1 2  0 1  0 0
   175  -.1584635832845334E-02   4   0 0  0 3  0 1  0 0
   176  -2.662140392458454       4   3 0  0 0  0 0  1 0
   177  -13.29113643708825       4   2 1  0 0  0 0  1 0
   178  -20.47570354419502       4   1 2  0 0  0 0  1 0
   179  -10.86064180147876       4   0 3  0 0  0 0  1 0
   180  -.8098438289118444E-03   4   2 0  1 0  0 0  1 0
   181  0.3531461387772604E-02   4   1 1  1 0  0 0  1 0
   182  0.3583807524997056E-02   4   0 2  1 0  0 0  1 0
   183  0.5972029278562079       4   1 0  2 0  0 0  1 0
   184  -.5556788624388395       4   0 1  2 0  0 0  1 0
   185  0.8315747433693054E-04   4   0 0  3 0  0 0  1 0
   186  0.1707180003434033E-02   4   2 0  0 1  0 0  1 0
   187  0.7198523292299717E-02   4   1 1  0 1  0 0  1 0
   188  0.4887973915706632E-02   4   0 2  0 1  0 0  1 0
   189   2.695463260957581       4   1 0  1 1  0 0  1 0
   190  -.4618945504548729E-01   4   0 1  1 1  0 0  1 0
   191  -.1855909949936506E-02   4   0 0  2 1  0 0  1 0
   192   1.571382245592464       4   1 0  0 2  0 0  1 0
   193  -1.069841674254517       4   0 1  0 2  0 0  1 0
   194  -.3466495894080929E-02   4   0 0  1 2  0 0  1 0
   195  -.1582503304622790E-02   4   0 0  0 3  0 0  1 0
   196   5.326310427892690       4   3 0  0 0  0 0  0 1
   197   18.63363606406513       4   2 1  0 0  0 0  0 1
   198   20.98793004229192       4   1 2  0 0  0 0  0 1
   199   7.827615484998168       4   0 3  0 0  0 0  0 1
   200  0.7308504727073459E-03   4   2 0  1 0  0 0  0 1
   201  0.1599081389131123E-02   4   1 1  1 0  0 0  0 1
   202  0.8775694076234970E-03   4   0 2  1 0  0 0  0 1
   203  -1.193150935190289       4   1 0  2 0  0 0  0 1
   204  0.4186858736792228       4   0 1  2 0  0 0  0 1
   205  -.3149444210431791E-05   4   0 0  3 0  0 0  0 1
   206  0.8637206867794230E-03   4   2 0  0 1  0 0  0 1
   207  0.1808027417134086E-02   4   1 1  0 1  0 0  0 1
   208  0.9596510777942005E-03   4   0 2  0 1  0 0  0 1
   209  -3.426629389143059       4   1 0  1 1  0 0  0 1
   210  -.7424134238825284       4   0 1  1 1  0 0  0 1
   211  -.2703337590194658E-04   4   0 0  2 1  0 0  0 1
   212  -1.645130947568425       4   1 0  0 2  0 0  0 1
   213  -.4203554046897794       4   0 1  0 2  0 0  0 1
   214  -.2344572842252521E-04   4   0 0  1 2  0 0  0 1
   215  0.4268440917374792E-05   4   0 0  0 3  0 0  0 1
   216  -.4108571433866401E-01   4   2 0  0 0  0 2  0 0
   217  -.1683963680012095       4   1 1  0 0  0 2  0 0
   218  -.1322892160355429       4   0 2  0 0  0 2  0 0
   219  -.4139483245926696E-04   4   1 0  1 0  0 2  0 0
   220  0.1273064487021751E-03   4   0 1  1 0  0 2  0 0
   221  0.2173103055370491E-01   4   0 0  2 0  0 2  0 0
   222  0.3576580733383688E-03   4   1 0  0 1  0 2  0 0
   223  0.4496615330584612E-03   4   0 1  0 1  0 2  0 0
   224  0.1078919006217529       4   0 0  1 1  0 2  0 0
   225  0.9063047214558538E-01   4   0 0  0 2  0 2  0 0
   226  -.3296946933389374E-01   4   2 0  0 0  0 1  1 0
   227  -.1780375466781881       4   1 1  0 0  0 1  1 0
   228  -.1627396277700696       4   0 2  0 0  0 1  1 0
   229  -.1170595612230345E-03   4   1 0  1 0  0 1  1 0
   230  0.1152928676582688E-03   4   0 1  1 0  0 1  1 0
   231  0.1313287458469741E-01   4   0 0  2 0  0 1  1 0
   232  0.3885838718256273E-03   4   1 0  0 1  0 1  1 0
   233  0.5591924309774027E-03   4   0 1  0 1  0 1  1 0
   234  0.1053138134815617       4   0 0  1 1  0 1  1 0
   235  0.1074914622261363       4   0 0  0 2  0 1  1 0
   236  -.4100823874159368E-01   4   2 0  0 0  0 0  2 0
   237  -.1680499508355488       4   1 1  0 0  0 0  2 0
   238  -.1320016837824766       4   0 2  0 0  0 0  2 0
   239  -.4126035862428067E-04   4   1 0  1 0  0 0  2 0
   240  0.1270575478294406E-03   4   0 1  1 0  0 0  2 0
   241  0.2169294915509112E-01   4   0 0  2 0  0 0  2 0
   242  0.3569152850284319E-03   4   1 0  0 1  0 0  2 0
   243  0.4486801323491923E-03   4   0 1  0 1  0 0  2 0
   244  0.1076758416032075       4   0 0  1 1  0 0  2 0
   245  0.9043617745545449E-01   4   0 0  0 2  0 0  2 0
   246  0.6422572809869595E-01   4   2 0  0 0  0 1  0 1
   247  0.1957563130111984       4   1 1  0 0  0 1  0 1
   248  0.1222531019000298       4   0 2  0 0  0 1  0 1
   249  0.9600946890214577E-04   4   1 0  1 0  0 1  0 1
   250  -.4540956599440153E-04   4   0 1  1 0  0 1  0 1
   251  -.2673893226075515E-01   4   0 0  2 0  0 1  0 1
   252  -.2583499940995409E-03   4   1 0  0 1  0 1  0 1
   253  -.2667259621778980E-03   4   0 1  0 1  0 1  0 1
   254  -.1000426293587039       4   0 0  1 1  0 1  0 1
   255  -.6731189145849355E-01   4   0 0  0 2  0 1  0 1
   256  0.6413929614067353E-01   4   2 0  0 0  0 0  1 1
   257  0.1954928733908211       4   1 1  0 0  0 0  1 1
   258  0.1220885794370806       4   0 2  0 0  0 0  1 1
   259  0.9588026388366633E-04   4   1 0  1 0  0 0  1 1
   260  -.4534845594056533E-04   4   0 1  1 0  0 0  1 1
   261  -.2670294826588098E-01   4   0 0  2 0  0 0  1 1
   262  -.2580023188530959E-03   4   1 0  0 1  0 0  1 1
   263  -.2663670149483586E-03   4   0 1  0 1  0 0  1 1
   264  -.9990799670295900E-01   4   0 0  1 1  0 0  1 1
   265  -.6722130628726834E-01   4   0 0  0 2  0 0  1 1
   266  -.1451678103765262E-01   4   2 0  0 0  0 0  0 2
   267  -.2492122292307622E-01   4   1 1  0 0  0 0  0 2
   268  -.1068657137971283E-01   4   0 2  0 0  0 0  0 2
   269  -.8255525916577785E-04   4   1 0  1 0  0 0  0 2
   270  -.7705155442604832E-04   4   0 1  1 0  0 0  0 2
   271  -.3598944577774178E-02   4   0 0  2 0  0 0  0 2
   272  -.6405363692280010E-04   4   1 0  0 1  0 0  0 2
   273  -.6046954918909719E-04   4   0 1  0 1  0 0  0 2
   274  -.6684767200242423E-02   4   0 0  1 1  0 0  0 2
   275  -.3069120814604429E-02   4   0 0  0 2  0 0  0 2
   276  -.1190248389939520       4   1 0  0 0  0 3  0 0
   277  -.6410155319355217       4   0 1  0 0  0 3  0 0
   278  -.7575339963276805E-05   4   0 0  1 0  0 3  0 0
   279  -.1389423256849006E-04   4   0 0  0 1  0 3  0 0
   280  -.7832813490702337E-01   4   1 0  0 0  0 2  1 0
   281  -.5184153502880948       4   0 1  0 0  0 2  1 0
   282  -.4948873963990737E-05   4   0 0  1 0  0 2  1 0
   283  -.1325807677465007E-04   4   0 0  0 1  0 2  1 0
   284  -.7840996312656623E-01   4   1 0  0 0  0 1  2 0
   285  -.5186610932403370       4   0 1  0 0  0 1  2 0
   286  -.4954155246243753E-05   4   0 0  1 0  0 1  2 0
   287  -.1325932319263827E-04   4   0 0  0 1  0 1  2 0
   288  -.1187319378825651       4   1 0  0 0  0 0  3 0
   289  -.6393731999424680       4   0 1  0 0  0 0  3 0
   290  -.7556722669901335E-05   4   0 0  1 0  0 0  3 0
   291  -.1385727623843383E-04   4   0 0  0 1  0 0  3 0
   292  0.1566233602235468       4   1 0  0 0  0 2  0 1
   293  0.3343945419708055       4   0 1  0 0  0 2  0 1
   294  0.8826998688326486E-05   4   0 0  1 0  0 2  0 1
   295  0.1466893944199244E-04   4   0 0  0 1  0 2  0 1
   296  0.1160889168392169       4   1 0  0 0  0 1  1 1
   297  0.3448421241388542       4   0 1  0 0  0 1  1 1
   298  0.6196472143163886E-05   4   0 0  1 0  0 1  1 1
   299  0.1406705188154198E-04   4   0 0  0 1  0 1  1 1
   300  0.1563344703901601       4   1 0  0 0  0 0  2 1
   301  0.3337124934162795       4   0 1  0 0  0 0  2 1
   302  0.8810950269403434E-05   4   0 0  1 0  0 0  2 1
   303  0.1463973328688206E-04   4   0 0  0 1  0 0  2 1
   304  -.1739790684248781E-01   4   1 0  0 0  0 1  0 2
   305  -.2093636451924549E-01   4   0 1  0 0  0 1  0 2
   306  -.7695947826700832E-08   4   0 0  1 0  0 1  0 2
   307  -.2739318091114455E-06   4   0 0  0 1  0 1  0 2
   308  -.1737449355939452E-01   4   1 0  0 0  0 0  1 2
   309  -.2090818934657255E-01   4   0 1  0 0  0 0  1 2
   310  -.7685590982823438E-08   4   0 0  1 0  0 0  1 2
   311  -.2735631645927126E-06   4   0 0  0 1  0 0  1 2
   312  0.2157055027279500E-03   4   1 0  0 0  0 0  0 3
   313  0.1613300988099756E-03   4   0 1  0 0  0 0  0 3
   314  0.1495039174835414E-07   4   0 0  1 0  0 0  0 3
   315  0.1126729831646030E-07   4   0 0  0 1  0 0  0 3
   316  -.3117673830515968E-04   4   0 0  0 0  0 4  0 0
   317  -.2131136540384298E-04   4   0 0  0 0  0 3  1 0
   318  -.2000578709430463E-04   4   0 0  0 0  0 2  2 0
   319  -.2133954287412982E-04   4   0 0  0 0  0 1  3 0
   320  -.3107854265102972E-04   4   0 0  0 0  0 0  4 0
   321  0.5608274074232197E-05   4   0 0  0 0  0 3  0 1
   322  0.6666255265218427E-05   4   0 0  0 0  0 2  1 1
   323  0.6664104358075686E-05   4   0 0  0 0  0 1  2 1
   324  0.5592473525036319E-05   4   0 0  0 0  0 0  3 1
   325  -.4172338487640888E-07   4   0 0  0 0  0 2  0 2
   326  -.5779015997277283E-07   4   0 0  0 0  0 1  1 2
   327  -.4162834987454345E-07   4   0 0  0 0  0 0  2 2
   328  -.2076011904136852E-08   4   0 0  0 0  0 1  0 3
   329  -.2073218105155315E-08   4   0 0  0 0  0 0  1 3
   330  -.1138350971554036E-14   4   0 0  0 0  0 0  0 4
   ----------------------------------------------------
     I  COEFFICIENT            ORDER EXPONENTS
     1  0.4411132042873721E-04   0   0 0  0 0  0 0  0 0
     2   2.960904645905078       1   1 0  0 0  0 0  0 0
     3   3.711734366882795       1   0 1  0 0  0 0  0 0
     4  0.8466221670251478E-04   1   0 0  1 0  0 0  0 0
     5  0.7793753991175489E-04   1   0 0  0 1  0 0  0 0
     6  0.1958264463855316E-05   1   0 0  0 0  0 1  0 0
     7  0.1955629123830360E-05   1   0 0  0 0  0 0  1 0
     8  0.4019742684961069E-04   1   0 0  0 0  0 0  0 1
     9  -.7941872237785981       2   2 0  0 0  0 0  0 0
    10  -1.453637693455902       2   1 1  0 0  0 0  0 0
    11  -.6685821077041282       2   0 2  0 0  0 0  0 0
    12  0.3504656500319882E-02   2   1 0  1 0  0 0  0 0
    13  0.2558737874984392E-02   2   0 1  1 0  0 0  0 0
    14  0.5076412167520648       2   0 0  2 0  0 0  0 0
    15  0.3206124089012200E-02   2   1 0  0 1  0 0  0 0
    16  0.2407386486458924E-02   2   0 1  0 1  0 0  0 0
    17  0.9294712169398353       2   0 0  1 1  0 0  0 0
    18  0.4298075826217087       2   0 0  0 2  0 0  0 0
    19  -.1813153916344874       2   1 0  0 0  0 1  0 0
    20  -1.510243268828909       2   0 1  0 0  0 1  0 0
    21  -.4868061872958854E-05   2   0 0  1 0  0 1  0 0
    22  -.4374085962695793E-04   2   0 0  0 1  0 1  0 0
    23  -.1810713859255225       2   1 0  0 0  0 0  1 0
    24  -1.508210854613016       2   0 1  0 0  0 0  1 0
    25  -.4861510664714027E-05   2   0 0  1 0  0 0  1 0
    26  -.4368199523950721E-04   2   0 0  0 1  0 0  1 0
    27   3.323291423633547       2   1 0  0 0  0 0  0 1
    28   3.018454123610679       2   0 1  0 0  0 0  0 1
    29  0.9439164009468431E-04   2   0 0  1 0  0 0  0 1
    30  0.8742270749920536E-04   2   0 0  0 1  0 0  0 1
    31  -.1554271884320292E-05   2   0 0  0 0  0 2  0 0
    32  -.1151359004915281E-05   2   0 0  0 0  0 1  1 0
    33  -.1551405496124098E-05   2   0 0  0 0  0 0  2 0
    34  0.4259902445773036E-05   2   0 0  0 0  0 1  0 1
    35  0.4254169669824063E-05   2   0 0  0 0  0 0  1 1
    36  -.4257035817528135E-05   2   0 0  0 0  0 0  0 2
    37  -13.52293457429768       3   3 0  0 0  0 0  0 0
    38  -39.27466472402644       3   2 1  0 0  0 0  0 0
    39  -39.33952644896978       3   1 2  0 0  0 0  0 0
    40  -12.13013668692638       3   0 3  0 0  0 0  0 0
    41  -.6069405856954571E-01   3   2 0  1 0  0 0  0 0
    42  -.1100545670575674       3   1 1  1 0  0 0  0 0
    43  -.5013723372028318E-01   3   0 2  1 0  0 0  0 0
    44  -16.97664801190916       3   1 0  2 0  0 0  0 0
    45  -13.36788032996389       3   0 1  2 0  0 0  0 0
    46  0.1286372358923297E-01   3   0 0  3 0  0 0  0 0
    47  -.5741877941072165E-01   3   2 0  0 1  0 0  0 0
    48  -.1050698819129276       3   1 1  0 1  0 0  0 0
    49  -.4825880919695209E-01   3   0 2  0 1  0 0  0 0
    50  -36.24741328616363       3   1 0  1 1  0 0  0 0
    51  -29.98246416737614       3   0 1  1 1  0 0  0 0
    52  0.3502539608049662E-01   3   0 0  2 1  0 0  0 0
    53  -17.08891838074855       3   1 0  0 2  0 0  0 0
    54  -13.17673615297631       3   0 1  0 2  0 0  0 0
    55  0.3211359716952276E-01   3   0 0  1 2  0 0  0 0
    56  0.9957651942030868E-02   3   0 0  0 3  0 0  0 0
    57  0.1344093022454345       3   2 0  0 0  0 1  0 0
    58  0.9667014908953950       3   1 1  0 0  0 1  0 0
    59  0.7755743305388699       3   0 2  0 0  0 1  0 0
    60  -.1389583046948788E-02   3   1 0  1 0  0 1  0 0
    61  -.2335360133761540E-02   3   0 1  1 0  0 1  0 0
    62  0.1856693557065710E-01   3   0 0  2 0  0 1  0 0
    63  -.3090133103347426E-02   3   1 0  0 1  0 1  0 0
    64  -.3604505150384288E-02   3   0 1  0 1  0 1  0 0
    65  -.4256394687688916       3   0 0  1 1  0 1  0 0
    66  -.4100583070820393       3   0 0  0 2  0 1  0 0
    67  0.1342284205409620       3   2 0  0 0  0 0  1 0
    68  0.9654005495880067       3   1 1  0 0  0 0  1 0
    69  0.7745305991563800       3   0 2  0 0  0 0  1 0
    70  -.1387713011572990E-02   3   1 0  1 0  0 0  1 0
    71  -.2332217316155243E-02   3   0 1  1 0  0 0  1 0
    72  0.1854194906379538E-01   3   0 0  2 0  0 0  1 0
    73  -.3085974547849873E-02   3   1 0  0 1  0 0  1 0
    74  -.3599654377227350E-02   3   0 1  0 1  0 0  1 0
    75  -.4250666632315152       3   0 0  1 1  0 0  1 0
    76  -.4095064699377464       3   0 0  0 2  0 0  1 0
    77  -1.062827619286507       3   2 0  0 0  0 0  0 1
    78  -1.932106539033576       3   1 1  0 0  0 0  0 1
    79  -.8815247122252791       3   0 2  0 0  0 0  0 1
    80  0.6277924853693353E-02   3   1 0  1 0  0 0  0 1
    81  0.4663522051201345E-02   3   0 1  1 0  0 0  0 1
    82  0.4705339220112550       3   0 0  2 0  0 0  0 1
    83  0.6171739301353800E-02   3   1 0  0 1  0 0  0 1
    84  0.4792321127554887E-02   3   0 1  0 1  0 0  0 1
    85  0.8507088101894196       3   0 0  1 1  0 0  0 1
    86  0.3897583141418149       3   0 0  0 2  0 0  0 1
    87  0.1397454408889700       3   1 0  0 0  0 2  0 0
    88   1.212297798975567       3   0 1  0 0  0 2  0 0
    89  0.3342027019409063E-05   3   0 0  1 0  0 2  0 0
    90  0.3486211745328708E-04   3   0 0  0 1  0 2  0 0
    91  0.9828665461230988E-01   3   1 0  0 0  0 1  1 0
    92  0.9151512061701030       3   0 1  0 0  0 1  1 0
    93  0.1807018680712521E-05   3   0 0  1 0  0 1  1 0
    94  0.2600769401923285E-04   3   0 0  0 1  0 1  1 0
    95  0.1394912432867498       3   1 0  0 0  0 0  2 0
    96   1.210050562049480       3   0 1  0 0  0 0  2 0
    97  0.3336313576663834E-05   3   0 0  1 0  0 0  2 0
    98  0.3479770169415693E-04   3   0 0  0 1  0 0  2 0
    99  -.3777767719222535       3   1 0  0 0  0 1  0 1
   100  -1.829502892130326       3   0 1  0 0  0 1  0 1
   101  -.8586798424961773E-05   3   0 0  1 0  0 1  0 1
   102  -.5208057249545678E-04   3   0 0  0 1  0 1  0 1
   103  -.3772683777466076       3   1 0  0 0  0 0  1 1
   104  -1.827040833359585       3   0 1  0 0  0 0  1 1
   105  -.8575242716323387E-05   3   0 0  1 0  0 0  1 1
   106  -.5201048491546486E-04   3   0 0  0 1  0 0  1 1
   107  0.3775221327512592       3   1 0  0 0  0 0  0 2
   108  0.3190444337951164       3   0 1  0 0  0 0  0 2
   109  0.8616494400887568E-05   3   0 0  1 0  0 0  0 2
   110  0.8395528340483209E-05   3   0 0  0 1  0 0  0 2
   111  0.1352589272463328E-05   3   0 0  0 0  0 3  0 0
   112  0.9511572544966324E-06   3   0 0  0 0  0 2  1 0
   113  0.9519639225205358E-06   3   0 0  0 0  0 1  2 0
   114  0.1349219747759821E-05   3   0 0  0 0  0 0  3 0
   115  -.3458188053008066E-05   3   0 0  0 0  0 2  0 1
   116  -.2659323073778134E-05   3   0 0  0 0  0 1  1 1
   117  -.3451744790673956E-05   3   0 0  0 0  0 0  2 1
   118  0.2659591607341722E-05   3   0 0  0 0  0 1  0 2
   119  0.2656012454298779E-05   3   0 0  0 0  0 0  1 2
   120  -.3530328821388315E-06   3   0 0  0 0  0 0  0 3
   121  -84.03346410617928       4   4 0  0 0  0 0  0 0
   122  -311.5346674959711       4   3 1  0 0  0 0  0 0
   123  -434.8541718094687       4   2 2  0 0  0 0  0 0
   124  -271.5267502058644       4   1 3  0 0  0 0  0 0
   125  -64.13235069162953       4   0 4  0 0  0 0  0 0
   126  -.4145949449806763E-01   4   3 0  1 0  0 0  0 0
   127  -.1094582446526245       4   2 1  1 0  0 0  0 0
   128  -.9677786972702418E-01   4   1 2  1 0  0 0  0 0
   129  -.2729725038301958E-01   4   0 3  1 0  0 0  0 0
   130   337.2097453029535       4   2 0  2 0  0 0  0 0
   131   606.5727391569800       4   1 1  2 0  0 0  0 0
   132   274.1922379559383       4   0 2  2 0  0 0  0 0
   133  0.3203937600466791E-01   4   1 0  3 0  0 0  0 0
   134  0.3090581337689112E-01   4   0 1  3 0  0 0  0 0
   135  -38.51631544502338       4   0 0  4 0  0 0  0 0
   136  -.3904718558967424E-01   4   3 0  0 1  0 0  0 0
   137  -.1044875912210070       4   2 1  0 1  0 0  0 0
   138  -.9217924042449213E-01   4   1 2  0 1  0 0  0 0
   139  -.2576538040986439E-01   4   0 3  0 1  0 0  0 0
   140   632.9207758720758       4   2 0  1 1  0 0  0 0
   141   1147.154104537363       4   1 1  1 1  0 0  0 0
   142   522.9000962104069       4   0 2  1 1  0 0  0 0
   143  0.9285978391130761E-01   4   1 0  2 1  0 0  0 0
   144  0.8977476998325847E-01   4   0 1  2 1  0 0  0 0
   145  -138.8554972339170       4   0 0  3 1  0 0  0 0
   146   299.1561240922240       4   2 0  0 2  0 0  0 0
   147   545.5596111050403       4   1 1  0 2  0 0  0 0
   148   250.3778048667679       4   0 2  0 2  0 0  0 0
   149  0.8974299616874254E-01   4   1 0  1 2  0 0  0 0
   150  0.8798179348768728E-01   4   0 1  1 2  0 0  0 0
   151  -189.4881252686298       4   0 0  2 2  0 0  0 0
   152  0.3043812316472562E-01   4   1 0  0 3  0 0  0 0
   153  0.3020646235986832E-01   4   0 1  0 3  0 0  0 0
   154  -115.5920832997063       4   0 0  1 3  0 0  0 0
   155  -26.49824602951545       4   0 0  0 4  0 0  0 0
   156   10.61468932589736       4   3 0  0 0  0 1  0 0
   157   49.93825118578130       4   2 1  0 0  0 1  0 0
   158   68.18897721604539       4   1 2  0 0  0 1  0 0
   159   27.27680088106428       4   0 3  0 0  0 1  0 0
   160  -.5504946317325904E-02   4   2 0  1 0  0 1  0 0
   161  0.3801219711236382E-01   4   1 1  1 0  0 1  0 0
   162  0.3894066462018916E-01   4   0 2  1 0  0 1  0 0
   163   5.676602709450795       4   1 0  2 0  0 1  0 0
   164   10.53760732516950       4   0 1  2 0  0 1  0 0
   165  0.1134428224855160E-02   4   0 0  3 0  0 1  0 0
   166  0.1869126508316224E-01   4   2 0  0 1  0 1  0 0
   167  0.7940358402562699E-01   4   1 1  0 1  0 1  0 0
   168  0.5700279204949116E-01   4   0 2  0 1  0 1  0 0
   169   31.75494979828385       4   1 0  1 1  0 1  0 0
   170   40.34790900343483       4   0 1  1 1  0 1  0 0
   171  -.1195735620854685E-01   4   0 0  2 1  0 1  0 0
   172   24.52306361531138       4   1 0  0 2  0 1  0 0
   173   25.69077355592231       4   0 1  0 2  0 1  0 0
   174  -.2448059845826729E-01   4   0 0  1 2  0 1  0 0
   175  -.1172053205791748E-01   4   0 0  0 3  0 1  0 0
   176   10.60040457725527       4   3 0  0 0  0 0  1 0
   177   49.87104664084298       4   2 1  0 0  0 0  1 0
   178   68.09721170414247       4   1 2  0 0  0 0  1 0
   179   27.24009304794940       4   0 3  0 0  0 0  1 0
   180  -.5497538020011205E-02   4   2 0  1 0  0 0  1 0
   181  0.3796104208894274E-01   4   1 1  1 0  0 0  1 0
   182  0.3888826010895324E-01   4   0 2  1 0  0 0  1 0
   183   5.668963405053453       4   1 0  2 0  0 0  1 0
   184   10.52342630985155       4   0 1  2 0  0 0  1 0
   185  0.1132901564813900E-02   4   0 0  3 0  0 0  1 0
   186  0.1866611125950210E-01   4   2 0  0 1  0 0  1 0
   187  0.7929672642440656E-01   4   1 1  0 1  0 0  1 0
   188  0.5692608037839950E-01   4   0 2  0 1  0 0  1 0
   189   31.71221548340430       4   1 0  1 1  0 0  1 0
   190   40.29361068902917       4   0 1  1 1  0 0  1 0
   191  -.1194126456209206E-01   4   0 0  2 1  0 0  1 0
   192   24.49006163202985       4   1 0  0 2  0 0  1 0
   193   25.65620012363500       4   0 1  0 2  0 0  1 0
   194  -.2444765362259279E-01   4   0 0  1 2  0 0  1 0
   195  -.1170475911824347E-01   4   0 0  0 3  0 0  1 0
   196  -34.74744122041346       4   3 0  0 0  0 0  0 1
   197  -99.83918646481897       4   2 1  0 0  0 0  0 1
   198  -96.97846244354021       4   1 2  0 0  0 0  0 1
   199  -30.26794722930208       4   0 3  0 0  0 0  0 1
   200  0.2115100638293579E-03   4   2 0  1 0  0 0  0 1
   201  0.5296785511969654E-03   4   1 1  1 0  0 0  0 1
   202  0.3202736796736719E-03   4   0 2  1 0  0 0  0 1
   203  -28.30332533706430       4   1 0  2 0  0 0  0 1
   204  -21.04240770212762       4   0 1  2 0  0 0  0 1
   205  -.8049607343160296E-03   4   0 0  3 0  0 0  0 1
   206  0.4473017368844124E-03   4   2 0  0 1  0 0  0 1
   207  0.7652783729739161E-03   4   1 1  0 1  0 0  0 1
   208  0.3864211601665472E-03   4   0 2  0 1  0 0  0 1
   209  -63.42685944197088       4   1 0  1 1  0 0  0 1
   210  -50.61862645202265       4   0 1  1 1  0 0  0 1
   211  -.2448836616601535E-02   4   0 0  2 1  0 0  0 1
   212  -31.90241509708823       4   1 0  0 2  0 0  0 1
   213  -24.97135627803768       4   0 1  0 2  0 0  0 1
   214  -.2442349960659848E-02   4   0 0  1 2  0 0  0 1
   215  -.7527381475013875E-03   4   0 0  0 3  0 0  0 1
   216  -.1071639159563556       4   2 0  0 0  0 2  0 0
   217  -.8536666055980296       4   1 1  0 0  0 2  0 0
   218  -.8586087827003674       4   0 2  0 0  0 2  0 0
   219  -.6977193482726827E-03   4   1 0  1 0  0 2  0 0
   220  0.7452635049436310E-03   4   0 1  1 0  0 2  0 0
   221  -.1112768193566777E-01   4   0 0  2 0  0 2  0 0
   222  0.1183242352778539E-02   4   1 0  0 1  0 2  0 0
   223  0.2799144896634392E-02   4   0 1  0 1  0 2  0 0
   224  0.3049784966274421       4   0 0  1 1  0 2  0 0
   225  0.3975694140541148       4   0 0  0 2  0 2  0 0
   226  -.8213963724061887E-01   4   2 0  0 0  0 1  1 0
   227  -.7462809051729012       4   1 1  0 0  0 1  1 0
   228  -.9443590790200319       4   0 2  0 0  0 1  1 0
   229  -.8370333913738417E-03   4   1 0  1 0  0 1  1 0
   230  0.8248245340185464E-03   4   0 1  1 0  0 1  1 0
   231  -.3255257863762559E-02   4   0 0  2 0  0 1  1 0
   232  0.1289984869964635E-02   4   1 0  0 1  0 1  1 0
   233  0.3755914615994752E-02   4   0 1  0 1  0 1  1 0
   234  0.1849245819476618       4   0 0  1 1  0 1  1 0
   235  0.3851388612342248       4   0 0  0 2  0 1  1 0
   236  -.1069644299823759       4   2 0  0 0  0 0  2 0
   237  -.8520156264765346       4   1 1  0 0  0 0  2 0
   238  -.8568178704942140       4   0 2  0 0  0 0  2 0
   239  -.6962171704111063E-03   4   1 0  1 0  0 0  2 0
   240  0.7437055594491061E-03   4   0 1  1 0  0 0  2 0
   241  -.1111051643943953E-01   4   0 0  2 0  0 0  2 0
   242  0.1180782000562892E-02   4   1 0  0 1  0 0  2 0
   243  0.2792850672911594E-02   4   0 1  0 1  0 0  2 0
   244  0.3044436395462234       4   0 0  1 1  0 0  2 0
   245  0.3967752330092365       4   0 0  0 2  0 0  2 0
   246  0.2995122411954924       4   2 0  0 0  0 1  0 1
   247   1.496077090667399       4   1 1  0 0  0 1  0 1
   248   1.116015589484253       4   0 2  0 0  0 1  0 1
   249  0.1121949012514172E-02   4   1 0  1 0  0 1  0 1
   250  -.1209540107405482E-02   4   0 1  1 0  0 1  0 1
   251  0.2521545182099534E-01   4   0 0  2 0  0 1  0 1
   252  -.1694002676559356E-02   4   1 0  0 1  0 1  0 1
   253  -.3372765353136189E-02   4   0 1  0 1  0 1  0 1
   254  -.3685748167792637       4   0 0  1 1  0 1  0 1
   255  -.3597308727137090       4   0 0  0 2  0 1  0 1
   256  0.2991091717368104       4   2 0  0 0  0 0  1 1
   257   1.494063740626442       4   1 1  0 0  0 0  1 1
   258   1.114513708299914       4   0 2  0 0  0 0  1 1
   259  0.1120439146408755E-02   4   1 0  1 0  0 0  1 1
   260  -.1207912365332588E-02   4   0 1  1 0  0 0  1 1
   261  0.2518151805429749E-01   4   0 0  2 0  0 0  1 1
   262  -.1691722967592823E-02   4   1 0  0 1  0 0  1 1
   263  -.3368226444476862E-02   4   0 1  0 1  0 0  1 1
   264  -.3680788061611716       4   0 0  1 1  0 0  1 1
   265  -.3592467638587394       4   0 0  0 2  0 0  1 1
   266  -.3023546509851127       4   2 0  0 0  0 0  0 2
   267  -.5363520556162616       4   1 1  0 0  0 0  0 2
   268  -.2377504406847074       4   0 2  0 0  0 0  0 2
   269  -.1265099987965811E-04   4   1 0  1 0  0 0  0 2
   270  -.5653893314979261E-04   4   0 1  1 0  0 0  0 2
   271  -.2490292504650709E-01   4   0 0  2 0  0 0  0 2
   272  -.1155290813686429E-04   4   1 0  0 1  0 0  0 2
   273  -.4642990033200812E-04   4   0 1  0 1  0 0  0 2
   274  -.5720311669510754E-01   4   0 0  1 1  0 0  0 2
   275  -.3053760715778569E-01   4   0 0  0 2  0 0  0 2
   276  -.1190432985532099       4   1 0  0 0  0 3  0 0
   277  -1.065033152961458       4   0 1  0 0  0 3  0 0
   278  -.4565336428203819E-05   4   0 0  1 0  0 3  0 0
   279  -.3621529007406676E-04   4   0 0  0 1  0 3  0 0
   280  -.7760500693030579E-01   4   1 0  0 0  0 2  1 0
   281  -.7706310489330822       4   0 1  0 0  0 2  1 0
   282  -.2312131621847014E-05   4   0 0  1 0  0 2  1 0
   283  -.2517558461361921E-04   4   0 0  0 1  0 2  1 0
   284  -.7768833209003628E-01   4   1 0  0 0  0 1  2 0
   285  -.7712224444047454       4   0 1  0 0  0 1  2 0
   286  -.2316667605020692E-05   4   0 0  1 0  0 1  2 0
   287  -.2519777130501262E-04   4   0 0  0 1  0 1  2 0
   288  -.1187508460998041       4   1 0  0 0  0 0  3 0
   289  -1.062365405475797       4   0 1  0 0  0 0  3 0
   290  -.4554567026663752E-05   4   0 0  1 0  0 0  3 0
   291  -.3612526761176492E-04   4   0 0  0 1  0 0  3 0
   292  0.2949218236145625       4   1 0  0 0  0 2  0 1
   293   1.541050844719618       4   0 1  0 0  0 2  0 1
   294  0.6224784379665218E-05   4   0 0  1 0  0 2  0 1
   295  0.4643862642164073E-04   4   0 0  0 1  0 2  0 1
   296  0.2122434724279723       4   1 0  0 0  0 1  1 1
   297   1.253326463184924       4   0 1  0 0  0 1  1 1
   298  0.3756722881754218E-05   4   0 0  1 0  0 1  1 1
   299  0.3601351015130673E-04   4   0 0  0 1  0 1  1 1
   300  0.2943821180922704       4   1 0  0 0  0 0  2 1
   301   1.538133637276540       4   0 1  0 0  0 0  2 1
   302  0.6213879547907894E-05   4   0 0  1 0  0 0  2 1
   303  0.4635189886442725E-04   4   0 0  0 1  0 0  2 1
   304  -.2121012737022662       4   1 0  0 0  0 1  0 2
   305  -.3381522916294688       4   0 1  0 0  0 1  0 2
   306  -.1744080427837464E-05   4   0 0  1 0  0 1  0 2
   307  -.4801105934141524E-05   4   0 0  0 1  0 1  0 2
   308  -.2118158378041086       4   1 0  0 0  0 0  1 2
   309  -.3376972222119629       4   0 1  0 0  0 0  1 2
   310  -.1741733326593467E-05   4   0 0  1 0  0 0  1 2
   311  -.4794644832043752E-05   4   0 0  0 1  0 0  1 2
   312  0.1545750284099891E-01   4   1 0  0 0  0 0  0 3
   313  0.1258025255639770E-01   4   0 1  0 0  0 0  0 3
   314  0.9790689021813092E-06   4   0 0  1 0  0 0  0 3
   315  0.8018012579211504E-06   4   0 0  0 1  0 0  0 3
   316  -.3759538818553403E-04   4   0 0  0 0  0 4  0 0
   317  -.2420763408107548E-04   4   0 0  0 0  0 3  1 0
   318  -.2243778826456228E-04   4   0 0  0 0  0 2  2 0
   319  -.2424589097828519E-04   4   0 0  0 0  0 1  3 0
   320  -.3747797741216143E-04   4   0 0  0 0  0 0  4 0
   321  0.4642884967683632E-04   4   0 0  0 0  0 3  0 1
   322  0.3299025655550633E-04   4   0 0  0 0  0 2  1 1
   323  0.3301725796592425E-04   4   0 0  0 0  0 1  2 1
   324  0.4631295860401334E-04   4   0 0  0 0  0 0  3 1
   325  -.4008948374051885E-05   4   0 0  0 0  0 2  0 2
   326  -.4856978306483310E-05   4   0 0  0 0  0 1  1 2
   327  -.4000285174013628E-05   4   0 0  0 0  0 0  2 2
   328  0.3993355052973557E-07   4   0 0  0 0  0 1  0 3
   329  0.3987980983943564E-07   4   0 0  0 0  0 0  1 3
   330  0.1678308033397704E-12   4   0 0  0 0  0 0  0 4
   ----------------------------------------------------
     I  COEFFICIENT            ORDER EXPONENTS
     1  -.4959123498441762E-05   0   0 0  0 0  0 0  0 0
     2  0.1039293402497465E-04   1   1 0  0 0  0 0  0 0
     3  0.8869268954664259E-05   1   0 1  0 0  0 0  0 0
     4  0.6895087834136924       1   0 0  1 0  0 0  0 0
     5  0.7801989082202726       1   0 0  0 1  0 0  0 0
     6  -.1219838437224641E-04   1   0 0  0 0  0 1  0 0
     7  -.1218196836144816E-04   1   0 0  0 0  0 0  1 0
     8  0.2438035273396200E-04   1   0 0  0 0  0 0  0 1
     9  0.2597795742363799E-03   2   2 0  0 0  0 0  0 0
    10  0.4742382118055946E-03   2   1 1  0 0  0 0  0 0
    11  0.2403225806093314E-03   2   0 2  0 0  0 0  0 0
    12  0.1340050145210019       2   1 0  1 0  0 0  0 0
    13  0.1169059351353623       2   0 1  1 0  0 0  0 0
    14  -.1687719940315216E-03   2   0 0  2 0  0 0  0 0
    15  0.1186673034757101       2   1 0  0 1  0 0  0 0
    16  0.1040226918475796       2   0 1  0 1  0 0  0 0
    17  -.2225166764006869E-03   2   0 0  1 1  0 0  0 0
    18  -.3346835168460140E-04   2   0 0  0 2  0 0  0 0
    19  -.5414111622182203E-05   2   1 0  0 0  0 1  0 0
    20  -.9080573245971092E-05   2   0 1  0 0  0 1  0 0
    21  0.1473690595465468       2   0 0  1 0  0 1  0 0
    22  -.2618975642290603       2   0 0  0 1  0 1  0 0
    23  -.5406825565919322E-05   2   1 0  0 0  0 0  1 0
    24  -.9068353038449247E-05   2   0 1  0 0  0 0  1 0
    25  0.1471707372114723       2   0 0  1 0  0 0  1 0
    26  -.2615451148299255       2   0 0  0 1  0 0  1 0
    27  0.1082093019548757E-04   2   1 0  0 0  0 0  0 1
    28  0.9279650397767534E-05   2   0 1  0 0  0 0  0 1
    29  -.2945397967691953       2   0 0  1 0  0 0  0 1
    30  -.2567562291719556       2   0 0  0 1  0 0  0 1
    31  0.8849307564230746E-05   2   0 0  0 0  0 2  0 0
    32  0.5509225426499830E-05   2   0 0  0 0  0 1  1 0
    33  0.8833691555098029E-05   2   0 0  0 0  0 0  2 0
    34  -.1100946282831991E-04   2   0 0  0 0  0 1  0 1
    35  -.1099464681210356E-04   2   0 0  0 0  0 0  1 1
    36  -.1188116300279148E-05   2   0 0  0 0  0 0  0 2
    37  -.2298456315158816E-02   3   3 0  0 0  0 0  0 0
    38  -.5997559715660041E-02   3   2 1  0 0  0 0  0 0
    39  -.5226324350868125E-02   3   1 2  0 0  0 0  0 0
    40  -.1516039335664061E-02   3   0 3  0 0  0 0  0 0
    41  -1.237829722629208       3   2 0  1 0  0 0  0 0
    42  -2.599445503017743       3   1 1  1 0  0 0  0 0
    43  -1.598955113177094       3   0 2  1 0  0 0  0 0
    44  0.5355805414620825E-02   3   1 0  2 0  0 0  0 0
    45  0.4660674699846946E-02   3   0 1  2 0  0 0  0 0
    46  0.5533349922166236E-01   3   0 0  3 0  0 0  0 0
    47  -2.425295672735401       3   2 0  0 1  0 0  0 0
    48  -4.489272708200327       3   1 1  0 1  0 0  0 0
    49  -1.932753630473155       3   0 2  0 1  0 0  0 0
    50  0.9447980968573695E-02   3   1 0  1 1  0 0  0 0
    51  0.8265804430110138E-02   3   0 1  1 1  0 0  0 0
    52  -.1141488458855285       3   0 0  2 1  0 0  0 0
    53  0.4207984979731312E-02   3   1 0  0 2  0 0  0 0
    54  0.3705616804612223E-02   3   0 1  0 2  0 0  0 0
    55  -.6987389114982356       3   0 0  1 2  0 0  0 0
    56  -.1078737538532499       3   0 0  0 3  0 0  0 0
    57  -.1922453594424779E-03   3   2 0  0 0  0 1  0 0
    58  -.6015054856452175E-03   3   1 1  0 0  0 1  0 0
    59  -.4219461267267128E-03   3   0 2  0 0  0 1  0 0
    60  -.6345231992368636E-01   3   1 0  1 0  0 1  0 0
    61  -.1135733471783583       3   0 1  1 0  0 1  0 0
    62  0.1798487383181791E-04   3   0 0  2 0  0 1  0 0
    63  -.1162354269854776       3   1 0  0 1  0 1  0 0
    64  -.1536954461602432       3   0 1  0 1  0 1  0 0
    65  0.1804752643781281E-03   3   0 0  1 1  0 1  0 0
    66  0.6766410066049316E-04   3   0 0  0 2  0 1  0 0
    67  -.1919866446979499E-03   3   2 0  0 0  0 0  1 0
    68  -.6006960079106083E-03   3   1 1  0 0  0 0  1 0
    69  -.4213782915149968E-03   3   0 2  0 0  0 0  1 0
    70  -.6336692878193727E-01   3   1 0  1 0  0 0  1 0
    71  -.1134205055202520       3   0 1  1 0  0 0  1 0
    72  0.1796067063621255E-04   3   0 0  2 0  0 0  1 0
    73  -.1160790028258264       3   1 0  0 1  0 0  1 0
    74  -.1534886100722160       3   0 1  0 1  0 0  1 0
    75  0.1802323892728320E-03   3   0 0  1 1  0 0  1 0
    76  0.6757304150272255E-04   3   0 0  0 2  0 0  1 0
    77  0.3839707009703626E-03   3   2 0  0 0  0 0  0 1
    78  0.7274400449007802E-03   3   1 1  0 0  0 0  0 1
    79  0.3624161417124119E-03   3   0 2  0 0  0 0  0 1
    80  0.1268192452592701       3   1 0  1 0  0 0  0 1
    81  0.1100878965848158       3   0 1  1 0  0 0  0 1
    82  -.3580662427870388E-04   3   0 0  2 0  0 0  0 1
    83  0.1136470985249044       3   1 0  0 1  0 0  0 1
    84  0.9913863243924782E-01   3   0 1  0 1  0 0  0 1
    85  -.1379169903804606E-03   3   0 0  1 1  0 0  0 1
    86  -.6816669834163673E-04   3   0 0  0 2  0 0  0 1
    87  0.4162485133619033E-05   3   1 0  0 0  0 2  0 0
    88  0.9215032560099676E-05   3   0 1  0 0  0 2  0 0
    89  -.1065658357725280       3   0 0  1 0  0 2  0 0
    90  0.1353026154185631       3   0 0  0 1  0 2  0 0
    91  0.2933098686760207E-05   3   1 0  0 0  0 1  1 0
    92  0.9377988305364220E-05   3   0 1  0 0  0 1  1 0
    93  -.6587223090614393E-01   3   0 0  1 0  0 1  1 0
    94  0.9047881967503285E-02   3   0 0  0 1  0 1  1 0
    95  0.4154909844307094E-05   3   1 0  0 0  0 0  2 0
    96  0.9196321176217840E-05   3   0 1  0 0  0 0  2 0
    97  -.1063781006210680       3   0 0  1 0  0 0  2 0
    98  0.1351144434287541       3   0 0  0 1  0 0  2 0
    99  -.5897651751965680E-05   3   1 0  0 0  0 1  0 1
   100  -.9724501226233685E-05   3   0 1  0 0  0 1  0 1
   101  0.1316350362546407       3   0 0  1 0  0 1  0 1
   102  0.2441421237765543       3   0 0  0 1  0 1  0 1
   103  -.5889714970184588E-05   3   1 0  0 0  0 0  1 1
   104  -.9711414450783296E-05   3   0 1  0 0  0 0  1 1
   105  0.1314578880265937       3   0 0  1 0  0 0  1 1
   106  0.2438135688123955       3   0 0  0 1  0 0  1 1
   107  0.5142382289075019E-06   3   1 0  0 0  0 0  0 2
   108  0.4923492487531179E-06   3   0 1  0 0  0 0  0 2
   109  0.1572338743676751E-01   3   0 0  1 0  0 0  0 2
   110  0.1277832598253738E-01   3   0 0  0 1  0 0  0 2
   111  -.7178116011880750E-05   3   0 0  0 0  0 3  0 0
   112  -.3837550305785233E-05   3   0 0  0 0  0 2  1 0
   113  -.3844274169723968E-05   3   0 0  0 0  0 1  2 0
   114  -.7161047343101641E-05   3   0 0  0 0  0 0  3 0
   115  0.7672422660086751E-05   3   0 0  0 0  0 2  0 1
   116  0.4344208220168466E-05   3   0 0  0 0  0 1  1 1
   117  0.7659174359915938E-05   3   0 0  0 0  0 0  2 1
   118  0.1165248862320051E-05   3   0 0  0 0  0 1  0 2
   119  0.1163680725317425E-05   3   0 0  0 0  0 0  1 2
   120  0.1579011020799638E-07   3   0 0  0 0  0 0  0 3
   121  -.1222517485719230E-02   4   4 0  0 0  0 0  0 0
   122  -.4380634224592053E-02   4   3 1  0 0  0 0  0 0
   123  -.6003769775462834E-02   4   2 2  0 0  0 0  0 0
   124  -.3508382483382664E-02   4   1 3  0 0  0 0  0 0
   125  -.6750927570977795E-03   4   0 4  0 0  0 0  0 0
   126   27.68390050131960       4   3 0  1 0  0 0  0 0
   127   73.60016027477091       4   2 1  1 0  0 0  0 0
   128   65.57266344779531       4   1 2  1 0  0 0  0 0
   129   19.63214842119402       4   0 3  1 0  0 0  0 0
   130  0.3538538311227871E-02   4   2 0  2 0  0 0  0 0
   131  0.5635628717766274E-02   4   1 1  2 0  0 0  0 0
   132  0.2162007118523693E-02   4   0 2  2 0  0 0  0 0
   133  -21.37371208951648       4   1 0  3 0  0 0  0 0
   134  -18.37529687472284       4   0 1  3 0  0 0  0 0
   135  -.1701037828929428E-02   4   0 0  4 0  0 0  0 0
   136   25.05390545386955       4   3 0  0 1  0 0  0 0
   137   66.90665110881432       4   2 1  0 1  0 0  0 0
   138   59.93402279877700       4   1 2  0 1  0 0  0 0
   139   18.05555254888593       4   0 3  0 1  0 0  0 0
   140  0.6297420073445163E-02   4   2 0  1 1  0 0  0 0
   141  0.1030450119820875E-01   4   1 1  1 1  0 0  0 0
   142  0.3796146681329635E-02   4   0 2  1 1  0 0  0 0
   143  -56.85465021111047       4   1 0  2 1  0 0  0 0
   144  -49.13037589520733       4   0 1  2 1  0 0  0 0
   145  -.5709347082663126E-02   4   0 0  3 1  0 0  0 0
   146  0.2647786383343554E-02   4   2 0  0 2  0 0  0 0
   147  0.4672879851984694E-02   4   1 1  0 2  0 0  0 0
   148  0.1843794358834413E-02   4   0 2  0 2  0 0  0 0
   149  -50.53738128230558       4   1 0  1 2  0 0  0 0
   150  -43.83067433401489       4   0 1  1 2  0 0  0 0
   151  -.7087785421266489E-02   4   0 0  2 2  0 0  0 0
   152  -14.94827497192144       4   1 0  0 3  0 0  0 0
   153  -12.99166659220238       4   0 1  0 3  0 0  0 0
   154  -.4114327978738120E-02   4   0 0  1 3  0 0  0 0
   155  -.9358956196694472E-03   4   0 0  0 4  0 0  0 0
   156  -.3075673049676114E-03   4   3 0  0 0  0 1  0 0
   157  0.1726769943724681E-02   4   2 1  0 0  0 1  0 0
   158  0.3649069118195887E-02   4   1 2  0 0  0 1  0 0
   159  0.1656527783819354E-02   4   0 3  0 0  0 1  0 0
   160   1.301410532345286       4   2 0  1 0  0 1  0 0
   161   3.963935708174707       4   1 1  1 0  0 1  0 0
   162   3.043761430752471       4   0 2  1 0  0 1  0 0
   163  0.4420760849631531E-03   4   1 0  2 0  0 1  0 0
   164  -.1751446301936448E-02   4   0 1  2 0  0 1  0 0
   165  0.2255292781382101       4   0 0  3 0  0 1  0 0
   166   3.069837669049578       4   2 0  0 1  0 1  0 0
   167   8.043566355313528       4   1 1  0 1  0 1  0 0
   168   4.754242989460547       4   0 2  0 1  0 1  0 0
   169  -.3351183536308562E-02   4   1 0  1 1  0 1  0 0
   170  -.6685623657938412E-02   4   0 1  1 1  0 1  0 0
   171  0.3637272028703657       4   0 0  2 1  0 1  0 0
   172  -.3347119687842441E-02   4   1 0  0 2  0 1  0 0
   173  -.4623092592210389E-02   4   0 1  0 2  0 1  0 0
   174  0.8612321852978402       4   0 0  1 2  0 1  0 0
   175  0.2902301383136572       4   0 0  0 3  0 1  0 0
   176  -.3071533953837344E-03   4   3 0  0 0  0 0  1 0
   177  0.1724446138114254E-02   4   2 1  0 0  0 0  1 0
   178  0.3644158372951281E-02   4   1 2  0 0  0 0  1 0
   179  0.1654298506797337E-02   4   0 3  0 0  0 0  1 0
   180   1.299659155384211       4   2 0  1 0  0 0  1 0
   181   3.958601230312483       4   1 1  1 0  0 0  1 0
   182   3.039665280066487       4   0 2  1 0  0 0  1 0
   183  0.4414811598023339E-03   4   1 0  2 0  0 0  1 0
   184  -.1749089288046105E-02   4   0 1  2 0  0 0  1 0
   185  0.2252257714645196       4   0 0  3 0  0 0  1 0
   186   3.065706426191007       4   2 0  0 1  0 0  1 0
   187   8.032741702792705       4   1 1  0 1  0 0  1 0
   188   4.747844953305049       4   0 2  0 1  0 0  1 0
   189  -.3346673671441205E-02   4   1 0  1 1  0 0  1 0
   190  -.6676626460702086E-02   4   0 1  1 1  0 0  1 0
   191  0.3632377159426148       4   0 0  2 1  0 0  1 0
   192  -.3342615291910828E-02   4   1 0  0 2  0 0  1 0
   193  -.4616871052078598E-02   4   0 1  0 2  0 0  1 0
   194  0.8600731796113360       4   0 0  1 2  0 0  1 0
   195  0.2898395602715885       4   0 0  0 3  0 0  1 0
   196  0.2589494505690338E-03   4   3 0  0 0  0 0  0 1
   197  0.9055601605552673E-03   4   2 1  0 0  0 0  0 1
   198  0.1015661629844336E-02   4   1 2  0 0  0 0  0 1
   199  0.3745563943101956E-03   4   0 3  0 0  0 0  0 1
   200  -2.598423345351792       4   2 0  1 0  0 0  0 1
   201  -5.317833786109158       4   1 1  1 0  0 0  0 1
   202  -2.882892141558226       4   0 2  1 0  0 0  0 1
   203  -.2036582057566852E-03   4   1 0  2 0  0 0  0 1
   204  -.1893432594571229E-03   4   0 1  2 0  0 0  0 1
   205  -.4512287788324891       4   0 0  3 0  0 0  0 1
   206  -3.707595908553966       4   2 0  0 1  0 0  0 1
   207  -7.092459314485702       4   1 1  0 1  0 0  0 1
   208  -3.701164031908516       4   0 2  0 1  0 0  0 1
   209  -.5412661589202217E-03   4   1 0  1 1  0 0  0 1
   210  -.4947550375605447E-03   4   0 1  1 1  0 0  0 1
   211  -.6142290096264255       4   0 0  2 1  0 0  0 1
   212  -.2871336394888161E-03   4   1 0  0 2  0 0  0 1
   213  -.2553412835862539E-03   4   0 1  0 2  0 0  0 1
   214  -.3252230858754670       4   0 0  1 2  0 0  0 1
   215  -.2569036120614156       4   0 0  0 3  0 0  0 1
   216  -.1184640976579411E-03   4   2 0  0 0  0 2  0 0
   217  0.1032721675389964E-03   4   1 1  0 0  0 2  0 0
   218  0.2718081789211469E-03   4   0 2  0 0  0 2  0 0
   219  0.4598219159483390E-01   4   1 0  1 0  0 2  0 0
   220  0.1115609875578236       4   0 1  1 0  0 2  0 0
   221  -.3663103029568833E-05   4   0 0  2 0  0 2  0 0
   222  0.1145478811566885       4   1 0  0 1  0 2  0 0
   223  0.1900869920021603       4   0 1  0 1  0 2  0 0
   224  -.2632588234937780E-03   4   0 0  1 1  0 2  0 0
   225  -.1839214467382690E-03   4   0 0  0 2  0 2  0 0
   226  -.1455259768555420E-03   4   2 0  0 0  0 1  1 0
   227  0.1526734114792214E-03   4   1 1  0 0  0 1  1 0
   228  0.4002641297462777E-03   4   0 2  0 0  0 1  1 0
   229  0.2830292890336095E-01   4   1 0  1 0  0 1  1 0
   230  0.1090359936957780       4   0 1  1 0  0 1  1 0
   231  0.4710689594498005E-04   4   0 0  2 0  0 1  1 0
   232  0.1126604653135394       4   1 0  0 1  0 1  1 0
   233  0.2260434706773468       4   0 1  0 1  0 1  1 0
   234  -.1784177138999000E-03   4   0 0  1 1  0 1  1 0
   235  -.1843828630630572E-03   4   0 0  0 2  0 1  1 0
   236  -.1182067532577071E-03   4   2 0  0 0  0 0  2 0
   237  0.1030304583820503E-03   4   1 1  0 0  0 0  2 0
   238  0.2711730639828235E-03   4   0 2  0 0  0 0  2 0
   239  0.4590126655452745E-01   4   1 0  1 0  0 0  2 0
   240  0.1113374862876416       4   0 1  1 0  0 0  2 0
   241  -.3689870518393455E-05   4   0 0  2 0  0 0  2 0
   242  0.1143179214443249       4   1 0  0 1  0 0  2 0
   243  0.1896790825619242       4   0 1  0 1  0 0  2 0
   244  -.2627844891006784E-03   4   0 0  1 1  0 0  2 0
   245  -.1835498670393557E-03   4   0 0  0 2  0 0  2 0
   246  0.1035441760479278E-03   4   2 0  0 0  0 1  0 1
   247  -.1262589057098740E-03   4   1 1  0 0  0 1  0 1
   248  -.2075050643930034E-03   4   0 2  0 0  0 1  0 1
   249  -.5622861723294118E-01   4   1 0  1 0  0 1  0 1
   250  -.1035756241055108       4   0 1  1 0  0 1  0 1
   251  -.8070559699172717E-04   4   0 0  2 0  0 1  0 1
   252  -.1087322557688877       4   1 0  0 1  0 1  0 1
   253  -.1442174371983254       4   0 1  0 1  0 1  0 1
   254  -.3716374539468392E-04   4   0 0  1 1  0 1  0 1
   255  0.7734472819160356E-04   4   0 0  0 2  0 1  0 1
   256  0.1034048311756705E-03   4   2 0  0 0  0 0  1 1
   257  -.1260889924249458E-03   4   1 1  0 0  0 0  1 1
   258  -.2072258138567183E-03   4   0 2  0 0  0 0  1 1
   259  -.5615294740983229E-01   4   1 0  1 0  0 0  1 1
   260  -.1034362369119398       4   0 1  1 0  0 0  1 1
   261  -.8059698720281881E-04   4   0 0  2 0  0 0  1 1
   262  -.1085859290234480       4   1 0  0 1  0 0  1 1
   263  -.1440233561680766       4   0 1  0 1  0 0  1 1
   264  -.3711373217759851E-04   4   0 0  1 1  0 0  1 1
   265  0.7724064130153400E-04   4   0 0  0 2  0 0  1 1
   266  -.2190021420067581E-06   4   2 0  0 0  0 0  0 2
   267  -.3943524542377240E-06   4   1 1  0 0  0 0  0 2
   268  -.1640091072790489E-06   4   0 2  0 0  0 0  0 2
   269  -.7575549646647257E-02   4   1 0  1 0  0 0  0 2
   270  -.7158607900042861E-02   4   0 1  1 0  0 0  0 2
   271  0.9140337008532753E-04   4   0 0  2 0  0 0  0 2
   272  -.5311101005880391E-02   4   1 0  0 1  0 0  0 2
   273  -.5141791018147624E-02   4   0 1  0 1  0 0  0 2
   274  0.1707608826320326E-03   4   0 0  1 1  0 0  0 2
   275  0.7933652242231643E-04   4   0 0  0 2  0 0  0 2
   276  -.7780078902786868E-05   4   1 0  0 0  0 3  0 0
   277  -.1371493141877098E-04   4   0 1  0 0  0 3  0 0
   278  0.8620882328163637E-01   4   0 0  1 0  0 3  0 0
   279  -.7362390377341076E-01   4   0 0  0 1  0 3  0 0
   280  -.5325927539199968E-05   4   1 0  0 0  0 2  1 0
   281  -.1306293959936541E-04   4   0 1  0 0  0 2  1 0
   282  0.4551822457220743E-01   4   0 0  1 0  0 2  1 0
   283  0.4965009653450463E-01   4   0 0  0 1  0 2  1 0
   284  -.5330860425890365E-05   4   1 0  0 0  0 1  2 0
   285  -.1306421847141404E-04   4   0 1  0 0  0 1  2 0
   286  0.4560012961446351E-01   4   0 0  1 0  0 1  2 0
   287  0.4940145202958060E-01   4   0 0  0 1  0 1  2 0
   288  -.7760794948603052E-05   4   1 0  0 0  0 0  3 0
   289  -.1367846815746723E-04   4   0 1  0 0  0 0  3 0
   290  0.8600421280664833E-01   4   0 0  1 0  0 0  3 0
   291  -.7350864791381470E-01   4   0 0  0 1  0 0  3 0
   292  0.9135485482381116E-05   4   1 0  0 0  0 2  0 1
   293  0.1445784143837865E-04   4   0 1  0 0  0 2  0 1
   294  -.9100564433519290E-01   4   0 0  1 0  0 2  0 1
   295  -.2346777992352886       4   0 0  0 1  0 2  0 1
   296  0.6706933046785928E-05   4   1 0  0 0  0 1  1 1
   297  0.1385710250687081E-04   4   0 1  0 0  0 1  1 1
   298  -.5048413276071716E-01   4   0 0  1 0  0 1  1 1
   299  -.2252371529922727       4   0 0  0 1  0 1  1 1
   300  0.9118678439425153E-05   4   1 0  0 0  0 0  2 1
   301  0.1442906063904067E-04   4   0 1  0 0  0 0  2 1
   302  -.9084920364467684E-01   4   0 0  1 0  0 0  2 1
   303  -.2342104241403406       4   0 0  0 1  0 0  2 1
   304  -.9931701340246317E-07   4   1 0  0 0  0 1  0 2
   305  -.2816244831484997E-06   4   0 1  0 0  0 1  0 2
   306  -.1539001153399299E-01   4   0 0  1 0  0 1  0 2
   307  -.1891986983857477E-01   4   0 0  0 1  0 1  0 2
   308  -.9918335724648523E-07   4   1 0  0 0  0 0  1 2
   309  -.2812454861915906E-06   4   0 1  0 0  0 0  1 2
   310  -.1536930038177673E-01   4   0 0  1 0  0 0  1 2
   311  -.1889440836940866E-01   4   0 0  0 1  0 0  1 2
   312  0.1624359624601064E-07   4   1 0  0 0  0 0  0 3
   313  0.1238167512213219E-07   4   0 1  0 0  0 0  0 3
   314  -.2294120868617188E-03   4   0 0  1 0  0 0  0 3
   315  -.1738002899138549E-03   4   0 0  0 1  0 0  0 3
   316  0.6476082232776483E-05   4   0 0  0 0  0 4  0 0
   317  0.2607490734365975E-05   4   0 0  0 0  0 3  1 0
   318  0.2096361325700151E-05   4   0 0  0 0  0 2  2 0
   319  0.2618565106294993E-05   4   0 0  0 0  0 1  3 0
   320  0.6456906484427792E-05   4   0 0  0 0  0 0  4 0
   321  0.1753353946398474E-05   4   0 0  0 0  0 3  0 1
   322  0.2051139624289183E-05   4   0 0  0 0  0 2  1 1
   323  0.2050533742272878E-05   4   0 0  0 0  0 1  2 1
   324  0.1748436270711868E-05   4   0 0  0 0  0 0  3 1
   325  0.2240942707075138E-07   4   0 0  0 0  0 2  0 2
   326  0.3251289681473803E-07   4   0 0  0 0  0 1  1 2
   327  0.2235739235779357E-07   4   0 0  0 0  0 0  2 2
   328  -.5933988702311433E-09   4   0 0  0 0  0 1  0 3
   329  -.5926003019975063E-09   4   0 0  0 0  0 0  1 3
   330  0.4430695628807391E-14   4   0 0  0 0  0 0  0 4
   ----------------------------------------------------
     I  COEFFICIENT            ORDER EXPONENTS
     1  0.2077060968084524E-03   0   0 0  0 0  0 0  0 0
     2  0.8439974808718098E-04   1   1 0  0 0  0 0  0 0
     3  0.7817112420486047E-04   1   0 1  0 0  0 0  0 0
     4  -2.294158138475394       1   0 0  1 0  0 0  0 0
     5  -1.145597698043635       1   0 0  0 1  0 0  0 0
     6  0.1228950513048779E-04   1   0 0  0 0  0 1  0 0
     7  0.1227296649366748E-04   1   0 0  0 0  0 0  1 0
     8  0.1831436251828538E-03   1   0 0  0 0  0 0  0 1
     9  0.1608674300700079E-02   2   2 0  0 0  0 0  0 0
    10  0.2904638100526593E-02   2   1 1  0 0  0 0  0 0
    11  0.1382598129300769E-02   2   0 2  0 0  0 0  0 0
    12  0.9673801339271862       2   1 0  1 0  0 0  0 0
    13  0.8853406512204454       2   0 1  1 0  0 0  0 0
    14  0.8586107867477559E-03   2   0 0  2 0  0 0  0 0
    15  0.9224294361120311       2   1 0  0 1  0 0  0 0
    16  0.8499158956272470       2   0 1  0 1  0 0  0 0
    17  0.2120848219665177E-02   2   0 0  1 1  0 0  0 0
    18  0.1125572025379859E-02   2   0 0  0 2  0 0  0 0
    19  -.6420917748720569E-05   2   1 0  0 0  0 1  0 0
    20  -.4529851892210819E-04   2   0 1  0 0  0 1  0 0
    21  -.1528958437240530       2   0 0  1 0  0 1  0 0
    22  0.9432380402408072       2   0 0  0 1  0 1  0 0
    23  -.6412276780221706E-05   2   1 0  0 0  0 0  1 0
    24  -.4523755831018802E-04   2   0 1  0 0  0 0  1 0
    25  -.1526900837033008       2   0 0  1 0  0 0  1 0
    26  0.9419686749395196       2   0 0  0 1  0 0  1 0
    27  0.9723272746996184E-04   2   1 0  0 0  0 0  0 1
    28  0.9053586621925091E-04   2   0 1  0 0  0 0  0 1
    29  -1.988572211147055       2   0 0  1 0  0 0  0 1
    30  -1.885206715287650       2   0 0  0 1  0 0  0 1
    31  -.8961805724052166E-05   2   0 0  0 0  0 2  0 0
    32  -.5643021592390270E-05   2   0 0  0 0  0 1  1 0
    33  -.8945948292103198E-05   2   0 0  0 0  0 0  2 0
    34  0.2356658080633624E-04   2   0 0  0 0  0 1  0 1
    35  0.2353486601254154E-04   2   0 0  0 0  0 0  1 1
    36  -.2355070436462142E-04   2   0 0  0 0  0 0  0 2
    37  -.2190634462055869E-01   3   3 0  0 0  0 0  0 0
    38  -.6150895600294298E-01   3   2 1  0 0  0 0  0 0
    39  -.5779303046040455E-01   3   1 2  0 0  0 0  0 0
    40  -.1812766764849251E-01   3   0 3  0 0  0 0  0 0
    41  -25.63554391345906       3   2 0  1 0  0 0  0 0
    42  -49.33703089417520       3   1 1  1 0  0 0  0 0
    43  -24.48864610444529       3   0 2  1 0  0 0  0 0
    44  0.3585495883173994E-01   3   1 0  2 0  0 0  0 0
    45  0.3245146215712378E-01   3   0 1  2 0  0 0  0 0
    46  -3.523146277824052       3   0 0  3 0  0 0  0 0
    47  -23.00721968708580       3   2 0  0 1  0 0  0 0
    48  -45.23155444466147       3   1 1  0 1  0 0  0 0
    49  -23.94602672055286       3   0 2  0 1  0 0  0 0
    50  0.6755288532850333E-01   3   1 0  1 1  0 0  0 0
    51  0.6148262294372069E-01   3   0 1  1 1  0 0  0 0
    52  -11.31206379696076       3   0 0  2 1  0 0  0 0
    53  0.3216733824344115E-01   3   1 0  0 2  0 0  0 0
    54  0.2948349539794945E-01   3   0 1  0 2  0 0  0 0
    55  -10.67231482673537       3   0 0  1 2  0 0  0 0
    56  -4.055770223352241       3   0 0  0 3  0 0  0 0
    57  -.9574437433517172E-03   3   2 0  0 0  0 1  0 0
    58  -.3289050767557482E-02   3   1 1  0 0  0 1  0 0
    59  -.2242500368430391E-02   3   0 2  0 0  0 1  0 0
    60  0.8133160997376027E-01   3   1 0  1 0  0 1  0 0
    61  -.3645215241779752       3   0 1  1 0  0 1  0 0
    62  -.3571762248719511E-04   3   0 0  2 0  0 1  0 0
    63  -.4008771840348405       3   1 0  0 1  0 1  0 0
    64  -.7907106769428323       3   0 1  0 1  0 1  0 0
    65  -.1214020646995828E-02   3   0 0  1 1  0 1  0 0
    66  -.1244434525328918E-02   3   0 0  0 2  0 1  0 0
    67  -.9561552606846707E-03   3   2 0  0 0  0 0  1 0
    68  -.3284624518042085E-02   3   1 1  0 0  0 0  1 0
    69  -.2239482517119935E-02   3   0 2  0 0  0 0  1 0
    70  0.8122215772608397E-01   3   1 0  1 0  0 0  1 0
    71  -.3640309682900398       3   0 1  1 0  0 0  1 0
    72  -.3566955539416488E-04   3   0 0  2 0  0 0  1 0
    73  -.4003377024132532       3   1 0  0 1  0 0  1 0
    74  -.7896465757787057       3   0 1  0 1  0 0  1 0
    75  -.1212386875223910E-02   3   0 0  1 1  0 0  1 0
    76  -.1242759823992897E-02   3   0 0  0 2  0 0  1 0
    77  0.3519886369124869E-02   3   2 0  0 0  0 0  0 1
    78  0.6568554398322775E-02   3   1 1  0 0  0 0  0 1
    79  0.3096632625243693E-02   3   0 2  0 0  0 0  0 1
    80  0.8048299098851709       3   1 0  1 0  0 0  0 1
    81  0.7285555308340516       3   0 1  1 0  0 0  0 1
    82  0.9312439752815157E-03   3   0 0  2 0  0 0  0 1
    83  0.8012180076838393       3   1 0  0 1  0 0  0 1
    84  0.7304440378291734       3   0 1  0 1  0 0  0 1
    85  0.2429127902038931E-02   3   0 0  1 1  0 0  0 1
    86  0.1363125213860398E-02   3   0 0  0 2  0 0  0 1
    87  0.5000827050131874E-05   3   1 0  0 0  0 2  0 0
    88  0.3708355511375776E-04   3   0 1  0 0  0 2  0 0
    89  0.1113178894395042       3   0 0  1 0  0 2  0 0
    90  -.6448040677628598       3   0 0  0 1  0 2  0 0
    91  0.3844488118471573E-05   3   1 0  0 0  0 1  1 0
    92  0.2921423145063978E-04   3   0 1  0 0  0 1  1 0
    93  0.6985140124075898E-01   3   0 0  1 0  0 1  1 0
    94  -.3471718312231181       3   0 0  0 1  0 1  1 0
    95  0.4991510307307691E-05   3   1 0  0 0  0 0  2 0
    96  0.3701399224507551E-04   3   0 1  0 0  0 0  2 0
    97  0.1111210817082240       3   0 0  1 0  0 0  2 0
    98  -.6437027170926183       3   0 0  0 1  0 0  2 0
    99  -.1429033823493265E-04   3   1 0  0 0  0 1  0 1
   100  -.5874927018843318E-04   3   0 1  0 0  0 1  0 1
   101  -.2924868399581707       3   0 0  1 0  0 1  0 1
   102  0.6935424345088844       3   0 0  0 1  0 1  0 1
   103  -.1427110697121653E-04   3   1 0  0 0  0 0  1 1
   104  -.5867020818937092E-04   3   0 1  0 0  0 0  1 1
   105  -.2920932249533825       3   0 0  1 0  0 0  1 1
   106  0.6926090977860448       3   0 0  0 1  0 0  1 1
   107  0.1464449272917356E-04   3   1 0  0 0  0 0  0 2
   108  0.1385560668875362E-04   3   0 1  0 0  0 0  0 2
   109  0.2922898779968552       3   0 0  1 0  0 0  0 2
   110  0.2495273824511262       3   0 0  0 1  0 0  0 2
   111  0.7300324183359613E-05   3   0 0  0 0  0 3  0 0
   112  0.3982859581760941E-05   3   0 0  0 0  0 2  1 0
   113  0.3989536481144992E-05   3   0 0  0 0  0 1  2 0
   114  0.7282911178125412E-05   3   0 0  0 0  0 0  3 0
   115  -.1692620566254704E-04   3   0 0  0 0  0 2  0 1
   116  -.1030510561292406E-04   3   0 0  0 0  0 1  1 1
   117  -.1689649310993537E-04   3   0 0  0 0  0 0  2 1
   118  0.1029723789737770E-04   3   0 0  0 0  0 1  0 2
   119  0.1028338035990746E-04   3   0 0  0 0  0 0  1 2
   120  0.9904620544637496E-06   3   0 0  0 0  0 0  0 3
   121  -.7030512029944203E-02   4   4 0  0 0  0 0  0 0
   122  -.2578753557364888E-01   4   3 1  0 0  0 0  0 0
   123  -.3595966742686876E-01   4   2 2  0 0  0 0  0 0
   124  -.2144256073443027E-01   4   1 3  0 0  0 0  0 0
   125  -.4396998821165126E-02   4   0 4  0 0  0 0  0 0
   126   238.9613820414226       4   3 0  1 0  0 0  0 0
   127   665.7812047839184       4   2 1  1 0  0 0  0 0
   128   620.9357977078271       4   1 2  1 0  0 0  0 0
   129   194.2513799684777       4   0 3  1 0  0 0  0 0
   130  0.4630802656161240E-01   4   2 0  2 0  0 0  0 0
   131  0.9101816541312664E-01   4   1 1  2 0  0 0  0 0
   132  0.4420988512714033E-01   4   0 2  2 0  0 0  0 0
   133  -139.2057213727134       4   1 0  3 0  0 0  0 0
   134  -125.2556115429446       4   0 1  3 0  0 0  0 0
   135  -.7313398306197811E-02   4   0 0  4 0  0 0  0 0
   136   231.3399981579418       4   3 0  0 1  0 0  0 0
   137   648.9473562493581       4   2 1  0 1  0 0  0 0
   138   609.6781969109472       4   1 2  0 1  0 0  0 0
   139   192.2029915668564       4   0 3  0 1  0 0  0 0
   140  0.9666272349397392E-01   4   2 0  1 1  0 0  0 0
   141  0.1908005322319672       4   1 1  1 1  0 0  0 0
   142  0.9452143226768064E-01   4   0 2  1 1  0 0  0 0
   143  -389.4995071185862       4   1 0  2 1  0 0  0 0
   144  -353.3462148936756       4   0 1  2 1  0 0  0 0
   145  -.2492653406168886E-01   4   0 0  3 1  0 0  0 0
   146  0.4856888269037479E-01   4   2 0  0 2  0 0  0 0
   147  0.9722116691502262E-01   4   1 1  0 2  0 0  0 0
   148  0.4946525978455665E-01   4   0 2  0 2  0 0  0 0
   149  -367.1250823914281       4   1 0  1 2  0 0  0 0
   150  -335.3291278972291       4   0 1  1 2  0 0  0 0
   151  -.3180910248581492E-01   4   0 0  2 2  0 0  0 0
   152  -116.1154268953169       4   1 0  0 3  0 0  0 0
   153  -106.6334466848361       4   0 1  0 3  0 0  0 0
   154  -.1731444252210631E-01   4   0 0  1 3  0 0  0 0
   155  -.2964065845511703E-02   4   0 0  0 4  0 0  0 0
   156  -.2784190931927389E-02   4   3 0  0 0  0 1  0 0
   157  0.1811833603189780E-01   4   2 1  0 0  0 1  0 0
   158  0.4117964503092950E-01   4   1 2  0 0  0 1  0 0
   159  0.2040583451233182E-01   4   0 3  0 0  0 1  0 0
   160   14.12738412737366       4   2 0  1 0  0 1  0 0
   161   51.04006746908886       4   1 1  1 0  0 1  0 0
   162   36.56421786132664       4   0 2  1 0  0 1  0 0
   163  0.4486729064628399E-02   4   1 0  2 0  0 1  0 0
   164  -.1000991073755007E-01   4   0 1  2 0  0 1  0 0
   165  0.2827084351629259       4   0 0  3 0  0 1  0 0
   166   24.83634487503504       4   2 0  0 1  0 1  0 0
   167   70.57820063830917       4   1 1  0 1  0 1  0 0
   168   47.67277762632444       4   0 2  0 1  0 1  0 0
   169  -.1944995916019421E-01   4   1 0  1 1  0 1  0 0
   170  -.4385240248951791E-01   4   0 1  1 1  0 1  0 0
   171   7.109929133530140       4   0 0  2 1  0 1  0 0
   172  -.2227561297414412E-01   4   1 0  0 2  0 1  0 0
   173  -.3273902023170701E-01   4   0 1  0 2  0 1  0 0
   174   12.68186944424992       4   0 0  1 2  0 1  0 0
   175   6.859260691427343       4   0 0  0 3  0 1  0 0
   176  -.2780444098985584E-02   4   3 0  0 0  0 0  1 0
   177  0.1809395322915365E-01   4   2 1  0 0  0 0  1 0
   178  0.4112422740537627E-01   4   1 2  0 0  0 0  1 0
   179  0.2037837330193880E-01   4   0 3  0 0  0 0  1 0
   180   14.10837215961555       4   2 0  1 0  0 0  1 0
   181   50.97138015172391       4   1 1  1 0  0 0  1 0
   182   36.51501146014068       4   0 2  1 0  0 0  1 0
   183  0.4480691036105442E-02   4   1 0  2 0  0 0  1 0
   184  -.9996439871430217E-02   4   0 1  2 0  0 0  1 0
   185  0.2823279794744686       4   0 0  3 0  0 0  1 0
   186   24.80292129259856       4   2 0  0 1  0 0  1 0
   187   70.48321982212532       4   1 1  0 1  0 0  1 0
   188   47.60862184893502       4   0 2  0 1  0 0  1 0
   189  -.1942378432180125E-01   4   1 0  1 1  0 0  1 0
   190  -.4379338799293959E-01   4   0 1  1 1  0 0  1 0
   191   7.100360925981589       4   0 0  2 1  0 0  1 0
   192  -.2224563550401677E-01   4   1 0  0 2  0 0  1 0
   193  -.3269496160121576E-01   4   0 1  0 2  0 0  1 0
   194   12.66480278202765       4   0 0  1 2  0 0  1 0
   195   6.850029821654578       4   0 0  0 3  0 0  1 0
   196  0.1340454769599308E-02   4   3 0  0 0  0 0  0 1
   197  0.3783043778600018E-02   4   2 1  0 0  0 0  0 1
   198  0.3588069276647782E-02   4   1 2  0 0  0 0  0 1
   199  0.1192603887987177E-02   4   0 3  0 0  0 0  0 1
   200  -53.85122198514419       4   2 0  1 0  0 0  0 1
   201  -101.9685886585155       4   1 1  1 0  0 0  0 1
   202  -48.56762568083631       4   0 2  1 0  0 0  0 1
   203  -.4013788816101994E-02   4   1 0  2 0  0 0  0 1
   204  -.3682767343625759E-02   4   0 1  2 0  0 0  0 1
   205  -4.092081853662402       4   0 0  3 0  0 0  0 1
   206  -49.61582884836451       4   2 0  0 1  0 0  0 1
   207  -95.77962769462542       4   1 1  0 1  0 0  0 1
   208  -47.36236185671468       4   0 2  0 1  0 0  0 1
   209  -.7821619464529632E-02   4   1 0  1 1  0 0  0 1
   210  -.7369983072821812E-02   4   0 1  1 1  0 0  0 1
   211  -14.22276122076510       4   0 0  2 1  0 0  0 1
   212  -.3802276916522502E-02   4   1 0  0 2  0 0  0 1
   213  -.3617057060638030E-02   4   0 1  0 2  0 0  0 1
   214  -14.68791280579612       4   0 0  1 2  0 0  0 1
   215  -5.602727875571806       4   0 0  0 3  0 0  0 1
   216  -.5258309629123916E-03   4   2 0  0 0  0 2  0 0
   217  0.3816501761795730E-03   4   1 1  0 0  0 2  0 0
   218  0.1060293201675113E-02   4   0 2  0 0  0 2  0 0
   219  -.6170418840685501E-01   4   1 0  1 0  0 2  0 0
   220  0.2344839622289305       4   0 1  1 0  0 2  0 0
   221  -.2501791255204456E-03   4   0 0  2 0  0 2  0 0
   222  0.2705117705681750       4   1 0  0 1  0 2  0 0
   223  0.7474135003679072       4   0 1  0 1  0 2  0 0
   224  0.3124043788853091E-03   4   0 0  1 1  0 2  0 0
   225  0.9543331550007147E-03   4   0 0  0 2  0 2  0 0
   226  -.5650104043759581E-03   4   2 0  0 0  0 1  1 0
   227  0.7064701118501752E-03   4   1 1  0 0  0 1  1 0
   228  0.1730196407147514E-02   4   0 2  0 0  0 1  1 0
   229  -.4426155344156514E-01   4   1 0  1 0  0 1  1 0
   230  0.1022455537879955       4   0 1  1 0  0 1  1 0
   231  -.2037565566125519E-03   4   0 0  2 0  0 1  1 0
   232  0.1379549345664227       4   1 0  0 1  0 1  1 0
   233  0.7010875763456176       4   0 1  0 1  0 1  1 0
   234  0.1622274645775866E-03   4   0 0  1 1  0 1  1 0
   235  0.1044759573536680E-02   4   0 0  0 2  0 1  1 0
   236  -.5247431421969611E-03   4   2 0  0 0  0 0  2 0
   237  0.3806612022681424E-03   4   1 1  0 0  0 0  2 0
   238  0.1057702100662483E-02   4   0 2  0 0  0 0  2 0
   239  -.6159136726179216E-01   4   1 0  1 0  0 0  2 0
   240  0.2340996061395971       4   0 1  1 0  0 0  2 0
   241  -.2497053432582653E-03   4   0 0  2 0  0 0  2 0
   242  0.2700549019514470       4   1 0  0 1  0 0  2 0
   243  0.7459359211939220       4   0 1  0 1  0 0  2 0
   244  0.3118748007571571E-03   4   0 0  1 1  0 0  2 0
   245  0.9523458643187506E-03   4   0 0  0 2  0 0  2 0
   246  0.1215946055726099E-02   4   2 0  0 0  0 1  0 1
   247  -.8121642598504439E-04   4   1 1  0 0  0 1  0 1
   248  -.1097413451361395E-02   4   0 2  0 0  0 1  0 1
   249  0.1705998760321303       4   1 0  1 0  0 1  0 1
   250  -.2024337152106724       4   0 1  1 0  0 1  0 1
   251  0.4354158434221193E-03   4   0 0  2 0  0 1  0 1
   252  -.2738984620022784       4   1 0  0 1  0 1  0 1
   253  -.6082136316594736       4   0 1  0 1  0 1  0 1
   254  -.1156620857509877E-03   4   0 0  1 1  0 1  0 1
   255  -.7374066870983876E-03   4   0 0  0 2  0 1  0 1
   256  0.1214309692829857E-02   4   2 0  0 0  0 0  1 1
   257  -.8110712874654768E-04   4   1 1  0 0  0 0  1 1
   258  -.1095936604057855E-02   4   0 2  0 0  0 0  1 1
   259  0.1703702907590599       4   1 0  1 0  0 0  1 1
   260  -.2021612894571118       4   0 1  1 0  0 0  1 1
   261  0.4348298813004798E-03   4   0 0  2 0  0 0  1 1
   262  -.2735298623605028       4   1 0  0 1  0 0  1 1
   263  -.6073951264181013       4   0 1  0 1  0 0  1 1
   264  -.1155064331669480E-03   4   0 0  1 1  0 0  1 1
   265  -.7364143199316637E-03   4   0 0  0 2  0 0  1 1
   266  -.8155728019884673E-03   4   2 0  0 0  0 0  0 2
   267  -.1520269810000555E-02   4   1 1  0 0  0 0  0 2
   268  -.7040273247942824E-03   4   0 2  0 0  0 0  0 2
   269  -.1734112386100112       4   1 0  1 0  0 0  0 2
   270  -.1651791244433895       4   0 1  1 0  0 0  0 2
   271  -.1662240297228602E-03   4   0 0  2 0  0 0  0 2
   272  -.1304405104506949       4   1 0  0 1  0 0  0 2
   273  -.1266477130225618       4   0 1  0 1  0 0  0 2
   274  -.3946028210307448E-03   4   0 0  1 1  0 0  0 2
   275  -.2150125601858513E-03   4   0 0  0 2  0 0  0 2
   276  -.7036924889842555E-05   4   1 0  0 0  0 3  0 0
   277  -.3932512465777640E-04   4   0 1  0 0  0 3  0 0
   278  -.9057121444062503E-01   4   0 0  1 0  0 3  0 0
   279  0.4970319040265754       4   0 0  0 1  0 3  0 0
   280  -.5197563788955221E-05   4   1 0  0 0  0 2  1 0
   281  -.2991200460427701E-04   4   0 1  0 0  0 2  1 0
   282  -.4912832070892123E-01   4   0 0  1 0  0 2  1 0
   283  0.2016527028357666       4   0 0  0 1  0 2  1 0
   284  -.5201257660837725E-05   4   1 0  0 0  0 1  2 0
   285  -.2993089937466253E-04   4   0 1  0 0  0 1  2 0
   286  -.4921173250518864E-01   4   0 0  1 0  0 1  2 0
   287  0.2022476137230664       4   0 0  0 1  0 1  2 0
   288  -.7019227343930062E-05   4   1 0  0 0  0 0  3 0
   289  -.3922564185964695E-04   4   0 1  0 0  0 0  3 0
   290  -.9035537204072154E-01   4   0 0  1 0  0 0  3 0
   291  0.4958930767137461       4   0 0  0 1  0 0  3 0
   292  0.1056675627272619E-04   4   1 0  0 0  0 2  0 1
   293  0.5316015174890129E-04   4   0 1  0 0  0 2  0 1
   294  0.2095450227561557       4   0 0  1 0  0 2  0 1
   295  -.4031022564550172       4   0 0  0 1  0 2  0 1
   296  0.8956759767831347E-05   4   1 0  0 0  0 1  1 1
   297  0.4552177509944703E-04   4   0 1  0 0  0 1  1 1
   298  0.1268367551439853       4   0 0  1 0  0 1  1 1
   299  -.1134286104856619       4   0 0  0 1  0 1  1 1
   300  0.1054650923746890E-04   4   1 0  0 0  0 0  2 1
   301  0.5305798079231203E-04   4   0 1  0 0  0 0  2 1
   302  0.2091776814763146       4   0 0  1 0  0 0  2 1
   303  -.4024834569966879       4   0 0  0 1  0 0  2 1
   304  -.3321625545348396E-05   4   1 0  0 0  0 1  0 2
   305  -.8514911429139865E-05   4   0 1  0 0  0 1  0 2
   306  -.1267285964820198       4   0 0  1 0  0 1  0 2
   307  -.2337419384941753       4   0 0  0 1  0 1  0 2
   308  -.3317155458232381E-05   4   1 0  0 0  0 0  1 2
   309  -.8503452462632507E-05   4   0 1  0 0  0 0  1 2
   310  -.1265580511093868       4   0 0  1 0  0 0  1 2
   311  -.2334273796092263       4   0 0  0 1  0 0  1 2
   312  0.9438033754536888E-06   4   1 0  0 0  0 0  0 3
   313  0.7698645686719895E-06   4   0 1  0 0  0 0  0 3
   314  -.1300598657587362E-01   4   0 0  1 0  0 0  0 3
   315  -.1063298259832164E-01   4   0 0  0 1  0 0  0 3
   316  -.9502338816409731E-05   4   0 0  0 0  0 4  0 0
   317  -.4612926831991443E-05   4   0 0  0 0  0 3  1 0
   318  -.3966036060200536E-05   4   0 0  0 0  0 2  2 0
   319  -.4626918671985730E-05   4   0 0  0 0  0 1  3 0
   320  -.9473673877535068E-05   4   0 0  0 0  0 0  4 0
   321  0.9820351249111286E-05   4   0 0  0 0  0 3  0 1
   322  0.4383000914447454E-05   4   0 0  0 0  0 2  1 1
   323  0.4393950231455482E-05   4   0 0  0 0  0 1  2 1
   324  0.9797582363122748E-05   4   0 0  0 0  0 0  3 1
   325  0.1180437674698421E-05   4   0 0  0 0  0 2  0 2
   326  0.1399572159408710E-05   4   0 0  0 0  0 1  1 2
   327  0.1177907358181622E-05   4   0 0  0 0  0 0  2 2
   328  0.1402587183939707E-07   4   0 0  0 0  0 1  0 3
   329  0.1400699648209212E-07   4   0 0  0 0  0 0  1 3
   330  -.5541582862463179E-13   4   0 0  0 0  0 0  0 4
   ----------------------------------------------------
     I  COEFFICIENT            ORDER EXPONENTS
     1  0.8676620300662686E-08   0   0 0  0 0  0 0  0 0
     2  0.3393901907217170E-06   1   1 0  0 0  0 0  0 0
     3  0.1087215022248083E-05   1   0 1  0 0  0 0  0 0
     4  0.1951136504104859E-04   1   0 0  1 0  0 0  0 0
     5  0.4386242956811260E-05   1   0 0  0 1  0 0  0 0
     6   1.000000000000000       1   0 0  0 0  1 0  0 0
     7  0.2621231491047256       1   0 0  0 0  0 1  0 0
     8  -.2621231475509583       1   0 0  0 0  0 0  1 0
     9  -.1553773880939167E-08   1   0 0  0 0  0 0  0 1
    10  -.1449844712943688       2   2 0  0 0  0 0  0 0
    11  -.4247356638787576       2   1 1  0 0  0 0  0 0
    12  -.5212508398948371       2   0 2  0 0  0 0  0 0
    13  -.9911468228278555E-05   2   1 0  1 0  0 0  0 0
    14  -.1415688381599216E-04   2   0 1  1 0  0 0  0 0
    15  -.1163320780606834       2   0 0  2 0  0 0  0 0
    16  -.1389019613086293E-04   2   1 0  0 1  0 0  0 0
    17  -.1673902781258442E-04   2   0 1  0 1  0 0  0 0
    18  -.4953580100929927E-01   2   0 0  1 1  0 0  0 0
    19  -.2179417023700608       2   0 0  0 2  0 0  0 0
    20  -.7395583662699129E-06   2   1 0  0 0  0 1  0 0
    21  -.2084115633597209E-05   2   0 1  0 0  0 1  0 0
    22  -.2819106208940231E-04   2   0 0  1 0  0 1  0 0
    23  -.1457904003419399E-04   2   0 0  0 1  0 1  0 0
    24  -.4000675325239861E-06   2   1 0  0 0  0 0  1 0
    25  -.9969891881685512E-06   2   0 1  0 0  0 0  1 0
    26  -.8694255199661691E-05   2   0 0  1 0  0 0  1 0
    27  -.1018498992274618E-04   2   0 0  0 1  0 0  1 0
    28  0.1139558503502683E-05   2   1 0  0 0  0 0  0 1
    29  0.1993771531316682E-05   2   0 1  0 0  0 0  0 1
    30  0.3688534758372687E-04   2   0 0  1 0  0 0  0 1
    31  0.2037781907924056E-04   2   0 0  0 1  0 0  0 1
    32  -.1967247338164178       2   0 0  0 0  0 2  0 0
    33  0.1313263163231177       2   0 0  0 0  0 1  1 0
    34  0.6539841528758965E-01   2   0 0  0 0  0 0  2 0
    35  0.2205219300649200E-08   2   0 0  0 0  0 1  0 1
    36  0.6527223887854696E-09   2   0 0  0 0  0 0  1 1
    37  -.6521505086384301E-09   2   0 0  0 0  0 0  0 2
    38  0.7236314048397280E-01   3   3 0  0 0  0 0  0 0
    39  0.2320534093496304       3   2 1  0 0  0 0  0 0
    40  0.2400031132841097       3   1 2  0 0  0 0  0 0
    41  0.8093846219811723E-01   3   0 3  0 0  0 0  0 0
    42  0.8723056855104100E-03   3   2 0  1 0  0 0  0 0
    43  0.1590630669016570E-02   3   1 1  1 0  0 0  0 0
    44  0.8849336062102852E-03   3   0 2  1 0  0 0  0 0
    45  0.4670476583040096E-01   3   1 0  2 0  0 0  0 0
    46  0.8772577927630362E-02   3   0 1  2 0  0 0  0 0
    47  0.1017143498942187E-03   3   0 0  3 0  0 0  0 0
    48  0.7688687222508236E-03   3   2 0  0 1  0 0  0 0
    49  0.1401714225935039E-02   3   1 1  0 1  0 0  0 0
    50  0.7663544432603886E-03   3   0 2  0 1  0 0  0 0
    51  0.1664039715471371E-01   3   1 0  1 1  0 0  0 0
    52  -.4096789525255747E-01   3   0 1  1 1  0 0  0 0
    53  0.4191134411415658E-03   3   0 0  2 1  0 0  0 0
    54  -.2210088368516147E-01   3   1 0  0 2  0 0  0 0
    55  -.4374243077092432E-01   3   0 1  0 2  0 0  0 0
    56  0.4917084023726296E-03   3   0 0  1 2  0 0  0 0
    57  0.1716152518234750E-03   3   0 0  0 3  0 0  0 0
    58  0.2249850758982474       3   2 0  0 0  0 1  0 0
    59  0.7803595903618981       3   1 1  0 0  0 1  0 0
    60  0.9749574848445617       3   0 2  0 0  0 1  0 0
    61  0.1511656363831003E-04   3   1 0  1 0  0 1  0 0
    62  0.2614848188440833E-04   3   0 1  1 0  0 1  0 0
    63  0.1677236280923264       3   0 0  2 0  0 1  0 0
    64  0.2561436031973676E-04   3   1 0  0 1  0 1  0 0
    65  0.3801900743364475E-04   3   0 1  0 1  0 1  0 0
    66  0.1694225856560912       3   0 0  1 1  0 1  0 0
    67  0.3480722914854566       3   0 0  0 2  0 1  0 0
    68  0.8008808292770715E-01   3   2 0  0 0  0 0  1 0
    69  0.3557168011369705       3   1 1  0 0  0 0  1 0
    70  0.4537969860466519       3   0 2  0 0  0 0  1 0
    71  0.5162008685378972E-05   3   1 0  1 0  0 0  1 0
    72  0.1186932970567192E-04   3   0 1  1 0  0 0  1 0
    73  0.5147887775048150E-01   3   0 0  2 0  0 0  1 0
    74  0.1166654060733485E-04   3   1 0  0 1  0 0  1 0
    75  0.2114648715747593E-04   3   0 1  0 1  0 0  1 0
    76  0.1197922390060185       3   0 0  1 1  0 0  1 0
    77  0.1302484590005619       3   0 0  0 2  0 0  1 0
    78  -.3050737772105123       3   2 0  0 0  0 0  0 1
    79  -.7113423144803369       3   1 1  0 0  0 0  0 1
    80  -.3862539231141501       3   0 2  0 0  0 0  0 1
    81  -.2018168189771798E-04   3   1 0  1 0  0 0  0 1
    82  -.2361403202312354E-04   3   0 1  1 0  0 0  0 1
    83  -.2192027588476928       3   0 0  2 0  0 0  0 1
    84  -.2324331402553568E-04   3   1 0  0 1  0 0  0 1
    85  -.2538420535899260E-04   3   0 1  0 1  0 0  0 1
    86  -.2396793749950159       3   0 0  1 1  0 0  0 1
    87  -.4243750996121307E-01   3   0 0  0 2  0 0  0 1
    88  0.1163896908433426E-05   3   1 0  0 0  0 2  0 0
    89  0.3168949592213771E-05   3   0 1  0 0  0 2  0 0
    90  0.3418134236508820E-04   3   0 0  1 0  0 2  0 0
    91  0.2577777404656316E-04   3   0 0  0 1  0 2  0 0
    92  0.8485498042317025E-06   3   1 0  0 0  0 1  1 0
    93  0.2168957713646310E-05   3   0 1  0 0  0 1  1 0
    94  0.1199359765829624E-04   3   0 0  1 0  0 1  1 0
    95  0.2240015380918579E-04   3   0 0  0 1  0 1  1 0
    96  0.4242051818557325E-06   3   1 0  0 0  0 0  2 0
    97  0.1084420421215647E-05   3   0 1  0 0  0 0  2 0
    98  0.6007659404189401E-05   3   0 0  1 0  0 0  2 0
    99  0.1119479125410603E-04   3   0 0  0 1  0 0  2 0
   100  -.2438374272112621E-05   3   1 0  0 0  0 1  0 1
   101  -.4339902278772174E-05   3   0 1  0 0  0 1  0 1
   102  -.5217143016251436E-04   3   0 0  1 0  0 1  0 1
   103  -.4480415864492229E-04   3   0 0  0 1  0 1  0 1
   104  -.1298579569681442E-05   3   1 0  0 0  0 0  1 1
   105  -.2345491309776718E-05   3   0 1  0 0  0 0  1 1
   106  -.1531681654634920E-04   3   0 0  1 0  0 0  1 1
   107  -.2442236169090528E-04   3   0 0  0 1  0 0  1 1
   108  0.1298953541079676E-05   3   1 0  0 0  0 0  0 2
   109  0.1349038438338115E-05   3   0 1  0 0  0 0  0 2
   110  0.1530315196377019E-04   3   0 0  1 0  0 0  0 2
   111  0.1423707144332930E-04   3   0 0  0 1  0 0  0 2
   112  0.1639593936482154       3   0 0  0 0  0 3  0 0
   113  -.9842878515002007E-01   3   0 0  0 0  0 2  1 0
   114  -.3289754869213062E-01   3   0 0  0 0  0 1  2 0
   115  -.3263309980499276E-01   3   0 0  0 0  0 0  3 0
   116  -.1566272914711439E-08   3   0 0  0 0  0 2  0 1
   117  0.7775892314744861E-09   3   0 0  0 0  0 1  1 1
   118  0.3869532464901360E-09   3   0 0  0 0  0 0  2 1
   119  -.5633489479113943E-10   3   0 0  0 0  0 1  0 2
   120  -.6258018249547115E-10   3   0 0  0 0  0 0  1 2
   121  -.2851701528366234E-11   3   0 0  0 0  0 0  0 3
   122  -3.463621096939121       4   4 0  0 0  0 0  0 0
   123  -15.73169487450116       4   3 1  0 0  0 0  0 0
   124  -27.22259295011840       4   2 2  0 0  0 0  0 0
   125  -21.20471600576665       4   1 3  0 0  0 0  0 0
   126  -6.495871782426925       4   0 4  0 0  0 0  0 0
   127  -.1727463680546181E-02   4   3 0  1 0  0 0  0 0
   128  -.4868279272398987E-02   4   2 1  1 0  0 0  0 0
   129  -.4666020125585742E-02   4   1 2  1 0  0 0  0 0
   130  -.1534966152494306E-02   4   0 3  1 0  0 0  0 0
   131  -5.432144206888291       4   2 0  2 0  0 0  0 0
   132  -10.55157040428919       4   1 1  2 0  0 0  0 0
   133  -5.912276133764677       4   0 2  2 0  0 0  0 0
   134  0.1030237959350037E-02   4   1 0  3 0  0 0  0 0
   135  0.8273230435776128E-03   4   0 1  3 0  0 0  0 0
   136  -.5709424017952940       4   0 0  4 0  0 0  0 0
   137  -.1635825042801405E-02   4   3 0  0 1  0 0  0 0
   138  -.4747223414683179E-02   4   2 1  0 1  0 0  0 0
   139  -.4672463615297005E-02   4   1 2  0 1  0 0  0 0
   140  -.1574794386464479E-02   4   0 3  0 1  0 0  0 0
   141  -10.10917804149205       4   2 0  1 1  0 0  0 0
   142  -19.20220228339570       4   1 1  1 1  0 0  0 0
   143  -10.38982323516197       4   0 2  1 1  0 0  0 0
   144  0.2675630083240218E-02   4   1 0  2 1  0 0  0 0
   145  0.2126376152068637E-02   4   0 1  2 1  0 0  0 0
   146  -2.199018278894717       4   0 0  3 1  0 0  0 0
   147  -4.347915453694863       4   2 0  0 2  0 0  0 0
   148  -8.546600426574644       4   1 1  0 2  0 0  0 0
   149  -5.070438806837305       4   0 2  0 2  0 0  0 0
   150  0.2349332893426711E-02   4   1 0  1 2  0 0  0 0
   151  0.1832725865203890E-02   4   0 1  1 2  0 0  0 0
   152  -3.174529954713216       4   0 0  2 2  0 0  0 0
   153  0.6757186675363570E-03   4   1 0  0 3  0 0  0 0
   154  0.5050353349233358E-03   4   0 1  0 3  0 0  0 0
   155  -1.967534323089343       4   0 0  1 3  0 0  0 0
   156  -.5546911898612878       4   0 0  0 4  0 0  0 0
   157  -.1199005587005244       4   3 0  0 0  0 1  0 0
   158  -.4797418604006428       4   2 1  0 0  0 1  0 0
   159  -.6022687400857125       4   1 2  0 0  0 1  0 0
   160  -.2406003777464151       4   0 3  0 0  0 1  0 0
   161  0.2227227951430969E-03   4   2 0  1 0  0 1  0 0
   162  -.2485404981034614E-03   4   1 1  1 0  0 1  0 0
   163  -.5164260382198774E-03   4   0 2  1 0  0 1  0 0
   164  -.6543321000931947E-01   4   1 0  2 0  0 1  0 0
   165  -.3216733805967765E-01   4   0 1  2 0  0 1  0 0
   166  0.1362056804402813E-03   4   0 0  3 0  0 1  0 0
   167  -.2194618641403503E-03   4   2 0  0 1  0 1  0 0
   168  -.8408070408624710E-03   4   1 1  0 1  0 1  0 0
   169  -.7090480706618961E-03   4   0 2  0 1  0 1  0 0
   170  -.6116553915497411E-01   4   1 0  1 1  0 1  0 0
   171  0.4568223643487358E-01   4   0 1  1 1  0 1  0 0
   172  0.1635560725847143E-03   4   0 0  2 1  0 1  0 0
   173  0.2702971629108365E-01   4   1 0  0 2  0 1  0 0
   174  0.9215501707789210E-01   4   0 1  0 2  0 1  0 0
   175  -.2691592857851863E-03   4   0 0  1 2  0 1  0 0
   176  -.2484961561594552E-03   4   0 0  0 3  0 1  0 0
   177  -.4624206976434517E-01   4   3 0  0 0  0 0  1 0
   178  -.2428253304026506       4   2 1  0 0  0 0  1 0
   179  -.3563464450942271       4   1 2  0 0  0 0  1 0
   180  -.1572538374524968       4   0 3  0 0  0 0  1 0
   181  0.1165421792211742E-03   4   2 0  1 0  0 0  1 0
   182  -.5041985212798485E-03   4   1 1  1 0  0 0  1 0
   183  -.6088453111535775E-03   4   0 2  1 0  0 0  1 0
   184  -.1838262362954783E-01   4   1 0  2 0  0 0  1 0
   185  -.2242084765078690E-01   4   0 1  2 0  0 0  1 0
   186  0.2388301116123503E-04   4   0 0  3 0  0 0  1 0
   187  -.2737017038966820E-03   4   2 0  0 1  0 0  1 0
   188  -.1043541111894340E-02   4   1 1  0 1  0 0  1 0
   189  -.8171298714838200E-03   4   0 2  0 1  0 0  1 0
   190  -.4393428256466932E-01   4   1 0  1 1  0 0  1 0
   191  0.6158169755340568E-02   4   0 1  1 1  0 0  1 0
   192  -.3532433156608949E-04   4   0 0  2 1  0 0  1 0
   193  0.5253304582334016E-02   4   1 0  0 2  0 0  1 0
   194  0.4906291926348110E-01   4   0 1  0 2  0 0  1 0
   195  -.3126034373422068E-03   4   0 0  1 2  0 0  1 0
   196  -.2199670110838627E-03   4   0 0  0 3  0 0  1 0
   197  0.1644225237317821       4   3 0  0 0  0 0  0 1
   198  0.4826798593952198       4   2 1  0 0  0 0  0 1
   199  0.4675419413569829       4   1 2  0 0  0 0  0 1
   200  0.1498307841980113       4   0 3  0 0  0 0  0 1
   201  -.1661709984473370E-03   4   2 0  1 0  0 0  0 1
   202  -.2730257476195580E-03   4   1 1  1 0  0 0  0 1
   203  -.6374988818695151E-04   4   0 2  1 0  0 0  0 1
   204  0.8312711051806687E-01   4   1 0  2 0  0 0  0 1
   205  0.4391401659285174E-01   4   0 1  2 0  0 0  0 1
   206  -.1146048531382447E-03   4   0 0  3 0  0 0  0 1
   207  -.1608005724400603E-03   4   2 0  0 1  0 0  0 1
   208  -.3196527730288760E-03   4   1 1  0 1  0 0  0 1
   209  -.1007876585700182E-03   4   0 2  0 1  0 0  0 1
   210  0.8739854354793967E-01   4   1 0  1 1  0 0  0 1
   211  0.2733545865009832E-01   4   0 1  1 1  0 0  0 1
   212  -.3118932723287209E-03   4   0 0  2 1  0 0  0 1
   213  0.1121233275633592E-01   4   1 0  0 2  0 0  0 1
   214  -.1149989962151626E-01   4   0 1  0 2  0 0  0 1
   215  -.2528823507557248E-03   4   0 0  1 2  0 0  0 1
   216  -.3989367950424338E-04   4   0 0  0 3  0 0  0 1
   217  -.2888972478420173       4   2 0  0 0  0 2  0 0
   218  -1.125276607393560       4   1 1  0 0  0 2  0 0
   219  -1.446494541840735       4   0 2  0 0  0 2  0 0
   220  -.1939800813083165E-04   4   1 0  1 0  0 2  0 0
   221  -.4745048569429892E-04   4   0 1  1 0  0 2  0 0
   222  -.2030104643845179       4   0 0  2 0  0 2  0 0
   223  -.4804053459824391E-04   4   1 0  0 1  0 2  0 0
   224  -.8190348930491452E-04   4   0 1  0 1  0 2  0 0
   225  -.3012893981843350       4   0 0  1 1  0 2  0 0
   226  -.4757467713844389       4   0 0  0 2  0 2  0 0
   227  -.1278123298987539       4   2 0  0 0  0 1  1 0
   228  -.6897606058499967       4   1 1  0 0  0 1  1 0
   229  -.9429784640836999       4   0 2  0 0  0 1  1 0
   230  -.8047418442324050E-05   4   1 0  1 0  0 1  1 0
   231  -.2652936307738670E-04   4   0 1  1 0  0 1  1 0
   232  -.7065005808318960E-01   4   0 0  2 0  0 1  1 0
   233  -.2718891168434462E-04   4   1 0  0 1  0 1  1 0
   234  -.5759418191412132E-04   4   0 1  0 1  0 1  1 0
   235  -.2637610916898230       4   0 0  1 1  0 1  1 0
   236  -.2553839151808190       4   0 0  0 2  0 1  1 0
   237  -.6397126519338406E-01   4   2 0  0 0  0 0  2 0
   238  -.3449403263864663       4   1 1  0 0  0 0  2 0
   239  -.4715095670450184       4   0 2  0 0  0 0  2 0
   240  -.4081498318835818E-05   4   1 0  1 0  0 0  2 0
   241  -.1331655779888868E-04   4   0 1  1 0  0 0  2 0
   242  -.3539012117093738E-01   4   0 0  2 0  0 0  2 0
   243  -.1364034683174261E-04   4   1 0  0 1  0 0  2 0
   244  -.2880951063925224E-04   4   0 1  0 1  0 0  2 0
   245  -.1318168194474350       4   0 0  1 1  0 0  2 0
   246  -.1277539192718765       4   0 0  0 2  0 0  2 0
   247  0.4805556315101989       4   2 0  0 0  0 1  0 1
   248   1.379462184355626       4   1 1  0 0  0 1  0 1
   249  0.9110278736045851       4   0 2  0 0  0 1  0 1
   250  0.2164947937606290E-04   4   1 0  1 0  0 1  0 1
   251  0.4345649095593483E-04   4   0 1  1 0  0 1  0 1
   252  0.3089781957651697       4   0 0  2 0  0 1  0 1
   253  0.4406363926755359E-04   4   1 0  0 1  0 1  0 1
   254  0.6509190014508961E-04   4   0 1  0 1  0 1  0 1
   255  0.5275576289665650       4   0 0  1 1  0 1  0 1
   256  0.1626935187123949       4   0 0  0 2  0 1  0 1
   257  0.1756377591916924       4   2 0  0 0  0 0  1 1
   258  0.6681452199559058       4   1 1  0 0  0 0  1 1
   259  0.5245728537596841       4   0 2  0 0  0 0  1 1
   260  0.8132580126494873E-05   4   1 0  1 0  0 0  1 1
   261  0.2097598798249364E-04   4   0 1  1 0  0 0  1 1
   262  0.8996002284040479E-01   4   0 0  2 0  0 0  1 1
   263  0.2145387157458855E-04   4   1 0  0 1  0 0  1 1
   264  0.3616643099188026E-04   4   0 1  0 1  0 0  1 1
   265  0.2878313419546117       4   0 0  1 1  0 0  1 1
   266  0.1201591614686762       4   0 0  0 2  0 0  1 1
   267  -.1755347265817979       4   2 0  0 0  0 0  0 2
   268  -.3124144117425087       4   1 1  0 0  0 0  0 2
   269  -.1383972940287136       4   0 2  0 0  0 0  0 2
   270  -.5314056347687773E-05   4   1 0  1 0  0 0  0 2
   271  -.4442926709598533E-05   4   0 1  1 0  0 0  0 2
   272  -.8987731841747824E-01   4   0 0  2 0  0 0  0 2
   273  -.4545867870598433E-05   4   1 0  0 1  0 0  0 2
   274  -.3787972689551131E-05   4   0 1  0 1  0 0  0 2
   275  -.1680327440235948       4   0 0  1 1  0 0  0 2
   276  -.7777844845999916E-01   4   0 0  0 2  0 0  0 2
   277  -.1590591235021679E-03   4   1 0  0 0  0 3  0 0
   278  -.2540934998209440E-03   4   0 1  0 0  0 3  0 0
   279  -.3570587608746319E-04   4   0 0  1 0  0 3  0 0
   280  -.2922002689297138E-04   4   0 0  0 1  0 3  0 0
   281  -.8268407333062313E-04   4   1 0  0 0  0 2  1 0
   282  -.1331141542515505E-03   4   0 1  0 0  0 2  1 0
   283  -.1129358389937627E-04   4   0 0  1 0  0 2  1 0
   284  -.3022230982816686E-04   4   0 0  0 1  0 2  1 0
   285  -.5194685259473689E-04   4   1 0  0 0  0 1  2 0
   286  -.8386996580089460E-04   4   0 1  0 0  0 1  2 0
   287  -.6182658771279051E-05   4   0 0  1 0  0 1  2 0
   288  -.2059169654965926E-04   4   0 0  0 1  0 1  2 0
   289  -.2759608486780290E-04   4   1 0  0 0  0 0  3 0
   290  -.4442585428685707E-04   4   0 1  0 0  0 0  3 0
   291  -.3779350106066495E-05   4   0 0  1 0  0 0  3 0
   292  -.1006675989276154E-04   4   0 0  0 1  0 0  3 0
   293  0.1503410217651778E-03   4   1 0  0 0  0 2  0 1
   294  0.1398781337071882E-03   4   0 1  0 0  0 2  0 1
   295  0.2671284471745333E-04   4   0 0  1 0  0 2  0 1
   296  0.5808906807997535E-04   4   0 0  0 1  0 2  0 1
   297  0.7845005642460804E-04   4   1 0  0 0  0 1  1 1
   298  0.7968285942165487E-04   4   0 1  0 0  0 1  1 1
   299  0.5792823921385727E-05   4   0 0  1 0  0 1  1 1
   300  0.4248423396282968E-04   4   0 0  0 1  0 1  1 1
   301  0.3924678839665012E-04   4   1 0  0 0  0 0  2 1
   302  0.3985491841755537E-04   4   0 1  0 0  0 0  2 1
   303  0.2908589757240363E-05   4   0 0  1 0  0 0  2 1
   304  0.2123868974240166E-04   4   0 0  0 1  0 0  2 1
   305  -.1064557725162431E-04   4   1 0  0 0  0 1  0 2
   306  -.9383710469809588E-05   4   0 1  0 0  0 1  0 2
   307  0.2902331835193961E-05   4   0 0  1 0  0 1  0 2
   308  -.3670496738272306E-05   4   0 0  0 1  0 1  0 2
   309  -.7480990756698342E-05   4   1 0  0 0  0 0  1 2
   310  -.6825625318128264E-05   4   0 1  0 0  0 0  1 2
   311  0.1940000568763299E-05   4   0 0  1 0  0 0  1 2
   312  -.4444454923464274E-05   4   0 0  0 1  0 0  1 2
   313  0.3993192701488641E-07   4   1 0  0 0  0 0  0 3
   314  0.2986555290943607E-07   4   0 1  0 0  0 0  0 3
   315  0.1402879678071689E-07   4   0 0  1 0  0 0  0 3
   316  0.1062856258463291E-07   4   0 0  0 1  0 0  0 3
   317  -.1434727844843424       4   0 0  0 0  0 4  0 0
   318  0.8201284782029450E-01   4   0 0  0 0  0 3  1 0
   319  0.2462383718818549E-01   4   0 0  0 0  0 2  2 0
   320  0.1648163193049405E-01   4   0 0  0 0  0 1  3 0
   321  0.2035440553378839E-01   4   0 0  0 0  0 0  4 0
   322  0.3060656181172241E-08   4   0 0  0 0  0 3  0 1
   323  0.2768503547439675E-08   4   0 0  0 0  0 2  1 1
   324  0.2433296374330927E-08   4   0 0  0 0  0 1  2 1
   325  0.7708461719242502E-09   4   0 0  0 0  0 0  3 1
   326  -.3033892122374137E-10   4   0 0  0 0  0 2  0 2
   327  -.1081308522244992E-09   4   0 0  0 0  0 1  1 2
   328  -.1648508567130332E-10   4   0 0  0 0  0 0  2 2
   329  0.1075038121014573E-11   4   0 0  0 0  0 1  0 3
   330  -.1770439936524766E-11   4   0 0  0 0  0 0  1 3
   ----------------------------------------------------
     I  COEFFICIENT            ORDER EXPONENTS
     1   1.000000000000000       1   0 0  0 0  0 1  0 0
     --------------------------------------------------
     I  COEFFICIENT            ORDER EXPONENTS
     1   1.000000000000000       1   0 0  0 0  0 0  1 0
     --------------------------------------------------
     I  COEFFICIENT            ORDER EXPONENTS
     1   1.000000000000000       1   0 0  0 0  0 0  0 1
     --------------------------------------------------
