 L    0.1049906000000000E+01
 P (  0.0000000000000000E+00,  0.0000000000000000E+00,  0.0000000000000000E+00)
 A (  0.0000000000000000E+00,  0.0000000000000000E+00,  0.0000000000000000E+00)
     I  COEFFICIENT            ORDER EXPONENTS
     1  0.9029961311144994E-04   0   0 0  0 0  0 0  0 0
     2   1.448512137762780       1   1 0  0 0  0 0  0 0
     3   1.436662189286221       1   0 1  0 0  0 0  0 0
     4  0.1407124909885373E-04   1   0 0  1 0  0 0  0 0
     5  0.1197943084388295E-04   1   0 0  0 1  0 0  0 0
     6  0.1452739809864491E-05   1   0 0  0 0  0 1  0 0
     7  0.1450784781093644E-05   1   0 0  0 0  0 0  1 0
     8  -.2903524589739631E-05   1   0 0  0 0  0 0  0 1
     9  -.1111799180397369       2   2 0  0 0  0 0  0 0
    10  -.1941169324840278       2   1 1  0 0  0 0  0 0
    11  -.8505281893790444E-01   2   0 2  0 0  0 0  0 0
    12  0.5891730125669170E-03   2   1 0  1 0  0 0  0 0
    13  0.1665963114260515E-03   2   0 1  1 0  0 0  0 0
    14  0.8324904394953922E-01   2   0 0  2 0  0 0  0 0
    15  0.5648808751185451E-03   2   1 0  0 1  0 0  0 0
    16  0.2181753913648334E-03   2   0 1  0 1  0 0  0 0
    17  0.1453601332045610       2   0 0  1 1  0 0  0 0
    18  0.6383241211304914E-01   2   0 0  0 2  0 0  0 0
    19  -.2384970786188249       2   1 0  0 0  0 1  0 0
    20  -.9237124984105447       2   0 1  0 0  0 1  0 0
    21  -.7653908280151319E-05   2   0 0  1 0  0 1  0 0
    22  -.1254676265438199E-04   2   0 0  0 1  0 1  0 0
    23  -.2381761204903970       2   1 0  0 0  0 0  1 0
    24  -.9224694096632453       2   0 1  0 0  0 0  1 0
    25  -.7643608011104090E-05   2   0 0  1 0  0 0  1 0
    26  -.1252987781251014E-04   2   0 0  0 1  0 0  1 0
    27  0.4766731991287709       2   1 0  0 0  0 0  0 1
    28  0.4095197188070164       2   0 1  0 0  0 0  0 1
    29  0.1529750713194504E-04   2   0 0  1 0  0 0  0 1
    30  0.1309720122948890E-04   2   0 0  0 1  0 0  0 1
    31  -.1270192258568120E-05   2   0 0  0 0  0 2  0 0
    32  -.1088115884458557E-05   2   0 0  0 0  0 1  1 0
    33  -.1267750726149816E-05   2   0 0  0 0  0 0  2 0
    34  0.2175691961278203E-05   2   0 0  0 0  0 1  0 1
    35  0.2172764017573440E-05   2   0 0  0 0  0 0  1 1
    36  -.7224589397162170E-06   2   0 0  0 0  0 0  0 2
    37   3.958870887542620       3   3 0  0 0  0 0  0 0
    38   14.75741587351717       3   2 1  0 0  0 0  0 0
    39   17.45215163334176       3   1 2  0 0  0 0  0 0
    40   7.352376566067064       3   0 3  0 0  0 0  0 0
    41  -.8464816831091338E-02   3   2 0  1 0  0 0  0 0
    42  -.1453075834857392E-01   3   1 1  1 0  0 0  0 0
    43  -.6235095229298078E-02   3   0 2  1 0  0 0  0 0
    44  -1.103230000579657       3   1 0  2 0  0 0  0 0
    45  0.8335198358194792       3   0 1  2 0  0 0  0 0
    46  0.2120398104310100E-02   3   0 0  3 0  0 0  0 0
    47  -.7381692460682643E-02   3   2 0  0 1  0 0  0 0
    48  -.1273157688369621E-01   3   1 1  0 1  0 0  0 0
    49  -.5483203815612146E-02   3   0 2  0 1  0 0  0 0
    50  -3.008454286617519       3   1 0  1 1  0 0  0 0
    51  0.1720670930957995       3   0 1  1 1  0 0  0 0
    52  0.5539643179948024E-02   3   0 0  2 1  0 0  0 0
    53  -1.273297261329051       3   1 0  0 2  0 0  0 0
    54  0.6953165344262691       3   0 1  0 2  0 0  0 0
    55  0.4865997068901178E-02   3   0 0  1 2  0 0  0 0
    56  0.1443562723956136E-02   3   0 0  0 3  0 0  0 0
    57  0.6676252481023923E-01   3   2 0  0 0  0 1  0 0
    58  0.2133179561047833       3   1 1  0 0  0 1  0 0
    59  0.1358237394578981       3   0 2  0 0  0 1  0 0
    60  -.3334752925352509E-03   3   1 0  1 0  0 1  0 0
    61  -.1854873055475269E-03   3   0 1  1 0  0 1  0 0
    62  -.3851850859248951E-01   3   0 0  2 0  0 1  0 0
    63  -.6473168993213533E-03   3   1 0  0 1  0 1  0 0
    64  -.3896319556165320E-03   3   0 1  0 1  0 1  0 0
    65  -.1396458511335608       3   0 0  1 1  0 1  0 0
    66  -.9314700815611852E-01   3   0 0  0 2  0 1  0 0
    67  0.6667267895076015E-01   3   2 0  0 0  0 0  1 0
    68  0.2130308828527886       3   1 1  0 0  0 0  1 0
    69  0.1356409542704892       3   0 2  0 0  0 0  1 0
    70  -.3330265172027036E-03   3   1 0  1 0  0 0  1 0
    71  -.1852376854734370E-03   3   0 1  1 0  0 0  1 0
    72  -.3846667219893998E-01   3   0 0  2 0  0 0  1 0
    73  -.6464457707452355E-03   3   1 0  0 1  0 0  1 0
    74  -.3891076072933830E-03   3   0 1  0 1  0 0  1 0
    75  -.1394579223283859       3   0 0  1 1  0 0  1 0
    76  -.9302165530240838E-01   3   0 0  0 2  0 0  1 0
    77  -.1334352929748272       3   2 0  0 0  0 0  0 1
    78  -.2322320473138056       3   1 1  0 0  0 0  0 1
    79  -.1013591110298357       3   0 2  0 0  0 0  0 1
    80  0.6659698157043921E-03   3   1 0  1 0  0 0  0 1
    81  0.2035888954090111E-03   3   0 1  1 0  0 0  0 1
    82  0.7698519993317794E-01   3   0 0  2 0  0 0  0 1
    83  0.7283451858295460E-03   3   1 0  0 1  0 0  0 1
    84  0.3418458015295810E-03   3   0 1  0 1  0 0  0 1
    85  0.1337436485377414       3   0 0  1 1  0 0  0 1
    86  0.5850383233796797E-01   3   0 0  0 2  0 0  0 1
    87  0.1859978119246884       3   1 0  0 0  0 2  0 0
    88  0.8009317430045060       3   0 1  0 0  0 2  0 0
    89  0.6092356656537739E-05   3   0 0  1 0  0 2  0 0
    90  0.1301679975037692E-04   3   0 0  0 1  0 2  0 0
    91  0.1336396031593802       3   1 0  0 0  0 1  1 0
    92  0.6784800626023682       3   0 1  0 0  0 1  1 0
    93  0.4441917775024167E-05   3   0 0  1 0  0 1  1 0
    94  0.1339577207861127E-04   3   0 0  0 1  0 1  1 0
    95  0.1856575818953147       3   1 0  0 0  0 0  2 0
    96  0.7993973535650788       3   0 1  0 0  0 0  2 0
    97  0.6081168988271414E-05   3   0 0  1 0  0 0  2 0
    98  0.1299026865540967E-04   3   0 0  0 1  0 0  2 0
    99  -.2671388717332452       3   1 0  0 0  0 1  0 1
   100  -.4329196857247717       3   0 1  0 0  0 1  0 1
   101  -.8803799886552300E-05   3   0 0  1 0  0 1  0 1
   102  -.1413385098584675E-04   3   0 0  0 1  0 1  0 1
   103  -.2667793688294838       3   1 0  0 0  0 0  1 1
   104  -.4323370828145202       3   0 1  0 0  0 0  1 1
   105  -.8791952147573643E-05   3   0 0  1 0  0 0  1 1
   106  -.1411483031529528E-04   3   0 0  0 1  0 0  1 1
   107  0.2862275223326793E-01   3   1 0  0 0  0 0  0 2
   108  0.2310890608237872E-01   3   0 1  0 0  0 0  0 2
   109  0.1055874046837272E-05   3   0 0  1 0  0 0  0 2
   110  0.9579773686128709E-06   3   0 0  0 1  0 0  0 2
   111  0.1181777106398380E-05   3   0 0  0 0  0 3  0 0
   112  0.1004741747741233E-05   3   0 0  0 0  0 2  1 0
   113  0.1005095906116879E-05   3   0 0  0 0  0 1  2 0
   114  0.1178716380709502E-05   3   0 0  0 0  0 0  3 0
   115  -.2009611911907912E-05   3   0 0  0 0  0 2  0 1
   116  -.1843754155382952E-05   3   0 0  0 0  0 1  1 1
   117  -.2005666852182213E-05   3   0 0  0 0  0 0  2 1
   118  0.7556263522317710E-06   3   0 0  0 0  0 1  0 2
   119  0.7546094658983100E-06   3   0 0  0 0  0 0  1 2
   120  -.2180168674922456E-07   3   0 0  0 0  0 0  0 3
   121  -14.36982907721166       4   4 0  0 0  0 0  0 0
   122  -52.57566358834492       4   3 1  0 0  0 0  0 0
   123  -72.46788184591632       4   2 2  0 0  0 0  0 0
   124  -44.67904994097488       4   1 3  0 0  0 0  0 0
   125  -10.41043282937384       4   0 4  0 0  0 0  0 0
   126  -.7267253833196568E-02   4   3 0  1 0  0 0  0 0
   127  -.1993900336125851E-01   4   2 1  1 0  0 0  0 0
   128  -.1928062805845343E-01   4   1 2  1 0  0 0  0 0
   129  -.6400231659243127E-02   4   0 3  1 0  0 0  0 0
   130   52.65420282595034       4   2 0  2 0  0 0  0 0
   131   91.41202713258441       4   1 1  2 0  0 0  0 0
   132   39.95966975583204       4   0 2  2 0  0 0  0 0
   133  0.4432899825468925E-02   4   1 0  3 0  0 0  0 0
   134  0.4492386757503844E-02   4   0 1  3 0  0 0  0 0
   135  -6.442341754227648       4   0 0  4 0  0 0  0 0
   136  -.7301741409661467E-02   4   3 0  0 1  0 0  0 0
   137  -.1963621270172597E-01   4   2 1  0 1  0 0  0 0
   138  -.1798031232999743E-01   4   1 2  0 1  0 0  0 0
   139  -.5583792959409743E-02   4   0 3  0 1  0 0  0 0
   140   94.11377043465509       4   2 0  1 1  0 0  0 0
   141   164.3312456874237       4   1 1  1 1  0 0  0 0
   142   72.30436260132493       4   0 2  1 1  0 0  0 0
   143  0.1028253201408968E-01   4   1 0  2 1  0 0  0 0
   144  0.1021037582939606E-01   4   0 1  2 1  0 0  0 0
   145  -22.22776075643463       4   0 0  3 1  0 0  0 0
   146   42.14623320023022       4   2 0  0 2  0 0  0 0
   147   73.91301817577057       4   1 1  0 2  0 0  0 0
   148   32.68641110974662       4   0 2  0 2  0 0  0 0
   149  0.7504456615404831E-02   4   1 0  1 2  0 0  0 0
   150  0.7321360734394667E-02   4   0 1  1 2  0 0  0 0
   151  -28.88035784064115       4   0 0  2 2  0 0  0 0
   152  0.2069934755439011E-02   4   1 0  0 3  0 0  0 0
   153  0.1887372860844777E-02   4   0 1  0 3  0 0  0 0
   154  -16.67338116794905       4   0 0  1 3  0 0  0 0
   155  -3.591724111111577       4   0 0  0 4  0 0  0 0
   156  -5.678201448185497       4   3 0  0 0  0 1  0 0
   157  -26.10919023072395       4   2 1  0 0  0 1  0 0
   158  -37.61066651823627       4   1 2  0 0  0 1  0 0
   159  -18.23738408574998       4   0 3  0 0  0 1  0 0
   160  -.1336924477291074E-02   4   2 0  1 0  0 1  0 0
   161  0.3938250783826401E-02   4   1 1  1 0  0 1  0 0
   162  0.4271733848449460E-02   4   0 2  1 0  0 1  0 0
   163  0.7164526524534249       4   1 0  2 0  0 1  0 0
   164  -.7855253037951652       4   0 1  2 0  0 1  0 0
   165  0.9273389065429094E-04   4   0 0  3 0  0 1  0 0
   166  0.1884918156167006E-02   4   2 0  0 1  0 1  0 0
   167  0.8598252739608993E-02   4   1 1  0 1  0 1  0 0
   168  0.5915090885864715E-02   4   0 2  0 1  0 1  0 0
   169   3.933970072865652       4   1 0  1 1  0 1  0 0
   170  0.4234222035135221       4   0 1  1 1  0 1  0 0
   171  -.2276543680527292E-02   4   0 0  2 1  0 1  0 0
   172   2.546488730390684       4   1 0  0 2  0 1  0 0
   173  -.6148937070931044       4   0 1  0 2  0 1  0 0
   174  -.4212153874337926E-02   4   0 0  1 2  0 1  0 0
   175  -.1914062862596727E-02   4   0 0  0 3  0 1  0 0
   176  -5.670559992281433       4   3 0  0 0  0 0  1 0
   177  -26.07405371299659       4   2 1  0 0  0 0  1 0
   178  -37.56005185576699       4   1 2  0 0  0 0  1 0
   179  -18.21284107374606       4   0 3  0 0  0 0  1 0
   180  -.1335125307336658E-02   4   2 0  1 0  0 0  1 0
   181  0.3932950871524748E-02   4   1 1  1 0  0 0  1 0
   182  0.4265985150356005E-02   4   0 2  1 0  0 0  1 0
   183  0.7154884842389968       4   1 0  2 0  0 0  1 0
   184  -.7844681808618372       4   0 1  2 0  0 0  1 0
   185  0.9260909375464537E-04   4   0 0  3 0  0 0  1 0
   186  0.1882381522145498E-02   4   2 0  0 1  0 0  1 0
   187  0.8586681616293539E-02   4   1 1  0 1  0 0  1 0
   188  0.5907130635319041E-02   4   0 2  0 1  0 0  1 0
   189   3.928675921343182       4   1 0  1 1  0 0  1 0
   190  0.4228523818672514       4   0 1  1 1  0 0  1 0
   191  -.2273480015331825E-02   4   0 0  2 1  0 0  1 0
   192   2.543061785869184       4   1 0  0 2  0 0  1 0
   193  -.6140662121210251       4   0 1  0 2  0 0  1 0
   194  -.4206485356165775E-02   4   0 0  1 2  0 0  1 0
   195  -.1911487007002902E-02   4   0 0  0 3  0 0  1 0
   196   11.34632671844900       4   3 0  0 0  0 0  0 1
   197   37.41837826080722       4   2 1  0 0  0 0  0 1
   198   40.25881720835942       4   1 2  0 0  0 0  0 1
   199   14.39051069686007       4   0 3  0 0  0 0  0 1
   200  0.1466251363090481E-02   4   2 0  1 0  0 0  0 1
   201  0.3110083956609199E-02   4   1 1  1 0  0 0  0 1
   202  0.1649052512641711E-02   4   0 2  1 0  0 0  0 1
   203  -1.429284564027625       4   1 0  2 0  0 0  0 1
   204  0.7391839258536669       4   0 1  2 0  0 0  0 1
   205  0.1205456029513115E-04   4   0 0  3 0  0 0  0 1
   206  0.1647113437380392E-02   4   2 0  0 1  0 0  0 1
   207  0.3382786914700623E-02   4   1 1  0 1  0 0  0 1
   208  0.1750401185165765E-02   4   0 2  0 1  0 0  0 1
   209  -4.848805950516706       4   1 0  1 1  0 0  0 1
   210  -1.184938446536378       4   0 1  1 1  0 0  0 1
   211  -.2423038197790999E-04   4   0 0  2 1  0 0  0 1
   212  -2.540237211183305       4   1 0  0 2  0 0  0 1
   213  -.8542366456713272       4   0 1  0 2  0 0  0 1
   214  -.5081803417027017E-04   4   0 0  1 2  0 0  0 1
   215  -.9694779730203214E-05   4   0 0  0 3  0 0  0 1
   216  -.5916228708282205E-01   4   2 0  0 0  0 2  0 0
   217  -.2353848346008680       4   1 1  0 0  0 2  0 0
   218  -.1824608511856848       4   0 2  0 0  0 2  0 0
   219  -.1188645024128977E-03   4   1 0  1 0  0 2  0 0
   220  0.1055310854015836E-03   4   0 1  1 0  0 2  0 0
   221  0.2686430153858099E-01   4   0 0  2 0  0 2  0 0
   222  0.4153434899532143E-03   4   1 0  0 1  0 2  0 0
   223  0.5394351220799550E-03   4   0 1  0 1  0 2  0 0
   224  0.1347033015942705       4   0 0  1 1  0 2  0 0
   225  0.1134953270037832       4   0 0  0 2  0 2  0 0
   226  -.4920587493519173E-01   4   2 0  0 0  0 1  1 0
   227  -.2521528275653665       4   1 1  0 0  0 1  1 0
   228  -.2259189519935914       4   0 2  0 0  0 1  1 0
   229  -.2323155571128051E-03   4   1 0  1 0  0 1  1 0
   230  0.6992424212441012E-04   4   0 1  1 0  0 1  1 0
   231  0.1592575300098094E-01   4   0 0  2 0  0 1  1 0
   232  0.4388045086346394E-03   4   1 0  0 1  0 1  1 0
   233  0.6693318466432279E-03   4   0 1  0 1  0 1  1 0
   234  0.1308015361426608       4   0 0  1 1  0 1  1 0
   235  0.1342559583438018       4   0 0  0 2  0 1  1 0
   236  -.5904955979134018E-01   4   2 0  0 0  0 0  2 0
   237  -.2348983970878747       4   1 1  0 0  0 0  2 0
   238  -.1820632884320435       4   0 2  0 0  0 0  2 0
   239  -.1185482205033862E-03   4   1 0  1 0  0 0  2 0
   240  0.1053420162656059E-03   4   0 1  1 0  0 0  2 0
   241  0.2681743276372373E-01   4   0 0  2 0  0 0  2 0
   242  0.4144892790451203E-03   4   1 0  0 1  0 0  2 0
   243  0.5382587980880065E-03   4   0 1  0 1  0 0  2 0
   244  0.1344340109678921       4   0 0  1 1  0 0  2 0
   245  0.1132522526708132       4   0 0  0 2  0 0  2 0
   246  0.9552503549960610E-01   4   2 0  0 0  0 1  0 1
   247  0.2831430570396307       4   1 1  0 0  0 1  0 1
   248  0.1746032324574509       4   0 2  0 0  0 1  0 1
   249  0.2317360105788211E-03   4   1 0  1 0  0 1  0 1
   250  0.4598904665728468E-04   4   0 1  1 0  0 1  0 1
   251  -.3248816998917578E-01   4   0 0  2 0  0 1  0 1
   252  -.2452148164782766E-03   4   1 0  0 1  0 1  0 1
   253  -.2699731385616105E-03   4   0 1  0 1  0 1  0 1
   254  -.1228246807763116       4   0 0  1 1  0 1  0 1
   255  -.8281769768290337E-01   4   0 0  0 2  0 1  0 1
   256  0.9539648240877609E-01   4   2 0  0 0  0 0  1 1
   257  0.2827620164575443       4   1 1  0 0  0 0  1 1
   258  0.1743682596559772       4   0 2  0 0  0 0  1 1
   259  0.2314241511771249E-03   4   1 0  1 0  0 0  1 1
   260  0.4592715676568254E-04   4   0 1  1 0  0 0  1 1
   261  -.3244444894111872E-01   4   0 0  2 0  0 0  1 1
   262  -.2448848179348332E-03   4   1 0  0 1  0 0  1 1
   263  -.2696098214351271E-03   4   0 1  0 1  0 0  1 1
   264  -.1226593891094495       4   0 0  1 1  0 0  1 1
   265  -.8270624552842458E-01   4   0 0  0 2  0 0  1 1
   266  -.2544928645909306E-01   4   2 0  0 0  0 0  0 2
   267  -.4360599260568809E-01   4   1 1  0 0  0 0  0 2
   268  -.1866327508780514E-01   4   0 2  0 0  0 0  0 2
   269  -.1456021777773710E-03   4   1 0  1 0  0 0  0 2
   270  -.1346940960458974E-03   4   0 1  1 0  0 0  0 2
   271  -.5309704346121496E-02   4   0 0  2 0  0 0  0 2
   272  -.1138546749135690E-03   4   1 0  0 1  0 0  0 2
   273  -.1063912141566757E-03   4   0 1  0 1  0 0  0 2
   274  -.9959932517346058E-02   4   0 0  1 1  0 0  0 2
   275  -.4609529746235021E-02   4   0 0  0 2  0 0  0 2
   276  -.1598276299747333       4   1 0  0 0  0 3  0 0
   277  -.7425244406064564       4   0 1  0 0  0 3  0 0
   278  -.9737517285819223E-05   4   0 0  1 0  0 3  0 0
   279  -.1810989614218099E-04   4   0 0  0 1  0 3  0 0
   280  -.1075146684631940       4   1 0  0 0  0 2  1 0
   281  -.6257729175545836       4   0 1  0 0  0 2  1 0
   282  -.6339938009399955E-05   4   0 0  1 0  0 2  1 0
   283  -.1738418064875275E-04   4   0 0  0 1  0 2  1 0
   284  -.1076198347565266       4   1 0  0 0  0 1  2 0
   285  -.6260065784764917       4   0 1  0 0  0 1  2 0
   286  -.6346770009794095E-05   4   0 0  1 0  0 1  2 0
   287  -.1738559640240404E-04   4   0 0  0 1  0 1  2 0
   288  -.1594327507018418       4   1 0  0 0  0 0  3 0
   289  -.7406050587168737       4   0 1  0 0  0 0  3 0
   290  -.9713600605994416E-05   4   0 0  1 0  0 0  3 0
   291  -.1806165733344500E-04   4   0 0  0 1  0 0  3 0
   292  0.2149865932612578       4   1 0  0 0  0 2  0 1
   293  0.4505346279000539       4   0 1  0 0  0 2  0 1
   294  0.1137335180535708E-04   4   0 0  1 0  0 2  0 1
   295  0.1920072980243284E-04   4   0 0  0 1  0 2  0 1
   296  0.1629712882758196       4   1 0  0 0  0 1  1 1
   297  0.4680985122602304       4   0 1  0 0  0 1  1 1
   298  0.7971831010823453E-05   4   0 0  1 0  0 1  1 1
   299  0.1852949605932380E-04   4   0 0  0 1  0 1  1 1
   300  0.2145876148964187       4   1 0  0 0  0 0  2 1
   301  0.4496133471722459       4   0 1  0 0  0 0  2 1
   302  0.1135268202726745E-04   4   0 0  1 0  0 0  2 1
   303  0.1916242230389788E-04   4   0 0  0 1  0 0  2 1
   304  -.2932610361211692E-01   4   1 0  0 0  0 1  0 2
   305  -.3519719081248342E-01   4   0 1  0 0  0 1  0 2
   306  -.4930931117302301E-07   4   0 0  1 0  0 1  0 2
   307  -.4477076255842922E-06   4   0 0  0 1  0 1  0 2
   308  -.2928663792396434E-01   4   1 0  0 0  0 0  1 2
   309  -.3514982409187185E-01   4   0 1  0 0  0 0  1 2
   310  -.4924295302582022E-07   4   0 0  1 0  0 0  1 2
   311  -.4471051217614332E-06   4   0 0  0 1  0 0  1 2
   312  0.4556621139387006E-03   4   1 0  0 0  0 0  0 3
   313  0.3400494240231697E-03   4   0 1  0 0  0 0  0 3
   314  0.3188703560575635E-07   4   0 0  1 0  0 0  0 3
   315  0.2402947376889706E-07   4   0 0  0 1  0 0  0 3
   316  -.3289505837825915E-04   4   0 0  0 0  0 4  0 0
   317  -.2332282729841797E-04   4   0 0  0 0  0 3  1 0
   318  -.2205920269796043E-04   4   0 0  0 0  0 2  2 0
   319  -.2335015127112482E-04   4   0 0  0 0  0 1  3 0
   320  -.3279088870030232E-04   4   0 0  0 0  0 0  4 0
   321  0.7261492438881670E-05   4   0 0  0 0  0 3  0 1
   322  0.8639206268334005E-05   4   0 0  0 0  0 2  1 1
   323  0.8636405448423038E-05   4   0 0  0 0  0 1  2 1
   324  0.7241028890976138E-05   4   0 0  0 0  0 0  3 1
   325  -.6235516567394329E-07   4   0 0  0 0  0 2  0 2
   326  -.8515080673322734E-07   4   0 0  0 0  0 1  1 2
   327  -.6221395505932799E-07   4   0 0  0 0  0 0  2 2
   328  -.4524012674766347E-08   4   0 0  0 0  0 1  0 3
   329  -.4517924471717976E-08   4   0 0  0 0  0 0  1 3
   330  -.3373240829080817E-14   4   0 0  0 0  0 0  0 4
   ----------------------------------------------------
     I  COEFFICIENT            ORDER EXPONENTS
     1  0.5533447930252122E-04   0   0 0  0 0  0 0  0 0
     2   3.950440224037299       1   1 0  0 0  0 0  0 0
     3   4.608486133017497       1   0 1  0 0  0 0  0 0
     4  0.1125447998686104E-03   1   0 0  1 0  0 0  0 0
     5  0.1037985195249918E-03   1   0 0  0 1  0 0  0 0
     6  0.3415974695246904E-05   1   0 0  0 0  0 1  0 0
     7  0.3411377637491826E-05   1   0 0  0 0  0 0  1 0
     8  0.4850712697990242E-04   1   0 0  0 0  0 0  0 1
     9  -1.126744116720982       2   2 0  0 0  0 0  0 0
    10  -2.057011730878163       2   1 1  0 0  0 0  0 0
    11  -.9432568311503247       2   0 2  0 0  0 0  0 0
    12  0.5441928692800383E-02   2   1 0  1 0  0 0  0 0
    13  0.3975888884592110E-02   2   0 1  1 0  0 0  0 0
    14  0.6415619220596740       2   0 0  2 0  0 0  0 0
    15  0.5148018554590153E-02   2   1 0  0 1  0 0  0 0
    16  0.3902428659093666E-02   2   0 1  0 1  0 0  0 0
    17   1.170541780309006       2   0 0  1 1  0 0  0 0
    18  0.5398732580945212       2   0 0  0 2  0 0  0 0
    19  -.3082008089267688       2   1 0  0 0  0 1  0 0
    20  -2.066079323687371       2   0 1  0 0  0 1  0 0
    21  -.7506294110980771E-05   2   0 0  1 0  0 1  0 0
    22  -.5927022773185838E-04   2   0 0  0 1  0 1  0 0
    23  -.3077860468031153       2   1 0  0 0  0 0  1 0
    24  -2.063298891504497       2   0 1  0 0  0 0  1 0
    25  -.7496192494125607E-05   2   0 0  1 0  0 0  1 0
    26  -.5919046465268586E-04   2   0 0  0 1  0 0  1 0
    27   4.566427079983718       2   1 0  0 0  0 0  0 1
    28   4.129378215403745       2   0 1  0 0  0 0  0 1
    29  0.1275471163095247E-03   2   0 0  1 0  0 0  0 1
    30  0.1184605221907979E-03   2   0 0  0 1  0 0  0 1
    31  -.2749621449320161E-05   2   0 0  0 0  0 2  0 0
    32  -.2085049515967288E-05   2   0 0  0 0  0 1  1 0
    33  -.2744518157671792E-05   2   0 0  0 0  0 0  2 0
    34  0.7584295310877961E-05   2   0 0  0 0  0 1  0 1
    35  0.7574088723683695E-05   2   0 0  0 0  0 0  1 1
    36  -.7579191591385510E-05   2   0 0  0 0  0 0  0 2
    37  -26.38215895388166       3   3 0  0 0  0 0  0 0
    38  -76.05156670557467       3   2 1  0 0  0 0  0 0
    39  -74.79684979170308       3   1 2  0 0  0 0  0 0
    40  -23.18855678384223       3   0 3  0 0  0 0  0 0
    41  -.8008728147540624E-01   3   2 0  1 0  0 0  0 0
    42  -.1441513573330578       3   1 1  1 0  0 0  0 0
    43  -.6515484187352756E-01   3   0 2  1 0  0 0  0 0
    44  -25.41057173137013       3   1 0  2 0  0 0  0 0
    45  -19.42530735238858       3   0 1  2 0  0 0  0 0
    46  0.1555185881364580E-01   3   0 0  3 0  0 0  0 0
    47  -.7612695292326757E-01   3   2 0  0 1  0 0  0 0
    48  -.1383280431282498       3   1 1  0 1  0 0  0 0
    49  -.6305968200099743E-01   3   0 2  0 1  0 0  0 0
    50  -55.69132251637458       3   1 0  1 1  0 0  0 0
    51  -45.20598578849416       3   0 1  1 1  0 0  0 0
    52  0.4198539236424730E-01   3   0 0  2 1  0 0  0 0
    53  -27.06836009554067       3   1 0  0 2  0 0  0 0
    54  -20.90477718624301       3   0 1  0 2  0 0  0 0
    55  0.3818024646348774E-01   3   0 0  1 2  0 0  0 0
    56  0.1175467991478213E-01   3   0 0  0 3  0 0  0 0
    57  0.2407946691483033       3   2 0  0 0  0 1  0 0
    58   1.457102747035738       3   1 1  0 0  0 1  0 0
    59   1.133902897265685       3   0 2  0 0  0 1  0 0
    60  -.1842934232126261E-02   3   1 0  1 0  0 1  0 0
    61  -.3282237699155949E-02   3   0 1  1 0  0 1  0 0
    62  0.2465233619946270E-01   3   0 0  2 0  0 1  0 0
    63  -.4665202862915412E-02   3   1 0  0 1  0 1  0 0
    64  -.5509433920687951E-02   3   0 1  0 1  0 1  0 0
    65  -.5310342562851887       3   0 0  1 1  0 1  0 0
    66  -.5116816103460154       3   0 0  0 2  0 1  0 0
    67  0.2404706190308283       3   2 0  0 0  0 0  1 0
    68   1.455141846829664       3   1 1  0 0  0 0  1 0
    69   1.132376944185547       3   0 2  0 0  0 0  1 0
    70  -.1840454098091150E-02   3   1 0  1 0  0 0  1 0
    71  -.3277820618346936E-02   3   0 1  1 0  0 0  1 0
    72  0.2461916024723017E-01   3   0 0  2 0  0 0  1 0
    73  -.4658924652765899E-02   3   1 0  0 1  0 0  1 0
    74  -.5502019584168124E-02   3   0 1  0 1  0 0  1 0
    75  -.5303196154098571       3   0 0  1 1  0 0  1 0
    76  -.5109930133495301       3   0 0  0 2  0 0  1 0
    77  -1.608013030756567       3   2 0  0 0  0 0  0 1
    78  -2.912250732754215       3   1 1  0 0  0 0  0 1
    79  -1.323025612925263       3   0 2  0 0  0 0  0 1
    80  0.9120073431671392E-02   3   1 0  1 0  0 0  0 1
    81  0.6554894428119896E-02   3   0 1  1 0  0 0  0 1
    82  0.5922923081178714       3   0 0  2 0  0 0  0 1
    83  0.9318429951073409E-02   3   1 0  0 1  0 0  0 1
    84  0.7103333847806139E-02   3   0 1  0 1  0 0  0 1
    85   1.061357046726138       3   0 0  1 1  0 0  0 1
    86  0.4828026998701804       3   0 0  0 2  0 0  0 1
    87  0.2393497579672667       3   1 0  0 0  0 2  0 0
    88   1.686326639008815       3   0 1  0 0  0 2  0 0
    89  0.5084280393244283E-05   3   0 0  1 0  0 2  0 0
    90  0.4755689382683826E-04   3   0 0  0 1  0 2  0 0
    91  0.1706828761302068       3   1 0  0 0  0 1  1 0
    92   1.307591851103196       3   0 1  0 0  0 1  1 0
    93  0.2608477732948016E-05   3   0 0  1 0  0 1  1 0
    94  0.3585188241781108E-04   3   0 0  0 1  0 1  1 0
    95  0.2389128038578082       3   1 0  0 0  0 0  2 0
    96   1.683177412347578       3   0 1  0 0  0 0  2 0
    97  0.5075683025108623E-05   3   0 0  1 0  0 0  2 0
    98  0.4746877011354517E-04   3   0 0  0 1  0 0  2 0
    99  -.6493811953766783       3   1 0  0 0  0 1  0 1
   100  -2.614164770801552       3   0 1  0 0  0 1  0 1
   101  -.1287546639062476E-04   3   0 0  1 0  0 1  0 1
   102  -.7182508827318162E-04   3   0 0  0 1  0 1  0 1
   103  -.6485072887682075       3   1 0  0 0  0 0  1 1
   104  -2.610646751054316       3   0 1  0 0  0 0  1 1
   105  -.1285813919475569E-04   3   0 0  1 0  0 0  1 1
   106  -.7172842945438254E-04   3   0 0  0 1  0 0  1 1
   107  0.6489435440423146       3   1 0  0 0  0 0  0 2
   108  0.5477160653883744       3   0 1  0 0  0 0  0 2
   109  0.1287002874861081E-04   3   0 0  1 0  0 0  0 2
   110  0.1260734907515739E-04   3   0 0  0 1  0 0  0 2
   111  0.2418658540470592E-05   3   0 0  0 0  0 3  0 0
   112  0.1759481599732611E-05   3   0 0  0 0  0 2  1 0
   113  0.1760805663152707E-05   3   0 0  0 0  0 1  2 0
   114  0.2412593847951516E-05   3   0 0  0 0  0 0  3 0
   115  -.6270737373832398E-05   3   0 0  0 0  0 2  0 1
   116  -.4961670064221939E-05   3   0 0  0 0  0 1  1 1
   117  -.6258959920137106E-05   3   0 0  0 0  0 0  2 1
   118  0.4961812906750282E-05   3   0 0  0 0  0 1  0 2
   119  0.4955135532782337E-05   3   0 0  0 0  0 0  1 2
   120  -.7794870751381337E-06   3   0 0  0 0  0 0  0 3
   121  -125.0089980664818       4   4 0  0 0  0 0  0 0
   122  -463.6051987952147       4   3 1  0 0  0 0  0 0
   123  -647.1006835696626       4   2 2  0 0  0 0  0 0
   124  -403.8277395098686       4   1 3  0 0  0 0  0 0
   125  -95.26214412187808       4   0 4  0 0  0 0  0 0
   126  -.5654543363344150E-01   4   3 0  1 0  0 0  0 0
   127  -.1461262010554208       4   2 1  1 0  0 0  0 0
   128  -.1261555976462094       4   1 2  1 0  0 0  0 0
   129  -.3426948379542370E-01   4   0 3  1 0  0 0  0 0
   130   440.5755193833934       4   2 0  2 0  0 0  0 0
   131   786.1933851179004       4   1 1  2 0  0 0  0 0
   132   352.3852910967299       4   0 2  2 0  0 0  0 0
   133  0.4080459341558267E-01   4   1 0  3 0  0 0  0 0
   134  0.3954264436730168E-01   4   0 1  3 0  0 0  0 0
   135  -47.43640574397250       4   0 0  4 0  0 0  0 0
   136  -.5355241820586106E-01   4   3 0  0 1  0 0  0 0
   137  -.1407860647652909       4   2 1  0 1  0 0  0 0
   138  -.1215336062915391       4   1 2  0 1  0 0  0 0
   139  -.3271792782122900E-01   4   0 3  0 1  0 0  0 0
   140   830.7950589496232       4   2 0  1 1  0 0  0 0
   141   1494.458560278266       4   1 1  1 1  0 0  0 0
   142   675.7590389542395       4   0 2  1 1  0 0  0 0
   143  0.1191395498547373       4   1 0  2 1  0 0  0 0
   144  0.1156308655424395       4   0 1  2 1  0 0  0 0
   145  -169.7995376797079       4   0 0  3 1  0 0  0 0
   146   394.8594760299301       4   2 0  0 2  0 0  0 0
   147   714.9104753650107       4   1 1  0 2  0 0  0 0
   148   325.5756977945204       4   0 2  0 2  0 0  0 0
   149  0.1159421393611714       4   1 0  1 2  0 0  0 0
   150  0.1143791600607527       4   0 1  1 2  0 0  0 0
   151  -230.0723189175643       4   0 0  2 2  0 0  0 0
   152  0.3990756437479026E-01   4   1 0  0 3  0 0  0 0
   153  0.3998666036843690E-01   4   0 1  0 3  0 0  0 0
   154  -139.3570299095919       4   0 0  1 3  0 0  0 0
   155  -31.72014431730733       4   0 0  0 4  0 0  0 0
   156   22.58683715407301       4   3 0  0 0  0 1  0 0
   157   101.9592403522577       4   2 1  0 0  0 1  0 0
   158   135.1549879116895       4   1 2  0 0  0 1  0 0
   159   53.65329195090866       4   0 3  0 0  0 1  0 0
   160  -.6674441649112079E-02   4   2 0  1 0  0 1  0 0
   161  0.5138002715135590E-01   4   1 1  1 0  0 1  0 0
   162  0.5158715257932797E-01   4   0 2  1 0  0 1  0 0
   163   6.422959518520927       4   1 0  2 0  0 1  0 0
   164   13.20833117343236       4   0 1  2 0  0 1  0 0
   165  0.1331497228257543E-02   4   0 0  3 0  0 1  0 0
   166  0.2503734306101765E-01   4   2 0  0 1  0 1  0 0
   167  0.1054383739406976       4   1 1  0 1  0 1  0 0
   168  0.7511524279196655E-01   4   0 2  0 1  0 1  0 0
   169   45.52212644178496       4   1 0  1 1  0 1  0 0
   170   57.54692092793463       4   0 1  1 1  0 1  0 0
   171  -.1450060110734297E-01   4   0 0  2 1  0 1  0 0
   172   37.38839587893030       4   1 0  0 2  0 1  0 0
   173   39.16918979043493       4   0 1  0 2  0 1  0 0
   174  -.2928732409482787E-01   4   0 0  1 2  0 1  0 0
   175  -.1389333690611167E-01   4   0 0  0 3  0 1  0 0
   176   22.55644085310973       4   3 0  0 0  0 0  1 0
   177   101.8220284117579       4   2 1  0 0  0 0  1 0
   178   134.9731026985855       4   1 2  0 0  0 0  1 0
   179   53.58108787919107       4   0 3  0 0  0 0  1 0
   180  -.6665459500096460E-02   4   2 0  1 0  0 0  1 0
   181  0.5131088233227192E-01   4   1 1  1 0  0 0  1 0
   182  0.5151772902060475E-01   4   0 2  1 0  0 0  1 0
   183   6.414315802304499       4   1 0  2 0  0 0  1 0
   184   13.19055602382626       4   0 1  2 0  0 0  1 0
   185  0.1329705362039044E-02   4   0 0  3 0  0 0  1 0
   186  0.2500364898469502E-01   4   2 0  0 1  0 0  1 0
   187  0.1052964799461862       4   1 1  0 1  0 0  1 0
   188  0.7501415623827566E-01   4   0 2  0 1  0 0  1 0
   189   45.46086490940308       4   1 0  1 1  0 0  1 0
   190   57.46947699384230       4   0 1  1 1  0 0  1 0
   191  -.1448108688176236E-01   4   0 0  2 1  0 0  1 0
   192   37.33808033781049       4   1 0  0 2  0 0  1 0
   193   39.11647774079498       4   0 1  0 2  0 0  1 0
   194  -.2924791059432482E-01   4   0 0  1 2  0 0  1 0
   195  -.1387463990807372E-01   4   0 0  0 3  0 0  1 0
   196  -71.53943789485453       4   3 0  0 0  0 0  0 1
   197  -203.8255897571015       4   2 1  0 0  0 0  0 1
   198  -195.3781716960195       4   1 2  0 0  0 0  0 1
   199  -60.87387895098190       4   0 3  0 0  0 0  0 1
   200  -.1549150674897273E-02   4   2 0  1 0  0 0  0 1
   201  -.2689869266862072E-02   4   1 1  1 0  0 0  0 1
   202  -.1148798288696190E-02   4   0 2  1 0  0 0  0 1
   203  -38.22316906506803       4   1 0  2 0  0 0  0 1
   204  -26.37514925612209       4   0 1  2 0  0 0  0 1
   205  -.1151883233610347E-02   4   0 0  3 0  0 0  0 1
   206  -.8723730094120330E-03   4   2 0  0 1  0 0  0 1
   207  -.1703530850178617E-02   4   1 1  0 1  0 0  0 1
   208  -.7475521305840492E-03   4   0 2  0 1  0 0  0 1
   209  -90.93048427347634       4   1 0  1 1  0 0  0 1
   210  -69.75892421512357       4   0 1  1 1  0 0  0 1
   211  -.3563976907278605E-02   4   0 0  2 1  0 0  0 1
   212  -47.62969967949999       4   1 0  0 2  0 0  0 1
   213  -36.44782332884771       4   0 1  0 2  0 0  0 1
   214  -.3603395417319435E-02   4   0 0  1 2  0 0  0 1
   215  -.1131425197563513E-02   4   0 0  0 3  0 0  0 1
   216  -.1959307423095787       4   2 0  0 0  0 2  0 0
   217  -1.330099882215092       4   1 1  0 0  0 2  0 0
   218  -1.285286676631353       4   0 2  0 0  0 2  0 0
   219  -.1148532980492988E-02   4   1 0  1 0  0 2  0 0
   220  0.1005206168095160E-02   4   0 1  1 0  0 2  0 0
   221  -.1293318931646832E-01   4   0 0  2 0  0 2  0 0
   222  0.1594706810865206E-02   4   1 0  0 1  0 2  0 0
   223  0.4115109845421547E-02   4   0 1  0 1  0 2  0 0
   224  0.3815943801288391       4   0 0  1 1  0 2  0 0
   225  0.4952089068913643       4   0 0  0 2  0 2  0 0
   226  -.1552296976001621       4   2 0  0 0  0 1  1 0
   227  -1.212841122129112       4   1 1  0 0  0 1  1 0
   228  -1.441280368252619       4   0 2  0 0  0 1  1 0
   229  -.1370603649595233E-02   4   1 0  1 0  0 1  1 0
   230  0.9891364098344681E-03   4   0 1  1 0  0 1  1 0
   231  -.2911488805410604E-03   4   0 0  2 0  0 1  1 0
   232  0.1613092930781098E-02   4   1 0  0 1  0 1  1 0
   233  0.5359451858602643E-02   4   0 1  0 1  0 1  1 0
   234  0.2334200520067400       4   0 0  1 1  0 1  1 0
   235  0.4789581082361480       4   0 0  0 2  0 1  1 0
   236  -.1955626175448201       4   2 0  0 0  0 0  2 0
   237  -1.327493804267582       4   1 1  0 0  0 0  2 0
   238  -1.282587194798215       4   0 2  0 0  0 0  2 0
   239  -.1146065092037670E-02   4   1 0  1 0  0 0  2 0
   240  0.1003187842425877E-02   4   0 1  1 0  0 0  2 0
   241  -.1291558853258628E-01   4   0 0  2 0  0 0  2 0
   242  0.1591475317373168E-02   4   1 0  0 1  0 0  2 0
   243  0.4105965675665447E-02   4   0 1  0 1  0 0  2 0
   244  0.3809237855433373       4   0 0  1 1  0 0  2 0
   245  0.4942201984580810       4   0 0  0 2  0 0  2 0
   246  0.5530409332281940       4   2 0  0 0  0 1  0 1
   247   2.432250399419800       4   1 1  0 0  0 1  0 1
   248   1.753684481253047       4   0 2  0 0  0 1  0 1
   249  0.1845740419191205E-02   4   1 0  1 0  0 1  0 1
   250  -.1576580269696715E-02   4   0 1  1 0  0 1  0 1
   251  0.2538069179633058E-01   4   0 0  2 0  0 1  0 1
   252  -.2239353305937587E-02   4   1 0  0 1  0 1  0 1
   253  -.4759507613250370E-02   4   0 1  0 1  0 1  0 1
   254  -.4650725113381688       4   0 0  1 1  0 1  0 1
   255  -.4454344368293233       4   0 0  0 2  0 1  0 1
   256  0.5522966768041975       4   2 0  0 0  0 0  1 1
   257   2.428977191460280       4   1 1  0 0  0 0  1 1
   258   1.751324455326472       4   0 2  0 0  0 0  1 1
   259  0.1843256508721790E-02   4   1 0  1 0  0 0  1 1
   260  -.1574458582271416E-02   4   0 1  1 0  0 0  1 1
   261  0.2534653565746195E-01   4   0 0  2 0  0 0  1 1
   262  -.2236339689795521E-02   4   1 0  0 1  0 0  1 1
   263  -.4753102492212282E-02   4   0 1  0 1  0 0  1 1
   264  -.4644466386705178       4   0 0  1 1  0 0  1 1
   265  -.4448349921568359       4   0 0  0 2  0 0  1 1
   266  -.5586163533294963       4   2 0  0 0  0 0  0 2
   267  -.9880012076859548       4   1 1  0 0  0 0  0 2
   268  -.4366607713197558       4   0 2  0 0  0 0  0 2
   269  -.2538720674843270E-04   4   1 0  1 0  0 0  0 2
   270  -.1004289015483673E-03   4   0 1  1 0  0 0  0 2
   271  -.2458663175303065E-01   4   0 0  2 0  0 0  0 2
   272  -.2295236490909925E-04   4   1 0  0 1  0 0  0 2
   273  -.8255904271750117E-04   4   0 1  0 1  0 0  0 2
   274  -.6564352596065541E-01   4   0 0  1 1  0 0  0 2
   275  -.3789024491860107E-01   4   0 0  0 2  0 0  0 2
   276  -.2051023935912760       4   1 0  0 0  0 3  0 0
   277  -1.500073868846457       4   0 1  0 0  0 3  0 0
   278  -.6199266732383738E-05   4   0 0  1 0  0 3  0 0
   279  -.4840312007590318E-04   4   0 0  0 1  0 3  0 0
   280  -.1365642853793644       4   1 0  0 0  0 2  1 0
   281  -1.127714843713123       4   0 1  0 0  0 2  1 0
   282  -.3291440136757288E-05   4   0 0  1 0  0 2  1 0
   283  -.3417209079496962E-04   4   0 0  0 1  0 2  1 0
   284  -.1367020812369992       4   1 0  0 0  0 1  2 0
   285  -1.128462423489197       4   0 1  0 0  0 1  2 0
   286  -.3297293119963854E-05   4   0 0  1 0  0 1  2 0
   287  -.3420068647698782E-04   4   0 0  0 1  0 1  2 0
   288  -.2045966009113006       4   1 0  0 0  0 0  3 0
   289  -1.496287986029243       4   0 1  0 0  0 0  3 0
   290  -.6184540966401768E-05   4   0 0  1 0  0 0  3 0
   291  -.4828244952716825E-04   4   0 0  0 1  0 0  3 0
   292  0.5124217308647070       4   1 0  0 0  0 2  0 1
   293   2.255162279948086       4   0 1  0 0  0 2  0 1
   294  0.9644821774015296E-05   4   0 0  1 0  0 2  0 1
   295  0.6358966834973964E-04   4   0 0  0 1  0 2  0 1
   296  0.3757628016043784       4   1 0  0 0  0 1  1 1
   297   1.897055786894701       4   0 1  0 0  0 1  1 1
   298  0.6406188315710478E-05   4   0 0  1 0  0 1  1 1
   299  0.5023019537592606E-04   4   0 0  0 1  0 1  1 1
   300  0.5114792959142498       4   1 0  0 0  0 0  2 1
   301   2.250850904697409       4   0 1  0 0  0 0  2 1
   302  0.9627531654255516E-05   4   0 0  1 0  0 0  2 1
   303  0.6347029365611672E-04   4   0 0  0 1  0 0  2 1
   304  -.3755304493910777       4   1 0  0 0  0 1  0 2
   305  -.5894377634009015       4   0 1  0 0  0 1  0 2
   306  -.4446986031871332E-05   4   0 0  1 0  0 1  0 2
   307  -.8685508990029021E-05   4   0 0  0 1  0 1  0 2
   308  -.3750250782104080       4   1 0  0 0  0 0  1 2
   309  -.5886445258381423       4   0 1  0 0  0 0  1 2
   310  -.4441001487648309E-05   4   0 0  1 0  0 0  1 2
   311  -.8673820441363666E-05   4   0 0  0 1  0 0  1 2
   312  0.3385755809391737E-01   4   1 0  0 0  0 0  0 3
   313  0.2753852077598688E-01   4   0 1  0 0  0 0  0 3
   314  0.2086996851116305E-05   4   0 0  1 0  0 0  0 3
   315  0.1708528051614257E-05   4   0 0  0 1  0 0  0 3
   316  -.5016934746204256E-04   4   0 0  0 0  0 4  0 0
   317  -.3324268069885403E-04   4   0 0  0 0  0 3  1 0
   318  -.3101348685622050E-04   4   0 0  0 0  0 2  2 0
   319  -.3329102704311330E-04   4   0 0  0 0  0 1  3 0
   320  -.5001203780343155E-04   4   0 0  0 0  0 0  4 0
   321  0.6315382251376764E-04   4   0 0  0 0  0 3  0 1
   322  0.4653138445001135E-04   4   0 0  0 0  0 2  1 1
   323  0.4656476742847702E-04   4   0 0  0 0  0 1  2 1
   324  0.6299507069695131E-04   4   0 0  0 0  0 0  3 1
   325  -.6751157536415294E-05   4   0 0  0 0  0 2  0 2
   326  -.8199721835477371E-05   4   0 0  0 0  0 1  1 2
   327  -.6736554747170345E-05   4   0 0  0 0  0 0  2 2
   328  0.8435616795319408E-07   4   0 0  0 0  0 1  0 3
   329  0.8424264539793099E-07   4   0 0  0 0  0 0  1 3
   330  0.4265004743441110E-12   4   0 0  0 0  0 0  0 4
   ----------------------------------------------------
     I  COEFFICIENT            ORDER EXPONENTS
     1  0.1969216027524250E-05   0   0 0  0 0  0 0  0 0
     2  0.1355644116180531E-04   1   1 0  0 0  0 0  0 0
     3  0.1158611044504527E-04   1   0 1  0 0  0 0  0 0
     4  0.6059201502122974       1   0 0  1 0  0 0  0 0
     5  0.7072565620226975       1   0 0  0 1  0 0  0 0
     6  -.1527520455795246E-04   1   0 0  0 0  0 1  0 0
     7  -.1525464790755381E-04   1   0 0  0 0  0 0  1 0
     8  0.3052985246587201E-04   1   0 0  0 0  0 0  0 1
     9  0.3819057990609052E-03   2   2 0  0 0  0 0  0 0
    10  0.7060866084928405E-03   2   1 1  0 0  0 0  0 0
    11  0.3550671774017947E-03   2   0 2  0 0  0 0  0 0
    12  0.1699072728970944       2   1 0  1 0  0 0  0 0
    13  0.1480271468694139       2   0 1  1 0  0 0  0 0
    14  -.1572368017254321E-03   2   0 0  2 0  0 0  0 0
    15  0.1509623103738820       2   1 0  0 1  0 0  0 0
    16  0.1321560348964284       2   0 1  0 1  0 0  0 0
    17  -.2327409935731553E-03   2   0 0  1 1  0 0  0 0
    18  -.4458177788965558E-04   2   0 0  0 2  0 0  0 0
    19  -.7177699550243250E-05   2   1 0  0 0  0 1  0 0
    20  -.1196967223061422E-04   2   0 1  0 0  0 1  0 0
    21  0.1840375378346566       2   0 0  1 0  0 1  0 0
    22  -.1930965906143235       2   0 0  0 1  0 1  0 0
    23  -.7168040140461813E-05   2   1 0  0 0  0 0  1 0
    24  -.1195356400983738E-04   2   0 1  0 0  0 0  1 0
    25  0.1837898687896272       2   0 0  1 0  0 0  1 0
    26  -.1928367303230019       2   0 0  0 1  0 0  1 0
    27  0.1434573084963707E-04   2   1 0  0 0  0 0  0 1
    28  0.1233711708612549E-04   2   0 1  0 0  0 0  0 1
    29  -.3678274066377014       2   0 0  1 0  0 0  0 1
    30  -.3213232410982927       2   0 0  0 1  0 0  0 1
    31  0.1096595022512204E-04   2   0 0  0 0  0 2  0 0
    32  0.6668270550200037E-05   2   0 0  0 0  0 1  1 0
    33  0.1094670584399546E-04   2   0 0  0 0  0 0  2 0
    34  -.1332497739283924E-04   2   0 0  0 0  0 1  0 1
    35  -.1330704526624839E-04   2   0 0  0 0  0 0  1 1
    36  -.1948908930920397E-05   2   0 0  0 0  0 0  0 2
    37  -.3018306327037927E-02   3   3 0  0 0  0 0  0 0
    38  -.7863922777527560E-02   3   2 1  0 0  0 0  0 0
    39  -.6839190984911454E-02   3   1 2  0 0  0 0  0 0
    40  -.1979073292874112E-02   3   0 3  0 0  0 0  0 0
    41  -2.104027658286994       3   2 0  1 0  0 0  0 0
    42  -4.355125624656255       3   1 1  1 0  0 0  0 0
    43  -2.530977513905685       3   0 2  1 0  0 0  0 0
    44  0.6514339658097308E-02   3   1 0  2 0  0 0  0 0
    45  0.5644085426587976E-02   3   0 1  2 0  0 0  0 0
    46  -.1566468054939196       3   0 0  3 0  0 0  0 0
    47  -3.610599164533661       3   2 0  0 1  0 0  0 0
    48  -6.758601244039706       3   1 1  0 1  0 0  0 0
    49  -3.102935918940286       3   0 2  0 1  0 0  0 0
    50  0.1150139049759588E-01   3   1 0  1 1  0 0  0 0
    51  0.1001809779590584E-01   3   0 1  1 1  0 0  0 0
    52  -.4585993565051795       3   0 0  2 1  0 0  0 0
    53  0.5130915130361961E-02   3   1 0  0 2  0 0  0 0
    54  0.4499250916050445E-02   3   0 1  0 2  0 0  0 0
    55  -.8903501523874636       3   0 0  1 2  0 0  0 0
    56  -.1937844450312753       3   0 0  0 3  0 0  0 0
    57  -.2992480613735515E-03   3   2 0  0 0  0 1  0 0
    58  -.9219272953409947E-03   3   1 1  0 0  0 1  0 0
    59  -.6350199241015633E-03   3   0 2  0 0  0 1  0 0
    60  -.7881500444946930E-01   3   1 0  1 0  0 1  0 0
    61  -.1422834603752599       3   0 1  1 0  0 1  0 0
    62  -.7786458191551832E-04   3   0 0  2 0  0 1  0 0
    63  -.1467073230804582       3   1 0  0 1  0 1  0 0
    64  -.1941619783869468       3   0 1  0 1  0 1  0 0
    65  0.6611435541521707E-04   3   0 0  1 1  0 1  0 0
    66  0.4654314362535902E-04   3   0 0  0 2  0 1  0 0
    67  -.2988453474356292E-03   3   2 0  0 0  0 0  1 0
    68  -.9206866090358539E-03   3   1 1  0 0  0 0  1 0
    69  -.6341653442151592E-03   3   0 2  0 0  0 0  1 0
    70  -.7870893893090319E-01   3   1 0  1 0  0 0  1 0
    71  -.1420919819998736       3   0 1  1 0  0 0  1 0
    72  -.7775979543080595E-04   3   0 0  2 0  0 0  1 0
    73  -.1465098912791326       3   1 0  0 1  0 0  1 0
    74  -.1939006843469703       3   0 1  0 1  0 0  1 0
    75  0.6602538183156213E-04   3   0 0  1 1  0 0  1 0
    76  0.4648050805617073E-04   3   0 0  0 2  0 0  1 0
    77  0.5977387766713458E-03   3   2 0  0 0  0 0  0 1
    78  0.1135822569759313E-02   3   1 1  0 0  0 0  0 1
    79  0.5586993485365949E-03   3   0 2  0 0  0 0  0 1
    80  0.1575239362414734       3   1 0  1 0  0 0  0 1
    81  0.1363482675477980       3   0 1  1 0  0 0  0 1
    82  0.1557891011483958E-03   3   0 0  2 0  0 0  0 1
    83  0.1422548661612550       3   1 0  0 1  0 0  0 1
    84  0.1237505406388812       3   0 1  0 1  0 0  0 1
    85  0.1009289512903469E-03   3   0 0  1 1  0 0  0 1
    86  -.3698692265432537E-05   3   0 0  0 2  0 0  0 1
    87  0.5571841926332472E-05   3   1 0  0 0  0 2  0 0
    88  0.1221962357110818E-04   3   0 1  0 0  0 2  0 0
    89  -.1315478615374552       3   0 0  1 0  0 2  0 0
    90  0.6959689469090309E-01   3   0 0  0 1  0 2  0 0
    91  0.4002319408415380E-05   3   1 0  0 0  0 1  1 0
    92  0.1251562160645101E-04   3   0 1  0 0  0 1  1 0
    93  -.7919920568731909E-01   3   0 0  1 0  0 1  1 0
    94  -.5357080594897808E-01   3   0 0  0 1  0 1  1 0
    95  0.5561650537641234E-05   3   1 0  0 0  0 0  2 0
    96  0.1219475751076771E-04   3   0 1  0 0  0 0  2 0
    97  -.1313175393457917       3   0 0  1 0  0 0  2 0
    98  0.6953928100298716E-01   3   0 0  0 1  0 0  2 0
    99  -.8059159940601313E-05   3   1 0  0 0  0 1  0 1
   100  -.1314872282127883E-04   3   0 1  0 0  0 1  0 1
   101  0.1582576198876452       3   0 0  1 0  0 1  0 1
   102  0.3005703486762881       3   0 0  0 1  0 1  0 1
   103  -.8048314302968353E-05   3   1 0  0 0  0 0  1 1
   104  -.1313102788978384E-04   3   0 1  0 0  0 0  1 1
   105  0.1580446442412237       3   0 0  1 0  0 0  1 1
   106  0.3001658552664293       3   0 0  0 1  0 0  1 1
   107  0.9317901747962435E-06   3   1 0  0 0  0 0  0 2
   108  0.8788582821685417E-06   3   0 1  0 0  0 0  0 2
   109  0.2576251581213384E-01   3   0 0  1 0  0 0  0 2
   110  0.2095507715599704E-01   3   0 0  0 1  0 0  0 2
   111  -.8817329472056327E-05   3   0 0  0 0  0 3  0 0
   112  -.4522451293461282E-05   3   0 0  0 0  0 2  1 0
   113  -.4531097107477223E-05   3   0 0  0 0  0 1  2 0
   114  -.8796491607402725E-05   3   0 0  0 0  0 0  3 0
   115  0.9041483429112669E-05   3   0 0  0 0  0 2  0 1
   116  0.4769342410157540E-05   3   0 0  0 0  0 1  1 1
   117  0.9026106648702003E-05   3   0 0  0 0  0 0  2 1
   118  0.1899182706519041E-05   3   0 0  0 0  0 1  0 2
   119  0.1896626875937996E-05   3   0 0  0 0  0 0  1 2
   120  0.3403896750586926E-07   3   0 0  0 0  0 0  0 3
   121  -.1676719103145253E-02   4   4 0  0 0  0 0  0 0
   122  -.6029526542541999E-02   4   3 1  0 0  0 0  0 0
   123  -.8287133612369518E-02   4   2 2  0 0  0 0  0 0
   124  -.4837121468096549E-02   4   1 3  0 0  0 0  0 0
   125  -.9214841944449369E-03   4   0 4  0 0  0 0  0 0
   126   36.75335976177797       4   3 0  1 0  0 0  0 0
   127   97.79830655212250       4   2 1  1 0  0 0  0 0
   128   87.16909795673197       4   1 2  1 0  0 0  0 0
   129   26.09346862890026       4   0 3  1 0  0 0  0 0
   130  0.3839003671155984E-02   4   2 0  2 0  0 0  0 0
   131  0.6059096698128347E-02   4   1 1  2 0  0 0  0 0
   132  0.2368571796672160E-02   4   0 2  2 0  0 0  0 0
   133  -26.05865128616401       4   1 0  3 0  0 0  0 0
   134  -22.34474638568800       4   0 1  3 0  0 0  0 0
   135  -.2206267448983233E-02   4   0 0  4 0  0 0  0 0
   136   33.48741400776670       4   3 0  0 1  0 0  0 0
   137   89.52389695262643       4   2 1  0 1  0 0  0 0
   138   80.23791680126986       4   1 2  0 1  0 0  0 0
   139   24.16896422370959       4   0 3  0 1  0 0  0 0
   140  0.6634916875421016E-02   4   2 0  1 1  0 0  0 0
   141  0.1065281645641782E-01   4   1 1  1 1  0 0  0 0
   142  0.3939220679173938E-02   4   0 2  1 1  0 0  0 0
   143  -69.58063119432268       4   1 0  2 1  0 0  0 0
   144  -59.98134739824476       4   0 1  2 1  0 0  0 0
   145  -.7520396023804171E-02   4   0 0  3 1  0 0  0 0
   146  0.2681080844542390E-02   4   2 0  0 2  0 0  0 0
   147  0.4689233841456506E-02   4   1 1  0 2  0 0  0 0
   148  0.1855858977486558E-02   4   0 2  0 2  0 0  0 0
   149  -62.11210284983876       4   1 0  1 2  0 0  0 0
   150  -53.74603948956026       4   0 1  1 2  0 0  0 0
   151  -.9446009137945922E-02   4   0 0  2 2  0 0  0 0
   152  -18.45473590852593       4   1 0  0 3  0 0  0 0
   153  -16.00412497396178       4   0 1  0 3  0 0  0 0
   154  -.5435188520363707E-02   4   0 0  1 3  0 0  0 0
   155  -.1220912368173388E-02   4   0 0  0 4  0 0  0 0
   156  -.5070177237150542E-03   4   3 0  0 0  0 1  0 0
   157  0.1946747066266490E-02   4   2 1  0 0  0 1  0 0
   158  0.4454910991100717E-02   4   1 2  0 0  0 1  0 0
   159  0.2055990895759157E-02   4   0 3  0 0  0 1  0 0
   160   2.199610770504485       4   2 0  1 0  0 1  0 0
   161   6.600016122185601       4   1 1  1 0  0 1  0 0
   162   4.839662697358897       4   0 2  1 0  0 1  0 0
   163  0.5801745807736818E-03   4   1 0  2 0  0 1  0 0
   164  -.2078371304961674E-02   4   0 1  2 0  0 1  0 0
   165  0.6686654140421557       4   0 0  3 0  0 1  0 0
   166   4.722443575165197       4   2 0  0 1  0 1  0 0
   167   12.34529164375305       4   1 1  0 1  0 1  0 0
   168   7.505899099226569       4   0 2  0 1  0 1  0 0
   169  -.3929111538603445E-02   4   1 0  1 1  0 1  0 0
   170  -.7953971659111587E-02   4   0 1  1 1  0 1  0 0
   171   1.413401503455438       4   0 0  2 1  0 1  0 0
   172  -.3978789694424672E-02   4   1 0  0 2  0 1  0 0
   173  -.5512831648509976E-02   4   0 1  0 2  0 1  0 0
   174   1.580981299672540       4   0 0  1 2  0 1  0 0
   175  0.5244312468646889       4   0 0  0 3  0 1  0 0
   176  -.5063354031574148E-03   4   3 0  0 0  0 0  1 0
   177  0.1944127225811663E-02   4   2 1  0 0  0 0  1 0
   178  0.4448915781841521E-02   4   1 2  0 0  0 0  1 0
   179  0.2053224040107120E-02   4   0 3  0 0  0 0  1 0
   180   2.196650637993628       4   2 0  1 0  0 0  1 0
   181   6.591134131536371       4   1 1  1 0  0 0  1 0
   182   4.833149707386201       4   0 2  1 0  0 0  1 0
   183  0.5793938091655593E-03   4   1 0  2 0  0 0  1 0
   184  -.2075574330809702E-02   4   0 1  2 0  0 0  1 0
   185  0.6677655556410438       4   0 0  3 0  0 0  1 0
   186   4.716088333162815       4   2 0  0 1  0 0  1 0
   187   12.32867793207235       4   1 1  0 1  0 0  1 0
   188   7.495798013959599       4   0 2  0 1  0 0  1 0
   189  -.3923823925467401E-02   4   1 0  1 1  0 0  1 0
   190  -.7943267578910449E-02   4   0 1  1 1  0 0  1 0
   191   1.411499414323382       4   0 0  2 1  0 0  1 0
   192  -.3973435226767778E-02   4   1 0  0 2  0 0  1 0
   193  -.5505412739488169E-02   4   0 1  0 2  0 0  1 0
   194   1.578853689548501       4   0 0  1 2  0 0  1 0
   195  0.5237254920082455       4   0 0  0 3  0 0  1 0
   196  0.5134482973752339E-03   4   3 0  0 0  0 0  0 1
   197  0.1701407962655452E-02   4   2 1  0 0  0 0  0 1
   198  0.1833157505946308E-02   4   1 2  0 0  0 0  0 1
   199  0.6527806708054364E-03   4   0 3  0 0  0 0  0 1
   200  -4.392719135151084       4   2 0  1 0  0 0  0 1
   201  -8.829039400045072       4   1 1  1 0  0 0  0 1
   202  -4.607397887074948       4   0 2  1 0  0 0  0 1
   203  -.2984852342848565E-03   4   1 0  2 0  0 0  0 1
   204  -.2909552510968626E-03   4   0 1  2 0  0 0  0 1
   205  -1.336987321149600       4   0 0  3 0  0 0  0 1
   206  -5.824342407557715       4   2 0  0 1  0 0  0 1
   207  -11.14964292119014       4   1 1  0 1  0 0  0 1
   208  -5.689340271000922       4   0 2  0 1  0 0  0 1
   209  -.8282232933925166E-03   4   1 0  1 1  0 0  0 1
   210  -.7838706650750896E-03   4   0 1  1 1  0 0  0 1
   211  -2.367973805457354       4   0 0  2 1  0 0  0 1
   212  -.4587614156589653E-03   4   1 0  0 2  0 0  0 1
   213  -.4226741150291979E-03   4   0 1  0 2  0 0  0 1
   214  -1.380800349750640       4   0 0  1 2  0 0  0 1
   215  -.4673515252729625       4   0 0  0 3  0 0  0 1
   216  -.1628043805912978E-03   4   2 0  0 0  0 2  0 0
   217  0.1801678543614993E-03   4   1 1  0 0  0 2  0 0
   218  0.4100161992907769E-03   4   0 2  0 0  0 2  0 0
   219  0.5622712357765228E-01   4   1 0  1 0  0 2  0 0
   220  0.1385494770070246       4   0 1  1 0  0 2  0 0
   221  0.4017929977070137E-04   4   0 0  2 0  0 2  0 0
   222  0.1437031801280007       4   1 0  0 1  0 2  0 0
   223  0.2390614452128213       4   0 1  0 1  0 2  0 0
   224  -.1167182769716650E-03   4   0 0  1 1  0 2  0 0
   225  -.1298953723228578E-03   4   0 0  0 2  0 2  0 0
   226  -.2029490504914816E-03   4   2 0  0 0  0 1  1 0
   227  0.2636334382743564E-03   4   1 1  0 0  0 1  1 0
   228  0.6091939266285749E-03   4   0 2  0 0  0 1  1 0
   229  0.3330740695699484E-01   4   1 0  1 0  0 1  1 0
   230  0.1341283314427876       4   0 1  1 0  0 1  1 0
   231  0.1045262779166851E-03   4   0 0  2 0  0 1  1 0
   232  0.1403685930323312       4   1 0  0 1  0 1  1 0
   233  0.2833218799096967       4   0 1  0 1  0 1  1 0
   234  0.7081959955402626E-04   4   0 0  1 1  0 1  1 0
   235  -.7416145252342791E-04   4   0 0  0 2  0 1  1 0
   236  -.1624487264948557E-03   4   2 0  0 0  0 0  2 0
   237  0.1797480002258637E-03   4   1 1  0 0  0 0  2 0
   238  0.4090545065750972E-03   4   0 2  0 0  0 0  2 0
   239  0.5612904399535412E-01   4   1 0  1 0  0 0  2 0
   240  0.1382727718568754       4   0 1  1 0  0 0  2 0
   241  0.4005489509332111E-04   4   0 0  2 0  0 0  2 0
   242  0.1434153404421002       4   1 0  0 1  0 0  2 0
   243  0.2385490869696864       4   0 1  0 1  0 0  2 0
   244  -.1166088558550159E-03   4   0 0  1 1  0 0  2 0
   245  -.1296706637586941E-03   4   0 0  0 2  0 0  2 0
   246  0.1465486930288909E-03   4   2 0  0 0  0 1  0 1
   247  -.2184805945486228E-03   4   1 1  0 0  0 1  0 1
   248  -.3337699851411932E-03   4   0 2  0 0  0 1  0 1
   249  -.6603634260767782E-01   4   1 0  1 0  0 1  0 1
   250  -.1247409745915867       4   0 1  1 0  0 1  0 1
   251  -.1627895522437107E-03   4   0 0  2 0  0 1  0 1
   252  -.1334402127051517       4   1 0  0 1  0 1  0 1
   253  -.1774961899302820       4   0 1  0 1  0 1  0 1
   254  -.3404230413202169E-03   4   0 0  1 1  0 1  0 1
   255  -.8182733172214312E-04   4   0 0  0 2  0 1  0 1
   256  0.1463514747044134E-03   4   2 0  0 0  0 0  1 1
   257  -.2181865736611128E-03   4   1 1  0 0  0 0  1 1
   258  -.3333208132252246E-03   4   0 2  0 0  0 0  1 1
   259  -.6594747400998038E-01   4   1 0  1 0  0 0  1 1
   260  -.1245731040668189       4   0 1  1 0  0 0  1 1
   261  -.1625704777363069E-03   4   0 0  2 0  0 0  1 1
   262  -.1332606351557114       4   1 0  0 1  0 0  1 1
   263  -.1772573239229786       4   0 1  0 1  0 0  1 1
   264  -.3399649160347903E-03   4   0 0  1 1  0 0  1 1
   265  -.8171721235550004E-04   4   0 0  0 2  0 0  1 1
   266  -.3861705561192929E-06   4   2 0  0 0  0 0  0 2
   267  -.6933457319169102E-06   4   1 1  0 0  0 0  0 2
   268  -.2878304374404809E-06   4   0 2  0 0  0 0  0 2
   269  -.1331356433822786E-01   4   1 0  1 0  0 0  0 2
   270  -.1247033168482280E-01   4   0 1  1 0  0 0  0 2
   271  0.1305289699171593E-03   4   0 0  2 0  0 0  0 2
   272  -.9426647206448016E-02   4   1 0  0 1  0 0  0 2
   273  -.9023122282935737E-02   4   0 1  0 1  0 0  0 2
   274  0.2462939305635932E-03   4   0 0  1 1  0 0  0 2
   275  0.1154559907776468E-03   4   0 0  0 2  0 0  0 2
   276  -.1008325974417587E-04   4   1 0  0 0  0 3  0 0
   277  -.1789868980631384E-04   4   0 1  0 0  0 3  0 0
   278  0.1053850014746544       4   0 0  1 0  0 3  0 0
   279  -.1046331835059130E-01   4   0 0  0 1  0 3  0 0
   280  -.6956057264400543E-05   4   1 0  0 0  0 2  1 0
   281  -.1720315342408291E-04   4   0 1  0 0  0 2  1 0
   282  0.5308970244638739E-01   4   0 0  1 0  0 2  1 0
   283  0.1077256316575376       4   0 0  0 1  0 2  1 0
   284  -.6962342535033225E-05   4   1 0  0 0  0 1  2 0
   285  -.1720450883098319E-04   4   0 1  0 0  0 1  2 0
   286  0.5319498098326222E-01   4   0 0  1 0  0 1  2 0
   287  0.1074870804036362       4   0 0  0 1  0 1  2 0
   288  -.1005823112469631E-04   4   1 0  0 0  0 0  3 0
   289  -.1785099898957823E-04   4   0 1  0 0  0 0  3 0
   290  0.1051365936148491       4   0 0  1 0  0 0  3 0
   291  -.1051458529304686E-01   4   0 0  0 1  0 0  3 0
   292  0.1188752495460556E-04   4   1 0  0 0  0 2  0 1
   293  0.1902131909949352E-04   4   0 1  0 0  0 2  0 1
   294  -.1061401628636301       4   0 0  1 0  0 2  0 1
   295  -.2851160697987297       4   0 0  0 1  0 2  0 1
   296  0.8804320844817131E-05   4   1 0  0 0  0 1  1 1
   297  0.1842471618740716E-04   4   0 1  0 0  0 1  1 1
   298  -.5416136456118770E-01   4   0 0  1 0  0 1  1 1
   299  -.2697013401317577       4   0 0  0 1  0 1  1 1
   300  0.1186560306378438E-04   4   1 0  0 0  0 0  2 1
   301  0.1898332354738053E-04   4   0 1  0 0  0 0  2 1
   302  -.1059608805287161       4   0 0  1 0  0 0  2 1
   303  -.2845508983525668       4   0 0  0 1  0 0  2 1
   304  -.1985471569013490E-06   4   1 0  0 0  0 1  0 2
   305  -.5238062163028233E-06   4   0 1  0 0  0 1  0 2
   306  -.2503973842460715E-01   4   0 0  1 0  0 1  0 2
   307  -.3089227734361832E-01   4   0 0  0 1  0 1  0 2
   308  -.1982799614947011E-06   4   1 0  0 0  0 0  1 2
   309  -.5231013025829778E-06   4   0 1  0 0  0 0  1 2
   310  -.2500604112471736E-01   4   0 0  1 0  0 0  1 2
   311  -.3085070397267195E-01   4   0 0  0 1  0 0  1 2
   312  0.3467382069725993E-07   4   1 0  0 0  0 0  0 3
   313  0.2641843952279614E-07   4   0 1  0 0  0 0  0 3
   314  -.4934969196742348E-03   4   0 0  1 0  0 0  0 3
   315  -.3744599054179471E-03   4   0 0  0 1  0 0  0 3
   316  0.5948548857110577E-05   4   0 0  0 0  0 4  0 0
   317  0.2005350203316787E-05   4   0 0  0 0  0 3  1 0
   318  0.1486663258551717E-05   4   0 0  0 0  0 2  2 0
   319  0.2016638007441936E-05   4   0 0  0 0  0 1  3 0
   320  0.5931196834223393E-05   4   0 0  0 0  0 0  4 0
   321  0.2234699940074784E-05   4   0 0  0 0  0 3  0 1
   322  0.2604449506858807E-05   4   0 0  0 0  0 2  1 1
   323  0.2603697048814241E-05   4   0 0  0 0  0 1  2 1
   324  0.2228438797699365E-05   4   0 0  0 0  0 0  3 1
   325  0.3904581182565650E-07   4   0 0  0 0  0 2  0 2
   326  0.5682537908514908E-07   4   0 0  0 0  0 1  1 2
   327  0.3895502935372631E-07   4   0 0  0 0  0 0  2 2
   328  -.1240337921537786E-08   4   0 0  0 0  0 1  0 3
   329  -.1238668733218081E-08   4   0 0  0 0  0 0  1 3
   330  0.1149915052389211E-13   4   0 0  0 0  0 0  0 4
   ----------------------------------------------------
     I  COEFFICIENT            ORDER EXPONENTS
     1  0.2585571795669369E-03   0   0 0  0 0  0 0  0 0
     2  0.1136942939123113E-03   1   1 0  0 0  0 0  0 0
     3  0.1054573846288750E-03   1   0 1  0 0  0 0  0 0
     4  -2.843314118876842       1   0 0  1 0  0 0  0 0
     5  -1.668458407674866       1   0 0  0 1  0 0  0 0
     6  0.1991439921356397E-04   1   0 0  0 0  0 1  0 0
     7  0.1988759935363547E-04   1   0 0  0 0  0 0  1 0
     8  0.2187551809980963E-03   1   0 0  0 0  0 0  0 1
     9  0.2794785172172789E-02   2   2 0  0 0  0 0  0 0
    10  0.5113323862714289E-02   2   1 1  0 0  0 0  0 0
    11  0.2417329169210354E-02   2   0 2  0 0  0 0  0 0
    12   1.184611502119027       2   1 0  1 0  0 0  0 0
    13   1.081369689827017       2   0 1  1 0  0 0  0 0
    14  0.1079878858548317E-02   2   0 0  2 0  0 0  0 0
    15   1.142187140307041       2   1 0  0 1  0 0  0 0
    16   1.049679280844201       2   0 1  0 1  0 0  0 0
    17  0.2743843391283671E-02   2   0 0  1 1  0 0  0 0
    18  0.1488572047954904E-02   2   0 0  0 2  0 0  0 0
    19  -.1157126929791368E-04   2   1 0  0 0  0 1  0 0
    20  -.6376928059263857E-04   2   0 1  0 0  0 1  0 0
    21  -.2474245390084863       2   0 0  1 0  0 1  0 0
    22   1.124076516049567       2   0 0  0 1  0 1  0 0
    23  -.1155569722902770E-04   2   1 0  0 0  0 0  1 0
    24  -.6368346290015920E-04   2   0 1  0 0  0 0  1 0
    25  -.2470915667246033       2   0 0  1 0  0 0  1 0
    26   1.122563786850157       2   0 0  0 1  0 0  1 0
    27  0.1368209854257659E-03   2   1 0  0 0  0 0  0 1
    28  0.1274524745723648E-03   2   0 1  0 0  0 0  0 1
    29  -2.348798013255482       2   0 0  1 0  0 0  0 1
    30  -2.246640303019305       2   0 0  0 1  0 0  0 1
    31  -.1440082695299301E-04   2   0 0  0 0  0 2  0 0
    32  -.8902035784861420E-05   2   0 0  0 0  0 1  1 0
    33  -.1437545702865157E-04   2   0 0  0 0  0 0  2 0
    34  0.3770362330109040E-04   2   0 0  0 0  0 1  0 1
    35  0.3765288354176204E-04   2   0 0  0 0  0 0  1 1
    36  -.3767823101187324E-04   2   0 0  0 0  0 0  0 2
    37  -.3007071116028351E-01   3   3 0  0 0  0 0  0 0
    38  -.8438326015677200E-01   3   2 1  0 0  0 0  0 0
    39  -.7917632778528383E-01   3   1 2  0 0  0 0  0 0
    40  -.2478277312934577E-01   3   0 3  0 0  0 0  0 0
    41  -43.60572285965855       3   2 0  1 0  0 0  0 0
    42  -83.13940071323462       3   1 1  1 0  0 0  0 0
    43  -40.44163387529283       3   0 2  1 0  0 0  0 0
    44  0.4064885430353480E-01   3   1 0  2 0  0 0  0 0
    45  0.3654624166217346E-01   3   0 1  2 0  0 0  0 0
    46  -4.532232907627814       3   0 0  3 0  0 0  0 0
    47  -39.77435421813092       3   2 0  0 1  0 0  0 0
    48  -77.36667640821280       3   1 1  0 1  0 0  0 0
    49  -39.63441457691796       3   0 2  0 1  0 0  0 0
    50  0.7676526188322369E-01   3   1 0  1 1  0 0  0 0
    51  0.6937217723928701E-01   3   0 1  1 1  0 0  0 0
    52  -15.02651353842589       3   0 0  2 1  0 0  0 0
    53  0.3669267459547148E-01   3   1 0  0 2  0 0  0 0
    54  0.3339116198257997E-01   3   0 1  0 2  0 0  0 0
    55  -14.63756079322271       3   0 0  1 2  0 0  0 0
    56  -5.607212303014104       3   0 0  0 3  0 0  0 0
    57  -.1641712279312212E-02   3   2 0  0 0  0 1  0 0
    58  -.5646404014225167E-02   3   1 1  0 0  0 1  0 0
    59  -.3840048929730230E-02   3   0 2  0 0  0 1  0 0
    60  0.1404224473344670       3   1 0  1 0  0 1  0 0
    61  -.4067593939482690       3   0 1  1 0  0 1  0 0
    62  0.1680169185123491E-03   3   0 0  2 0  0 1  0 0
    63  -.4659699706809515       3   1 0  0 1  0 1  0 0
    64  -.9474777312632581       3   0 1  0 1  0 1  0 0
    65  -.1186530561287527E-02   3   0 0  1 1  0 1  0 0
    66  -.1472660295459462E-02   3   0 0  0 2  0 1  0 0
    67  -.1639502940297925E-02   3   2 0  0 0  0 0  1 0
    68  -.5638805349808615E-02   3   1 1  0 0  0 0  1 0
    69  -.3834881172855835E-02   3   0 2  0 0  0 0  1 0
    70  0.1402334734227269       3   1 0  1 0  0 0  1 0
    71  -.4062119963257975       3   0 1  1 0  0 0  1 0
    72  0.1677908092617803E-03   3   0 0  2 0  0 0  1 0
    73  -.4653428902548110       3   1 0  0 1  0 0  1 0
    74  -.9462026603856012       3   0 1  0 1  0 0  1 0
    75  -.1184933784377389E-02   3   0 0  1 1  0 0  1 0
    76  -.1470678458637908E-02   3   0 0  0 2  0 0  1 0
    77  0.6072678927329354E-02   3   2 0  0 0  0 0  0 1
    78  0.1127815846327063E-01   3   1 1  0 0  0 0  0 1
    79  0.5253855403823021E-02   3   0 2  0 0  0 0  0 1
    80  0.9039598471585414       3   1 0  1 0  0 0  0 1
    81  0.8129750602794693       3   0 1  1 0  0 0  0 1
    82  0.7454993306214856E-03   3   0 0  2 0  0 0  0 1
    83  0.9313167035360771       3   1 0  0 1  0 0  0 1
    84  0.8440044368675911       3   0 1  0 1  0 0  0 1
    85  0.2374565659957804E-02   3   0 0  1 1  0 0  0 1
    86  0.1456477861400598E-02   3   0 0  0 2  0 0  0 1
    87  0.9231422293888348E-05   3   1 0  0 0  0 2  0 0
    88  0.5359808553397782E-04   3   0 1  0 0  0 2  0 0
    89  0.1785449537873612       3   0 0  1 0  0 2  0 0
    90  -.7429794752643517       3   0 0  0 1  0 2  0 0
    91  0.7307105804110866E-05   3   1 0  0 0  0 1  1 0
    92  0.4392681960912773E-04   3   0 1  0 0  0 1  1 0
    93  0.1098501317302945       3   0 0  1 0  0 1  1 0
    94  -.3629063682409483       3   0 0  0 1  0 1  1 0
    95  0.9214082301519349E-05   3   1 0  0 0  0 0  2 0
    96  0.5349639843469719E-04   3   0 1  0 0  0 0  2 0
    97  0.1782307608379737       3   0 0  1 0  0 0  2 0
    98  -.7417354173583544       3   0 0  0 1  0 0  2 0
    99  -.2649584633349132E-04   3   1 0  0 0  0 1  0 1
   100  -.8833927080698116E-04   3   0 1  0 0  0 1  0 1
   101  -.4669396283287858       3   0 0  1 0  0 1  0 1
   102  0.7247894525451083       3   0 0  0 1  0 1  0 1
   103  -.2646018947220154E-04   3   1 0  0 0  0 0  1 1
   104  -.8822038797961463E-04   3   0 1  0 0  0 0  1 1
   105  -.4663112429830841       3   0 0  1 0  0 0  1 1
   106  0.7238140650580159       3   0 0  0 1  0 0  1 1
   107  0.2706583571864752E-04   3   1 0  0 0  0 0  0 2
   108  0.2517807601121803E-04   3   0 1  0 0  0 0  0 2
   109  0.4666252663155747       3   0 0  1 0  0 0  0 2
   110  0.3990181421048760       3   0 0  0 1  0 0  0 2
   111  0.1165156782858523E-04   3   0 0  0 0  0 3  0 0
   112  0.6160450355824724E-05   3   0 0  0 0  0 2  1 0
   113  0.6171503234113783E-05   3   0 0  0 0  0 1  2 0
   114  0.1162390800305204E-04   3   0 0  0 0  0 0  3 0
   115  -.2671912044658289E-04   3   0 0  0 0  0 2  0 1
   116  -.1576555300264572E-04   3   0 0  0 0  0 1  1 1
   117  -.2667255484447669E-04   3   0 0  0 0  0 0  2 1
   118  0.1575182644785796E-04   3   0 0  0 0  0 1  0 2
   119  0.1573062838218228E-04   3   0 0  0 0  0 0  1 2
   120  0.2065952397034803E-05   3   0 0  0 0  0 0  0 3
   121  -.5907827840381404E-02   4   4 0  0 0  0 0  0 0
   122  -.2180826173868824E-01   4   3 1  0 0  0 0  0 0
   123  -.3095842665046120E-01   4   2 2  0 0  0 0  0 0
   124  -.1798749672422761E-01   4   1 3  0 0  0 0  0 0
   125  -.3155808007660734E-02   4   0 4  0 0  0 0  0 0
   126   322.6778306222363       4   3 0  1 0  0 0  0 0
   127   898.2893043595999       4   2 1  1 0  0 0  0 0
   128   836.4953136846683       4   1 2  1 0  0 0  0 0
   129   261.0489630431990       4   0 3  1 0  0 0  0 0
   130  0.5600720360892725E-01   4   2 0  2 0  0 0  0 0
   131  0.1114358532926585       4   1 1  2 0  0 0  0 0
   132  0.5447806982956617E-01   4   0 2  2 0  0 0  0 0
   133  -161.6121259633218       4   1 0  3 0  0 0  0 0
   134  -144.4736630498418       4   0 1  3 0  0 0  0 0
   135  -.9522623442421149E-02   4   0 0  4 0  0 0  0 0
   136   317.9028475128005       4   3 0  0 1  0 0  0 0
   137   891.1164055536395       4   2 1  0 1  0 0  0 0
   138   835.9108683275284       4   1 2  0 1  0 0  0 0
   139   262.8621949206981       4   0 3  0 1  0 0  0 0
   140  0.1239246112883224       4   2 0  1 1  0 0  0 0
   141  0.2467034418935026       4   1 1  1 1  0 0  0 0
   142  0.1226792547066997       4   0 2  1 1  0 0  0 0
   143  -452.8845298749992       4   1 0  2 1  0 0  0 0
   144  -408.1044116679971       4   0 1  2 1  0 0  0 0
   145  -.3233030707496427E-01   4   0 0  3 1  0 0  0 0
   146  0.6441894914044678E-01   4   2 0  0 2  0 0  0 0
   147  0.1302801538871769       4   1 1  0 2  0 0  0 0
   148  0.6661482263108241E-01   4   0 2  0 2  0 0  0 0
   149  -427.9386037310503       4   1 0  1 2  0 0  0 0
   150  -388.1894103662576       4   0 1  1 2  0 0  0 0
   151  -.4090691238441775E-01   4   0 0  2 2  0 0  0 0
   152  -135.8137350728003       4   1 0  0 3  0 0  0 0
   153  -123.8352334822470       4   0 1  0 3  0 0  0 0
   154  -.2200296752683270E-01   4   0 0  1 3  0 0  0 0
   155  -.3674273742082015E-02   4   0 0  0 4  0 0  0 0
   156  -.4128644544792231E-02   4   3 0  0 0  0 1  0 0
   157  0.2399317084393533E-01   4   2 1  0 0  0 1  0 0
   158  0.5565171196191263E-01   4   1 2  0 0  0 1  0 0
   159  0.2768612492691707E-01   4   0 3  0 0  0 1  0 0
   160   23.84605546395244       4   2 0  1 0  0 1  0 0
   161   85.39289326621946       4   1 1  1 0  0 1  0 0
   162   60.22294934128097       4   0 2  1 0  0 1  0 0
   163  0.5861413881040348E-02   4   1 0  2 0  0 1  0 0
   164  -.1067299192511183E-01   4   0 1  2 0  0 1  0 0
   165  -.4625477111136449       4   0 0  3 0  0 1  0 0
   166   43.11825845882283       4   2 0  0 1  0 1  0 0
   167   120.8333849855029       4   1 1  0 1  0 1  0 0
   168   79.33655275775102       4   0 2  0 1  0 1  0 0
   169  -.2028111356812036E-01   4   1 0  1 1  0 1  0 0
   170  -.4799374095422590E-01   4   0 1  1 1  0 1  0 0
   171   7.237369149544601       4   0 0  2 1  0 1  0 0
   172  -.2432954193742849E-01   4   1 0  0 2  0 1  0 0
   173  -.3616521133256596E-01   4   0 1  0 2  0 1  0 0
   174   15.38568798516910       4   0 0  1 2  0 1  0 0
   175   8.871267667361698       4   0 0  0 3  0 1  0 0
   176  -.4123088409540196E-02   4   3 0  0 0  0 0  1 0
   177  0.2396088196537233E-01   4   2 1  0 0  0 0  1 0
   178  0.5557681851072838E-01   4   1 2  0 0  0 0  1 0
   179  0.2764886624479222E-01   4   0 3  0 0  0 0  1 0
   180   23.81396456633463       4   2 0  1 0  0 0  1 0
   181   85.27797553488919       4   1 1  1 0  0 0  1 0
   182   60.14190413426657       4   0 2  1 0  0 0  1 0
   183  0.5853525866478112E-02   4   1 0  2 0  0 0  1 0
   184  -.1065862871557971E-01   4   0 1  2 0  0 0  1 0
   185  -.4619252362031549       4   0 0  3 0  0 0  1 0
   186   43.06023193868198       4   2 0  0 1  0 0  1 0
   187   120.6707731106694       4   1 1  0 1  0 0  1 0
   188   79.22978536405182       4   0 2  0 1  0 0  1 0
   189  -.2025382020129617E-01   4   1 0  1 1  0 0  1 0
   190  -.4792915323951632E-01   4   0 1  1 1  0 0  1 0
   191   7.227629439228536       4   0 0  2 1  0 0  1 0
   192  -.2429680038650065E-01   4   1 0  0 2  0 0  1 0
   193  -.3611654189556197E-01   4   0 1  0 2  0 0  1 0
   194   15.36498265138099       4   0 0  1 2  0 0  1 0
   195   8.859329133423319       4   0 0  0 3  0 0  1 0
   196  0.2057817910096294E-02   4   3 0  0 0  0 0  0 1
   197  0.5787168324284180E-02   4   2 1  0 0  0 0  0 1
   198  0.5474124883277995E-02   4   1 2  0 0  0 0  0 1
   199  0.1808525032902398E-02   4   0 3  0 0  0 0  0 1
   200  -91.23863104145506       4   2 0  1 0  0 0  0 1
   201  -170.6135835624004       4   1 1  1 0  0 0  0 1
   202  -79.89288633643544       4   0 2  1 0  0 0  0 1
   203  -.6940914869777902E-02   4   1 0  2 0  0 0  0 1
   204  -.6219815757318290E-02   4   0 1  2 0  0 0  0 1
   205  -3.612286752967075       4   0 0  3 0  0 0  0 1
   206  -86.14603786950080       4   2 0  0 1  0 0  0 1
   207  -164.0686447400417       4   1 1  0 1  0 0  0 1
   208  -79.26096171130051       4   0 2  0 1  0 0  0 1
   209  -.1352537556436056E-01   4   1 0  1 1  0 0  0 1
   210  -.1240147103142904E-01   4   0 1  1 1  0 0  0 1
   211  -14.47932678132159       4   0 0  2 1  0 0  0 1
   212  -.6584420333426693E-02   4   1 0  0 2  0 0  0 1
   213  -.6089741096617236E-02   4   0 1  0 2  0 0  0 1
   214  -16.12858490187866       4   0 0  1 2  0 0  0 1
   215  -6.521842463948233       4   0 0  0 3  0 0  0 1
   216  -.1033410880875637E-02   4   2 0  0 0  0 2  0 0
   217  0.5025684424760819E-03   4   1 1  0 0  0 2  0 0
   218  0.1841445292152762E-02   4   0 2  0 0  0 2  0 0
   219  -.1081075076902853       4   1 0  1 0  0 2  0 0
   220  0.2368263896722909       4   0 1  1 0  0 2  0 0
   221  -.3291563472699008E-03   4   0 0  2 0  0 2  0 0
   222  0.2956519398290572       4   1 0  0 1  0 2  0 0
   223  0.8712598823647993       4   0 1  0 1  0 2  0 0
   224  0.1402766288293568E-03   4   0 0  1 1  0 2  0 0
   225  0.1023127182253990E-02   4   0 0  0 2  0 2  0 0
   226  -.1140592701807244E-02   4   2 0  0 0  0 1  1 0
   227  0.9629395190114548E-03   4   1 1  0 0  0 1  1 0
   228  0.2934377841246635E-02   4   0 2  0 0  0 1  1 0
   229  -.7909952062612537E-01   4   1 0  1 0  0 1  1 0
   230  0.6377568475876302E-01   4   0 1  1 0  0 1  1 0
   231  -.2374389300122960E-03   4   0 0  2 0  0 1  1 0
   232  0.1218165409865512       4   1 0  0 1  0 1  1 0
   233  0.7906827746860208       4   0 1  0 1  0 1  1 0
   234  -.1683779717357520E-03   4   0 0  1 1  0 1  1 0
   235  0.1009648536161164E-02   4   0 0  0 2  0 1  1 0
   236  -.1031252687263210E-02   4   2 0  0 0  0 0  2 0
   237  0.5012441702399615E-03   4   1 1  0 0  0 0  2 0
   238  0.1836992688159736E-02   4   0 2  0 0  0 0  2 0
   239  -.1079087974978520       4   1 0  1 0  0 0  2 0
   240  0.2364647667228583       4   0 1  1 0  0 0  2 0
   241  -.3285536171093966E-03   4   0 0  2 0  0 0  2 0
   242  0.2951720979021054       4   1 0  0 1  0 0  2 0
   243  0.8695553500688750       4   0 1  0 1  0 0  2 0
   244  0.1402011487227761E-03   4   0 0  1 1  0 0  2 0
   245  0.1021070937201986E-02   4   0 0  0 2  0 0  2 0
   246  0.2401375637835815E-02   4   2 0  0 0  0 1  0 1
   247  0.3074131988940222E-03   4   1 1  0 0  0 1  0 1
   248  -.1743389973583094E-02   4   0 2  0 0  0 1  0 1
   249  0.2998800721792823       4   1 0  1 0  0 1  0 1
   250  -.1246706118307318       4   0 1  1 0  0 1  0 1
   251  0.5410611832035308E-03   4   0 0  2 0  0 1  0 1
   252  -.2403247537030948       4   1 0  0 1  0 1  0 1
   253  -.6290181415456628       4   0 1  0 1  0 1  0 1
   254  0.2730136945551374E-03   4   0 0  1 1  0 1  0 1
   255  -.5804828836803944E-03   4   0 0  0 2  0 1  0 1
   256  0.2398143979675326E-02   4   2 0  0 0  0 0  1 1
   257  0.3069994966988249E-03   4   1 1  0 0  0 0  1 1
   258  -.1741043801519782E-02   4   0 2  0 0  0 0  1 1
   259  0.2994765077110032       4   1 0  1 0  0 0  1 1
   260  -.1245028359968513       4   0 1  1 0  0 0  1 1
   261  0.5403330485625073E-03   4   0 0  2 0  0 0  1 1
   262  -.2400013359756729       4   1 0  0 1  0 0  1 1
   263  -.6281716385753681       4   0 1  0 1  0 0  1 1
   264  0.2726462855916979E-03   4   0 0  1 1  0 0  1 1
   265  -.5797016971727491E-03   4   0 0  0 2  0 0  1 1
   266  -.1595579163746085E-02   4   2 0  0 0  0 0  0 2
   267  -.2949341171501202E-02   4   1 1  0 0  0 0  0 2
   268  -.1355698951061814E-02   4   0 2  0 0  0 0  0 2
   269  -.3042383839866702       4   1 0  1 0  0 0  0 2
   270  -.2865331477821740       4   0 1  1 0  0 0  0 2
   271  -.1858217376135206E-03   4   0 0  2 0  0 0  0 2
   272  -.2311920755769419       4   1 0  0 1  0 0  0 2
   273  -.2214203589198661       4   0 1  0 1  0 0  0 2
   274  -.4873537071745557E-03   4   0 0  1 1  0 0  0 2
   275  -.2796405140936256E-03   4   0 0  0 2  0 0  0 2
   276  -.1007940985909535E-04   4   1 0  0 0  0 3  0 0
   277  -.5478565516473992E-04   4   0 1  0 0  0 3  0 0
   278  -.1442194160836749       4   0 0  1 0  0 3  0 0
   279  0.5553501035847528       4   0 0  0 1  0 3  0 0
   280  -.7780705874927318E-05   4   1 0  0 0  0 2  1 0
   281  -.4379769470463130E-04   4   0 1  0 0  0 2  1 0
   282  -.7563799846116014E-01   4   0 0  1 0  0 2  1 0
   283  0.1803026322343749       4   0 0  0 1  0 2  1 0
   284  -.7785318724674153E-05   4   1 0  0 0  0 1  2 0
   285  -.4381972649423893E-04   4   0 1  0 0  0 1  2 0
   286  -.7577604713768736E-01   4   0 0  1 0  0 1  2 0
   287  0.1810582054008600       4   0 0  0 1  0 1  2 0
   288  -.1005383487122403E-04   4   1 0  0 0  0 0  3 0
   289  -.5464563252557386E-04   4   0 1  0 0  0 0  3 0
   290  -.1438774641847244       4   0 0  1 0  0 0  3 0
   291  0.5541079001425850       4   0 0  0 1  0 0  3 0
   292  0.1635989276077020E-04   4   1 0  0 0  0 2  0 1
   293  0.7736276245798909E-04   4   0 1  0 0  0 2  0 1
   294  0.3297719862021331       4   0 0  1 0  0 2  0 1
   295  -.3603510529262248       4   0 0  0 1  0 2  0 1
   296  0.1440257171615485E-04   4   1 0  0 0  0 1  1 1
   297  0.6966382117913238E-04   4   0 1  0 0  0 1  1 1
   298  0.1929819612187154       4   0 0  1 0  0 1  1 1
   299  0.3121348690187234E-02   4   0 0  0 1  0 1  1 1
   300  0.1632818523695096E-04   4   1 0  0 0  0 0  2 1
   301  0.7721177615464979E-04   4   0 1  0 0  0 0  2 1
   302  0.3291983415904746       4   0 0  1 0  0 0  2 1
   303  -.3598682097439373       4   0 0  0 1  0 0  2 1
   304  -.6779955567691245E-05   4   1 0  0 0  0 1  0 2
   305  -.1627835485816646E-04   4   0 1  0 0  0 1  0 2
   306  -.1927983973755127       4   0 0  1 0  0 1  0 2
   307  -.3660142369872416       4   0 0  0 1  0 1  0 2
   308  -.6770831423015956E-05   4   1 0  0 0  0 0  1 2
   309  -.1625644821537019E-04   4   0 1  0 0  0 0  1 2
   310  -.1925389383785985       4   0 0  1 0  0 0  1 2
   311  -.3655216722767574       4   0 0  0 1  0 0  1 2
   312  0.2022083755450098E-05   4   1 0  0 0  0 0  0 3
   313  0.1649336567668952E-05   4   0 1  0 0  0 0  0 3
   314  -.2710378598662925E-01   4   0 0  1 0  0 0  0 3
   315  -.2217398564457494E-01   4   0 0  0 1  0 0  0 3
   316  -.1173465145298353E-04   4   0 0  0 0  0 4  0 0
   317  -.5368314386279478E-05   4   0 0  0 0  0 3  1 0
   318  -.4529003466601955E-05   4   0 0  0 0  0 2  2 0
   319  -.5386531558896533E-05   4   0 0  0 0  0 1  3 0
   320  -.1169947291262101E-04   4   0 0  0 0  0 0  4 0
   321  0.1171153072310476E-04   4   0 0  0 0  0 3  0 1
   322  0.4565710913043756E-05   4   0 0  0 0  0 2  1 1
   323  0.4580103859072620E-05   4   0 0  0 0  0 1  2 1
   324  0.1168482147330492E-04   4   0 0  0 0  0 0  3 1
   325  0.1923330009352954E-05   4   0 0  0 0  0 2  0 2
   326  0.2271613310253792E-05   4   0 0  0 0  0 1  1 2
   327  0.1919213167402002E-05   4   0 0  0 0  0 0  2 2
   328  0.3017167849513584E-07   4   0 0  0 0  0 1  0 3
   329  0.3013107487215907E-07   4   0 0  0 0  0 0  1 3
   330  -.1408256215441527E-12   4   0 0  0 0  0 0  0 4
   ----------------------------------------------------
     I  COEFFICIENT            ORDER EXPONENTS
     1  0.8176518956851010E-08   0   0 0  0 0  0 0  0 0
     2  0.7888743188794804E-06   1   1 0  0 0  0 0  0 0
     3  0.1785487987952819E-05   1   0 1  0 0  0 0  0 0
     4  0.3136578448774939E-04   1   0 0  1 0  0 0  0 0
     5  0.1140156386212440E-04   1   0 0  0 1  0 0  0 0
     6   1.000000000000000       1   0 0  0 0  1 0  0 0
     7  0.2621231498080372       1   0 0  0 0  0 1  0 0
     8  -.2621231473473490       1   0 0  0 0  0 0  1 0
     9  -.2460695870630240E-08   1   0 0  0 0  0 0  0 1
    10  -.2478692278499457       2   2 0  0 0  0 0  0 0
    11  -.6563324490265993       2   1 1  0 0  0 0  0 0
    12  -.6443302218669772       2   0 2  0 0  0 0  0 0
    13  -.1655810082711056E-04   2   1 0  1 0  0 0  0 0
    14  -.2167499906785368E-04   2   0 1  1 0  0 0  0 0
    15  -.1866778743114783       2   0 0  2 0  0 0  0 0
    16  -.2135204720781881E-04   2   1 0  0 1  0 0  0 0
    17  -.2471845419205668E-04   2   0 1  0 1  0 0  0 0
    18  -.1320651831712876       2   0 0  1 1  0 0  0 0
    19  -.2364178871972641       2   0 0  0 2  0 0  0 0
    20  -.1699653584189177E-05   2   1 0  0 0  0 1  0 0
    21  -.3648919103679613E-05   2   0 1  0 0  0 1  0 0
    22  -.4479352150731887E-04   2   0 0  1 0  0 1  0 0
    23  -.2954765296103197E-04   2   0 0  0 1  0 1  0 0
    24  -.9105882448515362E-06   2   1 0  0 0  0 0  1 0
    25  -.1863284056828724E-05   2   0 1  0 0  0 0  1 0
    26  -.1345184358049300E-04   2   0 0  1 0  0 0  1 0
    27  -.1813701197568361E-04   2   0 0  0 1  0 0  1 0
    28  0.2610145177126282E-05   2   1 0  0 0  0 0  0 1
    29  0.3726565347498936E-05   2   0 1  0 0  0 0  0 1
    30  0.5824540760704376E-04   2   0 0  1 0  0 0  0 1
    31  0.3628314243654029E-04   2   0 0  0 1  0 0  0 1
    32  -.1967247346500942       2   0 0  0 0  0 2  0 0
    33  0.1313263160621417       2   0 0  0 0  0 1  1 0
    34  0.6539841515680486E-01   2   0 0  0 0  0 0  2 0
    35  0.3430280766731828E-08   2   0 0  0 0  0 1  0 1
    36  0.9716660514567736E-09   2   0 0  0 0  0 0  1 1
    37  -.9707023204361456E-09   2   0 0  0 0  0 0  0 2
    38  0.1279038925707561       3   3 0  0 0  0 0  0 0
    39  0.3923378088179870       3   2 1  0 0  0 0  0 0
    40  0.3929507191739650       3   1 2  0 0  0 0  0 0
    41  0.1292918091798896       3   0 3  0 0  0 0  0 0
    42  0.1430794351879340E-02   3   2 0  1 0  0 0  0 0
    43  0.2679245620570251E-02   3   1 1  1 0  0 0  0 0
    44  0.1464175504180010E-02   3   0 2  1 0  0 0  0 0
    45  0.7214490273990604E-01   3   1 0  2 0  0 0  0 0
    46  0.2267815458819434E-01   3   0 1  2 0  0 0  0 0
    47  0.2148987641918666E-03   3   0 0  3 0  0 0  0 0
    48  0.1279760389626002E-02   3   2 0  0 1  0 0  0 0
    49  0.2383301397751795E-02   3   1 1  0 1  0 0  0 0
    50  0.1281292460582270E-02   3   0 2  0 1  0 0  0 0
    51  0.4530016013706702E-01   3   1 0  1 1  0 0  0 0
    52  -.3002896514630478E-01   3   0 1  1 1  0 0  0 0
    53  0.6864244237123804E-03   3   0 0  2 1  0 0  0 0
    54  -.1707542957657254E-01   3   1 0  0 2  0 0  0 0
    55  -.4542891366229558E-01   3   0 1  0 2  0 0  0 0
    56  0.7252088115227730E-03   3   0 0  1 2  0 0  0 0
    57  0.2498724197416462E-03   3   0 0  0 3  0 0  0 0
    58  0.3880755917734724       3   2 0  0 0  0 1  0 0
    59   1.234679814244369       3   1 1  0 0  0 1  0 0
    60   1.268405506358075       3   0 2  0 0  0 1  0 0
    61  0.2527120517494349E-04   3   1 0  1 0  0 1  0 0
    62  0.4061507729319987E-04   3   0 1  1 0  0 1  0 0
    63  0.2658468741165960       3   0 0  2 0  0 1  0 0
    64  0.4004840085327152E-04   3   1 0  0 1  0 1  0 0
    65  0.5693004830692823E-04   3   0 1  0 1  0 1  0 0
    66  0.3455030458104179       3   0 0  1 1  0 1  0 0
    67  0.4093562267928685       3   0 0  0 2  0 1  0 0
    68  0.1403512686829947       3   2 0  0 0  0 0  1 0
    69  0.5784521227523765       3   1 1  0 0  0 0  1 0
    70  0.6241019465913183       3   0 2  0 0  0 0  1 0
    71  0.8638305828531473E-05   3   1 0  1 0  0 0  1 0
    72  0.1875713888559294E-04   3   0 1  1 0  0 0  1 0
    73  0.7931354171675666E-01   3   0 0  2 0  0 0  1 0
    74  0.1860562705423310E-04   3   1 0  0 1  0 0  1 0
    75  0.3202188464000755E-04   3   0 1  0 1  0 0  1 0
    76  0.2133284240242015       3   0 0  1 1  0 0  1 0
    77  0.1730234675964001       3   0 0  0 2  0 0  1 0
    78  -.5284279072575857       3   2 0  0 0  0 0  0 1
    79  -1.156802041859934       3   1 1  0 0  0 0  0 1
    80  -.6038486777547357       3   0 2  0 0  0 0  0 1
    81  -.3374779061703753E-04   3   1 0  1 0  0 0  0 1
    82  -.3732940505788483E-04   3   0 1  1 0  0 0  0 1
    83  -.3451607564919925       3   0 0  2 0  0 0  0 1
    84  -.3708021222852439E-04   3   1 0  0 1  0 0  0 1
    85  -.3909893165818170E-04   3   0 1  0 1  0 0  0 1
    86  -.4267667779319534       3   0 0  1 1  0 0  0 1
    87  -.1095441394856451       3   0 0  0 2  0 0  0 1
    88  0.2666430890031017E-05   3   1 0  0 0  0 2  0 0
    89  0.5782748152634294E-05   3   0 1  0 0  0 2  0 0
    90  0.5378859526250811E-04   3   0 0  1 0  0 2  0 0
    91  0.4845828069723252E-04   3   0 0  0 1  0 2  0 0
    92  0.1933678952162126E-05   3   1 0  0 0  0 1  1 0
    93  0.4266662377993324E-05   3   0 1  0 0  0 1  1 0
    94  0.1800922858346778E-04   3   0 0  1 0  0 1  1 0
    95  0.3782580240633234E-04   3   0 0  0 1  0 1  1 0
    96  0.9666872565088014E-06   3   1 0  0 0  0 0  2 0
    97  0.2132913515189798E-05   3   0 1  0 0  0 0  2 0
    98  0.9022577326588001E-05   3   0 0  1 0  0 0  2 0
    99  0.1890728692622903E-04   3   0 0  0 1  0 0  2 0
   100  -.5569438163615556E-05   3   1 0  0 0  0 1  0 1
   101  -.8536433736986881E-05   3   0 1  0 0  0 1  0 1
   102  -.8080041867435536E-04   3   0 0  1 0  0 1  0 1
   103  -.7565495749609199E-04   3   0 0  0 1  0 1  0 1
   104  -.2958946105575790E-05   3   1 0  0 0  0 0  1 1
   105  -.4808343029896532E-05   3   0 1  0 0  0 0  1 1
   106  -.2260505976588251E-04   3   0 0  1 0  0 0  1 1
   107  -.3936942105288464E-04   3   0 0  0 1  0 0  1 1
   108  0.2959607875380703E-05   3   1 0  0 0  0 0  0 2
   109  0.2946128726509915E-05   3   0 1  0 0  0 0  0 2
   110  0.2258205532156378E-04   3   0 0  1 0  0 0  0 2
   111  0.2123095698457318E-04   3   0 0  0 1  0 0  0 2
   112  0.1639593938933016       3   0 0  0 0  0 3  0 0
   113  -.9842878573611645E-01   3   0 0  0 0  0 2  1 0
   114  -.3289754915920128E-01   3   0 0  0 0  0 1  2 0
   115  -.3263309999961404E-01   3   0 0  0 0  0 0  3 0
   116  -.1926093839627744E-08   3   0 0  0 0  0 2  0 1
   117  0.1114356014487922E-08   3   0 0  0 0  0 1  1 1
   118  0.5547529539186303E-09   3   0 0  0 0  0 0  2 1
   119  -.6399970574845806E-10   3   0 0  0 0  0 1  0 2
   120  -.7849032303089741E-10   3   0 0  0 0  0 0  1 2
   121  -.6117042053189368E-11   3   0 0  0 0  0 0  0 3
   122  -8.185141326273472       4   4 0  0 0  0 0  0 0
   123  -36.05100854414740       4   3 1  0 0  0 0  0 0
   124  -59.97855568649477       4   2 2  0 0  0 0  0 0
   125  -44.70465590333339       4   1 3  0 0  0 0  0 0
   126  -12.84745025193708       4   0 4  0 0  0 0  0 0
   127  -.2656624540678852E-02   4   3 0  1 0  0 0  0 0
   128  -.7677201781270139E-02   4   2 1  1 0  0 0  0 0
   129  -.7519643772771444E-02   4   1 2  1 0  0 0  0 0
   130  -.2512249018793974E-02   4   0 3  1 0  0 0  0 0
   131  -8.920068629047822       4   2 0  2 0  0 0  0 0
   132  -17.41071034616843       4   1 1  2 0  0 0  0 0
   133  -9.531144864652688       4   0 2  2 0  0 0  0 0
   134  0.1131413671219958E-02   4   1 0  3 0  0 0  0 0
   135  0.8691233207114927E-03   4   0 1  3 0  0 0  0 0
   136  -1.074852746435174       4   0 0  4 0  0 0  0 0
   137  -.2574777144987711E-02   4   3 0  0 1  0 0  0 0
   138  -.7613404138159063E-02   4   2 1  0 1  0 0  0 0
   139  -.7603937482397377E-02   4   1 2  0 1  0 0  0 0
   140  -.2583539682016730E-02   4   0 3  0 1  0 0  0 0
   141  -16.42378714243708       4   2 0  1 1  0 0  0 0
   142  -31.34883562729400       4   1 1  1 1  0 0  0 0
   143  -16.68431589174524       4   0 2  1 1  0 0  0 0
   144  0.2908905413805925E-02   4   1 0  2 1  0 0  0 0
   145  0.2213386897293992E-02   4   0 1  2 1  0 0  0 0
   146  -3.721569352608513       4   0 0  3 1  0 0  0 0
   147  -7.262596836326129       4   2 0  0 2  0 0  0 0
   148  -14.21303819163681       4   1 1  0 2  0 0  0 0
   149  -8.019796612044624       4   0 2  0 2  0 0  0 0
   150  0.2542904846226803E-02   4   1 0  1 2  0 0  0 0
   151  0.1899723838308672E-02   4   0 1  1 2  0 0  0 0
   152  -5.017122286410254       4   0 0  2 2  0 0  0 0
   153  0.7266689129922389E-03   4   1 0  0 3  0 0  0 0
   154  0.5165935214696981E-03   4   0 1  0 3  0 0  0 0
   155  -3.078823540747941       4   0 0  1 3  0 0  0 0
   156  -.8218671491456719       4   0 0  0 4  0 0  0 0
   157  -.2168172937298564       4   3 0  0 0  0 1  0 0
   158  -.8330725693847282       4   2 1  0 0  0 1  0 0
   159  -1.011115884026207       4   1 2  0 0  0 1  0 0
   160  -.3928587934280833       4   0 3  0 0  0 1  0 0
   161  0.3095714915752592E-03   4   2 0  1 0  0 1  0 0
   162  -.5993283852238798E-03   4   1 1  1 0  0 1  0 0
   163  -.9624056863384851E-03   4   0 2  1 0  0 1  0 0
   164  -.9772427033634522E-01   4   1 0  2 0  0 1  0 0
   165  -.6010860571639874E-01   4   0 1  2 0  0 1  0 0
   166  0.1212225041365959E-03   4   0 0  3 0  0 1  0 0
   167  -.3197784330668051E-03   4   2 0  0 1  0 1  0 0
   168  -.1472081427765885E-02   4   1 1  0 1  0 1  0 0
   169  -.1279162042352301E-02   4   0 2  0 1  0 1  0 0
   170  -.1192718751367526       4   1 0  1 1  0 1  0 0
   171  0.8530775974625045E-02   4   0 1  1 1  0 1  0 0
   172  0.4213108664021144E-04   4   0 0  2 1  0 1  0 0
   173  0.9187391067005089E-02   4   1 0  0 2  0 1  0 0
   174  0.8858976938002958E-01   4   0 1  0 2  0 1  0 0
   175  -.4348853870360934E-03   4   0 0  1 2  0 1  0 0
   176  -.3389494309929633E-03   4   0 0  0 3  0 1  0 0
   177  -.8624115706810487E-01   4   3 0  0 0  0 0  1 0
   178  -.4313484368209314       4   2 1  0 0  0 0  1 0
   179  -.6073502317128031       4   1 2  0 0  0 0  1 0
   180  -.2594118992380295       4   0 3  0 0  0 0  1 0
   181  0.1556372353454058E-03   4   2 0  1 0  0 0  1 0
   182  -.9246887233541137E-03   4   1 1  1 0  0 0  1 0
   183  -.1065557736255910E-02   4   0 2  1 0  0 0  1 0
   184  -.2498132355736886E-01   4   1 0  2 0  0 0  1 0
   185  -.3600171799579889E-01   4   0 1  2 0  0 0  1 0
   186  -.1594451110903755E-04   4   0 0  3 0  0 0  1 0
   187  -.4254645366057818E-03   4   2 0  0 1  0 0  1 0
   188  -.1768783894316896E-02   4   1 1  0 1  0 0  1 0
   189  -.1413575521667705E-02   4   0 2  0 1  0 0  1 0
   190  -.7297801213112315E-01   4   1 0  1 1  0 0  1 0
   191  -.1935440860518925E-01   4   0 1  1 1  0 0  1 0
   192  -.2307341371829721E-03   4   0 0  2 1  0 0  1 0
   193  -.7375930187980401E-02   4   1 0  0 2  0 0  1 0
   194  0.4410026328490393E-01   4   0 1  0 2  0 0  1 0
   195  -.5435041998735874E-03   4   0 0  1 2  0 0  1 0
   196  -.3213642026088892E-03   4   0 0  0 3  0 0  1 0
   197  0.2994099558825308       4   3 0  0 0  0 0  0 1
   198  0.8569194429432100       4   2 1  0 0  0 0  0 1
   199  0.8125387300930266       4   1 2  0 0  0 0  0 1
   200  0.2556402180635623       4   0 3  0 0  0 0  0 1
   201  -.2025659018026378E-03   4   2 0  1 0  0 0  0 1
   202  -.2584067740464117E-03   4   1 1  1 0  0 0  0 1
   203  -.1086098513305067E-04   4   0 2  1 0  0 0  0 1
   204  0.1215435571428430       4   1 0  2 0  0 0  0 1
   205  0.7064911706971057E-01   4   0 1  2 0  0 0  0 1
   206  -.7077402699134537E-04   4   0 0  3 0  0 0  0 1
   207  -.2471263565039660E-03   4   2 0  0 1  0 0  0 1
   208  -.4233199743186849E-03   4   1 1  0 1  0 0  0 1
   209  -.1063747257939352E-03   4   0 2  0 1  0 0  0 1
   210  0.1451741618485815       4   1 0  1 1  0 0  0 1
   211  0.6678931395536956E-01   4   0 1  1 1  0 0  0 1
   212  -.2483194911799727E-03   4   0 0  2 1  0 0  0 1
   213  0.3125908073523979E-01   4   1 0  0 2  0 0  0 1
   214  0.1496069510021038E-02   4   0 1  0 2  0 0  0 1
   215  -.2451558262441700E-03   4   0 0  1 2  0 0  0 1
   216  -.4265188094288873E-04   4   0 0  0 3  0 0  0 1
   217  -.5016921072543318       4   2 0  0 0  0 2  0 0
   218  -1.807672271617812       4   1 1  0 0  0 2  0 0
   219  -1.948904823698656       4   0 2  0 0  0 2  0 0
   220  -.2888178058600948E-04   4   1 0  1 0  0 2  0 0
   221  -.6781310993012109E-04   4   0 1  1 0  0 2  0 0
   222  -.3184984845304273       4   0 0  2 0  0 2  0 0
   223  -.6881636896632317E-04   4   1 0  0 1  0 2  0 0
   224  -.1154180070353280E-03   4   0 1  0 1  0 2  0 0
   225  -.5677170981976988       4   0 0  1 1  0 2  0 0
   226  -.5955468385966798       4   0 0  0 2  0 2  0 0
   227  -.2272269306212650       4   2 0  0 0  0 1  1 0
   228  -1.145856036020421       4   1 1  0 0  0 1  1 0
   229  -1.360780052707202       4   0 2  0 0  0 1  1 0
   230  -.1270794917557814E-04   4   1 0  1 0  0 1  1 0
   231  -.3996862149352022E-04   4   0 1  1 0  0 1  1 0
   232  -.1054157284553758       4   0 0  2 0  0 1  1 0
   233  -.4106976566087781E-04   4   1 0  0 1  0 1  1 0
   234  -.8453362098402234E-04   4   0 1  0 1  0 1  1 0
   235  -.4444781326703076       4   0 0  1 1  0 1  1 0
   236  -.3723801576342850       4   0 0  0 2  0 1  1 0
   237  -.1137211903287206       4   2 0  0 0  0 0  2 0
   238  -.5729862640146460       4   1 1  0 0  0 0  2 0
   239  -.6803263173712463       4   0 2  0 0  0 0  2 0
   240  -.6444125103941639E-05   4   1 0  1 0  0 0  2 0
   241  -.2005999306442349E-04   4   0 1  1 0  0 0  2 0
   242  -.5281546356265647E-01   4   0 0  2 0  0 0  2 0
   243  -.2060532717659462E-04   4   1 0  0 1  0 0  2 0
   244  -.4228703657290877E-04   4   0 1  0 1  0 0  2 0
   245  -.2221719797539397       4   0 0  1 1  0 0  2 0
   246  -.1862144686677023       4   0 0  0 2  0 0  2 0
   247  0.8424385411393065       4   2 0  0 0  0 1  0 1
   248   2.291648359755019       4   1 1  0 0  0 1  0 1
   249   1.453276569663274       4   0 2  0 0  0 1  0 1
   250  0.3643630665447332E-04   4   1 0  1 0  0 1  0 1
   251  0.6625914136660991E-04   4   0 1  1 0  0 1  0 1
   252  0.4766036493730285       4   0 0  2 0  0 1  0 1
   253  0.6728790153193127E-04   4   1 0  0 1  0 1  0 1
   254  0.9566813021051431E-04   4   0 1  0 1  0 1  0 1
   255  0.8889826395600879       4   0 0  1 1  0 1  0 1
   256  0.3354449921790003       4   0 0  0 2  0 1  0 1
   257  0.3142735312339176       4   2 0  0 0  0 0  1 1
   258   1.134830425118571       4   1 1  0 0  0 0  1 1
   259  0.8490771269661237       4   0 2  0 0  0 0  1 1
   260  0.1450540972451346E-04   4   1 0  1 0  0 0  1 1
   261  0.3351138581650178E-04   4   0 1  1 0  0 0  1 1
   262  0.1317432905114358       4   0 0  2 0  0 0  1 1
   263  0.3430840574466187E-04   4   1 0  0 1  0 0  1 1
   264  0.5518682228029441E-04   4   0 1  0 1  0 0  1 1
   265  0.4621899751408988       4   0 0  1 1  0 0  1 1
   266  0.2257537429706144       4   0 0  0 2  0 0  1 1
   267  -.3141044804325348       4   2 0  0 0  0 0  0 2
   268  -.5563673726338714       4   1 1  0 0  0 0  0 2
   269  -.2453710386158578       4   0 2  0 0  0 0  0 2
   270  -.1143752094426682E-04   4   1 0  1 0  0 0  0 2
   271  -.9574387285730285E-05   4   0 1  1 0  0 0  0 2
   272  -.1316047337674116       4   0 0  2 0  0 0  0 2
   273  -.9752219658413856E-05   4   1 0  0 1  0 0  0 2
   274  -.8135004192296479E-05   4   0 1  0 1  0 0  0 2
   275  -.2488405554888094       4   0 0  1 1  0 0  0 2
   276  -.1162930031657609       4   0 0  0 2  0 0  0 2
   277  -.2154254791781380E-03   4   1 0  0 0  0 3  0 0
   278  -.3079568100601948E-03   4   0 1  0 0  0 3  0 0
   279  -.4326269479028605E-04   4   0 0  1 0  0 3  0 0
   280  -.5287094487605949E-04   4   0 0  0 1  0 3  0 0
   281  -.1168940110041696E-03   4   1 0  0 0  0 2  1 0
   282  -.1692063296684239E-03   4   0 1  0 0  0 2  1 0
   283  -.1208723288092139E-04   4   0 0  1 0  0 2  1 0
   284  -.4902671248193755E-04   4   0 0  0 1  0 2  1 0
   285  -.7411091003601544E-04   4   1 0  0 0  0 1  2 0
   286  -.1077512059192712E-03   4   0 1  0 0  0 1  2 0
   287  -.6310601382679143E-05   4   0 0  1 0  0 1  2 0
   288  -.3292148888797542E-04   4   0 0  0 1  0 1  2 0
   289  -.3900694816054797E-04   4   1 0  0 0  0 0  3 0
   290  -.5646047434197289E-04   4   0 1  0 0  0 0  3 0
   291  -.4048565870375541E-05   4   0 0  1 0  0 0  3 0
   292  -.1633417018510325E-04   4   0 0  0 1  0 0  3 0
   293  0.2083445570578780E-03   4   1 0  0 0  0 2  0 1
   294  0.1938851452300664E-03   4   0 1  0 0  0 2  0 1
   295  0.3081223574856098E-04   4   0 0  1 0  0 2  0 1
   296  0.8036335847910253E-04   4   0 0  0 1  0 2  0 1
   297  0.1144244817526346E-03   4   1 0  0 0  0 1  1 1
   298  0.1158250019126179E-03   4   0 1  0 0  0 1  1 1
   299  0.4502501869492745E-05   4   0 0  1 0  0 1  1 1
   300  0.6079377074613416E-04   4   0 0  0 1  0 1  1 1
   301  0.5723661876869064E-04   4   1 0  0 0  0 0  2 1
   302  0.5792578707832627E-04   4   0 1  0 0  0 0  2 1
   303  0.2267520490684340E-05   4   0 0  1 0  0 0  2 1
   304  0.3039005970842280E-04   4   0 0  0 1  0 0  2 1
   305  -.1804403539892819E-04   4   1 0  0 0  0 1  0 2
   306  -.1617493806573017E-04   4   0 1  0 0  0 1  0 2
   307  0.4657263082303819E-05   4   0 0  1 0  0 1  0 2
   308  -.5090709685497466E-05   4   0 0  0 1  0 1  0 2
   309  -.1273513497970655E-04   4   1 0  0 0  0 0  1 2
   310  -.1188658112568648E-04   4   0 1  0 0  0 0  1 2
   311  0.3080621113641891E-05   4   0 0  1 0  0 0  1 2
   312  -.6361175733243780E-05   4   0 0  0 1  0 0  1 2
   313  0.8435276557138774E-07   4   1 0  0 0  0 0  0 3
   314  0.6294979925629616E-07   4   0 1  0 0  0 0  0 3
   315  0.3017667614406134E-07   4   0 0  1 0  0 0  0 3
   316  0.2289860060053600E-07   4   0 0  0 1  0 0  0 3
   317  -.1434727855341058       4   0 0  0 0  0 4  0 0
   318  0.8201284653037723E-01   4   0 0  0 0  0 3  1 0
   319  0.2462383591660208E-01   4   0 0  0 0  0 2  2 0
   320  0.1648163112035326E-01   4   0 0  0 0  0 1  3 0
   321  0.2035440527590379E-01   4   0 0  0 0  0 0  4 0
   322  0.3993334541694170E-08   4   0 0  0 0  0 3  0 1
   323  0.3760990796477111E-08   4   0 0  0 0  0 2  1 1
   324  0.3264186001900488E-08   4   0 0  0 0  0 1  2 1
   325  0.1013765588226329E-08   4   0 0  0 0  0 0  3 1
   326  -.5784211685056868E-10   4   0 0  0 0  0 2  0 2
   327  -.1634570412396184E-09   4   0 0  0 0  0 1  1 2
   328  -.2664964174489701E-10   4   0 0  0 0  0 0  2 2
   329  0.2290837450341756E-11   4   0 0  0 0  0 1  0 3
   330  -.3812834528380753E-11   4   0 0  0 0  0 0  1 3
   ----------------------------------------------------
     I  COEFFICIENT            ORDER EXPONENTS
     1   1.000000000000000       1   0 0  0 0  0 1  0 0
     --------------------------------------------------
     I  COEFFICIENT            ORDER EXPONENTS
     1   1.000000000000000       1   0 0  0 0  0 0  1 0
     --------------------------------------------------
     I  COEFFICIENT            ORDER EXPONENTS
     1   1.000000000000000       1   0 0  0 0  0 0  0 1
     --------------------------------------------------
