 L    0.6839345000000000E+00
 P (  0.0000000000000000E+00,  0.0000000000000000E+00,  0.2904825000000000E+00)
 A (  0.0000000000000000E+00,  0.0000000000000000E+00,  0.0000000000000000E+00)
     I  COEFFICIENT            ORDER EXPONENTS
     1  -.4329982527668731E-04   0   0 0  0 0  0 0  0 0
     2  0.6011466349913990       1   1 0  0 0  0 0  0 0
     3  0.5948146272551673       1   0 1  0 0  0 0  0 0
     4  -.5532056229640127E-04   1   0 0  1 0  0 0  0 0
     5  -.1215807646899810E-04   1   0 0  0 1  0 0  0 0
     6  -.9020706165034066E-05   1   0 0  0 0  0 1  0 0
     7  -.9008566523808299E-05   1   0 0  0 0  0 0  1 0
     8  0.1802927268899504E-04   1   0 0  0 0  0 0  0 1
     9  -.7517788980350546E-04   2   2 0  0 0  0 0  0 0
    10  0.4707314924966936E-04   2   1 1  0 0  0 0  0 0
    11  0.3447273444070317E-04   2   0 2  0 0  0 0  0 0
    12  -.5931585050138199E-04   2   1 0  1 0  0 0  0 0
    13  0.5445349733528077E-04   2   0 1  1 0  0 0  0 0
    14  0.1093611626755281E-03   2   0 0  2 0  0 0  0 0
    15  0.3990430484468339E-04   2   1 0  0 1  0 0  0 0
    16  0.1659675594977493E-04   2   0 1  0 1  0 0  0 0
    17  -.4191686341197076E-05   2   0 0  1 1  0 0  0 0
    18  0.1272233336710106E-04   2   0 0  0 2  0 0  0 0
    19  0.1906555263853679       2   1 0  0 0  0 1  0 0
    20  -.2543191149778066       2   0 1  0 0  0 1  0 0
    21  0.2773313794168191E-04   2   0 0  1 0  0 1  0 0
    22  0.1217991446442354E-04   2   0 0  0 1  0 1  0 0
    23  0.1903989511632423       2   1 0  0 0  0 0  1 0
    24  -.2539768642985142       2   0 1  0 0  0 0  1 0
    25  0.2769581599165751E-04   2   0 0  1 0  0 0  1 0
    26  0.1216352330955684E-04   2   0 0  0 1  0 0  1 0
    27  -.3810544775486101       2   1 0  0 0  0 0  0 1
    28  -.8651864797884616E-01   2   0 1  0 0  0 0  0 1
    29  -.5542895393333937E-04   2   0 0  1 0  0 0  0 1
    30  -.1218536130498225E-04   2   0 0  0 1  0 0  0 1
    31  0.6629757668180815E-05   2   0 0  0 0  0 2  0 0
    32  0.4245226662687783E-05   2   0 0  0 0  0 1  1 0
    33  0.6617979139812445E-05   2   0 0  0 0  0 0  2 0
    34  -.8484029438513448E-05   2   0 0  0 0  0 1  0 1
    35  -.8472612031533555E-05   2   0 0  0 0  0 0  1 1
    36  -.5363143207122796E-06   2   0 0  0 0  0 0  0 2
    37  -.2222090109957111       3   3 0  0 0  0 0  0 0
    38  -.1767121866026548       3   2 1  0 0  0 0  0 0
    39  -.4472985360092122       3   1 2  0 0  0 0  0 0
    40  0.1977767713881896       3   0 3  0 0  0 0  0 0
    41  0.1364007576524054E-03   3   2 0  1 0  0 0  0 0
    42  0.1614514504676886E-03   3   1 1  1 0  0 0  0 0
    43  -.5149050356801375E-04   3   0 2  1 0  0 0  0 0
    44  -1.040181139957236       3   1 0  2 0  0 0  0 0
    45  -.5257938089666452       3   0 1  2 0  0 0  0 0
    46  -.6902259163055681E-04   3   0 0  3 0  0 0  0 0
    47  0.1546782386172423E-04   3   2 0  0 1  0 0  0 0
    48  0.3054942774588438E-04   3   1 1  0 1  0 0  0 0
    49  -.1849924543724647E-04   3   0 2  0 1  0 0  0 0
    50  -.9319818989210753       3   1 0  1 1  0 0  0 0
    51  0.2092526832852473E-01   3   0 1  1 1  0 0  0 0
    52  -.1652233631600157E-03   3   0 0  2 1  0 0  0 0
    53  -.5338256916762312       3   1 0  0 2  0 0  0 0
    54  0.2365640970765983       3   0 1  0 2  0 0  0 0
    55  -.9555744554478865E-04   3   0 0  1 2  0 0  0 0
    56  -.2055560270504815E-04   3   0 0  0 3  0 0  0 0
    57  0.1900973355927204E-04   3   2 0  0 0  0 1  0 0
    58  -.3252992638337150E-04   3   1 1  0 0  0 1  0 0
    59  -.4715640363472327E-04   3   0 2  0 0  0 1  0 0
    60  -.3035726572200361E-05   3   1 0  1 0  0 1  0 0
    61  -.5977539080894602E-04   3   0 1  1 0  0 1  0 0
    62  -.6569459137607117E-04   3   0 0  2 0  0 1  0 0
    63  -.4859710658200030E-04   3   1 0  0 1  0 1  0 0
    64  -.2696011912493287E-04   3   0 1  0 1  0 1  0 0
    65  -.1512301870710678E-04   3   0 0  1 1  0 1  0 0
    66  -.2214224500055160E-04   3   0 0  0 2  0 1  0 0
    67  0.1898415115574535E-04   3   2 0  0 0  0 0  1 0
    68  -.3248614914152691E-04   3   1 1  0 0  0 0  1 0
    69  -.4709294276911607E-04   3   0 2  0 0  0 0  1 0
    70  -.3031641234448432E-05   3   1 0  1 0  0 0  1 0
    71  -.5969494790511180E-04   3   0 1  1 0  0 0  1 0
    72  -.6560618269107612E-04   3   0 0  2 0  0 0  1 0
    73  -.4853170688626461E-04   3   1 0  0 1  0 0  1 0
    74  -.2692383746720086E-04   3   0 1  0 1  0 0  1 0
    75  -.1510266686125388E-04   3   0 0  1 1  0 0  1 0
    76  -.2211244701075763E-04   3   0 0  0 2  0 0  1 0
    77  -.3799388471501745E-04   3   2 0  0 0  0 0  0 1
    78  0.1794292627522907E-04   3   1 1  0 0  0 0  0 1
    79  0.2530387752243320E-04   3   0 2  0 0  0 0  0 1
    80  0.6067367806604612E-05   3   1 0  1 0  0 0  0 1
    81  0.6501684137881501E-04   3   0 1  1 0  0 0  0 1
    82  0.1313007740671474E-03   3   0 0  2 0  0 0  0 1
    83  0.5722450862352626E-04   3   1 0  0 1  0 0  0 1
    84  0.2069044469263138E-04   3   0 1  0 1  0 0  0 1
    85  0.3441737190955751E-04   3   0 0  1 1  0 0  0 1
    86  0.1881002527693693E-04   3   0 0  0 2  0 0  0 1
    87  -.1385779742540474       3   1 0  0 0  0 2  0 0
    88  0.1696809983610612       3   0 1  0 0  0 2  0 0
    89  -.2081793442795842E-04   3   0 0  1 0  0 2  0 0
    90  -.1218992752668428E-04   3   0 0  0 1  0 2  0 0
    91  -.8664026263455861E-01   3   1 0  0 0  0 1  1 0
    92  0.8527024370851355E-01   3   0 1  0 0  0 1  1 0
    93  -.1392786855724975E-04   3   0 0  1 0  0 1  1 0
    94  -.1219695203683099E-04   3   0 0  0 1  0 1  1 0
    95  -.1383331843561304       3   1 0  0 0  0 0  2 0
    96  0.1693952733325877       3   0 1  0 0  0 0  2 0
    97  -.2078054689846495E-04   3   0 0  1 0  0 0  2 0
    98  -.1216531585510873E-04   3   0 0  0 1  0 0  2 0
    99  0.1731407383241544       3   1 0  0 0  0 1  0 1
   100  0.8400590951061435E-01   3   0 1  0 0  0 1  0 1
   101  0.2784370889154766E-04   3   0 0  1 0  0 1  0 1
   102  0.1219720798944001E-04   3   0 0  0 1  0 1  0 1
   103  0.1729077336783580       3   1 0  0 0  0 0  1 1
   104  0.8389285831665633E-01   3   0 1  0 0  0 0  1 1
   105  0.2780623814034997E-04   3   0 0  1 0  0 0  1 1
   106  0.1218079356176233E-04   3   0 0  0 1  0 0  1 1
   107  0.1750298608891317E-01   3   1 0  0 0  0 0  0 2
   108  0.2569250809608627E-02   3   0 1  0 0  0 0  0 2
   109  -.1187337091437101E-06   3   0 0  1 0  0 0  0 2
   110  -.1293661312928588E-07   3   0 0  0 1  0 0  0 2
   111  -.5435912257950293E-05   3   0 0  0 0  0 3  0 0
   112  -.3049834789525229E-05   3   0 0  0 0  0 2  1 0
   113  -.3054636628423960E-05   3   0 0  0 0  0 1  2 0
   114  -.5422889772578600E-05   3   0 0  0 0  0 0  3 0
   115  0.6098066803247520E-05   3   0 0  0 0  0 2  0 1
   116  0.3718510635201415E-05   3   0 0  0 0  0 1  1 1
   117  0.6087358214198917E-05   3   0 0  0 0  0 0  2 1
   118  0.5267088985183295E-06   3   0 0  0 0  0 1  0 2
   119  0.5260000785056401E-06   3   0 0  0 0  0 0  1 2
   120  0.6639888133537688E-08   3   0 0  0 0  0 0  0 3
   121  -.1629287085771397E-03   4   4 0  0 0  0 0  0 0
   122  0.1123713983791018E-03   4   3 1  0 0  0 0  0 0
   123  0.3442257292691129E-04   4   2 2  0 0  0 0  0 0
   124  -.9627234127497593E-04   4   1 3  0 0  0 0  0 0
   125  0.9733881271612330E-04   4   0 4  0 0  0 0  0 0
   126  -.5831092400740643E-04   4   3 0  1 0  0 0  0 0
   127  -.1089844075113489E-04   4   2 1  1 0  0 0  0 0
   128  -.2989638095241698E-04   4   1 2  1 0  0 0  0 0
   129  0.6779724296742500E-04   4   0 3  1 0  0 0  0 0
   130  -.5352609375107870E-03   4   2 0  2 0  0 0  0 0
   131  0.2416389650148632E-03   4   1 1  2 0  0 0  0 0
   132  -.1502417178509163E-03   4   0 2  2 0  0 0  0 0
   133  -.4259018376084719E-03   4   1 0  3 0  0 0  0 0
   134  0.1532515953295183E-03   4   0 1  3 0  0 0  0 0
   135  0.4642072106996313E-04   4   0 0  4 0  0 0  0 0
   136  -.2752426969860529E-04   4   3 0  0 1  0 0  0 0
   137  -.7640909748809018E-04   4   2 1  0 1  0 0  0 0
   138  -.2890759746433503E-04   4   1 2  0 1  0 0  0 0
   139  0.5776215802524687E-04   4   0 3  0 1  0 0  0 0
   140  -.6354155875941398E-04   4   2 0  1 1  0 0  0 0
   141  0.6921848629178409E-03   4   1 1  1 1  0 0  0 0
   142  -.3196565304013530E-04   4   0 2  1 1  0 0  0 0
   143  -.2626001738294124E-03   4   1 0  2 1  0 0  0 0
   144  0.4352483749369919E-03   4   0 1  2 1  0 0  0 0
   145  0.7054454500017690E-04   4   0 0  3 1  0 0  0 0
   146  -.5586038271138650E-04   4   2 0  0 2  0 0  0 0
   147  -.6008189061276563E-05   4   1 1  0 2  0 0  0 0
   148  0.1120714449063283E-03   4   0 2  0 2  0 0  0 0
   149  -.1377057361254316E-03   4   1 0  1 2  0 0  0 0
   150  0.1771566062515797E-03   4   0 1  1 2  0 0  0 0
   151  -.4758649553674556E-04   4   0 0  2 2  0 0  0 0
   152  -.6902659393166733E-04   4   1 0  0 3  0 0  0 0
   153  0.5336271456566626E-04   4   0 1  0 3  0 0  0 0
   154  -.2297743156945004E-04   4   0 0  1 3  0 0  0 0
   155  0.1504695163690838E-04   4   0 0  0 4  0 0  0 0
   156  0.2601783525946196       4   3 0  0 0  0 1  0 0
   157  0.7975757532679034E-01   4   2 1  0 0  0 1  0 0
   158  0.5868586244894853       4   1 2  0 0  0 1  0 0
   159  -.2367263823740712       4   0 3  0 0  0 1  0 0
   160  -.1357011449422049E-03   4   2 0  1 0  0 1  0 0
   161  -.2388263463640374E-03   4   1 1  1 0  0 1  0 0
   162  0.6206770009086196E-04   4   0 2  1 0  0 1  0 0
   163   1.140784070216783       4   1 0  2 0  0 1  0 0
   164  0.5785259907447726       4   0 1  2 0  0 1  0 0
   165  0.8074038770024474E-04   4   0 0  3 0  0 1  0 0
   166  -.5172907392523112E-04   4   2 0  0 1  0 1  0 0
   167  -.7464846120665320E-04   4   1 1  0 1  0 1  0 0
   168  0.3208425274751398E-04   4   0 2  0 1  0 1  0 0
   169   1.429623679348889       4   1 0  1 1  0 1  0 0
   170  0.6121852565309407E-01   4   0 1  1 1  0 1  0 0
   171  0.2256001131638407E-03   4   0 0  2 1  0 1  0 0
   172  0.8615188114266467       4   1 0  0 2  0 1  0 0
   173  -.2883804707132749       4   0 1  0 2  0 1  0 0
   174  0.1643201681902534E-03   4   0 0  1 2  0 1  0 0
   175  0.4330045546292162E-04   4   0 0  0 3  0 1  0 0
   176  0.2598282168294785       4   3 0  0 0  0 0  1 0
   177  0.7965024134076115E-01   4   2 1  0 0  0 0  1 0
   178  0.5860688578103360       4   1 2  0 0  0 0  1 0
   179  -.2364078071652000       4   0 3  0 0  0 0  1 0
   180  -.1355185247367152E-03   4   2 0  1 0  0 0  1 0
   181  -.2385049451225963E-03   4   1 1  1 0  0 0  1 0
   182  0.6198417230522915E-04   4   0 2  1 0  0 0  1 0
   183   1.139248856778376       4   1 0  2 0  0 0  1 0
   184  0.5777474377314138       4   0 1  2 0  0 0  1 0
   185  0.8063173109164012E-04   4   0 0  3 0  0 0  1 0
   186  -.5165945937544926E-04   4   2 0  0 1  0 0  1 0
   187  -.7454800282562144E-04   4   1 1  0 1  0 0  1 0
   188  0.3204107527224493E-04   4   0 2  0 1  0 0  1 0
   189   1.427699759177051       4   1 0  1 1  0 0  1 0
   190  0.6113614064639869E-01   4   0 1  1 1  0 0  1 0
   191  0.2252965111637097E-03   4   0 0  2 1  0 0  1 0
   192  0.8603594200122042       4   1 0  0 2  0 0  1 0
   193  -.2879923818666902       4   0 1  0 2  0 0  1 0
   194  0.1640990338520442E-03   4   0 0  1 2  0 0  1 0
   195  0.4324218375063946E-04   4   0 0  0 3  0 0  1 0
   196  -.5200065694240977       4   3 0  0 0  0 0  0 1
   197  0.1730436993510384E-01   4   2 1  0 0  0 0  0 1
   198  -.2783304102813973       4   1 2  0 0  0 0  0 1
   199  -.1201961246252977       4   0 3  0 0  0 0  0 1
   200  0.2712196696789204E-03   4   2 0  1 0  0 0  0 1
   201  0.3158798410189449E-03   4   1 1  1 0  0 0  0 1
   202  -.2107086526006371E-04   4   0 2  1 0  0 0  0 1
   203  -2.280032926995160       4   1 0  2 0  0 0  0 1
   204  -.6304796195095419       4   0 1  2 0  0 0  0 1
   205  -.1613721187918846E-03   4   0 0  3 0  0 0  0 1
   206  0.8792070943895619E-04   4   2 0  0 1  0 0  0 1
   207  0.8809760854050536E-04   4   1 1  0 1  0 0  0 1
   208  -.8627591708019442E-05   4   0 2  0 1  0 0  0 1
   209  -1.925341539604865       4   1 0  1 1  0 0  0 1
   210  -.1642052029565412       4   0 1  1 1  0 0  0 1
   211  -.2856732611675342E-03   4   0 0  2 1  0 0  0 1
   212  -.6542268480863860       4   1 0  0 2  0 0  0 1
   213  -.1333194386498311       4   0 1  0 2  0 0  0 1
   214  -.1373043109527193E-03   4   0 0  1 2  0 0  0 1
   215  -.2487583109843214E-04   4   0 0  0 3  0 0  0 1
   216  -.5414823489960355E-04   4   2 0  0 0  0 2  0 0
   217  -.1235241092606940E-03   4   1 1  0 0  0 2  0 0
   218  0.1524732806988724E-03   4   0 2  0 0  0 2  0 0
   219  -.4870231850780114E-04   4   1 0  1 0  0 2  0 0
   220  0.2551571438650899E-04   4   0 1  1 0  0 2  0 0
   221  -.7475898916814157E-04   4   0 0  2 0  0 2  0 0
   222  -.5594119788362099E-04   4   1 0  0 1  0 2  0 0
   223  0.5099634279258533E-04   4   0 1  0 1  0 2  0 0
   224  -.4807389256641951E-04   4   0 0  1 1  0 2  0 0
   225  0.4108089268915293E-04   4   0 0  0 2  0 2  0 0
   226  -.2238796663887965E-04   4   2 0  0 0  0 1  1 0
   227  -.1553065127928609E-03   4   1 1  0 0  0 1  1 0
   228  0.1728781355205909E-03   4   0 2  0 0  0 1  1 0
   229  -.3482929870299166E-04   4   1 0  1 0  0 1  1 0
   230  0.2295800527531570E-04   4   0 1  1 0  0 1  1 0
   231  -.8470634326087697E-04   4   0 0  2 0  0 1  1 0
   232  -.6270883834720295E-04   4   1 0  0 1  0 1  1 0
   233  0.6073896150283701E-04   4   0 1  0 1  0 1  1 0
   234  -.4426180765123115E-04   4   0 0  1 1  0 1  1 0
   235  0.5013842277044844E-04   4   0 0  0 2  0 1  1 0
   236  -.5406030042178837E-04   4   2 0  0 0  0 0  2 0
   237  -.1232533742431672E-03   4   1 1  0 0  0 0  2 0
   238  0.1521517637198709E-03   4   0 2  0 0  0 0  2 0
   239  -.4861334140845368E-04   4   1 0  1 0  0 0  2 0
   240  0.2546592863984976E-04   4   0 1  1 0  0 0  2 0
   241  -.7460138514144045E-04   4   0 0  2 0  0 0  2 0
   242  -.5582371955630138E-04   4   1 0  0 1  0 0  2 0
   243  0.5088684450191223E-04   4   0 1  0 1  0 0  2 0
   244  -.4797941426006432E-04   4   0 0  1 1  0 0  2 0
   245  0.4099187099664116E-04   4   0 0  0 2  0 0  2 0
   246  0.9208936468364420E-05   4   2 0  0 0  0 1  0 1
   247  0.9480564820154823E-04   4   1 1  0 0  0 1  0 1
   248  0.1911666074410748E-04   4   0 2  0 0  0 1  0 1
   249  0.5482398254739042E-04   4   1 0  1 0  0 1  0 1
   250  -.1749911336451148E-04   4   0 1  1 0  0 1  0 1
   251  0.7382389640965626E-04   4   0 0  2 0  0 1  0 1
   252  0.3084825562158476E-04   4   1 0  0 1  0 1  0 1
   253  0.1352486672089894E-04   4   0 1  0 1  0 1  0 1
   254  0.4112546611205357E-04   4   0 0  1 1  0 1  0 1
   255  0.9171612442678549E-05   4   0 0  0 2  0 1  0 1
   256  0.9196543515667326E-05   4   2 0  0 0  0 0  1 1
   257  0.9467806322823393E-04   4   1 1  0 0  0 0  1 1
   258  0.1909093444301505E-04   4   0 2  0 0  0 0  1 1
   259  0.5475020301544285E-04   4   1 0  1 0  0 0  1 1
   260  -.1747556388245018E-04   4   0 1  1 0  0 0  1 1
   261  0.7372454768906782E-04   4   0 0  2 0  0 0  1 1
   262  0.3080674149299710E-04   4   1 0  0 1  0 0  1 1
   263  0.1350666559267087E-04   4   0 1  0 1  0 0  1 1
   264  0.4107012139793597E-04   4   0 0  1 1  0 0  1 1
   265  0.9159269718896308E-05   4   0 0  0 2  0 0  1 1
   266  0.5520798439816743E-04   4   2 0  0 0  0 0  0 2
   267  -.9134973395367284E-05   4   1 1  0 0  0 0  0 2
   268  -.6125945995191878E-05   4   0 2  0 0  0 0  0 2
   269  0.9797925878314513E-05   4   1 0  1 0  0 0  0 2
   270  -.7923181719046124E-05   4   0 1  1 0  0 0  0 2
   271  -.1514764472115858E-04   4   0 0  2 0  0 0  0 2
   272  0.9997995195789212E-05   4   1 0  0 1  0 0  0 2
   273  0.1351460286040389E-06   4   0 1  0 1  0 0  0 2
   274  0.3897508025636200E-05   4   0 0  1 1  0 0  0 2
   275  0.1828960987927956E-05   4   0 0  0 2  0 0  0 2
   276  0.1125934090397810       4   1 0  0 0  0 3  0 0
   277  -.1277081630306592       4   0 1  0 0  0 3  0 0
   278  0.1737471481766276E-04   4   0 0  1 0  0 3  0 0
   279  0.1218756396429774E-04   4   0 0  0 1  0 3  0 0
   280  0.6065927235740230E-01   4   1 0  0 0  0 2  1 0
   281  -.4381833020353874E-01   4   0 1  0 0  0 2  1 0
   282  0.1048965295079311E-04   4   0 0  1 0  0 2  1 0
   283  0.1218977944852628E-04   4   0 0  0 1  0 2  1 0
   284  0.6076380225919256E-01   4   1 0  0 0  0 1  2 0
   285  -.4398732574972587E-01   4   0 1  0 0  0 1  2 0
   286  0.1050350413872462E-04   4   0 0  1 0  0 1  2 0
   287  0.1218974186787059E-04   4   0 0  0 1  0 1  2 0
   288  0.1123253635552043       4   1 0  0 0  0 0  3 0
   289  -.1274209231023522       4   0 1  0 0  0 0  3 0
   290  0.1733259298865300E-04   4   0 0  1 0  0 0  3 0
   291  0.1215477062818258E-04   4   0 0  0 1  0 0  3 0
   292  -.1212834987847944       4   1 0  0 0  0 2  0 1
   293  -.8210026414701745E-01   4   0 1  0 0  0 2  0 1
   294  -.2097023061082364E-04   4   0 0  1 0  0 2  0 1
   295  -.1221271677053410E-04   4   0 0  0 1  0 2  0 1
   296  -.6956551973681276E-01   4   1 0  0 0  0 1  1 1
   297  -.8019959569989205E-01   4   0 1  0 0  0 1  1 1
   298  -.1411520191007771E-04   4   0 0  1 0  0 1  1 1
   299  -.1222816171971626E-04   4   0 0  0 1  0 1  1 1
   300  -.1210734721690468       4   1 0  0 0  0 0  2 1
   301  -.8193581306267143E-01   4   0 1  0 0  0 0  2 1
   302  -.2093251207610380E-04   4   0 0  1 0  0 0  2 1
   303  -.1218805343001962E-04   4   0 0  0 1  0 0  2 1
   304  -.1707449504007284E-01   4   1 0  0 0  0 1  0 2
   305  -.3808812779776622E-02   4   0 1  0 0  0 1  0 2
   306  0.1796815908505126E-06   4   0 0  1 0  0 1  0 2
   307  0.2600110658186197E-07   4   0 0  0 1  0 1  0 2
   308  -.1705151698934103E-01   4   1 0  0 0  0 0  1 2
   309  -.3803687059040755E-02   4   0 1  0 0  0 0  1 2
   310  0.1794397838336318E-06   4   0 0  1 0  0 0  1 2
   311  0.2596611551801433E-07   4   0 0  0 1  0 0  1 2
   312  -.2933200494710380E-03   4   1 0  0 0  0 0  0 3
   313  -.3175086333624349E-04   4   0 1  0 0  0 0  0 3
   314  -.4055131873039401E-07   4   0 0  1 0  0 0  0 3
   315  -.4385794238002295E-08   4   0 0  0 1  0 0  0 3
   316  0.1658554564100747E-04   4   0 0  0 0  0 4  0 0
   317  0.8396465258250335E-05   4   0 0  0 0  0 3  1 0
   318  0.7309190525451760E-05   4   0 0  0 0  0 2  2 0
   319  0.8419901740494559E-05   4   0 0  0 0  0 1  3 0
   320  0.1653528171999411E-04   4   0 0  0 0  0 0  4 0
   321  0.2176215764437177E-06   4   0 0  0 0  0 3  0 1
   322  0.1247525317335923E-05   4   0 0  0 0  0 2  1 1
   323  0.1245445732268354E-05   4   0 0  0 0  0 1  2 1
   324  0.2163439786867523E-06   4   0 0  0 0  0 0  3 1
   325  -.1720868164832947E-06   4   0 0  0 0  0 2  0 2
   326  -.2018022498579223E-06   4   0 0  0 0  0 1  1 2
   327  -.1717194421772179E-06   4   0 0  0 0  0 0  2 2
   328  -.2887173057464574E-08   4   0 0  0 0  0 1  0 3
   329  -.2883287636031592E-08   4   0 0  0 0  0 0  1 3
   330  -.1422278633572763E-14   4   0 0  0 0  0 0  0 4
   ----------------------------------------------------
     I  COEFFICIENT            ORDER EXPONENTS
     1  0.4666699034719323E-04   0   0 0  0 0  0 0  0 0
     2  -.8969465236447330       1   1 0  0 0  0 0  0 0
     3  0.7759888527942480       1   0 1  0 0  0 0  0 0
     4  -.1259929772663264E-03   1   0 0  1 0  0 0  0 0
     5  -.3076358789240947E-04   1   0 0  0 1  0 0  0 0
     6  0.8220191516108595E-06   1   0 0  0 0  0 1  0 0
     7  0.8209129169769812E-06   1   0 0  0 0  0 0  1 0
     8  0.4502405827860535E-04   1   0 0  0 0  0 0  0 1
     9  0.5306812438660778E-04   2   2 0  0 0  0 0  0 0
    10  0.2288675053898229E-03   2   1 1  0 0  0 0  0 0
    11  0.3141209209959668E-04   2   0 2  0 0  0 0  0 0
    12  0.1700303133350023E-03   2   1 0  1 0  0 0  0 0
    13  0.1635565494111216E-03   2   0 1  1 0  0 0  0 0
    14  -.7079833585988801E-05   2   0 0  2 0  0 0  0 0
    15  0.1474361656108839E-03   2   1 0  0 1  0 0  0 0
    16  0.6960372282122122E-04   2   0 1  0 1  0 0  0 0
    17  -.1631932693177138E-03   2   0 0  1 1  0 0  0 0
    18  -.1888010388685614E-04   2   0 0  0 2  0 0  0 0
    19  -.2547828155638910E-01   2   1 0  0 0  0 1  0 0
    20  0.1081420484922759       2   0 1  0 0  0 1  0 0
    21  0.1328372571465621E-06   2   0 0  1 0  0 1  0 0
    22  0.1542034658082291E-04   2   0 0  0 1  0 1  0 0
    23  -.2544399408582048E-01   2   1 0  0 0  0 0  1 0
    24  0.1079965160199733       2   0 1  0 0  0 0  1 0
    25  0.1326584910262909E-06   2   0 0  1 0  0 0  1 0
    26  0.1539959460513024E-04   2   0 0  0 1  0 0  1 0
    27  -.8460242480025235       2   1 0  0 0  0 0  0 1
    28  -.2161385645122489       2   0 1  0 0  0 0  0 1
    29  -.1262584730144992E-03   2   0 0  1 0  0 0  0 1
    30  -.3081994118595313E-04   2   0 0  0 1  0 0  0 1
    31  -.6106970557277461E-06   2   0 0  0 0  0 2  0 0
    32  -.3999412925243935E-06   2   0 0  0 0  0 1  1 0
    33  -.6096060973172329E-06   2   0 0  0 0  0 0  2 0
    34  0.1621332598252047E-05   2   0 0  0 0  0 1  0 1
    35  0.1619150685252063E-05   2   0 0  0 0  0 0  1 1
    36  -.1620240499719281E-05   2   0 0  0 0  0 0  0 2
    37  -.5998684178597100       3   3 0  0 0  0 0  0 0
    38  -.6564703870081628       3   2 1  0 0  0 0  0 0
    39  0.2459490112503884       3   1 2  0 0  0 0  0 0
    40  -.2151045556814712E-01   3   0 3  0 0  0 0  0 0
    41  0.3739543480875442E-03   3   2 0  1 0  0 0  0 0
    42  0.1905334107946878E-03   3   1 1  1 0  0 0  0 0
    43  0.2627971025871576E-04   3   0 2  1 0  0 0  0 0
    44  -2.621491437518949       3   1 0  2 0  0 0  0 0
    45  -.4666472377033384       3   0 1  2 0  0 0  0 0
    46  -.1033163501684745E-03   3   0 0  3 0  0 0  0 0
    47  0.8353038136878128E-04   3   2 0  0 1  0 0  0 0
    48  0.1727726732385395E-03   3   1 1  0 1  0 0  0 0
    49  0.2231555323068475E-04   3   0 2  0 1  0 0  0 0
    50  -1.645662807501864       3   1 0  1 1  0 0  0 0
    51  -.4565033388707114       3   0 1  1 1  0 0  0 0
    52  -.7307413576172218E-04   3   0 0  2 1  0 0  0 0
    53  -.6324374502797181       3   1 0  0 2  0 0  0 0
    54  -.2896557393075084       3   0 1  0 2  0 0  0 0
    55  -.1967289963284599E-04   3   0 0  1 2  0 0  0 0
    56  -.1729777260315164E-04   3   0 0  0 3  0 0  0 0
    57  -.1596762163687126E-04   3   2 0  0 0  0 1  0 0
    58  -.1245725552623941E-03   3   1 1  0 0  0 1  0 0
    59  -.3434572738043014E-04   3   0 2  0 0  0 1  0 0
    60  -.8384075240086444E-04   3   1 0  1 0  0 1  0 0
    61  -.1052888443521808E-03   3   0 1  1 0  0 1  0 0
    62  -.1056548783748019E-05   3   0 0  2 0  0 1  0 0
    63  -.8697558392137198E-04   3   1 0  0 1  0 1  0 0
    64  -.7542390649740353E-04   3   0 1  0 1  0 1  0 0
    65  0.6386595402157181E-04   3   0 0  1 1  0 1  0 0
    66  0.1635792847769883E-04   3   0 0  0 2  0 1  0 0
    67  -.1594613316420048E-04   3   2 0  0 0  0 0  1 0
    68  -.1244049113884229E-03   3   1 1  0 0  0 0  1 0
    69  -.3429950651917955E-04   3   0 2  0 0  0 0  1 0
    70  -.8372792346756192E-04   3   1 0  1 0  0 0  1 0
    71  -.1051471515875430E-03   3   0 1  1 0  0 0  1 0
    72  -.1055126930188266E-05   3   0 0  2 0  0 0  1 0
    73  -.8685853627954832E-04   3   1 0  0 1  0 0  1 0
    74  -.7532240455864504E-04   3   0 1  0 1  0 0  1 0
    75  0.6378000623054753E-04   3   0 0  1 1  0 0  1 0
    76  0.1633591474847596E-04   3   0 0  0 2  0 0  1 0
    77  0.8498187918767953E-04   3   2 0  0 0  0 0  0 1
    78  0.2489774666508168E-03   3   1 1  0 0  0 0  0 1
    79  0.3723314180001357E-04   3   0 2  0 0  0 0  0 1
    80  0.3375989892034290E-03   3   1 0  1 0  0 0  0 1
    81  0.2104359959397232E-03   3   0 1  1 0  0 0  0 1
    82  -.4968157872052559E-05   3   0 0  2 0  0 0  0 1
    83  0.1738341202009196E-03   3   1 0  0 1  0 0  0 1
    84  0.8114258823482788E-04   3   0 1  0 1  0 0  0 1
    85  -.1276459602521198E-03   3   0 0  1 1  0 0  0 1
    86  -.1381373933931791E-04   3   0 0  0 2  0 0  0 1
    87  0.1886382912087648E-01   3   1 0  0 0  0 2  0 0
    88  -.7914475146381332E-01   3   0 1  0 0  0 2  0 0
    89  -.1157858994607582E-06   3   0 0  1 0  0 2  0 0
    90  -.1155235595380686E-04   3   0 0  0 1  0 2  0 0
    91  0.1226713378689990E-01   3   1 0  0 0  0 1  1 0
    92  -.5022530870268299E-01   3   0 1  0 0  0 1  1 0
    93  -.1126931657637694E-06   3   0 0  1 0  0 1  1 0
    94  -.7712120855521490E-05   3   0 0  0 1  0 1  1 0
    95  0.1883018880340688E-01   3   1 0  0 0  0 0  2 0
    96  -.7900444676054856E-01   3   0 1  0 0  0 0  2 0
    97  -.1155542516783960E-06   3   0 0  1 0  0 0  2 0
    98  -.1153162003325813E-04   3   0 0  0 1  0 0  2 0
    99  -.4999479775928373E-01   3   1 0  0 0  0 1  0 1
   100  0.1003727758245283       3   0 1  0 0  0 1  0 1
   101  0.3682350466213652E-06   3   0 0  1 0  0 1  0 1
   102  0.1544384238396594E-04   3   0 0  0 1  0 1  0 1
   103  -.4992751711663253E-01   3   1 0  0 0  0 0  1 1
   104  0.1002376988732288       3   0 1  0 0  0 0  1 1
   105  0.3677394932499362E-06   3   0 0  1 0  0 0  1 1
   106  0.1542305878872871E-04   3   0 0  0 1  0 0  1 1
   107  0.4996115573041165E-01   3   1 0  0 0  0 0  0 2
   108  0.7764039259864363E-02   3   0 1  0 0  0 0  0 2
   109  -.3852092330110639E-06   3   0 0  1 0  0 0  0 2
   110  -.4236822772356066E-07   3   0 0  0 1  0 0  0 2
   111  0.5051251379161861E-06   3   0 0  0 0  0 3  0 0
   112  0.2941252985204661E-06   3   0 0  0 0  0 2  1 0
   113  0.2945498567345592E-06   3   0 0  0 0  0 1  2 0
   114  0.5039078344451681E-06   3   0 0  0 0  0 0  3 0
   115  -.1198807865331948E-05   3   0 0  0 0  0 2  0 1
   116  -.7774174237483568E-06   3   0 0  0 0  0 1  1 1
   117  -.1196671460292828E-05   3   0 0  0 0  0 0  2 1
   118  0.7768519320540518E-06   3   0 0  0 0  0 1  0 2
   119  0.7758064813356721E-06   3   0 0  0 0  0 0  1 2
   120  0.2252736210983737E-07   3   0 0  0 0  0 0  0 3
   121  -.1285533640894524E-03   4   4 0  0 0  0 0  0 0
   122  0.4063030912505607E-03   4   3 1  0 0  0 0  0 0
   123  0.3342499964138993E-03   4   2 2  0 0  0 0  0 0
   124  0.1451703866575757E-03   4   1 3  0 0  0 0  0 0
   125  0.2868117310281267E-04   4   0 4  0 0  0 0  0 0
   126  -.2444131717415297E-07   4   3 0  1 0  0 0  0 0
   127  0.2258835512318070E-03   4   2 1  1 0  0 0  0 0
   128  0.9298023290226027E-04   4   1 2  1 0  0 0  0 0
   129  0.1050121761840829E-04   4   0 3  1 0  0 0  0 0
   130  -.7299144509334855E-04   4   2 0  2 0  0 0  0 0
   131  0.1287718248983886E-02   4   1 1  2 0  0 0  0 0
   132  0.9581905582148668E-05   4   0 2  2 0  0 0  0 0
   133  -.6157181205870413E-07   4   1 0  3 0  0 0  0 0
   134  0.3294520904133857E-03   4   0 1  3 0  0 0  0 0
   135  0.1956173628452679E-03   4   0 0  4 0  0 0  0 0
   136  -.8953745962094534E-07   4   3 0  0 1  0 0  0 0
   137  0.2149512178739388E-04   4   2 1  0 1  0 0  0 0
   138  -.4575175408834112E-04   4   1 2  0 1  0 0  0 0
   139  -.1098009050370242E-04   4   0 3  0 1  0 0  0 0
   140  0.1300433043624445E-02   4   2 0  1 1  0 0  0 0
   141  0.1495971742967999E-02   4   1 1  1 1  0 0  0 0
   142  -.9079472114253398E-04   4   0 2  1 1  0 0  0 0
   143  0.6589237804886220E-03   4   1 0  2 1  0 0  0 0
   144  0.3555944762797389E-03   4   0 1  2 1  0 0  0 0
   145  0.3553248434991295E-03   4   0 0  3 1  0 0  0 0
   146  0.1790641274951027E-03   4   2 0  0 2  0 0  0 0
   147  0.6896006272089589E-03   4   1 1  0 2  0 0  0 0
   148  0.2131953449026990E-04   4   0 2  0 2  0 0  0 0
   149  0.1978922328161877E-03   4   1 0  1 2  0 0  0 0
   150  0.2092128038210641E-03   4   0 1  1 2  0 0  0 0
   151  0.1623512834760520E-03   4   0 0  2 2  0 0  0 0
   152  -.4166096855391221E-04   4   1 0  0 3  0 0  0 0
   153  0.5056179988884600E-05   4   0 1  0 3  0 0  0 0
   154  -.1029726334521671E-04   4   0 0  1 3  0 0  0 0
   155  -.4648230313209209E-04   4   0 0  0 4  0 0  0 0
   156  0.2064798107511535       4   3 0  0 0  0 1  0 0
   157  0.5833074270669516       4   2 1  0 0  0 1  0 0
   158  -.1509519074749365       4   1 2  0 0  0 1  0 0
   159  0.4148572382842432E-01   4   0 3  0 0  0 1  0 0
   160  -.2095190454505355E-03   4   2 0  1 0  0 1  0 0
   161  -.2058712475257971E-03   4   1 1  1 0  0 1  0 0
   162  -.4184734121575995E-04   4   0 2  1 0  0 1  0 0
   163   1.400655332716619       4   1 0  2 0  0 1  0 0
   164  0.5165718552827465       4   0 1  2 0  0 1  0 0
   165  0.4816866839583166E-04   4   0 0  3 0  0 1  0 0
   166  -.8528392693340390E-04   4   2 0  0 1  0 1  0 0
   167  -.1984200059141110E-03   4   1 1  0 1  0 1  0 0
   168  -.3732074567196507E-04   4   0 2  0 1  0 1  0 0
   169   1.646910877803153       4   1 0  1 1  0 1  0 0
   170  0.7005551342533047       4   0 1  1 1  0 1  0 0
   171  0.6940018632054565E-04   4   0 0  2 1  0 1  0 0
   172  0.7083913561833123       4   1 0  0 2  0 1  0 0
   173  0.4645480671604897       4   0 1  0 2  0 1  0 0
   174  0.2858733730528583E-04   4   0 0  1 2  0 1  0 0
   175  0.2685350299412294E-04   4   0 0  0 3  0 1  0 0
   176  0.2062019399528998       4   3 0  0 0  0 0  1 0
   177  0.5825224394219328       4   2 1  0 0  0 0  1 0
   178  -.1507487635119736       4   1 2  0 0  0 0  1 0
   179  0.4142989429645021E-01   4   0 3  0 0  0 0  1 0
   180  -.2092370845934594E-03   4   2 0  1 0  0 0  1 0
   181  -.2055941957032531E-03   4   1 1  1 0  0 0  1 0
   182  -.4179102503614863E-04   4   0 2  1 0  0 0  1 0
   183   1.398770396780450       4   1 0  2 0  0 0  1 0
   184  0.5158766772250952       4   0 1  2 0  0 0  1 0
   185  0.4810384527201527E-04   4   0 0  3 0  0 0  1 0
   186  -.8516915584382946E-04   4   2 0  0 1  0 0  1 0
   187  -.1981529816213630E-03   4   1 1  0 1  0 0  1 0
   188  -.3727052117130566E-04   4   0 2  0 1  0 0  1 0
   189   1.644694542760035       4   1 0  1 1  0 0  1 0
   190  0.6996123601696478       4   0 1  1 1  0 0  1 0
   191  0.6930679082051304E-04   4   0 0  2 1  0 0  1 0
   192  0.7074380364814914       4   1 0  0 2  0 0  1 0
   193  0.4639229002650977       4   0 1  0 2  0 0  1 0
   194  0.2854886581401498E-04   4   0 0  1 2  0 0  1 0
   195  0.2681736481535521E-04   4   0 0  0 3  0 0  1 0
   196  -1.012550168563763       4   3 0  0 0  0 0  0 1
   197  -1.165829866488884       4   2 1  0 0  0 0  0 1
   198  0.5575165973652232E-01   4   1 2  0 0  0 0  0 1
   199  -.3989470698858118E-01   4   0 3  0 0  0 0  0 1
   200  0.7927104781315394E-03   4   2 0  1 0  0 0  0 1
   201  0.4114654432290496E-03   4   1 1  1 0  0 0  0 1
   202  0.5735865599319251E-04   4   0 2  1 0  0 0  0 1
   203  -5.420917167016023       4   1 0  2 0  0 0  0 1
   204  -1.032448532507841       4   0 1  2 0  0 0  0 1
   205  -.1995888638363217E-03   4   0 0  3 0  0 0  0 1
   206  0.1704530827772338E-03   4   2 0  0 1  0 0  0 1
   207  0.2238003142969340E-03   4   1 1  0 1  0 0  0 1
   208  0.2996016038190124E-04   4   0 2  0 1  0 0  0 1
   209  -3.291605420563194       4   1 0  1 1  0 0  0 1
   210  -.9436641555522370       4   0 1  1 1  0 0  0 1
   211  -.1387069771410591E-03   4   0 0  2 1  0 0  0 1
   212  -.7833919423850833       4   1 0  0 2  0 0  0 1
   213  -.3491594888105726       4   0 1  0 2  0 0  0 1
   214  -.3746330348645381E-04   4   0 0  1 2  0 0  0 1
   215  -.1907532260317501E-04   4   0 0  0 3  0 0  0 1
   216  -.8360489420078749E-04   4   2 0  0 0  0 2  0 0
   217  0.1733900053110452E-03   4   1 1  0 0  0 2  0 0
   218  0.3608420911379747E-04   4   0 2  0 0  0 2  0 0
   219  -.8889575223632013E-04   4   1 0  1 0  0 2  0 0
   220  0.1107847665470956E-04   4   0 1  1 0  0 2  0 0
   221  -.7880831746404264E-04   4   0 0  2 0  0 2  0 0
   222  -.7802681996437900E-04   4   1 0  0 1  0 2  0 0
   223  -.2389475079168454E-04   4   0 1  0 1  0 2  0 0
   224  -.1805845957238570E-03   4   0 0  1 1  0 2  0 0
   225  -.1042557767769281E-03   4   0 0  0 2  0 2  0 0
   226  -.7981861945375871E-04   4   2 0  0 0  0 1  1 0
   227  0.1336685690992468E-03   4   1 1  0 0  0 1  1 0
   228  0.3165320324993844E-04   4   0 2  0 0  0 1  1 0
   229  -.1057898170856458E-03   4   1 0  1 0  0 1  1 0
   230  -.1601403113689331E-04   4   0 1  1 0  0 1  1 0
   231  -.7719681150316487E-04   4   0 0  2 0  0 1  1 0
   232  -.9453982544384665E-04   4   1 0  0 1  0 1  1 0
   233  -.3942163156896541E-04   4   0 1  0 1  0 1  1 0
   234  -.1771987143604927E-03   4   0 0  1 1  0 1  1 0
   235  -.1194444148778050E-03   4   0 0  0 2  0 1  1 0
   236  -.8343867460616438E-04   4   2 0  0 0  0 0  2 0
   237  0.1730667227831293E-03   4   1 1  0 0  0 0  2 0
   238  0.3601434999117713E-04   4   0 2  0 0  0 0  2 0
   239  -.8870493704740623E-04   4   1 0  1 0  0 0  2 0
   240  0.1107434322713256E-04   4   0 1  1 0  0 0  2 0
   241  -.7865031702912627E-04   4   0 0  2 0  0 0  2 0
   242  -.7785820152656052E-04   4   1 0  0 1  0 0  2 0
   243  -.2383606847524552E-04   4   0 1  0 1  0 0  2 0
   244  -.1802223406462390E-03   4   0 0  1 1  0 0  2 0
   245  -.1040351029337853E-03   4   0 0  0 2  0 0  2 0
   246  0.1560470927915012E-03   4   2 0  0 0  0 1  0 1
   247  -.1389407436239566E-03   4   1 1  0 0  0 1  0 1
   248  -.2933084160528315E-04   4   0 2  0 0  0 1  0 1
   249  0.1417864949635400E-03   4   1 0  1 0  0 1  0 1
   250  -.1614694735440981E-04   4   0 1  1 0  0 1  0 1
   251  0.1813462355681312E-03   4   0 0  2 0  0 1  0 1
   252  0.6254671942049912E-04   4   1 0  0 1  0 1  0 1
   253  0.1028326609175149E-04   4   0 1  0 1  0 1  0 1
   254  0.2777717147345525E-03   4   0 0  1 1  0 1  0 1
   255  0.1013072110694335E-03   4   0 0  0 2  0 1  0 1
   256  0.1558370919682671E-03   4   2 0  0 0  0 0  1 1
   257  -.1387537637192381E-03   4   1 1  0 0  0 0  1 1
   258  -.2929136954096548E-04   4   0 2  0 0  0 0  1 1
   259  0.1415956853807841E-03   4   1 0  1 0  0 0  1 1
   260  -.1612521755363949E-04   4   0 1  1 0  0 0  1 1
   261  0.1811021883508557E-03   4   0 0  2 0  0 0  1 1
   262  0.6246254699322768E-04   4   1 0  0 1  0 0  1 1
   263  0.1026942735687875E-04   4   0 1  0 1  0 0  1 1
   264  0.2773979026517901E-03   4   0 0  1 1  0 0  1 1
   265  0.1011708765992197E-03   4   0 0  0 2  0 0  1 1
   266  -.6502199788384608E-04   4   2 0  0 0  0 0  0 2
   267  -.5496107213300910E-04   4   1 1  0 0  0 0  0 2
   268  -.6783616851013944E-05   4   0 2  0 0  0 0  0 2
   269  0.8326039399648985E-08   4   1 0  1 0  0 0  0 2
   270  -.6276571079136174E-05   4   0 1  1 0  0 0  0 2
   271  -.1277929760374740E-03   4   0 0  2 0  0 0  0 2
   272  0.1811805416362200E-08   4   1 0  0 1  0 0  0 2
   273  -.5995688205490689E-06   4   0 1  0 1  0 0  0 2
   274  -.7074046726004017E-04   4   0 0  1 1  0 0  0 2
   275  -.8274317027654575E-05   4   0 0  0 2  0 0  0 2
   276  -.1555996835418117E-01   4   1 0  0 0  0 3  0 0
   277  0.6466931862947115E-01   4   0 1  0 0  0 3  0 0
   278  0.1280207208456100E-06   4   0 0  1 0  0 3  0 0
   279  0.9647575600683398E-05   4   0 0  0 1  0 3  0 0
   280  -.8956704979911564E-02   4   1 0  0 0  0 2  1 0
   281  0.3573797113766059E-01   4   0 1  0 0  0 2  1 0
   282  0.1404759532303839E-06   4   0 0  1 0  0 2  1 0
   283  0.5825598880816578E-05   4   0 0  0 1  0 2  1 0
   284  -.8969992251044225E-02   4   1 0  0 0  0 1  2 0
   285  0.3579619712448059E-01   4   0 1  0 0  0 1  2 0
   286  0.1404504629551873E-06   4   0 0  1 0  0 1  2 0
   287  0.5833287826747661E-05   4   0 0  0 1  0 1  2 0
   288  -.1552253991980029E-01   4   1 0  0 0  0 0  3 0
   289  0.6451476044939793E-01   4   0 1  0 0  0 0  3 0
   290  0.1276678988683711E-06   4   0 0  1 0  0 0  3 0
   291  0.9624186100689011E-05   4   0 0  0 1  0 0  3 0
   292  0.3677277301144737E-01   4   1 0  0 0  0 2  0 1
   293  -.7145640924716461E-01   4   0 1  0 0  0 2  0 1
   294  -.3864524609797323E-06   4   0 0  1 0  0 2  0 1
   295  -.1162061596970207E-04   4   0 0  0 1  0 2  0 1
   296  0.2358624487603989E-01   4   1 0  0 0  0 1  1 1
   297  -.4261768945632299E-01   4   0 1  0 0  0 1  1 1
   298  -.4046201758736522E-06   4   0 0  1 0  0 1  1 1
   299  -.7807651821652000E-05   4   0 0  0 1  0 1  1 1
   300  0.3670741531818283E-01   4   1 0  0 0  0 0  2 1
   301  -.7133157014023961E-01   4   0 1  0 0  0 0  2 1
   302  -.3856601320888825E-06   4   0 0  1 0  0 0  2 1
   303  -.1159972390754495E-04   4   0 0  0 1  0 0  2 1
   304  -.2356849610434473E-01   4   1 0  0 0  0 1  0 2
   305  -.7607527905195142E-02   4   0 1  0 0  0 1  0 2
   306  0.3890967977199781E-06   4   0 0  1 0  0 1  0 2
   307  0.6437499977200273E-07   4   0 0  0 1  0 1  0 2
   308  -.2353677873303220E-01   4   1 0  0 0  0 0  1 2
   309  -.7597290052670774E-02   4   0 1  0 0  0 0  1 2
   310  0.3885731695870899E-06   4   0 0  1 0  0 0  1 2
   311  0.6428836693119637E-07   4   0 0  0 1  0 0  1 2
   312  -.9519602976781064E-03   4   1 0  0 0  0 0  0 3
   313  -.1077535206208176E-03   4   0 1  0 0  0 0  0 3
   314  -.1308202445786233E-06   4   0 0  1 0  0 0  0 3
   315  -.1464230360628992E-07   4   0 0  0 1  0 0  0 3
   316  -.7575972601995819E-05   4   0 0  0 0  0 4  0 0
   317  -.4064074731516610E-05   4   0 0  0 0  0 3  1 0
   318  -.3597610096504751E-05   4   0 0  0 0  0 2  2 0
   319  -.4074123649861655E-05   4   0 0  0 0  0 1  3 0
   320  -.7552859387798954E-05   4   0 0  0 0  0 0  4 0
   321  0.8320818096831537E-05   4   0 0  0 0  0 3  0 1
   322  0.4500018829222387E-05   4   0 0  0 0  0 2  1 1
   323  0.4507709002465564E-05   4   0 0  0 0  0 1  2 1
   324  0.8300997577949603E-05   4   0 0  0 0  0 0  3 1
   325  0.3858417164641102E-06   4   0 0  0 0  0 2  0 2
   326  0.4607538246325936E-06   4   0 0  0 0  0 1  1 2
   327  0.3850124384748836E-06   4   0 0  0 0  0 0  2 2
   328  0.1745073060609638E-08   4   0 0  0 0  0 1  0 3
   329  0.1742724623527111E-08   4   0 0  0 0  0 0  1 3
   330  -.5649558492366937E-15   4   0 0  0 0  0 0  0 4
   ----------------------------------------------------
     I  COEFFICIENT            ORDER EXPONENTS
     1  -.4624960842418651E-04   0   0 0  0 0  0 0  0 0
     2  -.5537216675797613E-04   1   1 0  0 0  0 0  0 0
     3  -.1219371988103528E-04   1   0 1  0 0  0 0  0 0
     4   1.435655607956267       1   0 0  1 0  0 0  0 0
     5  0.7783863736489474       1   0 0  0 1  0 0  0 0
     6  0.4515263251406772E-05   1   0 0  0 0  0 1  0 0
     7  0.4509186822920091E-05   1   0 0  0 0  0 0  1 0
     8  -.9024450074277794E-05   1   0 0  0 0  0 0  0 1
     9  -.7022789186880209E-04   2   2 0  0 0  0 0  0 0
    10  0.3311042380682655E-04   2   1 1  0 0  0 0  0 0
    11  0.9421875305839008E-06   2   0 2  0 0  0 0  0 0
    12  0.2923275940335471E-03   2   1 0  1 0  0 0  0 0
    13  -.3978626753140440E-05   2   0 1  1 0  0 0  0 0
    14  0.5117564365102272E-04   2   0 0  2 0  0 0  0 0
    15  -.7946225025255691E-04   2   1 0  0 1  0 0  0 0
    16  -.1243292219529401E-04   2   0 1  0 1  0 0  0 0
    17  -.7729490993694106E-04   2   0 0  1 1  0 0  0 0
    18  -.2933149702897646E-04   2   0 0  0 2  0 0  0 0
    19  0.2773215728062949E-04   2   1 0  0 0  0 1  0 0
    20  0.1219761671207878E-04   2   0 1  0 0  0 1  0 0
    21  -.2274878261736975       2   0 0  1 0  0 1  0 0
    22  -.4380797383087749       2   0 0  0 1  0 1  0 0
    23  0.2769483665033251E-04   2   1 0  0 0  0 0  1 0
    24  0.1218120173436147E-04   2   0 1  0 0  0 0  1 0
    25  -.2271816837783626       2   0 0  1 0  0 0  1 0
    26  -.4374901912429423       2   0 0  0 1  0 0  1 0
    27  -.5542699393096193E-04   2   1 0  0 0  0 0  0 1
    28  -.1218509856559045E-04   2   0 1  0 0  0 0  0 1
    29  0.4546695099520591       2   0 0  1 0  0 0  0 1
    30  0.9718355590276960E-01   2   0 0  0 1  0 0  0 1
    31  -.3438771217983012E-05   2   0 0  0 0  0 2  0 0
    32  -.2365170706083679E-05   2   0 0  0 0  0 1  1 0
    33  -.3432552014124243E-05   2   0 0  0 0  0 0  2 0
    34  0.4727458900709525E-05   2   0 0  0 0  0 1  0 1
    35  0.4721096909318380E-05   2   0 0  0 0  0 0  1 1
    36  -.2120534755402028E-06   2   0 0  0 0  0 0  0 2
    37  0.2787558025257093E-04   3   3 0  0 0  0 0  0 0
    38  0.6952387661894661E-05   3   2 1  0 0  0 0  0 0
    39  -.2962951460889016E-04   3   1 2  0 0  0 0  0 0
    40  -.1336217174651604E-04   3   0 3  0 0  0 0  0 0
    41  -.6425854711299412       3   2 0  1 0  0 0  0 0
    42  -.8038044176641677       3   1 1  1 0  0 0  0 0
    43  0.3081144430388835       3   0 2  1 0  0 0  0 0
    44  -.1542292753752121E-03   3   1 0  2 0  0 0  0 0
    45  -.1567325819624492E-03   3   0 1  2 0  0 0  0 0
    46  0.5133924168285176E-04   3   0 0  3 0  0 0  0 0
    47  0.5228931758432308       3   2 0  0 1  0 0  0 0
    48  -.3082636046371320       3   1 1  0 1  0 0  0 0
    49  0.3988995497418482       3   0 2  0 1  0 0  0 0
    50  -.1827600518162497E-03   3   1 0  1 1  0 0  0 0
    51  -.1013020515830176E-03   3   0 1  1 1  0 0  0 0
    52   1.032479111976522       3   0 0  2 1  0 0  0 0
    53  -.1173724946257385E-03   3   1 0  0 2  0 0  0 0
    54  -.4020943424482542E-04   3   0 1  0 2  0 0  0 0
    55  0.9277949907430424       3   0 0  1 2  0 0  0 0
    56  0.5465722431268105       3   0 0  0 3  0 0  0 0
    57  0.4267061654209824E-04   3   2 0  0 0  0 1  0 0
    58  -.3706737092124403E-04   3   1 1  0 0  0 1  0 0
    59  -.2428198002911848E-05   3   0 2  0 0  0 1  0 0
    60  -.1867107800076681E-03   3   1 0  1 0  0 1  0 0
    61  -.1214898223400202E-04   3   0 1  1 0  0 1  0 0
    62  -.1569269428673504E-04   3   0 0  2 0  0 1  0 0
    63  0.7786477783384326E-04   3   1 0  0 1  0 1  0 0
    64  0.1574877093988729E-04   3   0 1  0 1  0 1  0 0
    65  0.9661526969873395E-04   3   0 0  1 1  0 1  0 0
    66  0.4778769600604916E-04   3   0 0  0 2  0 1  0 0
    67  0.4261319243735238E-04   3   2 0  0 0  0 0  1 0
    68  -.3701748740038283E-04   3   1 1  0 0  0 0  1 0
    69  -.2424930248476637E-05   3   0 2  0 0  0 0  1 0
    70  -.1864595134393078E-03   3   1 0  1 0  0 0  1 0
    71  -.1213263270627291E-04   3   0 1  1 0  0 0  1 0
    72  -.1567157579833520E-04   3   0 0  2 0  0 0  1 0
    73  0.7775999108547451E-04   3   1 0  0 1  0 0  1 0
    74  0.1572757698616996E-04   3   0 1  0 1  0 0  1 0
    75  0.9648524942209315E-04   3   0 0  1 1  0 0  1 0
    76  0.4772338557692078E-04   3   0 0  0 2  0 0  1 0
    77  -.8528380897943077E-04   3   2 0  0 0  0 0  0 1
    78  0.4097443451476605E-04   3   1 1  0 0  0 0  0 1
    79  0.2968753190235276E-05   3   0 2  0 0  0 0  0 1
    80  0.3731702934469751E-03   3   1 0  1 0  0 0  0 1
    81  0.2826024169341543E-04   3   0 1  1 0  0 0  0 1
    82  0.3136427008514505E-04   3   0 0  2 0  0 0  0 1
    83  -.7616251866676106E-04   3   1 0  0 1  0 0  0 1
    84  -.6610503535469770E-05   3   0 1  0 1  0 0  0 1
    85  -.1158056091837008E-03   3   0 0  1 1  0 0  0 1
    86  -.3684808752490387E-04   3   0 0  0 2  0 0  0 1
    87  -.2082176347875589E-04   3   1 0  0 0  0 2  0 0
    88  -.1222081458909860E-04   3   0 1  0 0  0 2  0 0
    89  0.1754155704600936       3   0 0  1 0  0 2  0 0
    90  0.3535070074255728       3   0 0  0 1  0 2  0 0
    91  -.1393178990982444E-04   3   1 0  0 0  0 1  1 0
    92  -.1222742731633442E-04   3   0 1  0 0  0 1  1 0
    93  0.1234830738720321       3   0 0  1 0  0 1  1 0
    94  0.2691611401531824       3   0 0  0 1  0 1  1 0
    95  -.2078436815762288E-04   3   1 0  0 0  0 0  2 0
    96  -.1219614084505425E-04   3   0 1  0 0  0 0  2 0
    97  0.1750964156017878       3   0 0  1 0  0 0  2 0
    98  0.3528501621665421       3   0 0  0 1  0 0  2 0
    99  0.2784741801229055E-04   3   1 0  0 0  0 1  0 1
   100  0.1221024148716692E-04   3   0 1  0 0  0 1  0 1
   101  -.2468264452865005       3   0 0  1 0  0 1  0 1
   102  -.1000157915649873       3   0 0  0 1  0 1  0 1
   103  0.2780994226953297E-04   3   1 0  0 0  0 0  1 1
   104  0.1219380951962224E-04   3   0 1  0 0  0 0  1 1
   105  -.2464942778889616       3   0 0  1 0  0 0  1 1
   106  -.9988119502628023E-01   3   0 0  0 1  0 0  1 1
   107  -.1183811922003285E-06   3   1 0  0 0  0 0  0 2
   108  -.1266610784525146E-07   3   0 1  0 0  0 0  0 2
   109  0.1932562547401226E-01   3   0 0  1 0  0 0  0 2
   110  0.2764945913724091E-02   3   0 0  0 1  0 0  0 2
   111  0.2901141985680288E-05   3   0 0  0 0  0 3  0 0
   112  0.1826605930437127E-05   3   0 0  0 0  0 2  1 0
   113  0.1828767139293954E-05   3   0 0  0 0  0 1  2 0
   114  0.2894058232973827E-05   3   0 0  0 0  0 0  3 0
   115  -.3652476383245770E-05   3   0 0  0 0  0 2  0 1
   116  -.2580378625799637E-05   3   0 0  0 0  0 1  1 1
   117  -.3645824776724767E-05   3   0 0  0 0  0 0  2 1
   118  0.2152059815141945E-06   3   0 0  0 0  0 1  0 2
   119  0.2149163674465850E-06   3   0 0  0 0  0 0  1 2
   120  -.2005132626795594E-08   3   0 0  0 0  0 0  0 3
   121  -.3156878087685730E-04   4   4 0  0 0  0 0  0 0
   122  0.3169788117208647E-04   4   3 1  0 0  0 0  0 0
   123  0.1341521352470398E-04   4   2 2  0 0  0 0  0 0
   124  0.4720650625158175E-05   4   1 3  0 0  0 0  0 0
   125  0.2271434046175963E-04   4   0 4  0 0  0 0  0 0
   126  -.2799013707163785E-03   4   3 0  1 0  0 0  0 0
   127  -.3932058989061998E-03   4   2 1  1 0  0 0  0 0
   128  0.2853225509288592E-04   4   1 2  1 0  0 0  0 0
   129  0.1531103438403130E-03   4   0 3  1 0  0 0  0 0
   130  -.3232385909068622E-03   4   2 0  2 0  0 0  0 0
   131  0.7990761583480757E-04   4   1 1  2 0  0 0  0 0
   132  0.2457391066582597E-03   4   0 2  2 0  0 0  0 0
   133  -.2378795564397531E-04   4   1 0  3 0  0 0  0 0
   134  -.2067783838325911E-03   4   0 1  3 0  0 0  0 0
   135  0.1242949205555396E-05   4   0 0  4 0  0 0  0 0
   136  0.1564119033612913E-03   4   3 0  0 1  0 0  0 0
   137  -.2950087084984129E-03   4   2 1  0 1  0 0  0 0
   138  -.2494713026936239E-03   4   1 2  0 1  0 0  0 0
   139  0.1041268705229660E-03   4   0 3  0 1  0 0  0 0
   140  -.9444261981842290E-05   4   2 0  1 1  0 0  0 0
   141  0.1058266224960287E-03   4   1 1  1 1  0 0  0 0
   142  0.1002452663566860E-03   4   0 2  1 1  0 0  0 0
   143  0.4097575159709247E-03   4   1 0  2 1  0 0  0 0
   144  -.2559869941958248E-03   4   0 1  2 1  0 0  0 0
   145  0.3221775595494583E-03   4   0 0  3 1  0 0  0 0
   146  0.1440225572518613E-04   4   2 0  0 2  0 0  0 0
   147  0.1311163838177477E-03   4   1 1  0 2  0 0  0 0
   148  0.1197475642908935E-03   4   0 2  0 2  0 0  0 0
   149  -.9001036933293261E-05   4   1 0  1 2  0 0  0 0
   150  -.9074825563746910E-05   4   0 1  1 2  0 0  0 0
   151  0.2361153328693319E-03   4   0 0  2 2  0 0  0 0
   152  -.2064576812783309E-03   4   1 0  0 3  0 0  0 0
   153  0.8823950339784697E-04   4   0 1  0 3  0 0  0 0
   154  0.5582549033517217E-04   4   0 0  1 3  0 0  0 0
   155  0.6761727762725217E-04   4   0 0  0 4  0 0  0 0
   156  -.1887135773168929E-04   4   3 0  0 0  0 1  0 0
   157  -.3471816851379619E-04   4   2 1  0 0  0 1  0 0
   158  0.3195862643633035E-04   4   1 2  0 0  0 1  0 0
   159  0.2525189922131323E-04   4   0 3  0 0  0 1  0 0
   160  0.5447560654878618       4   2 0  1 0  0 1  0 0
   161   1.173412259582752       4   1 1  1 0  0 1  0 0
   162  -.4102568772364988       4   0 2  1 0  0 1  0 0
   163  0.1630624614352768E-03   4   1 0  2 0  0 1  0 0
   164  0.2086233107070536E-03   4   0 1  2 0  0 1  0 0
   165  -.7611649185933718E-01   4   0 0  3 0  0 1  0 0
   166  -.5707382192311048       4   2 0  0 1  0 1  0 0
   167  0.5146169849218306       4   1 1  0 1  0 1  0 0
   168  -.6169351265233441       4   0 2  0 1  0 1  0 0
   169  0.2816726905923543E-03   4   1 0  1 1  0 1  0 0
   170  0.1900788274039247E-03   4   0 1  1 1  0 1  0 0
   171  -1.392342472512814       4   0 0  2 1  0 1  0 0
   172  0.1943592364065513E-03   4   1 0  0 2  0 1  0 0
   173  0.8645462923402954E-04   4   0 1  0 2  0 1  0 0
   174  -1.554713066281266       4   0 0  1 2  0 1  0 0
   175  -.9414285119746157       4   0 0  0 3  0 1  0 0
   176  -.1884596154783033E-04   4   3 0  0 0  0 0  1 0
   177  -.3467144643882083E-04   4   2 1  0 0  0 0  1 0
   178  0.3191561802303030E-04   4   1 2  0 0  0 0  1 0
   179  0.2521791640542195E-04   4   0 3  0 0  0 0  1 0
   180  0.5440229584483931       4   2 0  1 0  0 0  1 0
   181   1.171833136664809       4   1 1  1 0  0 0  1 0
   182  -.4097047728658515       4   0 2  1 0  0 0  1 0
   183  0.1628430196595442E-03   4   1 0  2 0  0 0  1 0
   184  0.2083425552875799E-03   4   0 1  2 0  0 0  1 0
   185  -.7601405787183516E-01   4   0 0  3 0  0 0  1 0
   186  -.5699701466336240       4   2 0  0 1  0 0  1 0
   187  0.5139244376365805       4   1 1  0 1  0 0  1 0
   188  -.6161048843052138       4   0 2  0 1  0 0  1 0
   189  0.2812936287601289E-03   4   1 0  1 1  0 0  1 0
   190  0.1898230282761091E-03   4   0 1  1 1  0 0  1 0
   191  -1.390468723632131       4   0 0  2 1  0 0  1 0
   192  0.1940976769060289E-03   4   1 0  0 2  0 0  1 0
   193  0.8633828266847227E-04   4   0 1  0 2  0 0  1 0
   194  -1.552620806707753       4   0 0  1 2  0 0  1 0
   195  -.9401615818511908       4   0 0  0 3  0 0  1 0
   196  0.3771731927951964E-04   4   3 0  0 0  0 0  0 1
   197  0.6243722729072223E-04   4   2 1  0 0  0 0  0 1
   198  -.4615215241580431E-05   4   1 2  0 0  0 0  0 1
   199  -.1038330038713848E-04   4   0 3  0 0  0 0  0 1
   200  -1.088779023936255       4   2 0  1 0  0 0  0 1
   201  -1.541440978583389       4   1 1  1 0  0 0  0 1
   202  0.2037327640245830       4   0 2  1 0  0 0  0 1
   203  -.3259054810948197E-03   4   1 0  2 0  0 0  0 1
   204  -.2602332840321835E-03   4   0 1  2 0  0 0  0 1
   205  0.1521305497311664       4   0 0  3 0  0 0  0 1
   206  0.6178151900214968       4   2 0  0 1  0 0  0 1
   207  -.4120142132841455       4   1 1  0 1  0 0  0 1
   208  0.3634136160301468E-01   4   0 2  0 1  0 0  0 1
   209  -.3802062675362318E-03   4   1 0  1 1  0 0  0 1
   210  -.1772977525139971E-03   4   0 1  1 1  0 0  0 1
   211   1.750332084168413       4   0 0  2 1  0 0  0 1
   212  -.1537119240611022E-03   4   1 0  0 2  0 0  0 1
   213  -.5216460916802532E-04   4   0 1  0 2  0 0  0 1
   214   1.251743891502922       4   0 0  1 2  0 0  0 1
   215  0.2418733644453740       4   0 0  0 3  0 0  0 1
   216  0.2056615206487162E-04   4   2 0  0 0  0 2  0 0
   217  0.2523888888301233E-04   4   1 1  0 0  0 2  0 0
   218  0.5431226886542617E-04   4   0 2  0 0  0 2  0 0
   219  0.2826048378709273E-04   4   1 0  1 0  0 2  0 0
   220  0.1612888821124425E-03   4   0 1  1 0  0 2  0 0
   221  0.1006697635930504E-03   4   0 0  2 0  0 2  0 0
   222  -.1082374536276619E-03   4   1 0  0 1  0 2  0 0
   223  0.1570212565942646E-03   4   0 1  0 1  0 2  0 0
   224  0.3458361047268299E-04   4   0 0  1 1  0 2  0 0
   225  0.9506968870792873E-04   4   0 0  0 2  0 2  0 0
   226  0.2789801848671145E-04   4   2 0  0 0  0 1  1 0
   227  0.2253587623270685E-04   4   1 1  0 0  0 1  1 0
   228  0.6633343923877989E-04   4   0 2  0 0  0 1  1 0
   229  -.7198122188325456E-05   4   1 0  1 0  0 1  1 0
   230  0.1920894681623856E-03   4   0 1  1 0  0 1  1 0
   231  0.1026303414830814E-03   4   0 0  2 0  0 1  1 0
   232  -.1168087174736304E-03   4   1 0  0 1  0 1  1 0
   233  0.1914316747875238E-03   4   0 1  0 1  0 1  1 0
   234  0.5904741856195916E-04   4   0 0  1 1  0 1  1 0
   235  0.1177073472054967E-03   4   0 0  0 2  0 1  1 0
   236  0.2051970318743199E-04   4   2 0  0 0  0 0  2 0
   237  0.2518975971573371E-04   4   1 1  0 0  0 0  2 0
   238  0.5419454376546959E-04   4   0 2  0 0  0 0  2 0
   239  0.2822729560667932E-04   4   1 0  1 0  0 0  2 0
   240  0.1609425746594875E-03   4   0 1  1 0  0 0  2 0
   241  0.1004652294312464E-03   4   0 0  2 0  0 0  2 0
   242  -.1080131949301460E-03   4   1 0  0 1  0 0  2 0
   243  0.1566811349242685E-03   4   0 1  0 1  0 0  2 0
   244  0.3449733786308558E-04   4   0 0  1 1  0 0  2 0
   245  0.9486254590112148E-04   4   0 0  0 2  0 0  2 0
   246  0.4348950837816777E-05   4   2 0  0 0  0 1  0 1
   247  -.1956252313228473E-04   4   1 1  0 0  0 1  0 1
   248  -.1461248443844638E-04   4   0 2  0 0  0 1  0 1
   249  -.8968481498510974E-05   4   1 0  1 0  0 1  0 1
   250  -.1478485736873341E-03   4   0 1  1 0  0 1  0 1
   251  -.9110916643581948E-04   4   0 0  2 0  0 1  0 1
   252  0.1355202202330637E-03   4   1 0  0 1  0 1  0 1
   253  -.2761776300687889E-04   4   0 1  0 1  0 1  0 1
   254  0.3650783258134924E-04   4   0 0  1 1  0 1  0 1
   255  0.2549882957901950E-04   4   0 0  0 2  0 1  0 1
   256  0.4343098224738238E-05   4   2 0  0 0  0 0  1 1
   257  -.1953619681060309E-04   4   1 1  0 0  0 0  1 1
   258  -.1459281964555166E-04   4   0 2  0 0  0 0  1 1
   259  -.8956412138780098E-05   4   1 0  1 0  0 0  1 1
   260  -.1476496060447276E-03   4   0 1  1 0  0 0  1 1
   261  -.9098655601345641E-04   4   0 0  2 0  0 0  1 1
   262  0.1353378435075208E-03   4   1 0  0 1  0 0  1 1
   263  -.2758059632300434E-04   4   0 1  0 1  0 0  1 1
   264  0.3645870206081588E-04   4   0 0  1 1  0 0  1 1
   265  0.2546451445589029E-04   4   0 0  0 2  0 0  1 1
   266  -.1885291916265835E-04   4   2 0  0 0  0 0  0 2
   267  -.5942436074260428E-05   4   1 1  0 0  0 0  0 2
   268  -.1106698086273223E-06   4   0 2  0 0  0 0  0 2
   269  -.5429800367358437E-04   4   1 0  1 0  0 0  0 2
   270  0.4269720142111020E-05   4   0 1  1 0  0 0  0 2
   271  -.2915816615727131E-04   4   0 0  2 0  0 0  0 2
   272  -.2694204188103380E-04   4   1 0  0 1  0 0  0 2
   273  -.2825404531907510E-05   4   0 1  0 1  0 0  0 2
   274  -.4225523394871315E-04   4   0 0  1 1  0 0  0 2
   275  -.8088536022245170E-05   4   0 0  0 2  0 0  0 2
   276  0.1737642001938542E-04   4   1 0  0 0  0 3  0 0
   277  0.1220844966009566E-04   4   0 1  0 0  0 3  0 0
   278  -.1494362875784110       4   0 0  1 0  0 3  0 0
   279  -.3115994977715498       4   0 0  0 1  0 3  0 0
   280  0.1048918190202745E-04   4   1 0  0 0  0 2  1 0
   281  0.1219899352146152E-04   4   0 1  0 0  0 2  1 0
   282  -.9751269949273794E-01   4   0 0  1 0  0 2  1 0
   283  -.2278401337739951       4   0 0  0 1  0 2  1 0
   284  0.1050303747836968E-04   4   1 0  0 0  0 1  2 0
   285  0.1219897944470234E-04   4   0 1  0 0  0 1  2 0
   286  -.9761710801433511E-01   4   0 0  1 0  0 1  2 0
   287  -.2280083663971585       4   0 0  0 1  0 1  2 0
   288  0.1733429506473863E-04   4   1 0  0 0  0 0  3 0
   289  0.1217560797189365E-04   4   0 1  0 0  0 0  3 0
   290  -.1490691055933584       4   0 0  1 0  0 0  3 0
   291  -.3108173923307592       4   0 0  0 1  0 0  3 0
   292  -.2097143531961136E-04   4   1 0  0 0  0 2  0 1
   293  -.1222132313053824E-04   4   0 1  0 0  0 2  0 1
   294  0.1949903652501574       4   0 0  1 0  0 2  0 1
   295  0.1021174971191543       4   0 0  0 1  0 2  0 1
   296  -.1411390894061130E-04   4   1 0  0 0  0 1  1 1
   297  -.1223235283447841E-04   4   0 1  0 0  0 1  1 1
   298  0.1432933553057112       4   0 0  1 0  0 1  1 1
   299  0.1042133647870733       4   0 0  0 1  0 1  1 1
   300  -.2093371603356437E-04   4   1 0  0 0  0 0  2 1
   301  -.1219664538793144E-04   4   0 1  0 0  0 0  2 1
   302  0.1946315376839876       4   0 0  1 0  0 0  2 1
   303  0.1019099494867004       4   0 0  0 1  0 0  2 1
   304  0.1788076339750932E-06   4   1 0  0 0  0 1  0 2
   305  0.2544857946441014E-07   4   0 1  0 0  0 1  0 2
   306  -.1981057784055282E-01   4   0 0  1 0  0 1  0 2
   307  -.4200484887802711E-02   4   0 0  0 1  0 1  0 2
   308  0.1785670030881872E-06   4   1 0  0 0  0 0  1 2
   309  0.2541433196551749E-07   4   0 1  0 0  0 0  1 2
   310  -.1978391769853503E-01   4   0 0  1 0  0 0  1 2
   311  -.4194832073202737E-02   4   0 0  0 1  0 0  1 2
   312  -.4020408413728223E-07   4   1 0  0 0  0 0  0 3
   313  -.4288195908216073E-08   4   0 1  0 0  0 0  0 3
   314  0.3144148636877876E-03   4   0 0  1 0  0 0  0 3
   315  0.3349307327779524E-04   4   0 0  0 1  0 0  0 3
   316  0.1080144358281193E-04   4   0 0  0 0  0 4  0 0
   317  0.6727113539209630E-05   4   0 0  0 0  0 3  1 0
   318  0.6185570484560252E-05   4   0 0  0 0  0 2  2 0
   319  0.6738763189536134E-05   4   0 0  0 0  0 1  3 0
   320  0.1076786360755517E-04   4   0 0  0 0  0 0  4 0
   321  -.4036098223224374E-06   4   0 0  0 0  0 3  0 1
   322  -.7276463705755364E-06   4   0 0  0 0  0 2  1 1
   323  -.7269911644634618E-06   4   0 0  0 0  0 1  2 1
   324  -.4023061270018149E-06   4   0 0  0 0  0 0  3 1
   325  -.4970666513553158E-07   4   0 0  0 0  0 2  0 2
   326  -.6008248084513839E-07   4   0 0  0 0  0 1  1 2
   327  -.4959934416261793E-07   4   0 0  0 0  0 0  2 2
   328  0.8229007055474131E-09   4   0 0  0 0  0 1  0 3
   329  0.8217932845598543E-09   4   0 0  0 0  0 0  1 3
   ----------------------------------------------------
     I  COEFFICIENT            ORDER EXPONENTS
     1  -.2315253864029518E-04   0   0 0  0 0  0 0  0 0
     2  -.1259926488347545E-03   1   1 0  0 0  0 0  0 0
     3  -.3081594767439607E-04   1   0 1  0 0  0 0  0 0
     4   1.002709786023481       1   0 0  1 0  0 0  0 0
     5   1.240196899642785       1   0 0  0 1  0 0  0 0
     6  0.3305136037521881E-06   1   0 0  0 0  0 1  0 0
     7  0.3300688141208548E-06   1   0 0  0 0  0 0  1 0
     8  -.2381312105799939E-04   1   0 0  0 0  0 0  0 1
     9  -.3197092688523170E-04   2   2 0  0 0  0 0  0 0
    10  0.1256374193808387E-03   2   1 1  0 0  0 0  0 0
    11  0.1982188147648925E-04   2   0 2  0 0  0 0  0 0
    12  0.3348862409671398E-03   2   1 0  1 0  0 0  0 0
    13  -.1268716285485718E-03   2   0 1  1 0  0 0  0 0
    14  0.4159921876960578E-04   2   0 0  2 0  0 0  0 0
    15  -.1264587702833462E-03   2   1 0  0 1  0 0  0 0
    16  -.7403310013406104E-04   2   0 1  0 1  0 0  0 0
    17  -.9729435840352246E-04   2   0 0  1 1  0 0  0 0
    18  -.1347715234901664E-04   2   0 0  0 2  0 0  0 0
    19  0.1324636116637256E-06   2   1 0  0 0  0 1  0 0
    20  0.1542050712889786E-04   2   0 1  0 0  0 1  0 0
    21  -.2745773623965562E-01   2   0 0  1 0  0 1  0 0
    22  -.1243403156449022       2   0 0  0 1  0 1  0 0
    23  0.1322853483779415E-06   2   1 0  0 0  0 0  1 0
    24  0.1539975493714715E-04   2   0 1  0 0  0 0  1 0
    25  -.2742078491226248E-01   2   0 0  1 0  0 0  1 0
    26  -.1241729843080635       2   0 0  0 1  0 0  1 0
    27  -.1262573977947961E-03   2   1 0  0 0  0 0  0 1
    28  -.3082026206604492E-04   2   0 1  0 0  0 0  0 1
    29   1.057588307175398       2   0 0  1 0  0 0  0 1
    30  0.2485132999529652       2   0 0  0 1  0 0  0 1
    31  -.2496100534372880E-06   2   0 0  0 0  0 2  0 0
    32  -.1689244050327019E-06   2   0 0  0 0  0 1  1 0
    33  -.2491604746899393E-06   2   0 0  0 0  0 0  2 0
    34  0.6681469658480997E-06   2   0 0  0 0  0 1  0 1
    35  0.6672478051501633E-06   2   0 0  0 0  0 0  1 1
    36  -.6676979565380995E-06   2   0 0  0 0  0 0  0 2
    37  0.1058822967655880E-03   3   3 0  0 0  0 0  0 0
    38  0.8112705189977037E-04   3   2 1  0 0  0 0  0 0
    39  0.2208893385819228E-04   3   1 2  0 0  0 0  0 0
    40  -.1327171567296254E-04   3   0 3  0 0  0 0  0 0
    41  -2.196169198263005       3   2 0  1 0  0 0  0 0
    42  -1.609080318002491       3   1 1  1 0  0 0  0 0
    43  0.3060733536422736       3   0 2  1 0  0 0  0 0
    44  -.2533490380643554E-03   3   1 0  2 0  0 0  0 0
    45  -.7060972477335826E-04   3   0 1  2 0  0 0  0 0
    46  -1.065326485494185       3   0 0  3 0  0 0  0 0
    47  -.2704168802243575       3   2 0  0 1  0 0  0 0
    48  -.3933459037017202       3   1 1  0 1  0 0  0 0
    49  0.1783862595462757       3   0 2  0 1  0 0  0 0
    50  -.1176688071885824E-03   3   1 0  1 1  0 0  0 0
    51  0.8944349750163812E-04   3   0 1  1 1  0 0  0 0
    52  -1.011817071792913       3   0 0  2 1  0 0  0 0
    53  -.1545769911942717E-04   3   1 0  0 2  0 0  0 0
    54  0.1016018042503468E-04   3   0 1  0 2  0 0  0 0
    55  -.7924970474801911       3   0 0  1 2  0 0  0 0
    56  -.2864134242572718E-01   3   0 0  0 3  0 0  0 0
    57  0.1833672444750295E-04   3   2 0  0 0  0 1  0 0
    58  -.6536972101884869E-04   3   1 1  0 0  0 1  0 0
    59  -.2076535659425508E-04   3   0 2  0 0  0 1  0 0
    60  -.1639072141057414E-03   3   1 0  1 0  0 1  0 0
    61  0.2766340353275399E-04   3   0 1  1 0  0 1  0 0
    62  -.2768187287325807E-04   3   0 0  2 0  0 1  0 0
    63  0.3141921187351470E-04   3   1 0  0 1  0 1  0 0
    64  0.6336772188209195E-04   3   0 1  0 1  0 1  0 0
    65  0.3411477598628932E-04   3   0 0  1 1  0 1  0 0
    66  0.1081839332975406E-04   3   0 0  0 2  0 1  0 0
    67  0.1831204774792136E-04   3   2 0  0 0  0 0  1 0
    68  -.6528174952906947E-04   3   1 1  0 0  0 0  1 0
    69  -.2073741155598801E-04   3   0 2  0 0  0 0  1 0
    70  -.1636866355016769E-03   3   1 0  1 0  0 0  1 0
    71  0.2762617542801098E-04   3   0 1  1 0  0 0  1 0
    72  -.2764461991334690E-04   3   0 0  2 0  0 0  1 0
    73  0.3137692937891202E-04   3   1 0  0 1  0 0  1 0
    74  0.6328244458840001E-04   3   0 1  0 1  0 0  1 0
    75  0.3406886592854042E-04   3   0 0  1 1  0 0  1 0
    76  0.1080383444586408E-04   3   0 0  0 2  0 0  1 0
    77  -.6861969908065579E-04   3   2 0  0 0  0 0  0 1
    78  0.1306514705479180E-03   3   1 1  0 0  0 0  0 1
    79  0.2168088667375368E-04   3   0 2  0 0  0 0  0 1
    80  0.6624800905745567E-03   3   1 0  1 0  0 0  0 1
    81  -.5528957896076472E-04   3   0 1  1 0  0 0  0 1
    82  0.9692571155621057E-04   3   0 0  2 0  0 0  0 1
    83  -.6279614125242682E-04   3   1 0  0 1  0 0  0 1
    84  -.5261706633643109E-04   3   0 1  0 1  0 0  0 1
    85  -.6818364191482785E-04   3   0 0  1 1  0 0  0 1
    86  -.8145075426601123E-05   3   0 0  0 2  0 0  0 1
    87  -.1200010963483307E-06   3   1 0  0 0  0 2  0 0
    88  -.1158370067951720E-04   3   0 1  0 0  0 2  0 0
    89  0.2084339414559512E-01   3   0 0  1 0  0 2  0 0
    90  0.9534464466744456E-01   3   0 0  0 1  0 2  0 0
    91  -.1178398695608559E-06   3   1 0  0 0  0 1  1 0
    92  -.7749059271712326E-05   3   0 1  0 0  0 1  1 0
    93  0.1424680532627973E-01   3   0 0  1 0  0 1  1 0
    94  0.6642679497363337E-01   3   0 0  0 1  0 1  1 0
    95  -.1197603128568972E-06   3   1 0  0 0  0 0  2 0
    96  -.1156289772166064E-04   3   0 1  0 0  0 0  2 0
    97  0.2080575774847996E-01   3   0 0  1 0  0 0  2 0
    98  0.9517163731304448E-01   3   0 0  0 1  0 0  2 0
    99  0.3766800667827627E-06   3   1 0  0 0  0 1  0 1
   100  0.1547012800917819E-04   3   0 1  0 0  0 1  0 1
   101  -.5593360136673128E-01   3   0 0  1 0  0 1  0 1
   102  -.1327757850208512       3   0 0  0 1  0 1  0 1
   103  0.3761731485012099E-06   3   1 0  0 0  0 0  1 1
   104  0.1544930903998531E-04   3   0 1  0 0  0 0  1 1
   105  -.5585832856207148E-01   3   0 0  1 0  0 0  1 1
   106  -.1325971016268762       3   0 0  0 1  0 0  1 1
   107  -.3893010019715184E-06   3   1 0  0 0  0 0  0 2
   108  -.4290010766723087E-07   3   0 1  0 0  0 0  0 2
   109  0.5589596365711468E-01   3   0 0  1 0  0 0  0 2
   110  0.8429795870072983E-02   3   0 0  0 1  0 0  0 2
   111  0.2091920125153430E-06   3   0 0  0 0  0 3  0 0
   112  0.1284093014137903E-06   3   0 0  0 0  0 2  1 0
   113  0.1285718035381935E-06   3   0 0  0 0  0 1  2 0
   114  0.2086834443507052E-06   3   0 0  0 0  0 0  3 0
   115  -.5063714329975768E-06   3   0 0  0 0  0 2  0 1
   116  -.3450301099059062E-06   3   0 0  0 0  0 1  1 1
   117  -.5054578195725228E-06   3   0 0  0 0  0 0  2 1
   118  0.3448120158070602E-06   3   0 0  0 0  0 1  0 2
   119  0.3443479840466219E-06   3   0 0  0 0  0 0  1 2
   120  -.7154014438515790E-08   3   0 0  0 0  0 0  0 3
   121  -.7778018535286396E-04   4   4 0  0 0  0 0  0 0
   122  0.1961939900654612E-04   4   3 1  0 0  0 0  0 0
   123  0.4223843938168083E-04   4   2 2  0 0  0 0  0 0
   124  -.1334491792123004E-04   4   1 3  0 0  0 0  0 0
   125  0.2256027748350276E-04   4   0 4  0 0  0 0  0 0
   126  -.1478802358482781E-07   4   3 0  1 0  0 0  0 0
   127  0.9121589763484736E-03   4   2 1  1 0  0 0  0 0
   128  0.2977997957387531E-03   4   1 2  1 0  0 0  0 0
   129  0.1274852636851608E-03   4   0 3  1 0  0 0  0 0
   130  -.4416289039766847E-04   4   2 0  2 0  0 0  0 0
   131  0.1001764324732968E-02   4   1 1  2 0  0 0  0 0
   132  0.1457344919932512E-03   4   0 2  2 0  0 0  0 0
   133  -.3725353271254245E-07   4   1 0  3 0  0 0  0 0
   134  0.4741776832496710E-07   4   0 1  3 0  0 0  0 0
   135  0.1183567217249648E-03   4   0 0  4 0  0 0  0 0
   136  0.4561243880664802E-03   4   3 0  0 1  0 0  0 0
   137  0.4900858690769599E-03   4   2 1  0 1  0 0  0 0
   138  -.6283725833262409E-04   4   1 2  0 1  0 0  0 0
   139  0.1068566238801256E-04   4   0 3  0 1  0 0  0 0
   140  0.4040763993130836E-03   4   2 0  1 1  0 0  0 0
   141  0.8410929866514080E-03   4   1 1  1 1  0 0  0 0
   142  -.1828389222417182E-03   4   0 2  1 1  0 0  0 0
   143  0.6638540900201004E-03   4   1 0  2 1  0 0  0 0
   144  0.6347961805440624E-04   4   0 1  2 1  0 0  0 0
   145  0.6165815243205536E-03   4   0 0  3 1  0 0  0 0
   146  -.4542052305729800E-04   4   2 0  0 2  0 0  0 0
   147  0.1701282064641340E-03   4   1 1  0 2  0 0  0 0
   148  0.3657083390114591E-05   4   0 2  0 2  0 0  0 0
   149  0.2968100838607901E-03   4   1 0  1 2  0 0  0 0
   150  0.1357035198920815E-03   4   0 1  1 2  0 0  0 0
   151  0.3600806828349215E-03   4   0 0  2 2  0 0  0 0
   152  0.4099690163882414E-04   4   1 0  0 3  0 0  0 0
   153  0.2468266500360958E-04   4   0 1  0 3  0 0  0 0
   154  -.9593324942900115E-05   4   0 0  1 3  0 0  0 0
   155  -.1807689218225803E-04   4   0 0  0 4  0 0  0 0
   156  -.5113912028877930E-04   4   3 0  0 0  0 1  0 0
   157  -.8171394456388312E-04   4   2 1  0 0  0 1  0 0
   158  -.3348157346581018E-04   4   1 2  0 0  0 1  0 0
   159  0.1882298602644134E-04   4   0 3  0 0  0 1  0 0
   160  0.9773889214151926       4   2 0  1 0  0 1  0 0
   161   1.592782935598232       4   1 1  1 0  0 1  0 0
   162  -.2203551816055011       4   0 2  1 0  0 1  0 0
   163  0.8823680697453406E-04   4   1 0  2 0  0 1  0 0
   164  0.6576549969913966E-04   4   0 1  2 0  0 1  0 0
   165  0.6753791092285594       4   0 0  3 0  0 1  0 0
   166  0.2223517500004367       4   2 0  0 1  0 1  0 0
   167  0.5742969189007813       4   1 1  0 1  0 1  0 0
   168  -.2420320906107389       4   0 2  0 1  0 1  0 0
   169  0.9614154532011220E-04   4   1 0  1 1  0 1  0 0
   170  -.7450184732011102E-04   4   0 1  1 1  0 1  0 0
   171   1.118504903634082       4   0 0  2 1  0 1  0 0
   172  0.2018529193530505E-04   4   1 0  0 2  0 1  0 0
   173  -.1311690450160505E-04   4   0 1  0 2  0 1  0 0
   174  0.9782000832929186       4   0 0  1 2  0 1  0 0
   175  0.5934541592427937E-01   4   0 0  0 3  0 1  0 0
   176  -.5107029967079797E-04   4   3 0  0 0  0 0  1 0
   177  -.8160397778833362E-04   4   2 1  0 0  0 0  1 0
   178  -.3343651554217160E-04   4   1 2  0 0  0 0  1 0
   179  0.1879765493894348E-04   4   0 3  0 0  0 0  1 0
   180  0.9760735974674959       4   2 0  1 0  0 0  1 0
   181   1.590639443388763       4   1 1  1 0  0 0  1 0
   182  -.2200586379870773       4   0 2  1 0  0 0  1 0
   183  0.8811806203816399E-04   4   1 0  2 0  0 0  1 0
   184  0.6567699558906509E-04   4   0 1  2 0  0 0  1 0
   185  0.6744702158528768       4   0 0  3 0  0 0  1 0
   186  0.2220525194943609       4   2 0  0 1  0 0  1 0
   187  0.5735240571729983       4   1 1  0 1  0 0  1 0
   188  -.2417063752297713       4   0 2  0 1  0 0  1 0
   189  0.9601216255941476E-04   4   1 0  1 1  0 0  1 0
   190  -.7440158624513827E-04   4   0 1  1 1  0 0  1 0
   191   1.116999672448084       4   0 0  2 1  0 0  1 0
   192  0.2015812752071852E-04   4   1 0  0 2  0 0  1 0
   193  -.1309925238970503E-04   4   0 1  0 2  0 0  1 0
   194  0.9768836677217978       4   0 0  1 2  0 0  1 0
   195  0.5926555166038082E-01   4   0 0  0 3  0 0  1 0
   196  0.2080917167251650E-03   4   3 0  0 0  0 0  0 1
   197  0.1633179223522165E-03   4   2 1  0 0  0 0  0 1
   198  0.4482915514978951E-04   4   1 2  0 0  0 0  0 1
   199  -.1107720961945984E-04   4   0 3  0 0  0 0  0 1
   200  -4.149631717145691       4   2 0  1 0  0 0  0 1
   201  -3.183422378986987       4   1 1  1 0  0 0  0 1
   202  0.1343404659503044       4   0 2  1 0  0 0  0 1
   203  -.4297039070770527E-03   4   1 0  2 0  0 0  0 1
   204  -.1314424952882044E-03   4   0 1  2 0  0 0  0 1
   205  -2.415175810575622       4   0 0  3 0  0 0  0 1
   206  -.4444042694947993       4   2 0  0 1  0 0  0 1
   207  -.7544750723720565       4   1 1  0 1  0 0  0 1
   208  0.1269659467479596       4   0 2  0 1  0 0  0 1
   209  -.1921537078795269E-03   4   1 0  1 1  0 0  0 1
   210  0.5945993606361200E-04   4   0 1  1 1  0 0  0 1
   211  -2.235504576082166       4   0 0  2 1  0 0  0 1
   212  -.2488572033659564E-04   4   1 0  0 2  0 0  0 1
   213  0.5895796041240863E-05   4   0 1  0 2  0 0  0 1
   214  -1.162586703534534       4   0 0  1 2  0 0  0 1
   215  -.6132828273320844E-01   4   0 0  0 3  0 0  0 1
   216  -.1789237188325888E-04   4   2 0  0 0  0 2  0 0
   217  -.8301726939218257E-05   4   1 1  0 0  0 2  0 0
   218  0.4461839691417210E-04   4   0 2  0 0  0 2  0 0
   219  -.1551256096738672E-03   4   1 0  1 0  0 2  0 0
   220  0.1152343770971649E-03   4   0 1  1 0  0 2  0 0
   221  -.8773859519008917E-04   4   0 0  2 0  0 2  0 0
   222  -.1209940196259078E-03   4   1 0  0 1  0 2  0 0
   223  0.2755999877189376E-04   4   0 1  0 1  0 2  0 0
   224  -.2434614939551661E-03   4   0 0  1 1  0 2  0 0
   225  -.4393609165690516E-04   4   0 0  0 2  0 2  0 0
   226  -.9584408445299282E-05   4   2 0  0 0  0 1  1 0
   227  -.3235484447103921E-04   4   1 1  0 0  0 1  1 0
   228  0.4881150870941748E-04   4   0 2  0 0  0 1  1 0
   229  -.1865662913650213E-03   4   1 0  1 0  0 1  1 0
   230  0.1347929403400915E-03   4   0 1  1 0  0 1  1 0
   231  -.9596604770294134E-04   4   0 0  2 0  0 1  1 0
   232  -.1126212603831567E-03   4   1 0  0 1  0 1  1 0
   233  0.4664837543772455E-04   4   0 1  0 1  0 1  1 0
   234  -.2448203268901766E-03   4   0 0  1 1  0 1  1 0
   235  -.4753141927356116E-04   4   0 0  0 2  0 1  1 0
   236  -.1786184404982257E-04   4   2 0  0 0  0 0  2 0
   237  -.8268784053921210E-05   4   1 1  0 0  0 0  2 0
   238  0.4452550746438991E-04   4   0 2  0 0  0 0  2 0
   239  -.1547913128780075E-03   4   1 0  1 0  0 0  2 0
   240  0.1149886011100064E-03   4   0 1  1 0  0 0  2 0
   241  -.8755594743152155E-04   4   0 0  2 0  0 0  2 0
   242  -.1207554113842620E-03   4   1 0  0 1  0 0  2 0
   243  0.2749152123180289E-04   4   0 1  0 1  0 0  2 0
   244  -.2429691211215711E-03   4   0 0  1 1  0 0  2 0
   245  -.4384498176339946E-04   4   0 0  0 2  0 0  2 0
   246  0.4236834046179444E-04   4   2 0  0 0  0 1  0 1
   247  0.2364131277201650E-04   4   1 1  0 0  0 1  0 1
   248  -.3432436314739981E-04   4   0 2  0 0  0 1  0 1
   249  0.2484062348629456E-03   4   1 0  1 0  0 1  0 1
   250  -.9122476086760093E-04   4   0 1  1 0  0 1  0 1
   251  0.1744077098908756E-03   4   0 0  2 0  0 1  0 1
   252  0.1594166658831613E-03   4   1 0  0 1  0 1  0 1
   253  -.6129722731850125E-05   4   0 1  0 1  0 1  0 1
   254  0.3118028355573508E-03   4   0 0  1 1  0 1  0 1
   255  0.4951102867130060E-04   4   0 0  0 2  0 1  0 1
   256  0.4231132314595174E-04   4   2 0  0 0  0 0  1 1
   257  0.2360949740746444E-04   4   1 1  0 0  0 0  1 1
   258  -.3427817103712724E-04   4   0 2  0 0  0 0  1 1
   259  0.2480719414590475E-03   4   1 0  1 0  0 0  1 1
   260  -.9110199488369936E-04   4   0 1  1 0  0 0  1 1
   261  0.1741730002144550E-03   4   0 0  2 0  0 0  1 1
   262  0.1592021304472629E-03   4   1 0  0 1  0 0  1 1
   263  -.6121473639881428E-05   4   0 1  0 1  0 0  1 1
   264  0.3113832259960165E-03   4   0 0  1 1  0 0  1 1
   265  0.4944439906228876E-04   4   0 0  0 2  0 0  1 1
   266  -.3934104006722009E-04   4   2 0  0 0  0 0  0 2
   267  -.2697537253221012E-04   4   1 1  0 0  0 0  0 2
   268  -.3498261438140475E-05   4   0 2  0 0  0 0  0 2
   269  0.5037603584724242E-08   4   1 0  1 0  0 0  0 2
   270  0.1097508192091269E-08   4   0 1  1 0  0 0  0 2
   271  -.7732011864016537E-04   4   0 0  2 0  0 0  0 2
   272  -.1160821874762604E-04   4   1 0  0 1  0 0  0 2
   273  -.1109085477365446E-05   4   0 1  0 1  0 0  0 2
   274  -.4982507768103675E-04   4   0 0  1 1  0 0  0 2
   275  -.5671278933347432E-05   4   0 0  0 2  0 0  0 2
   276  0.1297160292836853E-06   4   1 0  0 0  0 3  0 0
   277  0.9654207322865411E-05   4   0 1  0 0  0 3  0 0
   278  -.1753964330230434E-01   4   0 0  1 0  0 3  0 0
   279  -.8087083125793450E-01   4   0 0  0 1  0 3  0 0
   280  0.1397037718903004E-06   4   1 0  0 0  0 2  1 0
   281  0.5806667032570786E-05   4   0 1  0 0  0 2  1 0
   282  -.1093659846711771E-01   4   0 0  1 0  0 2  1 0
   283  -.5194271675456868E-01   4   0 0  0 1  0 2  1 0
   284  0.1396832579568720E-06   4   1 0  0 0  0 1  2 0
   285  0.5814407563733560E-05   4   0 1  0 0  0 1  2 0
   286  -.1094987991916287E-01   4   0 0  1 0  0 1  2 0
   287  -.5200089220254001E-01   4   0 0  0 1  0 1  2 0
   288  0.1293603039926003E-06   4   1 0  0 0  0 0  3 0
   289  0.9630817157416365E-05   4   0 1  0 0  0 0  3 0
   290  -.1749688820963714E-01   4   0 0  1 0  0 0  3 0
   291  -.8067267913172224E-01   4   0 0  0 1  0 0  3 0
   292  -.3906817415760584E-06   4   1 0  0 0  0 2  0 1
   293  -.1162878363764744E-04   4   0 1  0 0  0 2  0 1
   294  0.4271212350257789E-01   4   0 0  1 0  0 2  0 1
   295  0.1038659025914351       4   0 0  0 1  0 2  0 1
   296  -.4046450485262470E-06   4   1 0  0 0  0 1  1 1
   297  -.7797750249215103E-05   4   0 1  0 0  0 1  1 1
   298  0.2952613002343809E-01   4   0 0  1 0  0 1  1 1
   299  0.7503359081292491E-01   4   0 0  0 1  0 1  1 1
   300  -.3898837043824277E-06   4   1 0  0 0  0 0  2 1
   301  -.1160788724623817E-04   4   0 1  0 0  0 0  2 1
   302  0.4263477610258769E-01   4   0 0  1 0  0 0  2 1
   303  0.1036756364196059       4   0 0  0 1  0 0  2 1
   304  0.3924623774771876E-06   4   1 0  0 0  0 1  0 2
   305  0.6516100895731568E-07   4   0 1  0 0  0 1  0 2
   306  -.2950838616971995E-01   4   0 0  1 0  0 1  0 2
   307  -.8606908656637271E-02   4   0 0  0 1  0 1  0 2
   308  0.3919342201056765E-06   4   1 0  0 0  0 0  1 2
   309  0.6507331834239114E-07   4   0 1  0 0  0 0  1 2
   310  -.2946867517429457E-01   4   0 0  1 0  0 0  1 2
   311  -.8595325884596767E-02   4   0 0  0 1  0 0  1 2
   312  -.1316985318087376E-06   4   1 0  0 0  0 0  0 3
   313  -.1481137059974986E-07   4   0 1  0 0  0 0  0 3
   314  0.1027032562299831E-02   4   0 0  1 0  0 0  0 3
   315  0.1142142670292976E-03   4   0 0  0 1  0 0  0 3
   316  0.5137826486748069E-05   4   0 0  0 0  0 4  0 0
   317  0.3103107275061842E-05   4   0 0  0 0  0 3  1 0
   318  0.2832848101287347E-05   4   0 0  0 0  0 2  2 0
   319  0.3108926015893654E-05   4   0 0  0 0  0 1  3 0
   320  0.5121918741677006E-05   4   0 0  0 0  0 0  4 0
   321  -.6084009335792314E-05   4   0 0  0 0  0 3  0 1
   322  -.3963815889144083E-05   4   0 0  0 0  0 2  1 1
   323  -.3968079246098082E-05   4   0 0  0 0  0 1  2 1
   324  -.6069064414682612E-05   4   0 0  0 0  0 0  3 1
   325  0.2443080409806592E-06   4   0 0  0 0  0 2  0 2
   326  0.2942744108302979E-06   4   0 0  0 0  0 1  1 2
   327  0.2437812524162395E-06   4   0 0  0 0  0 0  2 2
   328  -.1010747945978992E-08   4   0 0  0 0  0 1  0 3
   329  -.1009387729028194E-08   4   0 0  0 0  0 0  1 3
   330  -.3228448730414390E-15   4   0 0  0 0  0 0  0 4
   ----------------------------------------------------
     I  COEFFICIENT            ORDER EXPONENTS
     1  0.4159379775009691E-08   0   0 0  0 0  0 0  0 0
     2  0.7596386395041268E-05   1   1 0  0 0  0 0  0 0
     3  -.7489051557353964E-05   1   0 1  0 0  0 0  0 0
     4  0.4054176956273372E-05   1   0 0  1 0  0 0  0 0
     5  0.5342835702390807E-05   1   0 0  0 1  0 0  0 0
     6   1.000000000000000       1   0 0  0 0  1 0  0 0
     7  0.1707534440328259       1   0 0  0 0  0 1  0 0
     8  -.1707534435778585       1   0 0  0 0  0 0  1 0
     9  -.4549681005460827E-09   1   0 0  0 0  0 0  0 1
    10  -.7784581649167105E-01   2   2 0  0 0  0 0  0 0
    11  0.1631014153440641       2   1 1  0 0  0 0  0 0
    12  -.1308366355822579       2   0 2  0 0  0 0  0 0
    13  0.2186333590309353E-05   2   1 0  1 0  0 0  0 0
    14  0.2811494166740410E-04   2   0 1  1 0  0 0  0 0
    15  -.9434220984653081E-01   2   0 0  2 0  0 0  0 0
    16  0.2811330517331581E-04   2   1 0  0 1  0 0  0 0
    17  0.1226192982023627E-04   2   0 1  0 1  0 0  0 0
    18  -.2607569687722830       2   0 0  1 1  0 0  0 0
    19  -.2232601629070504       2   0 0  0 2  0 0  0 0
    20  -.1108490028760325E-04   2   1 0  0 0  0 1  0 0
    21  0.1024954868586329E-04   2   0 1  0 0  0 1  0 0
    22  -.6230025343721048E-05   2   0 0  1 0  0 1  0 0
    23  -.8558131519954642E-05   2   0 0  0 1  0 1  0 0
    24  -.3494027290779084E-05   2   1 0  0 0  0 0  1 0
    25  0.2766845156020882E-05   2   0 1  0 0  0 0  1 0
    26  -.2178369677663127E-05   2   0 0  1 0  0 0  1 0
    27  -.3218151217756479E-05   2   0 0  0 1  0 0  1 0
    28  0.1457892436042144E-04   2   1 0  0 0  0 0  0 1
    29  -.5527334388621942E-05   2   0 1  0 0  0 0  0 1
    30  0.8408397566584801E-05   2   0 0  1 0  0 0  0 1
    31  0.6433454633631647E-05   2   0 0  0 1  0 0  0 1
    32  -.1281513131902707       2   0 0  0 0  0 2  0 0
    33  0.8554918167934492E-01   2   0 0  0 0  0 1  1 0
    34  0.4260213084239341E-01   2   0 0  0 0  0 0  2 0
    35  0.6683684278198126E-09   2   0 0  0 0  0 1  0 1
    36  0.2137245938279668E-09   2   0 0  0 0  0 0  1 1
    37  -.2135625418916782E-09   2   0 0  0 0  0 0  0 2
    38  0.8576683600339467E-05   3   3 0  0 0  0 0  0 0
    39  0.7515320513094878E-04   3   2 1  0 0  0 0  0 0
    40  -.2203021869826800E-05   3   1 2  0 0  0 0  0 0
    41  -.1316743200673928E-04   3   0 3  0 0  0 0  0 0
    42  0.3766513921635545E-04   3   2 0  1 0  0 0  0 0
    43  0.4541730998601810E-04   3   1 1  1 0  0 0  0 0
    44  -.1882392936060712E-04   3   0 2  1 0  0 0  0 0
    45  0.1590982459266437E-04   3   1 0  2 0  0 0  0 0
    46  -.1695150723851161E-04   3   0 1  2 0  0 0  0 0
    47  -.2176574427613063E-05   3   0 0  3 0  0 0  0 0
    48  0.6637411216279966E-04   3   2 0  0 1  0 0  0 0
    49  -.2488397231330968E-04   3   1 1  0 1  0 0  0 0
    50  -.5670385618830038E-05   3   0 2  0 1  0 0  0 0
    51  -.9299878116505955E-04   3   1 0  1 1  0 0  0 0
    52  0.2596186375750680E-04   3   0 1  1 1  0 0  0 0
    53  0.1718453580410908E-04   3   0 0  2 1  0 0  0 0
    54  0.6168374931198208E-04   3   1 0  0 2  0 0  0 0
    55  0.6391732687711965E-05   3   0 1  0 2  0 0  0 0
    56  0.6151457249059129E-04   3   0 0  1 2  0 0  0 0
    57  0.1814328368126971E-04   3   0 0  0 3  0 0  0 0
    58  0.1129571203075631       3   2 0  0 0  0 1  0 0
    59  -.2233726197224944       3   1 1  0 0  0 1  0 0
    60  0.1787470160757937       3   0 2  0 0  0 1  0 0
    61  -.4379983719850939E-05   3   1 0  1 0  0 1  0 0
    62  -.4261326768900961E-04   3   0 1  1 0  0 1  0 0
    63  0.1459669934598066       3   0 0  2 0  0 1  0 0
    64  -.4259803638467647E-04   3   1 0  0 1  0 1  0 0
    65  -.2463494886405779E-04   3   0 1  0 1  0 1  0 0
    66  0.4189085159685024       3   0 0  1 1  0 1  0 0
    67  0.3642033298507297       3   0 0  0 2  0 1  0 0
    68  0.3516867596423374E-01   3   2 0  0 0  0 0  1 0
    69  -.6040930782244623E-01   3   1 1  0 0  0 0  1 0
    70  0.4802175175579956E-01   3   0 2  0 0  0 0  1 0
    71  -.2191413521282739E-05   3   1 0  1 0  0 0  1 0
    72  -.1451267269243724E-04   3   0 1  1 0  0 0  1 0
    73  0.5168210153865867E-01   3   0 0  2 0  0 0  1 0
    74  -.1450296568882778E-04   3   1 0  0 1  0 0  1 0
    75  -.1236079461914000E-04   3   0 1  0 1  0 0  1 0
    76  0.1582891708734683       3   0 0  1 1  0 0  1 0
    77  0.1410535544609230       3   0 0  0 2  0 0  1 0
    78  -.1481258002561765       3   2 0  0 0  0 0  0 1
    79  0.1206805566538186       3   1 1  0 0  0 0  0 1
    80  0.3490446056053698E-01   3   0 2  0 0  0 0  0 1
    81  0.6569040834497993E-05   3   1 0  1 0  0 0  0 1
    82  0.2899896720309872E-04   3   0 1  1 0  0 0  0 1
    83  -.1976490962783294       3   0 0  2 0  0 0  0 1
    84  0.2899093158976244E-04   3   1 0  0 1  0 0  0 1
    85  0.1242404829628006E-04   3   0 1  0 1  0 0  0 1
    86  -.3164407590817567       3   0 0  1 1  0 0  0 1
    87  -.5873661080967849E-01   3   0 0  0 2  0 0  0 1
    88  0.1355394677719166E-04   3   1 0  0 0  0 2  0 0
    89  -.1185865010908341E-04   3   0 1  0 0  0 2  0 0
    90  0.7939630736217814E-05   3   0 0  1 0  0 2  0 0
    91  0.1125644353050651E-04   3   0 0  0 1  0 2  0 0
    92  0.4940855306100987E-05   3   1 0  0 0  0 1  1 0
    93  -.3221324908446577E-05   3   0 1  0 0  0 1  1 0
    94  0.3420470520076006E-05   3   0 0  1 0  0 1  1 0
    95  0.5398018043002262E-05   3   0 0  0 1  0 1  1 0
    96  0.2474548446509738E-05   3   1 0  0 0  0 0  2 0
    97  -.1615379799443089E-05   3   0 1  0 0  0 0  2 0
    98  0.1712117833407495E-05   3   0 0  1 0  0 0  2 0
    99  0.2701124465636479E-05   3   0 0  0 1  0 0  2 0
   100  -.2096385941516905E-04   3   1 0  0 0  0 1  0 1
   101  0.6439552542372166E-05   3   0 1  0 0  0 1  0 1
   102  -.1306970062210400E-04   3   0 0  1 0  0 1  0 1
   103  -.1079462136863106E-04   3   0 0  0 1  0 1  0 1
   104  -.6395935736213323E-05   3   1 0  0 0  0 0  1 1
   105  0.9184189493929062E-06   3   0 1  0 0  0 0  1 1
   106  -.4666330490682750E-05   3   0 0  1 0  0 0  1 1
   107  -.4363943871076757E-05   3   0 0  0 1  0 0  1 1
   108  0.6390437160764668E-05   3   1 0  0 0  0 0  0 2
   109  0.1848349635994686E-05   3   0 1  0 0  0 0  0 2
   110  0.4663816095027292E-05   3   0 0  1 0  0 0  0 2
   111  0.1145828132054232E-05   3   0 0  0 1  0 0  0 2
   112  0.1068071725329198       3   0 0  0 0  0 3  0 0
   113  -.6411891992091412E-01   3   0 0  0 0  0 2  1 0
   114  -.2143026732353146E-01   3   0 0  0 0  0 1  2 0
   115  -.2125799997813648E-01   3   0 0  0 0  0 0  3 0
   116  -.1470748140785248E-08   3   0 0  0 0  0 2  0 1
   117  -.6071934781001052E-09   3   0 0  0 0  0 1  1 1
   118  -.3039721853315910E-09   3   0 0  0 0  0 0  2 1
   119  0.2231844623239299E-09   3   0 0  0 0  0 1  0 2
   120  0.5152876186046641E-10   3   0 0  0 0  0 0  1 2
   121  0.8100127083344956E-11   3   0 0  0 0  0 0  0 3
   122  -.1793955103605059       4   4 0  0 0  0 0  0 0
   123  -.5058413252722542E-01   4   3 1  0 0  0 0  0 0
   124  -.1400789336678140E-01   4   2 2  0 0  0 0  0 0
   125  0.1732141184970019       4   1 3  0 0  0 0  0 0
   126  -.6403143757972887E-01   4   0 4  0 0  0 0  0 0
   127  0.4708905090632135E-04   4   3 0  1 0  0 0  0 0
   128  -.2608419782824420E-04   4   2 1  1 0  0 0  0 0
   129  -.6318539577502893E-04   4   1 2  1 0  0 0  0 0
   130  0.2828033073033477E-04   4   0 3  1 0  0 0  0 0
   131  -.7138004445194639       4   2 0  2 0  0 0  0 0
   132  0.2937196026712787       4   1 1  2 0  0 0  0 0
   133  0.9743436865929023E-01   4   0 2  2 0  0 0  0 0
   134  -.7357462891742402E-04   4   1 0  3 0  0 0  0 0
   135  0.4347880853839598E-04   4   0 1  3 0  0 0  0 0
   136  -.7972164060959380E-01   4   0 0  4 0  0 0  0 0
   137  0.1965976377553218E-04   4   3 0  0 1  0 0  0 0
   138  0.1378307685983900E-04   4   2 1  0 1  0 0  0 0
   139  0.7196107596324981E-05   4   1 2  0 1  0 0  0 0
   140  0.1679638030298535E-04   4   0 3  0 1  0 0  0 0
   141  -.3468034594366283       4   2 0  1 1  0 0  0 0
   142  0.7292659741365468       4   1 1  1 1  0 0  0 0
   143  -.2530778945482229       4   0 2  1 1  0 0  0 0
   144  0.4540935793455058E-04   4   1 0  2 1  0 0  0 0
   145  0.1684299751754557E-03   4   0 1  2 1  0 0  0 0
   146  -.3615802076089906       4   0 0  3 1  0 0  0 0
   147  -.4828892273686559       4   2 0  0 2  0 0  0 0
   148  0.3319641829470630       4   1 1  0 2  0 0  0 0
   149  -.2545558403420717       4   0 2  0 2  0 0  0 0
   150  0.9139832305192936E-04   4   1 0  1 2  0 0  0 0
   151  0.1012287609532517E-03   4   0 1  1 2  0 0  0 0
   152  -.8071277969938336       4   0 0  2 2  0 0  0 0
   153  0.5959934540162942E-04   4   1 0  0 3  0 0  0 0
   154  0.3074259731129716E-04   4   0 1  0 3  0 0  0 0
   155  -.5666399934246062       4   0 0  1 3  0 0  0 0
   156  -.2430564790752568       4   0 0  0 4  0 0  0 0
   157  0.3193651520845728E-04   4   3 0  0 0  0 1  0 0
   158  -.1299221642670935E-03   4   2 1  0 0  0 1  0 0
   159  -.1674610581947900E-03   4   1 2  0 0  0 1  0 0
   160  0.9212296497523876E-04   4   0 3  0 0  0 1  0 0
   161  -.1633509160845399E-05   4   2 0  1 0  0 1  0 0
   162  -.3786002210350015E-04   4   1 1  1 0  0 1  0 0
   163  0.6184562981782985E-04   4   0 2  1 0  0 1  0 0
   164  0.1057471147255674E-03   4   1 0  2 0  0 1  0 0
   165  -.1024845367067902E-03   4   0 1  2 0  0 1  0 0
   166  0.1063395464651497E-03   4   0 0  3 0  0 1  0 0
   167  0.3634797688478085E-04   4   2 0  0 1  0 1  0 0
   168  0.4533717844104079E-04   4   1 1  0 1  0 1  0 0
   169  0.8738763740230862E-04   4   0 2  0 1  0 1  0 0
   170  0.1735753444458271E-03   4   1 0  1 1  0 1  0 0
   171  0.2508565140517358E-04   4   0 1  1 1  0 1  0 0
   172  0.2627989799494860E-03   4   0 0  2 1  0 1  0 0
   173  -.1372268554614080E-03   4   1 0  0 2  0 1  0 0
   174  0.1065575814697018E-03   4   0 1  0 2  0 1  0 0
   175  0.1131119416193594E-03   4   0 0  1 2  0 1  0 0
   176  0.7420525776477639E-04   4   0 0  0 3  0 1  0 0
   177  0.8356622347583952E-05   4   3 0  0 0  0 0  1 0
   178  -.3898950684620895E-04   4   2 1  0 0  0 0  1 0
   179  -.9842921340135512E-04   4   1 2  0 0  0 0  1 0
   180  0.5259859440301056E-04   4   0 3  0 0  0 0  1 0
   181  0.5871965702684511E-06   4   2 0  1 0  0 0  1 0
   182  -.3167388333645959E-05   4   1 1  1 0  0 0  1 0
   183  0.3354124400198565E-04   4   0 2  1 0  0 0  1 0
   184  0.5331523893399695E-04   4   1 0  2 0  0 0  1 0
   185  -.5491206767839921E-04   4   0 1  2 0  0 0  1 0
   186  0.5535475367803631E-04   4   0 0  3 0  0 0  1 0
   187  0.2616707613994560E-04   4   2 0  0 1  0 0  1 0
   188  0.2030760589382918E-04   4   1 1  0 1  0 0  1 0
   189  0.5260067703381069E-04   4   0 2  0 1  0 0  1 0
   190  0.5531076681029824E-04   4   1 0  1 1  0 0  1 0
   191  0.2686140352736457E-04   4   0 1  1 1  0 0  1 0
   192  0.1383701633671416E-03   4   0 0  2 1  0 0  1 0
   193  -.7645039775644054E-04   4   1 0  0 2  0 0  1 0
   194  0.6415906604425387E-04   4   0 1  0 2  0 0  1 0
   195  0.7191539883473019E-04   4   0 0  1 2  0 0  1 0
   196  0.4536798199245218E-04   4   0 0  0 3  0 0  1 0
   197  -.1338924769817489E-04   4   3 0  0 0  0 0  0 1
   198  0.4355216906596969E-04   4   2 1  0 0  0 0  0 1
   199  0.6127238368393214E-04   4   1 2  0 0  0 0  0 1
   200  0.9225249198271445E-05   4   0 3  0 0  0 0  0 1
   201  0.3044969537752553E-04   4   2 0  1 0  0 0  0 1
   202  0.6920604265943768E-05   4   1 1  1 0  0 0  0 1
   203  -.2878539953323044E-04   4   0 2  1 0  0 0  0 1
   204  -.1148797076762269E-03   4   1 0  2 0  0 0  0 1
   205  0.3222706398344947E-04   4   0 1  2 0  0 0  0 1
   206  -.1164912623474524E-03   4   0 0  3 0  0 0  0 1
   207  0.1904441612129151E-04   4   2 0  0 1  0 0  0 1
   208  -.3167344380031817E-04   4   1 1  0 1  0 0  0 1
   209  -.7817083070530121E-05   4   0 2  0 1  0 0  0 1
   210  -.1122231975213732E-03   4   1 0  1 1  0 0  0 1
   211  -.2395228513220327E-04   4   0 1  1 1  0 0  0 1
   212  -.1555830927456369E-03   4   0 0  2 1  0 0  0 1
   213  0.7810135444776234E-04   4   1 0  0 2  0 0  0 1
   214  0.2674807740579339E-05   4   0 1  0 2  0 0  0 1
   215  -.3310090882276760E-04   4   0 0  1 2  0 0  0 1
   216  0.2546210805850334E-05   4   0 0  0 3  0 0  0 1
   217  -.1374875524134642       4   2 0  0 0  0 2  0 0
   218  0.2587360180269251       4   1 1  0 0  0 2  0 0
   219  -.2072387379269232       4   0 2  0 0  0 2  0 0
   220  0.6577390493262529E-05   4   1 0  1 0  0 2  0 0
   221  0.5380520904163265E-04   4   0 1  1 0  0 2  0 0
   222  -.1870279635967968       4   0 0  2 0  0 2  0 0
   223  0.5380488217220221E-04   4   1 0  0 1  0 2  0 0
   224  0.3703778595531536E-04   4   0 1  0 1  0 2  0 0
   225  -.5523769683807568       4   0 0  1 1  0 2  0 0
   226  -.4863372774326075       4   0 0  0 2  0 2  0 0
   227  -.4908949592018619E-01   4   2 0  0 0  0 1  1 0
   228  0.7079417805633575E-01   4   1 1  0 0  0 1  1 0
   229  -.5703598637760790E-01   4   0 2  0 0  0 1  1 0
   230  0.4390984181019162E-05   4   1 0  1 0  0 1  1 0
   231  0.2240027889941473E-04   4   0 1  1 0  0 1  1 0
   232  -.8215053064293559E-01   4   0 0  2 0  0 1  1 0
   233  0.2241458915260011E-04   4   1 0  0 1  0 1  1 0
   234  0.2482841779956941E-04   4   0 1  0 1  0 1  1 0
   235  -.2670036903614706       4   0 0  1 1  0 1  1 0
   236  -.2443187947335557       4   0 0  0 2  0 1  1 0
   237  -.2458758745408282E-01   4   2 0  0 0  0 0  2 0
   238  0.3549949859729985E-01   4   1 1  0 0  0 0  2 0
   239  -.2859968422340801E-01   4   0 2  0 0  0 0  2 0
   240  0.2198560389767708E-05   4   1 0  1 0  0 0  2 0
   241  0.1121399542059502E-04   4   0 1  1 0  0 0  2 0
   242  -.4111802453463472E-01   4   0 0  2 0  0 0  2 0
   243  0.1122317016512018E-04   4   1 0  0 1  0 0  2 0
   244  0.1241441755386114E-04   4   0 1  0 1  0 0  2 0
   245  -.1336035322153111       4   0 0  1 1  0 0  2 0
   246  -.1222396060862496       4   0 0  0 2  0 0  2 0
   247  0.2111074777442132       4   2 0  0 0  0 1  0 1
   248  -.1415208853416018       4   1 1  0 0  0 1  0 1
   249  -.6472767945469425E-01   4   0 2  0 0  0 1  0 1
   250  -.1315808028574940E-04   4   1 0  1 0  0 1  0 1
   251  -.4480678170444383E-04   4   0 1  1 0  0 1  0 1
   252  0.3102394727554750       4   0 0  2 0  0 1  0 1
   253  -.4480143221312954E-04   4   1 0  0 1  0 1  0 1
   254  -.2509068197038834E-04   4   0 1  0 1  0 1  0 1
   255  0.5339405376073684       4   0 0  1 1  0 1  0 1
   256  0.1243832694747893       4   0 0  0 2  0 1  0 1
   257  0.6309599217240672E-01   4   2 0  0 0  0 0  1 1
   258  -.2097447040265533E-01   4   1 1  0 0  0 0  1 1
   259  -.2982999377597034E-01   4   0 2  0 0  0 0  1 1
   260  -.6589000641188998E-05   4   1 0  1 0  0 0  1 1
   261  -.1582551401437118E-04   4   0 1  1 0  0 0  1 1
   262  0.1127044865410239       4   0 0  2 0  0 0  1 1
   263  -.1582818572213992E-04   4   1 0  0 1  0 0  1 1
   264  -.1266628471355696E-04   4   0 1  0 1  0 0  1 1
   265  0.2176323555440309       4   0 0  1 1  0 0  1 1
   266  0.6563725307338081E-01   4   0 0  0 2  0 0  1 1
   267  -.6303883398642540E-01   4   2 0  0 0  0 0  0 2
   268  -.3943289134115246E-01   4   1 1  0 0  0 0  0 2
   269  -.5077858558281198E-02   4   0 2  0 0  0 0  0 2
   270  0.6582555956740303E-05   4   1 0  1 0  0 0  0 2
   271  0.1320645111096495E-05   4   0 1  1 0  0 0  0 2
   272  -.1126474343136943       4   0 0  2 0  0 0  0 2
   273  0.1317526816075323E-05   4   1 0  0 1  0 0  0 2
   274  0.2420593730702667E-06   4   0 1  0 1  0 0  0 2
   275  -.5934567996303864E-01   4   0 0  1 1  0 0  0 2
   276  -.6905344583556613E-02   4   0 0  0 2  0 0  0 2
   277  -.4184739306990516E-04   4   1 0  0 0  0 3  0 0
   278  0.6685425709982948E-04   4   0 1  0 0  0 3  0 0
   279  0.1315502804887559E-04   4   0 0  1 0  0 3  0 0
   280  0.3603883074748524E-04   4   0 0  0 1  0 3  0 0
   281  -.1591553906566474E-04   4   1 0  0 0  0 2  1 0
   282  0.2389101873053986E-04   4   0 1  0 0  0 2  1 0
   283  0.6126265318519527E-05   4   0 0  1 0  0 2  1 0
   284  0.1601587895838782E-04   4   0 0  0 1  0 2  1 0
   285  -.9245943931725603E-05   4   1 0  0 0  0 1  2 0
   286  0.1363120732779838E-04   4   0 1  0 0  0 1  2 0
   287  0.3752773102668495E-05   4   0 0  1 0  0 1  2 0
   288  0.9699056022118249E-05   4   0 0  0 1  0 1  2 0
   289  -.5319934307096633E-05   4   1 0  0 0  0 0  3 0
   290  0.7988700573717631E-05   4   0 1  0 0  0 0  3 0
   291  0.2045653061709316E-05   4   0 0  1 0  0 0  3 0
   292  0.5349127791365445E-05   4   0 0  0 1  0 0  3 0
   293  0.4396788212429315E-04   4   1 0  0 0  0 2  0 1
   294  0.3673809840169274E-05   4   0 1  0 0  0 2  0 1
   295  -.4721414164068818E-05   4   0 0  1 0  0 2  0 1
   296  0.7328694976981901E-05   4   0 0  0 1  0 2  0 1
   297  0.1467758132643183E-04   4   1 0  0 0  0 1  1 1
   298  0.5501262803405849E-05   4   0 1  0 0  0 1  1 1
   299  -.2260301221025483E-05   4   0 0  1 0  0 1  1 1
   300  0.3419300879588469E-05   4   0 0  0 1  0 1  1 1
   301  0.7353521463614528E-05   4   1 0  0 0  0 0  2 1
   302  0.2747547548674021E-05   4   0 1  0 0  0 0  2 1
   303  -.1131042012107074E-05   4   0 0  1 0  0 0  2 1
   304  0.1711123881133655E-05   4   0 0  0 1  0 0  2 1
   305  -.5730385965321589E-05   4   1 0  0 0  0 1  0 2
   306  -.2864057120545146E-05   4   0 1  0 0  0 1  0 2
   307  -.5736904451145751E-05   4   0 0  1 0  0 1  0 2
   308  -.2050527532627327E-05   4   0 0  0 1  0 1  0 2
   309  -.1060331962775517E-05   4   1 0  0 0  0 0  1 2
   310  -.1352571070731149E-05   4   0 1  0 0  0 0  1 2
   311  -.1987002462302351E-05   4   0 0  1 0  0 0  1 2
   312  -.1061300355948890E-05   4   0 0  0 1  0 0  1 2
   313  -.5150343843476432E-06   4   1 0  0 0  0 0  0 3
   314  -.1034694309158806E-06   4   0 1  0 0  0 0  0 3
   315  0.2995475998541675E-06   4   0 0  1 0  0 0  0 3
   316  0.5493892874446137E-07   4   0 0  0 1  0 0  0 3
   317  -.9346168645597172E-01   4   0 0  0 0  0 4  0 0
   318  0.5342518658977380E-01   4   0 0  0 0  0 3  1 0
   319  0.1604057591209135E-01   4   0 0  0 0  0 2  2 0
   320  0.1073654221318486E-01   4   0 0  0 0  0 1  3 0
   321  0.1325936049486220E-01   4   0 0  0 0  0 0  4 0
   322  0.9265311901239408E-09   4   0 0  0 0  0 3  0 1
   323  -.2395910091240648E-09   4   0 0  0 0  0 2  1 1
   324  -.1594212075561548E-09   4   0 0  0 0  0 1  2 1
   325  -.1587207761055948E-09   4   0 0  0 0  0 0  3 1
   326  -.3057284692884044E-09   4   0 0  0 0  0 2  0 2
   327  -.1288804499015283E-09   4   0 0  0 0  0 1  1 2
   328  -.6031480945280183E-10   4   0 0  0 0  0 0  2 2
   329  -.1561549956560078E-10   4   0 0  0 0  0 1  0 3
   330  -.7516144747697949E-11   4   0 0  0 0  0 0  1 3
   331  -.3953417421481465E-12   4   0 0  0 0  0 0  0 4
   ----------------------------------------------------
     I  COEFFICIENT            ORDER EXPONENTS
     1   1.000000000000000       1   0 0  0 0  0 1  0 0
     --------------------------------------------------
     I  COEFFICIENT            ORDER EXPONENTS
     1   1.000000000000000       1   0 0  0 0  0 0  1 0
     --------------------------------------------------
     I  COEFFICIENT            ORDER EXPONENTS
     1   1.000000000000000       1   0 0  0 0  0 0  0 1
     --------------------------------------------------
