 L    0.6839345000000000E+00
 P (  0.0000000000000000E+00,  0.0000000000000000E+00,  0.2904825000000000E+00)
 A (  0.0000000000000000E+00,  0.0000000000000000E+00,  0.0000000000000000E+00)
     I  COEFFICIENT            ORDER EXPONENTS
     1  -.3497269987070097E-04   0   0 0  0 0  0 0  0 0
     2  0.4264874681581180       1   1 0  0 0  0 0  0 0
     3  0.5548535668630382       1   0 1  0 0  0 0  0 0
     4  -.8131211369189460E-04   1   0 0  1 0  0 0  0 0
     5  -.1786862879379923E-04   1   0 0  0 1  0 0  0 0
     6  -.1287971302711537E-04   1   0 0  0 0  0 1  0 0
     7  -.1286238011632331E-04   1   0 0  0 0  0 0  1 0
     8  0.2574209314343862E-04   1   0 0  0 0  0 0  0 1
     9  -.8133366030435091E-04   2   2 0  0 0  0 0  0 0
    10  0.5201345154812209E-04   2   1 1  0 0  0 0  0 0
    11  0.4475214359594376E-04   2   0 2  0 0  0 0  0 0
    12  -.4045932232407551E-04   2   1 0  1 0  0 0  0 0
    13  0.8783375832114933E-04   2   0 1  1 0  0 0  0 0
    14  0.1794117813834943E-03   2   0 0  2 0  0 0  0 0
    15  0.7069624934940159E-04   2   1 0  0 1  0 0  0 0
    16  0.2729074986051478E-04   2   0 1  0 1  0 0  0 0
    17  0.2184696759201647E-04   2   0 0  1 1  0 0  0 0
    18  0.2299088255190968E-04   2   0 0  0 2  0 0  0 0
    19  0.2680458277176356       2   1 0  0 0  0 1  0 0
    20  -.2158035985040420       2   0 1  0 0  0 1  0 0
    21  0.4082638352029436E-04   2   0 0  1 0  0 1  0 0
    22  0.1790420917328906E-04   2   0 0  0 1  0 1  0 0
    23  0.2676851042752556       2   1 0  0 0  0 0  1 0
    24  -.2155131801916467       2   0 1  0 0  0 0  1 0
    25  0.4077144129743357E-04   2   0 0  1 0  0 0  1 0
    26  0.1788011453237981E-04   2   0 0  0 1  0 0  1 0
    27  -.5357309319928910       2   1 0  0 0  0 0  0 1
    28  -.1235367881673492       2   0 1  0 0  0 0  0 1
    29  -.8159782481772809E-04   2   0 0  1 0  0 0  0 1
    30  -.1791569491186970E-04   2   0 0  0 1  0 0  0 1
    31  0.9373155699205971E-05   2   0 0  0 0  0 2  0 0
    32  0.5876012152024685E-05   2   0 0  0 0  0 1  1 0
    33  0.9356587917955116E-05   2   0 0  0 0  0 0  2 0
    34  -.1174260618435352E-04   2   0 0  0 0  0 1  0 1
    35  -.1172680353836046E-04   2   0 0  0 0  0 0  1 1
    36  -.1136339827676986E-05   2   0 0  0 0  0 0  0 2
    37  -.5484572220327347       3   3 0  0 0  0 0  0 0
    38  -.1540413588887177       3   2 1  0 0  0 0  0 0
    39  -.5498769566150594       3   1 2  0 0  0 0  0 0
    40  0.1458975500785819       3   0 3  0 0  0 0  0 0
    41  0.2939109540272880E-03   3   2 0  1 0  0 0  0 0
    42  0.3417626065546782E-03   3   1 1  1 0  0 0  0 0
    43  -.5494179607670109E-04   3   0 2  1 0  0 0  0 0
    44  -2.444156014062189       3   1 0  2 0  0 0  0 0
    45  -.8620155285127999       3   0 1  2 0  0 0  0 0
    46  -.1731209028277233E-03   3   0 0  3 0  0 0  0 0
    47  0.7100060298144878E-04   3   2 0  0 1  0 0  0 0
    48  0.8339281209613260E-04   3   1 1  0 1  0 0  0 0
    49  -.2050805103052016E-04   3   0 2  0 1  0 0  0 0
    50  -2.070614569218627       3   1 0  1 1  0 0  0 0
    51  -.1035564577741675       3   0 1  1 1  0 0  0 0
    52  -.3318400774311061E-03   3   0 0  2 1  0 0  0 0
    53  -.8676574822991145       3   1 0  0 2  0 0  0 0
    54  0.1674012810802115       3   0 1  0 2  0 0  0 0
    55  -.1706297757749202E-03   3   0 0  1 2  0 0  0 0
    56  -.3328220036977914E-04   3   0 0  0 3  0 0  0 0
    57  -.9904797539366680E-05   3   2 0  0 0  0 1  0 0
    58  -.2958885675444364E-04   3   1 1  0 0  0 1  0 0
    59  -.5863713044038072E-04   3   0 2  0 0  0 1  0 0
    60  -.5549654041202530E-04   3   1 0  1 0  0 1  0 0
    61  -.1012137846681612E-03   3   0 1  1 0  0 1  0 0
    62  -.1252587765171488E-03   3   0 0  2 0  0 1  0 0
    63  -.9001512596678741E-04   3   1 0  0 1  0 1  0 0
    64  -.4571034395123469E-04   3   0 1  0 1  0 1  0 0
    65  -.6807628768563817E-04   3   0 0  1 1  0 1  0 0
    66  -.4146371688969365E-04   3   0 0  0 2  0 1  0 0
    67  -.9891468129635226E-05   3   2 0  0 0  0 0  1 0
    68  -.2954903746549814E-04   3   1 1  0 0  0 0  1 0
    69  -.5855821935370589E-04   3   0 2  0 0  0 0  1 0
    70  -.5542185578340032E-04   3   1 0  1 0  0 0  1 0
    71  -.1010775759267951E-03   3   0 1  1 0  0 0  1 0
    72  -.1250902091589538E-03   3   0 0  2 0  0 0  1 0
    73  -.8989398785252693E-04   3   1 0  0 1  0 0  1 0
    74  -.4564882912459923E-04   3   0 1  0 1  0 0  1 0
    75  -.6798467382599486E-04   3   0 0  1 1  0 0  1 0
    76  -.4140791697362094E-04   3   0 0  0 2  0 0  1 0
    77  0.1979626566900154E-04   3   2 0  0 0  0 0  0 1
    78  0.7124442671819900E-05   3   1 1  0 0  0 0  0 1
    79  0.2769106260219896E-04   3   0 2  0 0  0 0  0 1
    80  0.1109183961954271E-03   3   1 0  1 0  0 0  0 1
    81  0.1144576022738072E-03   3   0 1  1 0  0 0  0 1
    82  0.2503489856761025E-03   3   0 0  2 0  0 0  0 1
    83  0.1092128644699130E-03   3   1 0  0 1  0 0  0 1
    84  0.3677767335480389E-04   3   0 1  0 1  0 0  0 1
    85  0.1142139939196165E-03   3   0 0  1 1  0 0  0 1
    86  0.3688986875949468E-04   3   0 0  0 2  0 0  0 1
    87  -.1917628700859108       3   1 0  0 0  0 2  0 0
    88  0.1322534604832403       3   0 1  0 0  0 2  0 0
    89  -.3069309559524742E-04   3   0 0  1 0  0 2  0 0
    90  -.1791725683408525E-04   3   0 0  0 1  0 2  0 0
    91  -.1156847686082782       3   1 0  0 0  0 1  1 0
    92  0.4892781990201041E-01   3   0 1  0 0  0 1  1 0
    93  -.2060079248043452E-04   3   0 0  1 0  0 1  1 0
    94  -.1793238668746900E-04   3   0 0  0 1  0 1  1 0
    95  -.1914269630980407       3   1 0  0 0  0 0  2 0
    96  0.1320425576319438       3   0 1  0 0  0 0  2 0
    97  -.3063792848589159E-04   3   0 0  1 0  0 0  2 0
    98  -.1788107835383551E-04   3   0 0  0 1  0 0  2 0
    99  0.2311647525471401       3   1 0  0 0  0 1  0 1
   100  0.1181723971179581       3   0 1  0 0  0 1  0 1
   101  0.4118804854496926E-04   3   0 0  1 0  0 1  0 1
   102  0.1795388618081683E-04   3   0 0  0 1  0 1  0 1
   103  0.2308536619175797       3   1 0  0 0  0 0  1 1
   104  0.1180133662751888       3   0 1  0 0  0 0  1 1
   105  0.4113261961036295E-04   3   0 0  1 0  0 0  1 1
   106  0.1792972468693206E-04   3   0 0  0 1  0 0  1 1
   107  0.3685623735869227E-01   3   1 0  0 0  0 0  0 2
   108  0.5443887823125150E-02   3   0 1  0 0  0 0  0 2
   109  -.3789070665801143E-06   3   0 0  1 0  0 0  0 2
   110  -.4118451320404560E-07   3   0 0  0 1  0 0  0 2
   111  -.7623649023103404E-05   3   0 0  0 0  0 3  0 0
   112  -.4126994349416222E-05   3   0 0  0 0  0 2  1 0
   113  -.4134032088896323E-05   3   0 0  0 0  0 1  2 0
   114  -.7605486490996651E-05   3   0 0  0 0  0 0  3 0
   115  0.8251638025694241E-05   3   0 0  0 0  0 2  0 1
   116  0.4770044561586377E-05   3   0 0  0 0  0 1  1 1
   117  0.8237323709621766E-05   3   0 0  0 0  0 0  2 1
   118  0.1105948141639597E-05   3   0 0  0 0  0 1  0 2
   119  0.1104459808752113E-05   3   0 0  0 0  0 0  1 2
   120  0.2075723498742641E-07   3   0 0  0 0  0 0  0 3
   121  -.2373243522020332E-03   4   4 0  0 0  0 0  0 0
   122  0.1475676543655232E-03   4   3 1  0 0  0 0  0 0
   123  0.1291645682005602E-03   4   2 2  0 0  0 0  0 0
   124  -.1191499146356624E-03   4   1 3  0 0  0 0  0 0
   125  0.8489016565059785E-04   4   0 4  0 0  0 0  0 0
   126  0.1818958356120359E-04   4   3 0  1 0  0 0  0 0
   127  -.9939818956800506E-04   4   2 1  1 0  0 0  0 0
   128  -.8095162513610429E-04   4   1 2  1 0  0 0  0 0
   129  0.8550169115153105E-04   4   0 3  1 0  0 0  0 0
   130  -.1123535207875806E-02   4   2 0  2 0  0 0  0 0
   131  0.4881478874164932E-03   4   1 1  2 0  0 0  0 0
   132  -.1994435071203765E-03   4   0 2  2 0  0 0  0 0
   133  -.9962693879291774E-03   4   1 0  3 0  0 0  0 0
   134  0.3591015994424568E-03   4   0 1  3 0  0 0  0 0
   135  0.1567678957681841E-03   4   0 0  4 0  0 0  0 0
   136  0.3268762722795338E-04   4   3 0  0 1  0 0  0 0
   137  -.1937066696607677E-03   4   2 1  0 1  0 0  0 0
   138  -.6759069265792724E-04   4   1 2  0 1  0 0  0 0
   139  0.5587620137823631E-04   4   0 3  0 1  0 0  0 0
   140  -.2361589497761583E-04   4   2 0  1 1  0 0  0 0
   141  0.1097061421625421E-02   4   1 1  1 1  0 0  0 0
   142  -.5622240321262102E-05   4   0 2  1 1  0 0  0 0
   143  -.4665035653522785E-03   4   1 0  2 1  0 0  0 0
   144  0.7643959319596303E-03   4   0 1  2 1  0 0  0 0
   145  0.2131877286863989E-03   4   0 0  3 1  0 0  0 0
   146  0.9837820312432030E-04   4   2 0  0 2  0 0  0 0
   147  0.3040609375383599E-04   4   1 1  0 2  0 0  0 0
   148  0.1037152331260357E-03   4   0 2  0 2  0 0  0 0
   149  -.1329131817424987E-03   4   1 0  1 2  0 0  0 0
   150  0.2924631657544312E-03   4   0 1  1 2  0 0  0 0
   151  -.1396418443747226E-04   4   0 0  2 2  0 0  0 0
   152  -.7548807153360992E-04   4   1 0  0 3  0 0  0 0
   153  0.5688731094509045E-04   4   0 1  0 3  0 0  0 0
   154  -.9531763999973129E-05   4   0 0  1 3  0 0  0 0
   155  0.1648707615352411E-04   4   0 0  0 4  0 0  0 0
   156  0.6470905183973262       4   3 0  0 0  0 1  0 0
   157  0.3021055299237026E-01   4   2 1  0 0  0 1  0 0
   158  0.6716488959358898       4   1 2  0 0  0 1  0 0
   159  -.1441574409813592       4   0 3  0 0  0 1  0 0
   160  -.2959706309719064E-03   4   2 0  1 0  0 1  0 0
   161  -.5041947441794774E-03   4   1 1  1 0  0 1  0 0
   162  0.5041353818986287E-04   4   0 2  1 0  0 1  0 0
   163   2.761443003989458       4   1 0  2 0  0 1  0 0
   164   1.032303979784641       4   0 1  2 0  0 1  0 0
   165  0.2125650668690988E-03   4   0 0  3 0  0 1  0 0
   166  -.1445436680431482E-03   4   2 0  0 1  0 1  0 0
   167  -.1840671453201376E-03   4   1 1  0 1  0 1  0 0
   168  0.3080195351508485E-04   4   0 2  0 1  0 1  0 0
   169   3.202776081434126       4   1 0  1 1  0 1  0 0
   170  0.3770805921578352       4   0 1  1 1  0 1  0 0
   171  0.4823634297280672E-03   4   0 0  2 1  0 1  0 0
   172   1.435351531180918       4   1 0  0 2  0 1  0 0
   173  -.1319375963801911       4   0 1  0 2  0 1  0 0
   174  0.3062576558543658E-03   4   0 0  1 2  0 1  0 0
   175  0.7167563255774191E-04   4   0 0  0 3  0 1  0 0
   176  0.6462196944739863       4   3 0  0 0  0 0  1 0
   177  0.3016989705392667E-01   4   2 1  0 0  0 0  1 0
   178  0.6707450225054559       4   1 2  0 0  0 0  1 0
   179  -.1439634406911920       4   0 3  0 0  0 0  1 0
   180  -.2955723276453565E-03   4   2 0  1 0  0 0  1 0
   181  -.5035162226546361E-03   4   1 1  1 0  0 0  1 0
   182  0.5034569402607495E-04   4   0 2  1 0  0 0  1 0
   183   2.757726784136988       4   1 0  2 0  0 0  1 0
   184   1.030914753739449       4   0 1  2 0  0 0  1 0
   185  0.2122790068199508E-03   4   0 0  3 0  0 0  1 0
   186  -.1443491479868028E-03   4   2 0  0 1  0 0  1 0
   187  -.1838194364307496E-03   4   1 1  0 1  0 0  1 0
   188  0.3076050169768980E-04   4   0 2  0 1  0 0  1 0
   189   3.198465936325337       4   1 0  1 1  0 0  1 0
   190  0.3765731348681003       4   0 1  1 1  0 0  1 0
   191  0.4817142877573405E-03   4   0 0  2 1  0 0  1 0
   192   1.433419902736027       4   1 0  0 2  0 0  1 0
   193  -.1317600409809854       4   0 1  0 2  0 0  1 0
   194  0.3058455087345402E-03   4   0 0  1 2  0 0  1 0
   195  0.7157917486940117E-04   4   0 0  0 3  0 0  1 0
   196  -1.293310212871315       4   3 0  0 0  0 0  0 1
   197  0.9366090884242075E-01   4   2 1  0 0  0 0  0 1
   198  -.2426400052112277       4   1 2  0 0  0 0  0 1
   199  -.1495717685631943       4   0 3  0 0  0 0  0 1
   200  0.5915429586172634E-03   4   2 0  1 0  0 0  0 1
   201  0.6659483602794367E-03   4   1 1  1 0  0 0  0 1
   202  0.9124359937464375E-05   4   0 2  1 0  0 0  0 1
   203  -5.519169788126456       4   1 0  2 0  0 0  0 1
   204  -1.201203205011288       4   0 1  2 0  0 0  0 1
   205  -.4248440736890475E-03   4   0 0  3 0  0 0  0 1
   206  0.2178922130485032E-03   4   2 0  0 1  0 0  0 1
   207  0.2011009575586224E-03   4   1 1  0 1  0 0  0 1
   208  -.3830212121455396E-07   4   0 2  0 1  0 0  0 1
   209  -4.330627448540853       4   1 0  1 1  0 0  0 1
   210  -.5465408114776007       4   0 1  1 1  0 0  0 1
   211  -.6322376400543021E-03   4   0 0  2 1  0 0  0 1
   212  -1.133456469318719       4   1 0  0 2  0 0  0 1
   213  -.2385062058794556       4   0 1  0 2  0 0  0 1
   214  -.2708436130390650E-03   4   0 0  1 2  0 0  0 1
   215  -.4340820631772555E-04   4   0 0  0 3  0 0  0 1
   216  -.1283210846703224E-04   4   2 0  0 0  0 2  0 0
   217  -.1649106556167272E-03   4   1 1  0 0  0 2  0 0
   218  0.1339237900667506E-03   4   0 2  0 0  0 2  0 0
   219  -.5990604466598222E-04   4   1 0  1 0  0 2  0 0
   220  0.3057802201071370E-04   4   0 1  1 0  0 2  0 0
   221  -.1100725250473449E-03   4   0 0  2 0  0 2  0 0
   222  -.6276580345341637E-04   4   1 0  0 1  0 2  0 0
   223  0.4472211432195059E-04   4   0 1  0 1  0 2  0 0
   224  -.5539558914077930E-04   4   0 0  1 1  0 2  0 0
   225  0.4006702557476838E-04   4   0 0  0 2  0 2  0 0
   226  0.4471324350065049E-04   4   2 0  0 0  0 1  1 0
   227  -.1977610908715924E-03   4   1 1  0 0  0 1  1 0
   228  0.1463298090872867E-03   4   0 2  0 0  0 1  1 0
   229  -.3688582452734454E-04   4   1 0  1 0  0 1  1 0
   230  0.2639431618145602E-04   4   0 1  1 0  0 1  1 0
   231  -.1211721336869629E-03   4   0 0  2 0  0 1  1 0
   232  -.6681685692435760E-04   4   1 0  0 1  0 1  1 0
   233  0.5397054965342175E-04   4   0 1  0 1  0 1  1 0
   234  -.4389448502336241E-04   4   0 0  1 1  0 1  1 0
   235  0.5098610731101215E-04   4   0 0  0 2  0 1  1 0
   236  -.1284492610809813E-04   4   2 0  0 0  0 0  2 0
   237  -.1645556578504374E-03   4   1 1  0 0  0 0  2 0
   238  0.1336450998613061E-03   4   0 2  0 0  0 0  2 0
   239  -.5980060633218564E-04   4   1 0  1 0  0 0  2 0
   240  0.3051911143637586E-04   4   0 1  1 0  0 0  2 0
   241  -.1098428607572226E-03   4   0 0  2 0  0 0  2 0
   242  -.6263637670462172E-04   4   1 0  0 1  0 0  2 0
   243  0.4462561389707741E-04   4   0 1  0 1  0 0  2 0
   244  -.5529150480295291E-04   4   0 0  1 1  0 0  2 0
   245  0.3997879790989314E-04   4   0 0  0 2  0 0  2 0
   246  -.1117806641764617E-03   4   2 0  0 0  0 1  0 1
   247  0.1098750029770517E-03   4   1 1  0 0  0 1  0 1
   248  0.3708003527951340E-04   4   0 2  0 0  0 1  0 1
   249  0.4354345342313537E-04   4   1 0  1 0  0 1  0 1
   250  -.1714692416089594E-04   4   0 1  1 0  0 1  0 1
   251  0.1030435126700157E-03   4   0 0  2 0  0 1  0 1
   252  0.1369883970991903E-04   4   1 0  0 1  0 1  0 1
   253  0.1612705902011667E-04   4   0 1  0 1  0 1  0 1
   254  0.3186096394514860E-04   4   0 0  1 1  0 1  0 1
   255  0.4323916516620292E-05   4   0 0  0 2  0 1  0 1
   256  -.1116302350266534E-03   4   2 0  0 0  0 0  1 1
   257  0.1097271383762747E-03   4   1 1  0 0  0 0  1 1
   258  0.3703013471555570E-04   4   0 2  0 0  0 0  1 1
   259  0.4348485469565018E-04   4   1 0  1 0  0 0  1 1
   260  -.1712384863846674E-04   4   0 1  1 0  0 0  1 1
   261  0.1029048415669368E-03   4   0 0  2 0  0 0  1 1
   262  0.1368040445704131E-04   4   1 0  0 1  0 0  1 1
   263  0.1610535598412938E-04   4   0 1  0 1  0 0  1 1
   264  0.3181808696142646E-04   4   0 0  1 1  0 0  1 1
   265  0.4318097593551393E-05   4   0 0  0 2  0 0  1 1
   266  0.1436862318994437E-03   4   2 0  0 0  0 0  0 2
   267  0.3986968210881104E-05   4   1 1  0 0  0 0  0 2
   268  -.9354771724273731E-05   4   0 2  0 0  0 0  0 2
   269  0.4266242785549637E-04   4   1 0  1 0  0 0  0 2
   270  -.1325060990607048E-04   4   0 1  1 0  0 0  0 2
   271  -.1720909805787895E-04   4   0 0  2 0  0 0  0 2
   272  0.2572734868026601E-04   4   1 0  0 1  0 0  0 2
   273  0.1176369629272487E-05   4   0 1  0 1  0 0  0 2
   274  0.1663079404831850E-04   4   0 0  1 1  0 0  0 2
   275  0.4863739263998921E-05   4   0 0  0 2  0 0  0 2
   276  0.1537613986768121       4   1 0  0 0  0 3  0 0
   277  -.9117584969205282E-01   4   0 1  0 0  0 3  0 0
   278  0.2566062024564980E-04   4   0 0  1 0  0 3  0 0
   279  0.1792662998722756E-04   4   0 0  0 1  0 3  0 0
   280  0.7780947243137726E-01   4   1 0  0 0  0 2  1 0
   281  -.9074316479368461E-02   4   0 1  0 0  0 2  1 0
   282  0.1559560581965437E-04   4   0 0  1 0  0 2  1 0
   283  0.1794980327233168E-04   4   0 0  0 1  0 2  1 0
   284  0.7796237351109921E-01   4   1 0  0 0  0 1  2 0
   285  -.9239801354355748E-02   4   0 1  0 0  0 1  2 0
   286  0.1561585364372461E-04   4   0 0  1 0  0 1  2 0
   287  0.1794970779501626E-04   4   0 0  0 1  0 1  2 0
   288  0.1533987258964353       4   1 0  0 0  0 0  3 0
   289  -.9098570188413495E-01   4   0 1  0 0  0 0  3 0
   290  0.2559834120340373E-04   4   0 0  1 0  0 0  3 0
   291  0.1787838104276360E-04   4   0 0  0 1  0 0  3 0
   292  -.1555678594590024       4   1 0  0 0  0 2  0 1
   293  -.1141585872663689       4   0 1  0 0  0 2  0 1
   294  -.3117507105460255E-04   4   0 0  1 0  0 2  0 1
   295  -.1799914374003207E-04   4   0 0  0 1  0 2  0 1
   296  -.8017401719167622E-01   4   1 0  0 0  0 1  1 1
   297  -.1101553665908339       4   0 1  0 0  0 1  1 1
   298  -.2118896895687393E-04   4   0 0  1 0  0 1  1 1
   299  -.1804424697267454E-04   4   0 0  0 1  0 1  1 1
   300  -.1553045563584687       4   1 0  0 0  0 0  2 1
   301  -.1139308370692761       4   0 1  0 0  0 0  2 1
   302  -.3111885955529719E-04   4   0 0  1 0  0 0  2 1
   303  -.1796277979206715E-04   4   0 0  0 1  0 0  2 1
   304  -.3550990335437038E-01   4   1 0  0 0  0 1  0 2
   305  -.8022339531433378E-02   4   0 1  0 0  0 1  0 2
   306  0.5720664622392496E-06   4   0 0  1 0  0 1  0 2
   307  0.8267880266670358E-07   4   0 0  0 1  0 1  0 2
   308  -.3546211579995983E-01   4   1 0  0 0  0 0  1 2
   309  -.8011543444971760E-02   4   0 1  0 0  0 0  1 2
   310  0.5712966021548882E-06   4   0 0  1 0  0 0  1 2
   311  0.8256753743058425E-07   4   0 0  0 1  0 0  1 2
   312  -.9134851876851860E-03   4   1 0  0 0  0 0  0 3
   313  -.9926016432353385E-04   4   0 1  0 0  0 0  0 3
   314  -.1285163103413511E-06   4   0 0  1 0  0 0  0 3
   315  -.1389760020030890E-07   4   0 0  0 1  0 0  0 3
   316  0.1629315205942122E-04   4   0 0  0 0  0 4  0 0
   317  0.7651814315898032E-05   4   0 0  0 0  0 3  1 0
   318  0.6506856963989835E-05   4   0 0  0 0  0 2  2 0
   319  0.7676547411295769E-05   4   0 0  0 0  0 1  3 0
   320  0.1624417487257308E-04   4   0 0  0 0  0 0  4 0
   321  0.5660743354199868E-06   4   0 0  0 0  0 3  0 1
   322  0.2107708251665286E-05   4   0 0  0 0  0 2  1 1
   323  0.2104594726461380E-05   4   0 0  0 0  0 1  2 1
   324  0.5635153232182259E-06   4   0 0  0 0  0 0  3 1
   325  -.3558777405487081E-06   4   0 0  0 0  0 2  0 2
   326  -.4134801431654088E-06   4   0 0  0 0  0 1  1 2
   327  -.3551205960124020E-06   4   0 0  0 0  0 0  2 2
   328  -.8979166887594431E-08   4   0 0  0 0  0 1  0 3
   329  -.8967083147970581E-08   4   0 0  0 0  0 0  1 3
   330  -.5656718295283750E-14   4   0 0  0 0  0 0  0 4
   ----------------------------------------------------
     I  COEFFICIENT            ORDER EXPONENTS
     1  0.6740110374647933E-04   0   0 0  0 0  0 0  0 0
     2  -1.282323792222085       1   1 0  0 0  0 0  0 0
     3  0.6764514580245614       1   0 1  0 0  0 0  0 0
     4  -.1852272185057585E-03   1   0 0  1 0  0 0  0 0
     5  -.4520960951830983E-04   1   0 0  0 1  0 0  0 0
     6  0.1749513628921512E-05   1   0 0  0 0  0 1  0 0
     7  0.1747159215931416E-05   1   0 0  0 0  0 0  1 0
     8  0.6390443090162638E-04   1   0 0  0 0  0 0  0 1
     9  0.9416430082979872E-04   2   2 0  0 0  0 0  0 0
    10  0.3466240855808900E-03   2   1 1  0 0  0 0  0 0
    11  0.4967384337254287E-04   2   0 2  0 0  0 0  0 0
    12  0.3636686735799993E-03   2   1 0  1 0  0 0  0 0
    13  0.2731972698833583E-03   2   0 1  1 0  0 0  0 0
    14  -.6208902861516119E-05   2   0 0  2 0  0 0  0 0
    15  0.2339870265842300E-03   2   1 0  0 1  0 0  0 0
    16  0.1102089223285532E-03   2   0 1  0 1  0 0  0 0
    17  -.2147694671828167E-03   2   0 0  1 1  0 0  0 0
    18  -.2427579834565870E-04   2   0 0  0 2  0 0  0 0
    19  -.5396810647324584E-01   2   1 0  0 0  0 1  0 0
    20  0.1534997079486231       2   0 1  0 0  0 1  0 0
    21  0.4190861341800998E-06   2   0 0  1 0  0 1  0 0
    22  0.2268055813166065E-04   2   0 0  0 1  0 1  0 0
    23  -.5389547873898307E-01   2   1 0  0 0  0 0  1 0
    24  0.1532931352758563       2   0 1  0 0  0 0  1 0
    25  0.4185221478115383E-06   2   0 0  1 0  0 0  1 0
    26  0.2265003570542475E-04   2   0 0  0 1  0 0  1 0
    27  -1.174460207009857       2   1 0  0 0  0 0  0 1
    28  -.3067928432244793       2   0 1  0 0  0 0  0 1
    29  -.1860648267877504E-03   2   0 0  1 0  0 0  0 1
    30  -.4533059383708550E-04   2   0 0  0 1  0 0  0 1
    31  -.1294043132249069E-05   2   0 0  0 0  0 2  0 0
    32  -.8397936616118371E-06   2   0 0  0 0  0 1  1 0
    33  -.1291736592571778E-05   2   0 0  0 0  0 0  2 0
    34  0.3427875053557862E-05   2   0 0  0 0  0 1  0 1
    35  0.3423261980860942E-05   2   0 0  0 0  0 0  1 1
    36  -.3425566424672243E-05   2   0 0  0 0  0 0  0 2
    37  -1.113526403073891       3   3 0  0 0  0 0  0 0
    38  -1.273160684412185       3   2 1  0 0  0 0  0 0
    39  0.2412830300416064       3   1 2  0 0  0 0  0 0
    40  -.4331650617727175E-01   3   0 3  0 0  0 0  0 0
    41  0.8480390752887363E-03   3   2 0  1 0  0 0  0 0
    42  0.4401367908061349E-03   3   1 1  1 0  0 0  0 0
    43  0.6137152727902874E-04   3   0 2  1 0  0 0  0 0
    44  -5.822423060864552       3   1 0  2 0  0 0  0 0
    45  -1.106376417351940       3   0 1  2 0  0 0  0 0
    46  -.2140854752929550E-03   3   0 0  3 0  0 0  0 0
    47  0.1828343583310551E-03   3   2 0  0 1  0 0  0 0
    48  0.2898160873845915E-03   3   1 1  0 1  0 0  0 0
    49  0.3822955239055272E-04   3   0 2  0 1  0 0  0 0
    50  -3.543875325874900       3   1 0  1 1  0 0  0 0
    51  -1.014961416557135       3   0 1  1 1  0 0  0 0
    52  -.1491379052870026E-03   3   0 0  2 1  0 0  0 0
    53  -1.029721873830187       3   1 0  0 2  0 0  0 0
    54  -.4667880719565649       3   0 1  0 2  0 0  0 0
    55  -.4034321148774711E-04   3   0 0  1 2  0 0  0 0
    56  -.2656360161050905E-04   3   0 0  0 3  0 0  0 0
    57  -.1703479181566318E-04   3   2 0  0 0  0 1  0 0
    58  -.1851124236572531E-03   3   1 1  0 0  0 1  0 0
    59  -.5458830837985729E-04   3   0 2  0 0  0 1  0 0
    60  -.1766613748831912E-03   3   1 0  1 0  0 1  0 0
    61  -.1897455975939645E-03   3   0 1  1 0  0 1  0 0
    62  -.1072328064127057E-04   3   0 0  2 0  0 1  0 0
    63  -.1434466058496772E-03   3   1 0  0 1  0 1  0 0
    64  -.1229454007999470E-03   3   0 1  0 1  0 1  0 0
    65  0.6790428843706811E-04   3   0 0  1 1  0 1  0 0
    66  0.1895370769732834E-04   3   0 0  0 2  0 1  0 0
    67  -.1701186719565990E-04   3   2 0  0 0  0 0  1 0
    68  -.1848633080815413E-03   3   1 1  0 0  0 0  1 0
    69  -.5451484600709669E-04   3   0 2  0 0  0 0  1 0
    70  -.1764236323306358E-03   3   1 0  1 0  0 0  1 0
    71  -.1894902469111223E-03   3   0 1  1 0  0 0  1 0
    72  -.1070884975555379E-04   3   0 0  2 0  0 0  1 0
    73  -.1432535621679282E-03   3   1 0  0 1  0 0  1 0
    74  -.1227799466737669E-03   3   0 1  0 1  0 0  1 0
    75  0.6781290604590873E-04   3   0 0  1 1  0 0  1 0
    76  0.1892820069076625E-04   3   0 0  0 2  0 0  1 0
    77  0.1282109598411219E-03   3   2 0  0 0  0 0  0 1
    78  0.3699757317387949E-03   3   1 1  0 0  0 0  0 1
    79  0.5942931101441054E-04   3   0 2  0 0  0 0  0 1
    80  0.7167536807938280E-03   3   1 0  1 0  0 0  0 1
    81  0.3792358445050867E-03   3   0 1  1 0  0 0  0 1
    82  0.1522322753530600E-04   3   0 0  2 0  0 0  0 1
    83  0.2867001680176055E-03   3   1 0  0 1  0 0  0 1
    84  0.1355164251451603E-03   3   0 1  0 1  0 0  0 1
    85  -.1357171944829788E-03   3   0 0  1 1  0 0  0 1
    86  -.1360611004243663E-04   3   0 0  0 2  0 0  0 1
    87  0.3971545642594446E-01   3   1 0  0 0  0 2  0 0
    88  -.1109895778321182       3   0 1  0 0  0 2  0 0
    89  -.3810009065357799E-06   3   0 0  1 0  0 2  0 0
    90  -.1700652665686305E-04   3   0 0  0 1  0 2  0 0
    91  0.2550106439858865E-01   3   1 0  0 0  0 1  1 0
    92  -.6859359453989278E-01   3   0 1  0 0  0 1  1 0
    93  -.3739366518866554E-06   3   0 0  1 0  0 1  1 0
    94  -.1137604254790811E-04   3   0 0  0 1  0 1  1 0
    95  0.3964485017108921E-01   3   1 0  0 0  0 0  2 0
    96  -.1107940582756160       3   0 1  0 0  0 0  2 0
    97  -.3802365603101315E-06   3   0 0  1 0  0 0  2 0
    98  -.1697598540390575E-04   3   0 0  0 1  0 0  2 0
    99  -.1049319756974294       3   1 0  0 0  0 1  0 1
   100  0.1370730683386251       3   0 1  0 0  0 1  0 1
   101  0.1189300441916591E-05   3   0 0  1 0  0 1  0 1
   102  0.2278472251523119E-04   3   0 0  0 1  0 1  0 1
   103  -.1047907631898089       3   1 0  0 0  0 0  1 1
   104  0.1368886018632849       3   0 1  0 0  0 0  1 1
   105  0.1187699937431666E-05   3   0 0  1 0  0 0  1 1
   106  0.2275405990947703E-04   3   0 0  0 1  0 0  1 1
   107  0.1048613600505093       3   1 0  0 0  0 0  0 2
   108  0.1641557412453930E-01   3   0 1  0 0  0 0  0 2
   109  -.1226918426957128E-05   3   0 0  1 0  0 0  0 2
   110  -.1357078043123047E-06   3   0 0  0 1  0 0  0 2
   111  0.1066552222567032E-05   3   0 0  0 0  0 3  0 0
   112  0.6118799665631477E-06   3   0 0  0 0  0 2  1 0
   113  0.6127948838567565E-06   3   0 0  0 0  0 1  2 0
   114  0.1063988084676938E-05   3   0 0  0 0  0 0  3 0
   115  -.2517500666388199E-05   3   0 0  0 0  0 2  0 1
   116  -.1609570348845591E-05   3   0 0  0 0  0 1  1 1
   117  -.2513029690573153E-05   3   0 0  0 0  0 0  2 1
   118  0.1608351264718187E-05   3   0 0  0 0  0 1  0 2
   119  0.1606186821385124E-05   3   0 0  0 0  0 0  1 2
   120  0.7034277952296501E-07   3   0 0  0 0  0 0  0 3
   121  -.3667648859323984E-03   4   4 0  0 0  0 0  0 0
   122  0.6593049641748267E-03   4   3 1  0 0  0 0  0 0
   123  0.6220189415938008E-03   4   2 2  0 0  0 0  0 0
   124  0.2300790757701972E-03   4   1 3  0 0  0 0  0 0
   125  0.4048092654524995E-04   4   0 4  0 0  0 0  0 0
   126  -.5240618681931869E-07   4   3 0  1 0  0 0  0 0
   127  0.4191827359710983E-03   4   2 1  1 0  0 0  0 0
   128  0.1670242962471200E-03   4   1 2  1 0  0 0  0 0
   129  0.1714459615283569E-04   4   0 3  1 0  0 0  0 0
   130  -.3388505061400003E-03   4   2 0  2 0  0 0  0 0
   131  0.3014120485761307E-02   4   1 1  2 0  0 0  0 0
   132  0.5588378472973576E-04   4   0 2  2 0  0 0  0 0
   133  -.2253333953735987E-06   4   1 0  3 0  0 0  0 0
   134  0.7317206149071865E-03   4   0 1  3 0  0 0  0 0
   135  0.6800006048288394E-03   4   0 0  4 0  0 0  0 0
   136  -.1866021040140704E-06   4   3 0  0 1  0 0  0 0
   137  0.3986251521216870E-04   4   2 1  0 1  0 0  0 0
   138  -.6026471042029258E-04   4   1 2  0 1  0 0  0 0
   139  -.1582961137360809E-04   4   0 3  0 1  0 0  0 0
   140  0.2541868384721628E-02   4   2 0  1 1  0 0  0 0
   141  0.3247551807563854E-02   4   1 1  1 1  0 0  0 0
   142  -.5348895533304352E-04   4   0 2  1 1  0 0  0 0
   143  0.1463404935564026E-02   4   1 0  2 1  0 0  0 0
   144  0.7933819251582052E-03   4   0 1  2 1  0 0  0 0
   145  0.1001443553982290E-02   4   0 0  3 1  0 0  0 0
   146  0.3423330440527800E-03   4   2 0  0 2  0 0  0 0
   147  0.1145513812071395E-02   4   1 1  0 2  0 0  0 0
   148  0.4173896346582283E-04   4   0 2  0 2  0 0  0 0
   149  0.4325149173262360E-03   4   1 0  1 2  0 0  0 0
   150  0.3735420876190568E-03   4   0 1  1 2  0 0  0 0
   151  0.4163239294590146E-03   4   0 0  2 2  0 0  0 0
   152  -.4811569362282657E-04   4   1 0  0 3  0 0  0 0
   153  0.1163380855466607E-04   4   0 1  0 3  0 0  0 0
   154  -.1529929405609851E-04   4   0 0  1 3  0 0  0 0
   155  -.7085615866944945E-04   4   0 0  0 4  0 0  0 0
   156  0.2890796794589367       4   3 0  0 0  0 1  0 0
   157   1.060586012300834       4   2 1  0 0  0 1  0 0
   158  -.6996382355310517E-01   4   1 2  0 0  0 1  0 0
   159  0.8203373958827696E-01   4   0 3  0 0  0 1  0 0
   160  -.4844332891385151E-03   4   2 0  1 0  0 1  0 0
   161  -.4843309962343715E-03   4   1 1  1 0  0 1  0 0
   162  -.9929746412948428E-04   4   0 2  1 0  0 1  0 0
   163   3.165285623411190       4   1 0  2 0  0 1  0 0
   164   1.264509063647088       4   0 1  2 0  0 1  0 0
   165  0.9099812050196198E-04   4   0 0  3 0  0 1  0 0
   166  -.1861823044258634E-03   4   2 0  0 1  0 1  0 0
   167  -.3481654207910854E-03   4   1 1  0 1  0 1  0 0
   168  -.6625974926237642E-04   4   0 2  0 1  0 1  0 0
   169   3.532271713861349       4   1 0  1 1  0 1  0 0
   170   1.571196691172601       4   0 1  1 1  0 1  0 0
   171  0.1345866091424050E-03   4   0 0  2 1  0 1  0 0
   172   1.184434290308335       4   1 0  0 2  0 1  0 0
   173  0.7665352243110920       4   0 1  0 2  0 1  0 0
   174  0.5702346264417153E-04   4   0 0  1 2  0 1  0 0
   175  0.4160080070975716E-04   4   0 0  0 3  0 1  0 0
   176  0.2886906496501730       4   3 0  0 0  0 0  1 0
   177   1.059158725629167       4   2 1  0 0  0 0  1 0
   178  -.6986966953664817E-01   4   1 2  0 0  0 0  1 0
   179  0.8192334244765390E-01   4   0 3  0 0  0 0  1 0
   180  -.4837813616485416E-03   4   2 0  1 0  0 0  1 0
   181  -.4836792064053683E-03   4   1 1  1 0  0 0  1 0
   182  -.9916383428198570E-04   4   0 2  1 0  0 0  1 0
   183   3.161025931193944       4   1 0  2 0  0 0  1 0
   184   1.262807346943476       4   0 1  2 0  0 0  1 0
   185  0.9087565951998302E-04   4   0 0  3 0  0 0  1 0
   186  -.1859317490550351E-03   4   2 0  0 1  0 0  1 0
   187  -.3476968761762523E-03   4   1 1  0 1  0 0  1 0
   188  -.6617058001453350E-04   4   0 2  0 1  0 0  1 0
   189   3.527518149059023       4   1 0  1 1  0 0  1 0
   190   1.569082248713552       4   0 1  1 1  0 0  1 0
   191  0.1344054888266681E-03   4   0 0  2 1  0 0  1 0
   192   1.182840334460888       4   1 0  0 2  0 0  1 0
   193  0.7655036573317702       4   0 1  0 2  0 0  1 0
   194  0.5694672315556690E-04   4   0 0  1 2  0 0  1 0
   195  0.4154481631273965E-04   4   0 0  0 3  0 0  1 0
   196  -1.691296732183002       4   3 0  0 0  0 0  0 1
   197  -2.119744737930004       4   2 1  0 0  0 0  0 1
   198  -.1014495369518533       4   1 2  0 0  0 0  0 1
   199  -.7732406968138668E-01   4   0 3  0 0  0 0  0 1
   200  0.1816253726075795E-02   4   2 0  1 0  0 0  0 1
   201  0.9680102026397400E-03   4   1 1  1 0  0 0  0 1
   202  0.1370897711324413E-03   4   0 2  1 0  0 0  0 1
   203  -12.14873461546970       4   1 0  2 0  0 0  0 1
   204  -2.527316410590557       4   0 1  2 0  0 0  0 1
   205  -.3959592553148969E-03   4   0 0  3 0  0 0  0 1
   206  0.3721140534808991E-03   4   2 0  0 1  0 0  0 1
   207  0.4060462095827463E-03   4   1 1  0 1  0 0  0 1
   208  0.5597122449580437E-04   4   0 2  0 1  0 0  0 1
   209  -7.059789862920388       4   1 0  1 1  0 0  0 1
   210  -2.125317523329017       4   0 1  1 1  0 0  0 1
   211  -.2689920979690706E-03   4   0 0  2 1  0 0  0 1
   212  -1.337552750939039       4   1 0  0 2  0 0  0 1
   213  -.5984627377297307       4   0 1  0 2  0 0  0 1
   214  -.7362697431198988E-04   4   0 0  1 2  0 0  0 1
   215  -.3001841380147836E-04   4   0 0  0 3  0 0  0 1
   216  -.1563285447889090E-03   4   2 0  0 0  0 2  0 0
   217  0.1999755284451504E-03   4   1 1  0 0  0 2  0 0
   218  0.4279908280463719E-04   4   0 2  0 0  0 2  0 0
   219  -.1871421130810281E-03   4   1 0  1 0  0 2  0 0
   220  -.8654144665325643E-05   4   0 1  1 0  0 2  0 0
   221  -.1984517686933240E-03   4   0 0  2 0  0 2  0 0
   222  -.1152030948840981E-03   4   1 0  0 1  0 2  0 0
   223  -.3799124116383394E-04   4   0 1  0 1  0 2  0 0
   224  -.3510204104842994E-03   4   0 0  1 1  0 2  0 0
   225  -.1651657666403766E-03   4   0 0  0 2  0 2  0 0
   226  -.1425028433160795E-03   4   2 0  0 0  0 1  1 0
   227  0.1356238457448963E-03   4   1 1  0 0  0 1  1 0
   228  0.3360783531499332E-04   4   0 2  0 0  0 1  1 0
   229  -.2213704709889553E-03   4   1 0  1 0  0 1  1 0
   230  -.5791371079227731E-04   4   0 1  1 0  0 1  1 0
   231  -.2022997052321258E-03   4   0 0  2 0  0 1  1 0
   232  -.1395988139253981E-03   4   1 0  0 1  0 1  1 0
   233  -.6234823383561945E-04   4   0 1  0 1  0 1  1 0
   234  -.3644637788652523E-03   4   0 0  1 1  0 1  1 0
   235  -.1908037645821662E-03   4   0 0  0 2  0 1  1 0
   236  -.1560222783955372E-03   4   2 0  0 0  0 0  2 0
   237  0.1996151527135525E-03   4   1 1  0 0  0 0  2 0
   238  0.4271887189560773E-04   4   0 2  0 0  0 0  2 0
   239  -.1867413110714320E-03   4   1 0  1 0  0 0  2 0
   240  -.8603529553987785E-05   4   0 1  1 0  0 0  2 0
   241  -.1980485789511009E-03   4   0 0  2 0  0 0  2 0
   242  -.1149541272359782E-03   4   1 0  0 1  0 0  2 0
   243  -.3789816168457836E-04   4   0 1  0 1  0 0  2 0
   244  -.3503027846703814E-03   4   0 0  1 1  0 0  2 0
   245  -.1648151069785731E-03   4   0 0  0 2  0 0  2 0
   246  0.2852759634994602E-03   4   2 0  0 0  0 1  0 1
   247  -.1198743286744051E-03   4   1 1  0 0  0 1  0 1
   248  -.2916917139426270E-04   4   0 2  0 0  0 1  0 1
   249  0.2978140985556748E-03   4   1 0  1 0  0 1  0 1
   250  0.8291738398573257E-05   4   0 1  1 0  0 1  0 1
   251  0.4571928922987410E-03   4   0 0  2 0  0 1  0 1
   252  0.9143425577909593E-04   4   1 0  0 1  0 1  0 1
   253  0.1777036075460401E-04   4   0 1  0 1  0 1  0 1
   254  0.5580764825448013E-03   4   0 0  1 1  0 1  0 1
   255  0.1677783187487481E-03   4   0 0  0 2  0 1  0 1
   256  0.2848920525523727E-03   4   2 0  0 0  0 0  1 1
   257  -.1197130074523563E-03   4   1 1  0 0  0 0  1 1
   258  -.2912991689809580E-04   4   0 2  0 0  0 0  1 1
   259  0.2974133143773309E-03   4   1 0  1 0  0 0  1 1
   260  0.8280579767812571E-05   4   0 1  1 0  0 0  1 1
   261  0.4565776236510398E-03   4   0 0  2 0  0 0  1 1
   262  0.9131120786681569E-04   4   1 0  0 1  0 0  1 1
   263  0.1774644624058853E-04   4   0 1  0 1  0 0  1 1
   264  0.5573254495158265E-03   4   0 0  1 1  0 0  1 1
   265  0.1675525305944946E-03   4   0 0  0 2  0 0  1 1
   266  -.1153143516391588E-03   4   2 0  0 0  0 0  0 2
   267  -.1069751502439205E-03   4   1 1  0 0  0 0  0 2
   268  -.1349743312451351E-04   4   0 2  0 0  0 0  0 2
   269  0.2648227625153087E-07   4   1 0  1 0  0 0  0 2
   270  -.1317176194471842E-04   4   0 1  1 0  0 0  0 2
   271  -.3149704599090939E-03   4   0 0  2 0  0 0  0 2
   272  0.5757395576542332E-08   4   1 0  0 1  0 0  0 2
   273  -.1258047889068337E-05   4   0 1  0 1  0 0  0 2
   274  -.1682592585889315E-03   4   0 0  1 1  0 0  0 2
   275  -.1929130606534335E-04   4   0 0  0 2  0 0  0 2
   276  -.3259918015181879E-01   4   1 0  0 0  0 3  0 0
   277  0.8979091088260269E-01   4   0 1  0 0  0 3  0 0
   278  0.4082343169073479E-06   4   0 0  1 0  0 3  0 0
   279  0.1421924140101160E-04   4   0 0  0 1  0 3  0 0
   280  -.1837622956732925E-01   4   1 0  0 0  0 2  1 0
   281  0.4742209823606470E-01   4   0 1  0 0  0 2  1 0
   282  0.4359545407402464E-06   4   0 0  1 0  0 2  1 0
   283  0.8624499034527298E-05   4   0 0  0 1  0 2  1 0
   284  -.1840485187406107E-01   4   1 0  0 0  0 1  2 0
   285  0.4750738123914457E-01   4   0 1  0 0  0 1  2 0
   286  0.4358974748843280E-06   4   0 0  1 0  0 1  2 0
   287  0.8635754117783222E-05   4   0 0  0 1  0 1  2 0
   288  -.3252102623937918E-01   4   1 0  0 0  0 0  3 0
   289  0.8957779015724739E-01   4   0 1  0 0  0 0  3 0
   290  0.4071172948786707E-06   4   0 0  1 0  0 0  3 0
   291  0.1418474262844941E-04   4   0 0  0 1  0 0  3 0
   292  0.7645831100572451E-01   4   1 0  0 0  0 2  0 1
   293  -.9481564752809965E-01   4   0 1  0 0  0 2  0 1
   294  -.1229949757803574E-05   4   0 0  1 0  0 2  0 1
   295  -.1720081026740742E-04   4   0 0  0 1  0 2  0 1
   296  0.4806109330893158E-01   4   1 0  0 0  0 1  1 1
   297  -.5267171456209202E-01   4   0 1  0 0  0 1  1 1
   298  -.1270487511327834E-05   4   0 0  1 0  0 1  1 1
   299  -.1163188588671965E-04   4   0 0  0 1  0 1  1 1
   300  0.7632307783696150E-01   4   1 0  0 0  0 0  2 1
   301  -.9465260754260026E-01   4   0 1  0 0  0 0  2 1
   302  -.1227439668276672E-05   4   0 0  1 0  0 0  2 1
   303  -.1716983540567845E-04   4   0 0  0 1  0 0  2 1
   304  -.4802287506848864E-01   4   1 0  0 0  0 1  0 2
   305  -.1592157543131765E-01   4   0 1  0 0  0 1  0 2
   306  0.1235787782793048E-05   4   0 0  1 0  0 1  0 2
   307  0.2053861431420460E-06   4   0 0  0 1  0 1  0 2
   308  -.4795824814646127E-01   4   1 0  0 0  0 0  1 2
   309  -.1590014892546016E-01   4   0 1  0 0  0 0  1 2
   310  0.1234124717835566E-05   4   0 0  1 0  0 0  1 2
   311  0.2051097441501015E-06   4   0 0  0 1  0 0  1 2
   312  -.2960078945186104E-02   4   1 0  0 0  0 0  0 3
   313  -.3364746307667355E-03   4   0 1  0 0  0 0  0 3
   314  -.4143313575236147E-06   4   0 0  1 0  0 0  0 3
   315  -.4636009259474861E-07   4   0 0  0 1  0 0  0 3
   316  -.1081710616277842E-04   4   0 0  0 0  0 4  0 0
   317  -.5614382420266980E-05   4   0 0  0 0  0 3  1 0
   318  -.4924078658513838E-05   4   0 0  0 0  0 2  2 0
   319  -.5629270294746783E-05   4   0 0  0 0  0 1  3 0
   320  -.1078423119724529E-04   4   0 0  0 0  0 0  4 0
   321  0.1164147726726590E-04   4   0 0  0 0  0 3  0 1
   322  0.5933815046255820E-05   4   0 0  0 0  0 2  1 1
   323  0.5945305075532257E-05   4   0 0  0 0  0 1  2 1
   324  0.1161399010315978E-04   4   0 0  0 0  0 0  3 1
   325  0.8225422124720174E-06   4   0 0  0 0  0 2  0 2
   326  0.9800212292015224E-06   4   0 0  0 0  0 1  1 2
   327  0.8207758407358269E-06   4   0 0  0 0  0 0  2 2
   328  0.5573778123350494E-08   4   0 0  0 0  0 1  0 3
   329  0.5566277195435158E-08   4   0 0  0 0  0 0  1 3
   330  -.2544436140300348E-14   4   0 0  0 0  0 0  0 4
   ----------------------------------------------------
     I  COEFFICIENT            ORDER EXPONENTS
     1  -.5052297084564471E-04   0   0 0  0 0  0 0  0 0
     2  -.8136225591930574E-04   1   1 0  0 0  0 0  0 0
     3  -.1790405711157302E-04   1   0 1  0 0  0 0  0 0
     4   1.652873692985845       1   0 0  1 0  0 0  0 0
     5  0.8245126776517218       1   0 0  0 1  0 0  0 0
     6  0.6776908231973562E-05   1   0 0  0 0  0 1  0 0
     7  0.6767788188259655E-05   1   0 0  0 0  0 0  1 0
     8  -.1354469642036594E-04   1   0 0  0 0  0 0  0 1
     9  -.1148128543142055E-03   2   2 0  0 0  0 0  0 0
    10  0.5341113538347730E-04   2   1 1  0 0  0 0  0 0
    11  0.2715969339115075E-05   2   0 2  0 0  0 0  0 0
    12  0.4801405917450158E-03   2   1 0  1 0  0 0  0 0
    13  0.1558617988015639E-04   2   0 1  1 0  0 0  0 0
    14  0.5720148755347911E-04   2   0 0  2 0  0 0  0 0
    15  -.1156474977587715E-03   2   1 0  0 1  0 0  0 0
    16  -.1449713815282393E-04   2   0 1  0 1  0 0  0 0
    17  -.1425120343956512E-03   2   0 0  1 1  0 0  0 0
    18  -.4855723191306730E-04   2   0 0  0 2  0 0  0 0
    19  0.4082311560287713E-04   2   1 0  0 0  0 1  0 0
    20  0.1792143048179820E-04   2   0 1  0 0  0 1  0 0
    21  -.3474849564168263       2   0 0  1 0  0 1  0 0
    22  -.4858509372920859       2   0 0  0 1  0 1  0 0
    23  0.4076817777782558E-04   2   1 0  0 0  0 0  1 0
    24  0.1789731266526359E-04   2   0 1  0 0  0 0  1 0
    25  -.3470173275388794       2   0 0  1 0  0 0  1 0
    26  -.4851971019980401       2   0 0  0 1  0 0  1 0
    27  -.8159129338070290E-04   2   1 0  0 0  0 0  0 1
    28  -.1791468603568817E-04   2   0 1  0 0  0 0  0 1
    29  0.6945022839557083       2   0 0  1 0  0 0  0 1
    30  0.1465353616384057       2   0 0  0 1  0 0  0 1
    31  -.5197521411463604E-05   2   0 0  0 0  0 2  0 0
    32  -.3622375777452473E-05   2   0 0  0 0  0 1  1 0
    33  -.5188089420850960E-05   2   0 0  0 0  0 0  2 0
    34  0.7240520264300537E-05   2   0 0  0 0  0 1  0 1
    35  0.7230776313362804E-05   2   0 0  0 0  0 0  1 1
    36  -.4633008412812804E-06   2   0 0  0 0  0 0  0 2
    37  0.4241217688567675E-04   3   3 0  0 0  0 0  0 0
    38  0.4413351017138504E-04   3   2 1  0 0  0 0  0 0
    39  -.2742650376969487E-04   3   1 2  0 0  0 0  0 0
    40  -.1767089414622121E-04   3   0 3  0 0  0 0  0 0
    41  -1.188020031308940       3   2 0  1 0  0 0  0 0
    42  -1.665871918911567       3   1 1  1 0  0 0  0 0
    43  0.3821670746308494       3   0 2  1 0  0 0  0 0
    44  -.3525294601820788E-03   3   1 0  2 0  0 0  0 0
    45  -.3050191335528374E-03   3   0 1  2 0  0 0  0 0
    46  0.1650754280800739       3   0 0  3 0  0 0  0 0
    47  0.8472126941582502       3   2 0  0 1  0 0  0 0
    48  -.5178857899910827       3   1 1  0 1  0 0  0 0
    49  0.4119814559522138       3   0 2  0 1  0 0  0 0
    50  -.4099775810868924E-03   3   1 0  1 1  0 0  0 0
    51  -.2030207236325631E-03   3   0 1  1 1  0 0  0 0
    52   2.069222002700164       3   0 0  2 1  0 0  0 0
    53  -.1980742116892960E-03   3   1 0  0 2  0 0  0 0
    54  -.6749934013803289E-04   3   0 1  0 2  0 0  0 0
    55   1.601366009873171       3   0 0  1 2  0 0  0 0
    56  0.6693530192363883       3   0 0  0 3  0 0  0 0
    57  0.7784226804900238E-04   3   2 0  0 0  0 1  0 0
    58  -.6001528288636281E-04   3   1 1  0 0  0 1  0 0
    59  -.6071801363881310E-05   3   0 2  0 0  0 1  0 0
    60  -.3126863339489059E-03   3   1 0  1 0  0 1  0 0
    61  -.4802756194467687E-04   3   0 1  1 0  0 1  0 0
    62  0.6655899714943752E-05   3   0 0  2 0  0 1  0 0
    63  0.1160271935889324E-03   3   1 0  0 1  0 1  0 0
    64  0.1624689884685466E-04   3   0 1  0 1  0 1  0 0
    65  0.1922457595599853E-03   3   0 0  1 1  0 1  0 0
    66  0.8200906399426180E-04   3   0 0  0 2  0 1  0 0
    67  0.7773751159324111E-04   3   2 0  0 0  0 0  1 0
    68  -.5993451714707666E-04   3   1 1  0 0  0 0  1 0
    69  -.6063630219759853E-05   3   0 2  0 0  0 0  1 0
    70  -.3122655354170743E-03   3   1 0  1 0  0 0  1 0
    71  -.4796292871527177E-04   3   0 1  1 0  0 0  1 0
    72  0.6646942518789859E-05   3   0 0  2 0  0 0  1 0
    73  0.1158710496599726E-03   3   1 0  0 1  0 0  1 0
    74  0.1622503453607656E-04   3   0 1  0 1  0 0  1 0
    75  0.1919870442769982E-03   3   0 0  1 1  0 0  1 0
    76  0.8189870006089087E-04   3   0 0  0 2  0 0  1 0
    77  -.1555797796422439E-03   3   2 0  0 0  0 0  0 1
    78  0.6653866464996231E-04   3   1 1  0 0  0 0  0 1
    79  0.6703492905410837E-05   3   0 2  0 0  0 0  0 1
    80  0.6249518693659817E-03   3   1 0  1 0  0 0  0 1
    81  0.8040431077979305E-04   3   0 1  1 0  0 0  0 1
    82  -.1330284223373264E-04   3   0 0  2 0  0 0  0 1
    83  -.1162507454901336E-03   3   1 0  0 1  0 0  0 1
    84  -.3477657077284007E-05   3   0 1  0 1  0 0  0 1
    85  -.2417207694413279E-03   3   0 0  1 1  0 0  0 1
    86  -.6679330022901683E-04   3   0 0  0 2  0 0  0 1
    87  -.3069868225488810E-04   3   1 0  0 0  0 2  0 0
    88  -.1795580218138906E-04   3   0 1  0 0  0 2  0 0
    89  0.2712265805412071       3   0 0  1 0  0 2  0 0
    90  0.4025077030950392       3   0 0  0 1  0 2  0 0
    91  -.2060662324290393E-04   3   1 0  0 0  0 1  1 0
    92  -.1797222250682267E-04   3   0 1  0 0  0 1  1 0
    93  0.1951728507438805       3   0 0  1 0  0 1  1 0
    94  0.3193879401828278       3   0 0  0 1  0 1  1 0
    95  -.3064350370388637E-04   3   1 0  0 0  0 0  2 0
    96  -.1791954502400435E-04   3   0 1  0 0  0 0  2 0
    97  0.2707302493794042       3   0 0  1 0  0 0  2 0
    98  0.4017511185789126       3   0 0  0 1  0 0  2 0
    99  0.4119254242583384E-04   3   1 0  0 0  0 1  0 1
   100  0.1797200184922848E-04   3   0 1  0 0  0 1  0 1
   101  -.3901411387456457       3   0 0  1 0  0 1  0 1
   102  -.1527015987130504       3   0 0  0 1  0 1  0 1
   103  0.4113710744357443E-04   3   1 0  0 0  0 0  1 1
   104  0.1794781597613092E-04   3   0 1  0 0  0 0  1 1
   105  -.3896161051878370       3   0 0  1 0  0 0  1 1
   106  -.1524961000980799       3   0 0  0 1  0 0  1 1
   107  -.3770957171327883E-06   3   1 0  0 0  0 0  0 2
   108  -.4030712442987779E-07   3   0 1  0 0  0 0  0 2
   109  0.4262750658842758E-01   3   0 0  1 0  0 0  0 2
   110  0.6063499341726711E-02   3   0 0  0 1  0 0  0 2
   111  0.4409164289608268E-05   3   0 0  0 0  0 3  0 0
   112  0.2833509419210418E-05   3   0 0  0 0  0 2  1 0
   113  0.2836678104552817E-05   3   0 0  0 0  0 1  2 0
   114  0.4398359790894112E-05   3   0 0  0 0  0 0  3 0
   115  -.5665945118669697E-05   3   0 0  0 0  0 2  0 1
   116  -.4095594838212091E-05   3   0 0  0 0  0 1  1 1
   117  -.5655564327536273E-05   3   0 0  0 0  0 0  2 1
   118  0.4732211769735019E-06   3   0 0  0 0  0 1  0 2
   119  0.4725843382156650E-06   3   0 0  0 0  0 0  1 2
   120  -.6401277542238667E-08   3   0 0  0 0  0 0  0 3
   121  -.1064691417806563E-03   4   4 0  0 0  0 0  0 0
   122  0.6990156930392221E-04   4   3 1  0 0  0 0  0 0
   123  0.1420842956914541E-04   4   2 2  0 0  0 0  0 0
   124  -.2790584707876347E-05   4   1 3  0 0  0 0  0 0
   125  0.2628852183896732E-04   4   0 4  0 0  0 0  0 0
   126  -.4088291665446358E-03   4   3 0  1 0  0 0  0 0
   127  -.7116058934785353E-03   4   2 1  1 0  0 0  0 0
   128  -.9715503984993461E-04   4   1 2  1 0  0 0  0 0
   129  0.2179844905378641E-03   4   0 3  1 0  0 0  0 0
   130  -.8098644703245768E-03   4   2 0  2 0  0 0  0 0
   131  0.3125788329242894E-03   4   1 1  2 0  0 0  0 0
   132  0.4378306062008429E-03   4   0 2  2 0  0 0  0 0
   133  0.2280586302506240E-03   4   1 0  3 0  0 0  0 0
   134  -.4416301425286414E-03   4   0 1  3 0  0 0  0 0
   135  0.1893111479931974E-03   4   0 0  4 0  0 0  0 0
   136  0.2656700920680987E-03   4   3 0  0 1  0 0  0 0
   137  -.3024570916720405E-03   4   2 1  0 1  0 0  0 0
   138  -.3654615438400997E-03   4   1 2  0 1  0 0  0 0
   139  0.1066760933165106E-03   4   0 3  0 1  0 0  0 0
   140  -.2473090355496226E-03   4   2 0  1 1  0 0  0 0
   141  0.4694072541257183E-03   4   1 1  1 1  0 0  0 0
   142  0.1994694505629613E-03   4   0 2  1 1  0 0  0 0
   143  0.1109546906461869E-02   4   1 0  2 1  0 0  0 0
   144  -.4055813735407792E-03   4   0 1  2 1  0 0  0 0
   145  0.8685649879403572E-03   4   0 0  3 1  0 0  0 0
   146  -.8672593799879960E-04   4   2 0  0 2  0 0  0 0
   147  0.2359588187693210E-03   4   1 1  0 2  0 0  0 0
   148  0.1430720479833603E-03   4   0 2  0 2  0 0  0 0
   149  -.5964810286647866E-04   4   1 0  1 2  0 0  0 0
   150  0.1315396551999134E-05   4   0 1  1 2  0 0  0 0
   151  0.4425404375581781E-03   4   0 0  2 2  0 0  0 0
   152  -.3580097321977443E-03   4   1 0  0 3  0 0  0 0
   153  0.8475968716106796E-04   4   0 1  0 3  0 0  0 0
   154  0.4740314207353133E-04   4   0 0  1 3  0 0  0 0
   155  0.5548100024302597E-04   4   0 0  0 4  0 0  0 0
   156  -.1549121936651039E-04   4   3 0  0 0  0 1  0 0
   157  -.9091731503062078E-04   4   2 1  0 0  0 1  0 0
   158  0.1766257627892084E-04   4   1 2  0 0  0 1  0 0
   159  0.3245767761582106E-04   4   0 3  0 0  0 1  0 0
   160  0.8806064473678019       4   2 0  1 0  0 1  0 0
   161   2.394541371706998       4   1 1  1 0  0 1  0 0
   162  -.4658782018443715       4   0 2  1 0  0 1  0 0
   163  0.3879985184866634E-03   4   1 0  2 0  0 1  0 0
   164  0.4287932713432309E-03   4   0 1  2 0  0 1  0 0
   165  -.4424735303730570       4   0 0  3 0  0 1  0 0
   166  -.9941470786839255       4   2 0  0 1  0 1  0 0
   167  0.8702215029492814       4   1 1  0 1  0 1  0 0
   168  -.6330150775630792       4   0 2  0 1  0 1  0 0
   169  0.6421469177779738E-03   4   1 0  1 1  0 1  0 0
   170  0.3931518129529811E-03   4   0 1  1 1  0 1  0 0
   171  -3.036023456894172       4   0 0  2 1  0 1  0 0
   172  0.3388934956656001E-03   4   1 0  0 2  0 1  0 0
   173  0.1487342147922403E-03   4   0 1  0 2  0 1  0 0
   174  -2.805030307953063       4   0 0  1 2  0 1  0 0
   175  -1.212923807763330       4   0 0  0 3  0 1  0 0
   176  -.1547037201356274E-04   4   3 0  0 0  0 0  1 0
   177  -.9079496279283730E-04   4   2 1  0 0  0 0  1 0
   178  0.1763880681617316E-04   4   1 2  0 0  0 0  1 0
   179  0.3241399760296302E-04   4   0 3  0 0  0 0  1 0
   180  0.8794213687124767       4   2 0  1 0  0 0  1 0
   181   2.391318910779782       4   1 1  1 0  0 0  1 0
   182  -.4652512449164093       4   0 2  1 0  0 0  1 0
   183  0.3874763683662204E-03   4   1 0  2 0  0 0  1 0
   184  0.4282162215669847E-03   4   0 1  2 0  0 0  1 0
   185  -.4418780703489368       4   0 0  3 0  0 0  1 0
   186  -.9928092023979614       4   2 0  0 1  0 0  1 0
   187  0.8690503998627311       4   1 1  0 1  0 0  1 0
   188  -.6321631957046623       4   0 2  0 1  0 0  1 0
   189  0.6412827467193647E-03   4   1 0  1 1  0 0  1 0
   190  0.3926227277717119E-03   4   0 1  1 1  0 0  1 0
   191  -3.031937719608718       4   0 0  2 1  0 0  1 0
   192  0.3384374287706304E-03   4   1 0  0 2  0 0  1 0
   193  0.1485340552955733E-03   4   0 1  0 2  0 0  1 0
   194  -2.801255430361119       4   0 0  1 2  0 0  1 0
   195  -1.211291512065960       4   0 0  0 3  0 0  1 0
   196  0.3096159138007276E-04   4   3 0  0 0  0 0  0 1
   197  0.1375787676520733E-03   4   2 1  0 0  0 0  0 1
   198  0.1955162444429578E-04   4   1 2  0 0  0 0  0 1
   199  -.1185899278012061E-04   4   0 3  0 0  0 0  0 1
   200  -1.760027816080275       4   2 0  1 0  0 0  0 1
   201  -3.119988363575220       4   1 1  1 0  0 0  0 1
   202  0.1667952974990815       4   0 2  1 0  0 0  0 1
   203  -.7754748868528758E-03   4   1 0  2 0  0 0  0 1
   204  -.5519903593573781E-03   4   0 1  2 0  0 0  0 1
   205  0.8843516007219523       4   0 0  3 0  0 0  0 1
   206   1.139743586923640       4   2 0  0 1  0 0  0 1
   207  -.7035003228298478       4   1 1  0 1  0 0  0 1
   208  0.2923390541110221E-01   4   0 2  0 1  0 0  0 1
   209  -.8734520834104467E-03   4   1 0  1 1  0 0  0 1
   210  -.3797330934595651E-03   4   0 1  1 1  0 0  0 1
   211   3.998739173802721       4   0 0  2 1  0 0  0 1
   212  -.2811825010576379E-03   4   1 0  0 2  0 0  0 1
   213  -.9477024967371390E-04   4   0 1  0 2  0 0  0 1
   214   2.403553718567826       4   0 0  1 2  0 0  0 1
   215  0.4161562621201224       4   0 0  0 3  0 0  0 1
   216  0.1798644534303698E-04   4   2 0  0 0  0 2  0 0
   217  0.2803314449010139E-04   4   1 1  0 0  0 2  0 0
   218  0.6369788431860497E-04   4   0 2  0 0  0 2  0 0
   219  -.1529282423089323E-04   4   1 0  1 0  0 2  0 0
   220  0.2497803084759085E-03   4   0 1  1 0  0 2  0 0
   221  0.1382774372818979E-03   4   0 0  2 0  0 2  0 0
   222  -.1928922982624569E-03   4   1 0  0 1  0 2  0 0
   223  0.1739530652769749E-03   4   0 1  0 1  0 2  0 0
   224  0.4486705077962430E-05   4   0 0  1 1  0 2  0 0
   225  0.7475582742411548E-04   4   0 0  0 2  0 2  0 0
   226  0.2880474286054588E-04   4   2 0  0 0  0 1  1 0
   227  0.2129073970604508E-04   4   1 1  0 0  0 1  1 0
   228  0.7824891397324211E-04   4   0 2  0 0  0 1  1 0
   229  -.8035419131444502E-04   4   1 0  1 0  0 1  1 0
   230  0.2978522720238885E-03   4   0 1  1 0  0 1  1 0
   231  0.1437280202598438E-03   4   0 0  2 0  0 1  1 0
   232  -.2135733960246872E-03   4   1 0  0 1  0 1  1 0
   233  0.2132306699269957E-03   4   0 1  0 1  0 1  1 0
   234  0.3156661660649125E-04   4   0 0  1 1  0 1  1 0
   235  0.9287983579987682E-04   4   0 0  0 2  0 1  1 0
   236  0.1794285799984747E-04   4   2 0  0 0  0 0  2 0
   237  0.2798109276836220E-04   4   1 1  0 0  0 0  2 0
   238  0.6355951085752328E-04   4   0 2  0 0  0 0  2 0
   239  -.1521817542694295E-04   4   1 0  1 0  0 0  2 0
   240  0.2492437481333156E-03   4   0 1  1 0  0 0  2 0
   241  0.1379946388255610E-03   4   0 0  2 0  0 0  2 0
   242  -.1924890043926777E-03   4   1 0  0 1  0 0  2 0
   243  0.1735754895466755E-03   4   0 1  0 1  0 0  2 0
   244  0.4459426649186310E-05   4   0 0  1 1  0 0  2 0
   245  0.7459272790178847E-04   4   0 0  0 2  0 0  2 0
   246  0.3177543610707532E-04   4   2 0  0 0  0 1  0 1
   247  -.1377814439047867E-04   4   1 1  0 0  0 1  0 1
   248  -.2140108584883298E-04   4   0 2  0 0  0 1  0 1
   249  0.1057398228745155E-03   4   1 0  1 0  0 1  0 1
   250  -.2273197224424068E-03   4   0 1  1 0  0 1  0 1
   251  -.7154792372967780E-04   4   0 0  2 0  0 1  0 1
   252  0.2567168494955141E-03   4   1 0  0 1  0 1  0 1
   253  -.3459784497680115E-04   4   0 1  0 1  0 1  0 1
   254  0.1578430686486464E-03   4   0 0  1 1  0 1  0 1
   255  0.6252436980066601E-04   4   0 0  0 2  0 1  0 1
   256  0.3173267422268684E-04   4   2 0  0 0  0 0  1 1
   257  -.1375960241309945E-04   4   1 1  0 0  0 0  1 1
   258  -.2137228527609588E-04   4   0 2  0 0  0 0  1 1
   259  0.1055975232042362E-03   4   1 0  1 0  0 0  1 1
   260  -.2270138062731512E-03   4   0 1  1 0  0 0  1 1
   261  -.7145163790585904E-04   4   0 0  2 0  0 0  1 1
   262  0.2563713720581090E-03   4   1 0  0 1  0 0  1 1
   263  -.3455128482757142E-04   4   0 1  0 1  0 0  1 1
   264  0.1576306508857455E-03   4   0 0  1 1  0 0  1 1
   265  0.6244022745045989E-04   4   0 0  0 2  0 0  1 1
   266  -.4185496566578783E-04   4   2 0  0 0  0 0  0 2
   267  -.1452332859749156E-04   4   1 1  0 0  0 0  0 2
   268  -.5134264431216994E-06   4   0 2  0 0  0 0  0 2
   269  -.1506859153995473E-03   4   1 0  1 0  0 0  0 2
   270  0.9502441973582470E-06   4   0 1  1 0  0 0  0 2
   271  -.1140243200712162E-03   4   0 0  2 0  0 0  0 2
   272  -.6236872175957284E-04   4   1 0  0 1  0 0  0 2
   273  -.7468011450649733E-05   4   0 1  0 1  0 0  0 2
   274  -.1201222378734004E-03   4   0 0  1 1  0 0  0 2
   275  -.2108296124919692E-04   4   0 0  0 2  0 0  0 2
   276  0.2566242903241378E-04   4   1 0  0 0  0 3  0 0
   277  0.1795139889428071E-04   4   0 1  0 0  0 3  0 0
   278  -.2332496653521025       4   0 0  1 0  0 3  0 0
   279  -.3616369286603024       4   0 0  0 1  0 3  0 0
   280  0.1559345136416097E-04   4   1 0  0 0  0 2  1 0
   281  0.1795920622380774E-04   4   0 1  0 0  0 2  1 0
   282  -.1573467792685128       4   0 0  1 0  0 2  1 0
   283  -.2799484960971700       4   0 0  0 1  0 2  1 0
   284  0.1561370718363450E-04   4   1 0  0 0  0 1  2 0
   285  0.1795914169732866E-04   4   0 1  0 0  0 1  2 0
   286  -.1574993654183941       4   0 0  1 0  0 1  2 0
   287  -.2801124123469523       4   0 0  0 1  0 1  2 0
   288  0.2560014778663136E-04   4   1 0  0 0  0 0  3 0
   289  0.1790309363204995E-04   4   0 1  0 0  0 0  3 0
   290  -.2326730885673936       4   0 0  1 0  0 0  3 0
   291  -.3607188009523552       4   0 0  0 1  0 0  3 0
   292  -.3117459973332693E-04   4   1 0  0 0  0 2  0 1
   293  -.1801029982079272E-04   4   0 1  0 0  0 2  0 1
   294  0.3146425289384643       4   0 0  1 0  0 2  0 1
   295  0.1573360523405163       4   0 0  0 1  0 2  0 1
   296  -.2118354578904397E-04   4   1 0  0 0  0 1  1 1
   297  -.1804846216497583E-04   4   0 1  0 0  0 1  1 1
   298  0.2393464175077692       4   0 0  1 0  0 1  1 1
   299  0.1619577557590761       4   0 0  0 1  0 1  1 1
   300  -.3111839251742541E-04   4   1 0  0 0  0 0  2 1
   301  -.1797391802316964E-04   4   0 1  0 0  0 0  2 1
   302  0.3140580472872708       4   0 0  1 0  0 0  2 1
   303  0.1570153393388206       4   0 0  0 1  0 0  2 1
   304  0.5686048277077631E-06   4   1 0  0 0  0 1  0 2
   305  0.8090272461982552E-07   4   0 1  0 0  0 1  0 2
   306  -.4417456864002294E-01   4   0 0  1 0  0 1  0 2
   307  -.9262521362912928E-02   4   0 0  0 1  0 1  0 2
   308  0.5678396261280130E-06   4   1 0  0 0  0 0  1 2
   309  0.8079384954583795E-07   4   0 1  0 0  0 0  1 2
   310  -.4411512058742193E-01   4   0 0  1 0  0 0  1 2
   311  -.9250056298190132E-02   4   0 0  0 1  0 0  1 2
   312  -.1274176730363998E-06   4   1 0  0 0  0 0  0 3
   313  -.1359173349867596E-07   4   0 1  0 0  0 0  0 3
   314  0.1011558683531225E-02   4   0 0  1 0  0 0  0 3
   315  0.1073598786414137E-03   4   0 0  0 1  0 0  0 3
   316  0.1102471383549142E-04   4   0 0  0 0  0 4  0 0
   317  0.7090060713126159E-05   4   0 0  0 0  0 3  1 0
   318  0.6566965682142516E-05   4   0 0  0 0  0 2  2 0
   319  0.7101308458371664E-05   4   0 0  0 0  0 1  3 0
   320  0.1099028941235739E-04   4   0 0  0 0  0 0  4 0
   321  -.5146002339777828E-06   4   0 0  0 0  0 3  0 1
   322  -.9739731613266966E-06   4   0 0  0 0  0 2  1 1
   323  -.9730444597220090E-06   4   0 0  0 0  0 1  2 1
   324  -.5129069658592749E-06   4   0 0  0 0  0 0  3 1
   325  -.1117460409537073E-06   4   0 0  0 0  0 2  0 2
   326  -.1361722899300689E-06   4   0 0  0 0  0 1  1 2
   327  -.1115040312730956E-06   4   0 0  0 0  0 0  2 2
   328  0.2650183352531637E-08   4   0 0  0 0  0 1  0 3
   329  0.2646616860674615E-08   4   0 0  0 0  0 0  1 3
   ----------------------------------------------------
     I  COEFFICIENT            ORDER EXPONENTS
     1  -.3445271896604812E-04   0   0 0  0 0  0 0  0 0
     2  -.1852260950490376E-03   1   1 0  0 0  0 0  0 0
     3  -.4526215546512888E-04   1   0 1  0 0  0 0  0 0
     4   1.510403008114984       1   0 0  1 0  0 0  0 0
     5   1.358450096784009       1   0 0  0 1  0 0  0 0
     6  0.7198253335824908E-06   1   0 0  0 0  0 1  0 0
     7  0.7188566265728060E-06   1   0 0  0 0  0 0  1 0
     8  -.3589140092620351E-04   1   0 0  0 0  0 0  0 1
     9  -.7367576500551557E-04   2   2 0  0 0  0 0  0 0
    10  0.1874571338175281E-03   2   1 1  0 0  0 0  0 0
    11  0.3036077768303056E-04   2   0 2  0 0  0 0  0 0
    12  0.7139251112668306E-03   2   1 0  1 0  0 0  0 0
    13  -.1367847857105479E-03   2   0 1  1 0  0 0  0 0
    14  0.1042527545196711E-03   2   0 0  2 0  0 0  0 0
    15  -.1441631579927610E-03   2   1 0  0 1  0 0  0 0
    16  -.9428873714114733E-04   2   0 1  0 1  0 0  0 0
    17  -.1202457280656323E-03   2   0 0  1 1  0 0  0 0
    18  -.1580225817792242E-04   2   0 0  0 2  0 0  0 0
    19  0.4178859843020433E-06   2   1 0  0 0  0 1  0 0
    20  0.2268090807857534E-04   2   0 1  0 0  0 1  0 0
    21  -.6023559196071264E-01   2   0 0  1 0  0 1  0 0
    22  -.1884322768884490       2   0 0  0 1  0 1  0 0
    23  0.4173236130386186E-06   2   1 0  0 0  0 0  1 0
    24  0.2265038518139739E-04   2   0 1  0 0  0 0  1 0
    25  -.6015452973985690E-01   2   0 0  1 0  0 0  1 0
    26  -.1881786936107183       2   0 0  0 1  0 0  1 0
    27  -.1860613046463786E-03   2   1 0  0 0  0 0  0 1
    28  -.4533129325997280E-04   2   0 1  0 0  0 0  0 1
    29   1.630793129815557       2   0 0  1 0  0 0  0 1
    30  0.3766109704991686       2   0 0  0 1  0 0  0 1
    31  -.5454280460164335E-06   2   0 0  0 0  0 2  0 0
    32  -.3714996426260996E-06   2   0 0  0 0  0 1  1 0
    33  -.5444440613357595E-06   2   0 0  0 0  0 0  2 0
    34  0.1462358593082580E-05   2   0 0  0 0  0 1  0 1
    35  0.1460390619806699E-05   2   0 0  0 0  0 0  1 1
    36  -.1461375025086124E-05   2   0 0  0 0  0 0  0 2
    37  0.2235683299936010E-03   3   3 0  0 0  0 0  0 0
    38  0.1753652020045360E-03   3   2 1  0 0  0 0  0 0
    39  0.4814774466624836E-04   3   1 2  0 0  0 0  0 0
    40  -.1796719396126788E-04   3   0 3  0 0  0 0  0 0
    41  -4.483947406016329       3   2 0  1 0  0 0  0 0
    42  -3.430613549636737       3   1 1  1 0  0 0  0 0
    43  0.3306417746880134       3   0 2  1 0  0 0  0 0
    44  -.4642469400270545E-03   3   1 0  2 0  0 0  0 0
    45  -.1415293159896010E-03   3   0 1  2 0  0 0  0 0
    46  -2.598378371354518       3   0 0  3 0  0 0  0 0
    47  -.4861670020985585       3   2 0  0 1  0 0  0 0
    48  -.8154261571768588       3   1 1  0 1  0 0  0 0
    49  0.2273140955057208       3   0 2  0 1  0 0  0 0
    50  -.2084066442981429E-03   3   1 0  1 1  0 0  0 0
    51  0.1131556838361874E-03   3   0 1  1 1  0 0  0 0
    52  -2.404641221256237       3   0 0  2 1  0 0  0 0
    53  -.2706748348709707E-04   3   1 0  0 2  0 0  0 0
    54  0.1233190167389258E-04   3   0 1  0 2  0 0  0 0
    55  -1.436821077113646       3   0 0  1 2  0 0  0 0
    56  -.6596076572937873E-01   3   0 0  0 3  0 0  0 0
    57  0.4433309418034967E-04   3   2 0  0 0  0 1  0 0
    58  -.9771026741293146E-04   3   1 1  0 0  0 1  0 0
    59  -.3231221204689281E-04   3   0 2  0 0  0 1  0 0
    60  -.3433264497261765E-03   3   1 0  1 0  0 1  0 0
    61  -.9582523463124085E-05   3   0 1  1 0  0 1  0 0
    62  -.7613613333498742E-04   3   0 0  2 0  0 1  0 0
    63  0.1054379307616091E-04   3   1 0  0 1  0 1  0 0
    64  0.7222602326868098E-04   3   0 1  0 1  0 1  0 0
    65  0.2044785243335686E-04   3   0 0  1 1  0 1  0 0
    66  0.9039964529703573E-05   3   0 0  0 2  0 1  0 0
    67  0.4427343279154785E-04   3   2 0  0 0  0 0  1 0
    68  -.9757877353997268E-04   3   1 1  0 0  0 0  1 0
    69  -.3226872779474193E-04   3   0 2  0 0  0 0  1 0
    70  -.3428644171705510E-03   3   1 0  1 0  0 0  1 0
    71  -.9569627754655237E-05   3   0 1  1 0  0 0  1 0
    72  -.7603367291491664E-04   3   0 0  2 0  0 0  1 0
    73  0.1052960373635052E-04   3   1 0  0 1  0 0  1 0
    74  0.7212882489046054E-04   3   0 1  0 1  0 0  1 0
    75  0.2042033467722379E-04   3   0 0  1 1  0 0  1 0
    76  0.9027798971477125E-05   3   0 0  0 2  0 0  1 0
    77  -.1622822919774134E-03   3   2 0  0 0  0 0  0 1
    78  0.1952890409529047E-03   3   1 1  0 0  0 0  0 1
    79  0.3422016215860403E-04   3   0 2  0 0  0 0  0 1
    80  0.1400115978163559E-02   3   1 0  1 0  0 0  0 1
    81  0.1915215121778006E-04   3   0 1  1 0  0 0  0 1
    82  0.2564225607695781E-03   3   0 0  2 0  0 0  0 1
    83  -.2107339681251154E-04   3   1 0  0 1  0 0  0 1
    84  -.5006611101799493E-04   3   0 1  0 1  0 0  0 1
    85  -.4086818711057675E-04   3   0 0  1 1  0 0  0 1
    86  -.2265505323257378E-05   3   0 0  0 2  0 0  0 1
    87  -.3929185403962968E-06   3   1 0  0 0  0 2  0 0
    88  -.1705325221438079E-04   3   0 1  0 0  0 2  0 0
    89  0.4598369181303775E-01   3   0 0  1 0  0 2  0 0
    90  0.1459296924271605       3   0 0  0 1  0 2  0 0
    91  -.3887951484630897E-06   3   1 0  0 0  0 1  1 0
    92  -.1143119746486108E-04   3   0 1  0 0  0 1  1 0
    93  0.3177003249291119E-01   3   0 0  1 0  0 1  1 0
    94  0.1035411654754061       3   0 0  0 1  0 1  1 0
    95  -.3921281580484583E-06   3   1 0  0 0  0 0  2 0
    96  -.1702261096779204E-04   3   0 1  0 0  0 0  2 0
    97  0.4590043182150260E-01   3   0 0  1 0  0 0  2 0
    98  0.1456636367141355       3   0 0  0 1  0 0  2 0
    99  0.1213153546890860E-05   3   1 0  0 0  0 1  0 1
   100  0.2282484335633119E-04   3   0 1  0 0  0 1  0 1
   101  -.1237374126146189       3   0 0  1 0  0 1  0 1
   102  -.2069682887243385       3   0 0  0 1  0 1  0 1
   103  0.1211520942021368E-05   3   1 0  0 0  0 0  1 1
   104  0.2279412675783990E-04   3   0 1  0 0  0 0  1 1
   105  -.1235708926362646       3   0 0  1 0  0 0  1 1
   106  -.2066897605554516       3   0 0  0 1  0 0  1 1
   107  -.1238394427739017E-05   3   1 0  0 0  0 0  0 2
   108  -.1373650777693991E-06   3   0 1  0 0  0 0  0 2
   109  0.1236541390388133       3   0 0  1 0  0 0  0 2
   110  0.1852353796008602E-01   3   0 0  0 1  0 0  0 2
   111  0.4583112102901458E-06   3   0 0  0 0  0 3  0 0
   112  0.2841937610555924E-06   3   0 0  0 0  0 2  1 0
   113  0.2845439946202679E-06   3   0 0  0 0  0 1  2 0
   114  0.4571950804832839E-06   3   0 0  0 0  0 0  3 0
   115  -.1113694661285815E-05   3   0 0  0 0  0 2  0 1
   116  -.7659665120550668E-06   3   0 0  0 0  0 1  1 1
   117  -.1111680502679128E-05   3   0 0  0 0  0 0  2 1
   118  0.7654976976442255E-06   3   0 0  0 0  0 1  0 2
   119  0.7644675269193810E-06   3   0 0  0 0  0 0  1 2
   120  -.2286339982588604E-07   3   0 0  0 0  0 0  0 3
   121  -.2219081625035791E-03   4   4 0  0 0  0 0  0 0
   122  -.2102166608849383E-04   4   3 1  0 0  0 0  0 0
   123  0.7248993516432387E-04   4   2 2  0 0  0 0  0 0
   124  -.3034814459741362E-04   4   1 3  0 0  0 0  0 0
   125  0.3097308344880897E-04   4   0 4  0 0  0 0  0 0
   126  -.3170794442684265E-07   4   3 0  1 0  0 0  0 0
   127  0.1862341283814232E-02   4   2 1  1 0  0 0  0 0
   128  0.6231047276747132E-03   4   1 2  1 0  0 0  0 0
   129  0.2049234851325645E-03   4   0 3  1 0  0 0  0 0
   130  -.2050187901433796E-03   4   2 0  2 0  0 0  0 0
   131  0.2219166553870045E-02   4   1 1  2 0  0 0  0 0
   132  0.3253105288761149E-03   4   0 2  2 0  0 0  0 0
   133  -.1363361696700314E-06   4   1 0  3 0  0 0  0 0
   134  0.9060873303664173E-07   4   0 1  3 0  0 0  0 0
   135  0.4114289303766746E-03   4   0 0  4 0  0 0  0 0
   136  0.9312834630952218E-03   4   3 0  0 1  0 0  0 0
   137  0.1003405782990749E-02   4   2 1  0 1  0 0  0 0
   138  -.9743607011430988E-05   4   1 2  0 1  0 0  0 0
   139  0.2153024573294431E-04   4   0 3  0 1  0 0  0 0
   140  0.6383294155582979E-03   4   2 0  1 1  0 0  0 0
   141  0.1762847549461890E-02   4   1 1  1 1  0 0  0 0
   142  -.1930924155219719E-03   4   0 2  1 1  0 0  0 0
   143  0.1619082776078024E-02   4   1 0  2 1  0 0  0 0
   144  0.1548013034885543E-03   4   0 1  2 1  0 0  0 0
   145  0.1585432179992737E-02   4   0 0  3 1  0 0  0 0
   146  -.1280001511369036E-03   4   2 0  0 2  0 0  0 0
   147  0.2771643793861195E-03   4   1 1  0 2  0 0  0 0
   148  0.9916771760751588E-05   4   0 2  0 2  0 0  0 0
   149  0.7316286849342813E-03   4   1 0  1 2  0 0  0 0
   150  0.2322836585160503E-03   4   0 1  1 2  0 0  0 0
   151  0.8800823002674932E-03   4   0 0  2 2  0 0  0 0
   152  0.1006610479512689E-03   4   1 0  0 3  0 0  0 0
   153  0.4042781721297165E-04   4   0 1  0 3  0 0  0 0
   154  0.3528200910856430E-04   4   0 0  1 3  0 0  0 0
   155  -.2581046313198265E-04   4   0 0  0 4  0 0  0 0
   156  -.1029171433796700E-03   4   3 0  0 0  0 1  0 0
   157  -.1752343514894012E-03   4   2 1  0 0  0 1  0 0
   158  -.7288949654155937E-04   4   1 2  0 0  0 1  0 0
   159  0.2456994573031177E-04   4   0 3  0 0  0 1  0 0
   160   1.840415301439198       4   2 0  1 0  0 1  0 0
   161   3.366732141903640       4   1 1  1 0  0 1  0 0
   162  -.1436583774135412       4   0 2  1 0  0 1  0 0
   163  0.9690114824938614E-04   4   1 0  2 0  0 1  0 0
   164  0.1234861343494193E-03   4   0 1  2 0  0 1  0 0
   165   1.795844172314407       4   0 0  3 0  0 1  0 0
   166  0.3353695561624829       4   2 0  0 1  0 1  0 0
   167   1.172589730833804       4   1 1  0 1  0 1  0 0
   168  -.2880689108459593       4   0 2  0 1  0 1  0 0
   169  0.1347978504364498E-03   4   1 0  1 1  0 1  0 0
   170  -.8872005813696413E-04   4   0 1  1 1  0 1  0 0
   171   2.770978060370634       4   0 0  2 1  0 1  0 0
   172  0.3053854926880454E-04   4   1 0  0 2  0 1  0 0
   173  -.1501217692656836E-04   4   0 1  0 2  0 1  0 0
   174   1.896538635853150       4   0 0  1 2  0 1  0 0
   175  0.1388116676985222       4   0 0  0 3  0 1  0 0
   176  -.1027786423384266E-03   4   3 0  0 0  0 0  1 0
   177  -.1749985293576760E-03   4   2 1  0 0  0 0  1 0
   178  -.7279140529227670E-04   4   1 2  0 0  0 0  1 0
   179  0.2453688065528925E-04   4   0 3  0 0  0 0  1 0
   180   1.837938557262289       4   2 0  1 0  0 0  1 0
   181   3.362201352455657       4   1 1  1 0  0 0  1 0
   182  -.1434650487396048       4   0 2  1 0  0 0  1 0
   183  0.9677074325086512E-04   4   1 0  2 0  0 0  1 0
   184  0.1233199525295124E-03   4   0 1  2 0  0 0  1 0
   185   1.793427409862505       4   0 0  3 0  0 0  1 0
   186  0.3349182316192215       4   2 0  0 1  0 0  1 0
   187   1.171011714836290       4   1 1  0 1  0 0  1 0
   188  -.2876812412819601       4   0 2  0 1  0 0  1 0
   189  0.1346164458421353E-03   4   1 0  1 1  0 0  1 0
   190  -.8860066286395668E-04   4   0 1  1 1  0 0  1 0
   191   2.767249008688656       4   0 0  2 1  0 0  1 0
   192  0.3049745192842979E-04   4   1 0  0 2  0 0  1 0
   193  -.1499197424636043E-04   4   0 1  0 2  0 0  1 0
   194   1.893986363537793       4   0 0  1 2  0 0  1 0
   195  0.1386248614981032       4   0 0  0 3  0 0  1 0
   196  0.4292641157116975E-03   4   3 0  0 0  0 0  0 1
   197  0.3502328808470775E-03   4   2 1  0 0  0 0  0 1
   198  0.9753315716758795E-04   4   1 2  0 0  0 0  0 1
   199  -.1317243846306531E-04   4   0 3  0 0  0 0  0 1
   200  -8.162301264717815       4   2 0  1 0  0 0  0 1
   201  -6.728933494359304       4   1 1  1 0  0 0  0 1
   202  -.4351834853486910E-01   4   0 2  1 0  0 0  0 1
   203  -.6579188315272938E-03   4   1 0  2 0  0 0  0 1
   204  -.2468060868789285E-03   4   0 1  2 0  0 0  0 1
   205  -6.187649953531496       4   0 0  3 0  0 0  0 1
   206  -.6702877877817027       4   2 0  0 1  0 0  0 1
   207  -1.528175288493238       4   1 1  0 1  0 0  0 1
   208  0.1211219611164795       4   0 2  0 1  0 0  0 1
   209  -.2694142962785815E-03   4   1 0  1 1  0 0  0 1
   210  0.6416503716473619E-04   4   0 1  1 1  0 0  0 1
   211  -5.538227069059328       4   0 0  2 1  0 0  0 1
   212  -.3396851771013612E-04   4   1 0  0 2  0 0  0 1
   213  0.5340347825144725E-05   4   0 1  0 2  0 0  0 1
   214  -2.353703922277319       4   0 0  1 2  0 0  0 1
   215  -.1455149977378712       4   0 0  0 3  0 0  0 1
   216  -.2563533026962858E-04   4   2 0  0 0  0 2  0 0
   217  -.4246309050837543E-04   4   1 1  0 0  0 2  0 0
   218  0.5997054602136492E-04   4   0 2  0 0  0 2  0 0
   219  -.3354880063339847E-03   4   1 0  1 0  0 2  0 0
   220  0.1607971350901596E-03   4   0 1  1 0  0 2  0 0
   221  -.2129261641681896E-03   4   0 0  2 0  0 2  0 0
   222  -.2077941642971306E-03   4   1 0  0 1  0 2  0 0
   223  0.3670356648553007E-04   4   0 1  0 1  0 2  0 0
   224  -.4231487253667636E-03   4   0 0  1 1  0 2  0 0
   225  -.7382723886282939E-04   4   0 0  0 2  0 2  0 0
   226  -.4712516733399438E-05   4   2 0  0 0  0 1  1 0
   227  -.8223615813262999E-04   4   1 1  0 0  0 1  1 0
   228  0.6464072780827993E-04   4   0 2  0 0  0 1  1 0
   229  -.4033376549671461E-03   4   1 0  1 0  0 1  1 0
   230  0.1845820152749878E-03   4   0 1  1 0  0 1  1 0
   231  -.2382641126740424E-03   4   0 0  2 0  0 1  1 0
   232  -.2051882661079787E-03   4   1 0  0 1  0 1  1 0
   233  0.6260632932487422E-04   4   0 1  0 1  0 1  1 0
   234  -.4405644463448551E-03   4   0 0  1 1  0 1  1 0
   235  -.8192097970873413E-04   4   0 0  0 2  0 1  1 0
   236  -.2559766050883965E-04   4   2 0  0 0  0 0  2 0
   237  -.4235061090940610E-04   4   1 1  0 0  0 0  2 0
   238  0.5984634526430718E-04   4   0 2  0 0  0 0  2 0
   239  -.3347651259823580E-03   4   1 0  1 0  0 0  2 0
   240  0.1604565409953082E-03   4   0 1  1 0  0 0  2 0
   241  -.2124792958643952E-03   4   0 0  2 0  0 0  2 0
   242  -.2073764583546497E-03   4   1 0  0 1  0 0  2 0
   243  0.3661204623179726E-04   4   0 1  0 1  0 0  2 0
   244  -.4222828263200706E-03   4   0 0  1 1  0 0  2 0
   245  -.7367276294728060E-04   4   0 0  0 2  0 0  2 0
   246  0.6290009046083070E-04   4   2 0  0 0  0 1  0 1
   247  0.7941084380390153E-04   4   1 1  0 0  0 1  0 1
   248  -.4298773983591830E-04   4   0 2  0 0  0 1  0 1
   249  0.5371488169989730E-03   4   1 0  1 0  0 1  0 1
   250  -.1247419033719546E-03   4   0 1  1 0  0 1  0 1
   251  0.4274075593137729E-03   4   0 0  2 0  0 1  0 1
   252  0.2737087111559760E-03   4   1 0  0 1  0 1  0 1
   253  -.5426531779184079E-05   4   0 1  0 1  0 1  0 1
   254  0.5703161003574950E-03   4   0 0  1 1  0 1  0 1
   255  0.8662672219162922E-04   4   0 0  0 2  0 1  0 1
   256  0.6281544248346690E-04   4   2 0  0 0  0 0  1 1
   257  0.7930397643281370E-04   4   1 1  0 0  0 0  1 1
   258  -.4292988896158916E-04   4   0 2  0 0  0 0  1 1
   259  0.5364259474360025E-03   4   1 0  1 0  0 0  1 1
   260  -.1245740315972788E-03   4   0 1  1 0  0 0  1 1
   261  0.4268323743634690E-03   4   0 0  2 0  0 0  1 1
   262  0.2733403668719472E-03   4   1 0  0 1  0 0  1 1
   263  -.5419229008459270E-05   4   0 1  0 1  0 0  1 1
   264  0.5695485958277016E-03   4   0 0  1 1  0 0  1 1
   265  0.8651014403148003E-04   4   0 0  0 2  0 0  1 1
   266  -.6977002669566871E-04   4   2 0  0 0  0 0  0 2
   267  -.5154693524292221E-04   4   1 1  0 0  0 0  0 2
   268  -.6887755586342251E-05   4   0 2  0 0  0 0  0 2
   269  0.1602288956030679E-07   4   1 0  1 0  0 0  0 2
   270  0.3486706663562708E-08   4   0 1  1 0  0 0  0 2
   271  -.1905703590561750E-03   4   0 0  2 0  0 0  0 2
   272  -.2567891621558746E-04   4   1 0  0 1  0 0  0 2
   273  -.2453344583394492E-05   4   0 1  0 1  0 0  0 2
   274  -.1173428505246782E-03   4   0 0  1 1  0 0  0 2
   275  -.1313720684245372E-04   4   0 0  0 2  0 0  0 2
   276  0.4128797906432679E-06   4   1 0  0 0  0 3  0 0
   277  0.1422961540570708E-04   4   0 1  0 0  0 3  0 0
   278  -.3886815511753877E-01   4   0 0  1 0  0 3  0 0
   279  -.1247385429903141       4   0 0  0 1  0 3  0 0
   280  0.4334943658267453E-06   4   1 0  0 0  0 2  1 0
   281  0.8597363094193507E-05   4   0 1  0 0  0 2  1 0
   282  -.2464668266416281E-01   4   0 0  1 0  0 2  1 0
   283  -.8238474757010357E-01   4   0 0  0 1  0 2  1 0
   284  0.4334516310216538E-06   4   1 0  0 0  0 1  2 0
   285  0.8608693867853265E-05   4   0 1  0 0  0 1  2 0
   286  -.2467528495694686E-01   4   0 0  1 0  0 1  2 0
   287  -.8246990532106444E-01   4   0 0  0 1  0 1  2 0
   288  0.4117550442967574E-06   4   1 0  0 0  0 0  3 0
   289  0.1419511392636083E-04   4   0 1  0 0  0 0  3 0
   290  -.3877313291406703E-01   4   0 0  1 0  0 0  3 0
   291  -.1244313821098433       4   0 0  0 1  0 0  3 0
   292  -.1241873686007944E-05   4   1 0  0 0  0 2  0 1
   293  -.1721444382054954E-04   4   0 1  0 0  0 2  0 1
   294  0.9526745315063283E-01   4   0 0  1 0  0 2  0 1
   295  0.1647409711165058       4   0 0  0 1  0 2  0 1
   296  -.1270514327421981E-05   4   1 0  0 0  0 1  1 1
   297  -.1161910337002779E-04   4   0 1  0 0  0 1  1 1
   298  0.6687389665131610E-01   4   0 0  1 0  0 1  1 1
   299  0.1226269337464552       4   0 0  0 1  0 1  1 1
   300  -.1239347531776554E-05   4   1 0  0 0  0 0  2 1
   301  -.1718345921238923E-04   4   0 1  0 0  0 0  2 1
   302  0.9509424883275552E-01   4   0 0  1 0  0 0  2 1
   303  0.1644367577074368       4   0 0  0 1  0 0  2 1
   304  0.1245684280062961E-05   4   1 0  0 0  0 1  0 2
   305  0.2078430107172026E-06   4   0 1  0 0  0 1  0 2
   306  -.6683570220934501E-01   4   0 0  1 0  0 1  0 2
   307  -.1908614659098297E-01   4   0 0  0 1  0 1  0 2
   308  0.1244007896865858E-05   4   1 0  0 0  0 0  1 2
   309  0.2075633053886633E-06   4   0 1  0 0  0 0  1 2
   310  -.6674575787116840E-01   4   0 0  1 0  0 0  1 2
   311  -.1906046135439960E-01   4   0 0  0 1  0 0  1 2
   312  -.4170992495522380E-06   4   1 0  0 0  0 0  0 3
   313  -.4689205338283070E-07   4   0 1  0 0  0 0  0 3
   314  0.3309107013902156E-02   4   0 0  1 0  0 0  0 3
   315  0.3665106750708333E-03   4   0 0  0 1  0 0  0 3
   316  0.7740217934176467E-05   4   0 0  0 0  0 4  0 0
   317  0.4786118680760915E-05   4   0 0  0 0  0 3  1 0
   318  0.4394167306121241E-05   4   0 0  0 0  0 2  2 0
   319  0.4794564755747927E-05   4   0 0  0 0  0 1  3 0
   320  0.7716177969994485E-05   4   0 0  0 0  0 0  4 0
   321  -.9307248571758826E-05   4   0 0  0 0  0 3  0 1
   322  -.6266102945975403E-05   4   0 0  0 0  0 2  1 1
   323  -.6272216607814008E-05   4   0 0  0 0  0 1  2 1
   324  -.9284250059460781E-05   4   0 0  0 0  0 0  3 1
   325  0.5320266936095437E-06   4   0 0  0 0  0 2  0 2
   326  0.6419897169719592E-06   4   0 0  0 0  0 1  1 2
   327  0.5308787374062432E-06   4   0 0  0 0  0 0  2 2
   328  -.3163054135117728E-08   4   0 0  0 0  0 1  0 3
   329  -.3158797445932262E-08   4   0 0  0 0  0 0  1 3
   330  -.1539490747775184E-14   4   0 0  0 0  0 0  0 4
   ----------------------------------------------------
     I  COEFFICIENT            ORDER EXPONENTS
     1  0.3900328900841263E-08   0   0 0  0 0  0 0  0 0
     2  0.1576862013003910E-04   1   1 0  0 0  0 0  0 0
     3  -.9683518379610701E-05   1   0 1  0 0  0 0  0 0
     4  0.9048610160066294E-05   1   0 0  1 0  0 0  0 0
     5  0.8613200080802829E-05   1   0 0  0 1  0 0  0 0
     6   1.000000000000000       1   0 0  0 0  1 0  0 0
     7  0.1707534444115526       1   0 0  0 0  0 1  0 0
     8  -.1707534434579956       1   0 0  0 0  0 0  1 0
     9  -.9535577377512305E-09   1   0 0  0 0  0 0  0 1
    10  -.1603524158831378       2   2 0  0 0  0 0  0 0
    11  0.2112643821475774       2   1 1  0 0  0 0  0 0
    12  -.1155752603867234       2   0 2  0 0  0 0  0 0
    13  0.6930879591576839E-05   2   1 0  1 0  0 0  0 0
    14  0.4202938136254168E-04   2   0 1  1 0  0 0  0 0
    15  -.2126402524790814       2   0 0  2 0  0 0  0 0
    16  0.4202499875051545E-04   2   1 0  0 1  0 0  0 0
    17  0.1814180259704388E-04   2   0 1  0 1  0 0  0 0
    18  -.4223759633431990       2   0 0  1 1  0 0  0 0
    19  -.2523197258191527       2   0 0  0 2  0 0  0 0
    20  -.2270710313871887E-04   2   1 0  0 0  0 1  0 0
    21  0.1251808985878335E-04   2   0 1  0 0  0 1  0 0
    22  -.1405950176393824E-04   2   0 0  1 0  0 1  0 0
    23  -.1415020171241991E-04   2   0 0  0 1  0 1  0 0
    24  -.6950336500572023E-05   2   1 0  0 0  0 0  1 0
    25  0.2843769291046583E-05   2   0 1  0 0  0 0  1 0
    26  -.5016310474963298E-05   2   0 0  1 0  0 0  1 0
    27  -.5541127974005343E-05   2   0 0  0 1  0 0  1 0
    28  0.2965743586707248E-04   2   1 0  0 0  0 0  0 1
    29  -.5678333777705672E-05   2   0 1  0 0  0 0  0 1
    30  0.1907581652304100E-04   2   0 0  1 0  0 0  0 1
    31  0.1107813789393981E-04   2   0 0  0 1  0 0  0 1
    32  -.1281513136542512       2   0 0  0 0  0 2  0 0
    33  0.8554918150874406E-01   2   0 0  0 0  0 1  1 0
    34  0.4260213075695340E-01   2   0 0  0 0  0 0  2 0
    35  0.1388203833949057E-08   2   0 0  0 0  0 1  0 1
    36  0.4353426960880717E-09   2   0 0  0 0  0 0  1 1
    37  -.4349945109114203E-09   2   0 0  0 0  0 0  0 2
    38  0.3585342598866955E-04   3   3 0  0 0  0 0  0 0
    39  0.1151434306859345E-03   3   2 1  0 0  0 0  0 0
    40  0.1354160489067128E-04   3   1 2  0 0  0 0  0 0
    41  -.1454894301654449E-04   3   0 3  0 0  0 0  0 0
    42  0.1100764923926835E-03   3   2 0  1 0  0 0  0 0
    43  0.5448845282141093E-04   3   1 1  1 0  0 0  0 0
    44  -.2623222366072763E-04   3   0 2  1 0  0 0  0 0
    45  0.2530714896589183E-04   3   1 0  2 0  0 0  0 0
    46  -.1454689992743180E-04   3   0 1  2 0  0 0  0 0
    47  0.5727539986835058E-05   3   0 0  3 0  0 0  0 0
    48  0.1318128936186362E-03   3   2 0  0 1  0 0  0 0
    49  -.3645953997672258E-04   3   1 1  0 1  0 0  0 0
    50  -.8334747897926050E-05   3   0 2  0 1  0 0  0 0
    51  -.1056848456505211E-03   3   1 0  1 1  0 0  0 0
    52  0.3080704707523573E-04   3   0 1  1 1  0 0  0 0
    53  0.8722987686940417E-04   3   0 0  2 1  0 0  0 0
    54  0.1081021698014037E-03   3   1 0  0 2  0 0  0 0
    55  0.1022987357335737E-04   3   0 1  0 2  0 0  0 0
    56  0.1296082451001082E-03   3   0 0  1 2  0 0  0 0
    57  0.3274075197915459E-04   3   0 0  0 3  0 0  0 0
    58  0.2289639744755708       3   2 0  0 0  0 1  0 0
    59  -.2740106118768006       3   1 1  0 0  0 1  0 0
    60  0.1510460077895815       3   0 2  0 0  0 1  0 0
    61  -.1388743277652020E-04   3   1 0  1 0  0 1  0 0
    62  -.6444286329792228E-04   3   0 1  1 0  0 1  0 0
    63  0.3336562567636411       3   0 0  2 0  0 1  0 0
    64  -.6441543249334765E-04   3   1 0  0 1  0 1  0 0
    65  -.3657135298864068E-04   3   0 1  0 1  0 1  0 0
    66  0.6972791804365619       3   0 0  1 1  0 1  0 0
    67  0.4264657604156651       3   0 0  0 2  0 1  0 0
    68  0.6873473721518217E-01   3   2 0  0 0  0 0  1 0
    69  -.6294573261677150E-01   3   1 1  0 0  0 0  1 0
    70  0.3557834713359843E-01   3   0 2  0 0  0 0  1 0
    71  -.6951782701251973E-05   3   1 0  1 0  0 0  1 0
    72  -.2243313808514359E-04   3   0 1  1 0  0 0  1 0
    73  0.1211389322184009       3   0 0  2 0  0 0  1 0
    74  -.2241586873982807E-04   3   1 0  0 1  0 0  1 0
    75  -.1841655661141978E-04   3   0 1  0 1  0 0  1 0
    76  0.2751009395539635       3   0 0  1 1  0 0  1 0
    77  0.1742507959492418       3   0 0  0 2  0 0  1 0
    78  -.2976987251772323       3   2 0  0 0  0 0  0 1
    79  0.1256920149306529       3   1 1  0 0  0 0  0 1
    80  0.4452612993892467E-01   3   0 2  0 0  0 0  0 1
    81  0.2083426886134069E-04   3   1 0  1 0  0 0  0 1
    82  0.4482677100733786E-04   3   0 1  1 0  0 0  0 1
    83  -.4547952031015922       3   0 0  2 0  0 0  0 1
    84  0.4480921075908221E-04   3   1 0  0 1  0 0  0 1
    85  0.1865491127662164E-04   3   0 1  0 1  0 0  0 1
    86  -.5500042276854591       3   0 0  1 1  0 0  0 1
    87  -.9607716482521106E-01   3   0 0  0 2  0 0  0 1
    88  0.2746705757659252E-04   3   1 0  0 0  0 2  0 0
    89  -.1373014919781736E-04   3   0 1  0 0  0 2  0 0
    90  0.1807440818782651E-04   3   0 0  1 0  0 2  0 0
    91  0.1896503650807868E-04   3   0 0  0 1  0 2  0 0
    92  0.9525808894698024E-05   3   1 0  0 0  0 1  1 0
    93  -.2428515654246090E-05   3   0 1  0 0  0 1  1 0
    94  0.8032505153075628E-05   3   0 0  1 0  0 1  1 0
    95  0.9631619180148637E-05   3   0 0  0 1  0 1  1 0
    96  0.4771746558548957E-05   3   1 0  0 0  0 0  2 0
    97  -.1221033010061323E-05   3   0 1  0 0  0 0  2 0
    98  0.4020290080275607E-05   3   0 0  1 0  0 0  2 0
    99  0.4818831759813253E-05   3   0 0  0 1  0 0  2 0
   100  -.4175283499576509E-04   3   1 0  0 0  0 1  0 1
   101  0.4852656221789001E-05   3   0 1  0 0  0 1  0 1
   102  -.3012181052490341E-04   3   0 0  1 0  0 1  0 1
   103  -.1926126759318807E-04   3   0 0  0 1  0 1  0 1
   104  -.1211897957894230E-04   3   1 0  0 0  0 0  1 1
   105  -.8169350477382338E-06   3   0 1  0 0  0 0  1 1
   106  -.1105676561130643E-04   3   0 0  1 0  0 0  1 1
   107  -.8187005601769199E-05   3   0 0  0 1  0 0  1 1
   108  0.1210719166807781E-04   3   1 0  0 0  0 0  0 2
   109  0.3660474511760478E-05   3   0 1  0 0  0 0  0 2
   110  0.1105137894362080E-04   3   0 0  1 0  0 0  0 2
   111  0.2645998947025939E-05   3   0 0  0 1  0 0  0 2
   112  0.1068071733913434       3   0 0  0 0  0 3  0 0
   113  -.6411891956529640E-01   3   0 0  0 0  0 2  1 0
   114  -.2143026711365663E-01   3   0 0  0 0  0 1  2 0
   115  -.2125799985932128E-01   3   0 0  0 0  0 0  3 0
   116  -.2473448016373867E-08   3   0 0  0 0  0 2  0 1
   117  -.9337936918540218E-09   3   0 0  0 0  0 1  1 1
   118  -.4676164293886297E-09   3   0 0  0 0  0 0  2 1
   119  0.4377359458869867E-09   3   0 0  0 0  0 1  0 2
   120  0.9106112517674455E-10   3   0 0  0 0  0 0  1 2
   121  0.2334053155043994E-10   3   0 0  0 0  0 0  0 3
   122  -.4843238029787232       4   4 0  0 0  0 0  0 0
   123  -.7225047238572310E-01   4   3 1  0 0  0 0  0 0
   124  -.9981897216933808E-01   4   2 2  0 0  0 0  0 0
   125  0.1822063175998125       4   1 3  0 0  0 0  0 0
   126  -.4554358625965517E-01   4   0 4  0 0  0 0  0 0
   127  0.1109683359293887E-03   4   3 0  1 0  0 0  0 0
   128  -.5151403276297145E-04   4   2 1  1 0  0 0  0 0
   129  -.1272624899980039E-03   4   1 2  1 0  0 0  0 0
   130  0.3422335933358613E-04   4   0 3  1 0  0 0  0 0
   131  -1.805235622329186       4   2 0  2 0  0 0  0 0
   132  0.8603904636701764       4   1 1  2 0  0 0  0 0
   133  0.9201303435313567E-01   4   0 2  2 0  0 0  0 0
   134  -.1799873594921006E-03   4   1 0  3 0  0 0  0 0
   135  0.1314890747703799E-03   4   0 1  3 0  0 0  0 0
   136  -.2245239717974902       4   0 0  4 0  0 0  0 0
   137  0.7235204525114441E-04   4   3 0  0 1  0 0  0 0
   138  0.9430472872347788E-05   4   2 1  0 1  0 0  0 0
   139  -.7478251884539416E-05   4   1 2  0 1  0 0  0 0
   140  0.2143712893146287E-04   4   0 3  0 1  0 0  0 0
   141  -1.162867802246111       4   2 0  1 1  0 0  0 0
   142   1.534049007852867       4   1 1  1 1  0 0  0 0
   143  -.3336825039132560       4   0 2  1 1  0 0  0 0
   144  0.1259594044589042E-03   4   1 0  2 1  0 0  0 0
   145  0.3567763956333534E-03   4   0 1  2 1  0 0  0 0
   146  -1.121557153907824       4   0 0  3 1  0 0  0 0
   147  -.9384199452460206       4   2 0  0 2  0 0  0 0
   148  0.4962749059567019       4   1 1  0 2  0 0  0 0
   149  -.2525703429951319       4   0 2  0 2  0 0  0 0
   150  0.2199905752312185E-03   4   1 0  1 2  0 0  0 0
   151  0.1999484344082739E-03   4   0 1  1 2  0 0  0 0
   152  -1.829660806955656       4   0 0  2 2  0 0  0 0
   153  0.1033185071072770E-03   4   1 0  0 3  0 0  0 0
   154  0.5193049314497454E-04   4   0 1  0 3  0 0  0 0
   155  -1.061612075590259       4   0 0  1 3  0 0  0 0
   156  -.3219059977383508       4   0 0  0 4  0 0  0 0
   157  -.4435659164392957E-05   4   3 0  0 0  0 1  0 0
   158  -.1299585988484462E-03   4   2 1  0 0  0 1  0 0
   159  -.2232021191483477E-03   4   1 2  0 0  0 1  0 0
   160  0.7766800174904248E-04   4   0 3  0 0  0 1  0 0
   161  -.6408143828161370E-04   4   2 0  1 0  0 1  0 0
   162  -.1730673100907632E-04   4   1 1  1 0  0 1  0 0
   163  0.9425346533909880E-04   4   0 2  1 0  0 1  0 0
   164  0.2247572445992192E-03   4   1 0  2 0  0 1  0 0
   165  -.1057510831050347E-03   4   0 1  2 0  0 1  0 0
   166  0.2638281333733100E-03   4   0 0  3 0  0 1  0 0
   167  0.1082144195465587E-05   4   2 0  0 1  0 1  0 0
   168  0.7501271937712347E-04   4   1 1  0 1  0 1  0 0
   169  0.9785677526588239E-04   4   0 2  0 1  0 1  0 0
   170  0.1975419901410609E-03   4   1 0  1 1  0 1  0 0
   171  0.7933730826266708E-04   4   0 1  1 1  0 1  0 0
   172  0.4422044315120190E-03   4   0 0  2 1  0 1  0 0
   173  -.2406834544238839E-03   4   1 0  0 2  0 1  0 0
   174  0.1036503303108366E-03   4   0 1  0 2  0 1  0 0
   175  0.1469003256453810E-03   4   0 0  1 2  0 1  0 0
   176  0.6764258953803509E-04   4   0 0  0 3  0 1  0 0
   177  -.2165239169740831E-04   4   3 0  0 0  0 0  1 0
   178  -.2496004878179158E-04   4   2 1  0 0  0 0  1 0
   179  -.1277637121340041E-03   4   1 2  0 0  0 0  1 0
   180  0.4274886179927660E-04   4   0 3  0 0  0 0  1 0
   181  -.3119721115277450E-04   4   2 0  1 0  0 0  1 0
   182  0.1442356584129421E-04   4   1 1  1 0  0 0  1 0
   183  0.5192827530063619E-04   4   0 2  1 0  0 0  1 0
   184  0.1063114158728012E-03   4   1 0  2 0  0 0  1 0
   185  -.4993650530389065E-04   4   0 1  2 0  0 0  1 0
   186  0.1403615988370947E-03   4   0 0  3 0  0 0  1 0
   187  0.9593659843112659E-05   4   2 0  0 1  0 0  1 0
   188  0.3434145896141520E-04   4   1 1  0 1  0 0  1 0
   189  0.5914613213903795E-04   4   0 2  0 1  0 0  1 0
   190  0.3831190196635978E-04   4   1 0  1 1  0 0  1 0
   191  0.6472721602504555E-04   4   0 1  1 1  0 0  1 0
   192  0.2409830747324506E-03   4   0 0  2 1  0 0  1 0
   193  -.1376712204845362E-03   4   1 0  0 2  0 0  1 0
   194  0.6242079142253725E-04   4   0 1  0 2  0 0  1 0
   195  0.9414842588331405E-04   4   0 0  1 2  0 0  1 0
   196  0.4101421311858754E-04   4   0 0  0 3  0 0  1 0
   197  0.6885743824687360E-04   4   3 0  0 0  0 0  0 1
   198  0.2929788312508377E-04   4   2 1  0 0  0 0  0 1
   199  0.7544935756971818E-04   4   1 2  0 0  0 0  0 1
   200  0.1511693687570185E-04   4   0 3  0 0  0 0  0 1
   201  0.1595183903745915E-03   4   2 0  1 0  0 0  0 1
   202  -.2786639546042583E-04   4   1 1  1 0  0 0  0 1
   203  -.4594974215147342E-04   4   0 2  1 0  0 0  0 1
   204  -.2391196890167270E-03   4   1 0  2 0  0 0  0 1
   205  0.1952203070845069E-05   4   0 1  2 0  0 0  0 1
   206  -.2852475164181751E-03   4   0 0  3 0  0 0  0 1
   207  0.9289622729715130E-04   4   2 0  0 1  0 0  0 1
   208  -.5078675584238178E-04   4   1 1  0 1  0 0  0 1
   209  -.1309042818865124E-04   4   0 2  0 1  0 0  0 1
   210  -.8058101887027572E-04   4   1 0  1 1  0 0  0 1
   211  -.6646358741206128E-04   4   0 1  1 1  0 0  0 1
   212  -.2477832235773209E-03   4   0 0  2 1  0 0  0 1
   213  0.1519608082933822E-03   4   1 0  0 2  0 0  0 1
   214  0.3657970095923923E-05   4   0 1  0 2  0 0  0 1
   215  -.2089962987437269E-04   4   0 0  1 2  0 0  0 1
   216  0.1045089306119369E-04   4   0 0  0 3  0 0  0 1
   217  -.2750513853541021       4   2 0  0 0  0 2  0 0
   218  0.3019572202902944       4   1 1  0 0  0 2  0 0
   219  -.1690708097681619       4   0 2  0 0  0 2  0 0
   220  0.2086308453751513E-04   4   1 0  1 0  0 2  0 0
   221  0.8228359388983003E-04   4   0 1  1 0  0 2  0 0
   222  -.4322647052226024       4   0 0  2 0  0 2  0 0
   223  0.8227503229373311E-04   4   1 0  0 1  0 2  0 0
   224  0.5520630648331500E-04   4   0 1  0 1  0 2  0 0
   225  -.9384285720329585       4   0 0  1 1  0 2  0 0
   226  -.5850985040280585       4   0 0  0 2  0 2  0 0
   227  -.9223577057770879E-01   4   2 0  0 0  0 1  1 0
   228  0.5598738063793839E-01   4   1 1  0 0  0 1  1 0
   229  -.3609683010319135E-01   4   0 2  0 0  0 1  1 0
   230  0.1394255381986885E-04   4   1 0  1 0  0 1  1 0
   231  0.3570416079065653E-04   4   0 1  1 0  0 1  1 0
   232  -.1972775329863443       4   0 0  2 0  0 1  1 0
   233  0.3571884851947711E-04   4   1 0  0 1  0 1  1 0
   234  0.3729153526139314E-04   4   0 1  0 1  0 1  1 0
   235  -.4823901290536469       4   0 0  1 1  0 1  1 0
   236  -.3173074985516633       4   0 0  0 2  0 1  1 0
   237  -.4620961347065161E-01   4   2 0  0 0  0 0  2 0
   238  0.2814008832000228E-01   4   1 1  0 0  0 0  2 0
   239  -.1812559256992148E-01   4   0 2  0 0  0 0  2 0
   240  0.6978030334821190E-05   4   1 0  1 0  0 0  2 0
   241  0.1787273463457659E-04   4   0 1  1 0  0 0  2 0
   242  -.9873011608237753E-01   4   0 0  2 0  0 0  2 0
   243  0.1788305572963111E-04   4   1 0  0 1  0 0  2 0
   244  0.1864618165123899E-04   4   0 1  0 1  0 0  2 0
   245  -.2413387725967110       4   0 0  1 1  0 0  2 0
   246  -.1587266535878999       4   0 0  0 2  0 0  2 0
   247  0.4133745514476672       4   2 0  0 0  0 1  0 1
   248  -.1118804855061259       4   1 1  0 0  0 1  0 1
   249  -.7889965476083752E-01   4   0 2  0 0  0 1  0 1
   250  -.4176406606373740E-04   4   1 0  1 0  0 1  0 1
   251  -.7141674968812421E-04   4   0 1  1 0  0 1  0 1
   252  0.7281506806122210       4   0 0  2 0  0 1  0 1
   253  -.7139568399399334E-04   4   1 0  0 1  0 1  0 1
   254  -.3807925342141382E-04   4   0 1  0 1  0 1  0 1
   255  0.9646888133708997       4   0 0  1 1  0 1  0 1
   256  0.2081071276068664       4   0 0  0 2  0 1  0 1
   257  0.1159202449618299       4   2 0  0 0  0 0  1 1
   258  0.1362401976373122E-01   4   1 1  0 0  0 0  1 1
   259  -.3438710708032064E-01   4   0 2  0 0  0 0  1 1
   260  -.2092963091293799E-04   4   1 0  1 0  0 0  1 1
   261  -.2661443971287008E-04   4   0 1  1 0  0 0  1 1
   262  0.2735988268851565       4   0 0  2 0  0 0  1 1
   263  -.2661091538450669E-04   4   1 0  0 1  0 0  1 1
   264  -.1942327289599995E-04   4   0 1  0 1  0 0  1 1
   265  0.4148656963966587       4   0 0  1 1  0 0  1 1
   266  0.1120083202573693       4   0 0  0 2  0 0  1 1
   267  -.1157980328925578       4   2 0  0 0  0 0  0 2
   268  -.7656379634652059E-01   4   1 1  0 0  0 0  0 2
   269  -.1014581924157352E-01   4   0 2  0 0  0 0  0 2
   270  0.2091529978691540E-04   4   1 0  1 0  0 0  0 2
   271  0.4192699362273291E-05   4   0 1  1 0  0 0  0 2
   272  -.2734771506552818       4   0 0  2 0  0 0  0 2
   273  0.4183305557011620E-05   4   1 0  0 1  0 0  0 2
   274  0.7679190448261860E-06   4   0 1  0 1  0 0  0 2
   275  -.1397730116617784       4   0 0  1 1  0 0  0 2
   276  -.1594197501636262E-01   4   0 0  0 2  0 0  0 2
   277  -.6610776407443573E-04   4   1 0  0 0  0 3  0 0
   278  0.6263840015865759E-04   4   0 1  0 0  0 3  0 0
   279  0.1381527690842485E-04   4   0 0  1 0  0 3  0 0
   280  0.3089481748049274E-04   4   0 0  0 1  0 3  0 0
   281  -.2344204749273372E-04   4   1 0  0 0  0 2  1 0
   282  0.1896001267715809E-04   4   0 1  0 0  0 2  1 0
   283  0.6566272707760229E-05   4   0 0  1 0  0 2  1 0
   284  0.1304210977886280E-04   4   0 0  0 1  0 2  1 0
   285  -.1333742275933268E-04   4   1 0  0 0  0 1  2 0
   286  0.1023775724888180E-04   4   0 1  0 0  0 1  2 0
   287  0.4038526398516187E-05   4   0 0  1 0  0 1  2 0
   288  0.7781629987591449E-05   4   0 0  0 1  0 1  2 0
   289  -.7838941128121132E-05   4   1 0  0 0  0 0  3 0
   290  0.6346695799847059E-05   4   0 1  0 0  0 0  3 0
   291  0.2192376036908737E-05   4   0 0  1 0  0 0  3 0
   292  0.4357039851823064E-05   4   0 0  0 1  0 0  3 0
   293  0.7140856943027468E-04   4   1 0  0 0  0 2  0 1
   294  0.1059778738956108E-04   4   0 1  0 0  0 2  0 1
   295  0.4029860879853588E-05   4   0 0  1 0  0 2  0 1
   296  0.1536247252642704E-04   4   0 0  0 1  0 2  0 1
   297  0.2131937527591684E-04   4   1 0  0 0  0 1  1 1
   298  0.1108622417004927E-04   4   0 1  0 0  0 1  1 1
   299  0.1607400150436068E-05   4   0 0  1 0  0 1  1 1
   300  0.8304269568780232E-05   4   0 0  0 1  0 1  1 1
   301  0.1068615404534648E-04   4   1 0  0 0  0 0  2 1
   302  0.5539043898828712E-05   4   0 1  0 0  0 0  2 1
   303  0.8047854380001874E-06   4   0 0  1 0  0 0  2 1
   304  0.4154076137526126E-05   4   0 0  0 1  0 0  2 1
   305  -.9530518398253608E-05   4   1 0  0 0  0 1  0 2
   306  -.5431973836403381E-05   4   0 1  0 0  0 1  0 2
   307  -.1430534888015267E-04   4   0 0  1 0  0 1  0 2
   308  -.4861612381452321E-05   4   0 0  0 1  0 1  0 2
   309  -.9639050798450938E-06   4   1 0  0 0  0 0  1 2
   310  -.2477639691111209E-05   4   0 1  0 0  0 0  1 2
   311  -.5283612148378546E-05   4   0 0  1 0  0 0  1 2
   312  -.2557948517347323E-05   4   0 0  0 1  0 0  1 2
   313  -.1511026585522683E-05   4   1 0  0 0  0 0  0 3
   314  -.3086795853670820E-06   4   0 1  0 0  0 0  0 3
   315  0.1009754890636014E-05   4   0 0  1 0  0 0  0 3
   316  0.1828895976197432E-06   4   0 0  0 1  0 0  0 3
   317  -.9346168698033656E-01   4   0 0  0 0  0 4  0 0
   318  0.5342518671795819E-01   4   0 0  0 0  0 3  1 0
   319  0.1604057600453552E-01   4   0 0  0 0  0 2  2 0
   320  0.1073654229916836E-01   4   0 0  0 0  0 1  3 0
   321  0.1325936060373316E-01   4   0 0  0 0  0 0  4 0
   322  0.1755473268821091E-08   4   0 0  0 0  0 3  0 1
   323  -.1692383428275560E-09   4   0 0  0 0  0 2  1 1
   324  -.1404693864434431E-09   4   0 0  0 0  0 1  2 1
   325  -.2195918612803844E-09   4   0 0  0 0  0 0  3 1
   326  -.6003981429009233E-09   4   0 0  0 0  0 2  0 2
   327  -.2434709462062099E-09   4   0 0  0 0  0 1  1 2
   328  -.1152143755890137E-09   4   0 0  0 0  0 0  2 2
   329  -.4404188138076839E-10   4   0 0  0 0  0 1  0 3
   330  -.2070485924581917E-10   4   0 0  0 0  0 0  1 3
   331  -.1780531582538184E-11   4   0 0  0 0  0 0  0 4
   ----------------------------------------------------
     I  COEFFICIENT            ORDER EXPONENTS
     1   1.000000000000000       1   0 0  0 0  0 1  0 0
     --------------------------------------------------
     I  COEFFICIENT            ORDER EXPONENTS
     1   1.000000000000000       1   0 0  0 0  0 0  1 0
     --------------------------------------------------
     I  COEFFICIENT            ORDER EXPONENTS
     1   1.000000000000000       1   0 0  0 0  0 0  0 1
     --------------------------------------------------
