 L    0.7950300000000000E+00
 P (  0.0000000000000000E+00,  0.0000000000000000E+00,  0.1350570000000000E+00)
 A (  0.0000000000000000E+00,  0.0000000000000000E+00,  0.0000000000000000E+00)
     I  COEFFICIENT            ORDER EXPONENTS
     1  0.7487378650172872E-04   0   0 0  0 0  0 0  0 0
     2  0.9999980488553036       1   1 0  0 0  0 0  0 0
     3  0.7950287626334855       1   0 1  0 0  0 0  0 0
     4  -.3280459432528446E-05   1   0 0  1 0  0 0  0 0
     5  -.1711289788113694E-05   1   0 0  0 1  0 0  0 0
     6  0.2357433493829059E-11   1   0 0  0 0  0 1  0 0
     7  0.2354260970381632E-11   1   0 0  0 0  0 0  1 0
     8  -.4711713171159879E-11   1   0 0  0 0  0 0  0 1
     9  -.5796603400221634E-01   2   2 0  0 0  0 0  0 0
    10  -.5757077990559877E-01   2   1 1  0 0  0 0  0 0
    11  -.1474288894170321E-01   2   0 2  0 0  0 0  0 0
    12  0.3332697067210392E-04   2   1 0  1 0  0 0  0 0
    13  0.1658607246022640E-04   2   0 1  1 0  0 0  0 0
    14  0.5796602915832806E-01   2   0 0  2 0  0 0  0 0
    15  0.1654674490883836E-04   2   1 0  0 1  0 0  0 0
    16  0.8500852873226359E-05   2   0 1  0 1  0 0  0 0
    17  0.5757079141703604E-01   2   0 0  1 1  0 0  0 0
    18  0.1474289857657010E-01   2   0 0  0 2  0 0  0 0
    19  0.9762279227253795E-06   2   1 0  0 0  0 1  0 0
    20  -.3977814254827711       2   0 1  0 0  0 1  0 0
    21  0.1629264144497388E-05   2   0 0  1 0  0 1  0 0
    22  0.1702846493472883E-05   2   0 0  0 1  0 1  0 0
    23  0.9749141611949586E-06   2   1 0  0 0  0 0  1 0
    24  -.3972461099871452       2   0 1  0 0  0 0  1 0
    25  0.1627071557596269E-05   2   0 0  1 0  0 0  1 0
    26  0.1700554882914368E-05   2   0 0  0 1  0 0  1 0
    27  -.1951142787035285E-05   2   1 0  0 0  0 0  0 1
    28  -.1227164170141607E-05   2   0 1  0 0  0 0  0 1
    29  -.3256336199054795E-05   2   0 0  1 0  0 0  0 1
    30  -.1692111848436262E-05   2   0 0  0 1  0 0  0 1
    31  -.8086914967028141E-11   2   0 0  0 0  0 2  0 0
    32  -.8759845674024043E-11   2   0 0  0 0  0 1  1 0
    33  -.8070137567653360E-11   2   0 0  0 0  0 0  2 0
    34  0.2357502484546829E-11   2   0 0  0 0  0 1  0 1
    35  0.2354329868834927E-11   2   0 0  0 0  0 0  1 1
    36  0.9576007149488845E-03   3   3 0  0 0  0 0  0 0
    37  0.1356087516788424E-02   3   2 1  0 0  0 0  0 0
    38  0.6390666704083708E-03   3   1 2  0 0  0 0  0 0
    39  0.3976145030895192       3   0 3  0 0  0 0  0 0
    40  -.2769088926859829E-04   3   2 0  1 0  0 0  0 0
    41  -.8016181725512237E-05   3   1 1  1 0  0 0  0 0
    42  -.2739570834512115E-05   3   0 2  1 0  0 0  0 0
    43  0.8316565994098290E-03   3   1 0  2 0  0 0  0 0
    44  0.2388233668553343E-03   3   0 1  2 0  0 0  0 0
    45  0.9450353716042563E-05   3   0 0  3 0  0 0  0 0
    46  -.1077092702136790E-04   3   2 0  0 1  0 0  0 0
    47  -.3203883632304306E-05   3   1 1  0 1  0 0  0 0
    48  -.2523152145637851E-05   3   0 2  0 1  0 0  0 0
    49  0.1028753385134282E-02   3   1 0  1 1  0 0  0 0
    50  0.3549051382351034E-03   3   0 1  1 1  0 0  0 0
    51  -.2377483479950367E-05   3   0 0  2 1  0 0  0 0
    52  0.2886724189981796E-03   3   1 0  0 2  0 0  0 0
    53  0.3976240243894841       3   0 1  0 2  0 0  0 0
    54  -.1104247868679905E-04   3   0 0  1 2  0 0  0 0
    55  -.4769827419246922E-05   3   0 0  0 3  0 0  0 0
    56  0.2900250924170797E-01   3   2 0  0 0  0 1  0 0
    57  0.5760952105271018E-01   3   1 1  0 0  0 1  0 0
    58  0.2212921805770948E-01   3   0 2  0 0  0 1  0 0
    59  -.1664111757059916E-04   3   1 0  1 0  0 1  0 0
    60  -.1657375801162662E-04   3   0 1  1 0  0 1  0 0
    61  -.2900250325493259E-01   3   0 0  2 0  0 1  0 0
    62  -.1653948355700981E-04   3   1 0  0 1  0 1  0 0
    63  -.1274287695651482E-04   3   0 1  0 1  0 1  0 0
    64  -.5760953191548660E-01   3   0 0  1 1  0 1  0 0
    65  -.2212923278750888E-01   3   0 0  0 2  0 1  0 0
    66  0.2896347903161137E-01   3   2 0  0 0  0 0  1 0
    67  0.5753199287431994E-01   3   1 1  0 0  0 0  1 0
    68  0.2209943759896159E-01   3   0 2  0 0  0 0  1 0
    69  -.1661872273884135E-04   3   1 0  1 0  0 0  1 0
    70  -.1655145382918864E-04   3   0 1  1 0  0 0  1 0
    71  -.2896347305289269E-01   3   0 0  2 0  0 0  1 0
    72  -.1651722549951758E-04   3   1 0  0 1  0 0  1 0
    73  -.1272572819325766E-04   3   0 1  0 1  0 0  1 0
    74  -.5753200372247774E-01   3   0 0  1 1  0 0  1 0
    75  -.2209945230893818E-01   3   0 0  0 2  0 0  1 0
    76  -.5796599625938040E-01   3   2 0  0 0  0 0  0 1
    77  -.5757074794939664E-01   3   1 1  0 0  0 0  0 1
    78  -.1474288400006242E-01   3   0 2  0 0  0 0  0 1
    79  0.3326063291626089E-04   3   1 0  1 0  0 0  0 1
    80  0.1653644257193204E-04   3   0 1  1 0  0 0  0 1
    81  0.5796598436088106E-01   3   0 0  2 0  0 0  0 1
    82  0.1651145304511494E-04   3   1 0  0 1  0 0  0 1
    83  0.8466151776737137E-05   3   0 1  0 1  0 0  0 1
    84  0.5757075414599139E-01   3   0 0  1 1  0 0  0 1
    85  0.1474289099415954E-01   3   0 0  0 2  0 0  0 1
    86  -.7320098126957145E-06   3   1 0  0 0  0 2  0 0
    87  0.2982689202301353       3   0 1  0 0  0 2  0 0
    88  -.1221675750820971E-05   3   0 0  1 0  0 2  0 0
    89  -.1688676265060617E-05   3   0 0  0 1  0 2  0 0
    90  -.4884449929640419E-06   3   1 0  0 0  0 1  1 0
    91  0.1990235828390857       3   0 1  0 0  0 1  1 0
    92  -.8151800097773455E-06   3   0 0  1 0  0 1  1 0
    93  -.1683930689785376E-05   3   0 0  0 1  0 1  1 0
    94  -.7306960452544116E-06   3   1 0  0 0  0 0  2 0
    95  0.2977336056951530       3   0 1  0 0  0 0  2 0
    96  -.1219483161858458E-05   3   0 0  1 0  0 0  2 0
    97  -.1685270646884318E-05   3   0 0  0 1  0 0  2 0
    98  0.9762311252739590E-06   3   1 0  0 0  0 1  0 1
    99  0.1227992312065427E-05   3   0 1  0 0  0 1  0 1
   100  0.1629265644160095E-05   3   0 0  1 0  0 1  0 1
   101  0.1693251474247931E-05   3   0 0  0 1  0 1  0 1
   102  0.9749173594336992E-06   3   1 0  0 0  0 0  1 1
   103  0.1226339737885294E-05   3   0 1  0 0  0 0  1 1
   104  0.1627073055240800E-05   3   0 0  1 0  0 0  1 1
   105  0.1690972776214087E-05   3   0 0  0 1  0 0  1 1
   106  -.6530636370725640E-10   3   0 0  0 0  0 3  0 0
   107  -.9165834245966333E-10   3   0 0  0 0  0 2  1 0
   108  -.9160497013529344E-10   3   0 0  0 0  0 1  2 0
   109  -.6511294273714554E-10   3   0 0  0 0  0 0  3 0
   110  0.5463966441328636E-10   3   0 0  0 0  0 2  0 1
   111  0.6736889323973286E-10   3   0 0  0 0  0 1  1 1
   112  0.5452080195930669E-10   3   0 0  0 0  0 0  2 1
   113  0.1361108472674085E-02   4   4 0  0 0  0 0  0 0
   114  -.1065468886877682       4   3 1  0 0  0 0  0 0
   115  -.2150790818177120       4   2 2  0 0  0 0  0 0
   116  -.1661718680636322       4   1 3  0 0  0 0  0 0
   117  -.4363687801532937E-01   4   0 4  0 0  0 0  0 0
   118  -.1130107026301809E-05   4   3 0  1 0  0 0  0 0
   119  0.2992701478069163E-04   4   2 1  1 0  0 0  0 0
   120  0.7433586245838726E-04   4   1 2  1 0  0 0  0 0
   121  0.3802391429998183E-04   4   0 3  1 0  0 0  0 0
   122  0.2803529833713111E-02   4   2 0  2 0  0 0  0 0
   123  -.1064728755887292       4   1 1  2 0  0 0  0 0
   124  0.4425593022814065E-01   4   0 2  2 0  0 0  0 0
   125  -.1249511807813711E-06   4   1 0  3 0  0 0  0 0
   126  0.3004456641937684E-04   4   0 1  3 0  0 0  0 0
   127  -.2297479742857822E-02   4   0 0  4 0  0 0  0 0
   128  0.3142006593859348E-04   4   3 0  0 1  0 0  0 0
   129  0.5846235697234161E-04   4   2 1  0 1  0 0  0 0
   130  0.6639108744770145E-04   4   1 2  0 1  0 0  0 0
   131  0.5994788702757246E-04   4   0 3  0 1  0 0  0 0
   132  0.1123453642654724       4   2 0  1 1  0 0  0 0
   133  0.6121274587691596E-01   4   1 1  1 1  0 0  0 0
   134  0.1275495253553513       4   0 2  1 1  0 0  0 0
   135  0.3006015358187946E-04   4   1 0  2 1  0 0  0 0
   136  0.3864728744427822E-04   4   0 1  2 1  0 0  0 0
   137  0.1045880771493935       4   0 0  3 1  0 0  0 0
   138  -.1364971646217307E-01   4   2 0  0 2  0 0  0 0
   139  -.3931087486385045E-01   4   1 1  0 2  0 0  0 0
   140  0.2222810356755638E-01   4   0 2  0 2  0 0  0 0
   141  0.5691974089498406E-04   4   1 0  1 2  0 0  0 0
   142  0.3938660948341844E-04   4   0 1  1 2  0 0  0 0
   143  0.1844736910135833       4   0 0  2 2  0 0  0 0
   144  0.2941753781859947E-04   4   1 0  0 3  0 0  0 0
   145  0.5097226620267711E-04   4   0 1  0 3  0 0  0 0
   146  0.1367600000640653       4   0 0  1 3  0 0  0 0
   147  0.3600312480611946E-01   4   0 0  0 4  0 0  0 0
   148  -.9738442861349315E-03   4   3 0  0 0  0 1  0 0
   149  -.2103703406284620E-02   4   2 1  0 0  0 1  0 0
   150  -.1348022307590150E-02   4   1 2  0 0  0 1  0 0
   151  -.5969446349497093       4   0 3  0 0  0 1  0 0
   152  0.4632291829408380E-05   4   2 0  1 0  0 1  0 0
   153  0.3894028204330086E-05   4   1 1  1 0  0 1  0 0
   154  0.1107373062694167E-06   4   0 2  1 0  0 1  0 0
   155  -.9108288217137162E-03   4   1 0  2 0  0 1  0 0
   156  -.3487492737233547E-03   4   0 1  2 0  0 1  0 0
   157  -.1378630968358486E-04   4   0 0  3 0  0 1  0 0
   158  0.1394808267094634E-04   4   2 0  0 1  0 1  0 0
   159  0.1227587696402844E-04   4   1 1  0 1  0 1  0 0
   160  0.5912590631029156E-05   4   0 2  0 1  0 1  0 0
   161  -.1589889371153337E-02   4   1 0  1 1  0 1  0 0
   162  -.6832717747617526E-03   4   0 1  1 1  0 1  0 0
   163  -.2621669923677038E-04   4   0 0  2 1  0 1  0 0
   164  -.5883123913277891E-03   4   1 0  0 2  0 1  0 0
   165  -.5969400725678211       4   0 1  0 2  0 1  0 0
   166  -.1090229162892649E-04   4   0 0  1 2  0 1  0 0
   167  0.9140182271570765E-06   4   0 0  0 3  0 1  0 0
   168  -.9725337323903821E-03   4   3 0  0 0  0 0  1 0
   169  -.2100872341384819E-02   4   2 1  0 0  0 0  1 0
   170  -.1346208202698810E-02   4   1 2  0 0  0 0  1 0
   171  -.5961412949930213       4   0 3  0 0  0 0  1 0
   172  0.4626057909376720E-05   4   2 0  1 0  0 0  1 0
   173  0.3888787804691935E-05   4   1 1  1 0  0 0  1 0
   174  0.1105882812215659E-06   4   0 2  1 0  0 0  1 0
   175  -.9096030712113375E-03   4   1 0  2 0  0 0  1 0
   176  -.3482799433868066E-03   4   0 1  2 0  0 0  1 0
   177  -.1376775671773896E-04   4   0 0  3 0  0 0  1 0
   178  0.1392931199863818E-04   4   2 0  0 1  0 0  1 0
   179  0.1225935666735232E-04   4   1 1  0 1  0 0  1 0
   180  0.5904633745208692E-05   4   0 2  0 1  0 0  1 0
   181  -.1587749772966443E-02   4   1 0  1 1  0 0  1 0
   182  -.6823522598089042E-03   4   0 1  1 1  0 0  1 0
   183  -.2618141803848777E-04   4   0 0  2 1  0 0  1 0
   184  -.5875206682377309E-03   4   1 0  0 2  0 0  1 0
   185  -.5961367387509711       4   0 1  0 2  0 0  1 0
   186  -.1088761983865950E-04   4   0 0  1 2  0 0  1 0
   187  0.9127881845031599E-06   4   0 0  0 3  0 0  1 0
   188  0.1914970085152834E-02   4   3 0  0 0  0 0  0 1
   189  0.2753621276169359E-02   4   2 1  0 0  0 0  0 1
   190  0.1327677202782689E-02   4   1 2  0 0  0 0  0 1
   191  0.2152597932410288E-03   4   0 3  0 0  0 0  0 1
   192  -.1836435027310488E-04   4   2 0  1 0  0 0  0 1
   193  -.4981293587428504E-05   4   1 1  1 0  0 0  0 1
   194  -.5613159520784163E-06   4   0 2  1 0  0 0  0 1
   195  0.1789025029951999E-02   4   1 0  2 0  0 0  0 1
   196  0.4920799334439023E-03   4   0 1  2 0  0 0  0 1
   197  0.1832749173337227E-04   4   0 0  3 0  0 0  0 1
   198  -.1210384559609134E-04   4   2 0  0 1  0 0  0 1
   199  -.8566482233428059E-05   4   1 1  0 1  0 0  0 1
   200  -.3447802382872594E-05   4   0 2  0 1  0 0  0 1
   201  0.2129340870705168E-02   4   1 0  1 1  0 0  0 1
   202  0.6989678694789642E-03   4   0 1  1 1  0 0  0 1
   203  0.2180784189410090E-04   4   0 0  2 1  0 0  0 1
   204  0.5880378069266212E-03   4   1 0  0 2  0 0  0 1
   205  0.2126910001332088E-03   4   0 1  0 2  0 0  0 1
   206  0.8977710906336037E-05   4   0 0  1 2  0 0  0 1
   207  0.6885656008192054E-06   4   0 0  0 3  0 0  0 1
   208  -.2174706137751960E-01   4   2 0  0 0  0 2  0 0
   209  -.5760959949845312E-01   4   1 1  0 0  0 2  0 0
   210  -.2787602920025588E-01   4   0 2  0 0  0 2  0 0
   211  0.1251240219384343E-04   4   1 0  1 0  0 2  0 0
   212  0.1657837743543027E-04   4   0 1  1 0  0 2  0 0
   213  0.2174704213643240E-01   4   0 0  2 0  0 2  0 0
   214  0.1655674797189600E-04   4   1 0  0 1  0 2  0 0
   215  0.5680432838957365E-04   4   0 1  0 1  0 2  0 0
   216  0.5760957738066662E-01   4   0 0  1 1  0 2  0 0
   217  0.2759502580933215E-01   4   0 0  0 2  0 2  0 0
   218  -.1451104010634619E-01   4   2 0  0 0  0 1  1 0
   219  -.5760952111610298E-01   4   1 1  0 0  0 1  1 0
   220  -.3343918992946616E-01   4   0 2  0 0  0 1  1 0
   221  0.8342129834044668E-05   4   1 0  1 0  0 1  1 0
   222  0.1656483194853682E-04   4   0 1  1 0  0 1  1 0
   223  0.1451101730268643E-01   4   0 0  2 0  0 1  1 0
   224  0.1654381246751617E-04   4   1 0  0 1  0 1  1 0
   225  0.6812886355972806E-04   4   0 1  0 1  0 1  1 0
   226  0.5760948872231739E-01   4   0 0  1 1  0 1  1 0
   227  0.3310210517635535E-01   4   0 0  0 2  0 1  1 0
   228  -.2170803107027457E-01   4   2 0  0 0  0 0  2 0
   229  -.5749330712525702E-01   4   1 1  0 0  0 0  2 0
   230  -.2781601451097387E-01   4   0 2  0 0  0 0  2 0
   231  0.1248995037012753E-04   4   1 0  1 0  0 0  2 0
   232  0.1654492095133260E-04   4   0 1  1 0  0 0  2 0
   233  0.2170801187042519E-01   4   0 0  2 0  0 0  2 0
   234  0.1652333473926487E-04   4   1 0  0 1  0 0  2 0
   235  0.5668204149471971E-04   4   0 1  0 1  0 0  2 0
   236  0.5749328505903260E-01   4   0 0  1 1  0 0  2 0
   237  0.2753561609755770E-01   4   0 0  0 2  0 0  2 0
   238  0.2900257619426908E-01   4   2 0  0 0  0 1  0 1
   239  0.5760958125944556E-01   4   1 1  0 0  0 1  0 1
   240  0.2212923661979582E-01   4   0 2  0 0  0 1  0 1
   241  -.1668217345970467E-04   4   1 0  1 0  0 1  0 1
   242  -.1656104874879261E-04   4   0 1  1 0  0 1  0 1
   243  -.2900254602545355E-01   4   0 0  2 0  0 1  0 1
   244  -.1654887260616623E-04   4   1 0  0 1  0 1  0 1
   245  -.1271834138825986E-04   4   0 1  0 1  0 1  0 1
   246  -.5760954566102397E-01   4   0 0  1 1  0 1  0 1
   247  -.2212923059116821E-01   4   0 0  0 2  0 1  0 1
   248  0.2896354589407087E-01   4   2 0  0 0  0 0  1 1
   249  0.5753205300003192E-01   4   1 1  0 0  0 0  1 1
   250  0.2209945613606795E-01   4   0 2  0 0  0 0  1 1
   251  -.1665972337686618E-04   4   1 0  1 0  0 0  1 1
   252  -.1653876166988161E-04   4   0 1  1 0  0 0  1 1
   253  -.2896351576585510E-01   4   0 0  2 0  0 0  1 1
   254  -.1652660191333414E-04   4   1 0  0 1  0 0  1 1
   255  -.1270122564381431E-04   4   0 1  0 1  0 0  1 1
   256  -.5753201744951703E-01   4   0 0  1 1  0 0  1 1
   257  -.2209945011555323E-01   4   0 0  0 2  0 0  1 1
   258  0.7036125712131147E-14   4   2 0  0 0  0 0  0 2
   259  0.9261899282735292E-14   4   1 1  0 0  0 0  0 2
   260  0.3057322168232345E-14   4   0 2  0 0  0 0  0 2
   261  -.1313727282259224E-13   4   1 0  1 0  0 0  0 2
   262  -.7446874408073263E-14   4   0 1  1 0  0 0  0 2
   263  -.6539601332675337E-15   4   0 0  2 0  0 0  0 2
   264  -.6283449989438098E-14   4   1 0  0 1  0 0  0 2
   265  -.3627729222287968E-14   4   0 1  0 1  0 0  0 2
   266  0.6650667074624831E-15   4   0 0  1 1  0 0  0 2
   267  0.5673881629555243E-15   4   0 0  0 2  0 0  0 2
   268  -.9008890008147626E-06   4   1 0  0 0  0 3  0 0
   269  -.2485473392808756       4   0 1  0 0  0 3  0 0
   270  0.1666091768493567E-06   4   0 0  1 0  0 3  0 0
   271  0.1026970229412499E-05   4   0 0  0 1  0 3  0 0
   272  -.9464679554971781E-06   4   1 0  0 0  0 2  1 0
   273  -.1491687930997933       4   0 1  0 0  0 2  1 0
   274  -.1792808498375136E-07   4   0 0  1 0  0 2  1 0
   275  0.1119016592009360E-05   4   0 0  0 1  0 2  1 0
   276  -.9463735011242050E-06   4   1 0  0 0  0 1  2 0
   277  -.1493687263478628       4   0 1  0 0  0 1  2 0
   278  -.1755602522431903E-07   4   0 0  1 0  0 1  2 0
   279  0.1118827994687088E-05   4   0 0  0 1  0 1  2 0
   280  -.8984344420134263E-06   4   1 0  0 0  0 0  3 0
   281  -.2479453775506924       4   0 1  0 0  0 0  3 0
   282  0.1662849020775527E-06   4   0 0  1 0  0 0  3 0
   283  0.1024145211868657E-05   4   0 0  0 1  0 0  3 0
   284  0.8780847233048892E-06   4   1 0  0 0  0 2  0 1
   285  0.3136097967596235E-07   4   0 1  0 0  0 2  0 1
   286  -.2589401237062458E-06   4   0 0  1 0  0 2  0 1
   287  -.9807822191130103E-06   4   0 0  0 1  0 2  0 1
   288  0.9236013339150766E-06   4   1 0  0 0  0 1  1 1
   289  0.1206482050384154E-07   4   0 1  0 0  0 1  1 1
   290  -.7465086862731620E-07   4   0 0  1 0  0 1  1 1
   291  -.1074483918607344E-05   4   0 0  0 1  0 1  1 1
   292  0.8762815686711764E-06   4   1 0  0 0  0 0  2 1
   293  0.3131065738540850E-07   4   0 1  0 0  0 0  2 1
   294  -.2585414235197981E-06   4   0 0  1 0  0 0  2 1
   295  -.9787393337077984E-06   4   0 0  0 1  0 0  2 1
   296  -.2048139944268858E-04   4   0 0  0 0  0 4  0 0
   297  -.1170550832349996E-04   4   0 0  0 0  0 3  1 0
   298  -.1053877388364791E-04   4   0 0  0 0  0 2  2 0
   299  -.1173061403572805E-04   4   0 0  0 0  0 1  3 0
   300  -.2041843122388955E-04   4   0 0  0 0  0 0  4 0
   301  -.1018414566107860E-10   4   0 0  0 0  0 3  0 1
   302  0.3217598638435016E-10   4   0 0  0 0  0 2  1 1
   303  0.3209050465190749E-10   4   0 0  0 0  0 1  2 1
   304  -.1018520894598167E-10   4   0 0  0 0  0 0  3 1
   ----------------------------------------------------
     I  COEFFICIENT            ORDER EXPONENTS
     1  0.7953035374625288E-08   0   0 0  0 0  0 0  0 0
     2  -.1156684541465243E-04   1   1 0  0 0  0 0  0 0
     3  0.9999927551542528       1   0 1  0 0  0 0  0 0
     4  -.1350767775323440E-04   1   0 0  1 0  0 0  0 0
     5  -.7506794628784681E-05   1   0 0  0 1  0 0  0 0
     6  0.4024826546284400E-08   1   0 0  0 0  0 1  0 0
     7  0.4019410124414760E-08   1   0 0  0 0  0 0  1 0
     8  -.9120148110355744E-10   1   0 0  0 0  0 0  0 1
     9  -.2186950296268884       2   2 0  0 0  0 0  0 0
    10  -.2318062358469069       2   1 1  0 0  0 0  0 0
    11  -.6336108411152412E-01   2   0 2  0 0  0 0  0 0
    12  0.1255792884338597E-03   2   1 0  1 0  0 0  0 0
    13  0.6661691359506562E-04   2   0 1  1 0  0 0  0 0
    14  0.2186950804134035       2   0 0  2 0  0 0  0 0
    15  0.6654230727012873E-04   2   1 0  0 1  0 0  0 0
    16  0.3640930193525459E-04   2   0 1  0 1  0 0  0 0
    17  0.2318063398428905       2   0 0  1 1  0 0  0 0
    18  0.6336111880301279E-01   2   0 0  0 2  0 0  0 0
    19  -.6267959677090905E-11   2   1 0  0 0  0 1  0 0
    20  0.3624858268552110E-05   2   0 1  0 0  0 1  0 0
    21  -.4985004991232948E-11   2   0 0  1 0  0 1  0 0
    22  0.3743854047385409E-05   2   0 0  0 1  0 1  0 0
    23  -.6259524557136740E-11   2   1 0  0 0  0 0  1 0
    24  0.3619980105126096E-05   2   0 1  0 0  0 0  1 0
    25  -.4978296405434886E-11   2   0 0  1 0  0 0  1 0
    26  0.3738815745050195E-05   2   0 0  0 1  0 0  1 0
    27  -.1156683298305200E-04   2   1 0  0 0  0 0  0 1
    28  -.7244838923554498E-05   2   0 1  0 0  0 0  0 1
    29  -.1350766823085442E-04   2   0 0  1 0  0 0  0 1
    30  -.7482669818475547E-05   2   0 0  0 1  0 0  0 1
    31  -.1004176484220235E-08   2   0 0  0 0  0 2  0 0
    32  0.2008351302219756E-08   2   0 0  0 0  0 1  1 0
    33  -.1004176482824086E-08   2   0 0  0 0  0 0  2 0
    34  0.4415265043327912E-15   2   0 0  0 0  0 1  0 1
    35  0.4409323299055964E-15   2   0 0  0 0  0 0  1 1
    36  0.5090988800621555E-02   3   3 0  0 0  0 0  0 0
    37  0.7576815267207790E-02   3   2 1  0 0  0 0  0 0
    38  0.3770537879352131E-02   3   1 2  0 0  0 0  0 0
    39  0.6281101723308137E-03   3   0 3  0 0  0 0  0 0
    40  -.8077142782468979E-06   3   2 0  1 0  0 0  0 0
    41  0.5409137547447501E-04   3   1 1  1 0  0 0  0 0
    42  0.2551008370552515E-04   3   0 2  1 0  0 0  0 0
    43  0.5090999891804138E-02   3   1 0  2 0  0 0  0 0
    44  0.1522993332773762E-02   3   0 1  2 0  0 0  0 0
    45  0.1226044844182266E-05   3   0 0  3 0  0 0  0 0
    46  0.2701410484722214E-04   3   2 0  0 1  0 0  0 0
    47  0.6448903256769167E-04   3   1 1  0 1  0 0  0 0
    48  0.2186673119352708E-04   3   0 2  0 1  0 0  0 0
    49  0.6431772499439799E-02   3   1 0  1 1  0 0  0 0
    50  0.2290363622658207E-02   3   0 1  1 1  0 0  0 0
    51  -.2537683678105694E-04   3   0 0  2 1  0 0  0 0
    52  0.1857656477130998E-02   3   1 0  0 2  0 0  0 0
    53  0.7231248549344623E-03   3   0 1  0 2  0 0  0 0
    54  -.2452085992933086E-04   3   0 0  1 2  0 0  0 0
    55  -.9589563382010857E-05   3   0 0  0 3  0 0  0 0
    56  -.1284681681053732E-06   3   2 0  0 0  0 1  0 0
    57  0.1159810266067001       3   1 1  0 0  0 1  0 0
    58  0.6340370738938403E-01   3   0 2  0 0  0 1  0 0
    59  0.1980429685107463E-06   3   1 0  1 0  0 1  0 0
    60  -.3326278327243732E-04   3   0 1  1 0  0 1  0 0
    61  0.1197584644428317E-06   3   0 0  2 0  0 1  0 0
    62  -.3317778175113045E-04   3   1 0  0 1  0 1  0 0
    63  -.3638917089342230E-04   3   0 1  0 1  0 1  0 0
    64  -.1159811129094645       3   0 0  1 1  0 1  0 0
    65  -.6340376522840771E-01   3   0 0  0 2  0 1  0 0
    66  -.1282952816806531E-06   3   2 0  0 0  0 0  1 0
    67  0.1158249448070892       3   1 1  0 0  0 0  1 0
    68  0.6331838166809280E-01   3   0 2  0 0  0 0  1 0
    69  0.1977764516171446E-06   3   1 0  1 0  0 0  1 0
    70  -.3321801978632993E-04   3   0 1  1 0  0 0  1 0
    71  0.1195972991289504E-06   3   0 0  2 0  0 0  1 0
    72  -.3313313265606445E-04   3   1 0  0 1  0 0  1 0
    73  -.3634020006219619E-04   3   0 1  0 1  0 0  1 0
    74  -.1158250309937114       3   0 0  1 1  0 0  1 0
    75  -.6331843942927941E-01   3   0 0  0 2  0 0  1 0
    76  -.2186947603305545       3   2 0  0 0  0 0  0 1
    77  -.2318059580932604       3   1 1  0 0  0 0  0 1
    78  -.6336100407561573E-01   3   0 2  0 0  0 0  0 1
    79  0.1251886905090939E-03   3   1 0  1 0  0 0  0 1
    80  0.6648003779508137E-04   3   0 1  1 0  0 0  0 1
    81  0.2186948452450041       3   0 0  2 0  0 0  0 1
    82  0.6632323014358708E-04   3   1 0  0 1  0 0  0 1
    83  0.3632554937294858E-04   3   0 1  0 1  0 0  0 1
    84  0.2318061505352325       3   0 0  1 1  0 0  0 1
    85  0.6336108699846286E-01   3   0 0  0 2  0 0  0 1
    86  -.1790680256854765E-10   3   1 0  0 0  0 2  0 0
    87  -.2718049021848686E-05   3   0 1  0 0  0 2  0 0
    88  -.2593099036520166E-11   3   0 0  1 0  0 2  0 0
    89  -.2807261881898924E-05   3   0 0  0 1  0 2  0 0
    90  -.2451504646374903E-10   3   1 0  0 0  0 1  1 0
    91  -.1813662995750853E-05   3   0 1  0 0  0 1  1 0
    92  -.3118993048891628E-11   3   0 0  1 0  0 1  1 0
    93  -.1873181998830070E-05   3   0 0  0 1  0 1  1 0
    94  -.1786626224382015E-10   3   1 0  0 0  0 0  2 0
    95  -.2713170828253710E-05   3   0 1  0 0  0 0  2 0
    96  -.2587539427014962E-11   3   0 0  1 0  0 0  2 0
    97  -.2802223581217720E-05   3   0 0  0 1  0 0  2 0
    98  0.2289667560401219E-10   3   1 0  0 0  0 1  0 1
    99  0.3624873820641804E-05   3   0 1  0 0  0 1  0 1
   100  0.4904201490701963E-11   3   0 0  1 0  0 1  0 1
   101  0.3743854314572488E-05   3   0 0  0 1  0 1  0 1
   102  0.2286586233129484E-10   3   1 0  0 0  0 0  1 1
   103  0.3619995636288451E-05   3   0 1  0 0  0 0  1 1
   104  0.4897601646614846E-11   3   0 0  1 0  0 0  1 1
   105  0.3738816011877703E-05   3   0 0  0 1  0 0  1 1
   106  0.1606448685218768E-09   3   0 0  0 0  0 3  0 0
   107  -.8793024155323467E-09   3   0 0  0 0  0 2  1 0
   108  -.8772035837472969E-09   3   0 0  0 0  0 1  2 0
   109  0.1609114521928799E-09   3   0 0  0 0  0 0  3 0
   110  0.3245604081384987E-09   3   0 0  0 0  0 2  0 1
   111  0.3589325758660362E-09   3   0 0  0 0  0 1  1 1
   112  0.3238821125579586E-09   3   0 0  0 0  0 0  2 1
   113  0.5483886253557940E-02   4   4 0  0 0  0 0  0 0
   114  0.1205235572637252E-01   4   3 1  0 0  0 0  0 0
   115  0.1742338190722547       4   2 2  0 0  0 0  0 0
   116  0.6187719206744921E-01   4   1 3  0 0  0 0  0 0
   117  -.1526677710239098E-01   4   0 4  0 0  0 0  0 0
   118  -.2052134880732369E-05   4   3 0  1 0  0 0  0 0
   119  -.4672703953895481E-05   4   2 1  1 0  0 0  0 0
   120  -.3460150759056117E-04   4   1 2  1 0  0 0  0 0
   121  0.1596080176100032E-04   4   0 3  1 0  0 0  0 0
   122  0.1149792488639307E-01   4   2 0  2 0  0 0  0 0
   123  0.1255184666682617E-01   4   1 1  2 0  0 0  0 0
   124  0.5819719635437487E-01   4   0 2  2 0  0 0  0 0
   125  -.6462224503038596E-05   4   1 0  3 0  0 0  0 0
   126  -.3963837512928793E-05   4   0 1  3 0  0 0  0 0
   127  -.9298162775702497E-02   4   0 0  4 0  0 0  0 0
   128  -.1054747865634416E-05   4   3 0  0 1  0 0  0 0
   129  -.9671553598847496E-04   4   2 1  0 1  0 0  0 0
   130  -.8497616397659575E-04   4   1 2  0 1  0 0  0 0
   131  -.3731210538002385E-06   4   0 3  0 1  0 0  0 0
   132  0.1334567842575268E-01   4   2 0  1 1  0 0  0 0
   133  -.2035853197801110       4   1 1  1 1  0 0  0 0
   134  0.6230707267534201E-01   4   0 2  1 1  0 0  0 0
   135  -.1169253859898383E-04   4   1 0  2 1  0 0  0 0
   136  -.3855897555719459E-04   4   0 1  2 1  0 0  0 0
   137  -.2063615894850948E-01   4   0 0  3 1  0 0  0 0
   138  -.1599910184718817       4   2 0  0 2  0 0  0 0
   139  -.4009916321389183       4   1 1  0 2  0 0  0 0
   140  -.9367803498903499E-01   4   0 2  0 2  0 0  0 0
   141  0.2443001893232497E-04   4   1 0  1 2  0 0  0 0
   142  0.1239264609969150E-04   4   0 1  1 2  0 0  0 0
   143  -.7239557098688305E-01   4   0 0  2 2  0 0  0 0
   144  0.4856973166216913E-04   4   1 0  0 3  0 0  0 0
   145  0.3558210048504684E-04   4   0 1  0 3  0 0  0 0
   146  0.5103552409543166E-01   4   0 0  1 3  0 0  0 0
   147  0.4649537706463432E-01   4   0 0  0 4  0 0  0 0
   148  -.2546386792488583E-02   4   3 0  0 0  0 1  0 0
   149  -.7532884479205505E-02   4   2 1  0 0  0 1  0 0
   150  -.5613705714634153E-02   4   1 2  0 0  0 1  0 0
   151  -.1252007628834685E-02   4   0 3  0 0  0 1  0 0
   152  -.1729943922195319E-06   4   2 0  1 0  0 1  0 0
   153  -.9100056580472140E-05   4   1 1  1 0  0 1  0 0
   154  -.2232022037445381E-04   4   0 2  1 0  0 1  0 0
   155  -.2546375193324958E-02   4   1 0  2 0  0 1  0 0
   156  -.1444648629994631E-02   4   0 1  2 0  0 1  0 0
   157  0.2420639253466166E-06   4   0 0  3 0  0 1  0 0
   158  0.1375751082173296E-04   4   2 0  0 1  0 1  0 0
   159  -.6174877373588241E-05   4   1 1  0 1  0 1  0 0
   160  -.1305075853967395E-04   4   0 2  0 1  0 1  0 0
   161  -.6403271447440988E-02   4   1 0  1 1  0 1  0 0
   162  -.3324950333749946E-02   4   0 1  1 1  0 1  0 0
   163  0.2263464355909986E-04   4   0 0  2 1  0 1  0 0
   164  -.2806719203567700E-02   4   1 0  0 2  0 1  0 0
   165  -.1435176682244447E-02   4   0 1  0 2  0 1  0 0
   166  0.2937284703072450E-04   4   0 0  1 2  0 1  0 0
   167  0.1151205014686298E-04   4   0 0  0 3  0 1  0 0
   168  -.2542959985150337E-02   4   3 0  0 0  0 0  1 0
   169  -.7522747078286342E-02   4   2 1  0 0  0 0  1 0
   170  -.5606151054048407E-02   4   1 2  0 0  0 0  1 0
   171  -.1250322735973213E-02   4   0 3  0 0  0 0  1 0
   172  -.1727615845193912E-06   4   2 0  1 0  0 0  1 0
   173  -.9087810153196895E-05   4   1 1  1 0  0 0  1 0
   174  -.2229018287378943E-04   4   0 2  1 0  0 0  1 0
   175  -.2542948401596174E-02   4   1 0  2 0  0 0  1 0
   176  -.1442704489952400E-02   4   0 1  2 0  0 0  1 0
   177  0.2417381671239484E-06   4   0 0  3 0  0 0  1 0
   178  0.1373899661203812E-04   4   2 0  0 1  0 0  1 0
   179  -.6166567514630718E-05   4   1 1  0 1  0 0  1 0
   180  -.1303319544389220E-04   4   0 2  0 1  0 0  1 0
   181  -.6394654226502760E-02   4   1 0  1 1  0 0  1 0
   182  -.3320475772290302E-02   4   0 1  1 1  0 0  1 0
   183  0.2260418292253183E-04   4   0 0  2 1  0 0  1 0
   184  -.2802942053139686E-02   4   1 0  0 2  0 0  1 0
   185  -.1433245289102675E-02   4   0 1  0 2  0 0  1 0
   186  0.2933331843748486E-04   4   0 0  1 2  0 0  1 0
   187  0.1149655777231951E-04   4   0 0  0 3  0 0  1 0
   188  0.1018057656727110E-01   4   3 0  0 0  0 0  0 1
   189  0.1515098135758507E-01   4   2 1  0 0  0 0  0 1
   190  0.7546649574148976E-02   4   1 2  0 0  0 0  0 1
   191  0.1264641815496055E-02   4   0 3  0 0  0 0  0 1
   192  -.2684217641202689E-08   4   2 0  1 0  0 0  0 1
   193  0.3671194383218808E-04   4   1 1  1 0  0 0  0 1
   194  0.2183203536423120E-04   4   0 2  1 0  0 0  0 1
   195  0.1018057579445434E-01   4   1 0  2 0  0 0  0 1
   196  0.2919143769639225E-02   4   0 1  2 0  0 0  0 1
   197  -.2192977903511193E-08   4   0 0  3 0  0 0  0 1
   198  0.5293564306914419E-07   4   2 0  0 1  0 0  0 1
   199  0.1474568117731403E-04   4   1 1  0 1  0 0  0 1
   200  0.6519684337725808E-05   4   0 2  0 1  0 0  0 1
   201  0.1273564599839541E-01   4   1 0  1 1  0 0  0 1
   202  0.4374463472583406E-02   4   0 1  1 1  0 0  0 1
   203  -.3666458281267104E-04   4   0 0  2 1  0 0  0 1
   204  0.3673452032006133E-02   4   1 0  0 2  0 0  0 1
   205  0.1391022789735043E-02   4   0 1  0 2  0 0  0 1
   206  -.3171772357922800E-04   4   0 0  1 2  0 0  0 1
   207  -.9051357402621406E-05   4   0 0  0 3  0 0  0 1
   208  -.2813601702209739E-06   4   2 0  0 0  0 2  0 0
   209  -.8696668046085375E-01   4   1 1  0 0  0 2  0 0
   210  -.6340385163139425E-01   4   0 2  0 0  0 2  0 0
   211  0.1137157053643971E-06   4   1 0  1 0  0 2  0 0
   212  0.2499919688893229E-04   4   0 1  1 0  0 2  0 0
   213  0.1095084742184414E-06   4   0 0  2 0  0 2  0 0
   214  0.2500212181303048E-04   4   1 0  0 1  0 2  0 0
   215  0.3643326860375253E-04   4   0 1  0 1  0 2  0 0
   216  0.8696645465904949E-01   4   0 0  1 1  0 2  0 0
   217  0.6340379655769308E-01   4   0 0  0 2  0 2  0 0
   218  -.3249974175792058E-06   4   2 0  0 0  0 1  1 0
   219  -.5802981340473927E-01   4   1 1  0 0  0 1  1 0
   220  -.6340376257248878E-01   4   0 2  0 0  0 1  1 0
   221  0.1416212201170466E-06   4   1 0  1 0  0 1  1 0
   222  0.1665819966214280E-04   4   0 1  1 0  0 1  1 0
   223  0.1355072949940898E-06   4   0 0  2 0  0 1  1 0
   224  0.1667092251423197E-04   4   1 0  0 1  0 1  1 0
   225  0.3640559499751414E-04   4   0 1  0 1  0 1  1 0
   226  0.5802953018613567E-01   4   0 0  1 1  0 1  1 0
   227  0.6340369031161926E-01   4   0 0  0 2  0 1  1 0
   228  -.2807628459019317E-06   4   2 0  0 0  0 0  2 0
   229  -.8681059790687236E-01   4   1 1  0 0  0 0  2 0
   230  -.6327586281821183E-01   4   0 2  0 0  0 0  2 0
   231  0.1134673784943006E-06   4   1 0  1 0  0 0  2 0
   232  0.2495434523797865E-04   4   0 1  1 0  0 0  2 0
   233  0.1092699232211343E-06   4   0 0  2 0  0 0  2 0
   234  0.2495725766497650E-04   4   1 0  0 1  0 0  2 0
   235  0.3635974196101332E-04   4   0 1  0 1  0 0  2 0
   236  0.8681037259951259E-01   4   0 0  1 1  0 0  2 0
   237  0.6327580786724887E-01   4   0 0  0 2  0 0  2 0
   238  0.4501338024592669E-06   4   2 0  0 0  0 1  0 1
   239  0.1159815400102100       4   1 1  0 0  0 1  0 1
   240  0.6340382630489677E-01   4   0 2  0 0  0 1  0 1
   241  -.1819087286102147E-06   4   1 0  1 0  0 1  0 1
   242  -.3332507888035756E-04   4   0 1  1 0  0 1  0 1
   243  -.1751775289487665E-06   4   0 0  2 0  0 1  0 1
   244  -.3332817307462066E-04   4   1 0  0 1  0 1  0 1
   245  -.3641232357900839E-04   4   0 1  0 1  0 1  0 1
   246  -.1159812312632085       4   0 0  1 1  0 1  0 1
   247  -.6340376067994821E-01   4   0 0  0 2  0 1  0 1
   248  0.4495280336277821E-06   4   2 0  0 0  0 0  1 1
   249  0.1158254575196848       4   1 1  0 0  0 0  1 1
   250  0.6331850042357462E-01   4   0 2  0 0  0 0  1 1
   251  -.1816639244163198E-06   4   1 0  1 0  0 0  1 1
   252  -.3328023155975694E-04   4   0 1  1 0  0 0  1 1
   253  -.1749417833175856E-06   4   0 0  2 0  0 0  1 1
   254  -.3328332158999922E-04   4   1 0  0 1  0 0  1 1
   255  -.3636332158998920E-04   4   0 1  0 1  0 0  1 1
   256  -.1158251491881806       4   0 0  1 1  0 0  1 1
   257  -.6331843488694099E-01   4   0 0  0 2  0 0  1 1
   258  0.5127239788654429E-13   4   2 0  0 0  0 0  0 2
   259  0.5931939968691601E-13   4   1 1  0 0  0 0  0 2
   260  0.1728152129217450E-13   4   0 2  0 0  0 0  0 2
   261  -.5675244468614610E-13   4   1 0  1 0  0 0  0 2
   262  -.2682034070700845E-13   4   0 1  1 0  0 0  0 2
   263  0.3980116971971049E-13   4   0 0  2 0  0 0  0 2
   264  -.3333451357033738E-13   4   1 0  0 1  0 0  0 2
   265  -.1644250320609604E-13   4   0 1  0 1  0 0  0 2
   266  0.4716046271126852E-13   4   0 0  1 1  0 0  0 2
   267  0.1395804620461037E-13   4   0 0  0 2  0 0  0 2
   268  -.5119718596757624E-05   4   1 0  0 0  0 3  0 0
   269  -.2833214132501189E-05   4   0 1  0 0  0 3  0 0
   270  -.1487771537787770E-05   4   0 0  1 0  0 3  0 0
   271  0.4454026933179994E-06   4   0 0  0 1  0 3  0 0
   272  -.3072681400040381E-05   4   1 0  0 0  0 2  1 0
   273  -.2998217887420964E-05   4   0 1  0 0  0 2  1 0
   274  -.8929039068097484E-06   4   0 0  1 0  0 2  1 0
   275  -.1098277648985889E-06   4   0 0  0 1  0 2  1 0
   276  -.3076799701213388E-05   4   1 0  0 0  0 1  2 0
   277  -.2997877109405666E-05   4   0 1  0 0  0 1  2 0
   278  -.8941006823976035E-06   4   0 0  1 0  0 1  2 0
   279  -.1087081703931530E-06   4   0 0  0 1  0 1  2 0
   280  -.5107319036473356E-05   4   1 0  0 0  0 0  3 0
   281  -.2825480211755302E-05   4   0 1  0 0  0 0  3 0
   282  -.1484168274919284E-05   4   0 0  1 0  0 0  3 0
   283  0.4445773919940036E-06   4   0 0  0 1  0 0  3 0
   284  0.6143939243631024E-05   4   1 0  0 0  0 2  0 1
   285  0.2750660815664940E-05   4   0 1  0 0  0 2  0 1
   286  0.1785406061304173E-05   4   0 0  1 0  0 2  0 1
   287  -.7232062259970212E-06   4   0 0  0 1  0 2  0 1
   288  0.4099652600746682E-05   4   1 0  0 0  0 1  1 1
   289  0.2915439602613540E-05   4   0 1  0 0  0 1  1 1
   290  0.1191338560622432E-05   4   0 0  1 0  0 1  1 1
   291  -.1687221700459998E-06   4   0 0  0 1  0 1  1 1
   292  0.6132912460120430E-05   4   1 0  0 0  0 0  2 1
   293  0.2744997375463288E-05   4   0 1  0 0  0 0  2 1
   294  0.1782201722323736E-05   4   0 0  1 0  0 0  2 1
   295  -.7221194399695030E-06   4   0 0  0 1  0 0  2 1
   296  -.3465965748161403E-09   4   0 0  0 0  0 4  0 0
   297  -.1506654883857031E-09   4   0 0  0 0  0 3  1 0
   298  -.2888912460112556E-09   4   0 0  0 0  0 2  2 0
   299  -.1510054285988516E-09   4   0 0  0 0  0 1  3 0
   300  -.3455629106542951E-09   4   0 0  0 0  0 0  4 0
   301  0.3468323249200094E-10   4   0 0  0 0  0 3  0 1
   302  0.3934198818127236E-09   4   0 0  0 0  0 2  1 1
   303  0.3926956312165917E-09   4   0 0  0 0  0 1  2 1
   304  0.3434885341736673E-10   4   0 0  0 0  0 0  3 1
   ----------------------------------------------------
     I  COEFFICIENT            ORDER EXPONENTS
     1  -.2177699389437173E-04   0   0 0  0 0  0 0  0 0
     2  -.3232220271976358E-05   1   1 0  0 0  0 0  0 0
     3  -.1672936820042773E-05   1   0 1  0 0  0 0  0 0
     4   1.000001951148200       1   0 0  1 0  0 0  0 0
     5  0.7950312169657452       1   0 0  0 1  0 0  0 0
     6  0.3823524974739905E-10   1   0 0  0 0  0 1  0 0
     7  0.3818379455281668E-10   1   0 0  0 0  0 0  1 0
     8  -.7641908002984584E-10   1   0 0  0 0  0 0  0 1
     9  0.1668610731180059E-04   2   2 0  0 0  0 0  0 0
    10  0.1656529305338075E-04   2   1 1  0 0  0 0  0 0
    11  0.4240760030538223E-05   2   0 2  0 0  0 0  0 0
    12  0.1159322136739356       2   1 0  1 0  0 0  0 0
    13  0.5757085506081132E-01   2   0 1  1 0  0 0  0 0
    14  -.1677060746459779E-04   2   0 0  2 0  0 0  0 0
    15  0.5757086762247161E-01   2   1 0  0 1  0 0  0 0
    16  0.2948583150627273E-01   2   0 1  0 1  0 0  0 0
    17  -.1662614429711018E-04   2   0 0  1 1  0 0  0 0
    18  -.4241946733878292E-05   2   0 0  0 2  0 0  0 0
    19  0.1629267700322893E-05   2   1 0  0 0  0 1  0 0
    20  0.1683658353737541E-05   2   0 1  0 0  0 1  0 0
    21  -.9762313675638762E-06   2   0 0  1 0  0 1  0 0
    22  -.3977838814668684       2   0 0  0 1  0 1  0 0
    23  0.1627075108636495E-05   2   1 0  0 0  0 0  1 0
    24  0.1681392565673167E-05   2   0 1  0 0  0 0  1 0
    25  -.9749176013974986E-06   2   0 0  1 0  0 0  1 0
    26  -.3972485626660953       2   0 0  0 1  0 0  1 0
    27  -.3256343398211741E-05   2   1 0  0 0  0 0  0 1
    28  -.1692114705307004E-05   2   0 1  0 0  0 0  0 1
    29  0.1951149752372611E-05   2   0 0  1 0  0 0  0 1
    30  0.1227167840168906E-05   2   0 0  0 1  0 0  0 1
    31  -.2683165930701460E-10   2   0 0  0 0  0 2  0 0
    32  -.1692523702199610E-10   2   0 0  0 0  0 1  1 0
    33  -.2678416199268736E-10   2   0 0  0 0  0 0  2 0
    34  0.3823521927398493E-10   2   0 0  0 0  0 1  0 1
    35  0.3818376411786482E-10   2   0 0  0 0  0 0  1 1
    36  -.9006915815145380E-05   3   3 0  0 0  0 0  0 0
    37  -.1039139267410251E-04   3   2 1  0 0  0 0  0 0
    38  -.6752579874459285E-05   3   1 2  0 0  0 0  0 0
    39  -.2768024320234909E-05   3   0 3  0 0  0 0  0 0
    40  0.8311431579333677E-03   3   2 0  1 0  0 0  0 0
    41  0.1028033478408338E-02   3   1 1  1 0  0 0  0 0
    42  0.2923289185808078E-03   3   0 2  1 0  0 0  0 0
    43  0.2768123380859680E-04   3   1 0  2 0  0 0  0 0
    44  -.2756810933920954E-05   3   0 1  2 0  0 0  0 0
    45  0.9574554002845801E-03   3   0 0  3 0  0 0  0 0
    46  0.2500488057115766E-03   3   2 0  0 1  0 0  0 0
    47  0.3650251151815024E-03   3   1 1  0 1  0 0  0 0
    48  0.3976296288876733       3   0 2  0 1  0 0  0 0
    49  0.8011989330828996E-05   3   1 0  1 1  0 0  0 0
    50  -.1178343836986394E-04   3   0 1  1 1  0 0  0 0
    51  0.1367370826454927E-02   3   0 0  2 1  0 0  0 0
    52  -.7029379523411368E-05   3   1 0  0 2  0 0  0 0
    53  -.8451788293733723E-05   3   0 1  0 2  0 0  0 0
    54  0.6572772633362100E-03   3   0 0  1 2  0 0  0 0
    55  0.3976227384138557       3   0 0  0 3  0 0  0 0
    56  -.8344219902482471E-05   3   2 0  0 0  0 1  0 0
    57  -.1657176904886033E-04   3   1 1  0 0  0 1  0 0
    58  -.6364988191226012E-05   3   0 2  0 0  0 1  0 0
    59  -.5800516413297191E-01   3   1 0  1 0  0 1  0 0
    60  -.5760962544034633E-01   3   0 1  1 0  0 1  0 0
    61  0.8426057417925649E-05   3   0 0  2 0  0 1  0 0
    62  -.5760963818281251E-01   3   1 0  0 1  0 1  0 0
    63  -.4425852540492081E-01   3   0 1  0 1  0 1  0 0
    64  0.1668462179884416E-04   3   0 0  1 1  0 1  0 0
    65  0.6385913433744944E-05   3   0 0  0 2  0 1  0 0
    66  -.8332990644587166E-05   3   2 0  0 0  0 0  1 0
    67  -.1654946754307470E-04   3   1 1  0 0  0 0  1 0
    68  -.6356422490089745E-05   3   0 2  0 0  0 0  1 0
    69  -.5792710351677040E-01   3   1 0  1 0  0 0  1 0
    70  -.5753209712147593E-01   3   0 1  1 0  0 0  1 0
    71  0.8414718026958929E-05   3   0 0  2 0  0 0  1 0
    72  -.5753210984679392E-01   3   1 0  0 1  0 0  1 0
    73  -.4419896436726317E-01   3   0 1  0 1  0 0  1 0
    74  0.1666216842114615E-04   3   0 0  1 1  0 0  1 0
    75  0.6377319572403647E-05   3   0 0  0 2  0 0  1 0
    76  0.1667657374232635E-04   3   2 0  0 0  0 0  0 1
    77  0.1655162476564032E-04   3   1 1  0 0  0 0  0 1
    78  0.4236949775719704E-05   3   0 2  0 0  0 0  0 1
    79  0.1159322815820140       3   1 0  1 0  0 0  0 1
    80  0.5757088084918448E-01   3   0 1  1 0  0 0  0 1
    81  -.1684355069457305E-04   3   0 0  2 0  0 0  0 1
    82  0.5757089082482293E-01   3   1 0  0 1  0 0  0 1
    83  0.2948583689734153E-01   3   0 1  0 1  0 0  0 1
    84  -.1672469728586068E-04   3   0 0  1 1  0 0  0 1
    85  -.4281221469485473E-05   3   0 0  0 2  0 0  0 1
    86  -.1221675285914984E-05   3   1 0  0 0  0 2  0 0
    87  -.1674287916000671E-05   3   0 1  0 0  0 2  0 0
    88  0.7320087066406708E-06   3   0 0  1 0  0 2  0 0
    89  0.2982714132543450       3   0 0  0 1  0 2  0 0
    90  -.8151794064085872E-06   3   1 0  0 0  0 1  1 0
    91  -.1674330827081303E-05   3   0 1  0 0  0 1  1 0
    92  0.4884432917098421E-06   3   0 0  1 0  0 1  1 0
    93  0.1990260832523777       3   0 0  0 1  0 1  1 0
    94  -.1219482697983970E-05   3   1 0  0 0  0 0  2 0
    95  -.1670908120519827E-05   3   0 1  0 0  0 0  2 0
    96  0.7306949418060126E-06   3   0 0  1 0  0 0  2 0
    97  0.2977360936818991       3   0 0  0 1  0 0  2 0
    98  0.1629265089323540E-05   3   1 0  0 0  0 1  0 1
    99  0.1693252639540206E-05   3   0 1  0 0  0 1  0 1
   100  -.9762302080081887E-06   3   0 0  1 0  0 1  0 1
   101  -.1227992977866054E-05   3   0 0  0 1  0 1  0 1
   102  0.1627072501150902E-05   3   1 0  0 0  0 0  1 1
   103  0.1690973939938186E-05   3   0 1  0 0  0 0  1 1
   104  -.9749164434022860E-06   3   0 0  1 0  0 0  1 1
   105  -.1226340402789913E-05   3   0 0  0 1  0 0  1 1
   106  -.6112987186363994E-10   3   0 0  0 0  0 3  0 0
   107  -.7180631965677060E-10   3   0 0  0 0  0 2  1 0
   108  -.7178460014607062E-10   3   0 0  0 0  0 1  2 0
   109  -.6095822154774082E-10   3   0 0  0 0  0 0  3 0
   110  0.5505273482851153E-10   3   0 0  0 0  0 2  0 1
   111  0.6564891010623468E-10   3   0 0  0 0  0 1  1 1
   112  0.5493447379302372E-10   3   0 0  0 0  0 0  2 1
   113  -.9316345913942512E-06   4   4 0  0 0  0 0  0 0
   114  0.2987201571206154E-04   4   3 1  0 0  0 0  0 0
   115  0.5319125327841751E-04   4   2 2  0 0  0 0  0 0
   116  0.3950310478679311E-04   4   1 3  0 0  0 0  0 0
   117  0.1857248412033274E-04   4   0 4  0 0  0 0  0 0
   118  -.5524307746527197E-02   4   3 0  1 0  0 0  0 0
   119  0.1007145735613257       4   2 1  1 0  0 0  0 0
   120  0.1981244049276174       4   1 2  1 0  0 0  0 0
   121  0.1027417765487708       4   0 3  1 0  0 0  0 0
   122  0.2773456499522658E-05   4   2 0  2 0  0 0  0 0
   123  0.3297840709972719E-04   4   1 1  2 0  0 0  0 0
   124  -.4183256297491341E-05   4   0 2  2 0  0 0  0 0
   125  -.1798732144967675E-02   4   1 0  3 0  0 0  0 0
   126  0.1084630298973546       4   0 1  3 0  0 0  0 0
   127  0.5491723519559388E-06   4   0 0  4 0  0 0  0 0
   128  0.1065126025990162       4   3 0  0 1  0 0  0 0
   129  0.1402213481919287       4   2 1  0 1  0 0  0 0
   130  0.1413662545299341       4   1 2  0 1  0 0  0 0
   131  0.6448459517086128E-01   4   0 3  0 1  0 0  0 0
   132  -.3085406491490743E-04   4   2 0  1 1  0 0  0 0
   133  0.1580886405369397E-04   4   1 1  1 1  0 0  0 0
   134  -.1227464949623684E-04   4   0 2  1 1  0 0  0 0
   135  0.1065727284715819       4   1 0  2 1  0 0  0 0
   136  0.2014256436605669       4   0 1  2 1  0 0  0 0
   137  -.3101090315260824E-04   4   0 0  3 1  0 0  0 0
   138  0.1209634014383572E-04   4   2 0  0 2  0 0  0 0
   139  0.3556454521668338E-04   4   1 1  0 2  0 0  0 0
   140  0.5502254417406212E-04   4   0 2  0 2  0 0  0 0
   141  0.2593326928598144       4   1 0  1 2  0 0  0 0
   142  0.2296022342174956       4   0 1  1 2  0 0  0 0
   143  -.6276131017107370E-04   4   0 0  2 2  0 0  0 0
   144  0.1321545357489081       4   1 0  0 3  0 0  0 0
   145  0.9434656592566064E-01   4   0 1  0 3  0 0  0 0
   146  -.4837479876480035E-04   4   0 0  1 3  0 0  0 0
   147  0.2822469921715288E-04   4   0 0  0 4  0 0  0 0
   148  -.4592504506398709E-05   4   3 0  0 0  0 1  0 0
   149  -.3180271518642524E-05   4   2 1  0 0  0 1  0 0
   150  -.1211099307896450E-05   4   1 2  0 0  0 1  0 0
   151  0.1533023383825267E-05   4   0 3  0 0  0 1  0 0
   152  -.8479750793102994E-03   4   2 0  1 0  0 1  0 0
   153  -.1473299262787575E-02   4   1 1  1 0  0 1  0 0
   154  -.5333955623393401E-03   4   0 2  1 0  0 1  0 0
   155  -.2294946282921024E-04   4   1 0  2 0  0 1  0 0
   156  -.9088668679675468E-05   4   0 1  2 0  0 1  0 0
   157  -.9108731215457550E-03   4   0 0  3 0  0 1  0 0
   158  -.3730182433602293E-03   4   2 0  0 1  0 1  0 0
   159  -.6754039655104716E-03   4   1 1  0 1  0 1  0 0
   160  -.5969238372190827       4   0 2  0 1  0 1  0 0
   161  -.4217939280262047E-04   4   1 0  1 1  0 1  0 0
   162  -.7107010502379939E-05   4   0 1  1 1  0 1  0 0
   163  -.1996269295884598E-02   4   0 0  2 1  0 1  0 0
   164  -.9580649338409380E-05   4   1 0  0 2  0 1  0 0
   165  0.3940270686255018E-05   4   0 1  0 2  0 1  0 0
   166  -.1287488429186817E-02   4   0 0  1 2  0 1  0 0
   167  -.5969364726301778       4   0 0  0 3  0 1  0 0
   168  -.4586324130271233E-05   4   3 0  0 0  0 0  1 0
   169  -.3175991659113725E-05   4   2 1  0 0  0 0  1 0
   170  -.1209469467525013E-05   4   1 2  0 0  0 0  1 0
   171  0.1530960313204233E-05   4   0 3  0 0  0 0  1 0
   172  -.8468339144122448E-03   4   2 0  1 0  0 0  1 0
   173  -.1471316566074003E-02   4   1 1  1 0  0 0  1 0
   174  -.5326777437296347E-03   4   0 2  1 0  0 0  1 0
   175  -.2291857852370540E-04   4   1 0  2 0  0 0  1 0
   176  -.9076437577700469E-05   4   0 1  2 0  0 0  1 0
   177  -.9096473114267430E-03   4   0 0  3 0  0 0  1 0
   178  -.3725162529880679E-03   4   2 0  0 1  0 0  1 0
   179  -.6744950386845643E-03   4   1 1  0 1  0 0  1 0
   180  -.5961205252509999       4   0 2  0 1  0 0  1 0
   181  -.4212262976363263E-04   4   1 0  1 1  0 0  1 0
   182  -.7097446222587651E-05   4   0 1  1 1  0 0  1 0
   183  -.1993582810747123E-02   4   0 0  2 1  0 0  1 0
   184  -.9567756152050059E-05   4   1 0  0 2  0 0  1 0
   185  0.3934968055663969E-05   4   0 1  0 2  0 0  1 0
   186  -.1285755787936038E-02   4   0 0  1 2  0 0  1 0
   187  -.5961331436579539       4   0 0  0 3  0 0  1 0
   188  -.1837396518272513E-07   4   3 0  0 0  0 0  0 1
   189  0.2452561688170152E-05   4   2 1  0 0  0 0  0 1
   190  0.2169926778820860E-05   4   1 2  0 0  0 0  0 1
   191  -.1708961310782556E-06   4   0 3  0 0  0 0  0 1
   192  0.1726041312572600E-02   4   2 0  1 0  0 0  0 1
   193  0.2029193237064427E-02   4   1 1  1 0  0 0  0 1
   194  0.5483200975607407E-03   4   0 2  1 0  0 0  0 1
   195  0.3667390681244445E-04   4   1 0  2 0  0 0  0 1
   196  0.7251866164435235E-05   4   0 1  2 0  0 0  0 1
   197  0.1851986542522924E-02   4   0 0  3 0  0 0  0 1
   198  0.5081446052468373E-03   4   2 0  0 1  0 0  0 1
   199  0.6896030949114622E-03   4   1 1  0 1  0 0  0 1
   200  0.2013905333833655E-03   4   0 2  0 1  0 0  0 1
   201  0.3373001428414206E-04   4   1 0  1 1  0 0  0 1
   202  0.5049593046822659E-05   4   0 1  1 1  0 0  0 1
   203  0.2670815227093673E-02   4   0 0  2 1  0 0  0 1
   204  0.6246663036462621E-05   4   1 0  0 2  0 0  0 1
   205  -.8692842802611471E-06   4   0 1  0 2  0 0  0 1
   206  0.1290655438507812E-02   4   0 0  1 2  0 0  0 1
   207  0.2106060693610836E-03   4   0 0  0 3  0 0  0 1
   208  0.6253709701215043E-05   4   2 0  0 0  0 2  0 0
   209  0.1657401927917314E-04   4   1 1  0 0  0 2  0 0
   210  0.2839561468720056E-04   4   0 2  0 0  0 2  0 0
   211  0.4349406458837380E-01   4   1 0  1 0  0 2  0 0
   212  0.5760962473926675E-01   4   0 1  1 0  0 2  0 0
   213  -.6287560038858076E-05   4   0 0  2 0  0 2  0 0
   214  0.5760963146025519E-01   4   1 0  0 1  0 2  0 0
   215  0.5519010853605090E-01   4   0 1  0 1  0 2  0 0
   216  -.1665995070132780E-04   4   0 0  1 1  0 2  0 0
   217  0.5332852750629937E-04   4   0 0  0 2  0 2  0 0
   218  0.4166764540685340E-05   4   2 0  0 0  0 1  1 0
   219  0.1656593924150261E-04   4   1 1  0 0  0 1  1 0
   220  0.3405938750777845E-04   4   0 2  0 0  0 1  1 0
   221  0.2902200496831512E-01   4   1 0  1 0  0 1  1 0
   222  0.5760955820192966E-01   4   0 1  1 0  0 1  1 0
   223  -.4209488949923828E-05   4   0 0  2 0  0 1  1 0
   224  0.5760956387655552E-01   4   1 0  0 1  0 1  1 0
   225  0.6620429422969348E-01   4   0 1  0 1  0 1  1 0
   226  -.1669385594739708E-04   4   0 0  1 1  0 1  1 0
   227  0.6395639829959050E-04   4   0 0  0 2  0 1  1 0
   228  0.6242490035791578E-05   4   2 0  0 0  0 0  2 0
   229  0.1654056791499977E-04   4   1 1  0 0  0 0  2 0
   230  0.2833448344792417E-04   4   0 2  0 0  0 0  2 0
   231  0.4341600410279180E-01   4   1 0  1 0  0 0  2 0
   232  0.5749333230714836E-01   4   0 1  1 0  0 0  2 0
   233  -.6276266070996572E-05   4   0 0  2 0  0 0  2 0
   234  0.5749333901527362E-01   4   1 0  0 1  0 0  2 0
   235  0.5507128897946613E-01   4   0 1  0 1  0 0  2 0
   236  -.1662629762263553E-04   4   0 0  1 1  0 0  2 0
   237  0.5321372573390520E-04   4   0 0  0 2  0 0  2 0
   238  -.8338168290636852E-05   4   2 0  0 0  0 1  0 1
   239  -.1656783578902496E-04   4   1 1  0 0  0 1  0 1
   240  -.6363273283759502E-05   4   0 2  0 0  0 1  0 1
   241  -.5800506940566032E-01   4   1 0  1 0  0 1  0 1
   242  -.5760959945222549E-01   4   0 1  1 0  0 1  0 1
   243  0.8392519626494755E-05   4   0 0  2 0  0 1  0 1
   244  -.5760960391905207E-01   4   1 0  0 1  0 1  0 1
   245  -.4425851161560064E-01   4   0 1  0 1  0 1  0 1
   246  0.1669111855219714E-04   4   0 0  1 1  0 1  0 1
   247  0.6412023923802696E-05   4   0 0  0 2  0 1  0 1
   248  -.8326947176715567E-05   4   2 0  0 0  0 0  1 1
   249  -.1654553957643504E-04   4   1 1  0 0  0 0  1 1
   250  -.6354709890464963E-05   4   0 2  0 0  0 0  1 1
   251  -.5792700891693837E-01   4   1 0  1 0  0 0  1 1
   252  -.5753207116832867E-01   4   0 1  1 0  0 0  1 1
   253  0.8381225369107158E-05   4   0 0  2 0  0 0  1 1
   254  -.5753207562914403E-01   4   1 0  0 1  0 0  1 1
   255  -.4419895059650018E-01   4   0 1  0 1  0 0  1 1
   256  0.1666865643147467E-04   4   0 0  1 1  0 0  1 1
   257  0.6403394924194314E-05   4   0 0  0 2  0 0  1 1
   258  -.5593845365677296E-14   4   2 0  0 0  0 0  0 2
   259  -.5002700818166213E-14   4   1 1  0 0  0 0  0 2
   260  -.1056656815371094E-14   4   0 2  0 0  0 0  0 2
   261  -.7549888901047186E-14   4   1 0  1 0  0 0  0 2
   262  -.3231210403106900E-14   4   0 1  1 0  0 0  0 2
   263  0.7272397911483197E-14   4   0 0  2 0  0 0  0 2
   264  -.8751871777719275E-15   4   1 0  0 1  0 0  0 2
   265  0.5345278856360604E-14   4   0 0  1 1  0 0  0 2
   266  0.5968947037468030E-15   4   0 0  0 2  0 0  0 2
   267  0.1666090838696934E-06   4   1 0  0 0  0 3  0 0
   268  0.1014980480645767E-05   4   0 1  0 0  0 3  0 0
   269  0.9008890614079217E-06   4   0 0  1 0  0 3  0 0
   270  -.2485472690173551       4   0 0  0 1  0 3  0 0
   271  -.1792793250739139E-07   4   1 0  0 0  0 2  1 0
   272  0.1111821247091225E-05   4   0 1  0 0  0 2  1 0
   273  0.9464671388782024E-06   4   0 0  1 0  0 2  1 0
   274  -.1491686634840907       4   0 0  0 1  0 2  1 0
   275  -.1755587324350248E-07   4   1 0  0 0  0 1  2 0
   276  0.1111623004211374E-05   4   0 1  0 0  0 1  2 0
   277  0.9463726863163011E-06   4   0 0  1 0  0 1  2 0
   278  -.1493685968521611       4   0 0  0 1  0 1  2 0
   279  0.1662848091828223E-06   4   1 0  0 0  0 0  3 0
   280  0.1012184501002874E-05   4   0 1  0 0  0 0  3 0
   281  0.8984345030734008E-06   4   0 0  1 0  0 0  3 0
   282  -.2479453075161059       4   0 0  0 1  0 0  3 0
   283  -.2589400255432059E-06   4   1 0  0 0  0 2  0 1
   284  -.9807831532436547E-06   4   0 1  0 0  0 2  0 1
   285  -.8780844127234023E-06   4   0 0  1 0  0 2  0 1
   286  -.3136009570464031E-07   4   0 0  0 1  0 2  0 1
   287  -.7465118326430459E-07   4   1 0  0 0  0 1  1 1
   288  -.1074484514579766E-05   4   0 1  0 0  0 1  1 1
   289  -.9235998180828379E-06   4   0 0  1 0  0 1  1 1
   290  -.1206371637729828E-07   4   0 0  0 1  0 1  1 1
   291  -.2585413252767587E-06   4   1 0  0 0  0 0  2 1
   292  -.9787402661802543E-06   4   0 1  0 0  0 0  2 1
   293  -.8762812595604168E-06   4   0 0  1 0  0 0  2 1
   294  -.3130977539251111E-07   4   0 0  0 1  0 0  2 1
   295  0.5958243889624690E-05   4   0 0  0 0  0 4  0 0
   296  0.3405200483389295E-05   4   0 0  0 0  0 3  1 0
   297  0.3065781615505845E-05   4   0 0  0 0  0 2  2 0
   298  0.3412504123435133E-05   4   0 0  0 0  0 1  3 0
   299  0.5939925838017897E-05   4   0 0  0 0  0 0  4 0
   300  -.1411746036579886E-10   4   0 0  0 0  0 3  0 1
   301  0.2421188566768718E-10   4   0 0  0 0  0 2  1 1
   302  0.2413455130507505E-10   4   0 0  0 0  0 1  2 1
   303  -.1410523211920269E-10   4   0 0  0 0  0 0  3 1
   ----------------------------------------------------
     I  COEFFICIENT            ORDER EXPONENTS
     1  0.2719658725706124E-07   0   0 0  0 0  0 0  0 0
     2  -.1350770036787228E-04   1   1 0  0 0  0 0  0 0
     3  -.7458561459080924E-05   1   0 1  0 0  0 0  0 0
     4  0.1156687081096363E-04   1   0 0  1 0  0 0  0 0
     5   1.000007244859531       1   0 0  0 1  0 0  0 0
     6  0.1383286695471231E-07   1   0 0  0 0  0 1  0 0
     7  0.1381425133429040E-07   1   0 0  0 0  0 0  1 0
     8  -.4505312830046850E-09   1   0 0  0 0  0 0  0 1
     9  0.6293158687531290E-04   2   2 0  0 0  0 0  0 0
    10  0.6666280540524874E-04   2   1 1  0 0  0 0  0 0
    11  0.1820035299923517E-04   2   0 2  0 0  0 0  0 0
    12  0.4373911357623441       2   1 0  1 0  0 0  0 0
    13  0.2318067534688864       2   0 1  1 0  0 0  0 0
    14  -.6341861233875969E-04   2   0 0  2 0  0 0  0 0
    15  0.2318067670245925       2   1 0  0 1  0 0  0 0
    16  0.1267224269769702       2   0 1  0 1  0 0  0 0
    17  -.6719359796443999E-04   2   0 0  1 1  0 0  0 0
    18  -.1837093180247575E-04   2   0 0  0 2  0 0  0 0
    19  0.6341178775629169E-11   2   1 0  0 0  0 1  0 0
    20  0.3743862834471561E-05   2   0 1  0 0  0 1  0 0
    21  -.5705394742668278E-11   2   0 0  1 0  0 1  0 0
    22  -.3624871731824888E-05   2   0 0  0 1  0 1  0 0
    23  0.6332645116055032E-11   2   1 0  0 0  0 0  1 0
    24  0.3738824520311099E-05   2   0 1  0 0  0 0  1 0
    25  -.5697716689048694E-11   2   0 0  1 0  0 0  1 0
    26  -.3619993550469912E-05   2   0 0  0 1  0 0  1 0
    27  -.1350771347033667E-04   2   1 0  0 0  0 0  0 1
    28  -.7482688590846435E-05   2   0 1  0 0  0 0  0 1
    29  0.1156688354931917E-04   2   0 0  1 0  0 0  0 1
    30  0.7244866414772332E-05   2   0 0  0 1  0 0  0 1
    31  -.3451237021330751E-08   2   0 0  0 0  0 2  0 0
    32  0.6902475331276427E-08   2   0 0  0 0  0 1  1 0
    33  -.3451237022465181E-08   2   0 0  0 0  0 0  2 0
    34  -.3580083250994130E-15   2   0 0  0 0  0 1  0 1
    35  -.3575265274465991E-15   2   0 0  0 0  0 0  1 1
    36  0.7253351938768832E-06   3   3 0  0 0  0 0  0 0
    37  0.2878628628068165E-04   3   2 1  0 0  0 0  0 0
    38  0.2654359852968093E-04   3   1 2  0 0  0 0  0 0
    39  0.2510653708360691E-05   3   0 3  0 0  0 0  0 0
    40  0.5087941311496124E-02   3   2 0  1 0  0 0  0 0
    41  0.6427759571279319E-02   3   1 1  1 0  0 0  0 0
    42  0.1867937146523403E-02   3   0 2  1 0  0 0  0 0
    43  0.6979532392431557E-06   3   1 0  2 0  0 0  0 0
    44  -.2714710177882536E-04   3   0 1  2 0  0 0  0 0
    45  0.5090131216754784E-02   3   0 0  3 0  0 0  0 0
    46  0.1521078758386829E-02   3   2 0  0 1  0 0  0 0
    47  0.2287897362208977E-02   3   1 1  0 1  0 0  0 0
    48  0.7368390376491427E-03   3   0 2  0 1  0 0  0 0
    49  -.5423111995277074E-04   3   1 0  1 1  0 0  0 0
    50  -.3763778913305906E-04   3   0 1  1 1  0 0  0 0
    51  0.7575205739152381E-02   3   0 0  2 1  0 0  0 0
    52  -.2555338532686380E-04   3   1 0  0 2  0 0  0 0
    53  -.1443336443026511E-04   3   0 1  0 2  0 0  0 0
    54  0.3757976951329914E-02   3   0 0  1 2  0 0  0 0
    55  0.6279078821455513E-03   3   0 0  0 3  0 0  0 0
    56  0.2817284638009132E-07   3   2 0  0 0  0 1  0 0
    57  -.3330846738119936E-04   3   1 1  0 0  0 1  0 0
    58  -.1820729136465585E-04   3   0 2  0 0  0 1  0 0
    59  -.2484837613445547E-06   3   1 0  1 0  0 1  0 0
    60  -.1159815161070575       3   0 1  1 0  0 1  0 0
    61  0.2262105382038000E-06   3   0 0  2 0  0 1  0 0
    62  -.1159815405109698       3   1 0  0 1  0 1  0 0
    63  -.1268077963678002       3   0 1  0 1  0 1  0 0
    64  0.3385450874202306E-04   3   0 0  1 1  0 1  0 0
    65  0.1843787729379300E-04   3   0 0  0 2  0 1  0 0
    66  0.2813493269118025E-07   3   2 0  0 0  0 0  1 0
    67  -.3326364241557147E-04   3   1 1  0 0  0 0  1 0
    68  -.1818278885001725E-04   3   0 2  0 0  0 0  1 0
    69  -.2481493635903898E-06   3   1 0  1 0  0 0  1 0
    70  -.1158254336487001       3   0 1  1 0  0 0  1 0
    71  0.2259061147224153E-06   3   0 0  2 0  0 0  1 0
    72  -.1158254580197708       3   1 0  0 1  0 0  1 0
    73  -.1266371444116932       3   0 1  0 1  0 0  1 0
    74  0.3380894893966582E-04   3   0 0  1 1  0 0  1 0
    75  0.1841306446747809E-04   3   0 0  0 2  0 0  1 0
    76  0.6287798452657801E-04   3   2 0  0 0  0 0  0 1
    77  0.6657151350231137E-04   3   1 1  0 0  0 0  0 1
    78  0.1818519947809830E-04   3   0 2  0 0  0 0  0 1
    79  0.4373916405094230       3   1 0  1 0  0 0  0 1
    80  0.2318069713621149       3   0 1  1 0  0 0  0 1
    81  -.6386280199925037E-04   3   0 0  2 0  0 0  0 1
    82  0.2318070049890492       3   1 0  0 1  0 0  0 1
    83  0.1267225313189963       3   0 1  0 1  0 0  0 1
    84  -.6764667032425975E-04   3   0 0  1 1  0 0  0 1
    85  -.1847368868413645E-04   3   0 0  0 2  0 0  0 1
    86  0.1155761612618284E-10   3   1 0  0 0  0 2  0 0
    87  -.2807261375112190E-05   3   0 1  0 0  0 2  0 0
    88  -.1083628460194810E-10   3   0 0  1 0  0 2  0 0
    89  0.2718036798895019E-05   3   0 0  0 1  0 2  0 0
    90  0.1386600488306611E-10   3   1 0  0 0  0 1  1 0
    91  -.1873182074999533E-05   3   0 1  0 0  0 1  1 0
    92  -.1346084155905622E-10   3   0 0  1 0  0 1  1 0
    93  0.1813644762466210E-05   3   0 0  0 1  0 1  1 0
    94  0.1153270366280428E-10   3   1 0  0 0  0 0  2 0
    95  -.2802223074993237E-05   3   0 1  0 0  0 0  2 0
    96  -.1081270392885449E-10   3   0 0  1 0  0 0  2 0
    97  0.2713158633971502E-05   3   0 0  0 1  0 0  2 0
    98  -.1773077097838994E-10   3   1 0  0 0  0 1  0 1
    99  0.3743853553486608E-05   3   0 1  0 0  0 1  0 1
   100  0.1460817171772285E-10   3   0 0  1 0  0 1  0 1
   101  -.3624862049448353E-05   3   0 0  0 1  0 1  0 1
   102  -.1770690974334280E-10   3   1 0  0 0  0 0  1 1
   103  0.3738815251816054E-05   3   0 1  0 0  0 0  1 1
   104  0.1458851273255960E-10   3   0 0  1 0  0 0  1 1
   105  -.3619983880936120E-05   3   0 0  0 1  0 0  1 1
   106  0.1368980552490022E-08   3   0 0  0 0  0 3  0 0
   107  -.2052509734013204E-08   3   0 0  0 0  0 2  1 0
   108  -.2045606720170877E-08   3   0 0  0 0  0 1  2 0
   109  0.1367596317087392E-08   3   0 0  0 0  0 0  3 0
   110  0.3750088463482961E-09   3   0 0  0 0  0 2  0 1
   111  0.3406597255808943E-09   3   0 0  0 0  0 1  1 1
   112  0.3742749548081990E-09   3   0 0  0 0  0 0  2 1
   113  -.4683712829118809E-05   4   4 0  0 0  0 0  0 0
   114  -.1062190441051226E-04   4   3 1  0 0  0 0  0 0
   115  -.2492490875215297E-04   4   2 2  0 0  0 0  0 0
   116  0.1311308845501729E-04   4   1 3  0 0  0 0  0 0
   117  0.1314588070466090E-04   4   0 4  0 0  0 0  0 0
   118  -.2243815055128488E-01   4   3 0  1 0  0 0  0 0
   119  -.3763874703360285E-01   4   2 1  1 0  0 0  0 0
   120  0.8758987302070273E-01   4   1 2  1 0  0 0  0 0
   121  0.1695654857839874       4   0 3  1 0  0 0  0 0
   122  -.6993273709947803E-06   4   2 0  2 0  0 0  0 0
   123  -.1687833835576949E-05   4   1 1  2 0  0 0  0 0
   124  -.4778468453311979E-04   4   0 2  2 0  0 0  0 0
   125  -.7125947580828648E-02   4   1 0  3 0  0 0  0 0
   126  -.3662771084639363E-02   4   0 1  3 0  0 0  0 0
   127  -.4266269896465327E-06   4   0 0  4 0  0 0  0 0
   128  -.1228163877914728E-01   4   3 0  0 1  0 0  0 0
   129  -.1305986430583339       4   2 1  0 1  0 0  0 0
   130  0.4539726263026675E-01   4   1 2  0 1  0 0  0 0
   131  0.1242164546403818       4   0 3  0 1  0 0  0 0
   132  -.1489511192866341E-05   4   2 0  1 1  0 0  0 0
   133  -.6547935736445269E-04   4   1 1  1 1  0 0  0 0
   134  -.1177512186183275E-03   4   0 2  1 1  0 0  0 0
   135  -.1177628186932992E-01   4   1 0  2 1  0 0  0 0
   136  -.3342089318768593       4   0 1  2 1  0 0  0 0
   137  -.2488989846056698E-05   4   0 0  3 1  0 0  0 0
   138  0.1533703780000896E-04   4   2 0  0 2  0 0  0 0
   139  0.1601379234665492E-04   4   1 1  0 2  0 0  0 0
   140  -.2767686095261187E-04   4   0 2  0 2  0 0  0 0
   141  -.1160175719004228       4   1 0  1 2  0 0  0 0
   142  -.2933013560640244       4   0 1  1 2  0 0  0 0
   143  0.4440188184047066E-04   4   0 0  2 2  0 0  0 0
   144  0.5666648758594306E-01   4   1 0  0 3  0 0  0 0
   145  -.6902642514277406E-03   4   0 1  0 3  0 0  0 0
   146  0.1532899865798267E-04   4   0 0  1 3  0 0  0 0
   147  -.4820819640635740E-05   4   0 0  0 4  0 0  0 0
   148  0.1385441405537692E-06   4   3 0  0 0  0 1  0 0
   149  -.4784928924625276E-05   4   2 1  0 0  0 1  0 0
   150  -.2279542883184835E-04   4   1 2  0 0  0 1  0 0
   151  -.6947707597563824E-05   4   0 3  0 0  0 1  0 0
   152  -.2548401748292431E-02   4   2 0  1 0  0 1  0 0
   153  -.6278563808783233E-02   4   1 1  1 0  0 1  0 0
   154  -.2674369401189634E-02   4   0 2  1 0  0 1  0 0
   155  0.1357948144021454E-06   4   1 0  2 0  0 1  0 0
   156  0.4117514141944568E-04   4   0 1  2 0  0 1  0 0
   157  -.2546974357311395E-02   4   0 0  3 0  0 1  0 0
   158  -.1508295366353990E-02   4   2 0  0 1  0 1  0 0
   159  -.3324935821354358E-02   4   1 1  0 1  0 1  0 0
   160  -.1381838377028592E-02   4   0 2  0 1  0 1  0 0
   161  0.4573533565535189E-04   4   1 0  1 1  0 1  0 0
   162  0.9815849118714389E-04   4   0 1  1 1  0 1  0 0
   163  -.7722516570687175E-02   4   0 0  2 1  0 1  0 0
   164  0.2984657046144700E-04   4   1 0  0 2  0 1  0 0
   165  0.4232740153173727E-04   4   0 1  0 2  0 1  0 0
   166  -.5797734941547180E-02   4   0 0  1 2  0 1  0 0
   167  -.1296679505951942E-02   4   0 0  0 3  0 1  0 0
   168  0.1383576943787778E-06   4   3 0  0 0  0 0  1 0
   169  -.4778489592784380E-05   4   2 1  0 0  0 0  1 0
   170  -.2276475181803776E-04   4   1 2  0 0  0 0  1 0
   171  -.6938357700113130E-05   4   0 3  0 0  0 0  1 0
   172  -.2544972229321552E-02   4   2 0  1 0  0 0  1 0
   173  -.6270114413507760E-02   4   1 1  1 0  0 0  1 0
   174  -.2670770360888337E-02   4   0 2  1 0  0 0  1 0
   175  0.1356120681406838E-06   4   1 0  2 0  0 0  1 0
   176  0.4111972985464059E-04   4   0 1  2 0  0 0  1 0
   177  -.2543546759256100E-02   4   0 0  3 0  0 0  1 0
   178  -.1506265573533579E-02   4   2 0  0 1  0 0  1 0
   179  -.3320461279424550E-02   4   1 1  0 1  0 0  1 0
   180  -.1379978764064494E-02   4   0 2  0 1  0 0  1 0
   181  0.4567378719605855E-04   4   1 0  1 1  0 0  1 0
   182  0.9802639411575360E-04   4   0 1  1 1  0 0  1 0
   183  -.7712123971835971E-02   4   0 0  2 1  0 0  1 0
   184  0.2980640435354004E-04   4   1 0  0 2  0 0  1 0
   185  0.4227043930957710E-04   4   0 1  0 2  0 0  1 0
   186  -.5789932623100891E-02   4   0 0  1 2  0 0  1 0
   187  -.1294934495782635E-02   4   0 0  0 3  0 0  1 0
   188  -.4238812817684178E-09   4   3 0  0 0  0 0  0 1
   189  0.1836284595749263E-04   4   2 1  0 0  0 0  0 1
   190  0.2183886390657417E-04   4   1 2  0 0  0 0  0 1
   191  0.4039135731902810E-05   4   0 3  0 0  0 0  0 1
   192  0.1018057483325481E-01   4   2 0  1 0  0 0  0 1
   193  0.1260967817905156E-01   4   1 1  1 0  0 0  0 1
   194  0.3573939414593852E-02   4   0 2  1 0  0 0  0 1
   195  -.9151166150571482E-09   4   1 0  2 0  0 0  0 1
   196  -.5497062966474964E-04   4   0 1  2 0  0 0  0 1
   197  0.1018057406040605E-01   4   0 0  3 0  0 0  0 1
   198  0.2982130430745870E-02   4   2 0  0 1  0 0  0 1
   199  0.4374466877889198E-02   4   1 1  0 1  0 0  0 1
   200  0.1357814697276615E-02   4   0 2  0 1  0 0  0 1
   201  -.7333541321444298E-04   4   1 0  1 1  0 0  0 1
   202  -.9236326168868955E-04   4   0 1  1 1  0 0  0 1
   203  0.1533993061755093E-01   4   0 0  2 1  0 0  0 1
   204  -.3172257347639152E-04   4   1 0  0 2  0 0  0 1
   205  -.3275068025379260E-04   4   0 1  0 2  0 0  0 1
   206  0.7714175880268343E-02   4   0 0  1 2  0 0  0 1
   207  0.1304424390748130E-02   4   0 0  0 3  0 0  0 1
   208  -.3185951442650945E-07   4   2 0  0 0  0 2  0 0
   209  0.2499917981240005E-04   4   1 1  0 0  0 2  0 0
   210  0.1822268359223571E-04   4   0 2  0 0  0 2  0 0
   211  -.3908740105905064E-06   4   1 0  1 0  0 2  0 0
   212  0.8696643174375659E-01   4   0 1  1 0  0 2  0 0
   213  0.8185751680772531E-07   4   0 0  2 0  0 2  0 0
   214  0.8696645467094105E-01   4   1 0  0 1  0 2  0 0
   215  0.1268077403189952       4   0 1  0 1  0 2  0 0
   216  -.2517826856127151E-04   4   0 0  1 1  0 2  0 0
   217  -.1837785113438047E-04   4   0 0  0 2  0 2  0 0
   218  -.3551000913402781E-07   4   2 0  0 0  0 1  1 0
   219  0.1665824975830229E-04   4   1 1  0 0  0 1  1 0
   220  0.1821216846216662E-04   4   0 2  0 0  0 1  1 0
   221  -.4607718815889150E-06   4   1 0  1 0  0 1  1 0
   222  0.5802950696402563E-01   4   0 1  1 0  0 1  1 0
   223  0.1061086359543913E-06   4   0 0  2 0  0 1  1 0
   224  0.5802953012299628E-01   4   1 0  0 1  0 1  1 0
   225  0.1268075955146327       4   0 1  0 1  0 1  1 0
   226  -.1685634203514751E-04   4   0 0  1 1  0 1  1 0
   227  -.1841537281208845E-04   4   0 0  0 2  0 1  1 0
   228  -.3179274559490568E-07   4   2 0  0 0  0 0  2 0
   229  0.2495432815064176E-04   4   1 1  0 0  0 0  2 0
   230  0.1818590582445937E-04   4   0 2  0 0  0 0  2 0
   231  -.3900379482952391E-06   4   1 0  1 0  0 0  2 0
   232  0.8681034973068354E-01   4   0 1  1 0  0 0  2 0
   233  0.8167595887402853E-07   4   0 0  2 0  0 0  2 0
   234  0.8681037261143057E-01   4   1 0  0 1  0 0  2 0
   235  0.1265517625954111       4   0 1  0 1  0 0  2 0
   236  -.2513304259879566E-04   4   0 0  1 1  0 0  2 0
   237  -.1834072781801999E-04   4   0 0  0 2  0 0  2 0
   238  0.5096074171103766E-07   4   2 0  0 0  0 1  0 1
   239  -.3332507899696961E-04   4   1 1  0 0  0 1  0 1
   240  -.1821833635248445E-04   4   0 2  0 0  0 1  0 1
   241  0.6253112986089285E-06   4   1 0  1 0  0 1  0 1
   242  -.1159812042927390       4   0 1  1 0  0 1  0 1
   243  -.1309480153680284E-06   4   0 0  2 0  0 1  0 1
   244  -.1159812312633598       4   1 0  0 1  0 1  0 1
   245  -.1268076871499668       4   0 1  0 1  0 1  0 1
   246  0.3362229162079900E-04   4   0 0  1 1  0 1  0 1
   247  0.1840292017409225E-04   4   0 0  0 2  0 1  0 1
   248  0.5089216114654133E-07   4   2 0  0 0  0 0  1 1
   249  -.3328023167621205E-04   4   1 1  0 0  0 0  1 1
   250  -.1819381897402176E-04   4   0 2  0 0  0 0  1 1
   251  0.6244697841175282E-06   4   1 0  1 0  0 0  1 1
   252  -.1158251222540066       4   0 1  1 0  0 0  1 1
   253  -.1307717917003029E-06   4   0 0  2 0  0 0  1 1
   254  -.1158251491883316       4   1 0  0 1  0 0  1 1
   255  -.1266370353408399       4   0 1  0 1  0 0  1 1
   256  0.3357704432529945E-04   4   0 0  1 1  0 0  1 1
   257  0.1837815439142158E-04   4   0 0  0 2  0 0  1 1
   258  -.1491560596805593E-13   4   2 0  0 0  0 0  0 2
   259  -.1725655138597992E-13   4   1 1  0 0  0 0  0 2
   260  -.5027351160204969E-14   4   0 2  0 0  0 0  0 2
   261  0.1650975722249674E-13   4   1 0  1 0  0 0  0 2
   262  0.7802256882060970E-14   4   0 1  1 0  0 0  0 2
   263  -.1157852202668694E-13   4   0 0  2 0  0 0  0 2
   264  0.9697289380892105E-14   4   1 0  0 1  0 0  0 2
   265  0.4783260552528969E-14   4   0 1  0 1  0 0  0 2
   266  -.1371940730519916E-13   4   0 0  1 1  0 0  0 2
   267  -.4060522584421312E-14   4   0 0  0 2  0 0  0 2
   268  -.1487775776433606E-05   4   1 0  0 0  0 3  0 0
   269  0.4454028249554662E-06   4   0 1  0 0  0 3  0 0
   270  0.5119716713006588E-05   4   0 0  1 0  0 3  0 0
   271  0.2833213917810864E-05   4   0 0  0 1  0 3  0 0
   272  -.8928996603329799E-06   4   1 0  0 0  0 2  1 0
   273  -.1098275371017474E-06   4   0 1  0 0  0 2  1 0
   274  0.3072649202770090E-05   4   0 0  1 0  0 2  1 0
   275  0.2998206059862120E-05   4   0 0  0 1  0 2  1 0
   276  -.8940964530398625E-06   4   1 0  0 0  0 1  2 0
   277  -.1087079427912068E-06   4   0 1  0 0  0 1  2 0
   278  0.3076767565139861E-05   4   0 0  1 0  0 1  2 0
   279  0.2997865305251694E-05   4   0 0  0 1  0 1  2 0
   280  -.1484172507864602E-05   4   1 0  0 0  0 0  3 0
   281  0.4445775232122722E-06   4   0 1  0 0  0 0  3 0
   282  0.5107317178160427E-05   4   0 0  1 0  0 0  3 0
   283  0.2825480005169565E-05   4   0 0  0 1  0 0  3 0
   284  0.1785411708624681E-05   4   1 0  0 0  0 2  0 1
   285  -.7232063150950827E-06   4   0 1  0 0  0 2  0 1
   286  -.6143936859609976E-05   4   0 0  1 0  0 2  0 1
   287  -.2750659551110729E-05   4   0 0  0 1  0 2  0 1
   288  0.1191327265978552E-05   4   1 0  0 0  0 1  1 1
   289  -.1687227095641242E-06   4   0 1  0 0  0 1  1 1
   290  -.4099610941018024E-05   4   0 0  1 0  0 1  1 1
   291  -.2915425588562067E-05   4   0 0  0 1  0 1  1 1
   292  0.1782207369647181E-05   4   1 0  0 0  0 0  2 1
   293  -.7221195285843030E-06   4   0 1  0 0  0 0  2 1
   294  -.6132910107339534E-05   4   0 0  1 0  0 0  2 1
   295  -.2744996121942063E-05   4   0 0  0 1  0 0  2 1
   296  -.1047339316674104E-08   4   0 0  0 0  0 4  0 0
   297  0.5663979529516928E-09   4   0 0  0 0  0 3  1 0
   298  0.1484333934388716E-09   4   0 0  0 0  0 2  2 0
   299  0.5626203275320282E-09   4   0 0  0 0  0 1  3 0
   300  -.1044901882111759E-08   4   0 0  0 0  0 0  4 0
   301  -.3418815320732288E-10   4   0 0  0 0  0 3  0 1
   302  0.3061965443420129E-09   4   0 0  0 0  0 2  1 1
   303  0.3055095266904686E-09   4   0 0  0 0  0 1  2 1
   304  -.3432489521164025E-10   4   0 0  0 0  0 0  3 1
   ----------------------------------------------------
     I  COEFFICIENT            ORDER EXPONENTS
     1  0.5104087202992425E-08   0   0 0  0 0  0 0  0 0
     2  -.4024774598626001E-08   1   1 0  0 0  0 0  0 0
     3  -.3197472666553458E-08   1   0 1  0 0  0 0  0 0
     4  -.1383288046098541E-07   1   0 0  1 0  0 0  0 0
     5  -.1095931874390825E-07   1   0 0  0 1  0 0  0 0
     6   1.000000000000000       1   0 0  0 0  1 0  0 0
     7  0.1984899289867810       1   0 0  0 0  0 1  0 0
     8  -.1984899289867828       1   0 0  0 0  0 0  1 0
     9  0.2183785997211838E-09   2   2 0  0 0  0 0  0 0
    10  0.9764440980723732E-06   2   1 1  0 0  0 0  0 0
    11  -.1988907126864471       2   0 2  0 0  0 0  0 0
    12  -.1588295325138031E-08   2   1 0  1 0  0 0  0 0
    13  0.1628475672989890E-05   2   0 1  1 0  0 0  0 0
    14  -.2451835569121413E-09   2   0 0  2 0  0 0  0 0
    15  0.1628479432865785E-05   2   1 0  0 1  0 0  0 0
    16  0.1692848725912346E-05   2   0 1  0 1  0 0  0 0
    17  -.9764759840739551E-06   2   0 0  1 1  0 0  0 0
    18  -.1988919407964393       2   0 0  0 2  0 0  0 0
    19  0.2008299913100009E-08   2   1 0  0 0  0 1  0 0
    20  0.3181490812747341E-08   2   0 1  0 0  0 1  0 0
    21  0.6902488218413517E-08   2   0 0  1 0  0 1  0 0
    22  0.1093650041150730E-07   2   0 0  0 1  0 1  0 0
    23  -.2008351946045239E-08   2   1 0  0 0  0 0  1 0
    24  -.6622066072448906E-11   2   0 1  0 0  0 0  1 0
    25  -.6902475064360252E-08   2   0 0  1 0  0 0  1 0
    26  -.9525425620765545E-11   2   0 0  0 1  0 0  1 0
    27  0.5195036585112151E-13   2   1 0  0 0  0 0  0 1
    28  0.2385238547555098E-11   2   0 1  0 0  0 0  0 1
    29  -.1324598191863915E-13   2   0 0  1 0  0 0  0 1
    30  0.3822548973416589E-10   2   0 0  0 1  0 0  0 1
    31  -.1489676835840677       2   0 0  0 0  0 2  0 0
    32  0.9944543818135122E-01   2   0 0  0 0  0 1  1 0
    33  0.4952224540271204E-01   2   0 0  0 0  0 0  2 0
    34  -.2166357281612061E-14   2   0 0  0 0  0 1  0 1
    35  -.4182035085843648E-15   2   0 0  0 0  0 0  1 1
    36  -.2112016955485068E-06   3   3 0  0 0  0 0  0 0
    37  0.2900217861818765E-01   3   2 1  0 0  0 0  0 0
    38  0.2880457524851332E-01   3   1 2  0 0  0 0  0 0
    39  0.7376370151262105E-02   3   0 3  0 0  0 0  0 0
    40  0.2927863297516034E-06   3   2 0  1 0  0 0  0 0
    41  -.1636586618917735E-04   3   1 1  1 0  0 0  0 0
    42  -.8213127682730014E-05   3   0 2  1 0  0 0  0 0
    43  -.2112040208587502E-06   3   1 0  2 0  0 0  0 0
    44  -.2900261372188729E-01   3   0 1  2 0  0 0  0 0
    45  0.2928057039130535E-06   3   0 0  3 0  0 0  0 0
    46  -.8205240342435763E-05   3   2 0  0 1  0 0  0 0
    47  -.1641229816884263E-04   3   1 1  0 1  0 0  0 0
    48  -.6334818148952509E-05   3   0 2  0 1  0 0  0 0
    49  -.5800538935866249E-01   3   1 0  1 1  0 0  0 0
    50  -.5760969459882229E-01   3   0 1  1 1  0 0  0 0
    51  0.8843117878318236E-05   3   0 0  2 1  0 0  0 0
    52  -.2880488593129289E-01   3   1 0  0 2  0 0  0 0
    53  -.2212928729642850E-01   3   0 1  0 2  0 0  0 0
    54  0.8560240127041975E-05   3   0 0  1 2  0 0  0 0
    55  0.2163269564674667E-05   3   0 0  0 3  0 0  0 0
    56  -.2167307394878577E-09   3   2 0  0 0  0 1  0 0
    57  -.1464335281415003E-05   3   1 1  0 0  0 1  0 0
    58  0.2982689201233311       3   0 2  0 0  0 1  0 0
    59  0.1589917409023156E-08   3   1 0  1 0  0 1  0 0
    60  -.2442166975291157E-05   3   0 1  1 0  0 1  0 0
    61  0.2480049723941846E-09   3   0 0  2 0  0 1  0 0
    62  -.2442172084387650E-05   3   1 0  0 1  0 1  0 0
    63  -.3362158161098928E-05   3   0 1  0 1  0 1  0 0
    64  0.1464390187674990E-05   3   0 0  1 1  0 1  0 0
    65  0.2982714133824345       3   0 0  0 2  0 1  0 0
    66  0.3141502602733171E-11   3   2 0  0 0  0 0  1 0
    67  -.4885453454430104E-06   3   1 1  0 0  0 0  1 0
    68  0.9951179136727206E-01   3   0 2  0 0  0 0  1 0
    69  -.6780061931699120E-12   3   1 0  1 0  0 0  1 0
    70  -.8147862468176131E-06   3   0 1  1 0  0 0  1 0
    71  0.6020123168378714E-11   3   0 0  2 0  0 0  1 0
    72  -.8147884219745083E-06   3   1 0  0 1  0 0  1 0
    73  -.1678728783642973E-05   3   0 1  0 1  0 0  1 0
    74  0.4885727709959568E-06   3   0 0  1 1  0 0  1 0
    75  0.9951304169141867E-01   3   0 0  0 2  0 0  1 0
    76  0.2084356779370082E-09   3   2 0  0 0  0 0  0 1
    77  0.9764312986015587E-06   3   1 1  0 0  0 0  0 1
    78  0.6140461849090466E-06   3   0 2  0 0  0 0  0 1
    79  -.1581369974451208E-08   3   1 0  1 0  0 0  0 1
    80  0.1628479572314394E-05   3   0 1  1 0  0 0  0 1
    81  -.2529763896771641E-09   3   0 0  2 0  0 0  0 1
    82  0.1628485131465085E-05   3   1 0  0 1  0 0  0 1
    83  0.1692851930983893E-05   3   0 1  0 1  0 0  0 1
    84  -.9764863284859683E-06   3   0 0  1 1  0 0  0 1
    85  -.6140631068407380E-06   3   0 0  0 2  0 0  0 1
    86  -.1650332376331517E-08   3   1 0  0 0  0 2  0 0
    87  -.3312330561135696E-08   3   0 1  0 0  0 2  0 0
    88  -.5693335553533406E-08   3   0 0  1 0  0 2  0 0
    89  -.1123375984702998E-07   3   0 0  0 1  0 2  0 0
    90  0.8419666104168612E-09   3   1 0  0 0  0 1  1 0
    91  -.1473725253735807E-09   3   0 1  0 0  0 1  1 0
    92  0.3185007491429792E-08   3   0 0  1 0  0 1  1 0
    93  -.1655463626265718E-09   3   0 0  0 1  0 1  1 0
    94  0.4190245210371126E-09   3   1 0  0 0  0 0  2 0
    95  -.7576324614816403E-10   3   0 1  0 0  0 0  2 0
    96  0.1585463185703936E-08   3   0 0  1 0  0 0  2 0
    97  -.9015476012021517E-10   3   0 0  0 1  0 0  2 0
    98  0.6091262576507314E-10   3   1 0  0 0  0 1  0 1
    99  0.4595360669166002E-10   3   0 1  0 0  0 1  0 1
   100  0.3764159126045251E-09   3   0 0  1 0  0 1  0 1
   101  0.1593758162755737E-09   3   0 0  0 1  0 1  0 1
   102  0.6485283899646522E-10   3   1 0  0 0  0 0  1 1
   103  0.4481812330966606E-10   3   0 1  0 0  0 0  1 1
   104  0.1538545687145680E-09   3   0 0  1 0  0 0  1 1
   105  0.8118290556002305E-10   3   0 0  0 1  0 0  1 1
   106  -.4825159647251020E-15   3   1 0  0 0  0 0  0 2
   107  -.2724531970737993E-15   3   0 1  0 0  0 0  0 2
   108  0.2688986850524499E-15   3   0 0  1 0  0 0  0 2
   109  0.1744495252057913E-15   3   0 0  0 1  0 0  0 2
   110  0.1241564859096453       3   0 0  0 0  0 3  0 0
   111  -.7453413442940841E-01   3   0 0  0 0  0 2  1 0
   112  -.2491131252805398E-01   3   0 0  0 0  0 1  2 0
   113  -.2471106235508142E-01   3   0 0  0 0  0 0  3 0
   114  0.3145513269297124E-14   3   0 0  0 0  0 2  0 1
   115  0.2533947867070852E-14   3   0 0  0 0  0 1  1 1
   116  0.1393551561499294E-14   3   0 0  0 0  0 0  2 1
   117  -.2534549233605685E-02   4   4 0  0 0  0 0  0 0
   118  -.5671890070028298E-02   4   3 1  0 0  0 0  0 0
   119  -.4727803373955074E-02   4   2 2  0 0  0 0  0 0
   120  -.1745110462638382E-02   4   1 3  0 0  0 0  0 0
   121  -.1494097022955343       4   0 4  0 0  0 0  0 0
   122  0.1093104663335116E-06   4   3 0  1 0  0 0  0 0
   123  0.4821304410062656E-05   4   2 1  1 0  0 0  0 0
   124  -.5240463315064747E-05   4   1 2  1 0  0 0  0 0
   125  -.2178476986911884E-05   4   0 3  1 0  0 0  0 0
   126  -.5069137472615989E-02   4   2 0  2 0  0 0  0 0
   127  -.5608917284990304E-02   4   1 1  2 0  0 0  0 0
   128  -.1399701378160231E-02   4   0 2  2 0  0 0  0 0
   129  0.6220932948897387E-07   4   1 0  3 0  0 0  0 0
   130  -.1380441088616519E-04   4   0 1  3 0  0 0  0 0
   131  -.2534797757564548E-02   4   0 0  4 0  0 0  0 0
   132  -.4569517403603140E-05   4   3 0  0 1  0 0  0 0
   133  -.5541538040066595E-05   4   2 1  0 1  0 0  0 0
   134  -.6318377470580071E-05   4   1 2  0 1  0 0  0 0
   135  -.6995153321441367E-06   4   0 3  0 1  0 0  0 0
   136  -.5545679433382409E-02   4   2 0  1 1  0 0  0 0
   137  -.6407115646502431E-02   4   1 1  1 1  0 0  0 0
   138  -.1682961809188473E-02   4   0 2  1 1  0 0  0 0
   139  -.2288371606644672E-04   4   1 0  2 1  0 0  0 0
   140  -.2625403105628457E-04   4   0 1  2 1  0 0  0 0
   141  -.5609279578479145E-02   4   0 0  3 1  0 0  0 0
   142  -.1398937411373080E-02   4   2 0  0 2  0 0  0 0
   143  -.1693289285467076E-02   4   1 1  0 2  0 0  0 0
   144  -.2988020578530736       4   0 2  0 2  0 0  0 0
   145  -.2595313493201969E-04   4   1 0  1 2  0 0  0 0
   146  -.1871579555223743E-04   4   0 1  1 2  0 0  0 0
   147  -.4619650841995540E-02   4   0 0  2 2  0 0  0 0
   148  -.6310972442465479E-05   4   1 0  0 3  0 0  0 0
   149  -.3210849685089001E-05   4   0 1  0 3  0 0  0 0
   150  -.1682861531613579E-02   4   0 0  1 3  0 0  0 0
   151  -.1493984173168995       4   0 0  0 4  0 0  0 0
   152  0.1492051392147777E-06   4   3 0  0 0  0 1  0 0
   153  -.4349359161121985E-01   4   2 1  0 0  0 1  0 0
   154  -.5760919015042076E-01   4   1 2  0 0  0 1  0 0
   155  -.1858391870403141E-01   4   0 3  0 0  0 1  0 0
   156  -.2682727535993628E-06   4   2 0  1 0  0 1  0 0
   157  0.2455638833690282E-04   4   1 1  1 0  0 1  0 0
   158  0.1642208688981805E-04   4   0 2  1 0  0 1  0 0
   159  0.1492096274550260E-06   4   1 0  2 0  0 1  0 0
   160  0.4349417346980130E-01   4   0 1  2 0  0 1  0 0
   161  -.2682800380716885E-06   4   0 0  3 0  0 1  0 0
   162  0.1231155069644465E-04   4   2 0  0 1  0 1  0 0
   163  0.3282158938833157E-04   4   1 1  0 1  0 1  0 0
   164  0.5670356891018750E-04   4   0 2  0 1  0 1  0 0
   165  0.8698857110882262E-01   4   1 0  1 1  0 1  0 0
   166  0.1152194455874496       4   0 1  1 1  0 1  0 0
   167  -.1324362495805974E-04   4   0 0  2 1  0 1  0 0
   168  0.5760979559488142E-01   4   1 0  0 2  0 1  0 0
   169  0.5519018900289743E-01   4   0 1  0 2  0 1  0 0
   170  -.1712924217646825E-04   4   0 0  1 2  0 1  0 0
   171  0.3545491975181561E-04   4   0 0  0 3  0 1  0 0
   172  0.8714520515981556E-08   4   3 0  0 0  0 0  1 0
   173  -.1451079271330252E-01   4   2 1  0 0  0 0  1 0
   174  -.2880452022137833E-01   4   1 2  0 0  0 0  1 0
   175  -.1114633068912277E-01   4   0 3  0 0  0 0  1 0
   176  -.8140040862104878E-07   4   2 0  1 0  0 0  1 0
   177  0.8093658685110394E-05   4   1 1  1 0  0 0  1 0
   178  0.8182901661149866E-05   4   0 2  1 0  0 0  1 0
   179  0.8716683410010824E-08   4   1 0  2 0  0 0  1 0
   180  0.1451105558065524E-01   4   0 1  2 0  0 0  1 0
   181  -.8138834983721293E-07   4   0 0  3 0  0 0  1 0
   182  0.4063052080058698E-05   4   2 0  0 1  0 0  1 0
   183  0.1635883257939978E-04   4   1 1  0 1  0 0  1 0
   184  0.3399390401443465E-04   4   0 2  0 1  0 0  1 0
   185  0.2902220901311476E-01   4   1 0  1 1  0 0  1 0
   186  0.5760966970595344E-01   4   0 1  1 1  0 0  1 0
   187  -.4563065081136827E-05   4   0 0  2 1  0 0  1 0
   188  0.2880487679786201E-01   4   1 0  0 2  0 0  1 0
   189  0.3310219906652026E-01   4   0 1  0 2  0 0  1 0
   190  -.8645455992119609E-05   4   0 0  1 2  0 0  1 0
   191  0.2124907679819177E-04   4   0 0  0 3  0 0  1 0
   192  -.2730297722860984E-06   4   3 0  0 0  0 0  0 1
   193  0.2900202155335926E-01   4   2 1  0 0  0 0  0 1
   194  0.2880446344325484E-01   4   1 2  0 0  0 0  0 1
   195  0.7376347455853962E-02   4   0 3  0 0  0 0  0 1
   196  0.3793186825661622E-06   4   2 0  1 0  0 0  0 1
   197  -.1623258177034266E-04   4   1 1  1 0  0 0  0 1
   198  -.8164376711734417E-05   4   0 2  1 0  0 0  0 1
   199  -.2730365305171722E-06   4   1 0  2 0  0 0  0 1
   200  -.2900264305916868E-01   4   0 1  2 0  0 0  0 1
   201  0.3793138749226426E-06   4   0 0  3 0  0 0  0 1
   202  -.8151699398270715E-05   4   2 0  0 1  0 0  0 1
   203  -.1632779858793929E-04   4   1 1  0 1  0 0  0 1
   204  -.6296408321440038E-05   4   0 2  0 1  0 0  0 1
   205  -.5800552702246065E-01   4   1 0  1 1  0 0  0 1
   206  -.5760976435643477E-01   4   0 1  1 1  0 0  0 1
   207  0.9031372359456961E-05   4   0 0  2 1  0 0  0 1
   208  -.2880493735071003E-01   4   1 0  0 2  0 0  0 1
   209  -.2212931215370607E-01   4   0 1  0 2  0 0  0 1
   210  0.8695038972196056E-05   4   0 0  1 2  0 0  0 1
   211  0.2202182457279897E-05   4   0 0  0 3  0 0  0 1
   212  -.7679016102511323E-05   4   2 0  0 0  0 2  0 0
   213  -.6770882682311813E-05   4   1 1  0 0  0 2  0 0
   214  -.3728216960779540       4   0 2  0 0  0 2  0 0
   215  -.4464694645027192E-05   4   1 0  1 0  0 2  0 0
   216  -.6839720743180893E-06   4   0 1  1 0  0 2  0 0
   217  0.7678974690021226E-05   4   0 0  2 0  0 2  0 0
   218  -.6839652848199755E-06   4   1 0  0 1  0 2  0 0
   219  0.2334546889130784E-05   4   0 1  0 1  0 2  0 0
   220  0.6770802772219920E-05   4   0 0  1 1  0 2  0 0
   221  -.3728202164039744       4   0 0  0 2  0 2  0 0
   222  -.3072533442502694E-05   4   2 0  0 0  0 1  1 0
   223  -.3520672797385650E-05   4   1 1  0 0  0 1  1 0
   224  -.1491690550211101       4   0 2  0 0  0 1  1 0
   225  -.1785714076801704E-05   4   1 0  1 0  0 1  1 0
   226  -.5094991516363200E-06   4   0 1  1 0  0 1  1 0
   227  0.3072514927036554E-05   4   0 0  2 0  0 1  1 0
   228  -.5094944918601942E-06   4   1 0  0 1  0 1  1 0
   229  0.1946631442098875E-05   4   0 1  0 1  0 1  1 0
   230  0.3520620054664046E-05   4   0 0  1 1  0 1  1 0
   231  -.1491684015915138       4   0 0  0 2  0 1  1 0
   232  -.1538324713844944E-05   4   2 0  0 0  0 0  2 0
   233  -.1761331684777913E-05   4   1 1  0 0  0 0  2 0
   234  -.7468449433135313E-01   4   0 2  0 0  0 0  2 0
   235  -.8940556481453175E-06   4   1 0  1 0  0 0  2 0
   236  -.2546946892189714E-06   4   0 1  1 0  0 0  2 0
   237  0.1538316938528183E-05   4   0 0  2 0  0 0  2 0
   238  -.2546931216270437E-06   4   1 0  0 1  0 0  2 0
   239  0.9729203521488205E-06   4   0 1  0 1  0 0  2 0
   240  0.1761306752624975E-05   4   0 0  1 1  0 0  2 0
   241  -.7468416728252376E-01   4   0 0  0 2  0 0  2 0
   242  0.6143461163729646E-05   4   2 0  0 0  0 1  0 1
   243  0.5010910836154493E-05   4   1 1  0 0  0 1  0 1
   244  0.5876334879862677E-06   4   0 2  0 0  0 1  0 1
   245  0.3572217157042183E-05   4   1 0  1 0  0 1  0 1
   246  0.4291923206788547E-06   4   0 1  1 0  0 1  0 1
   247  -.6143395978373932E-05   4   0 0  2 0  0 1  0 1
   248  0.4291837318043967E-06   4   1 0  0 1  0 1  0 1
   249  -.1375230019817495E-05   4   0 1  0 1  0 1  0 1
   250  -.5010806681365639E-05   4   0 0  1 1  0 1  0 1
   251  -.5875943468518724E-06   4   0 0  0 2  0 1  0 1
   252  0.2049731926563648E-05   4   2 0  0 0  0 0  1 1
   253  0.2009493944334781E-05   4   1 1  0 0  0 0  1 1
   254  0.1862086880862433E-06   4   0 2  0 0  0 0  1 1
   255  0.1191268364133696E-05   4   1 0  1 0  0 0  1 1
   256  0.2413177908483436E-06   4   0 1  1 0  0 0  1 1
   257  -.2049711502712398E-05   4   0 0  2 0  0 0  1 1
   258  0.2413145949261349E-06   4   1 0  0 1  0 0  1 1
   259  -.8818711701390131E-06   4   0 1  0 1  0 0  1 1
   260  -.2009444994120834E-05   4   0 0  1 1  0 0  1 1
   261  -.1861865064888797E-06   4   0 0  0 2  0 0  1 1
   262  -.1203099996658001E-10   4   2 0  0 0  0 0  0 2
   263  -.1391921787139842E-10   4   1 1  0 0  0 0  0 2
   264  -.4055085779343142E-11   4   0 2  0 0  0 0  0 2
   265  0.1331688589500444E-10   4   1 0  1 0  0 0  0 2
   266  0.6293357143282826E-11   4   0 1  1 0  0 0  0 2
   267  -.9339291913852905E-11   4   0 0  2 0  0 0  0 2
   268  0.7821899339254335E-11   4   1 0  0 1  0 0  0 2
   269  0.3858211381667770E-11   4   0 1  0 1  0 0  0 2
   270  -.1106614021573038E-10   4   0 0  1 1  0 0  0 2
   271  -.3275237077322068E-11   4   0 0  0 2  0 0  0 2
   272  0.1126846608775900E-08   4   1 0  0 0  0 3  0 0
   273  -.8192247434583115E-04   4   0 1  0 0  0 3  0 0
   274  0.4446204837795347E-08   4   0 0  1 0  0 3  0 0
   275  0.2384403196469389E-04   4   0 0  0 1  0 3  0 0
   276  -.1078032471733467E-08   4   1 0  0 0  0 2  1 0
   277  -.3511654995781297E-04   4   0 1  0 0  0 2  1 0
   278  -.2924249711565648E-08   4   0 0  1 0  0 2  1 0
   279  0.1021563099290117E-04   4   0 0  0 1  0 2  1 0
   280  -.4937177530937635E-09   4   1 0  0 0  0 1  2 0
   281  -.2107755915327933E-04   4   0 1  0 0  0 1  2 0
   282  -.1062121893403464E-08   4   0 0  1 0  0 1  2 0
   283  0.6131578770868876E-05   4   0 0  0 1  0 1  2 0
   284  -.3577581189094883E-09   4   1 0  0 0  0 0  3 0
   285  -.1173060971642514E-04   4   0 1  0 0  0 0  3 0
   286  -.9697469593903019E-09   4   0 0  1 0  0 0  3 0
   287  0.3412513178141951E-05   4   0 0  0 1  0 0  3 0
   288  0.1034828949471664E-09   4   1 0  0 0  0 2  0 1
   289  0.2847298503294648E-10   4   0 1  0 0  0 2  0 1
   290  -.1029317241163801E-09   4   0 0  1 0  0 2  0 1
   291  -.9432048803815064E-10   4   0 0  0 1  0 2  0 1
   292  0.1986613117210973E-09   4   1 0  0 0  0 1  1 1
   293  0.8045337704142468E-10   4   0 1  0 0  0 1  1 1
   294  0.2388019338582409E-09   4   0 0  1 0  0 1  1 1
   295  0.2884979594676441E-10   4   0 0  0 1  0 1  1 1
   296  0.9918824484611027E-10   4   1 0  0 0  0 0  2 1
   297  0.2999120960128973E-10   4   0 1  0 0  0 0  2 1
   298  0.1191007187435944E-09   4   0 0  1 0  0 0  2 1
   299  0.2275456996995601E-10   4   0 0  0 1  0 0  2 1
   300  0.7236119381948626E-15   4   1 0  0 0  0 1  0 2
   301  0.5449064689297176E-15   4   0 1  0 0  0 1  0 2
   302  -.4032577425281832E-15   4   0 0  1 0  0 1  0 2
   303  -.3488984963760600E-15   4   0 0  0 1  0 1  0 2
   304  0.2414199912553418E-15   4   1 0  0 0  0 0  1 2
   305  0.2724527783287117E-15   4   0 1  0 0  0 0  1 2
   306  -.1345396275767166E-15   4   0 0  1 0  0 0  1 2
   307  -.1744486559789129E-15   4   0 0  0 1  0 0  1 2
   308  -.1086432168734300       4   0 0  0 0  0 4  0 0
   309  0.6210335123393943E-01   4   0 0  0 0  0 3  1 0
   310  0.1864613970065094E-01   4   0 0  0 0  0 2  2 0
   311  0.1248054101829911E-01   4   0 0  0 0  0 1  3 0
   312  0.1541315566693010E-01   4   0 0  0 0  0 0  4 0
   313  -.1088785786277281E-14   4   0 0  0 0  0 3  0 1
   314  0.3628546671113661E-14   4   0 0  0 0  0 2  1 1
   315  0.4462865104177612E-14   4   0 0  0 0  0 1  2 1
   316  0.1076064845729499E-14   4   0 0  0 0  0 0  3 1
   ----------------------------------------------------
     I  COEFFICIENT            ORDER EXPONENTS
     1   1.000000000000000       1   0 0  0 0  0 1  0 0
     --------------------------------------------------
     I  COEFFICIENT            ORDER EXPONENTS
     1   1.000000000000000       1   0 0  0 0  0 0  1 0
     --------------------------------------------------
     I  COEFFICIENT            ORDER EXPONENTS
     1   1.000000000000000       1   0 0  0 0  0 0  0 1
     --------------------------------------------------
