 L    0.7950300000000000E+00
 P (  0.0000000000000000E+00,  0.0000000000000000E+00,  0.1350570000000000E+00)
 A (  0.0000000000000000E+00,  0.0000000000000000E+00,  0.0000000000000000E+00)
     I  COEFFICIENT            ORDER EXPONENTS
     1  0.7487378370301298E-04   0   0 0  0 0  0 0  0 0
     2  0.9999968881109934       1   1 0  0 0  0 0  0 0
     3  0.7950280325929571       1   0 1  0 0  0 0  0 0
     4  -.5217979375648959E-05   1   0 0  1 0  0 0  0 0
     5  -.2718069569106010E-05   1   0 0  0 1  0 0  0 0
     6  0.3757726288697398E-11   1   0 0  0 0  0 1  0 0
     7  0.3752669290494887E-11   1   0 0  0 0  0 0  1 0
     8  -.7510405751584649E-11   1   0 0  0 0  0 0  0 1
     9  -.9245695777097152E-01   2   2 0  0 0  0 0  0 0
    10  -.9182574452595489E-01   2   1 1  0 0  0 0  0 0
    11  -.2351477410493459E-01   2   0 2  0 0  0 0  0 0
    12  0.5309563068636307E-04   2   1 0  1 0  0 0  0 0
    13  0.2641675249429336E-04   2   0 1  1 0  0 0  0 0
    14  0.9245694546842641E-01   2   0 0  2 0  0 0  0 0
    15  0.2635981533598021E-04   2   1 0  0 1  0 0  0 0
    16  0.1353348978949413E-04   2   0 1  0 1  0 0  0 0
    17  0.9182576148818658E-01   2   0 0  1 1  0 0  0 0
    18  0.2351478886152819E-01   2   0 0  0 2  0 0  0 0
    19  0.1556989287492550E-05   2   1 0  0 0  0 1  0 0
    20  -.3977806949515846       2   0 1  0 0  0 1  0 0
    21  0.2598674950493326E-05   2   0 0  1 0  0 1  0 0
    22  0.2710303594863463E-05   2   0 0  0 1  0 1  0 0
    23  0.1554893964687764E-05   2   1 0  0 0  0 0  1 0
    24  -.3972453804390736       2   0 1  0 0  0 0  1 0
    25  0.2595177776216259E-05   2   0 0  1 0  0 0  1 0
    26  0.2706656196017684E-05   2   0 0  0 1  0 0  1 0
    27  -.3111884373778985E-05   2   1 0  0 0  0 0  0 1
    28  -.1957203257566730E-05   2   0 1  0 0  0 0  0 1
    29  -.5193853519269456E-05   2   0 0  1 0  0 0  0 1
    30  -.2698890636687843E-05   2   0 0  0 1  0 0  0 1
    31  -.9137000461615830E-11   2   0 0  0 0  0 2  0 0
    32  -.9460615662651896E-11   2   0 0  0 0  0 1  1 0
    33  -.9118338473625256E-11   2   0 0  0 0  0 0  2 0
    34  0.3757913884516251E-11   2   0 0  0 0  0 1  0 1
    35  0.3752856661099419E-11   2   0 0  0 0  0 0  1 1
    36  0.2406154732320101E-02   3   3 0  0 0  0 0  0 0
    37  0.3434223371749405E-02   3   2 1  0 0  0 0  0 0
    38  0.1635022662184337E-02   3   1 2  0 0  0 0  0 0
    39  0.3977741056973232       3   0 3  0 0  0 0  0 0
    40  -.4391543465222541E-04   3   2 0  1 0  0 0  0 0
    41  -.1256321437390117E-04   3   1 1  1 0  0 0  0 0
    42  -.4320294107439282E-05   3   0 2  1 0  0 0  0 0
    43  0.2205276921461065E-02   3   1 0  2 0  0 0  0 0
    44  0.6339862446500940E-03   3   0 1  2 0  0 0  0 0
    45  0.1465341255521843E-04   3   0 0  3 0  0 0  0 0
    46  -.1706927939094390E-04   3   2 0  0 1  0 0  0 0
    47  -.5013652993681836E-05   3   1 1  0 1  0 0  0 0
    48  -.4013919824566294E-05   3   0 2  0 1  0 0  0 0
    49  0.2659091684094996E-02   3   1 0  1 1  0 0  0 0
    50  0.9066218989847714E-03   3   0 1  1 1  0 0  0 0
    51  -.4359941685965747E-05   3   0 0  2 1  0 0  0 0
    52  0.7356167763167124E-03   3   1 0  0 2  0 0  0 0
    53  0.3977892780899134       3   0 1  0 2  0 0  0 0
    54  -.1786743948034091E-04   3   0 0  1 2  0 0  0 0
    55  -.7646195023956459E-05   3   0 0  0 3  0 0  0 0
    56  0.4625955267025236E-01   3   2 0  0 0  0 1  0 0
    57  0.9188751758948419E-01   3   1 1  0 0  0 1  0 0
    58  0.3529589563101602E-01   3   0 2  0 0  0 1  0 0
    59  -.2648131609328668E-04   3   1 0  1 0  0 1  0 0
    60  -.2639446163990049E-04   3   0 1  1 0  0 1  0 0
    61  -.4625953852308230E-01   3   0 0  2 0  0 1  0 0
    62  -.2633202477092502E-04   3   1 0  0 1  0 1  0 0
    63  -.2028724196010096E-04   3   0 1  0 1  0 1  0 0
    64  -.9188753759318913E-01   3   0 0  1 1  0 1  0 0
    65  -.3529592169062377E-01   3   0 0  0 2  0 1  0 0
    66  0.4619729874440609E-01   3   2 0  0 0  0 0  1 0
    67  0.9176385969882093E-01   3   1 1  0 0  0 0  1 0
    68  0.3524839607811350E-01   3   0 2  0 0  0 0  1 0
    69  -.2644567878610962E-04   3   1 0  1 0  0 0  1 0
    70  -.2635894121735336E-04   3   0 1  1 0  0 0  1 0
    71  -.4619728461627458E-01   3   0 0  2 0  0 0  1 0
    72  -.2629658837297367E-04   3   1 0  0 1  0 0  1 0
    73  -.2025994034597550E-04   3   0 1  0 1  0 0  1 0
    74  -.9176387967560588E-01   3   0 0  1 1  0 0  1 0
    75  -.3524842210265159E-01   3   0 0  0 2  0 0  1 0
    76  -.9245686414778514E-01   3   2 0  0 0  0 0  0 1
    77  -.9182565497591920E-01   3   1 1  0 0  0 0  0 1
    78  -.2351475343184167E-01   3   0 2  0 0  0 0  0 1
    79  0.5292826136396819E-04   3   1 0  1 0  0 0  0 1
    80  0.2633235001448040E-04   3   0 1  1 0  0 0  0 1
    81  0.9245683598448728E-01   3   0 0  2 0  0 0  0 1
    82  0.2627117297669466E-04   3   1 0  0 1  0 0  0 1
    83  0.1347901113144634E-04   3   0 1  0 1  0 0  0 1
    84  0.9182567161105118E-01   3   0 0  1 1  0 0  0 1
    85  0.2351477093595154E-01   3   0 0  0 2  0 0  0 1
    86  -.1167487247521536E-05   3   1 0  0 0  0 2  0 0
    87  0.2982681896961202       3   0 1  0 0  0 2  0 0
    88  -.1948572716486707E-05   3   0 0  1 0  0 2  0 0
    89  -.2696134022729906E-05   3   0 0  0 1  0 2  0 0
    90  -.7790249947623024E-06   3   1 0  0 0  0 1  1 0
    91  0.1990228523056702       3   0 1  0 0  0 1  1 0
    92  -.1300211908608882E-05   3   0 0  1 0  0 1  1 0
    93  -.2691386605351228E-05   3   0 0  0 1  0 1  1 0
    94  -.1165391910649858E-05   3   1 0  0 0  0 0  2 0
    95  0.2977328766358146       3   0 1  0 0  0 0  2 0
    96  -.1945075537265452E-05   3   0 0  1 0  0 0  2 0
    97  -.2690694722059706E-05   3   0 0  0 1  0 0  2 0
    98  0.1556997101477586E-05   3   1 0  0 0  0 1  0 1
    99  0.1958525821856528E-05   3   0 1  0 0  0 1  0 1
   100  0.2598678530002444E-05   3   0 0  1 0  0 1  0 1
   101  0.2700708584368975E-05   3   0 0  0 1  0 1  0 1
   102  0.1554901768157107E-05   3   1 0  0 0  0 0  1 1
   103  0.1955890130107467E-05   3   0 1  0 0  0 0  1 1
   104  0.2595181350908241E-05   3   0 0  1 0  0 0  1 1
   105  0.2697074098036100E-05   3   0 0  0 1  0 0  1 1
   106  -.1028983349494411E-09   3   0 0  0 0  0 3  0 0
   107  -.1394168637676695E-09   3   0 0  0 0  0 2  1 0
   108  -.1393428668732749E-09   3   0 0  0 0  0 1  2 0
   109  -.1025969373790502E-09   3   0 0  0 0  0 0  3 0
   110  0.8714323760363352E-10   3   0 0  0 0  0 2  0 1
   111  0.1074444048570235E-09   3   0 0  0 0  0 1  1 1
   112  0.8695366750298322E-10   3   0 0  0 0  0 0  2 1
   113  -.3440789173524694E-03   4   4 0  0 0  0 0  0 0
   114  -.1746001769081473       4   3 1  0 0  0 0  0 0
   115  -.3462434625726066       4   2 2  0 0  0 0  0 0
   116  -.2660112500803584       4   1 3  0 0  0 0  0 0
   117  -.6962740940814660E-01   4   0 4  0 0  0 0  0 0
   118  -.1403093013037274E-05   4   3 0  1 0  0 0  0 0
   119  0.4838151441009800E-04   4   2 1  1 0  0 0  0 0
   120  0.1188548137475212E-03   4   1 2  1 0  0 0  0 0
   121  0.6068077389678155E-04   4   0 3  1 0  0 0  0 0
   122  -.3712398282175233E-03   4   2 0  2 0  0 0  0 0
   123  -.1743102776244053       4   1 1  2 0  0 0  0 0
   124  0.6956623719363873E-01   4   0 2  2 0  0 0  0 0
   125  0.4036533960034538E-05   4   1 0  3 0  0 0  0 0
   126  0.4861733411481464E-04   4   0 1  3 0  0 0  0 0
   127  0.4630893137107385E-03   4   0 0  4 0  0 0  0 0
   128  0.5075203223380836E-04   4   3 0  0 1  0 0  0 0
   129  0.9432481391243219E-04   4   2 1  0 1  0 0  0 0
   130  0.1064431498304669E-03   4   1 2  0 1  0 0  0 0
   131  0.7625425841908061E-04   4   0 3  0 1  0 0  0 0
   132  0.1746263400075392       4   2 0  1 1  0 0  0 0
   133  0.9353776012412252E-01   4   1 1  1 1  0 0  0 0
   134  0.2025255035827090       4   0 2  1 1  0 0  0 0
   135  0.5290277529419742E-04   4   1 0  2 1  0 0  0 0
   136  0.6175364682450542E-04   4   0 1  2 1  0 0  0 0
   137  0.1744914905947413       4   0 0  3 1  0 0  0 0
   138  -.2279774556806504E-01   4   2 0  0 2  0 0  0 0
   139  -.6360581105955167E-01   4   1 1  0 2  0 0  0 0
   140  0.3535175367644260E-01   4   0 2  0 2  0 0  0 0
   141  0.9245252057742119E-04   4   1 0  1 2  0 0  0 0
   142  0.6232357727412150E-04   4   0 1  1 2  0 0  0 0
   143  0.2994770946973959       4   0 0  2 2  0 0  0 0
   144  0.4702961714966944E-04   4   1 0  0 3  0 0  0 0
   145  0.6165440350548739E-04   4   0 1  0 3  0 0  0 0
   146  0.2197072643369242       4   0 0  1 3  0 0  0 0
   147  0.5761945903732732E-01   4   0 0  0 4  0 0  0 0
   148  -.2432800902114041E-02   4   3 0  0 0  0 1  0 0
   149  -.5263745484972133E-02   4   2 1  0 0  0 1  0 0
   150  -.3382412380010131E-02   4   1 2  0 0  0 1  0 0
   151  -.5973567938981780       4   0 3  0 0  0 1  0 0
   152  0.7368223141598162E-05   4   2 0  1 0  0 1  0 0
   153  0.6085502180778225E-05   4   1 1  1 0  0 1  0 0
   154  0.1250419230741626E-06   4   0 2  1 0  0 1  0 0
   155  -.2332290369977482E-02   4   1 0  2 0  0 1  0 0
   156  -.9361526839743721E-03   4   0 1  2 0  0 1  0 0
   157  -.2194670582750637E-04   4   0 0  3 0  0 1  0 0
   158  0.2218409072639285E-04   4   2 0  0 1  0 1  0 0
   159  0.1947699281334463E-04   4   1 1  0 1  0 1  0 0
   160  0.9414103002207087E-05   4   0 2  0 1  0 1  0 0
   161  -.4064310995943656E-02   4   1 0  1 1  0 1  0 0
   162  -.1771397900672136E-02   4   0 1  1 1  0 1  0 0
   163  -.4149375677821474E-04   4   0 0  2 1  0 1  0 0
   164  -.1489102639586627E-02   4   1 0  0 2  0 1  0 0
   165  -.5973494937522363       4   0 1  0 2  0 1  0 0
   166  -.1712472226263025E-04   4   0 0  1 2  0 1  0 0
   167  0.1515204980717771E-05   4   0 0  0 3  0 1  0 0
   168  -.2429526953314055E-02   4   3 0  0 0  0 0  1 0
   169  -.5256661784370543E-02   4   2 1  0 0  0 0  1 0
   170  -.3377860488836624E-02   4   1 2  0 0  0 0  1 0
   171  -.5965528992774005       4   0 3  0 0  0 0  1 0
   172  0.7358307334146524E-05   4   2 0  1 0  0 0  1 0
   173  0.6077312598743104E-05   4   1 1  1 0  0 0  1 0
   174  0.1248736475470876E-06   4   0 2  1 0  0 0  1 0
   175  -.2329151683514705E-02   4   1 0  2 0  0 0  1 0
   176  -.9348928538117120E-03   4   0 1  2 0  0 0  1 0
   177  -.2191717098511612E-04   4   0 0  3 0  0 0  1 0
   178  0.2215423642259325E-04   4   2 0  0 1  0 0  1 0
   179  0.1945078159433527E-04   4   1 1  0 1  0 0  1 0
   180  0.9401433946057946E-05   4   0 2  0 1  0 0  1 0
   181  -.4058841437749619E-02   4   1 0  1 1  0 0  1 0
   182  -.1769014036860613E-02   4   0 1  1 1  0 0  1 0
   183  -.4143791643587564E-04   4   0 0  2 1  0 0  1 0
   184  -.1487098675433073E-02   4   1 0  0 2  0 0  1 0
   185  -.5965456089556516       4   0 1  0 2  0 0  1 0
   186  -.1710167661846941E-04   4   0 0  1 2  0 0  1 0
   187  0.1513165889263932E-05   4   0 0  0 3  0 0  1 0
   188  0.4812085408023513E-02   4   3 0  0 0  0 0  0 1
   189  0.6934707651684039E-02   4   2 1  0 0  0 0  0 1
   190  0.3349130223919965E-02   4   1 2  0 0  0 0  0 1
   191  0.5440426259190085E-03   4   0 3  0 0  0 0  0 1
   192  -.2929165756848977E-04   4   2 0  1 0  0 0  0 1
   193  -.7945056554619346E-05   4   1 1  1 0  0 0  0 1
   194  -.8951518628465660E-06   4   0 2  1 0  0 0  0 1
   195  0.4611204058293585E-02   4   1 0  2 0  0 0  0 1
   196  0.1291038689918069E-02   4   0 1  2 0  0 0  0 1
   197  0.2923231378286895E-04   4   0 0  3 0  0 0  0 1
   198  -.1930581970879909E-04   4   2 0  0 1  0 0  0 1
   199  -.1366337102573650E-04   4   1 1  0 1  0 0  0 1
   200  -.5499100381957559E-05   4   0 2  0 1  0 0  0 1
   201  0.5432813018332645E-02   4   1 0  1 1  0 0  0 1
   202  0.1795970234047578E-02   4   0 1  1 1  0 0  0 1
   203  0.3478288076823728E-04   4   0 0  2 1  0 0  0 1
   204  0.1488291164854663E-02   4   1 0  0 2  0 0  0 1
   205  0.5399457339176054E-03   4   0 1  0 2  0 0  0 1
   206  0.1431887758060400E-04   4   0 0  1 2  0 0  0 1
   207  0.1098122375202934E-05   4   0 0  0 3  0 0  0 1
   208  -.3468701835050660E-01   4   2 0  0 0  0 2  0 0
   209  -.9188768668940059E-01   4   1 1  0 0  0 2  0 0
   210  -.4433662020951185E-01   4   0 2  0 0  0 2  0 0
   211  0.1994392719629625E-04   4   1 0  1 0  0 2  0 0
   212  0.2641227881782379E-04   4   0 1  1 0  0 2  0 0
   213  0.3468697069792007E-01   4   0 0  2 0  0 2  0 0
   214  0.2637582453163562E-04   4   1 0  0 1  0 2  0 0
   215  0.6624450780118925E-04   4   0 1  0 1  0 2  0 0
   216  0.9188762662718636E-01   4   0 0  1 1  0 2  0 0
   217  0.4405561133213078E-01   4   0 0  0 2  0 2  0 0
   218  -.2314542322053550E-01   4   2 0  0 0  0 1  1 0
   219  -.9188755589833517E-01   4   1 1  0 0  0 1  1 0
   220  -.5318478193500359E-01   4   0 2  0 0  0 1  1 0
   221  0.1329016377650011E-04   4   1 0  1 0  0 1  1 0
   222  0.2638389455259353E-04   4   0 1  1 0  0 1  1 0
   223  0.2314536673092858E-01   4   0 0  2 0  0 1  1 0
   224  0.2634281819370871E-04   4   1 0  0 1  0 1  1 0
   225  0.7944169259338366E-04   4   0 1  0 1  0 1  1 0
   226  0.9188747352972890E-01   4   0 0  1 1  0 1  1 0
   227  0.5284769022617428E-01   4   0 0  0 2  0 1  1 0
   228  -.3462476418607110E-01   4   2 0  0 0  0 0  2 0
   229  -.9170219960006218E-01   4   1 1  0 0  0 0  2 0
   230  -.4424116728903876E-01   4   0 2  0 0  0 0  2 0
   231  0.1990814496105830E-04   4   1 0  1 0  0 0  2 0
   232  0.2635898131686783E-04   4   0 1  1 0  0 0  2 0
   233  0.3462471663562364E-01   4   0 0  2 0  0 0  2 0
   234  0.2632260372850189E-04   4   1 0  0 1  0 0  2 0
   235  0.6610190462163151E-04   4   0 1  0 1  0 0  2 0
   236  0.9170213967410074E-01   4   0 0  1 1  0 0  2 0
   237  0.4396076340122877E-01   4   0 0  0 2  0 0  2 0
   238  0.4625971922375990E-01   4   2 0  0 0  0 1  0 1
   239  0.9188766003104165E-01   4   1 1  0 0  0 1  0 1
   240  0.3529593179273934E-01   4   0 2  0 0  0 1  0 1
   241  -.2658539384360748E-04   4   1 0  1 0  0 1  0 1
   242  -.2638435401986706E-04   4   0 1  1 0  0 1  0 1
   243  -.4625964351022046E-01   4   0 0  2 0  0 1  0 1
   244  -.2635578123285007E-04   4   1 0  0 1  0 1  0 1
   245  -.2025900454267942E-04   4   0 1  0 1  0 1  0 1
   246  -.9188757032639581E-01   4   0 0  1 1  0 1  0 1
   247  -.3529591602170129E-01   4   0 0  0 2  0 1  0 1
   248  0.4619746507377379E-01   4   2 0  0 0  0 0  1 1
   249  0.9176400194868728E-01   4   1 1  0 0  0 0  1 1
   250  0.3524843219117207E-01   4   0 2  0 0  0 0  1 1
   251  -.2654961647349905E-04   4   1 0  1 0  0 0  1 1
   252  -.2634884719967866E-04   4   0 1  1 0  0 0  1 1
   253  -.4619738946212600E-01   4   0 0  2 0  0 0  1 1
   254  -.2632031286457185E-04   4   1 0  0 1  0 0  1 1
   255  -.2023174092913962E-04   4   0 1  0 1  0 0  1 1
   256  -.9176391236476175E-01   4   0 0  1 1  0 0  1 1
   257  -.3524841644135807E-01   4   0 0  0 2  0 0  1 1
   258  0.1789961354541399E-13   4   2 0  0 0  0 0  0 2
   259  0.2356079225315280E-13   4   1 1  0 0  0 0  0 2
   260  0.7660532862898063E-14   4   0 2  0 0  0 0  0 2
   261  -.3341965349681705E-13   4   1 0  1 0  0 0  0 2
   262  -.1894378629426680E-13   4   0 1  1 0  0 0  0 2
   263  -.1664629305425838E-14   4   0 0  2 0  0 0  0 2
   264  -.1598429934302663E-13   4   1 0  0 1  0 0  0 2
   265  -.9228389353886644E-14   4   0 1  0 1  0 0  0 2
   266  0.1690894951858514E-14   4   0 0  1 1  0 0  0 2
   267  0.1443142091988037E-14   4   0 0  0 2  0 0  0 2
   268  -.1436894911271002E-05   4   1 0  0 0  0 3  0 0
   269  -.2485473620230583       4   0 1  0 0  0 3  0 0
   270  0.2657457614158691E-06   4   0 0  1 0  0 3  0 0
   271  0.1635617048786253E-05   4   0 0  0 1  0 3  0 0
   272  -.1509590550338431E-05   4   1 0  0 0  0 2  1 0
   273  -.1491688239493500       4   0 1  0 0  0 2  1 0
   274  -.2858915646926994E-07   4   0 0  1 0  0 2  1 0
   275  0.1777796544960859E-05   4   0 0  0 1  0 2  1 0
   276  -.1509439901302034E-05   4   1 0  0 0  0 1  2 0
   277  -.1493687571809920       4   0 1  0 0  0 1  2 0
   278  -.2799572519409690E-07   4   0 0  1 0  0 1  2 0
   279  0.1777505093993858E-05   4   0 0  0 1  0 1  2 0
   280  -.1432979953851635E-05   4   1 0  0 0  0 0  3 0
   281  -.2479454002262371       4   0 1  0 0  0 0  3 0
   282  0.2652285307410825E-06   4   0 0  1 0  0 0  3 0
   283  0.1631120718715350E-05   4   0 0  0 1  0 0  3 0
   284  0.1400523962465954E-05   4   1 0  0 0  0 2  0 1
   285  0.5003387836339483E-07   4   0 1  0 0  0 2  0 1
   286  -.4130125674489719E-06   4   0 0  1 0  0 2  0 1
   287  -.1564349151501541E-05   4   0 0  0 1  0 2  0 1
   288  0.1473120497800309E-05   4   1 0  0 0  0 1  1 1
   289  0.1925463787983584E-07   4   0 1  0 0  0 1  1 1
   290  -.1190732872346207E-06   4   0 0  1 0  0 1  1 1
   291  -.1713805962389213E-05   4   0 0  0 1  0 1  1 1
   292  0.1397647975195413E-05   4   1 0  0 0  0 0  2 1
   293  0.4995358913281259E-07   4   0 1  0 0  0 0  2 1
   294  -.4123766330904449E-06   4   0 0  1 0  0 0  2 1
   295  -.1561090744470952E-05   4   0 0  0 1  0 0  2 1
   296  -.2048139263183061E-04   4   0 0  0 0  0 4  0 0
   297  -.1170553074300474E-04   4   0 0  0 0  0 3  1 0
   298  -.1053879986837933E-04   4   0 0  0 0  0 2  2 0
   299  -.1173063637176563E-04   4   0 0  0 0  0 1  3 0
   300  -.2041842441630344E-04   4   0 0  0 0  0 0  4 0
   301  -.1624306990197364E-10   4   0 0  0 0  0 3  0 1
   302  0.5131514420755700E-10   4   0 0  0 0  0 2  1 1
   303  0.5117881333574797E-10   4   0 0  0 0  0 1  2 1
   304  -.1624476338902989E-10   4   0 0  0 0  0 0  3 1
   ----------------------------------------------------
     I  COEFFICIENT            ORDER EXPONENTS
     1  0.7898782554109749E-08   0   0 0  0 0  0 0  0 0
     2  -.1844818593293821E-04   1   1 0  0 0  0 0  0 0
     3  0.9999884450242402       1   0 1  0 0  0 0  0 0
     4  -.2154441352821197E-04   1   0 0  1 0  0 0  0 0
     5  -.1195872433853495E-04   1   0 0  0 1  0 0  0 0
     6  0.4024826473887202E-08   1   0 0  0 0  0 1  0 0
     7  0.4019410052098563E-08   1   0 0  0 0  0 0  1 0
     8  -.1454541663816732E-09   1   0 0  0 0  0 0  0 1
     9  -.3488170946546220       2   2 0  0 0  0 0  0 0
    10  -.3697264145888247       2   1 1  0 0  0 0  0 0
    11  -.1010589709158125       2   0 2  0 0  0 0  0 0
    12  0.1999324957504257E-03   2   1 0  1 0  0 0  0 0
    13  0.1061227778661612E-03   2   0 1  1 0  0 0  0 0
    14  0.3488172238782626       2   0 0  2 0  0 0  0 0
    15  0.1059329657658440E-03   2   1 0  0 1  0 0  0 0
    16  0.5799470010350119E-04   2   0 1  0 1  0 0  0 0
    17  0.3697266791321590       2   0 0  1 1  0 0  0 0
    18  0.1010590715720831       2   0 0  0 2  0 0  0 0
    19  -.1578897358987847E-10   2   1 0  0 0  0 1  0 0
    20  0.5781369028235800E-05   2   0 1  0 0  0 1  0 0
    21  -.1231589664485007E-10   2   0 0  1 0  0 1  0 0
    22  0.5971315107582453E-05   2   0 0  0 1  0 1  0 0
    23  -.1576772555209551E-10   2   1 0  0 0  0 0  1 0
    24  0.5773588734222865E-05   2   0 1  0 0  0 0  1 0
    25  -.1229932249887173E-10   2   0 0  1 0  0 0  1 0
    26  0.5963279193128949E-05   2   0 0  0 1  0 0  1 0
    27  -.1844815453207519E-04   2   1 0  0 0  0 0  0 1
    28  -.1155495864107103E-04   2   0 1  0 0  0 0  0 1
    29  -.2154438961451714E-04   2   0 0  1 0  0 0  0 1
    30  -.1193459434173601E-04   2   0 0  0 1  0 0  0 1
    31  -.1004177363875690E-08   2   0 0  0 0  0 2  0 0
    32  0.2008349921987332E-08   2   0 0  0 0  0 1  1 0
    33  -.1004177360750275E-08   2   0 0  0 0  0 0  2 0
    34  0.1351428345752953E-14   2   0 0  0 0  0 1  0 1
    35  0.1349609656363414E-14   2   0 0  0 0  0 0  1 1
    36  0.1295114653473585E-01   3   3 0  0 0  0 0  0 0
    37  0.1936435517104846E-01   3   2 1  0 0  0 0  0 0
    38  0.9678487233380436E-02   3   1 2  0 0  0 0  0 0
    39  0.1622025796237999E-02   3   0 3  0 0  0 0  0 0
    40  -.5567352793175000E-06   3   2 0  1 0  0 0  0 0
    41  0.8695100235937728E-04   3   1 1  1 0  0 0  0 0
    42  0.4084928392942917E-04   3   0 2  1 0  0 0  0 0
    43  0.1295119009783122E-01   3   1 0  2 0  0 0  0 0
    44  0.3784472441385963E-02   3   0 1  2 0  0 0  0 0
    45  0.6634015944016848E-06   3   0 0  3 0  0 0  0 0
    46  0.4341810129675025E-04   3   2 0  0 1  0 0  0 0
    47  0.1031717804833034E-03   3   1 1  0 1  0 0  0 0
    48  0.3495488193352880E-04   3   0 2  0 1  0 0  0 0
    49  0.1618280380531639E-01   3   1 0  1 1  0 0  0 0
    50  0.5641658061684712E-02   3   0 1  1 1  0 0  0 0
    51  -.4229203015137423E-04   3   0 0  2 1  0 0  0 0
    52  0.4638968578559598E-02   3   1 0  0 2  0 0  0 0
    53  0.1773583162006655E-02   3   0 1  0 2  0 0  0 0
    54  -.3998200502631020E-04   3   0 0  1 2  0 0  0 0
    55  -.1544025249352351E-04   3   0 0  0 3  0 0  0 0
    56  -.3387600183660909E-06   3   2 0  0 0  0 1  0 0
    57  0.1849873332296457       3   1 1  0 0  0 1  0 0
    58  0.1011269181758529       3   0 2  0 0  0 1  0 0
    59  0.4989061640285244E-06   3   1 0  1 0  0 1  0 0
    60  -.5292345060592330E-04   3   0 1  1 0  0 1  0 0
    61  0.3007492814441091E-06   3   0 0  2 0  0 1  0 0
    62  -.5271701236738373E-04   3   1 0  0 1  0 1  0 0
    63  -.5792397527729117E-04   3   0 1  0 1  0 1  0 0
    64  -.1849875696377011       3   0 0  1 1  0 1  0 0
    65  -.1011270736832300       3   0 0  0 2  0 1  0 0
    66  -.3383041310768635E-06   3   2 0  0 0  0 0  1 0
    67  0.1847383859947362       3   1 1  0 0  0 0  1 0
    68  0.1009908263353183       3   0 2  0 0  0 0  1 0
    69  0.4982347596255696E-06   3   1 0  1 0  0 0  1 0
    70  -.5285222872029363E-04   3   0 1  1 0  0 0  1 0
    71  0.3003445472102338E-06   3   0 0  2 0  0 0  1 0
    72  -.5264606829660635E-04   3   1 0  0 1  0 0  1 0
    73  -.5784602392122521E-04   3   0 1  0 1  0 0  1 0
    74  -.1847386220846448       3   0 0  1 1  0 0  1 0
    75  -.1009909816334207       3   0 0  0 2  0 0  1 0
    76  -.3488163976126322       3   2 0  0 0  0 0  0 1
    77  -.3697256980155271       3   1 1  0 0  0 0  0 1
    78  -.1010587722258900       3   0 2  0 0  0 0  0 1
    79  0.1989436996501042E-03   3   1 0  1 0  0 0  0 1
    80  0.1057744726038259E-03   3   0 1  1 0  0 0  0 1
    81  0.3488166294305422       3   0 0  2 0  0 0  0 1
    82  0.1053827364877115E-03   3   1 0  0 1  0 0  0 1
    83  0.5778405157207832E-04   3   0 1  0 1  0 0  0 1
    84  0.3697262022718300       3   0 0  1 1  0 0  0 1
    85  0.1010589855629235       3   0 0  0 2  0 0  0 1
    86  -.4560552469918933E-10   3   1 0  0 0  0 2  0 0
    87  -.4335091212529036E-05   3   0 1  0 0  0 2  0 0
    88  -.6559555260541300E-11   3   0 0  1 0  0 2  0 0
    89  -.4477483561130329E-05   3   0 0  0 1  0 2  0 0
    90  -.6231080887644789E-10   3   1 0  0 0  0 1  1 0
    91  -.2892667873198892E-05   3   0 1  0 0  0 1  1 0
    92  -.7493051391371894E-11   3   0 0  1 0  0 1  1 0
    93  -.2987657325447731E-05   3   0 0  0 1  0 1  1 0
    94  -.4550219688170366E-10   3   1 0  0 0  0 0  2 0
    95  -.4327310843066128E-05   3   0 1  0 0  0 0  2 0
    96  -.6545732968104029E-11   3   0 0  1 0  0 0  2 0
    97  -.4469447650692723E-05   3   0 0  0 1  0 0  2 0
    98  0.5824776328300170E-10   3   1 0  0 0  0 1  0 1
    99  0.5781408329024857E-05   3   0 1  0 0  0 1  0 1
   100  0.1247885347829377E-10   3   0 0  1 0  0 1  0 1
   101  0.5971315776917045E-05   3   0 0  0 1  0 1  0 1
   102  0.5816937616568967E-10   3   1 0  0 0  0 0  1 1
   103  0.5773627982163965E-05   3   0 1  0 0  0 0  1 1
   104  0.1246206001532507E-10   3   0 0  1 0  0 0  1 1
   105  0.5963279861562789E-05   3   0 0  0 1  0 0  1 1
   106  -.4269176176547102E-10   3   0 0  0 0  0 3  0 0
   107  -.1103117492382824E-08   3   0 0  0 0  0 2  1 0
   108  -.1100976769932537E-08   3   0 0  0 0  0 1  2 0
   109  -.4186431977466954E-10   3   0 0  0 0  0 0  3 0
   110  0.5176516725781512E-09   3   0 0  0 0  0 2  0 1
   111  0.5724743363984266E-09   3   0 0  0 0  0 1  1 1
   112  0.5165698366386087E-09   3   0 0  0 0  0 0  2 1
   113  0.9447083448862323E-03   4   4 0  0 0  0 0  0 0
   114  0.4629676508302526E-02   4   3 1  0 0  0 0  0 0
   115  0.2675989410339099       4   2 2  0 0  0 0  0 0
   116  0.9539839143451941E-01   4   1 3  0 0  0 0  0 0
   117  -.2475806208531767E-01   4   0 4  0 0  0 0  0 0
   118  -.1495351828484213E-06   4   3 0  1 0  0 0  0 0
   119  -.4280117058720849E-05   4   2 1  1 0  0 0  0 0
   120  -.5425465111078030E-04   4   1 2  1 0  0 0  0 0
   121  0.2544594299093695E-04   4   0 3  1 0  0 0  0 0
   122  0.4040780905963568E-02   4   2 0  2 0  0 0  0 0
   123  0.6661039056918507E-02   4   1 1  2 0  0 0  0 0
   124  0.8968623359530234E-01   4   0 2  2 0  0 0  0 0
   125  -.1688256448047551E-05   4   1 0  3 0  0 0  0 0
   126  -.2697137172540299E-05   4   0 1  3 0  0 0  0 0
   127  -.2244916960358770E-02   4   0 0  4 0  0 0  0 0
   128  -.2189203837142860E-06   4   3 0  0 1  0 0  0 0
   129  -.1526535982827777E-03   4   2 1  0 1  0 0  0 0
   130  -.1350422060826748E-03   4   1 2  0 1  0 0  0 0
   131  -.5973691145116384E-06   4   0 3  0 1  0 0  0 0
   132  0.7942139835831018E-02   4   2 0  1 1  0 0  0 0
   133  -.3370909672883525       4   1 1  1 1  0 0  0 0
   134  0.9644250333316440E-01   4   0 2  1 1  0 0  0 0
   135  -.7373819899640307E-05   4   1 0  2 1  0 0  0 0
   136  -.5672521405603296E-04   4   0 1  2 1  0 0  0 0
   137  -.9373501580419058E-02   4   0 0  3 1  0 0  0 0
   138  -.2582346267181219       4   2 0  0 2  0 0  0 0
   139  -.6424399179357748       4   1 1  0 2  0 0  0 0
   140  -.1501164536069509       4   0 2  0 2  0 0  0 0
   141  0.4386785463920499E-04   4   1 0  1 2  0 0  0 0
   142  0.2182104138208390E-04   4   0 1  1 2  0 0  0 0
   143  -.9893748437647194E-01   4   0 0  2 2  0 0  0 0
   144  0.7812608074784543E-04   4   1 0  0 3  0 0  0 0
   145  0.5702049089834542E-04   4   0 1  0 3  0 0  0 0
   146  0.8664620795931831E-01   4   0 0  1 3  0 0  0 0
   147  0.7480347181848536E-01   4   0 0  0 4  0 0  0 0
   148  -.6479062192054980E-02   4   3 0  0 0  0 1  0 0
   149  -.1929988836860560E-01   4   2 1  0 0  0 1  0 0
   150  -.1445472639073105E-01   4   1 2  0 0  0 1  0 0
   151  -.3238272619177868E-02   4   0 3  0 0  0 1  0 0
   152  -.1949763175289747E-06   4   2 0  1 0  0 1  0 0
   153  -.1473508505528001E-04   4   1 1  1 0  0 1  0 0
   154  -.3571707828043101E-04   4   0 2  1 0  0 1  0 0
   155  -.6479015776235507E-02   4   1 0  2 0  0 1  0 0
   156  -.3660634785194581E-02   4   0 1  2 0  0 1  0 0
   157  0.2441526051585322E-06   4   0 0  3 0  0 1  0 0
   158  0.2182935611977941E-04   4   2 0  0 1  0 1  0 0
   159  -.1008316584483962E-04   4   1 1  0 1  0 1  0 0
   160  -.2090063954276990E-04   4   0 2  0 1  0 1  0 0
   161  -.1614168150655646E-01   4   1 0  1 1  0 1  0 0
   162  -.8288339761528204E-02   4   0 1  1 1  0 1  0 0
   163  0.3667749353236962E-04   4   0 0  2 1  0 1  0 0
   164  -.6992524158143303E-02   4   1 0  0 2  0 1  0 0
   165  -.3530426616781897E-02   4   0 1  0 2  0 1  0 0
   166  0.4747215528028562E-04   4   0 0  1 2  0 1  0 0
   167  0.1851609157606077E-04   4   0 0  0 3  0 1  0 0
   168  -.6470342975504866E-02   4   3 0  0 0  0 0  1 0
   169  -.1927391548841161E-01   4   2 1  0 0  0 0  1 0
   170  -.1443527390118173E-01   4   1 2  0 0  0 0  1 0
   171  -.3233914704501370E-02   4   0 3  0 0  0 0  1 0
   172  -.1947139275897751E-06   4   2 0  1 0  0 0  1 0
   173  -.1471525527225308E-04   4   1 1  1 0  0 0  1 0
   174  -.3566901191976886E-04   4   0 2  1 0  0 0  1 0
   175  -.6470296622149697E-02   4   1 0  2 0  0 0  1 0
   176  -.3655708475420505E-02   4   0 1  2 0  0 0  1 0
   177  0.2438240360890488E-06   4   0 0  3 0  0 0  1 0
   178  0.2179997920109528E-04   4   2 0  0 1  0 0  1 0
   179  -.1006959639544891E-04   4   1 1  0 1  0 0  1 0
   180  -.2087251244708654E-04   4   0 2  0 1  0 0  1 0
   181  -.1611995879231612E-01   4   1 0  1 1  0 0  1 0
   182  -.8277185704493029E-02   4   0 1  1 1  0 0  1 0
   183  0.3662813469012414E-04   4   0 0  2 1  0 0  1 0
   184  -.6983113948677920E-02   4   1 0  0 2  0 0  1 0
   185  -.3525675535024842E-02   4   0 1  0 2  0 0  1 0
   186  0.4740826949099467E-04   4   0 0  1 2  0 0  1 0
   187  0.1849117349265093E-04   4   0 0  0 3  0 0  1 0
   188  0.2590059250275209E-01   4   3 0  0 0  0 0  0 1
   189  0.3872531127475907E-01   4   2 1  0 0  0 0  0 1
   190  0.1936636089399254E-01   4   1 2  0 0  0 0  0 1
   191  0.3257592665248998E-02   4   0 3  0 0  0 0  0 1
   192  -.6828750743197700E-08   4   2 0  1 0  0 0  0 1
   193  0.5855215801794829E-04   4   1 1  1 0  0 0  0 1
   194  0.3482069752898026E-04   4   0 2  1 0  0 0  0 1
   195  0.2590059053665927E-01   4   1 0  2 0  0 0  0 1
   196  0.7366876099739609E-02   4   0 1  2 0  0 0  0 1
   197  -.5578959275220073E-08   4   0 0  3 0  0 0  0 1
   198  0.8303132447966280E-07   4   2 0  0 1  0 0  0 1
   199  0.2351753746943029E-04   4   1 1  0 1  0 0  0 1
   200  0.1039824029986151E-04   4   0 2  0 1  0 0  0 1
   201  0.3216200557128156E-01   4   1 0  1 1  0 0  0 1
   202  0.1095459058960027E-01   4   0 1  1 1  0 0  0 1
   203  -.5848330839949059E-04   4   0 0  2 1  0 0  0 1
   204  0.9211280900884595E-02   4   1 0  0 2  0 0  0 1
   205  0.3459167062242556E-02   4   0 1  0 2  0 0  0 1
   206  -.5059144306852624E-04   4   0 0  1 2  0 0  0 1
   207  -.1443716185067597E-04   4   0 0  0 3  0 0  0 1
   208  -.7158351812330768E-06   4   2 0  0 0  0 2  0 0
   209  -.1387104183504038       4   1 1  0 0  0 2  0 0
   210  -.1011272582941329       4   0 2  0 0  0 2  0 0
   211  0.2892995777153921E-06   4   1 0  1 0  0 2  0 0
   212  0.3983082678544496E-04   4   0 1  1 0  0 2  0 0
   213  0.2785929536600991E-06   4   0 0  2 0  0 2  0 0
   214  0.3984122712935490E-04   4   1 0  0 1  0 2  0 0
   215  0.5803491427202805E-04   4   0 1  0 1  0 2  0 0
   216  0.1387098507563874       4   0 0  1 1  0 2  0 0
   217  0.1011271255015854       4   0 0  0 2  0 2  0 0
   218  -.8387510619522584E-06   4   2 0  0 0  0 1  1 0
   219  -.9255669740211625E-01   4   1 1  0 0  0 1  1 0
   220  -.1011271139426065       4   0 2  0 0  0 1  1 0
   221  0.3553582707512633E-06   4   1 0  1 0  0 1  1 0
   222  0.2651997525968494E-04   4   0 1  1 0  0 1  1 0
   223  0.3408065443385601E-06   4   0 0  2 0  0 1  1 0
   224  0.2654845465959365E-04   4   1 0  0 1  0 1  1 0
   225  0.5796332693525444E-04   4   0 1  0 1  0 1  1 0
   226  0.9255597375905954E-01   4   0 0  1 1  0 1  1 0
   227  0.1011269363651184       4   0 0  0 2  0 1  1 0
   228  -.7143074681806838E-06   4   2 0  0 0  0 0  2 0
   229  -.1384614691859251       4   1 1  0 0  0 0  2 0
   230  -.1009231199438888       4   0 2  0 0  0 0  2 0
   231  0.2886711396898794E-06   4   1 0  1 0  0 0  2 0
   232  0.3975937966959049E-04   4   0 1  1 0  0 0  2 0
   233  0.2779887156990842E-06   4   0 0  2 0  0 0  2 0
   234  0.3976974685401896E-04   4   1 0  0 1  0 0  2 0
   235  0.5791781146269157E-04   4   0 1  0 1  0 0  2 0
   236  0.1384609028426722       4   0 0  1 1  0 0  2 0
   237  0.1009229874495349       4   0 0  0 2  0 0  2 0
   238  0.1145207431441300E-05   4   2 0  0 0  0 1  0 1
   239  0.1849886457149131       4   1 1  0 0  0 1  0 1
   240  0.1011272235790861       4   0 2  0 0  0 1  0 1
   241  -.4628016568144885E-06   4   1 0  1 0  0 1  0 1
   242  -.5308230335673646E-04   4   0 1  1 0  0 1  0 1
   243  -.4456734593460840E-06   4   0 0  2 0  0 1  0 1
   244  -.5309379099668097E-04   4   1 0  0 1  0 1  0 1
   245  -.5798149272383555E-04   4   0 1  0 1  0 1  0 1
   246  -.1849878676039182       4   0 0  1 1  0 1  0 1
   247  -.1011270590302171       4   0 0  0 2  0 1  0 1
   248  0.1143666265291810E-05   4   2 0  0 0  0 0  1 1
   249  0.1847396967137228       4   1 1  0 0  0 0  1 1
   250  0.1009911313275542       4   0 2  0 0  0 0  1 1
   251  -.4621788401558361E-06   4   1 0  1 0  0 0  1 1
   252  -.5301086769456127E-04   4   0 1  1 0  0 0  1 1
   253  -.4450736930158346E-06   4   0 0  2 0  0 0  1 1
   254  -.5302233987498134E-04   4   1 0  0 1  0 0  1 1
   255  -.5790346396350086E-04   4   0 1  0 1  0 0  1 1
   256  -.1847389196498729       4   0 0  1 1  0 0  1 1
   257  -.1009909670001271       4   0 0  0 2  0 0  1 1
   258  0.1304301198679840E-12   4   2 0  0 0  0 0  0 2
   259  0.1508999104953754E-12   4   1 1  0 0  0 0  0 2
   260  0.4396148873305762E-13   4   0 2  0 0  0 0  0 2
   261  -.1443732204506473E-12   4   1 0  1 0  0 0  0 2
   262  -.6822753110927354E-13   4   0 1  1 0  0 0  0 2
   263  0.1012497572812334E-12   4   0 0  2 0  0 0  0 2
   264  -.8479987382743131E-13   4   1 0  0 1  0 0  0 2
   265  -.4182763171199486E-13   4   0 1  0 1  0 0  0 2
   266  0.1199704324996953E-12   4   0 0  1 1  0 0  0 2
   267  0.3550741627795601E-13   4   0 0  0 2  0 0  0 2
   268  -.8165656061112326E-05   4   1 0  0 0  0 3  0 0
   269  -.4518824998151921E-05   4   0 1  0 0  0 3  0 0
   270  -.2372907916862564E-05   4   0 0  1 0  0 3  0 0
   271  0.7104534923618905E-06   4   0 0  0 1  0 3  0 0
   272  -.4900768690371951E-05   4   1 0  0 0  0 2  1 0
   273  -.4781987866975550E-05   4   0 1  0 0  0 2  1 0
   274  -.1424128750620404E-05   4   0 0  1 0  0 2  1 0
   275  -.1751273606685956E-06   4   0 0  0 1  0 2  1 0
   276  -.4907337105076804E-05   4   1 0  0 0  0 1  2 0
   277  -.4781444363120804E-05   4   0 1  0 0  0 1  2 0
   278  -.1426037537862961E-05   4   0 0  1 0  0 1  2 0
   279  -.1733416312046823E-06   4   0 0  0 1  0 1  2 0
   280  -.8145879464424516E-05   4   1 0  0 0  0 0  3 0
   281  -.4506489814616357E-05   4   0 1  0 0  0 0  3 0
   282  -.2367160925192681E-05   4   0 0  1 0  0 0  3 0
   283  0.7091370314793154E-06   4   0 0  0 1  0 0  3 0
   284  0.9799229106428470E-05   4   1 0  0 0  0 2  0 1
   285  0.4387165595754838E-05   4   0 1  0 0  0 2  0 1
   286  0.2847617227841974E-05   4   0 0  1 0  0 2  0 1
   287  -.1153544799880924E-05   4   0 0  0 1  0 2  0 1
   288  0.6538733363100327E-05   4   1 0  0 0  0 1  1 1
   289  0.4649970457814868E-05   4   0 1  0 0  0 1  1 1
   290  0.1900116451415692E-05   4   0 0  1 0  0 1  1 1
   291  -.2691549284695422E-06   4   0 0  0 1  0 1  1 1
   292  0.9781642006117910E-05   4   1 0  0 0  0 0  2 1
   293  0.4378132699507704E-05   4   0 1  0 0  0 0  2 1
   294  0.2842506495190038E-05   4   0 0  1 0  0 0  2 1
   295  -.1151811305645789E-05   4   0 0  0 1  0 0  2 1
   296  -.3659547344941962E-09   4   0 0  0 0  0 4  0 0
   297  -.3898575461184193E-09   4   0 0  0 0  0 3  1 0
   298  -.5357412928105028E-09   4   0 0  0 0  0 2  2 0
   299  -.3895952099306110E-09   4   0 0  0 0  0 1  3 0
   300  -.3647083673347721E-09   4   0 0  0 0  0 0  4 0
   301  0.5531774663526588E-10   4   0 0  0 0  0 3  0 1
   302  0.6274786371342962E-09   4   0 0  0 0  0 2  1 1
   303  0.6263235059582485E-09   4   0 0  0 0  0 1  2 1
   304  0.5478443376737468E-10   4   0 0  0 0  0 0  3 1
   ----------------------------------------------------
     I  COEFFICIENT            ORDER EXPONENTS
     1  -.2177703935604266E-04   0   0 0  0 0  0 0  0 0
     2  -.5169745780042288E-05   1   1 0  0 0  0 0  0 0
     3  -.2679718880983645E-05   1   0 1  0 0  0 0  0 0
     4   1.000003111897920       1   0 0  1 0  0 0  0 0
     5  0.7950319470091249       1   0 0  0 1  0 0  0 0
     6  0.6098141034571514E-10   1   0 0  0 0  0 1  0 0
     7  0.6089934444558039E-10   1   0 0  0 0  0 0  1 0
     8  -.1218807816083608E-09   1   0 0  0 0  0 0  0 1
     9  0.2660534425390293E-04   2   2 0  0 0  0 0  0 0
    10  0.2640697489327425E-04   2   1 1  0 0  0 0  0 0
    11  0.6759282587351027E-05   2   0 2  0 0  0 0  0 0
    12  0.1849142861643801       2   1 0  1 0  0 0  0 0
    13  0.9182592340798329E-01   2   0 1  1 0  0 0  0 0
    14  -.2682034655044944E-04   2   0 0  2 0  0 0  0 0
    15  0.9182594285355816E-01   2   1 0  0 1  0 0  0 0
    16  0.4702965518210098E-01   2   0 1  0 1  0 0  0 0
    17  -.2660408056854367E-04   2   0 0  1 1  0 0  0 0
    18  -.6795852559362463E-05   2   0 0  0 2  0 0  0 0
    19  0.2598684045613246E-05   2   1 0  0 0  0 1  0 0
    20  0.2691118746021854E-05   2   0 1  0 0  0 1  0 0
    21  -.1556998109911148E-05   2   0 0  1 0  0 1  0 0
    22  -.3977846120023213       2   0 0  0 1  0 1  0 0
    23  0.2595186859096386E-05   2   1 0  0 0  0 0  1 0
    24  0.2687497165241481E-05   2   0 1  0 0  0 0  1 0
    25  -.1554902775233551E-05   2   0 0  1 0  0 0  1 0
    26  -.3972492922184280       2   0 0  0 1  0 0  1 0
    27  -.5193871844253001E-05   2   1 0  0 0  0 0  0 1
    28  -.2698897996914073E-05   2   0 1  0 0  0 0  0 1
    29  0.3111902135095305E-05   2   0 0  1 0  0 0  0 1
    30  0.1957212616609585E-05   2   0 0  0 1  0 0  0 1
    31  -.4388739726530778E-10   2   0 0  0 0  0 2  0 0
    32  -.2830590819534199E-10   2   0 0  0 0  0 1  1 0
    33  -.4380928938965268E-10   2   0 0  0 0  0 0  2 0
    34  0.6098128200906990E-10   2   0 0  0 0  0 1  0 1
    35  0.6089921627368862E-10   2   0 0  0 0  0 0  1 1
    36  -.1461581624514689E-04   3   3 0  0 0  0 0  0 0
    37  -.1691283482263161E-04   3   2 1  0 0  0 0  0 0
    38  -.1092201158570436E-04   3   1 2  0 0  0 0  0 0
    39  -.4449094505597390E-05   3   0 3  0 0  0 0  0 0
    40  0.2204763889261539E-02   3   2 0  1 0  0 0  0 0
    41  0.2658100909640912E-02   3   1 1  1 0  0 0  0 0
    42  0.7414687789300508E-03   3   0 2  1 0  0 0  0 0
    43  0.4389306429146357E-04   3   1 0  2 0  0 0  0 0
    44  -.4515852098683992E-05   3   0 1  2 0  0 0  0 0
    45  0.2406012560433458E-02   3   0 0  3 0  0 0  0 0
    46  0.6519887977398576E-03   3   2 0  0 1  0 0  0 0
    47  0.9228190639491592E-03   3   1 1  0 1  0 0  0 0
    48  0.3977982294554754       3   0 2  0 1  0 0  0 0
    49  0.1254348690820422E-04   3   1 0  1 1  0 0  0 0
    50  -.1890388149612301E-04   3   0 1  1 1  0 0  0 0
    51  0.3452323261534385E-02   3   0 0  2 1  0 0  0 0
    52  -.1126548644627656E-04   3   1 0  0 2  0 0  0 0
    53  -.1352834715714570E-04   3   0 1  0 2  0 0  0 0
    54  0.1664113982812471E-02   3   0 0  1 2  0 0  0 0
    55  0.3977872138279033       3   0 0  0 3  0 0  0 0
    56  -.1329986596983545E-04   3   2 0  0 0  0 1  0 0
    57  -.2640990517865634E-04   3   1 1  0 0  0 1  0 0
    58  -.1014271284360288E-04   3   0 2  0 0  0 1  0 0
    59  -.9251947603393795E-01   3   1 0  1 0  0 1  0 0
    60  -.9188777745447139E-01   3   0 1  1 0  0 1  0 0
    61  0.1351066587930202E-04   3   0 0  2 0  0 1  0 0
    62  -.9188780168239002E-01   3   1 0  0 1  0 1  0 0
    63  -.7059198798328309E-01   3   0 1  0 1  0 1  0 0
    64  0.2672360933432411E-04   3   0 0  1 1  0 1  0 0
    65  0.1023239495316458E-04   3   0 0  0 2  0 1  0 0
    66  -.1328196763701424E-04   3   2 0  0 0  0 0  1 0
    67  -.2637436397292258E-04   3   1 1  0 0  0 0  1 0
    68  -.1012906325866735E-04   3   0 2  0 0  0 0  1 0
    69  -.9239496768338366E-01   3   1 0  1 0  0 0  1 0
    70  -.9176411921409403E-01   3   0 1  1 0  0 0  1 0
    71  0.1349248386189735E-04   3   0 0  2 0  0 0  1 0
    72  -.9176414340940788E-01   3   1 0  0 1  0 0  1 0
    73  -.7049698861274017E-01   3   0 1  0 1  0 0  1 0
    74  0.2668764596032208E-04   3   0 0  1 1  0 0  1 0
    75  0.1021862467827268E-04   3   0 0  0 2  0 0  1 0
    76  0.2658081124532862E-04   3   2 0  0 0  0 0  0 1
    77  0.2637040107984285E-04   3   1 1  0 0  0 0  0 1
    78  0.6748518726692171E-05   3   0 2  0 0  0 0  0 1
    79  0.1849144659212552       3   1 0  1 0  0 0  0 1
    80  0.9182599454618806E-01   3   0 1  1 0  0 0  0 1
    81  -.2700757957602837E-04   3   0 0  2 0  0 0  0 1
    82  0.9182601884972066E-01   3   1 0  0 1  0 0  0 1
    83  0.4702968240265745E-01   3   0 1  0 1  0 0  0 1
    84  -.2681364021471458E-04   3   0 0  1 1  0 0  0 1
    85  -.6862317223614814E-05   3   0 0  0 2  0 0  0 1
    86  -.1948571518126928E-05   3   1 0  0 0  0 2  0 0
    87  -.2681747343042464E-05   3   0 1  0 0  0 2  0 0
    88  0.1167484471771368E-05   3   0 0  1 0  0 2  0 0
    89  0.2982721437889429       3   0 0  0 1  0 2  0 0
    90  -.1300210294069012E-05   3   1 0  0 0  0 1  1 0
    91  -.2681789236872260E-05   3   0 1  0 0  0 1  1 0
    92  0.7790206855191964E-06   3   0 0  1 0  0 1  1 0
    93  0.1990268137864387       3   0 0  0 1  0 1  1 0
    94  -.1945074341604746E-05   3   1 0  0 0  0 0  2 0
    95  -.2676333861150049E-05   3   0 1  0 0  0 0  2 0
    96  0.1165389141482785E-05   3   0 0  1 0  0 0  2 0
    97  0.2977368227418187       3   0 0  0 1  0 0  2 0
    98  0.2598677123092252E-05   3   1 0  0 0  0 1  0 1
    99  0.2700711640779941E-05   3   0 1  0 0  0 1  0 1
   100  -.1556994786831707E-05   3   0 0  1 0  0 1  0 1
   101  -.1958527537965915E-05   3   0 0  0 1  0 1  0 1
   102  0.2595179945891395E-05   3   1 0  0 0  0 0  1 1
   103  0.2697077150333899E-05   3   0 1  0 0  0 0  1 1
   104  -.1554899456626153E-05   3   0 0  1 0  0 0  1 1
   105  -.1955891843907495E-05   3   0 0  0 1  0 0  1 1
   106  -.9786176724169057E-10   3   0 0  0 0  0 3  0 0
   107  -.1164916701045994E-09   3   0 0  0 0  0 2  1 0
   108  -.1164537947372331E-09   3   0 0  0 0  0 1  2 0
   109  -.9758594162899943E-10   3   0 0  0 0  0 0  3 0
   110  0.8780408804004382E-10   3   0 0  0 0  0 2  0 1
   111  0.1047035880745865E-09   3   0 0  0 0  0 1  1 1
   112  0.8761547281051292E-10   3   0 0  0 0  0 0  2 1
   113  -.5531778716446064E-06   4   4 0  0 0  0 0  0 0
   114  0.4963662724888844E-04   4   3 1  0 0  0 0  0 0
   115  0.8643419246667248E-04   4   2 2  0 0  0 0  0 0
   116  0.6358159969025759E-04   4   1 3  0 0  0 0  0 0
   117  0.2484111509601727E-04   4   0 4  0 0  0 0  0 0
   118  0.1063058225255228E-02   4   3 0  1 0  0 0  0 0
   119  0.1744372266762163       4   2 1  1 0  0 0  0 0
   120  0.3222774556101065       4   1 2  1 0  0 0  0 0
   121  0.1648095767378815       4   0 3  1 0  0 0  0 0
   122  0.4894532829054656E-05   4   2 0  2 0  0 0  0 0
   123  0.5185904282067548E-04   4   1 1  2 0  0 0  0 0
   124  -.7214147980626206E-05   4   0 2  2 0  0 0  0 0
   125  0.5363614830400045E-03   4   1 0  3 0  0 0  0 0
   126  0.1745494982863401       4   0 1  3 0  0 0  0 0
   127  0.3008603657763673E-06   4   0 0  4 0  0 0  0 0
   128  0.1744621519482075       4   3 0  0 1  0 0  0 0
   129  0.2299200073183130       4   2 1  0 1  0 0  0 0
   130  0.2283007429393092       4   1 2  0 1  0 0  0 0
   131  0.1033427463877744       4   0 3  0 1  0 0  0 0
   132  -.5071194105684186E-04   4   2 0  1 1  0 0  0 0
   133  0.2226829477389159E-04   4   1 1  1 1  0 0  0 0
   134  -.2077715533631364E-04   4   0 2  1 1  0 0  0 0
   135  0.1747166093673057       4   1 0  2 1  0 0  0 0
   136  0.3234361681931294       4   0 1  2 1  0 0  0 0
   137  -.5110447450607463E-04   4   0 0  3 1  0 0  0 0
   138  0.1837093528218501E-04   4   2 0  0 2  0 0  0 0
   139  0.5533357448095507E-04   4   1 1  0 2  0 0  0 0
   140  0.5808738467676422E-04   4   0 2  0 2  0 0  0 0
   141  0.4158036842805020       4   1 0  1 2  0 0  0 0
   142  0.3672135647994870       4   0 1  1 2  0 0  0 0
   143  -.1017960060359730E-03   4   0 0  2 2  0 0  0 0
   144  0.2111157680277148       4   1 0  0 3  0 0  0 0
   145  0.1507027167325989       4   0 1  0 3  0 0  0 0
   146  -.7795167686172581E-04   4   0 0  1 3  0 0  0 0
   147  0.2056605094572732E-04   4   0 0  0 4  0 0  0 0
   148  -.7299147053326023E-05   4   3 0  0 0  0 1  0 0
   149  -.4880671361468541E-05   4   2 1  0 0  0 1  0 0
   150  -.1774216515474723E-05   4   1 2  0 0  0 1  0 0
   151  0.2496292560475846E-05   4   0 3  0 0  0 1  0 0
   152  -.2231736754852135E-02   4   2 0  1 0  0 1  0 0
   153  -.3878251132750724E-02   4   1 1  1 0  0 1  0 0
   154  -.1401503964373029E-02   4   0 2  1 0  0 1  0 0
   155  -.3657530536489027E-04   4   1 0  2 0  0 1  0 0
   156  -.1442981736364290E-04   4   0 1  2 0  0 1  0 0
   157  -.2332267606340470E-02   4   0 0  3 0  0 1  0 0
   158  -.9748101627525581E-03   4   2 0  0 1  0 1  0 0
   159  -.1758840379740188E-02   4   1 1  0 1  0 1  0 0
   160  -.5973236004035627       4   0 2  0 1  0 1  0 0
   161  -.6714209992301196E-04   4   1 0  1 1  0 1  0 0
   162  -.1122530077374771E-04   4   0 1  1 1  0 1  0 0
   163  -.5092328398000378E-02   4   0 0  2 1  0 1  0 0
   164  -.1522595751596466E-04   4   1 0  0 2  0 1  0 0
   165  0.6355281222200616E-05   4   0 1  0 2  0 1  0 0
   166  -.3285857365350600E-02   4   0 0  1 2  0 1  0 0
   167  -.5973437253599007       4   0 0  0 3  0 1  0 0
   168  -.7289324205218549E-05   4   3 0  0 0  0 0  1 0
   169  -.4874103183968364E-05   4   2 1  0 0  0 0  1 0
   170  -.1771828858504150E-05   4   1 2  0 0  0 0  1 0
   171  0.2492933167594077E-05   4   0 3  0 0  0 0  1 0
   172  -.2228733388705807E-02   4   2 0  1 0  0 0  1 0
   173  -.3873031965152041E-02   4   1 1  1 0  0 0  1 0
   174  -.1399617886388375E-02   4   0 2  1 0  0 0  1 0
   175  -.3652608404266460E-04   4   1 0  2 0  0 0  1 0
   176  -.1441039839548860E-04   4   0 1  2 0  0 0  1 0
   177  -.2329128950511961E-02   4   0 0  3 0  0 0  1 0
   178  -.9734983091771255E-03   4   2 0  0 1  0 0  1 0
   179  -.1756473415248673E-02   4   1 1  0 1  0 0  1 0
   180  -.5965197504530264       4   0 2  0 1  0 0  1 0
   181  -.6705174324923317E-04   4   1 0  1 1  0 0  1 0
   182  -.1121019429299648E-04   4   0 1  1 1  0 0  1 0
   183  -.5085475382435784E-02   4   0 0  2 1  0 0  1 0
   184  -.1520546713991419E-04   4   1 0  0 2  0 0  1 0
   185  0.6346728584245978E-05   4   0 1  0 2  0 0  1 0
   186  -.3281435413365710E-02   4   0 0  1 2  0 0  1 0
   187  -.5965398483261460       4   0 0  0 3  0 0  1 0
   188  -.2953187246152591E-07   4   3 0  0 0  0 0  0 1
   189  0.3911546891548048E-05   4   2 1  0 0  0 0  0 1
   190  0.3460887624905973E-05   4   1 2  0 0  0 0  0 1
   191  -.2726081473012048E-06   4   0 3  0 0  0 0  0 1
   192  0.4510744931873620E-02   4   2 0  1 0  0 0  0 1
   193  0.5273077627088544E-02   4   1 1  1 0  0 0  0 1
   194  0.1424941922246436E-02   4   0 2  1 0  0 0  0 1
   195  0.5849555421743505E-04   4   1 0  2 0  0 0  0 1
   196  0.1156661090110296E-04   4   0 1  2 0  0 0  0 1
   197  0.4711626731590637E-02   4   0 0  3 0  0 0  0 1
   198  0.1316664128996902E-02   4   2 0  0 1  0 0  0 1
   199  0.1781035643300461E-02   4   1 1  0 1  0 0  0 1
   200  0.5219222447969058E-03   4   0 2  0 1  0 0  0 1
   201  0.5379950857820919E-04   4   1 0  1 1  0 0  0 1
   202  0.8053897396060940E-05   4   0 1  1 1  0 0  0 1
   203  0.6802632897258598E-02   4   0 0  2 1  0 0  0 1
   204  0.9963332538153819E-05   4   1 0  0 2  0 0  0 1
   205  -.1386571166234426E-05   4   0 1  0 2  0 0  0 1
   206  0.3290081094460113E-02   4   0 0  1 2  0 0  0 1
   207  0.5366199774653763E-03   4   0 0  0 3  0 0  0 1
   208  0.9965127603486290E-05   4   2 0  0 0  0 2  0 0
   209  0.2641663679169031E-04   4   1 1  0 0  0 2  0 0
   210  0.3312102085101420E-04   4   0 2  0 0  0 2  0 0
   211  0.6937389030457597E-01   4   1 0  1 0  0 2  0 0
   212  0.9188774774788500E-01   4   0 1  1 0  0 2  0 0
   213  -.1005205636596095E-04   4   0 0  2 0  0 2  0 0
   214  0.9188775904969136E-01   4   1 0  0 1  0 2  0 0
   215  0.8811135942398790E-01   4   0 1  0 1  0 2  0 0
   216  -.2665440436357154E-04   4   0 0  1 1  0 2  0 0
   217  0.4853089469530560E-04   4   0 0  0 2  0 2  0 0
   218  0.6634134276315366E-05   4   2 0  0 0  0 1  1 0
   219  0.2639711305257900E-04   4   1 1  0 0  0 1  1 0
   220  0.3972336232276342E-04   4   0 2  0 0  0 1  1 0
   221  0.4629065806529548E-01   4   1 0  1 0  0 1  1 0
   222  0.9188764965464197E-01   4   0 1  1 0  0 1  1 0
   223  -.6741859571759536E-05   4   0 0  2 0  0 1  1 0
   224  0.9188766067314907E-01   4   1 0  0 1  0 1  1 0
   225  0.1056955853785669       4   0 1  0 1  0 1  1 0
   226  -.2673427287043700E-04   4   0 0  1 1  0 1  1 0
   227  0.5818557733686504E-04   4   0 0  0 2  0 1  1 0
   228  0.9947253051832306E-05   4   2 0  0 0  0 0  2 0
   229  0.2636332453155246E-04   4   1 1  0 0  0 0  2 0
   230  0.3304971922763898E-04   4   0 2  0 0  0 0  2 0
   231  0.6924938229947195E-01   4   1 0  1 0  0 0  2 0
   232  0.9170226051329065E-01   4   0 1  1 0  0 0  2 0
   233  -.1003399234386259E-04   4   0 0  2 0  0 0  2 0
   234  0.9170227179247331E-01   4   1 0  0 1  0 0  2 0
   235  0.8792166324024975E-01   4   0 1  0 1  0 0  2 0
   236  -.2660054526013804E-04   4   0 0  1 1  0 0  2 0
   237  0.4842643240046867E-04   4   0 0  0 2  0 0  2 0
   238  -.1328476905864892E-04   4   2 0  0 0  0 1  0 1
   239  -.2640104612838901E-04   4   1 1  0 0  0 1  0 1
   240  -.1013867485701043E-04   4   0 2  0 0  0 1  0 1
   241  -.9251922840043830E-01   4   1 0  1 0  0 1  0 1
   242  -.9188770775083890E-01   4   0 1  1 0  0 1  0 1
   243  0.1342402352439901E-04   4   0 0  2 0  0 1  0 1
   244  -.9188771805007157E-01   4   1 0  0 1  0 1  0 1
   245  -.7059196159970388E-01   4   0 1  0 1  0 1  0 1
   246  0.2671761272935231E-04   4   0 0  1 1  0 1  0 1
   247  0.1026445179824065E-04   4   0 0  0 2  0 1  0 1
   248  -.1326689104253932E-04   4   2 0  0 0  0 0  1 1
   249  -.2636551684474762E-04   4   1 1  0 0  0 0  1 1
   250  -.1012503070620702E-04   4   0 2  0 0  0 0  1 1
   251  -.9239472038313751E-01   4   1 0  1 0  0 0  1 1
   252  -.9176404960426542E-01   4   0 1  1 0  0 0  1 1
   253  0.1340595810619223E-04   4   0 0  2 0  0 0  1 1
   254  -.9176405988963789E-01   4   1 0  0 1  0 0  1 1
   255  -.7049696226466678E-01   4   0 1  0 1  0 0  1 1
   256  0.2668165742529861E-04   4   0 0  1 1  0 0  1 1
   257  0.1025063838275741E-04   4   0 0  0 2  0 0  1 1
   258  -.1423006263764448E-13   4   2 0  0 0  0 0  0 2
   259  -.1272616642997745E-13   4   1 1  0 0  0 0  0 2
   260  -.2687956939087284E-14   4   0 2  0 0  0 0  0 2
   261  -.1920790623726474E-13   4   1 0  1 0  0 0  0 2
   262  -.8220812313286610E-14   4   0 1  1 0  0 0  0 2
   263  0.1850065721968888E-13   4   0 0  2 0  0 0  0 2
   264  -.2227251232924083E-14   4   1 0  0 1  0 0  0 2
   265  0.1359834810413695E-13   4   0 0  1 1  0 0  0 2
   266  0.1518589668628016E-14   4   0 0  0 2  0 0  0 2
   267  0.2657454828802180E-06   4   1 0  0 0  0 3  0 0
   268  0.1623628621329509E-05   4   0 1  0 0  0 3  0 0
   269  0.1436895028457618E-05   4   0 0  1 0  0 3  0 0
   270  -.2485472462761050       4   0 0  0 1  0 3  0 0
   271  -.2858878288703820E-07   4   1 0  0 0  0 2  1 0
   272  0.1770602706765027E-05   4   0 1  0 0  0 2  1 0
   273  0.1509588459430407E-05   4   0 0  1 0  0 2  1 0
   274  -.1491686326360867       4   0 0  0 1  0 2  1 0
   275  -.2799535292839058E-07   4   1 0  0 0  0 1  2 0
   276  0.1770301609859600E-05   4   0 1  0 0  0 1  2 0
   277  0.1509437814932089E-05   4   0 0  1 0  0 1  2 0
   278  -.1493685660205835       4   0 0  0 1  0 1  2 0
   279  0.2652282525157697E-06   4   1 0  0 0  0 0  3 0
   280  0.1619161325477518E-05   4   0 1  0 0  0 0  3 0
   281  0.1432980072287681E-05   4   0 0  1 0  0 0  3 0
   282  -.2479452848414909       4   0 0  0 1  0 0  3 0
   283  -.4130122806370178E-06   4   1 0  0 0  0 2  0 1
   284  -.1564351520924943E-05   4   0 1  0 0  0 2  0 1
   285  -.1400523147143386E-05   4   0 0  1 0  0 2  0 1
   286  -.5003158573395374E-07   4   0 0  0 1  0 2  0 1
   287  -.1190740494968218E-06   4   1 0  0 0  0 1  1 1
   288  -.1713807475058421E-05   4   0 1  0 0  0 1  1 1
   289  -.1473116591759628E-05   4   0 0  1 0  0 1  1 1
   290  -.1925176613209819E-07   4   0 0  0 1  0 1  1 1
   291  -.4123763461505503E-06   4   1 0  0 0  0 0  2 1
   292  -.1561093109687724E-05   4   0 1  0 0  0 0  2 1
   293  -.1397647163681770E-05   4   0 0  1 0  0 0  2 1
   294  -.4995130156750673E-07   4   0 0  0 1  0 0  2 1
   295  0.5958253234228342E-05   4   0 0  0 0  0 4  0 0
   296  0.3405184371726832E-05   4   0 0  0 0  0 3  1 0
   297  0.3065763425672946E-05   4   0 0  0 0  0 2  2 0
   298  0.3412488083065333E-05   4   0 0  0 0  0 1  3 0
   299  0.5939935168297295E-05   4   0 0  0 0  0 0  4 0
   300  -.2251677016611413E-10   4   0 0  0 0  0 3  0 1
   301  0.3861425967594341E-10   4   0 0  0 0  0 2  1 1
   302  0.3849091998666870E-10   4   0 0  0 0  0 1  2 1
   303  -.2249726483513146E-10   4   0 0  0 0  0 0  3 1
   ----------------------------------------------------
     I  COEFFICIENT            ORDER EXPONENTS
     1  0.2692855424416029E-07   0   0 0  0 0  0 0  0 0
     2  -.2154447106835880E-04   1   1 0  0 0  0 0  0 0
     3  -.1191050598715296E-04   1   0 1  0 0  0 0  0 0
     4  0.1844825054350899E-04   1   0 0  1 0  0 0  0 0
     5   1.000011555010828       1   0 0  0 1  0 0  0 0
     6  0.1383286708793541E-07   1   0 0  0 0  0 1  0 0
     7  0.1381425146733116E-07   1   0 0  0 0  0 0  1 0
     8  -.7185644750288109E-09   1   0 0  0 0  0 0  0 1
     9  0.1003272271498493E-03   2   2 0  0 0  0 0  0 0
    10  0.1062393536589880E-03   2   1 1  0 0  0 0  0 0
    11  0.2900791777033020E-04   2   0 2  0 0  0 0  0 0
    12  0.6976369281251755       2   1 0  1 0  0 0  0 0
    13  0.3697277314981210       2   0 1  1 0  0 0  0 0
    14  -.1015664159852578E-03   2   0 0  2 0  0 0  0 0
    15  0.3697277659651345       2   1 0  0 1  0 0  0 0
    16  0.2021186124547119       2   0 1  0 1  0 0  0 0
    17  -.1075899205546853E-03   2   0 0  1 1  0 0  0 0
    18  -.2939925054998572E-04   2   0 0  0 2  0 0  0 0
    19  0.1648883752462935E-10   2   1 0  0 0  0 1  0 0
    20  0.5971338236883834E-05   2   0 1  0 0  0 1  0 0
    21  -.1536774078275715E-10   2   0 0  1 0  0 1  0 0
    22  -.5781403592472562E-05   2   0 0  0 1  0 1  0 0
    23  0.1646664761943887E-10   2   1 0  0 0  0 0  1 0
    24  0.5963302291304026E-05   2   0 1  0 0  0 0  1 0
    25  -.1534705958584011E-10   2   0 0  1 0  0 0  1 0
    26  -.5773623252110809E-05   2   0 0  0 1  0 0  1 0
    27  -.2154450470990445E-04   2   1 0  0 0  0 0  0 1
    28  -.1193464250219232E-04   2   0 1  0 0  0 0  0 1
    29  0.1844828339127528E-04   2   0 0  1 0  0 0  0 1
    30  0.1155502865291466E-04   2   0 0  0 1  0 0  0 1
    31  -.3451236537935678E-08   2   0 0  0 0  0 2  0 0
    32  0.6902475801435341E-08   2   0 0  0 0  0 1  1 0
    33  -.3451236540374866E-08   2   0 0  0 0  0 0  2 0
    34  -.1049617476215948E-14   2   0 0  0 0  0 1  0 1
    35  -.1048204947298188E-14   2   0 0  0 0  0 0  1 1
    36  0.3887395822739379E-06   3   3 0  0 0  0 0  0 0
    37  0.4483348929271584E-04   3   2 1  0 0  0 0  0 0
    38  0.4181908493649705E-04   3   1 2  0 0  0 0  0 0
    39  0.3918537519082948E-05   3   0 3  0 0  0 0  0 0
    40  0.1294730896709202E-01   3   2 0  1 0  0 0  0 0
    41  0.1617728326244069E-01   3   1 1  1 0  0 0  0 0
    42  0.4655618632283676E-02   3   0 2  1 0  0 0  0 0
    43  0.2762523809522076E-06   3   1 0  2 0  0 0  0 0
    44  -.4370253037288806E-04   3   0 1  2 0  0 0  0 0
    45  0.1295013952904236E-01   3   0 0  3 0  0 0  0 0
    46  0.3781905854086572E-02   3   2 0  0 1  0 0  0 0
    47  0.5638267656916645E-02   3   1 1  0 1  0 0  0 0
    48  0.1795637825119905E-02   3   0 2  0 1  0 0  0 0
    49  -.8729049532231462E-04   3   1 0  1 1  0 0  0 0
    50  -.6042505375786800E-04   3   0 1  1 1  0 0  0 0
    51  0.1936237017013971E-01   3   0 0  2 1  0 0  0 0
    52  -.4094928906478156E-04   3   1 0  0 2  0 0  0 0
    53  -.2312007410912443E-04   3   0 1  0 2  0 0  0 0
    54  0.9658807716325178E-02   3   0 0  1 2  0 0  0 0
    55  0.1621780635537876E-02   3   0 0  0 3  0 0  0 0
    56  0.6906902737264361E-07   3   2 0  0 0  0 1  0 0
    57  -.5303978651247667E-04   3   1 1  0 0  0 1  0 0
    58  -.2900019853680521E-04   3   0 2  0 0  0 1  0 0
    59  -.6398808724853063E-06   3   1 0  1 0  0 1  0 0
    60  -.1849886056230531       3   0 1  1 0  0 1  0 0
    61  0.5679666225807799E-06   3   0 0  2 0  0 1  0 0
    62  -.1849886574017291       3   1 0  0 1  0 1  0 0
    63  -.2022548273256686       3   0 1  0 1  0 1  0 0
    64  0.5441494321566541E-04   3   0 0  1 1  0 1  0 0
    65  0.2956342778588372E-04   3   0 0  0 2  0 1  0 0
    66  0.6897607753074392E-07   3   2 0  0 0  0 0  1 0
    67  -.5296840806746671E-04   3   1 1  0 0  0 0  1 0
    68  -.2896117143634631E-04   3   0 2  0 0  0 0  1 0
    69  -.6390197510276742E-06   3   1 0  1 0  0 0  1 0
    70  -.1847396566758164       3   0 1  1 0  0 0  1 0
    71  0.5672022798674404E-06   3   0 0  2 0  0 0  1 0
    72  -.1847397083848113       3   1 0  0 1  0 0  1 0
    73  -.2019826423109932       3   0 1  0 1  0 0  1 0
    74  0.5434171414957316E-04   3   0 0  1 1  0 0  1 0
    75  0.2952364271804554E-04   3   0 0  0 2  0 0  1 0
    76  0.1001934666572686E-03   3   2 0  0 0  0 0  0 1
    77  0.1060071990272700E-03   3   1 1  0 0  0 0  0 1
    78  0.2894621239352150E-04   3   0 2  0 0  0 0  0 1
    79  0.6976382199753288       3   1 0  1 0  0 0  0 1
    80  0.3697282967908913       3   0 1  1 0  0 0  0 1
    81  -.1026889553419595E-03   3   0 0  2 0  0 0  0 1
    82  0.3697283761179499       3   1 0  0 1  0 0  0 1
    83  0.2021188851550583       3   0 1  0 1  0 0  0 1
    84  -.1087299021354482E-03   3   0 0  1 1  0 0  0 1
    85  -.2967774540968968E-04   3   0 0  0 2  0 0  0 1
    86  0.2943902115701245E-10   3   1 0  0 0  0 2  0 0
    87  -.4477482295692701E-05   3   0 1  0 0  0 2  0 0
    88  -.2788100625479980E-10   3   0 0  1 0  0 2  0 0
    89  0.4335060073431199E-05   3   0 0  0 1  0 2  0 0
    90  0.3570340714940003E-10   3   1 0  0 0  0 1  1 0
    91  -.2987656796125015E-05   3   0 1  0 0  0 1  1 0
    92  -.3571870973742454E-10   3   0 0  1 0  0 1  1 0
    93  0.2892621086367587E-05   3   0 0  0 1  0 1  1 0
    94  0.2937533425289589E-10   3   1 0  0 0  0 0  2 0
    95  -.4469446387205397E-05   3   0 1  0 0  0 0  2 0
    96  -.2781944146254006E-10   3   0 0  1 0  0 0  2 0
    97  0.4327279777423241E-05   3   0 0  0 1  0 0  2 0
    98  -.4510759077537817E-10   3   1 0  0 0  0 1  0 1
    99  0.5971314040581734E-05   3   0 1  0 0  0 1  0 1
   100  0.3716699827661860E-10   3   0 0  1 0  0 1  0 1
   101  -.5781378423001988E-05   3   0 0  0 1  0 1  0 1
   102  -.4504688711241858E-10   3   1 0  0 0  0 0  1 1
   103  0.5963278127564207E-05   3   0 1  0 0  0 0  1 1
   104  0.3711698070233177E-10   3   0 0  1 0  0 0  1 1
   105  -.5773598116387268E-05   3   0 0  0 1  0 0  1 1
   106  0.1156112618106102E-08   3   0 0  0 0  0 3  0 0
   107  -.2244914348229020E-08   3   0 0  0 0  0 2  1 0
   108  -.2238052056908655E-08   3   0 0  0 0  0 1  2 0
   109  0.1155287374114451E-08   3   0 0  0 0  0 0  3 0
   110  0.5981150002506806E-09   3   0 0  0 0  0 2  0 1
   111  0.5433298750304807E-09   3   0 0  0 0  0 1  1 1
   112  0.5969444910408051E-09   3   0 0  0 0  0 0  2 1
   113  -.5749839142107280E-05   4   4 0  0 0  0 0  0 0
   114  -.1460406570955430E-04   4   3 1  0 0  0 0  0 0
   115  -.3887136182951740E-04   4   2 2  0 0  0 0  0 0
   116  0.2091353024323975E-04   4   1 3  0 0  0 0  0 0
   117  0.2092374241042361E-04   4   0 4  0 0  0 0  0 0
   118  -.5860120151299909E-02   4   3 0  1 0  0 0  0 0
   119  -.1806100392143506E-01   4   2 1  1 0  0 0  0 0
   120  0.1592829045349672       4   1 2  1 0  0 0  0 0
   121  0.2735417794178372       4   0 3  1 0  0 0  0 0
   122  -.9042809741259598E-05   4   2 0  2 0  0 0  0 0
   123  -.1178859700694661E-04   4   1 1  2 0  0 0  0 0
   124  -.7867923547225640E-04   4   0 2  2 0  0 0  0 0
   125  -.5191307578037379E-03   4   1 0  3 0  0 0  0 0
   126  -.7602787356322789E-03   4   0 1  3 0  0 0  0 0
   127  -.4831324195727137E-05   4   0 0  4 0  0 0  0 0
   128  -.5593301406330941E-02   4   3 0  0 1  0 0  0 0
   129  -.1886387683104404       4   2 1  0 1  0 0  0 0
   130  0.8174157198956920E-01   4   1 2  0 1  0 0  0 0
   131  0.1996449288805095       4   0 3  0 1  0 0  0 0
   132  -.1107158893445734E-04   4   2 0  1 1  0 0  0 0
   133  -.1144596810877947E-03   4   1 1  1 1  0 0  0 0
   134  -.1907221016976757E-03   4   0 2  1 1  0 0  0 0
   135  -.3547019982994034E-02   4   1 0  2 1  0 0  0 0
   136  -.5257930944690224       4   0 1  2 1  0 0  0 0
   137  -.1382956647042650E-04   4   0 0  3 1  0 0  0 0
   138  0.2222250232761275E-04   4   2 0  0 2  0 0  0 0
   139  0.2289393038510879E-04   4   1 1  0 2  0 0  0 0
   140  -.4497511613401857E-04   4   0 2  0 2  0 0  0 0
   141  -.1778641377083623       4   1 0  1 2  0 0  0 0
   142  -.4642913793456290       4   0 1  1 2  0 0  0 0
   143  0.6235586051911864E-04   4   0 0  2 2  0 0  0 0
   144  0.9153217150566828E-01   4   1 0  0 3  0 0  0 0
   145  -.5170684588995248E-03   4   0 1  0 3  0 0  0 0
   146  0.2112576557690927E-04   4   0 0  1 3  0 0  0 0
   147  -.8206189466861029E-05   4   0 0  0 4  0 0  0 0
   148  0.1363882723825245E-06   4   3 0  0 0  0 1  0 0
   149  -.7290804170313510E-05   4   2 1  0 0  0 1  0 0
   150  -.3598838050544986E-04   4   1 2  0 0  0 1  0 0
   151  -.1098973215467450E-04   4   0 3  0 0  0 1  0 0
   152  -.6481097225578590E-02   4   2 0  1 0  0 1  0 0
   153  -.1594212273787582E-01   4   1 1  1 0  0 1  0 0
   154  -.6781339007625210E-02   4   0 2  1 0  0 1  0 0
   155  0.1238131321588637E-06   4   1 0  2 0  0 1  0 0
   156  0.6579272413073204E-04   4   0 1  2 0  0 1  0 0
   157  -.6479586103951204E-02   4   0 0  3 0  0 1  0 0
   158  -.3761802263770307E-02   4   2 0  0 1  0 1  0 0
   159  -.8288131181507587E-02   4   1 1  0 1  0 1  0 0
   160  -.3445355808358792E-02   4   0 2  0 1  0 1  0 0
   161  0.7319196327050687E-04   4   1 0  1 1  0 1  0 0
   162  0.1568298207674132E-03   4   0 1  1 1  0 1  0 0
   163  -.1960194870350710E-01   4   0 0  2 1  0 1  0 0
   164  0.4773967964370615E-04   4   1 0  0 2  0 1  0 0
   165  0.6761399997793831E-04   4   0 1  0 2  0 1  0 0
   166  -.1474815171214598E-01   4   0 0  1 2  0 1  0 0
   167  -.3309530566573291E-02   4   0 0  0 3  0 1  0 0
   168  0.1362047274733089E-06   4   3 0  0 0  0 0  1 0
   169  -.7280992549664814E-05   4   2 1  0 0  0 0  1 0
   170  -.3593994903903927E-04   4   1 2  0 0  0 0  1 0
   171  -.1097494269106886E-04   4   0 3  0 0  0 0  1 0
   172  -.6472375270376264E-02   4   2 0  1 0  0 0  1 0
   173  -.1592066858042132E-01   4   1 1  1 0  0 0  1 0
   174  -.6772213001182222E-02   4   0 2  1 0  0 0  1 0
   175  0.1236465102807750E-06   4   1 0  2 0  0 0  1 0
   176  0.6570418338330062E-04   4   0 1  2 0  0 0  1 0
   177  -.6470866182344970E-02   4   0 0  3 0  0 0  1 0
   178  -.3756739807571800E-02   4   2 0  0 1  0 0  1 0
   179  -.8276977405169528E-02   4   1 1  0 1  0 0  1 0
   180  -.3440719210886053E-02   4   0 2  0 1  0 0  1 0
   181  0.7309346497575518E-04   4   1 0  1 1  0 0  1 0
   182  0.1566187665857578E-03   4   0 1  1 1  0 0  1 0
   183  -.1957556932474975E-01   4   0 0  2 1  0 0  1 0
   184  0.4767543383273488E-04   4   1 0  0 2  0 0  1 0
   185  0.6752300824330541E-04   4   0 1  0 2  0 0  1 0
   186  -.1472830434462786E-01   4   0 0  1 2  0 0  1 0
   187  -.3305076756309603E-02   4   0 0  0 3  0 0  1 0
   188  -.1078304834423534E-08   4   3 0  0 0  0 0  0 1
   189  0.2928783114689718E-04   4   2 1  0 0  0 0  0 1
   190  0.3483198990878012E-04   4   1 2  0 0  0 0  0 1
   191  0.6442137838354805E-05   4   0 3  0 0  0 0  0 1
   192  0.2590058809148760E-01   4   2 0  1 0  0 0  0 1
   193  0.3196108634195093E-01   4   1 1  1 0  0 0  0 1
   194  0.9052560970648101E-02   4   0 2  1 0  0 0  0 1
   195  -.2328078406246277E-08   4   1 0  2 0  0 0  0 1
   196  -.8767828365759476E-04   4   0 1  2 0  0 0  0 1
   197  0.2590058612526321E-01   4   0 0  3 0  0 0  0 1
   198  0.7467339380168919E-02   4   2 0  0 1  0 0  0 1
   199  0.1095459571882129E-01   4   1 1  0 1  0 0  0 1
   200  0.3406201373705757E-02   4   0 2  0 1  0 0  0 1
   201  -.1169710395981270E-03   4   1 0  1 1  0 0  0 1
   202  -.1473185704804304E-03   4   0 1  1 1  0 0  0 1
   203  0.3902668048745171E-01   4   0 0  2 1  0 0  0 1
   204  -.5059770174503943E-04   4   1 0  0 2  0 0  0 1
   205  -.5223682515201583E-04   4   0 1  0 2  0 0  0 1
   206  0.1963356154333338E-01   4   0 0  1 2  0 0  0 1
   207  0.3321044707728985E-02   4   0 0  0 3  0 0  0 1
   208  -.8104641134347548E-07   4   2 0  0 0  0 2  0 0
   209  0.3983080927699457E-04   4   1 1  0 0  0 2  0 0
   210  0.2903779819633947E-04   4   0 2  0 0  0 2  0 0
   211  -.9944335570139475E-06   4   1 0  1 0  0 2  0 0
   212  0.1387097944865980       4   0 1  1 0  0 2  0 0
   213  0.2082553052653303E-06   4   0 0  2 0  0 2  0 0
   214  0.1387098507690014       4   1 0  0 1  0 2  0 0
   215  0.2022546260361963       4   0 1  0 1  0 2  0 0
   216  -.4028042972023138E-04   4   0 0  1 1  0 2  0 0
   217  -.2941403390334061E-04   4   0 0  0 2  0 2  0 0
   218  -.9292446497531203E-07   4   2 0  0 0  0 1  1 0
   219  0.2652004547972813E-04   4   1 1  0 0  0 1  1 0
   220  0.2900952402482698E-04   4   0 2  0 0  0 1  1 0
   221  -.1179939044868268E-05   4   1 0  1 0  0 1  1 0
   222  0.9255590859346303E-01   4   0 1  1 0  0 1  1 0
   223  0.2624296321689482E-06   4   0 0  2 0  0 1  1 0
   224  0.9255597367516927E-01   4   1 0  0 1  0 1  1 0
   225  0.2022544170722020       4   0 1  0 1  0 1  1 0
   226  -.2702602097026198E-04   4   0 0  1 1  0 1  1 0
   227  -.2951283149065406E-04   4   0 0  0 2  0 1  1 0
   228  -.8087481629913646E-07   4   2 0  0 0  0 0  2 0
   229  0.3975936213732989E-04   4   1 1  0 0  0 0  2 0
   230  0.2897920067090026E-04   4   0 2  0 0  0 0  2 0
   231  -.9923013421421362E-06   4   1 0  1 0  0 0  2 0
   232  0.1384608466924565       4   0 1  1 0  0 0  2 0
   233  0.2077984624523236E-06   4   0 0  2 0  0 0  2 0
   234  0.1384609028553257       4   1 0  0 1  0 0  2 0
   235  0.2018463490611189       4   0 1  0 1  0 0  2 0
   236  -.4020803704363090E-04   4   0 0  1 1  0 0  2 0
   237  -.2935459139388442E-04   4   0 0  0 2  0 0  2 0
   238  0.1296504761872433E-06   4   2 0  0 0  0 1  0 1
   239  -.5308230355356506E-04   4   1 1  0 0  0 1  0 1
   240  -.2901885216009574E-04   4   0 2  0 0  0 1  0 1
   241  0.1590880807187081E-05   4   1 0  1 0  0 1  0 1
   242  -.1849878020628304       4   0 1  1 0  0 1  0 1
   243  -.3331512530411612E-06   4   0 0  2 0  0 1  0 1
   244  -.1849878676040820       4   1 0  0 1  0 1  0 1
   245  -.2022545447926281       4   0 1  0 1  0 1  0 1
   246  0.5383214076968669E-04   4   0 0  1 1  0 1  0 1
   247  0.2948604542660243E-04   4   0 0  0 2  0 1  0 1
   248  0.1294759986866096E-06   4   2 0  0 0  0 0  1 1
   249  -.5301086789112495E-04   4   1 1  0 0  0 0  1 1
   250  -.2897979995646980E-04   4   0 2  0 0  0 0  1 1
   251  0.1588739874745266E-05   4   1 0  1 0  0 0  1 1
   252  -.1847388541969874       4   0 1  1 0  0 0  1 1
   253  -.3327029137856960E-06   4   0 0  2 0  0 0  1 1
   254  -.1847389196500367       4   1 0  0 1  0 0  1 1
   255  -.2019823601581728       4   0 1  0 1  0 0  1 1
   256  0.5375969601165974E-04   4   0 0  1 1  0 0  1 1
   257  0.2944636449629647E-04   4   0 0  0 2  0 0  1 1
   258  -.3794330544953595E-13   4   2 0  0 0  0 0  0 2
   259  -.4389815218297412E-13   4   1 1  0 0  0 0  0 2
   260  -.1278879536584531E-13   4   0 2  0 0  0 0  0 2
   261  0.4199930098819967E-13   4   1 0  1 0  0 0  0 2
   262  0.1984791226131995E-13   4   0 1  1 0  0 0  0 2
   263  -.2945447505158797E-13   4   0 0  2 0  0 0  0 2
   264  0.2466895841575270E-13   4   1 0  0 1  0 0  0 2
   265  0.1216798550799947E-13   4   0 1  0 1  0 0  0 2
   266  -.3490048979764345E-13   4   0 0  1 1  0 0  0 2
   267  -.1032943043662714E-13   4   0 0  0 2  0 0  0 2
   268  -.2372918700193294E-05   4   1 0  0 0  0 3  0 0
   269  0.7104535717975566E-06   4   0 1  0 0  0 3  0 0
   270  0.8165651629401861E-05   4   0 0  1 0  0 3  0 0
   271  0.4518824638281220E-05   4   0 0  0 1  0 3  0 0
   272  -.1424117950094711E-05   4   1 0  0 0  0 2  1 0
   273  -.1751268669323037E-06   4   0 1  0 0  0 2  1 0
   274  0.4900686417490998E-05   4   0 0  1 0  0 2  1 0
   275  0.4781957842040189E-05   4   0 0  0 1  0 2  1 0
   276  -.1426026780883375E-05   4   1 0  0 0  0 1  2 0
   277  -.1733411383058275E-06   4   0 1  0 0  0 1  2 0
   278  0.4907254989340360E-05   4   0 0  1 0  0 1  2 0
   279  0.4781414397970874E-05   4   0 0  0 1  0 1  2 0
   280  -.2367171694019104E-05   4   1 0  0 0  0 0  3 0
   281  0.7091371104219558E-06   4   0 1  0 0  0 0  3 0
   282  0.8145875096945016E-05   4   0 0  1 0  0 0  3 0
   283  0.4506489475361061E-05   4   0 0  0 1  0 0  3 0
   284  0.2847631595392365E-05   4   1 0  0 0  0 2  0 1
   285  -.1153544811500308E-05   4   0 1  0 0  0 2  0 1
   286  -.9799223402077493E-05   4   0 0  1 0  0 2  0 1
   287  -.4387162553374163E-05   4   0 0  0 1  0 2  0 1
   288  0.1900087716307597E-05   4   1 0  0 0  0 1  1 1
   289  -.2691560496078730E-06   4   0 1  0 0  0 1  1 1
   290  -.6538627618418184E-05   4   0 0  1 0  0 1  1 1
   291  -.4649934956595447E-05   4   0 0  0 1  0 1  1 1
   292  0.2842520862747892E-05   4   1 0  0 0  0 0  2 1
   293  -.1151811316494173E-05   4   0 1  0 0  0 0  2 1
   294  -.9781636380596589E-05   4   0 0  1 0  0 0  2 1
   295  -.4378129685109290E-05   4   0 0  0 1  0 0  2 1
   296  -.1028274806419377E-08   4   0 0  0 0  0 4  0 0
   297  0.3893603626746801E-09   4   0 0  0 0  0 3  1 0
   298  -.2095062052782541E-10   4   0 0  0 0  0 2  2 0
   299  0.3861003387074925E-09   4   0 0  0 0  0 1  3 0
   300  -.1025769779329364E-08   4   0 0  0 0  0 0  4 0
   301  -.5452812776059904E-10   4   0 0  0 0  0 3  0 1
   302  0.4883632912154143E-09   4   0 0  0 0  0 2  1 1
   303  0.4872675428623889E-09   4   0 0  0 0  0 1  2 1
   304  -.5474622181541977E-10   4   0 0  0 0  0 0  3 1
   ----------------------------------------------------
     I  COEFFICIENT            ORDER EXPONENTS
     1  0.5104087203102554E-08   0   0 0  0 0  0 0  0 0
     2  -.4024744005099582E-08   1   1 0  0 0  0 0  0 0
     3  -.3196055918611955E-08   1   0 1  0 0  0 0  0 0
     4  -.1383288837409646E-07   1   0 0  1 0  0 0  0 0
     5  -.1093657836417851E-07   1   0 0  0 1  0 0  0 0
     6   1.000000000000000       1   0 0  0 0  1 0  0 0
     7  0.1984899289867809       1   0 0  0 0  0 1  0 0
     8  -.1984899289867828       1   0 0  0 0  0 0  1 0
     9  0.3349285984044838E-09   2   2 0  0 0  0 0  0 0
    10  0.1557319897575462E-05   2   1 1  0 0  0 0  0 0
    11  -.1988903473921828       2   0 2  0 0  0 0  0 0
    12  -.2518500972424697E-08   2   1 0  1 0  0 0  0 0
    13  0.2597424943371045E-05   2   0 1  1 0  0 0  0 0
    14  -.4032478607885600E-09   2   0 0  2 0  0 0  0 0
    15  0.2597434363701283E-05   2   1 0  0 1  0 0  0 0
    16  0.2700071313131916E-05   2   0 1  0 1  0 0  0 0
    17  -.1557401052039143E-05   2   0 0  1 1  0 0  0 0
    18  -.1988923061052659       2   0 0  0 2  0 0  0 0
    19  0.2008269608940537E-08   2   1 0  0 0  0 1  0 0
    20  0.3179366407126747E-08   2   0 1  0 0  0 1  0 0
    21  0.6902495718012834E-08   2   0 0  1 0  0 1  0 0
    22  0.1090239728065130E-07   2   0 0  0 1  0 1  0 0
    23  -.2008351557856267E-08   2   1 0  0 0  0 0  1 0
    24  -.7330690615457925E-11   2   0 1  0 0  0 0  1 0
    25  -.6902475344977299E-08   2   0 0  1 0  0 0  1 0
    26  -.2090344263118588E-10   2   0 0  0 1  0 0  1 0
    27  0.8196660801083315E-13   2   1 0  0 0  0 0  0 1
    28  0.3801545284551737E-11   2   0 1  0 0  0 0  0 1
    29  -.2051967891044264E-13   2   0 0  1 0  0 0  0 1
    30  0.6096620074909040E-10   2   0 0  0 1  0 0  0 1
    31  -.1489676835840668       2   0 0  0 0  0 2  0 0
    32  0.9944543818135070E-01   2   0 0  0 0  0 1  1 0
    33  0.4952224540271176E-01   2   0 0  0 0  0 0  2 0
    34  -.3456151819728951E-14   2   0 0  0 0  0 1  0 1
    35  -.6675295522701682E-15   2   0 0  0 0  0 0  1 1
    36  -.5333227608321746E-06   3   3 0  0 0  0 0  0 0
    37  0.4625871778090948E-01   3   2 1  0 0  0 0  0 0
    38  0.4594329254043743E-01   3   1 2  0 0  0 0  0 0
    39  0.1176521020786749E-01   3   0 3  0 0  0 0  0 0
    40  0.7473722630366577E-06   3   2 0  1 0  0 0  0 0
    41  -.2577577168390171E-04   3   1 1  1 0  0 0  0 0
    42  -.1300799336101596E-04   3   0 2  1 0  0 0  0 0
    43  -.5333322273906420E-06   3   1 0  2 0  0 0  0 0
    44  -.4625981724182027E-01   3   0 1  2 0  0 0  0 0
    45  0.7473487580004043E-06   3   0 0  3 0  0 0  0 0
    46  -.1294492387545629E-04   3   2 0  0 1  0 0  0 0
    47  -.2600353939414606E-04   3   1 1  0 1  0 0  0 0
    48  -.1004885297133948E-04   3   0 2  0 1  0 0  0 0
    49  -.9252004029144736E-01   3   1 0  1 1  0 0  0 0
    50  -.9188795120726287E-01   3   0 1  1 1  0 0  0 0
    51  0.1457558919838416E-04   3   0 0  2 1  0 0  0 0
    52  -.4594406940155084E-01   3   1 0  0 2  0 0  0 0
    53  -.3529605615154154E-01   3   0 1  0 2  0 0  0 0
    54  0.1391978940756801E-04   3   0 0  1 2  0 0  0 0
    55  0.3505516398099080E-05   3   0 0  0 3  0 0  0 0
    56  -.3299667388176557E-09   3   2 0  0 0  0 1  0 0
    57  -.2335447949654502E-05   3   1 1  0 0  0 1  0 0
    58  0.2982681895369504       3   0 2  0 0  0 1  0 0
    59  0.2523972233650520E-08   3   1 0  1 0  0 1  0 0
    60  -.3895265414306482E-05   3   0 1  1 0  0 1  0 0
    61  0.4096432732786628E-09   3   0 0  2 0  0 1  0 0
    62  -.3895278452372224E-05   3   1 0  0 1  0 1  0 0
    63  -.5376605113233745E-05   3   0 1  0 1  0 1  0 0
    64  0.2335587962250928E-05   3   0 0  1 1  0 1  0 0
    65  0.2982721440023494       3   0 0  0 2  0 1  0 0
    66  0.9057069271813685E-11   3   2 0  0 0  0 0  1 0
    67  -.7791699110756122E-06   3   1 1  0 0  0 0  1 0
    68  0.9951142607624494E-01   3   0 2  0 0  0 0  1 0
    69  -.2426848679427994E-11   3   1 0  1 0  0 0  1 0
    70  -.1299588235964497E-05   3   0 1  1 0  0 0  1 0
    71  0.1423741311653322E-10   3   0 0  2 0  0 0  1 0
    72  -.1299593954511677E-05   3   1 0  0 1  0 0  1 0
    73  -.2685952408451831E-05   3   0 1  0 1  0 0  1 0
    74  0.7792399758501048E-06   3   0 0  1 1  0 0  1 0
    75  0.9951340700289037E-01   3   0 0  0 2  0 0  1 0
    76  0.3090841845430968E-09   3   2 0  0 0  0 0  0 1
    77  0.1557286634614870E-05   3   1 1  0 0  0 0  0 1
    78  0.9793339107020942E-06   3   0 2  0 0  0 0  0 1
    79  -.2501026948917383E-08   3   1 0  1 0  0 0  0 1
    80  0.2597434595748519E-05   3   0 1  1 0  0 0  0 1
    81  -.4223885716231309E-09   3   0 0  2 0  0 0  0 1
    82  0.2597448743382460E-05   3   1 0  0 1  0 0  0 1
    83  0.2700079326592328E-05   3   0 1  0 1  0 0  0 1
    84  -.1557426642135430E-05   3   0 0  1 1  0 0  0 1
    85  -.9793769685492473E-06   3   0 0  0 2  0 0  0 1
    86  -.1735425812896660E-08   3   1 0  0 0  0 2  0 0
    87  -.3376737233970371E-08   3   0 1  0 0  0 2  0 0
    88  -.5998570463179244E-08   3   0 0  1 0  0 2  0 0
    89  -.1137980079183092E-07   3   0 0  0 1  0 2  0 0
    90  0.7442580081769231E-09   3   1 0  0 0  0 1  1 0
    91  -.2215029908477270E-09   3   0 1  0 0  0 1  1 0
    92  0.3022453235394320E-08   3   0 0  1 0  0 1  1 0
    93  -.2679671849247179E-09   3   0 0  0 1  0 1  1 0
    94  0.3702116217045097E-09   3   1 0  0 0  0 0  2 0
    95  -.1127969227661741E-09   3   0 1  0 0  0 0  2 0
    96  0.1504145049840922E-08   3   0 0  1 0  0 0  2 0
    97  -.1413599749549718E-09   3   0 0  0 1  0 0  2 0
    98  0.9713898379328008E-10   3   1 0  0 0  0 1  0 1
    99  0.7328179962803160E-10   3   0 1  0 0  0 1  0 1
   100  0.6003869876688679E-09   3   0 0  1 0  0 1  0 1
   101  0.2542019256714700E-09   3   0 0  0 1  0 1  0 1
   102  0.1034333354281899E-09   3   1 0  0 0  0 0  1 1
   103  0.7147663168922733E-10   3   0 1  0 0  0 0  1 1
   104  0.2453984577386453E-09   3   0 0  1 0  0 0  1 1
   105  0.1294832241418161E-09   3   0 0  0 1  0 0  1 1
   106  -.1227445781164645E-14   3   1 0  0 0  0 0  0 2
   107  -.6930742369063476E-15   3   0 1  0 0  0 0  0 2
   108  0.6840215440430495E-15   3   0 0  1 0  0 0  0 2
   109  0.4437647834316416E-15   3   0 0  0 1  0 0  0 2
   110  0.1241564859096423       3   0 0  0 0  0 3  0 0
   111  -.7453413442941278E-01   3   0 0  0 0  0 2  1 0
   112  -.2491131252805789E-01   3   0 0  0 0  0 1  2 0
   113  -.2471106235508298E-01   3   0 0  0 0  0 0  3 0
   114  0.4912270525833362E-14   3   0 0  0 0  0 2  0 1
   115  0.4040091355285080E-14   3   0 0  0 0  0 1  1 1
   116  0.2117577643360828E-14   3   0 0  0 0  0 0  2 1
   117  -.6448242211452748E-02   4   4 0  0 0  0 0  0 0
   118  -.1438493904008611E-01   4   3 1  0 0  0 0  0 0
   119  -.1195958119757282E-01   4   2 2  0 0  0 0  0 0
   120  -.4403908309887074E-02   4   1 3  0 0  0 0  0 0
   121  -.1497760858047411       4   0 4  0 0  0 0  0 0
   122  -.5795756703351772E-07   4   3 0  1 0  0 0  0 0
   123  0.7325604665769098E-05   4   2 1  1 0  0 0  0 0
   124  -.8539904183160514E-05   4   1 2  1 0  0 0  0 0
   125  -.3504111976075393E-05   4   0 3  1 0  0 0  0 0
   126  -.1289664235216623E-01   4   2 0  2 0  0 0  0 0
   127  -.1428460128197839E-01   4   1 1  2 0  0 0  0 0
   128  -.3577362826352141E-02   4   0 2  2 0  0 0  0 0
   129  0.8614355397402063E-07   4   1 0  3 0  0 0  0 0
   130  -.2193576027998073E-04   4   0 1  3 0  0 0  0 0
   131  -.6448099965136872E-02   4   0 0  4 0  0 0  0 0
   132  -.7345254191335339E-05   4   3 0  0 1  0 0  0 0
   133  -.8930075131767840E-05   4   2 1  0 1  0 0  0 0
   134  -.1012295363938182E-04   4   1 2  0 1  0 0  0 0
   135  -.1114569199605607E-05   4   0 3  0 1  0 0  0 0
   136  -.1418380862946818E-01   4   2 0  1 1  0 0  0 0
   137  -.1636737466758215E-01   4   1 1  1 1  0 0  0 0
   138  -.4304830124743968E-02   4   0 2  1 1  0 0  0 0
   139  -.3644676688978367E-04   4   1 0  2 1  0 0  0 0
   140  -.4172406973914750E-04   4   0 1  2 1  0 0  0 0
   141  -.1428411324571892E-01   4   0 0  3 1  0 0  0 0
   142  -.3576176901322183E-02   4   2 0  0 2  0 0  0 0
   143  -.4321321117566496E-02   4   1 1  0 2  0 0  0 0
   144  -.2995245110324751       4   0 2  0 2  0 0  0 0
   145  -.4133434537645014E-04   4   1 0  1 2  0 0  0 0
   146  -.2976072198973349E-04   4   0 1  1 2  0 0  0 0
   147  -.1178646477155573E-01   4   0 0  2 2  0 0  0 0
   148  -.1005009030769576E-04   4   1 0  0 3  0 0  0 0
   149  -.5094584703765557E-05   4   0 1  0 3  0 0  0 0
   150  -.4304460322792910E-02   4   0 0  1 3  0 0  0 0
   151  -.1497580593544156       4   0 0  0 4  0 0  0 0
   152  0.3795477539186086E-06   4   3 0  0 0  0 1  0 0
   153  -.6937268870580220E-01   4   2 1  0 0  0 1  0 0
   154  -.9188664887938948E-01   4   1 2  0 0  0 1  0 0
   155  -.2955749497128525E-01   4   0 3  0 0  0 1  0 0
   156  -.6824963871009143E-06   4   2 0  1 0  0 1  0 0
   157  0.3869286847096561E-04   4   1 1  1 0  0 1  0 0
   158  0.2601288547692897E-04   4   0 2  1 0  0 1  0 0
   159  0.3795660133315547E-06   4   1 0  2 0  0 1  0 0
   160  0.6937416723614123E-01   4   0 1  2 0  0 1  0 0
   161  -.6824772118790595E-06   4   0 0  3 0  0 1  0 0
   162  0.1943028427989303E-04   4   2 0  0 1  0 1  0 0
   163  0.5200209804021135E-04   4   1 1  0 1  0 1  0 0
   164  0.6598533886678396E-04   4   0 2  0 1  0 1  0 0
   165  0.1387489027625367       4   1 0  1 1  0 1  0 0
   166  0.1837759927798664       4   0 1  1 1  0 1  0 0
   167  -.2180572450851227E-04   4   0 0  2 1  0 1  0 0
   168  0.9188817568228291E-01   4   1 0  0 2  0 1  0 0
   169  0.8811156356431493E-01   4   0 1  0 2  0 1  0 0
   170  -.2785020891549985E-04   4   0 0  1 2  0 1  0 0
   171  0.3209393567619357E-04   4   0 0  0 3  0 1  0 0
   172  0.2609121492863528E-07   4   3 0  0 0  0 0  1 0
   173  -.2314479091537019E-01   4   2 1  0 0  0 0  1 0
   174  -.4594316503474644E-01   4   1 2  0 0  0 0  1 0
   175  -.1772809445448608E-01   4   0 3  0 0  0 0  1 0
   176  -.2045775495515345E-06   4   2 0  1 0  0 0  1 0
   177  0.1266002128605161E-04   4   1 1  1 0  0 0  1 0
   178  0.1293860652345882E-04   4   0 2  1 0  0 0  1 0
   179  0.2610000803689305E-07   4   1 0  2 0  0 0  1 0
   180  0.2314546533583896E-01   4   0 1  2 0  0 0  1 0
   181  -.2045818129429469E-06   4   0 0  3 0  0 0  1 0
   182  0.6369985847325508E-05   4   2 0  0 1  0 0  1 0
   183  0.2587021796713765E-04   4   1 1  0 1  0 0  1 0
   184  0.3954019153437146E-04   4   0 2  0 1  0 0  1 0
   185  0.4629118369888264E-01   4   1 0  1 1  0 0  1 0
   186  0.9188793386857405E-01   4   0 1  1 1  0 0  1 0
   187  -.7638371545338255E-05   4   0 0  2 1  0 0  1 0
   188  0.4594407220544978E-01   4   1 0  0 2  0 0  1 0
   189  0.5284792469009504E-01   4   0 1  0 2  0 0  1 0
   190  -.1412494646997979E-04   4   0 0  1 2  0 0  1 0
   191  0.1921230611211314E-04   4   0 0  0 3  0 0  1 0
   192  -.6945471308687955E-06   4   3 0  0 0  0 0  0 1
   193  0.4625830828219035E-01   4   2 1  0 0  0 0  0 1
   194  0.4594299769998776E-01   4   1 2  0 0  0 0  0 1
   195  0.1176514588253535E-01   4   0 3  0 0  0 0  0 1
   196  0.9649812012286703E-06   4   2 0  1 0  0 0  0 1
   197  -.2544031457922508E-04   4   1 1  1 0  0 0  0 1
   198  -.1289604457369783E-04   4   0 2  1 0  0 0  0 1
   199  -.6945745688593696E-06   4   1 0  2 0  0 0  0 1
   200  -.4625989033999094E-01   4   0 1  2 0  0 0  0 1
   201  0.9649662122093896E-06   4   0 0  3 0  0 0  0 1
   202  -.1280973666851593E-04   4   2 0  0 1  0 0  0 1
   203  -.2579057239097533E-04   4   1 1  0 1  0 0  0 1
   204  -.9968911587520679E-05   4   0 2  0 1  0 0  0 1
   205  -.9252039255319700E-01   4   1 0  1 1  0 0  0 1
   206  -.9188812695243426E-01   4   0 1  1 1  0 0  0 1
   207  0.1504857816736973E-04   4   0 0  2 1  0 0  0 1
   208  -.4594420344718186E-01   4   1 0  0 2  0 0  0 1
   209  -.3529612392559286E-01   4   0 1  0 2  0 0  0 1
   210  0.1424720337177856E-04   4   0 0  1 2  0 0  0 1
   211  0.3586265741398941E-05   4   0 0  0 3  0 0  0 1
   212  -.1224841256979090E-04   4   2 0  0 0  0 2  0 0
   213  -.1079993838161708E-04   4   1 1  0 0  0 2  0 0
   214  -.3728221391661206       4   0 2  0 0  0 2  0 0
   215  -.7121374555892593E-05   4   1 0  1 0  0 2  0 0
   216  -.1091025993020053E-05   4   0 1  1 0  0 2  0 0
   217  0.1224830764262428E-04   4   0 0  2 0  0 2  0 0
   218  -.1091008302353898E-05   4   1 0  0 1  0 2  0 0
   219  0.3727028571165660E-05   4   0 1  0 1  0 2  0 0
   220  0.1079973525839171E-04   4   0 0  1 1  0 2  0 0
   221  -.3728197733705815       4   0 0  0 2  0 2  0 0
   222  -.4900846401908488E-05   4   2 0  0 0  0 1  1 0
   223  -.5615611350820502E-05   4   1 1  0 0  0 1  1 0
   224  -.1491692417749970       4   0 2  0 0  0 1  1 0
   225  -.2848283325806441E-05   4   1 0  1 0  0 1  1 0
   226  -.8126754077398665E-06   4   0 1  1 0  0 1  1 0
   227  0.4900799660162644E-05   4   0 0  2 0  0 1  1 0
   228  -.8126633633586404E-06   4   1 0  0 1  0 1  1 0
   229  0.3095062282689002E-05   4   0 1  0 1  0 1  1 0
   230  0.5615477620964907E-05   4   0 0  1 1  0 1  1 0
   231  -.1491682148834671       4   0 0  0 2  0 1  1 0
   232  -.2453704917253973E-05   4   2 0  0 0  0 0  2 0
   233  -.2809392245445136E-05   4   1 1  0 0  0 0  2 0
   234  -.7468458781692887E-01   4   0 2  0 0  0 0  2 0
   235  -.1426054270586439E-05   4   1 0  1 0  0 0  2 0
   236  -.4062499578269927E-06   4   0 1  1 0  0 0  2 0
   237  0.2453685316522535E-05   4   0 0  2 0  0 0  2 0
   238  -.4062458749647304E-06   4   1 0  0 1  0 0  2 0
   239  0.1546912255802567E-05   4   0 1  0 1  0 0  2 0
   240  0.2809329040715586E-05   4   0 0  1 1  0 0  2 0
   241  -.7468407381908801E-01   4   0 0  0 2  0 0  2 0
   242  0.9799143175539733E-05   4   2 0  0 0  0 1  0 1
   243  0.7992741262679228E-05   4   1 1  0 0  0 1  0 1
   244  0.9373840017004533E-06   4   0 2  0 0  0 1  0 1
   245  0.5697816680320141E-05   4   1 0  1 0  0 1  0 1
   246  0.6846285943193979E-06   4   0 1  1 0  0 1  0 1
   247  -.9798977712791436E-05   4   0 0  2 0  0 1  0 1
   248  0.6846064533640541E-06   4   1 0  0 1  0 1  0 1
   249  -.2193443870011090E-05   4   0 1  0 1  0 1  0 1
   250  -.7992476552447641E-05   4   0 0  1 1  0 1  0 1
   251  -.9372844523866085E-06   4   0 0  0 2  0 1  0 1
   252  0.3269430107619405E-05   4   2 0  0 0  0 0  1 1
   253  0.3205253056033503E-05   4   1 1  0 0  0 0  1 1
   254  0.2970476577447962E-06   4   0 2  0 0  0 0  1 1
   255  0.1900113261348324E-05   4   1 0  1 0  0 0  1 1
   256  0.3849164317637327E-06   4   0 1  1 0  0 0  1 1
   257  -.3269378270515868E-05   4   0 0  2 0  0 0  1 1
   258  0.3849081705132577E-06   4   1 0  0 1  0 0  1 1
   259  -.1406574678088249E-05   4   0 1  0 1  0 0  1 1
   260  -.3205128624132908E-05   4   0 0  1 1  0 0  1 1
   261  -.2969912329982393E-06   4   0 0  0 2  0 0  1 1
   262  -.3060525381909036E-10   4   2 0  0 0  0 0  0 2
   263  -.3540846201682769E-10   4   1 1  0 0  0 0  0 2
   264  -.1031550424126774E-10   4   0 2  0 0  0 0  0 2
   265  0.3387698474771850E-10   4   1 0  1 0  0 0  0 2
   266  0.1600949909489361E-10   4   0 1  1 0  0 0  0 2
   267  -.2375812215962285E-10   4   0 0  2 0  0 0  0 2
   268  0.1989817777475455E-10   4   1 0  0 1  0 0  0 2
   269  0.9814797827081021E-11   4   0 1  0 1  0 0  0 2
   270  -.2815090369317242E-10   4   0 0  1 1  0 0  0 2
   271  -.8331768351625967E-11   4   0 0  0 2  0 0  0 2
   272  0.1049854931568345E-08   4   1 0  0 0  0 3  0 0
   273  -.8192249164409975E-04   4   0 1  0 0  0 3  0 0
   274  0.4522769297841644E-08   4   0 0  1 0  0 3  0 0
   275  0.2384410760176908E-04   4   0 0  0 1  0 3  0 0
   276  -.1270727798792915E-08   4   1 0  0 0  0 2  1 0
   277  -.3511663223389567E-04   4   0 1  0 0  0 2  1 0
   278  -.3121982024047023E-08   4   0 0  1 0  0 2  1 0
   279  0.1021559973336223E-04   4   0 0  0 1  0 2  1 0
   280  -.6374969593349730E-09   4   1 0  0 0  0 1  2 0
   281  -.2107761799038793E-04   4   0 1  0 0  0 1  2 0
   282  -.1178638409425449E-08   4   0 0  1 0  0 1  2 0
   283  0.6131551326303060E-05   4   0 0  0 1  0 1  2 0
   284  -.4218512532256258E-09   4   1 0  0 0  0 0  3 0
   285  -.1173063081122429E-04   4   0 1  0 0  0 0  3 0
   286  -.1035446215957926E-08   4   0 0  1 0  0 0  3 0
   287  0.3412497962084075E-05   4   0 0  0 1  0 0  3 0
   288  0.1650589927189301E-09   4   1 0  0 0  0 2  0 1
   289  0.4541854015315069E-10   4   0 1  0 0  0 2  0 1
   290  -.1641801363015809E-09   4   0 0  1 0  0 2  0 1
   291  -.1504454383936357E-09   4   0 0  0 1  0 2  0 1
   292  0.3168531449792544E-09   4   1 0  0 0  0 1  1 1
   293  0.1283143151108428E-09   4   0 1  0 0  0 1  1 1
   294  0.3808873507065501E-09   4   0 0  1 0  0 1  1 1
   295  0.4600745918038341E-10   4   0 0  0 1  0 1  1 1
   296  0.1581997835139200E-09   4   1 0  0 0  0 0  2 1
   297  0.4783143450039375E-10   4   0 1  0 0  0 0  2 1
   298  0.1899646406595901E-09   4   0 0  1 0  0 0  2 1
   299  0.3629071812640272E-10   4   0 0  0 1  0 0  2 1
   300  0.1840756546249565E-14   4   1 0  0 0  0 1  0 2
   301  0.1386148469684449E-14   4   0 1  0 0  0 1  0 2
   302  -.1025802649937240E-14   4   0 0  1 0  0 1  0 2
   303  -.8875267870813537E-15   4   0 0  0 1  0 1  0 2
   304  0.6141350160797252E-15   4   1 0  0 0  0 0  1 2
   305  0.6930729775910130E-15   4   0 1  0 0  0 0  1 2
   306  -.3422404381488591E-15   4   0 0  1 0  0 0  1 2
   307  -.4437612037100542E-15   4   0 0  0 1  0 0  1 2
   308  -.1086432168734289       4   0 0  0 0  0 4  0 0
   309  0.6210335123393586E-01   4   0 0  0 0  0 3  1 0
   310  0.1864613970064562E-01   4   0 0  0 0  0 2  2 0
   311  0.1248054101829577E-01   4   0 0  0 0  0 1  3 0
   312  0.1541315566692931E-01   4   0 0  0 0  0 0  4 0
   313  -.1736504367278343E-14   4   0 0  0 0  0 3  0 1
   314  0.5786887749187006E-14   4   0 0  0 0  0 2  1 1
   315  0.7117485839212449E-14   4   0 0  0 0  0 1  2 1
   316  0.1716113818068636E-14   4   0 0  0 0  0 0  3 1
   ----------------------------------------------------
     I  COEFFICIENT            ORDER EXPONENTS
     1   1.000000000000000       1   0 0  0 0  0 1  0 0
     --------------------------------------------------
     I  COEFFICIENT            ORDER EXPONENTS
     1   1.000000000000000       1   0 0  0 0  0 0  1 0
     --------------------------------------------------
     I  COEFFICIENT            ORDER EXPONENTS
     1   1.000000000000000       1   0 0  0 0  0 0  0 1
     --------------------------------------------------
