 L    0.6607784999999999E+00
 P (  0.0000000000000000E+00,  0.0000000000000000E+00,  0.1758215000000000E+00)
 A (  0.0000000000000000E+00,  0.0000000000000000E+00,  0.0000000000000000E+00)
     I  COEFFICIENT            ORDER EXPONENTS
     1  0.8480503836120669E-04   0   0 0  0 0  0 0  0 0
     2  0.8250574319463484       1   1 0  0 0  0 0  0 0
     3  0.6157479677148774       1   0 1  0 0  0 0  0 0
     4  -.2318685738398945E-04   1   0 0  1 0  0 0  0 0
     5  -.5908017975859600E-05   1   0 0  0 1  0 0  0 0
     6  0.2477176278655388E-05   1   0 0  0 0  0 1  0 0
     7  0.2473842611564759E-05   1   0 0  0 0  0 0  1 0
     8  -.4951018890105972E-05   1   0 0  0 0  0 0  0 1
     9  0.6590814400378395E-04   2   2 0  0 0  0 0  0 0
    10  -.1663676082283975E-04   2   1 1  0 0  0 0  0 0
    11  -.1570173847880159E-04   2   0 2  0 0  0 0  0 0
    12  0.6519326550239753E-05   2   1 0  1 0  0 0  0 0
    13  -.3037326540497532E-05   2   0 1  1 0  0 0  0 0
    14  -.6334677272055669E-04   2   0 0  2 0  0 0  0 0
    15  -.9230865445471594E-06   2   1 0  0 1  0 0  0 0
    16  -.9060995549302520E-06   2   0 1  0 1  0 0  0 0
    17  0.1105006031415297E-05   2   0 0  1 1  0 0  0 0
    18  -.1957337932003299E-05   2   0 0  0 2  0 0  0 0
    19  0.8526786410626749E-01   2   1 0  0 0  0 1  0 0
    20  -.2859131356209071       2   0 1  0 0  0 1  0 0
    21  0.1160930026009030E-04   2   0 0  1 0  0 1  0 0
    22  0.5913975237630882E-05   2   0 0  0 1  0 1  0 0
    23  0.8515311463328867E-01   2   1 0  0 0  0 0  1 0
    24  -.2855283671976081       2   0 1  0 0  0 0  1 0
    25  0.1159367701092766E-04   2   0 0  1 0  0 0  1 0
    26  0.5906016488472106E-05   2   0 0  0 1  0 0  1 0
    27  -.1704209787395559       2   1 0  0 0  0 0  0 1
    28  -.4430646489636212E-01   2   0 1  0 0  0 0  0 1
    29  -.2320297727101790E-04   2   0 0  1 0  0 0  0 1
    30  -.5911973750243234E-05   2   0 0  0 1  0 0  0 1
    31  -.1853463622263402E-05   2   0 0  0 0  0 2  0 0
    32  -.1231421433988686E-05   2   0 0  0 0  0 1  1 0
    33  -.1850140723789779E-05   2   0 0  0 0  0 0  2 0
    34  0.2461157282667546E-05   2   0 0  0 0  0 1  0 1
    35  0.2457845173186870E-05   2   0 0  0 0  0 0  1 1
    36  0.1600755891219911E-07   2   0 0  0 0  0 0  0 2
    37  -.1236471674371398E-01   3   3 0  0 0  0 0  0 0
    38  -.1542067906422926       3   2 1  0 0  0 0  0 0
    39  -.2703260316230653       3   1 2  0 0  0 0  0 0
    40  0.2424566542021389       3   0 3  0 0  0 0  0 0
    41  0.2312106595352394E-04   3   2 0  1 0  0 0  0 0
    42  0.3601138938384055E-04   3   1 1  1 0  0 0  0 0
    43  -.2616126540349093E-04   3   0 2  1 0  0 0  0 0
    44  -.1440099066609296       3   1 0  2 0  0 0  0 0
    45  -.2680399484221663       3   0 1  2 0  0 0  0 0
    46  -.1053424667507979E-04   3   0 0  3 0  0 0  0 0
    47  -.1543294449314751E-04   3   2 0  0 1  0 0  0 0
    48  -.3551948259100455E-05   3   1 1  0 1  0 0  0 0
    49  -.1220560920261151E-04   3   0 2  0 1  0 0  0 0
    50  -.1712142175278191       3   1 0  1 1  0 0  0 0
    51  -.2081669720652433E-01   3   0 1  1 1  0 0  0 0
    52  -.5418932006402683E-04   3   0 0  2 1  0 0  0 0
    53  -.2040350434940692       3   1 0  0 2  0 0  0 0
    54  0.2703035741605533       3   0 1  0 2  0 0  0 0
    55  -.4169941706027798E-04   3   0 0  1 2  0 0  0 0
    56  -.1097963401901570E-04   3   0 0  0 3  0 0  0 0
    57  -.3222560280690306E-04   3   2 0  0 0  0 1  0 0
    58  0.1223658506684536E-04   3   1 1  0 0  0 1  0 0
    59  0.2235838226272908E-04   3   0 2  0 0  0 1  0 0
    60  -.2436428733078721E-05   3   1 0  1 0  0 1  0 0
    61  0.3184811301218832E-05   3   0 1  1 0  0 1  0 0
    62  0.3102020191668182E-04   3   0 0  2 0  0 1  0 0
    63  0.1229228375996781E-05   3   1 0  0 1  0 1  0 0
    64  0.1445542602787068E-05   3   0 1  0 1  0 1  0 0
    65  0.1286625086306857E-05   3   0 0  1 1  0 1  0 0
    66  0.3538962228682322E-05   3   0 0  0 2  0 1  0 0
    67  -.3218223510938556E-04   3   2 0  0 0  0 0  1 0
    68  0.1222011764735236E-04   3   1 1  0 0  0 0  1 0
    69  0.2232829340559392E-04   3   0 2  0 0  0 0  1 0
    70  -.2433149902114640E-05   3   1 0  1 0  0 0  1 0
    71  0.3180525332264620E-05   3   0 1  1 0  0 0  1 0
    72  0.3097845639087377E-04   3   0 0  2 0  0 0  1 0
    73  0.1227574138379900E-05   3   1 0  0 1  0 0  1 0
    74  0.1443597259678351E-05   3   0 1  0 1  0 0  1 0
    75  0.1284893606902233E-05   3   0 0  1 1  0 0  1 0
    76  0.3534199660100788E-05   3   0 0  0 2  0 0  1 0
    77  0.6440783791628178E-04   3   2 0  0 0  0 0  0 1
    78  -.7819941891334664E-05   3   1 1  0 0  0 0  0 1
    79  -.1328319871073957E-04   3   0 2  0 0  0 0  0 1
    80  0.4869578635193451E-05   3   1 0  1 0  0 0  0 1
    81  -.3328010092985910E-05   3   0 1  1 0  0 0  0 1
    82  -.6199865830755833E-04   3   0 0  2 0  0 0  0 1
    83  -.1533715969829475E-05   3   1 0  0 1  0 0  0 1
    84  -.1076940752604916E-05   3   0 1  0 1  0 0  0 1
    85  -.3676524724636439E-05   3   0 0  1 1  0 0  0 1
    86  -.3158486024775634E-05   3   0 0  0 2  0 0  0 1
    87  -.6281617906314968E-01   3   1 0  0 0  0 2  0 0
    88  0.2034753009670078       3   0 1  0 0  0 2  0 0
    89  -.8709065749474269E-05   3   0 0  1 0  0 2  0 0
    90  -.5916868875865947E-05   3   0 0  0 1  0 2  0 0
    91  -.4042478103829202E-01   3   1 0  0 0  0 1  1 0
    92  0.1212588725707769       3   0 1  0 0  0 1  1 0
    93  -.5817055864478312E-05   3   0 0  1 0  0 1  1 0
    94  -.5918164198182918E-05   3   0 0  0 1  0 1  1 0
    95  -.6270444312720667E-01   3   1 0  0 0  0 0  2 0
    96  0.2031198812584389       3   0 1  0 0  0 0  2 0
    97  -.8693431339417026E-05   3   0 0  1 0  0 0  2 0
    98  -.5904924039357668E-05   3   0 0  0 1  0 0  2 0
    99  0.8078931552433920E-01   3   1 0  0 0  0 1  0 1
   100  0.4361662631586161E-01   3   0 1  0 0  0 1  0 1
   101  0.1162683161992025E-04   3   0 0  1 0  0 1  0 1
   102  0.5917284107543157E-05   3   0 0  0 1  0 1  0 1
   103  0.8068059307097517E-01   3   1 0  0 0  0 0  1 1
   104  0.4355792911574616E-01   3   0 1  0 0  0 0  1 1
   105  0.1161118477787981E-04   3   0 0  1 0  0 0  1 1
   106  0.5909320905463202E-05   3   0 0  0 1  0 0  1 1
   107  0.4475523416993367E-02   3   1 0  0 0  0 0  0 2
   108  0.7191778097654955E-03   3   0 1  0 0  0 0  0 2
   109  -.1802960972256822E-07   3   0 0  1 0  0 0  0 2
   110  -.1892307429013533E-08   3   0 0  0 1  0 0  0 2
   111  0.1541747793929290E-05   3   0 0  0 0  0 3  0 0
   112  0.9187431555139168E-06   3   0 0  0 0  0 2  1 0
   113  0.9199965826371106E-06   3   0 0  0 0  0 1  2 0
   114  0.1538018209828767E-05   3   0 0  0 0  0 0  3 0
   115  -.1837081961291140E-05   3   0 0  0 0  0 2  0 1
   116  -.1214681884618479E-05   3   0 0  0 0  0 1  1 1
   117  -.1833792372134875E-05   3   0 0  0 0  0 0  2 1
   118  -.1673536608635091E-07   3   0 0  0 0  0 1  0 2
   119  -.1671284441938837E-07   3   0 0  0 0  0 0  1 2
   120  0.4776975604282182E-09   3   0 0  0 0  0 0  0 3
   121  0.5372721359324324E-04   4   4 0  0 0  0 0  0 0
   122  -.3586279152460726E-04   4   3 1  0 0  0 0  0 0
   123  0.1815130310329825E-04   4   2 2  0 0  0 0  0 0
   124  0.1095989461137898E-03   4   1 3  0 0  0 0  0 0
   125  -.1366013032070832E-03   4   0 4  0 0  0 0  0 0
   126  0.2864322233592326E-05   4   3 0  1 0  0 0  0 0
   127  -.3489596398132954E-06   4   2 1  1 0  0 0  0 0
   128  0.1155259417506272E-05   4   1 2  1 0  0 0  0 0
   129  -.4070129723705611E-05   4   0 3  1 0  0 0  0 0
   130  0.1511670299401488E-03   4   2 0  2 0  0 0  0 0
   131  -.2911687682304633E-04   4   1 1  2 0  0 0  0 0
   132  0.1036399124656663E-03   4   0 2  2 0  0 0  0 0
   133  0.1120612323103385E-04   4   1 0  3 0  0 0  0 0
   134  -.3045808303628618E-05   4   0 1  3 0  0 0  0 0
   135  -.3851242262760899E-05   4   0 0  4 0  0 0  0 0
   136  0.2704581026286043E-05   4   3 0  0 1  0 0  0 0
   137  -.5839799869824281E-06   4   2 1  0 1  0 0  0 0
   138  0.2687074579688376E-05   4   1 2  0 1  0 0  0 0
   139  -.7808600757221492E-05   4   0 3  0 1  0 0  0 0
   140  0.1027723054051405E-03   4   2 0  1 1  0 0  0 0
   141  -.2863106444262308E-03   4   1 1  1 1  0 0  0 0
   142  0.1274802957930894E-04   4   0 2  1 1  0 0  0 0
   143  0.1523204978569003E-04   4   1 0  2 1  0 0  0 0
   144  -.2287192190726248E-04   4   0 1  2 1  0 0  0 0
   145  -.7353646687559380E-05   4   0 0  3 1  0 0  0 0
   146  0.1283239667170139E-03   4   2 0  0 2  0 0  0 0
   147  0.7109463055082283E-04   4   1 1  0 2  0 0  0 0
   148  -.1627541230392679E-03   4   0 2  0 2  0 0  0 0
   149  0.1409492992029472E-04   4   1 0  1 2  0 0  0 0
   150  -.1197870568239433E-04   4   0 1  1 2  0 0  0 0
   151  0.4199302692908882E-04   4   0 0  2 2  0 0  0 0
   152  0.7312508351570386E-05   4   1 0  0 3  0 0  0 0
   153  -.7988501365685085E-05   4   0 1  0 3  0 0  0 0
   154  0.1861491182050746E-04   4   0 0  1 3  0 0  0 0
   155  -.2437182862136105E-04   4   0 0  0 4  0 0  0 0
   156  0.1871398604657565E-01   4   3 0  0 0  0 1  0 0
   157  0.1126495306836544       4   2 1  0 0  0 1  0 0
   158  0.3751781886514304       4   1 2  0 0  0 1  0 0
   159  -.3247097803382376       4   0 3  0 0  0 1  0 0
   160  -.2248695389458120E-04   4   2 0  1 0  0 1  0 0
   161  -.5325545651258039E-04   4   1 1  1 0  0 1  0 0
   162  0.3509040713154348E-04   4   0 2  1 0  0 1  0 0
   163  0.1532280783487015       4   1 0  2 0  0 1  0 0
   164  0.2775035001393688       4   0 1  2 0  0 1  0 0
   165  0.1174601898832405E-04   4   0 0  3 0  0 1  0 0
   166  0.7227753544901523E-05   4   2 0  0 1  0 1  0 0
   167  -.2727679954367428E-05   4   1 1  0 1  0 1  0 0
   168  0.2276599089138175E-04   4   0 2  0 1  0 1  0 0
   169  0.2599455686014920       4   1 0  1 1  0 1  0 0
   170  0.5357481026535059E-01   4   0 1  1 1  0 1  0 0
   171  0.6597550649165351E-04   4   0 0  2 1  0 1  0 0
   172  0.3186547736767298       4   1 0  0 2  0 1  0 0
   173  -.3716849892427997       4   0 1  0 2  0 1  0 0
   174  0.6777027811914662E-04   4   0 0  1 2  0 1  0 0
   175  0.2263690809774614E-04   4   0 0  0 3  0 1  0 0
   176  0.1868880164611361E-01   4   3 0  0 0  0 0  1 0
   177  0.1124979322542487       4   2 1  0 0  0 0  1 0
   178  0.3746732915266784       4   1 2  0 0  0 0  1 0
   179  -.3242728012189006       4   0 3  0 0  0 0  1 0
   180  -.2245669201180334E-04   4   2 0  1 0  0 0  1 0
   181  -.5318378782904855E-04   4   1 1  1 0  0 0  1 0
   182  0.3504318411537939E-04   4   0 2  1 0  0 0  1 0
   183  0.1530218712222493       4   1 0  2 0  0 0  1 0
   184  0.2771300490071679       4   0 1  2 0  0 0  1 0
   185  0.1173021174954004E-04   4   0 0  3 0  0 0  1 0
   186  0.7218026774812926E-05   4   2 0  0 1  0 0  1 0
   187  -.2724009171236046E-05   4   1 1  0 1  0 0  1 0
   188  0.2273535349376407E-04   4   0 2  0 1  0 0  1 0
   189  0.2595957461060792       4   1 0  1 1  0 0  1 0
   190  0.5350271181058892E-01   4   0 1  1 1  0 0  1 0
   191  0.6588671976433499E-04   4   0 0  2 1  0 0  1 0
   192  0.3182259430999952       4   1 0  0 2  0 0  1 0
   193  -.3711847931011824       4   0 1  0 2  0 0  1 0
   194  0.6767907607275676E-04   4   0 0  1 2  0 0  1 0
   195  0.2260644441366880E-04   4   0 0  0 3  0 0  1 0
   196  -.3740278769268902E-01   4   3 0  0 0  0 0  0 1
   197  -.7094067229561000E-01   4   2 1  0 0  0 0  0 1
   198  -.2091994169319790       4   1 2  0 0  0 0  0 1
   199  -.7838738104927767E-01   4   0 3  0 0  0 0  0 1
   200  0.4494364590638444E-04   4   2 0  1 0  0 0  0 1
   201  0.7042785495778807E-04   4   1 1  1 0  0 0  0 1
   202  -.1781106043994101E-04   4   0 2  1 0  0 0  0 1
   203  -.3062499495709494       4   1 0  2 0  0 0  0 1
   204  -.2865936007243701       4   0 1  2 0  0 0  0 1
   205  -.2347623073786354E-04   4   0 0  3 0  0 0  0 1
   206  0.9871641734327754E-06   4   2 0  0 1  0 0  0 1
   207  0.1255558564380410E-04   4   1 1  0 1  0 0  0 1
   208  -.8884516777311012E-05   4   0 2  0 1  0 0  0 1
   209  -.3483270971797462       4   1 0  1 1  0 0  0 1
   210  -.6544412766289093E-01   4   0 1  1 1  0 0  0 1
   211  -.7767290619195883E-04   4   0 0  2 1  0 0  0 1
   212  -.2288106297885845       4   1 0  0 2  0 0  0 1
   213  -.6804094013767890E-01   4   0 1  0 2  0 0  0 1
   214  -.5205052007134489E-04   4   0 0  1 2  0 0  0 1
   215  -.1230445045438316E-04   4   0 0  0 3  0 0  0 1
   216  0.6124664942940280E-04   4   2 0  0 0  0 2  0 0
   217  0.1262749795953106E-03   4   1 1  0 0  0 2  0 0
   218  -.2149382001818094E-03   4   0 2  0 0  0 2  0 0
   219  0.3277105796422179E-05   4   1 0  1 0  0 2  0 0
   220  -.1063632954724122E-05   4   0 1  1 0  0 2  0 0
   221  0.4880216618256899E-04   4   0 0  2 0  0 2  0 0
   222  0.5436155480726368E-05   4   1 0  0 1  0 2  0 0
   223  -.8335280224442952E-05   4   0 1  0 1  0 2  0 0
   224  0.2982702782030483E-04   4   0 0  1 1  0 2  0 0
   225  -.6579347795389274E-04   4   0 0  0 2  0 2  0 0
   226  0.4604938578495981E-04   4   2 0  0 0  0 1  1 0
   227  0.1535700296498903E-03   4   1 1  0 0  0 1  1 0
   228  -.2509872084721993E-03   4   0 2  0 0  0 1  1 0
   229  0.2314306526888758E-05   4   1 0  1 0  0 1  1 0
   230  -.9317398544084314E-06   4   0 1  1 0  0 1  1 0
   231  0.5778135685465608E-04   4   0 0  2 0  0 1  1 0
   232  0.6194554725540978E-05   4   1 0  0 1  0 1  1 0
   233  -.9914819487760722E-05   4   0 1  0 1  0 1  1 0
   234  0.3186566211464769E-04   4   0 0  1 1  0 1  1 0
   235  -.7769139130131707E-04   4   0 0  0 2  0 1  1 0
   236  0.6113324102847490E-04   4   2 0  0 0  0 0  2 0
   237  0.1260017110247120E-03   4   1 1  0 0  0 0  2 0
   238  -.2144800631034246E-03   4   0 2  0 0  0 0  2 0
   239  0.3271138379557755E-05   4   1 0  1 0  0 0  2 0
   240  -.1061574621826783E-05   4   0 1  1 0  0 0  2 0
   241  0.4869761081382918E-04   4   0 0  2 0  0 0  2 0
   242  0.5424671588970069E-05   4   1 0  0 1  0 0  2 0
   243  -.8317391548742399E-05   4   0 1  0 1  0 0  2 0
   244  0.2976544635881165E-04   4   0 0  1 1  0 0  2 0
   245  -.6565265948553247E-04   4   0 0  0 2  0 0  2 0
   246  -.5378770322655935E-04   4   2 0  0 0  0 1  0 1
   247  -.9187560560862915E-04   4   1 1  0 0  0 1  0 1
   248  -.2487738875333849E-04   4   0 2  0 0  0 1  0 1
   249  -.4224009170826138E-05   4   1 0  1 0  0 1  0 1
   250  0.7119294849056282E-06   4   0 1  1 0  0 1  0 1
   251  -.4674505524574381E-04   4   0 0  2 0  0 1  0 1
   252  -.3968548694794698E-05   4   1 0  0 1  0 1  0 1
   253  -.1448844941434618E-05   4   0 1  0 1  0 1  0 1
   254  -.3207891332185907E-04   4   0 0  1 1  0 1  0 1
   255  -.1338151027039563E-04   4   0 0  0 2  0 1  0 1
   256  -.5371531827048366E-04   4   2 0  0 0  0 0  1 1
   257  -.9175196374854830E-04   4   1 1  0 0  0 0  1 1
   258  -.2484390993598497E-04   4   0 2  0 0  0 0  1 1
   259  -.4218324698354703E-05   4   1 0  1 0  0 0  1 1
   260  0.7109714037569248E-06   4   0 1  1 0  0 0  1 1
   261  -.4668214795341224E-04   4   0 0  2 0  0 0  1 1
   262  -.3963208008992471E-05   4   1 0  0 1  0 0  1 1
   263  -.1446895154194131E-05   4   0 1  0 1  0 0  1 1
   264  -.3203574303213745E-04   4   0 0  1 1  0 0  1 1
   265  -.1336350206452250E-04   4   0 0  0 2  0 0  1 1
   266  -.1413558257571101E-04   4   2 0  0 0  0 0  0 2
   267  -.1338746462082413E-05   4   1 1  0 0  0 0  0 2
   268  0.9452513416955702E-06   4   0 2  0 0  0 0  0 2
   269  -.1265265528772480E-08   4   1 0  1 0  0 0  0 2
   270  0.3610642380262023E-06   4   0 1  1 0  0 0  0 2
   271  0.5718533002524086E-05   4   0 0  2 0  0 0  0 2
   272  -.3339016149732711E-06   4   1 0  0 1  0 0  0 2
   273  0.9118420792636525E-08   4   0 1  0 1  0 0  0 2
   274  0.2232405339467893E-05   4   0 0  1 1  0 0  0 2
   275  0.5481905233885482E-07   4   0 0  0 2  0 0  0 2
   276  0.5160361676025958E-01   4   1 0  0 0  0 3  0 0
   277  -.1623735389245172       4   0 1  0 0  0 3  0 0
   278  0.7261170967850892E-05   4   0 0  1 0  0 3  0 0
   279  0.5915809770965294E-05   4   0 0  0 1  0 3  0 0
   280  0.2919361299383573E-01   4   1 0  0 0  0 2  1 0
   281  -.8022526743303963E-01   4   0 1  0 0  0 2  1 0
   282  0.4367083668904783E-05   4   0 0  1 0  0 2  1 0
   283  0.5915443654920025E-05   4   0 0  0 1  0 2  1 0
   284  0.2923871029906230E-01   4   1 0  0 0  0 1  2 0
   285  -.8039065324133954E-01   4   0 1  0 0  0 1  2 0
   286  0.4372906032822701E-05   4   0 0  1 0  0 1  2 0
   287  0.5915428323236400E-05   4   0 0  0 1  0 1  2 0
   288  0.5147983099127988E-01   4   1 0  0 0  0 0  3 0
   289  -.1619918580919648       4   0 1  0 0  0 0  3 0
   290  0.7243578810990573E-05   4   0 0  1 0  0 0  3 0
   291  0.5899892945146813E-05   4   0 0  0 1  0 0  3 0
   292  -.5837206213288362E-01   4   1 0  0 0  0 2  0 1
   293  -.4308019154124072E-01   4   0 1  0 0  0 2  0 1
   294  -.8731893470019092E-05   4   0 0  1 0  0 2  0 1
   295  -.5919376937540522E-05   4   0 0  0 1  0 2  0 1
   296  -.3601499859412512E-01   4   1 0  0 0  0 1  1 1
   297  -.4254512159197073E-01   4   0 1  0 0  0 1  1 1
   298  -.5844726005988273E-05   4   0 0  1 0  0 1  1 1
   299  -.5921453418171876E-05   4   0 0  0 1  0 1  1 1
   300  -.5826927411875518E-01   4   1 0  0 0  0 0  2 1
   301  -.4299358863998549E-01   4   0 1  0 0  0 0  2 1
   302  -.8716209720905223E-05   4   0 0  1 0  0 0  2 1
   303  -.5907426512566955E-05   4   0 0  0 1  0 0  2 1
   304  -.4409766899479736E-02   4   1 0  0 0  0 1  0 2
   305  -.1072195827321229E-02   4   0 1  0 0  0 1  0 2
   306  0.2712227673059445E-07   4   0 0  1 0  0 1  0 2
   307  0.3797558897441195E-08   4   0 0  0 1  0 1  0 2
   308  -.4403832443011584E-02   4   1 0  0 0  0 0  1 2
   309  -.1070752916707691E-02   4   0 1  0 0  0 0  1 2
   310  0.2708577684880085E-07   4   0 0  1 0  0 0  1 2
   311  0.3792448321656087E-08   4   0 0  0 1  0 0  1 2
   312  -.4581583049852703E-04   4   1 0  0 0  0 0  0 3
   313  -.4861561755966116E-05   4   0 1  0 0  0 0  0 3
   314  -.6049611373864198E-08   4   0 0  1 0  0 0  0 3
   315  -.6376949765291933E-09   4   0 0  0 1  0 0  0 3
   316  -.2338697918099689E-04   4   0 0  0 0  0 4  0 0
   317  -.1270972356475129E-04   4   0 0  0 0  0 3  1 0
   318  -.1128803197335547E-04   4   0 0  0 0  0 2  2 0
   319  -.1274027848612062E-04   4   0 0  0 0  0 1  3 0
   320  -.2331551874837801E-04   4   0 0  0 0  0 0  4 0
   321  -.1131332730250301E-05   4   0 0  0 0  0 3  0 1
   322  -.1302122725635625E-05   4   0 0  0 0  0 2  1 1
   323  -.1301774890591687E-05   4   0 0  0 0  0 1  2 1
   324  -.1128174001628022E-05   4   0 0  0 0  0 0  3 1
   325  0.8805912127808753E-08   4   0 0  0 0  0 2  0 2
   326  0.1400064686666070E-07   4   0 0  0 0  0 1  1 2
   327  0.8784640840913267E-08   4   0 0  0 0  0 0  2 2
   328  0.4722336468217017E-10   4   0 0  0 0  0 1  0 3
   329  0.4715981370354088E-10   4   0 0  0 0  0 0  1 3
   ----------------------------------------------------
     I  COEFFICIENT            ORDER EXPONENTS
     1  -.2122923748217034E-04   0   0 0  0 0  0 0  0 0
     2  -.4916685884077012       1   1 0  0 0  0 0  0 0
     3  0.8451000366815576       1   0 1  0 0  0 0  0 0
     4  -.6613211657107205E-04   1   0 0  1 0  0 0  0 0
     5  -.2049045331712463E-04   1   0 0  0 1  0 0  0 0
     6  -.1029991867777735E-06   1   0 0  0 0  0 1  0 0
     7  -.1028605753264249E-06   1   0 0  0 0  0 0  1 0
     8  -.2102337772017465E-04   1   0 0  0 0  0 0  0 1
     9  -.4042876447396022E-05   2   2 0  0 0  0 0  0 0
    10  -.1311386892092496E-03   2   1 1  0 0  0 0  0 0
    11  -.3105761426974795E-04   2   0 2  0 0  0 0  0 0
    12  -.7232629836361361E-05   2   1 0  1 0  0 0  0 0
    13  -.1026529903458363E-04   2   0 1  1 0  0 0  0 0
    14  0.2651778897693908E-04   2   0 0  2 0  0 0  0 0
    15  -.9735893571152033E-05   2   1 0  0 1  0 0  0 0
    16  -.5779486341871188E-05   2   0 1  0 1  0 0  0 0
    17  0.1347028706306332E-03   2   0 0  1 1  0 0  0 0
    18  0.2935361368292343E-04   2   0 0  0 2  0 0  0 0
    19  -.9913231394078799E-02   2   1 0  0 0  0 1  0 0
    20  0.7564392260303658E-01   2   0 1  0 0  0 1  0 0
    21  0.3629553832122442E-07   2   0 0  1 0  0 1  0 0
    22  0.1025871244106707E-04   2   0 0  0 1  0 1  0 0
    23  -.9899890634463055E-02   2   1 0  0 0  0 0  1 0
    24  0.7554212457697193E-01   2   0 1  0 0  0 0  1 0
    25  0.3624669349630852E-07   2   0 0  1 0  0 0  1 0
    26  0.1024490674934028E-04   2   0 0  0 1  0 0  1 0
    27  -.4718554663791593       2   1 0  0 0  0 0  0 1
    28  -.1511860471800081       2   0 1  0 0  0 0  0 1
    29  -.6620465880288943E-04   2   0 0  1 0  0 0  0 1
    30  -.2050361919040721E-04   2   0 0  0 1  0 0  0 1
    31  0.7784403348541165E-07   2   0 0  0 0  0 2  0 0
    32  0.5275624489702046E-07   2   0 0  0 0  0 1  1 0
    33  0.7770377619091883E-07   2   0 0  0 0  0 0  2 0
    34  -.2084438884593724E-06   2   0 0  0 0  0 1  0 1
    35  -.2081633744979145E-06   2   0 0  0 0  0 0  1 1
    36  0.2083034294588352E-06   2   0 0  0 0  0 0  0 2
    37  -.1481744483920445       3   3 0  0 0  0 0  0 0
    38  -.2018617203958380       3   2 1  0 0  0 0  0 0
    39  0.1683943895849517       3   1 2  0 0  0 0  0 0
    40  -.1029582881302826E-01   3   0 3  0 0  0 0  0 0
    41  0.7864201399007030E-04   3   2 0  1 0  0 0  0 0
    42  0.5018446096760197E-04   3   1 1  1 0  0 0  0 0
    43  0.8646024399981691E-05   3   0 2  1 0  0 0  0 0
    44  -.5764415179245996       3   1 0  2 0  0 0  0 0
    45  -.1229649317448271       3   0 1  2 0  0 0  0 0
    46  -.2300165141086194E-04   3   0 0  3 0  0 0  0 0
    47  0.2272783490702625E-04   3   2 0  0 1  0 0  0 0
    48  0.8198413766161197E-04   3   1 1  0 1  0 0  0 0
    49  0.1316420297425990E-04   3   0 2  0 1  0 0  0 0
    50  -.4697718002413330       3   1 0  1 1  0 0  0 0
    51  -.1628165009367396       3   0 1  1 1  0 0  0 0
    52  -.2076427545445885E-04   3   0 0  2 1  0 0  0 0
    53  -.3112518886982670       3   1 0  0 2  0 0  0 0
    54  -.1843780229912982       3   0 1  0 2  0 0  0 0
    55  -.7026258908704629E-05   3   0 0  1 2  0 0  0 0
    56  -.1110046736319288E-04   3   0 0  0 3  0 0  0 0
    57  0.1112372815133789E-05   3   2 0  0 0  0 1  0 0
    58  0.6485463413628051E-04   3   1 1  0 0  0 1  0 0
    59  0.3149341005098739E-04   3   0 2  0 0  0 1  0 0
    60  0.3612756619076038E-05   3   1 0  1 0  0 1  0 0
    61  0.6299752166176564E-05   3   0 1  1 0  0 1  0 0
    62  -.1274071260110300E-04   3   0 0  2 0  0 1  0 0
    63  0.5681729273439307E-05   3   1 0  0 1  0 1  0 0
    64  0.6184925057455610E-05   3   0 1  0 1  0 1  0 0
    65  -.6887865500576603E-04   3   0 0  1 1  0 1  0 0
    66  -.2904409219403897E-04   3   0 0  0 2  0 1  0 0
    67  0.1110875836223663E-05   3   2 0  0 0  0 0  1 0
    68  0.6476735582615245E-04   3   1 1  0 0  0 0  1 0
    69  0.3145102770397413E-04   3   0 2  0 0  0 0  1 0
    70  0.3607894741481413E-05   3   1 0  1 0  0 0  1 0
    71  0.6291274256608347E-05   3   0 1  1 0  0 0  1 0
    72  -.1272356675053369E-04   3   0 0  2 0  0 0  1 0
    73  0.5674083069953714E-05   3   1 0  0 1  0 0  1 0
    74  0.6176601676798781E-05   3   0 1  0 1  0 0  1 0
    75  -.6878596135799816E-04   3   0 0  1 1  0 0  1 0
    76  -.2900500602356438E-04   3   0 0  0 2  0 0  1 0
    77  -.6266125098753531E-05   3   2 0  0 0  0 0  0 1
    78  -.1296219899624326E-03   3   1 1  0 0  0 0  0 1
    79  -.3188682348521373E-04   3   0 2  0 0  0 0  0 1
    80  -.1445328119691878E-04   3   1 0  1 0  0 0  0 1
    81  -.1259102642278492E-04   3   0 1  1 0  0 0  0 1
    82  0.5198206832857545E-04   3   0 0  2 0  0 0  0 1
    83  -.1135581234339292E-04   3   1 0  0 1  0 0  0 1
    84  -.6582040392383204E-05   3   0 1  0 1  0 0  0 1
    85  0.1376646163637633E-03   3   0 0  1 1  0 0  0 1
    86  0.2869548453475942E-04   3   0 0  0 2  0 0  0 1
    87  0.7364314796997032E-02   3   1 0  0 0  0 2  0 0
    88  -.5579923436661126E-01   3   0 1  0 0  0 2  0 0
    89  -.3559679680576815E-07   3   0 0  1 0  0 2  0 0
    90  -.7694063334268166E-05   3   0 0  0 1  0 2  0 0
    91  0.4822253669553484E-02   3   1 0  0 0  0 1  1 0
    92  -.3600782104209253E-01   3   0 1  0 0  0 1  1 0
    93  -.3546805958384646E-07   3   0 0  1 0  0 1  1 0
    94  -.5137609280076197E-05   3   0 0  0 1  0 1  1 0
    95  0.7351159468349513E-02   3   1 0  0 0  0 0  2 0
    96  -.5569991357244319E-01   3   0 1  0 0  0 0  2 0
    97  -.3552502669546536E-07   3   0 0  1 0  0 0  2 0
    98  -.7680252050247601E-05   3   0 0  0 1  0 0  2 0
    99  -.1955090914299514E-01   3   1 0  0 0  0 1  0 1
   100  0.7196236809152363E-01   3   0 1  0 0  0 1  0 1
   101  0.1077686319856114E-06   3   0 0  1 0  0 1  0 1
   102  0.1027084547511428E-04   3   0 0  0 1  0 1  0 1
   103  -.1952459845087288E-01   3   1 0  0 0  0 0  1 1
   104  0.7186552452801492E-01   3   0 1  0 0  0 0  1 1
   105  0.1076236020396965E-06   3   0 0  1 0  0 0  1 1
   106  0.1025702345532210E-04   3   0 0  0 1  0 0  1 1
   107  0.1953776558247486E-01   3   1 0  0 0  0 0  0 2
   108  0.3679076733735436E-02   3   0 1  0 0  0 0  0 2
   109  -.1084512041993894E-06   3   0 0  1 0  0 0  0 2
   110  -.1354324252249350E-07   3   0 0  0 1  0 0  0 2
   111  -.6514362643861691E-07   3   0 0  0 0  0 3  0 0
   112  -.3976053661501375E-07   3   0 0  0 0  0 2  1 0
   113  -.3981159866975698E-07   3   0 0  0 0  0 1  2 0
   114  -.6498540773383564E-07   3   0 0  0 0  0 0  3 0
   115  0.1573479779162300E-06   3   0 0  0 0  0 2  0 1
   116  0.1063892149115812E-06   3   0 0  0 0  0 1  1 1
   117  0.1570646396029006E-06   3   0 0  0 0  0 0  2 1
   118  -.1063209260069305E-06   3   0 0  0 0  0 1  0 2
   119  -.1061778443154839E-06   3   0 0  0 0  0 0  1 2
   120  0.1398446954563767E-08   3   0 0  0 0  0 0  0 3
   121  0.2056536851661176E-04   4   4 0  0 0  0 0  0 0
   122  -.1335972826756638E-03   4   3 1  0 0  0 0  0 0
   123  -.1325786664363770E-03   4   2 2  0 0  0 0  0 0
   124  -.8904861945053253E-04   4   1 3  0 0  0 0  0 0
   125  -.2534439499949770E-04   4   0 4  0 0  0 0  0 0
   126  0.4342035624937444E-08   4   3 0  1 0  0 0  0 0
   127  -.6916203495217259E-05   4   2 1  1 0  0 0  0 0
   128  -.3846432312576410E-05   4   1 2  1 0  0 0  0 0
   129  -.6928850772453460E-06   4   0 3  1 0  0 0  0 0
   130  0.7515187904296530E-05   4   2 0  2 0  0 0  0 0
   131  -.3360262301138060E-03   4   1 1  2 0  0 0  0 0
   132  -.9094386058900662E-06   4   0 2  2 0  0 0  0 0
   133  0.8078144506120294E-08   4   1 0  3 0  0 0  0 0
   134  -.9061689926320349E-05   4   0 1  3 0  0 0  0 0
   135  -.2751654412270313E-04   4   0 0  4 0  0 0  0 0
   136  0.2440189285969877E-07   4   3 0  0 1  0 0  0 0
   137  -.9046496442099339E-06   4   2 1  0 1  0 0  0 0
   138  0.3068617650022231E-05   4   1 2  0 1  0 0  0 0
   139  0.6838917960617468E-06   4   0 3  0 1  0 0  0 0
   140  -.3807687682501339E-03   4   2 0  1 1  0 0  0 0
   141  -.5297845437955945E-03   4   1 1  1 1  0 0  0 0
   142  0.8517662266794536E-04   4   0 2  1 1  0 0  0 0
   143  -.1813472949119846E-04   4   1 0  2 1  0 0  0 0
   144  -.1247819776028117E-04   4   0 1  2 1  0 0  0 0
   145  -.8025261302850523E-04   4   0 0  3 1  0 0  0 0
   146  -.6718595955526123E-04   4   2 0  0 2  0 0  0 0
   147  -.4161818496507293E-03   4   1 1  0 2  0 0  0 0
   148  -.1669247756419310E-04   4   0 2  0 2  0 0  0 0
   149  -.7380523397624730E-05   4   1 0  1 2  0 0  0 0
   150  -.1229677333072861E-04   4   0 1  1 2  0 0  0 0
   151  -.5129808165685217E-04   4   0 0  2 2  0 0  0 0
   152  0.2875709876867777E-05   4   1 0  0 3  0 0  0 0
   153  -.6842847832105483E-06   4   0 1  0 3  0 0  0 0
   154  0.8062597549379613E-05   4   0 0  1 3  0 0  0 0
   155  0.3798778775020015E-04   4   0 0  0 4  0 0  0 0
   156  0.5860553925121081E-01   4   3 0  0 0  0 1  0 0
   157  0.1867373124556680       4   2 1  0 0  0 1  0 0
   158  -.1296630186557530       4   1 2  0 0  0 1  0 0
   159  0.2010828423180517E-01   4   0 3  0 0  0 1  0 0
   160  -.4307393089598410E-04   4   2 0  1 0  0 1  0 0
   161  -.5329737341173891E-04   4   1 1  1 0  0 1  0 0
   162  -.1357762153577557E-04   4   0 2  1 0  0 1  0 0
   163  0.3031975655305669       4   1 0  2 0  0 1  0 0
   164  0.1328492806620200       4   0 1  2 0  0 1  0 0
   165  0.1111872060436203E-04   4   0 0  3 0  0 1  0 0
   166  -.2309824541857378E-04   4   2 0  0 1  0 1  0 0
   167  -.9049334808608021E-04   4   1 1  0 1  0 1  0 0
   168  -.2132971457190880E-04   4   0 2  0 1  0 1  0 0
   169  0.4699459451286448       4   1 0  1 1  0 1  0 0
   170  0.2481061256849011       4   0 1  1 1  0 1  0 0
   171  0.2013405042840596E-04   4   0 0  2 1  0 1  0 0
   172  0.3382052219463805       4   1 0  0 2  0 1  0 0
   173  0.2898789464864883       4   0 1  0 2  0 1  0 0
   174  0.1033210653552360E-04   4   0 0  1 2  0 1  0 0
   175  0.1706853374136820E-04   4   0 0  0 3  0 1  0 0
   176  0.5852667067847008E-01   4   3 0  0 0  0 0  1 0
   177  0.1864860101811905       4   2 1  0 0  0 0  1 0
   178  -.1294885242760531       4   1 2  0 0  0 0  1 0
   179  0.2008122345055694E-01   4   0 3  0 0  0 0  1 0
   180  -.4301596402978822E-04   4   2 0  1 0  0 0  1 0
   181  -.5322564831841934E-04   4   1 1  1 0  0 0  1 0
   182  -.1355934941260388E-04   4   0 2  1 0  0 0  1 0
   183  0.3027895365360818       4   1 0  2 0  0 0  1 0
   184  0.1326704983610738       4   0 1  2 0  0 0  1 0
   185  0.1110375755417961E-04   4   0 0  3 0  0 0  1 0
   186  -.2306716088847207E-04   4   2 0  0 1  0 0  1 0
   187  -.9037156640302956E-04   4   1 1  0 1  0 0  1 0
   188  -.2130101004727259E-04   4   0 2  0 1  0 0  1 0
   189  0.4693135140234757       4   1 0  1 1  0 0  1 0
   190  0.2477722361537900       4   0 1  1 1  0 0  1 0
   191  0.2010695497222403E-04   4   0 0  2 1  0 0  1 0
   192  0.3377500812977438       4   1 0  0 2  0 0  1 0
   193  0.2894888410618298       4   0 1  0 2  0 0  1 0
   194  0.1031820207348328E-04   4   0 0  1 2  0 0  1 0
   195  0.1704556371307128E-04   4   0 0  0 3  0 0  1 0
   196  -.2653066583217252       4   3 0  0 0  0 0  0 1
   197  -.3732233226368585       4   2 1  0 0  0 0  0 1
   198  0.9075715334685529E-01   4   1 2  0 0  0 0  0 1
   199  -.1959785005630595E-01   4   0 3  0 0  0 0  0 1
   200  0.1647319089158426E-03   4   2 0  1 0  0 0  0 1
   201  0.1065230217301582E-03   4   1 1  1 0  0 0  0 1
   202  0.1849094654839787E-04   4   0 2  1 0  0 0  0 1
   203  -1.182428619991248       4   1 0  2 0  0 0  0 1
   204  -.2655197790230941       4   0 1  2 0  0 0  0 1
   205  -.4522412956940350E-04   4   0 0  3 0  0 0  0 1
   206  0.4616540630704568E-04   4   2 0  0 1  0 0  0 1
   207  0.9888077682749765E-04   4   1 1  0 1  0 0  0 1
   208  0.1630231867066152E-04   4   0 2  0 1  0 0  0 1
   209  -.9392594591521184       4   1 0  1 1  0 0  0 1
   210  -.3330618609019518       4   0 1  1 1  0 0  0 1
   211  -.4024100540062858E-04   4   0 0  2 1  0 0  0 1
   212  -.3647034145458536       4   1 0  0 2  0 0  0 1
   213  -.2106117415657220       4   0 1  0 2  0 0  0 1
   214  -.1362404970030112E-04   4   0 0  1 2  0 0  0 1
   215  -.1191316272814482E-04   4   0 0  0 3  0 0  0 1
   216  0.3170131768706203E-04   4   2 0  0 0  0 2  0 0
   217  -.1337557594829264E-03   4   1 1  0 0  0 2  0 0
   218  -.3625813372706054E-04   4   0 2  0 0  0 2  0 0
   219  0.3047733094104031E-05   4   1 0  1 0  0 2  0 0
   220  -.1698676988847745E-05   4   0 1  1 0  0 2  0 0
   221  0.2369689798641580E-04   4   0 0  2 0  0 2  0 0
   222  0.4861016589847510E-05   4   1 0  0 1  0 2  0 0
   223  0.1449075629100375E-05   4   0 1  0 1  0 2  0 0
   224  0.9816631735867819E-04   4   0 0  1 1  0 2  0 0
   225  0.8246039799607644E-04   4   0 0  0 2  0 2  0 0
   226  0.3093367671421653E-04   4   2 0  0 0  0 1  1 0
   227  -.1103863443735721E-03   4   1 1  0 0  0 1  1 0
   228  -.3333189496123823E-04   4   0 2  0 0  0 1  1 0
   229  0.3629962302537588E-05   4   1 0  1 0  0 1  1 0
   230  -.2126988559693973E-06   4   0 1  1 0  0 1  1 0
   231  0.2198256315812154E-04   4   0 0  2 0  0 1  1 0
   232  0.5841276755729739E-05   4   1 0  0 1  0 1  1 0
   233  0.2556663647522633E-05   4   0 1  0 1  0 1  1 0
   234  0.9098675568049919E-04   4   0 0  1 1  0 1  1 0
   235  0.9384482320105114E-04   4   0 0  0 2  0 1  1 0
   236  0.3163784100561598E-04   4   2 0  0 0  0 0  2 0
   237  -.1335014809155398E-03   4   1 1  0 0  0 0  2 0
   238  -.3618691099279666E-04   4   0 2  0 0  0 0  2 0
   239  0.3041189082444397E-05   4   1 0  1 0  0 0  2 0
   240  -.1696247869363928E-05   4   0 1  1 0  0 0  2 0
   241  0.2365021626915366E-04   4   0 0  2 0  0 0  2 0
   242  0.4850544405328660E-05   4   1 0  0 1  0 0  2 0
   243  0.1445405212688593E-05   4   0 1  0 1  0 0  2 0
   244  0.9797298691132613E-04   4   0 0  1 1  0 0  2 0
   245  0.8228628070852225E-04   4   0 0  0 2  0 0  2 0
   246  -.6022540757954049E-04   4   2 0  0 0  0 1  0 1
   247  0.1202455711863023E-03   4   1 1  0 0  0 1  0 1
   248  0.3176440580612478E-04   4   0 2  0 0  0 1  0 1
   249  -.4861674945009339E-05   4   1 0  1 0  0 1  0 1
   250  0.2336107679970564E-05   4   0 1  1 0  0 1  0 1
   251  -.5579169560977319E-04   4   0 0  2 0  0 1  0 1
   252  -.3730184728444737E-05   4   1 0  0 1  0 1  0 1
   253  -.3653936525928174E-06   4   0 1  0 1  0 1  0 1
   254  -.1477155299809563E-03   4   0 0  1 1  0 1  0 1
   255  -.7868268974001193E-04   4   0 0  0 2  0 1  0 1
   256  -.6014435906434502E-04   4   2 0  0 0  0 0  1 1
   257  0.1200837503635771E-03   4   1 1  0 0  0 0  1 1
   258  0.3172165876579544E-04   4   0 2  0 0  0 0  1 1
   259  -.4855132331991146E-05   4   1 0  1 0  0 0  1 1
   260  0.2332963856351795E-05   4   0 1  1 0  0 0  1 1
   261  -.5571661377519325E-04   4   0 0  2 0  0 0  1 1
   262  -.3725164821634712E-05   4   1 0  0 1  0 0  1 1
   263  -.3649019230355632E-06   4   0 1  0 1  0 0  1 1
   264  -.1475167413823003E-03   4   0 0  1 1  0 0  1 1
   265  -.7857680228434677E-04   4   0 0  0 2  0 0  1 1
   266  0.2609693301264600E-04   4   2 0  0 0  0 0  0 2
   267  0.2708741747615668E-04   4   1 1  0 0  0 0  0 2
   268  0.4273389665091380E-05   4   0 2  0 0  0 0  0 2
   269  -.2077201506548195E-08   4   1 0  1 0  0 0  0 2
   270  0.3063562602015472E-06   4   0 1  1 0  0 0  0 2
   271  0.4217862972588484E-04   4   0 0  2 0  0 0  0 2
   272  -.5702460591377861E-09   4   1 0  0 1  0 0  0 2
   273  0.4131863360660069E-07   4   0 1  0 1  0 0  0 2
   274  0.3047479176759356E-04   4   0 0  1 1  0 0  0 2
   275  0.4575794790976334E-05   4   0 0  0 2  0 0  0 2
   276  -.6090974169301881E-02   4   1 0  0 0  0 3  0 0
   277  0.4588787956365827E-01   4   0 1  0 0  0 3  0 0
   278  0.3617893483012029E-07   4   0 0  1 0  0 3  0 0
   279  0.6415295184714596E-05   4   0 0  0 1  0 3  0 0
   280  -.3545999819659014E-02   4   1 0  0 0  0 2  1 0
   281  0.2607854975750892E-01   4   0 1  0 0  0 2  1 0
   282  0.3678831501729742E-07   4   0 0  1 0  0 2  1 0
   283  0.3858229994160856E-05   4   0 0  0 1  0 2  1 0
   284  -.3551120632872623E-02   4   1 0  0 0  0 1  2 0
   285  0.2611841279329577E-01   4   0 1  0 0  0 1  2 0
   286  0.3678698662451586E-07   4   0 0  1 0  0 1  2 0
   287  0.3863374333310873E-05   4   0 0  0 1  0 1  2 0
   288  -.6076295949028213E-02   4   1 0  0 0  0 0  3 0
   289  0.4577772497421125E-01   4   0 1  0 0  0 0  3 0
   290  0.3608118234125712E-07   4   0 0  1 0  0 0  3 0
   291  0.6399752471388117E-05   4   0 0  0 1  0 0  3 0
   292  0.1445458173123390E-01   4   1 0  0 0  0 2  0 1
   293  -.5214371734105256E-01   4   0 1  0 0  0 2  0 1
   294  -.1086404826812906E-06   4   0 0  1 0  0 2  0 1
   295  -.7712283616714390E-05   4   0 0  0 1  0 2  0 1
   296  0.9371935706281245E-02   4   1 0  0 0  0 1  1 1
   297  -.3237827827539659E-01   4   0 1  0 0  0 1  1 1
   298  -.1095097915804827E-06   4   0 0  1 0  0 1  1 1
   299  -.5160589541312909E-05   4   0 0  0 1  0 1  1 1
   300  0.1442882328166595E-01   4   1 0  0 0  0 0  2 1
   301  -.5205175820321948E-01   4   0 1  0 0  0 0  2 1
   302  -.1084205928842763E-06   4   0 0  1 0  0 0  2 1
   303  -.7698432349845756E-05   4   0 0  0 1  0 0  2 1
   304  -.9365083316874013E-02   4   1 0  0 0  0 1  0 2
   305  -.3629512828628815E-02   4   0 1  0 0  0 1  0 2
   306  0.1087753375770111E-06   4   0 0  1 0  0 1  0 2
   307  0.2039882651743064E-07   4   0 0  0 1  0 1  0 2
   308  -.9352480229107304E-02   4   1 0  0 0  0 0  1 2
   309  -.3624628401317233E-02   4   0 1  0 0  0 0  1 2
   310  0.1086289528541481E-06   4   0 0  1 0  0 0  1 2
   311  0.2037137473807081E-07   4   0 0  0 1  0 0  1 2
   312  -.2734006788312079E-03   4   1 0  0 0  0 0  0 3
   313  -.3467074584145897E-04   4   0 1  0 0  0 0  0 3
   314  -.3631769538643317E-07   4   0 0  1 0  0 0  0 3
   315  -.4561238723141897E-08   4   0 0  0 1  0 0  0 3
   316  0.6089834363916106E-05   4   0 0  0 0  0 4  0 0
   317  0.3365956879977901E-05   4   0 0  0 0  0 3  1 0
   318  0.3003725295353295E-05   4   0 0  0 0  0 2  2 0
   319  0.3373750580106993E-05   4   0 0  0 0  0 1  3 0
   320  0.6071188597562092E-05   4   0 0  0 0  0 0  4 0
   321  -.6814350838372298E-05   4   0 0  0 0  0 3  0 1
   322  -.3875602403321043E-05   4   0 0  0 0  0 2  1 1
   323  -.3881516135336048E-05   4   0 0  0 0  0 1  2 1
   324  -.6797990906287390E-05   4   0 0  0 0  0 0  3 1
   325  -.1673937718657283E-06   4   0 0  0 0  0 2  0 2
   326  -.2011466745917072E-06   4   0 0  0 0  0 1  1 2
   327  -.1670331543590919E-06   4   0 0  0 0  0 0  2 2
   328  0.2893376683403110E-09   4   0 0  0 0  0 1  0 3
   329  0.2889482913422704E-09   4   0 0  0 0  0 0  1 3
   ----------------------------------------------------
     I  COEFFICIENT            ORDER EXPONENTS
     1  0.6200452045835672E-05   0   0 0  0 0  0 0  0 0
     2  -.2319498530030497E-04   1   1 0  0 0  0 0  0 0
     3  -.5913344590985169E-05   1   0 1  0 0  0 0  0 0
     4   1.184172014868073       1   0 0  1 0  0 0  0 0
     5  0.7072767747251332       1   0 0  0 1  0 0  0 0
     6  -.3594685490283240E-06   1   0 0  0 0  0 1  0 0
     7  -.3589847931962208E-06   1   0 0  0 0  0 0  1 0
     8  0.7184533417375957E-06   1   0 0  0 0  0 0  0 1
     9  0.4044371472025926E-05   2   2 0  0 0  0 0  0 0
    10  -.8738182747647523E-06   2   1 1  0 0  0 0  0 0
    11  0.3260822407648500E-06   2   0 2  0 0  0 0  0 0
    12  -.1453577953541341E-03   2   1 0  1 0  0 0  0 0
    13  0.1711722601897604E-05   2   0 1  1 0  0 0  0 0
    14  -.3650070513524920E-05   2   0 0  2 0  0 0  0 0
    15  0.2391106771893398E-04   2   1 0  0 1  0 0  0 0
    16  0.1127941797228435E-04   2   0 1  0 1  0 0  0 0
    17  0.4157257667668687E-05   2   0 0  1 1  0 0  0 0
    18  0.2214179053452148E-05   2   0 0  0 2  0 0  0 0
    19  0.1160936631397018E-04   2   1 0  0 0  0 1  0 0
    20  0.5916642353821114E-05   2   0 1  0 0  0 1  0 0
    21  -.9450403102476025E-01   2   0 0  1 0  0 1  0 0
    22  -.3775134381196409       2   0 0  0 1  0 1  0 0
    23  0.1159374297591534E-04   2   1 0  0 0  0 0  1 0
    24  0.5908680015383071E-05   2   0 1  0 0  0 0  1 0
    25  -.9437685195362805E-01   2   0 0  1 0  0 0  1 0
    26  -.3770053983262123       2   0 0  0 1  0 0  1 0
    27  -.2320310928988547E-04   2   1 0  0 0  0 0  0 1
    28  -.5911977778218887E-05   2   0 1  0 0  0 0  0 1
    29  0.1888808829783876       2   0 0  1 0  0 0  0 1
    30  0.4724206172071772E-01   2   0 0  0 1  0 0  0 1
    31  0.2723401270143882E-06   2   0 0  0 0  0 2  0 0
    32  0.1854459104601399E-06   2   0 0  0 0  0 1  1 0
    33  0.2718488423352938E-06   2   0 0  0 0  0 0  2 0
    34  -.3706589661420217E-06   2   0 0  0 0  0 1  0 1
    35  -.3701601507739480E-06   2   0 0  0 0  0 0  1 1
    36  0.1118296432418086E-07   2   0 0  0 0  0 0  0 2
    37  0.6116551301273801E-05   3   3 0  0 0  0 0  0 0
    38  -.1624021088968150E-04   3   2 1  0 0  0 0  0 0
    39  -.2384007125114915E-04   3   1 2  0 0  0 0  0 0
    40  -.8609003073017189E-05   3   0 3  0 0  0 0  0 0
    41  -.1070865198516948       3   2 0  1 0  0 0  0 0
    42  -.1587214066804684       3   1 1  1 0  0 0  0 0
    43  0.1556058303495779       3   0 2  1 0  0 0  0 0
    44  -.2682990804295934E-04   3   1 0  2 0  0 0  0 0
    45  -.5338243299232578E-04   3   0 1  2 0  0 0  0 0
    46  0.1909912865606127E-01   3   0 0  3 0  0 0  0 0
    47  0.2560613481574959       3   2 0  0 1  0 0  0 0
    48  -.5671987057816673E-01   3   1 1  0 1  0 0  0 0
    49  0.3757127774314962       3   0 2  0 1  0 0  0 0
    50  -.3987439661083105E-04   3   1 0  1 1  0 0  0 0
    51  -.3926999395427285E-04   3   0 1  1 1  0 0  0 0
    52  0.3998114537857363       3   0 0  2 1  0 0  0 0
    53  -.4401553922103599E-04   3   1 0  0 2  0 0  0 0
    54  -.1933293087234250E-04   3   0 1  0 2  0 0  0 0
    55  0.4208546057809922       3   0 0  1 2  0 0  0 0
    56  0.4403203068601147       3   0 0  0 3  0 0  0 0
    57  -.2077212549664240E-05   3   2 0  0 0  0 1  0 0
    58  0.1123912051676716E-05   3   1 1  0 0  0 1  0 0
    59  -.4346464383279071E-06   3   0 2  0 0  0 1  0 0
    60  0.7949817143283278E-04   3   1 0  1 0  0 1  0 0
    61  0.9119548392506744E-07   3   0 1  1 0  0 1  0 0
    62  0.1499929049776957E-05   3   0 0  2 0  0 1  0 0
    63  -.2263028022506676E-04   3   1 0  0 1  0 1  0 0
    64  -.1633162310657346E-04   3   0 1  0 1  0 1  0 0
    65  -.4983953469292191E-05   3   0 0  1 1  0 1  0 0
    66  -.3529102619032430E-05   3   0 0  0 2  0 1  0 0
    67  -.2074417134910535E-05   3   2 0  0 0  0 0  1 0
    68  0.1122399543805700E-05   3   1 1  0 0  0 0  1 0
    69  -.4340615116354182E-06   3   0 2  0 0  0 0  1 0
    70  0.7939118654033755E-04   3   1 0  1 0  0 0  1 0
    71  0.9107275734074360E-07   3   0 1  1 0  0 0  1 0
    72  0.1497910515950974E-05   3   0 0  2 0  0 0  1 0
    73  -.2259982546046822E-04   3   1 0  0 1  0 0  1 0
    74  -.1630964477788054E-04   3   0 1  0 1  0 0  1 0
    75  -.4977246299598933E-05   3   0 0  1 1  0 0  1 0
    76  -.3524353319048558E-05   3   0 0  0 2  0 0  1 0
    77  0.4151629684574753E-05   3   2 0  0 0  0 0  0 1
    78  -.1372493320717671E-05   3   1 1  0 0  0 0  0 1
    79  0.2165434684126326E-06   3   0 2  0 0  0 0  0 1
    80  -.1588893579731652E-03   3   1 0  1 0  0 0  0 1
    81  -.1893990843172241E-05   3   0 1  1 0  0 0  0 1
    82  -.2997839565728468E-05   3   0 0  2 0  0 0  0 1
    83  0.2131903796661196E-04   3   1 0  0 1  0 0  0 1
    84  0.1008243193986707E-04   3   0 1  0 1  0 0  0 1
    85  0.5803942101221344E-05   3   0 0  1 1  0 0  0 1
    86  0.2625097831176176E-05   3   0 0  0 2  0 0  0 1
    87  -.8709342224356337E-05   3   1 0  0 0  0 2  0 0
    88  -.5920365094950497E-05   3   0 1  0 0  0 2  0 0
    89  0.7205285758759475E-01   3   0 0  1 0  0 2  0 0
    90  0.2950855403939924       3   0 0  0 1  0 2  0 0
    91  -.5817330299053740E-05   3   1 0  0 0  0 1  1 0
    92  -.5921383333557289E-05   3   0 1  0 0  0 1  1 0
    93  0.4966195264148400E-01   3   0 0  1 0  0 1  1 0
    94  0.2128788366809856       3   0 0  0 1  0 1  1 0
    95  -.8693707257571810E-05   3   1 0  0 0  0 0  2 0
    96  -.5908413387316566E-05   3   0 1  0 0  0 0  2 0
    97  0.7192247588989746E-01   3   0 0  1 0  0 0  2 0
    98  0.2945451870277433       3   0 0  0 1  0 0  2 0
    99  0.1162714481254380E-04   3   1 0  0 0  0 1  0 1
   100  0.5918415894216083E-05   3   0 1  0 0  0 1  0 1
   101  -.9926367043300417E-01   3   0 0  1 0  0 1  0 1
   102  -.4802312815431843E-01   3   0 0  0 1  0 1  0 1
   103  0.1161149754902349E-04   3   1 0  0 0  0 0  1 1
   104  0.5910451169030964E-05   3   0 1  0 0  0 0  1 1
   105  -.9913008606347093E-01   3   0 0  1 0  0 0  1 1
   106  -.4795850089170051E-01   3   0 0  0 1  0 0  1 1
   107  -.1806359593316697E-07   3   1 0  0 0  0 0  0 2
   108  -.1902633410792610E-08   3   0 1  0 0  0 0  0 2
   109  0.4756449108010059E-02   3   0 0  1 0  0 0  0 2
   110  0.7487578437776602E-03   3   0 0  0 1  0 0  0 2
   111  -.2288149804500255E-06   3   0 0  0 0  0 3  0 0
   112  -.1418229728258553E-06   3   0 0  0 0  0 2  1 0
   113  -.1419979558673483E-06   3   0 0  0 0  0 1  2 0
   114  -.2282577872094723E-06   3   0 0  0 0  0 0  3 0
   115  0.2835857064550533E-06   3   0 0  0 0  0 2  0 1
   116  0.1967461337575167E-06   3   0 0  0 0  0 1  1 1
   117  0.2830716843517162E-06   3   0 0  0 0  0 0  2 1
   118  -.1129971798132705E-07   3   0 0  0 0  0 1  0 2
   119  -.1128451135340706E-07   3   0 0  0 0  0 0  1 2
   120  0.7276687589598663E-10   3   0 0  0 0  0 0  0 3
   121  0.2732099640361068E-06   4   4 0  0 0  0 0  0 0
   122  -.5322196881191380E-06   4   3 1  0 0  0 0  0 0
   123  -.1587647290978063E-05   4   2 2  0 0  0 0  0 0
   124  -.4341791681221656E-06   4   1 3  0 0  0 0  0 0
   125  -.2519683771703745E-05   4   0 4  0 0  0 0  0 0
   126  0.9897932764265326E-04   4   3 0  1 0  0 0  0 0
   127  0.1901960940816565E-03   4   2 1  1 0  0 0  0 0
   128  -.2575834429640126E-04   4   1 2  1 0  0 0  0 0
   129  -.1090053396505144E-03   4   0 3  1 0  0 0  0 0
   130  0.8146131985791716E-05   4   2 0  2 0  0 0  0 0
   131  0.4997109724610955E-05   4   1 1  2 0  0 0  0 0
   132  -.1229545553319502E-04   4   0 2  2 0  0 0  0 0
   133  0.3190954375861390E-04   4   1 0  3 0  0 0  0 0
   134  0.6510049045459437E-04   4   0 1  3 0  0 0  0 0
   135  0.1581003105047969E-05   4   0 0  4 0  0 0  0 0
   136  -.4687650991352263E-04   4   3 0  0 1  0 0  0 0
   137  0.2793137295862425E-03   4   2 1  0 1  0 0  0 0
   138  0.2027653630818798E-03   4   1 2  0 1  0 0  0 0
   139  -.1344181139233452E-03   4   0 3  0 1  0 0  0 0
   140  -.6508026894371974E-06   4   2 0  1 1  0 0  0 0
   141  0.1201504065635339E-04   4   1 1  1 1  0 0  0 0
   142  -.7325340054292569E-05   4   0 2  1 1  0 0  0 0
   143  -.5559660681744196E-04   4   1 0  2 1  0 0  0 0
   144  0.1217443370661141E-03   4   0 1  2 1  0 0  0 0
   145  -.7183276770737553E-05   4   0 0  3 1  0 0  0 0
   146  -.5246281448226685E-05   4   2 0  0 2  0 0  0 0
   147  -.2544027123381273E-05   4   1 1  0 2  0 0  0 0
   148  -.1455671675528656E-04   4   0 2  0 2  0 0  0 0
   149  0.2623628268120035E-04   4   1 0  1 2  0 0  0 0
   150  -.1712607495950003E-04   4   0 1  1 2  0 0  0 0
   151  -.1346530740809224E-04   4   0 0  2 2  0 0  0 0
   152  0.1006182828364600E-03   4   1 0  0 3  0 0  0 0
   153  -.1317953410695612E-03   4   0 1  0 3  0 0  0 0
   154  -.1005480101594063E-04   4   0 0  1 3  0 0  0 0
   155  -.1185414461336528E-04   4   0 0  0 4  0 0  0 0
   156  -.5111857935581523E-05   4   3 0  0 0  0 1  0 0
   157  0.8841287243573296E-05   4   2 1  0 0  0 1  0 0
   158  0.3198221239086416E-04   4   1 2  0 0  0 1  0 0
   159  0.1669963657288236E-04   4   0 3  0 0  0 1  0 0
   160  0.9787806981277734E-01   4   2 0  1 0  0 1  0 0
   161  0.2349720725410097       4   1 1  1 0  0 1  0 0
   162  -.2217872566572948       4   0 2  1 0  0 1  0 0
   163  0.2808537514362936E-04   4   1 0  2 0  0 1  0 0
   164  0.6436262053594364E-04   4   0 1  2 0  0 1  0 0
   165  -.2864535564910055E-01   4   0 0  3 0  0 1  0 0
   166  -.2592924203964544       4   2 0  0 1  0 1  0 0
   167  0.1016473747307526       4   1 1  0 1  0 1  0 0
   168  -.5832220232946549       4   0 2  0 1  0 1  0 0
   169  0.6100070301576984E-04   4   1 0  1 1  0 1  0 0
   170  0.6884770812410647E-04   4   0 1  1 1  0 1  0 0
   171  -.4841249262743739       4   0 0  2 1  0 1  0 0
   172  0.7087097606003846E-04   4   1 0  0 2  0 1  0 0
   173  0.4060342584499659E-04   4   0 1  0 2  0 1  0 0
   174  -.6771831452017842       4   0 0  1 2  0 1  0 0
   175  -.7222186022430073       4   0 0  0 3  0 1  0 0
   176  -.5104978638085316E-05   4   3 0  0 0  0 0  1 0
   177  0.8829389055876297E-05   4   2 1  0 0  0 0  1 0
   178  0.3193917223669799E-04   4   1 2  0 0  0 0  1 0
   179  0.1667716298900933E-04   4   0 3  0 0  0 0  1 0
   180  0.9774635011925649E-01   4   2 0  1 0  0 0  1 0
   181  0.2346558581996343       4   1 1  1 0  0 0  1 0
   182  -.2214887858197568       4   0 2  1 0  0 0  1 0
   183  0.2804757916937817E-04   4   1 0  2 0  0 0  1 0
   184  0.6427600435453159E-04   4   0 1  2 0  0 0  1 0
   185  -.2860680607947311E-01   4   0 0  3 0  0 0  1 0
   186  -.2589434768771131       4   2 0  0 1  0 0  1 0
   187  0.1015105824843144       4   1 1  0 1  0 0  1 0
   188  -.5824371505820094       4   0 2  0 1  0 0  1 0
   189  0.6091861114451489E-04   4   1 0  1 1  0 0  1 0
   190  0.6875505612319370E-04   4   0 1  1 1  0 0  1 0
   191  -.4834734137646114       4   0 0  2 1  0 0  1 0
   192  0.7077560124049058E-04   4   1 0  0 2  0 0  1 0
   193  0.4054878366806729E-04   4   0 1  0 2  0 0  1 0
   194  -.6762718240395125       4   0 0  1 2  0 0  1 0
   195  -.7212466744850923       4   0 0  0 3  0 0  1 0
   196  0.1021683657366687E-04   4   3 0  0 0  0 0  0 1
   197  -.1430465409767903E-05   4   2 1  0 0  0 0  0 1
   198  -.1624124212526378E-04   4   1 2  0 0  0 0  0 1
   199  -.7549790342807139E-05   4   0 3  0 0  0 0  0 1
   200  -.1956244199320342       4   2 0  1 0  0 0  0 1
   201  -.3109065240601765       4   1 1  1 0  0 0  0 1
   202  0.1320643817778948       4   0 2  1 0  0 0  0 1
   203  -.5613295431300611E-04   4   1 0  2 0  0 0  0 1
   204  -.7525619189814706E-04   4   0 1  2 0  0 0  0 1
   205  0.5725216172856654E-01   4   0 0  3 0  0 0  0 1
   206  0.2621745491160702       4   2 0  0 1  0 0  0 1
   207  -.8971821605873424E-01   4   1 1  0 1  0 0  0 1
   208  0.3852084158217597E-01   4   0 2  0 1  0 0  0 1
   209  -.8204491754944872E-04   4   1 0  1 1  0 0  0 1
   210  -.5906277633874982E-04   4   0 1  1 1  0 0  0 1
   211  0.5677868862532113       4   0 0  2 1  0 0  0 1
   212  -.5361549885845455E-04   4   1 0  0 2  0 0  0 1
   213  -.2315341689603395E-04   4   0 1  0 2  0 0  0 1
   214  0.5117457576792750       4   0 0  1 2  0 0  0 1
   215  0.1225043561477430       4   0 0  0 3  0 0  0 1
   216  -.2130965152686407E-05   4   2 0  0 0  0 2  0 0
   217  -.1266296334905466E-05   4   1 1  0 0  0 2  0 0
   218  -.6145435765525235E-05   4   0 2  0 0  0 2  0 0
   219  -.3319045073093233E-04   4   1 0  1 0  0 2  0 0
   220  -.1099685194149613E-03   4   0 1  1 0  0 2  0 0
   221  -.7233558547147984E-05   4   0 0  2 0  0 2  0 0
   222  0.4021226924030935E-04   4   1 0  0 1  0 2  0 0
   223  -.1980775938379826E-03   4   0 1  0 1  0 2  0 0
   224  -.8284352329915271E-05   4   0 0  1 1  0 2  0 0
   225  -.1643489053265370E-04   4   0 0  0 2  0 2  0 0
   226  -.2614410811605271E-05   4   2 0  0 0  0 1  1 0
   227  -.1211609527655878E-05   4   1 1  0 0  0 1  1 0
   228  -.7465768460807971E-05   4   0 2  0 0  0 1  1 0
   229  -.1327846438523565E-04   4   1 0  1 0  0 1  1 0
   230  -.1291175841113262E-03   4   0 1  1 0  0 1  1 0
   231  -.7228907341025305E-05   4   0 0  2 0  0 1  1 0
   232  0.4313336876851663E-04   4   1 0  0 1  0 1  1 0
   233  -.2402700142187338E-03   4   0 1  0 1  0 1  1 0
   234  -.1060553685648031E-04   4   0 0  1 1  0 1  1 0
   235  -.2005800437367357E-04   4   0 0  0 2  0 1  1 0
   236  -.2126338224783671E-05   4   2 0  0 0  0 0  2 0
   237  -.1263776949477583E-05   4   1 1  0 0  0 0  2 0
   238  -.6132141988022409E-05   4   0 2  0 0  0 0  2 0
   239  -.3313684982076030E-04   4   1 0  1 0  0 0  2 0
   240  -.1097336487843737E-03   4   0 1  1 0  0 0  2 0
   241  -.7218959803552864E-05   4   0 0  2 0  0 0  2 0
   242  0.4012913003606537E-04   4   1 0  0 1  0 0  2 0
   243  -.1976493583164737E-03   4   0 1  0 1  0 0  2 0
   244  -.8266067423130374E-05   4   0 0  1 1  0 0  2 0
   245  -.1639927667302372E-04   4   0 0  0 2  0 0  2 0
   246  0.1262058867809148E-05   4   2 0  0 0  0 1  0 1
   247  0.1190426398674019E-05   4   1 1  0 0  0 1  0 1
   248  0.7546990871602733E-06   4   0 2  0 0  0 1  0 1
   249  0.3860305298249932E-04   4   1 0  1 0  0 1  0 1
   250  0.9421416379091452E-04   4   0 1  1 0  0 1  0 1
   251  0.8210899641208348E-05   4   0 0  2 0  0 1  0 1
   252  -.4667337531497476E-04   4   1 0  0 1  0 1  0 1
   253  0.2022552626833048E-04   4   0 1  0 1  0 1  0 1
   254  0.5197099204353300E-05   4   0 0  1 1  0 1  0 1
   255  -.7997891789639945E-07   4   0 0  0 2  0 1  0 1
   256  0.1260360448463623E-05   4   2 0  0 0  0 0  1 1
   257  0.1188824378929538E-05   4   1 1  0 0  0 0  1 1
   258  0.7536834486965115E-06   4   0 2  0 0  0 0  1 1
   259  0.3855110281309452E-04   4   1 0  1 0  0 0  1 1
   260  0.9408737480944453E-04   4   0 1  1 0  0 0  1 1
   261  0.8199849799437519E-05   4   0 0  2 0  0 0  1 1
   262  -.4661056448611589E-04   4   1 0  0 1  0 0  1 1
   263  0.2019830770827465E-04   4   0 1  0 1  0 0  1 1
   264  0.5190105193174897E-05   4   0 0  1 1  0 0  1 1
   265  -.7987128603796157E-07   4   0 0  0 2  0 0  1 1
   266  0.4285213131639898E-06   4   2 0  0 0  0 0  0 2
   267  0.1251856922772708E-06   4   1 1  0 0  0 0  0 2
   268  -.7825819133115875E-08   4   0 2  0 0  0 0  0 2
   269  0.1020997034001625E-04   4   1 0  1 0  0 0  0 2
   270  -.1214104015182955E-05   4   0 1  1 0  0 0  0 2
   271  -.9939945509678737E-07   4   0 0  2 0  0 0  0 2
   272  0.6256218661512505E-05   4   1 0  0 1  0 0  0 2
   273  0.6648537027404995E-06   4   0 1  0 1  0 0  0 2
   274  0.9095999540833582E-06   4   0 0  1 1  0 0  0 2
   275  0.2852424842836216E-06   4   0 0  0 2  0 0  0 2
   276  0.7261327784094111E-05   4   1 0  0 0  0 3  0 0
   277  0.5918254141163402E-05   4   0 1  0 0  0 3  0 0
   278  -.6084079780900707E-01   4   0 0  1 0  0 3  0 0
   279  -.2539936278041941       4   0 0  0 1  0 3  0 0
   280  0.4367119245868469E-05   4   1 0  0 0  0 2  1 0
   281  0.5916552504838126E-05   4   0 1  0 0  0 2  1 0
   282  -.3843180091984004E-01   4   0 0  1 0  0 2  1 0
   283  -.1718650505842150       4   0 0  0 1  0 2  1 0
   284  0.4372941854097844E-05   4   1 0  0 0  0 1  2 0
   285  0.5916539862432620E-05   4   0 1  0 0  0 1  2 0
   286  -.3847687109904823E-01   4   0 0  1 0  0 1  2 0
   287  -.1720301477441292       4   0 0  0 1  0 1  2 0
   288  0.7243735286773730E-05   4   1 0  0 0  0 0  3 0
   289  0.5902331635953752E-05   4   0 1  0 0  0 0  3 0
   290  -.6069215781334940E-01   4   0 0  1 0  0 0  3 0
   291  -.2533654208182125       4   0 0  0 1  0 0  3 0
   292  -.8732082430950168E-05   4   1 0  0 0  0 2  0 1
   293  -.5920130368703047E-05   4   0 1  0 0  0 2  0 1
   294  0.7684844846760230E-01   4   0 0  1 0  0 2  0 1
   295  0.4858923067757728E-01   4   0 0  0 1  0 2  0 1
   296  -.5844791069024300E-05   4   1 0  0 0  0 1  1 1
   297  -.5921829510148480E-05   4   0 1  0 0  0 1  1 1
   298  0.5449337742930579E-01   4   0 0  1 0  0 1  1 1
   299  0.4915372256031876E-01   4   0 0  0 1  0 1  1 1
   300  -.8716398383762534E-05   4   1 0  0 0  0 0  2 1
   301  -.5908178676725347E-05   4   0 1  0 0  0 0  2 1
   302  0.7670836213781712E-01   4   0 0  1 0  0 0  2 1
   303  0.4849076719921915E-01   4   0 0  0 1  0 0  2 1
   304  0.2714867958975140E-07   4   1 0  0 0  0 1  0 2
   305  0.3809964149243956E-08   4   0 1  0 0  0 1  0 2
   306  -.4831455881205652E-02   4   0 0  1 0  0 1  0 2
   307  -.1131396414839591E-02   4   0 0  0 1  0 1  0 2
   308  0.2711214417623416E-07   4   1 0  0 0  0 0  1 2
   309  0.3804836879055574E-08   4   0 1  0 0  0 0  1 2
   310  -.4824953935579433E-02   4   0 0  1 0  0 0  1 2
   311  -.1129873834865495E-02   4   0 0  0 1  0 0  1 2
   312  -.6044543958531981E-08   4   1 0  0 0  0 0  0 3
   313  -.6356335940829456E-09   4   0 1  0 0  0 0  0 3
   314  0.4783720025496246E-04   4   0 0  1 0  0 0  0 3
   315  0.4998906123925806E-05   4   0 0  0 1  0 0  0 3
   316  -.1513003454642479E-05   4   0 0  0 0  0 4  0 0
   317  -.8986333538632431E-06   4   0 0  0 0  0 3  1 0
   318  -.8167957579148055E-06   4   0 0  0 0  0 2  2 0
   319  -.9003907737053241E-06   4   0 0  0 0  0 1  3 0
   320  -.1508329083673976E-05   4   0 0  0 0  0 0  4 0
   321  -.6939554624535747E-08   4   0 0  0 0  0 3  0 1
   322  0.2343606880896764E-07   4   0 0  0 0  0 2  1 1
   323  0.2337477053509214E-07   4   0 0  0 0  0 1  2 1
   324  -.6941294603145331E-08   4   0 0  0 0  0 0  3 1
   325  0.5770394285704216E-08   4   0 0  0 0  0 2  0 2
   326  0.7223043991898006E-08   4   0 0  0 0  0 1  1 2
   327  0.5757768544926150E-08   4   0 0  0 0  0 0  2 2
   328  -.5819100317552756E-10   4   0 0  0 0  0 1  0 3
   329  -.5811269246590089E-10   4   0 0  0 0  0 0  1 3
   ----------------------------------------------------
     I  COEFFICIENT            ORDER EXPONENTS
     1  0.2467937146268193E-05   0   0 0  0 0  0 0  0 0
     2  -.6613256583684488E-04   1   1 0  0 0  0 0  0 0
     3  -.2049857457611341E-04   1   0 1  0 0  0 0  0 0
     4  0.5324120663382215       1   0 0  1 0  0 0  0 0
     5   1.162468519709720       1   0 0  0 1  0 0  0 0
     6  -.3731555813660910E-07   1   0 0  0 0  0 1  0 0
     7  -.3726534061709449E-07   1   0 0  0 0  0 0  1 0
     8  0.2542518045021872E-05   1   0 0  0 0  0 0  0 1
     9  0.6454063857224559E-06   2   2 0  0 0  0 0  0 0
    10  -.8809909138979878E-05   2   1 1  0 0  0 0  0 0
    11  -.1438449330985038E-05   2   0 2  0 0  0 0  0 0
    12  -.8100289204342912E-04   2   1 0  1 0  0 0  0 0
    13  0.1187648181811700E-03   2   0 1  1 0  0 0  0 0
    14  -.1954590792077057E-05   2   0 0  2 0  0 0  0 0
    15  0.1050632402669239E-03   2   1 0  0 1  0 0  0 0
    16  0.7432619129959366E-04   2   0 1  0 1  0 0  0 0
    17  0.6700737304693749E-05   2   0 0  1 1  0 0  0 0
    18  0.9564290096837662E-06   2   0 0  0 2  0 0  0 0
    19  0.3651614307144257E-07   2   1 0  0 0  0 1  0 0
    20  0.1025877797700984E-04   2   0 1  0 0  0 1  0 0
    21  -.1047621173077752E-01   2   0 0  1 0  0 1  0 0
    22  -.8321791827111519E-01   2   0 0  0 1  0 1  0 0
    23  0.3646700136705689E-07   2   1 0  0 0  0 0  1 0
    24  0.1024497219708786E-04   2   0 1  0 0  0 0  1 0
    25  -.1046211333875716E-01   2   0 0  1 0  0 0  1 0
    26  -.8310592751863093E-01   2   0 0  0 1  0 0  1 0
    27  -.6620554898128326E-04   2   1 0  0 0  0 0  0 1
    28  -.2050375017409762E-04   2   0 1  0 0  0 0  0 1
    29  0.5533503914077542       2   0 0  1 0  0 0  0 1
    30  0.1663238457897445       2   0 0  0 1  0 0  0 1
    31  0.2396482663518757E-07   2   0 0  0 0  0 2  0 0
    32  0.1065011950245682E-07   2   0 0  0 0  0 1  1 0
    33  0.2392540970931161E-07   2   0 0  0 0  0 0  2 0
    34  -.5858021442076500E-07   2   0 0  0 0  0 1  0 1
    35  -.5850137992900012E-07   2   0 0  0 0  0 0  1 1
    36  0.5854094886194468E-07   2   0 0  0 0  0 0  0 2
    37  0.2333267655429597E-04   3   3 0  0 0  0 0  0 0
    38  0.2243750948826070E-04   3   2 1  0 0  0 0  0 0
    39  0.7660911436404829E-05   3   1 2  0 0  0 0  0 0
    40  -.9321287534643125E-05   3   0 3  0 0  0 0  0 0
    41  -.5094874333309245       3   2 0  1 0  0 0  0 0
    42  -.4652554902890323       3   1 1  1 0  0 0  0 0
    43  0.1973173433888685       3   0 2  1 0  0 0  0 0
    44  -.6035160761779228E-04   3   1 0  2 0  0 0  0 0
    45  -.2047055394959298E-04   3   0 1  2 0  0 0  0 0
    46  -.2203082516629823       3   0 0  3 0  0 0  0 0
    47  -.8405353271002974E-01   3   2 0  0 1  0 0  0 0
    48  -.1475749393527685       3   1 1  0 1  0 0  0 0
    49  0.1340219981959024       3   0 2  0 1  0 0  0 0
    50  -.3621107859129096E-04   3   1 0  1 1  0 0  0 0
    51  0.5262590793761420E-04   3   0 1  1 1  0 0  0 0
    52  -.2712433226569627       3   0 0  2 1  0 0  0 0
    53  -.6040270318738264E-05   3   1 0  0 2  0 0  0 0
    54  0.7819330424587623E-05   3   0 1  0 2  0 0  0 0
    55  -.3652714799729108       3   0 0  1 2  0 0  0 0
    56  -.1246517413415570E-01   3   0 0  0 3  0 0  0 0
    57  -.3952570287888139E-06   3   2 0  0 0  0 1  0 0
    58  0.4760977904614578E-05   3   1 1  0 0  0 1  0 0
    59  0.1524670549274614E-05   3   0 2  0 0  0 1  0 0
    60  0.4132826858638421E-04   3   1 0  1 0  0 1  0 0
    61  -.5273447988984868E-04   3   0 1  1 0  0 1  0 0
    62  0.1191140396957243E-05   3   0 0  2 0  0 1  0 0
    63  -.3974974745953108E-04   3   1 0  0 1  0 1  0 0
    64  -.7083923075963716E-04   3   0 1  0 1  0 1  0 0
    65  -.2531790823191404E-05   3   0 0  1 1  0 1  0 0
    66  -.7623129431200605E-06   3   0 0  0 2  0 1  0 0
    67  -.3947251105072772E-06   3   2 0  0 0  0 0  1 0
    68  0.4754570804927648E-05   3   1 1  0 0  0 0  1 0
    69  0.1522618719504600E-05   3   0 2  0 0  0 0  1 0
    70  0.4127265095025444E-04   3   1 0  1 0  0 0  1 0
    71  -.5266351231210256E-04   3   0 1  1 0  0 0  1 0
    72  0.1189537416347567E-05   3   0 0  2 0  0 0  1 0
    73  -.3969625412274100E-04   3   1 0  0 1  0 0  1 0
    74  -.7074389866141924E-04   3   0 1  0 1  0 0  1 0
    75  -.2528383658420725E-05   3   0 0  1 1  0 0  1 0
    76  -.7612870582877304E-06   3   0 0  0 2  0 0  1 0
    77  0.1435388525018550E-05   3   2 0  0 0  0 0  0 1
    78  -.9515548709542231E-05   3   1 1  0 0  0 0  0 1
    79  -.1608839937913692E-05   3   0 2  0 0  0 0  0 1
    80  -.1636038115800680E-03   3   1 0  1 0  0 0  0 1
    81  0.1053979922019505E-03   3   0 1  1 0  0 0  0 1
    82  -.4335268605382198E-05   3   0 0  2 0  0 0  0 1
    83  0.7944600158227143E-04   3   1 0  0 1  0 0  0 1
    84  0.6725693812146279E-04   3   0 1  0 1  0 0  0 1
    85  0.5060174481611598E-05   3   0 0  1 1  0 0  0 1
    86  0.5671709917237136E-06   3   0 0  0 2  0 0  0 1
    87  -.3571421716053650E-07   3   1 0  0 0  0 2  0 0
    88  -.7697150838277028E-05   3   0 1  0 0  0 2  0 0
    89  0.7927308657053853E-02   3   0 0  1 0  0 2  0 0
    90  0.6337356538819992E-01   3   0 0  0 1  0 2  0 0
    91  -.3555942129795083E-07   3   1 0  0 0  0 1  1 0
    92  -.5141258491845686E-05   3   0 1  0 0  0 1  1 0
    93  0.5385263428542445E-02   3   0 0  1 0  0 1  1 0
    94  0.4358248317834840E-01   3   0 0  0 1  0 1  1 0
    95  -.3564222755017024E-07   3   1 0  0 0  0 0  2 0
    96  -.7683332943743329E-05   3   0 1  0 0  0 0  2 0
    97  0.7913016841802107E-02   3   0 0  1 0  0 0  2 0
    98  0.6325895460464806E-01   3   0 0  0 1  0 0  2 0
    99  0.1081182369819659E-06   3   1 0  0 0  0 1  0 1
   100  0.1027350374950096E-04   3   0 1  0 0  0 1  0 1
   101  -.2123991345821278E-01   3   0 0  1 0  0 1  0 1
   102  -.8711172402539526E-01   3   0 0  0 1  0 1  0 1
   103  0.1079727365541301E-06   3   1 0  0 0  0 0  1 1
   104  0.1025967815232839E-04   3   0 1  0 0  0 0  1 1
   105  -.2121132978368398E-01   3   0 0  1 0  0 0  1 1
   106  -.8699449317263599E-01   3   0 0  0 1  0 0  1 1
   107  -.1088503846552763E-06   3   1 0  0 0  0 0  0 2
   108  -.1365069789297292E-07   3   0 1  0 0  0 0  0 2
   109  0.2122563787646487E-01   3   0 0  1 0  0 0  0 2
   110  0.3891195462698986E-02   3   0 0  0 1  0 0  0 2
   111  -.1936984374685493E-07   3   0 0  0 0  0 3  0 0
   112  -.1018029025376497E-07   3   0 0  0 0  0 2  1 0
   113  -.1019878795900615E-07   3   0 0  0 0  0 1  2 0
   114  -.1932390240013545E-07   3   0 0  0 0  0 0  3 0
   115  0.4432436605676762E-07   3   0 0  0 0  0 2  0 1
   116  0.3010678134439806E-07   3   0 0  0 0  0 1  1 1
   117  0.4424445829294221E-07   3   0 0  0 0  0 0  2 1
   118  -.3008743934399506E-07   3   0 0  0 0  0 1  0 2
   119  -.3004694908610138E-07   3   0 0  0 0  0 0  1 2
   120  0.5311465227107650E-09   3   0 0  0 0  0 0  0 3
   121  0.1260437204166991E-05   4   4 0  0 0  0 0  0 0
   122  -.1180177127144072E-05   4   3 1  0 0  0 0  0 0
   123  -.1816299642052839E-05   4   2 2  0 0  0 0  0 0
   124  0.4740627801468052E-06   4   1 3  0 0  0 0  0 0
   125  -.1988700174152233E-05   4   0 4  0 0  0 0  0 0
   126  0.2661203585551743E-09   4   3 0  1 0  0 0  0 0
   127  -.2614289690500519E-03   4   2 1  1 0  0 0  0 0
   128  -.1126443168014541E-03   4   1 2  1 0  0 0  0 0
   129  -.8027779344764510E-04   4   0 3  1 0  0 0  0 0
   130  0.4606006657857665E-06   4   2 0  2 0  0 0  0 0
   131  -.2755216224642347E-04   4   1 1  2 0  0 0  0 0
   132  -.5065735410176972E-05   4   0 2  2 0  0 0  0 0
   133  0.4951038863342188E-09   4   1 0  3 0  0 0  0 0
   134  -.1375030312974276E-08   4   0 1  3 0  0 0  0 0
   135  -.1686469946519183E-05   4   0 0  4 0  0 0  0 0
   136  -.1307155720813778E-03   4   3 0  0 1  0 0  0 0
   137  -.1801509063140710E-03   4   2 1  0 1  0 0  0 0
   138  0.6966404888238696E-04   4   1 2  0 1  0 0  0 0
   139  -.1655419384270480E-05   4   0 3  0 1  0 0  0 0
   140  -.1324249100372299E-04   4   2 0  1 1  0 0  0 0
   141  -.3090226354223947E-04   4   1 1  1 1  0 0  0 0
   142  0.1460359943799771E-04   4   0 2  1 1  0 0  0 0
   143  -.1695714666305793E-03   4   1 0  2 1  0 0  0 0
   144  -.2290348968392281E-04   4   0 1  2 1  0 0  0 0
   145  -.1530034279751522E-04   4   0 0  3 1  0 0  0 0
   146  0.1182014504903916E-05   4   2 0  0 2  0 0  0 0
   147  -.1066946767959043E-04   4   1 1  0 2  0 0  0 0
   148  0.1685513510448118E-07   4   0 2  0 2  0 0  0 0
   149  -.9715369593278564E-04   4   1 0  1 2  0 0  0 0
   150  -.8295288118861218E-04   4   0 1  1 2  0 0  0 0
   151  -.1199130683781760E-04   4   0 0  2 2  0 0  0 0
   152  -.1486855097825694E-04   4   1 0  0 3  0 0  0 0
   153  -.1603596377272689E-04   4   0 1  0 3  0 0  0 0
   154  0.1677299374277030E-05   4   0 0  1 3  0 0  0 0
   155  0.1557345950406341E-05   4   0 0  0 4  0 0  0 0
   156  -.1148482104207472E-04   4   3 0  0 0  0 1  0 0
   157  -.2266801456454597E-04   4   2 1  0 0  0 1  0 0
   158  -.1160904698074933E-04   4   1 2  0 0  0 1  0 0
   159  0.1351520900914931E-04   4   0 3  0 0  0 1  0 0
   160  0.2364504654735571       4   2 0  1 0  0 1  0 0
   161  0.4632658729154944       4   1 1  1 0  0 1  0 0
   162  -.1675051201652985       4   0 2  1 0  0 1  0 0
   163  0.2473165913314678E-04   4   1 0  2 0  0 1  0 0
   164  0.1970037290197246E-04   4   0 1  2 0  0 1  0 0
   165  0.1310533217702530       4   0 0  3 0  0 1  0 0
   166  0.7448773831300641E-01   4   2 0  0 1  0 1  0 0
   167  0.2176266362495330       4   1 1  0 1  0 1  0 0
   168  -.1891426122887336       4   0 2  0 1  0 1  0 0
   169  0.3229845837615304E-04   4   1 0  1 1  0 1  0 0
   170  -.4662906309213617E-04   4   0 1  1 1  0 1  0 0
   171  0.2910650067120947       4   0 0  2 1  0 1  0 0
   172  0.8362255908321151E-05   4   1 0  0 2  0 1  0 0
   173  -.1065890820109898E-04   4   0 1  0 2  0 1  0 0
   174  0.4263265072688865       4   0 0  1 2  0 1  0 0
   175  0.2553853882437845E-01   4   0 0  0 3  0 1  0 0
   176  -.1146936531117714E-04   4   3 0  0 0  0 0  1 0
   177  -.2263750901885150E-04   4   2 1  0 0  0 0  1 0
   178  -.1159342407243810E-04   4   1 2  0 0  0 0  1 0
   179  0.1349702087781471E-04   4   0 3  0 0  0 0  1 0
   180  0.2361322615806470       4   2 0  1 0  0 0  1 0
   181  0.4626424315366890       4   1 1  1 0  0 0  1 0
   182  -.1672796996688226       4   0 2  1 0  0 0  1 0
   183  0.2469837643184756E-04   4   1 0  2 0  0 0  1 0
   184  0.1967386106856708E-04   4   0 1  2 0  0 0  1 0
   185  0.1308769563861464       4   0 0  3 0  0 0  1 0
   186  0.7438749622527088E-01   4   2 0  0 1  0 0  1 0
   187  0.2173337645788560       4   1 1  0 1  0 0  1 0
   188  -.1888880730751007       4   0 2  0 1  0 0  1 0
   189  0.3225499263304366E-04   4   1 0  1 1  0 0  1 0
   190  -.4656631189657840E-04   4   0 1  1 1  0 0  1 0
   191  0.2906733051434835       4   0 0  2 1  0 0  1 0
   192  0.8351002378419112E-05   4   1 0  0 2  0 0  1 0
   193  -.1064456394477922E-04   4   0 1  0 2  0 0  1 0
   194  0.4257527771474763       4   0 0  1 2  0 0  1 0
   195  0.2550417026241901E-01   4   0 0  0 3  0 0  1 0
   196  0.4628686290754775E-04   4   3 0  0 0  0 0  0 1
   197  0.4530552358339755E-04   4   2 1  0 0  0 0  0 1
   198  0.1554155961678280E-04   4   1 2  0 0  0 0  0 1
   199  -.8369654817490362E-05   4   0 3  0 0  0 0  0 1
   200  -.9820701603851277       4   2 0  1 0  0 0  0 1
   201  -.9259083044521839       4   1 1  1 0  0 0  0 1
   202  0.1374674764452512       4   0 2  1 0  0 0  0 1
   203  -.1097816431827862E-03   4   1 0  2 0  0 0  0 1
   204  -.3937423397053832E-04   4   0 1  2 0  0 0  0 1
   205  -.4822385298193828       4   0 0  3 0  0 0  0 1
   206  -.1488752345382770       4   2 0  0 1  0 0  0 1
   207  -.2873854614756219       4   1 1  0 1  0 0  0 1
   208  0.1099866889720297       4   0 2  0 1  0 0  0 1
   209  -.6455345100919402E-04   4   1 0  1 1  0 0  0 1
   210  0.4056946705110203E-04   4   0 1  1 1  0 0  0 1
   211  -.5817383118555981       4   0 0  2 1  0 0  0 1
   212  -.1067298796800089E-04   4   1 0  0 2  0 0  0 1
   213  0.5664811296704241E-05   4   0 1  0 2  0 0  0 1
   214  -.4868078044434663       4   0 0  1 2  0 0  0 1
   215  -.2611236081849251E-01   4   0 0  0 3  0 0  0 1
   216  0.7101676501503925E-06   4   2 0  0 0  0 2  0 0
   217  -.6539078344022844E-06   4   1 1  0 0  0 2  0 0
   218  -.3972243845172609E-05   4   0 2  0 0  0 2  0 0
   219  0.5292433285363919E-04   4   1 0  1 0  0 2  0 0
   220  -.7946402144868850E-04   4   0 1  1 0  0 2  0 0
   221  0.2825277243921734E-05   4   0 0  2 0  0 2  0 0
   222  0.7278090771248279E-04   4   1 0  0 1  0 2  0 0
   223  -.1827383980186515E-04   4   0 1  0 1  0 2  0 0
   224  0.1426356046013027E-04   4   0 0  1 1  0 2  0 0
   225  0.3476654509898386E-05   4   0 0  0 2  0 2  0 0
   226  0.4286533877879560E-06   4   2 0  0 0  0 1  1 0
   227  0.7542124459992919E-06   4   1 1  0 0  0 1  1 0
   228  -.4389409642698092E-05   4   0 2  0 0  0 1  1 0
   229  0.6376125328486708E-04   4   1 0  1 0  0 1  1 0
   230  -.9468700581977506E-04   4   0 1  1 0  0 1  1 0
   231  0.3015433241140281E-05   4   0 0  2 0  0 1  1 0
   232  0.6399756763569096E-04   4   1 0  0 1  0 1  1 0
   233  -.3348791933439857E-04   4   0 1  0 1  0 1  1 0
   234  0.1382884420120364E-04   4   0 0  1 1  0 1  1 0
   235  0.3625129069675934E-05   4   0 0  0 2  0 1  1 0
   236  0.7089235092320926E-06   4   2 0  0 0  0 0  2 0
   237  -.6535353278388789E-06   4   1 1  0 0  0 0  2 0
   238  -.3963944656295553E-05   4   0 2  0 0  0 0  2 0
   239  0.5281020633586860E-04   4   1 0  1 0  0 0  2 0
   240  -.7929336985863812E-04   4   0 1  1 0  0 0  2 0
   241  0.2819446104985832E-05   4   0 0  2 0  0 0  2 0
   242  0.7263990014171688E-04   4   1 0  0 1  0 0  2 0
   243  -.1822671449767196E-04   4   0 1  0 1  0 0  2 0
   244  0.1423506012928374E-04   4   0 0  1 1  0 0  2 0
   245  0.3469536528180259E-05   4   0 0  0 2  0 0  2 0
   246  -.1724764254406215E-05   4   2 0  0 0  0 1  0 1
   247  0.2327739820945144E-06   4   1 1  0 0  0 1  0 1
   248  0.3230555556010859E-05   4   0 2  0 0  0 1  0 1
   249  -.8480489579807284E-04   4   1 0  1 0  0 1  0 1
   250  0.6240220053407961E-04   4   0 1  1 0  0 1  0 1
   251  -.5626413758215393E-05   4   0 0  2 0  0 1  0 1
   252  -.9715511433324136E-04   4   1 0  0 1  0 1  0 1
   253  0.8071672076763366E-06   4   0 1  0 1  0 1  0 1
   254  -.1750774341913480E-04   4   0 0  1 1  0 1  0 1
   255  -.3779999167391251E-05   4   0 0  0 2  0 1  0 1
   256  -.1722443147957959E-05   4   2 0  0 0  0 0  1 1
   257  0.2324607258396731E-06   4   1 1  0 0  0 0  1 1
   258  0.3226208026594393E-05   4   0 2  0 0  0 0  1 1
   259  -.8469076936602399E-04   4   1 0  1 0  0 0  1 1
   260  0.6231822259351470E-04   4   0 1  1 0  0 0  1 1
   261  -.5618841995743290E-05   4   0 0  2 0  0 0  1 1
   262  -.9702436755913380E-04   4   1 0  0 1  0 0  1 1
   263  0.8060809600886827E-06   4   0 1  0 1  0 0  1 1
   264  -.1748418232315272E-04   4   0 0  1 1  0 0  1 1
   265  -.3774912222656970E-05   4   0 0  0 2  0 0  1 1
   266  0.1599462964022397E-05   4   2 0  0 0  0 0  0 2
   267  0.1352917721066026E-05   4   1 1  0 0  0 0  0 2
   268  0.2205495748465173E-06   4   0 2  0 0  0 0  0 2
   269  -.1273102428140219E-09   4   1 0  1 0  0 0  0 2
   270  -.3494419224265327E-10   4   0 1  1 0  0 0  0 2
   271  0.2585099026275452E-05   4   0 0  2 0  0 0  0 2
   272  0.5445688696524855E-05   4   1 0  0 1  0 0  0 2
   273  0.7354748902469063E-06   4   0 1  0 1  0 0  0 2
   274  0.2201190552938445E-05   4   0 0  1 1  0 0  0 2
   275  0.3256097993041680E-06   4   0 0  0 2  0 0  0 2
   276  0.3628107112758616E-07   4   1 0  0 0  0 3  0 0
   277  0.6415977861861548E-05   4   0 1  0 0  0 3  0 0
   278  -.6653988940907627E-02   4   0 0  1 0  0 3  0 0
   279  -.5346256286836792E-01   4   0 0  0 1  0 3  0 0
   280  0.3684823246687766E-07   4   1 0  0 0  0 2  1 0
   281  0.3856429633343138E-05   4   0 1  0 0  0 2  1 0
   282  -.4109052940174499E-02   4   0 0  1 0  0 2  1 0
   283  -.3365392816203621E-01   4   0 0  0 1  0 2  1 0
   284  0.3684698901441144E-07   4   1 0  0 0  0 1  2 0
   285  0.3861578982918145E-05   4   0 1  0 0  0 1  2 0
   286  -.4114172146503223E-02   4   0 0  1 0  0 1  2 0
   287  -.3369376921747003E-01   4   0 0  0 1  0 1  2 0
   288  0.3618307219432860E-07   4   1 0  0 0  0 0  3 0
   289  0.6400434980200317E-05   4   0 1  0 0  0 0  3 0
   290  -.6637795847883291E-02   4   0 0  1 0  0 0  3 0
   291  -.5333202737651421E-01   4   0 0  0 1  0 0  3 0
   292  -.1089305677376555E-06   4   1 0  0 0  0 2  0 1
   293  -.7713167823143922E-05   4   0 1  0 0  0 2  0 1
   294  0.1614367848946786E-01   4   0 0  1 0  0 2  0 1
   295  0.6729445992734440E-01   4   0 0  0 1  0 2  0 1
   296  -.1097405162882547E-06   4   1 0  0 0  0 1  1 1
   297  -.5159704449799416E-05   4   0 1  0 0  0 1  1 1
   298  0.1106112159984583E-01   4   0 0  1 0  0 1  1 1
   299  0.4753037634567159E-01   4   0 0  0 1  0 1  1 1
   300  -.1087101323020507E-06   4   1 0  0 0  0 0  2 1
   301  -.7699315961856248E-05   4   0 1  0 0  0 0  2 1
   302  0.1611451031970364E-01   4   0 0  1 0  0 0  2 1
   303  0.6717191614442339E-01   4   0 0  0 1  0 0  2 1
   304  0.1090206916623023E-06   4   1 0  0 0  0 1  0 2
   305  0.2051668460696667E-07   4   0 1  0 0  0 1  0 2
   306  -.1105426641495483E-01   4   0 0  1 0  0 1  0 2
   307  -.3947915473272070E-02   4   0 0  0 1  0 1  0 2
   308  0.1088739767534740E-06   4   1 0  0 0  0 0  1 2
   309  0.2048907421974417E-07   4   0 1  0 0  0 0  1 2
   310  -.1103939010418384E-01   4   0 0  1 0  0 0  1 2
   311  -.3942602554687183E-02   4   0 0  0 1  0 0  1 2
   312  -.3634809458843871E-07   4   1 0  0 0  0 0  0 3
   313  -.4568121013083199E-08   4   0 1  0 0  0 0  0 3
   314  0.2893395475577163E-03   4   0 0  1 0  0 0  0 3
   315  0.3604236752000857E-04   4   0 0  0 1  0 0  0 3
   316  -.3949783057823755E-06   4   0 0  0 0  0 4  0 0
   317  -.2335169012590058E-06   4   0 0  0 0  0 3  1 0
   318  -.2116320836918108E-06   4   0 0  0 0  0 2  2 0
   319  -.2339792850056496E-06   4   0 0  0 0  0 1  3 0
   320  -.3937587568736273E-06   4   0 0  0 0  0 0  4 0
   321  0.4609114403646169E-06   4   0 0  0 0  0 3  0 1
   322  0.2894570406678563E-06   4   0 0  0 0  0 2  1 1
   323  0.2898018914429234E-06   4   0 0  0 0  0 1  2 1
   324  0.4597865248734831E-06   4   0 0  0 0  0 0  3 1
   325  -.1003080256007601E-07   4   0 0  0 0  0 2  0 2
   326  -.1200412114646662E-07   4   0 0  0 0  0 1  1 2
   327  -.1000922628847492E-07   4   0 0  0 0  0 0  2 2
   328  -.2380868994501335E-10   4   0 0  0 0  0 1  0 3
   329  -.2377664933214993E-10   4   0 0  0 0  0 0  1 3
   ----------------------------------------------------
     I  COEFFICIENT            ORDER EXPONENTS
     1  0.5393065466631464E-08   0   0 0  0 0  0 0  0 0
     2  -.1132946615540257E-05   1   1 0  0 0  0 0  0 0
     3  0.2156890451366352E-05   1   0 1  0 0  0 0  0 0
     4  -.1473635607375652E-06   1   0 0  1 0  0 0  0 0
     5  -.3915298108689896E-06   1   0 0  0 1  0 0  0 0
     6   1.000000000000000       1   0 0  0 0  1 0  0 0
     7  0.1649722363949773       1   0 0  0 0  0 1  0 0
     8  -.1649722363530645       1   0 0  0 0  0 0  1 0
     9  -.4191395762255561E-10   1   0 0  0 0  0 0  0 1
    10  -.1687227253392608E-01   2   2 0  0 0  0 0  0 0
    11  0.7816392681497469E-01   2   1 1  0 0  0 0  0 0
    12  -.1441013966007539       2   0 2  0 0  0 0  0 0
    13  0.2689307497017158E-06   2   1 0  1 0  0 0  0 0
    14  0.1166385127881249E-04   2   0 1  1 0  0 0  0 0
    15  -.1895472473367991E-01   2   0 0  2 0  0 0  0 0
    16  0.1166389002799602E-04   2   1 0  0 1  0 0  0 0
    17  0.5927469783747783E-05   2   0 1  0 1  0 0  0 0
    18  -.1024483795062603       2   0 0  1 1  0 0  0 0
    19  -.1899946933172060       2   0 0  0 2  0 0  0 0
    20  0.1678318126764805E-05   2   1 0  0 0  0 1  0 0
    21  -.3070669703018785E-05   2   0 1  0 0  0 1  0 0
    22  0.2337267766521230E-06   2   0 0  1 0  0 1  0 0
    23  0.6152041662172213E-06   2   0 0  0 1  0 1  0 0
    24  0.5461589667319667E-06   2   1 0  0 0  0 0  1 0
    25  -.9154446111070536E-06   2   0 1  0 0  0 0  1 0
    26  0.8644506341164648E-07   2   0 0  1 0  0 0  1 0
    27  0.2238998226927732E-06   2   0 0  0 1  0 0  1 0
    28  -.2224473385254493E-05   2   1 0  0 0  0 0  0 1
    29  0.1829209085845904E-05   2   0 1  0 0  0 0  0 1
    30  -.3201719388180335E-06   2   0 0  1 0  0 0  0 1
    31  -.4475753120293624E-06   2   0 0  0 1  0 0  0 1
    32  -.1238124878173625       2   0 0  0 0  0 2  0 0
    33  0.8265273917716670E-01   2   0 0  0 0  0 1  1 0
    34  0.4115974857760123E-01   2   0 0  0 0  0 0  2 0
    35  0.6257697973684528E-10   2   0 0  0 0  0 1  0 1
    36  0.2069154471346936E-10   2   0 0  0 0  0 0  1 1
    37  -.2067736335615084E-10   2   0 0  0 0  0 0  0 2
    38  0.4812966595397647E-05   3   3 0  0 0  0 0  0 0
    39  -.3978165584724903E-04   3   2 1  0 0  0 0  0 0
    40  0.2165271018900136E-05   3   1 2  0 0  0 0  0 0
    41  0.6545505123774753E-05   3   0 3  0 0  0 0  0 0
    42  -.1009392852146502E-05   3   2 0  1 0  0 0  0 0
    43  -.4205644073719114E-05   3   1 1  1 0  0 0  0 0
    44  0.1062657948711322E-05   3   0 2  1 0  0 0  0 0
    45  -.5042335960735704E-07   3   1 0  2 0  0 0  0 0
    46  0.2252205562731239E-04   3   0 1  2 0  0 0  0 0
    47  -.2705577468674324E-07   3   0 0  3 0  0 0  0 0
    48  -.2932737040334988E-05   3   2 0  0 1  0 0  0 0
    49  0.3433148885931625E-06   3   1 1  0 1  0 0  0 0
    50  0.1032662647523765E-06   3   0 2  0 1  0 0  0 0
    51  0.6382064830706153E-04   3   1 0  1 1  0 0  0 0
    52  -.8504863248806197E-05   3   0 1  1 1  0 0  0 0
    53  0.4246763824415688E-06   3   0 0  2 1  0 0  0 0
    54  -.1624148355755295E-04   3   1 0  0 2  0 0  0 0
    55  -.6674728765574111E-05   3   0 1  0 2  0 0  0 0
    56  -.3013023650587444E-05   3   0 0  1 2  0 0  0 0
    57  -.1284707726742308E-05   3   0 0  0 3  0 0  0 0
    58  0.2480876472415387E-01   3   2 0  0 0  0 1  0 0
    59  -.1116253659983584       3   1 1  0 0  0 1  0 0
    60  0.2063152440493095       3   0 2  0 0  0 1  0 0
    61  -.5382452518088395E-06   3   1 0  1 0  0 1  0 0
    62  -.1755585604680872E-04   3   0 1  1 0  0 1  0 0
    63  0.2897451614044950E-01   3   0 0  2 0  0 1  0 0
    64  -.1755451084662761E-04   3   1 0  0 1  0 1  0 0
    65  -.1187370038351309E-04   3   0 1  0 1  0 1  0 0
    66  0.1602142781308075       3   0 0  1 1  0 1  0 0
    67  0.2982050019527701       3   0 0  0 2  0 1  0 0
    68  0.7948482404219330E-02   3   2 0  0 0  0 0  1 0
    69  -.3352147175677810E-01   3   1 1  0 0  0 0  1 0
    70  0.6232380703292376E-01   3   0 2  0 0  0 0  1 0
    71  -.2692017113874919E-06   3   1 0  1 0  0 0  1 0
    72  -.5899561355127763E-05   3   0 1  1 0  0 0  1 0
    73  0.1003177395240960E-01   3   0 0  2 0  0 0  1 0
    74  -.5898694696668443E-05   3   1 0  0 1  0 0  1 0
    75  -.5944036401394907E-05   3   0 1  0 1  0 0  1 0
    76  0.5782584609890380E-01   3   0 0  1 1  0 0  1 0
    77  0.1083200352723789       3   0 0  0 2  0 0  1 0
    78  -.3275723804231703E-01   3   2 0  0 0  0 0  0 1
    79  0.6698295690681980E-01   3   1 1  0 0  0 0  0 1
    80  0.1956365936327551E-01   3   0 2  0 0  0 0  0 1
    81  0.8072783221296989E-06   3   1 0  1 0  0 0  0 1
    82  0.1179078596063799E-04   3   0 1  1 0  0 0  0 1
    83  -.3900627541464705E-01   3   0 0  2 0  0 0  0 1
    84  0.1179029618218671E-04   3   1 0  0 1  0 0  0 1
    85  0.5954144999671190E-05   3   0 1  0 1  0 0  0 1
    86  -.1155917510238415       3   0 0  1 1  0 0  0 1
    87  -.2653568707345104E-01   3   0 0  0 2  0 0  0 1
    88  -.2077557533669626E-05   3   1 0  0 0  0 2  0 0
    89  0.3675991051584022E-05   3   0 1  0 0  0 2  0 0
    90  -.2983108018191054E-06   3   0 0  1 0  0 2  0 0
    91  -.7960281872997366E-06   3   0 0  0 1  0 2  0 0
    92  -.7988779933169360E-06   3   1 0  0 0  0 1  1 0
    93  0.1211488378948040E-05   3   0 1  0 0  0 1  1 0
    94  -.1292268227269560E-06   3   0 0  1 0  0 1  1 0
    95  -.3617631827863494E-06   3   0 0  0 1  0 1  1 0
    96  -.4000287137022298E-06   3   1 0  0 0  0 0  2 0
    97  0.6069916288985680E-06   3   0 1  0 0  0 0  2 0
    98  -.6468342109164137E-07   3   0 0  1 0  0 0  2 0
    99  -.1810513418759562E-06   3   0 0  0 1  0 0  2 0
   100  0.3275686278132726E-05   3   1 0  0 0  0 1  0 1
   101  -.2422175441141534E-05   3   0 1  0 0  0 1  0 1
   102  0.4921213783716543E-06   3   0 0  1 0  0 1  0 1
   103  0.7234080090320806E-06   3   0 0  0 1  0 1  0 1
   104  0.1052787782920722E-05   3   1 0  0 0  0 0  1 1
   105  -.5946267197097410E-06   3   0 1  0 0  0 0  1 1
   106  0.1721483305599599E-06   3   0 0  1 0  0 0  1 1
   107  0.2760630095384299E-06   3   0 0  0 1  0 0  1 1
   108  -.1052002087815064E-05   3   1 0  0 0  0 0  0 2
   109  -.3208091793470397E-06   3   0 1  0 0  0 0  0 2
   110  -.1720488709186301E-06   3   0 0  1 0  0 0  0 2
   111  -.5216023172537202E-07   3   0 0  0 1  0 0  0 2
   112  0.1031909930642783       3   0 0  0 0  0 3  0 0
   113  -.6194804424088803E-01   3   0 0  0 0  0 2  1 0
   114  -.2070470269149623E-01   3   0 0  0 0  0 1  2 0
   115  -.2053826741020223E-01   3   0 0  0 0  0 0  3 0
   116  -.5895609605931691E-09   3   0 0  0 0  0 2  0 1
   117  -.3900566183764591E-09   3   0 0  0 0  0 1  1 1
   118  -.1950307870008380E-09   3   0 0  0 0  0 0  2 1
   119  0.3319057668329326E-10   3   0 0  0 0  0 1  0 2
   120  0.1121693300342952E-10   3   0 0  0 0  0 0  1 2
   121  0.4042404102237362E-12   3   0 0  0 0  0 0  0 3
   122  -.2395643378255146E-01   4   4 0  0 0  0 0  0 0
   123  -.3901219972375568E-01   4   3 1  0 0  0 0  0 0
   124  0.3647712535820616E-01   4   2 2  0 0  0 0  0 0
   125  0.1153614630853673       4   1 3  0 0  0 0  0 0
   126  -.8324596627648444E-01   4   0 4  0 0  0 0  0 0
   127  0.1202381323145344E-04   4   3 0  1 0  0 0  0 0
   128  0.1523076046372071E-05   4   2 1  1 0  0 0  0 0
   129  -.1247679918707769E-04   4   1 2  1 0  0 0  0 0
   130  0.1390497908107318E-04   4   0 3  1 0  0 0  0 0
   131  -.1410091396044882       4   2 0  2 0  0 0  0 0
   132  -.2803643236214502E-01   4   1 1  2 0  0 0  0 0
   133  0.8705757585164341E-01   4   0 2  2 0  0 0  0 0
   134  -.1127905038036641E-04   4   1 0  3 0  0 0  0 0
   135  0.4400555340885507E-05   4   0 1  3 0  0 0  0 0
   136  -.2684525866874897E-01   4   0 0  4 0  0 0  0 0
   137  0.2943453554845007E-05   4   3 0  0 1  0 0  0 0
   138  0.2189638491985813E-04   4   2 1  0 1  0 0  0 0
   139  0.1601573854578146E-04   4   1 2  0 1  0 0  0 0
   140  0.1072339274740842E-04   4   0 3  0 1  0 0  0 0
   141  -.8458334248877593E-01   4   2 0  1 1  0 0  0 0
   142  0.9201240074102811E-01   4   1 1  1 1  0 0  0 0
   143  -.9995376746361569E-01   4   0 2  1 1  0 0  0 0
   144  0.5894495516756958E-05   4   1 0  2 1  0 0  0 0
   145  0.5303964503147415E-04   4   0 1  2 1  0 0  0 0
   146  -.9616836187909880E-01   4   0 0  3 1  0 0  0 0
   147  -.1790936607616261       4   2 0  0 2  0 0  0 0
   148  0.9899750199487735E-01   4   1 1  0 2  0 0  0 0
   149  -.2494959716139372       4   0 2  0 2  0 0  0 0
   150  0.1865982807028155E-04   4   1 0  1 2  0 0  0 0
   151  0.4034021305862915E-04   4   0 1  1 2  0 0  0 0
   152  -.2775584940868253       4   0 0  2 2  0 0  0 0
   153  0.2201045537180948E-04   4   1 0  0 3  0 0  0 0
   154  0.1515295726975664E-04   4   0 1  0 3  0 0  0 0
   155  -.2418423980154907       4   0 0  1 3  0 0  0 0
   156  -.1833935692815582       4   0 0  0 4  0 0  0 0
   157  -.2831052178356926E-04   4   3 0  0 0  0 1  0 0
   158  0.1112073083101908E-03   4   2 1  0 0  0 1  0 0
   159  0.1512889161321584E-03   4   1 2  0 0  0 1  0 0
   160  -.1348539402517113E-03   4   0 3  0 0  0 1  0 0
   161  -.1155036199423872E-05   4   2 0  1 0  0 1  0 0
   162  0.4522682511411560E-05   4   1 1  1 0  0 1  0 0
   163  -.3331985324967278E-05   4   0 2  1 0  0 1  0 0
   164  -.3415714410330944E-04   4   1 0  2 0  0 1  0 0
   165  0.7740434088390500E-04   4   0 1  2 0  0 1  0 0
   166  -.3365875131956569E-05   4   0 0  3 0  0 1  0 0
   167  -.4784103374661420E-05   4   2 0  0 1  0 1  0 0
   168  -.4599380884485320E-06   4   1 1  0 1  0 1  0 0
   169  -.1083771486545317E-04   4   0 2  0 1  0 1  0 0
   170  -.1108726974990706E-03   4   1 0  1 1  0 1  0 0
   171  -.2005357554881702E-04   4   0 1  1 1  0 1  0 0
   172  -.1645061161618747E-04   4   0 0  2 1  0 1  0 0
   173  0.5902813474568843E-04   4   1 0  0 2  0 1  0 0
   174  -.1566174563244812E-03   4   0 1  0 2  0 1  0 0
   175  -.1230017733187093E-04   4   0 0  1 2  0 1  0 0
   176  -.1199002710466182E-04   4   0 0  0 3  0 1  0 0
   177  -.1186032097425666E-04   4   3 0  0 0  0 0  1 0
   178  0.4048973114939068E-04   4   2 1  0 0  0 0  1 0
   179  0.8778246418958653E-04   4   1 2  0 0  0 0  1 0
   180  -.7906125583030459E-04   4   0 3  0 0  0 0  1 0
   181  -.6185134922147247E-06   4   2 0  1 0  0 0  1 0
   182  0.1211687551969725E-05   4   1 1  1 0  0 0  1 0
   183  -.1835622328964222E-05   4   0 2  1 0  0 0  1 0
   184  -.1800058070537611E-04   4   1 0  2 0  0 0  1 0
   185  0.4445900093878302E-04   4   0 1  2 0  0 0  1 0
   186  -.1709650528662748E-05   4   0 0  3 0  0 0  1 0
   187  -.2938488426293628E-05   4   2 0  0 1  0 0  1 0
   188  0.9370848328863284E-08   4   1 1  0 1  0 0  1 0
   189  -.6506447649347172E-05   4   0 2  0 1  0 0  1 0
   190  -.3972780004782669E-04   4   1 0  1 1  0 0  1 0
   191  -.1718595176018986E-04   4   0 1  1 1  0 0  1 0
   192  -.8328913332848291E-05   4   0 0  2 1  0 0  1 0
   193  0.3243805775989449E-04   4   1 0  0 2  0 0  1 0
   194  -.9429563763315882E-04   4   0 1  0 2  0 0  1 0
   195  -.7434471595353067E-05   4   0 0  1 2  0 0  1 0
   196  -.7271111279383525E-05   4   0 0  0 3  0 0  1 0
   197  0.2833997216896909E-04   4   3 0  0 0  0 0  0 1
   198  -.4573565309917238E-04   4   2 1  0 0  0 0  0 1
   199  -.5456240682430025E-04   4   1 2  0 0  0 0  0 1
   200  -.1117899715341964E-04   4   0 3  0 0  0 0  0 1
   201  0.7694876470314248E-06   4   2 0  1 0  0 0  0 1
   202  -.2483191116575307E-05   4   1 1  1 0  0 0  0 1
   203  0.1460977009985248E-05   4   0 2  1 0  0 0  0 1
   204  0.3514076225916524E-04   4   1 0  2 0  0 0  0 1
   205  -.3160200263205168E-04   4   0 1  2 0  0 0  0 1
   206  0.3668371840156404E-05   4   0 0  3 0  0 0  0 1
   207  0.1511480774500912E-05   4   2 0  0 1  0 0  0 1
   208  0.9113902791370724E-06   4   1 1  0 1  0 0  0 1
   209  0.2626016118903412E-06   4   0 2  0 1  0 0  0 1
   210  0.7582048199407925E-04   4   1 0  1 1  0 0  0 1
   211  0.6031507449324809E-05   4   0 1  1 1  0 0  0 1
   212  0.1029283034069795E-04   4   0 0  2 1  0 0  0 1
   213  -.2788246516593045E-04   4   1 0  0 2  0 0  0 1
   214  -.4752712136358373E-05   4   0 1  0 2  0 0  0 1
   215  0.5200200489262654E-05   4   0 0  1 2  0 0  0 1
   216  0.5152691220900687E-06   4   0 0  0 3  0 0  0 1
   217  -.3052232528802940E-01   4   2 0  0 0  0 2  0 0
   218  0.1340491715625123       4   1 1  0 0  0 2  0 0
   219  -.2484969081743788       4   0 2  0 0  0 2  0 0
   220  0.8076025406952904E-06   4   1 0  1 0  0 2  0 0
   221  0.2202225519793684E-04   4   0 1  1 0  0 2  0 0
   222  -.3677219888000881E-01   4   0 0  2 0  0 2  0 0
   223  0.2202256493691346E-04   4   1 0  0 1  0 2  0 0
   224  0.1782394842840107E-04   4   0 1  0 1  0 2  0 0
   225  -.2069624199525490       4   0 0  1 1  0 2  0 0
   226  -.3864861656738000       4   0 0  0 2  0 2  0 0
   227  -.1143314534694777E-01   4   2 0  0 0  0 1  1 0
   228  0.4487744835684258E-01   4   1 1  0 0  0 1  1 0
   229  -.8441749992522751E-01   4   0 2  0 0  0 1  1 0
   230  0.5386247634394491E-06   4   1 0  1 0  0 1  1 0
   231  0.8937273284076869E-05   4   0 1  1 0  0 1  1 0
   232  -.1560139539587745E-01   4   0 0  2 0  0 1  1 0
   233  0.8939034895404929E-05   4   1 0  0 1  0 1  1 0
   234  0.1190466430998224E-04   4   0 1  0 1  0 1  1 0
   235  -.9352610194385326E-01   4   0 0  1 1  0 1  1 0
   236  -.1766162467383944       4   0 0  0 2  0 1  1 0
   237  -.5725543223742922E-02   4   2 0  0 0  0 0  2 0
   238  0.2248350684113153E-01   4   1 1  0 0  0 0  2 0
   239  -.4229052822003425E-01   4   0 2  0 0  0 0  2 0
   240  0.2694401867274781E-06   4   1 0  1 0  0 0  2 0
   241  0.4474399983073325E-05   4   0 1  1 0  0 0  2 0
   242  -.7809659730227508E-02   4   0 0  2 0  0 0  2 0
   243  0.4475429081832204E-05   4   1 0  0 1  0 0  2 0
   244  0.5952358973212240E-05   4   0 1  0 1  0 0  2 0
   245  -.4680772271210467E-01   4   0 0  1 1  0 0  2 0
   246  -.8838956814348448E-01   4   0 0  0 2  0 0  2 0
   247  0.4766904894663135E-01   4   2 0  0 0  0 1  0 1
   248  -.8972496508997505E-01   4   1 1  0 0  0 1  0 1
   249  -.3753458347944054E-01   4   0 2  0 0  0 1  0 1
   250  -.1615378235333391E-05   4   1 0  1 0  0 1  0 1
   251  -.1787219761616840E-04   4   0 1  1 0  0 1  0 1
   252  0.6017131076203368E-01   4   0 0  2 0  0 1  0 1
   253  -.1787235042085196E-04   4   1 0  0 1  0 1  0 1
   254  -.1194832994159670E-04   4   0 1  0 1  0 1  0 1
   255  0.1870223881930559       4   0 0  1 1  0 1  0 1
   256  0.5497350885791839E-01   4   0 0  0 2  0 1  0 1
   257  0.1493576711410907E-01   4   2 0  0 0  0 0  1 1
   258  -.2280142425740678E-01   4   1 1  0 0  0 0  1 1
   259  -.1797303211341681E-01   4   0 2  0 0  0 0  1 1
   260  -.8080973455229892E-06   4   1 0  1 0  0 0  1 1
   261  -.6089073708684335E-05   4   0 1  1 0  0 0  1 1
   262  0.2118897460509395E-01   4   0 0  2 0  0 0  1 1
   263  -.6089714768827337E-05   4   1 0  0 1  0 0  1 1
   264  -.5994120274799166E-05   4   0 1  0 1  0 0  1 1
   265  0.7148985777246421E-01   4   0 0  1 1  0 0  1 1
   266  0.2843521392374021E-01   4   0 0  0 2  0 0  1 1
   267  -.1492379234450820E-01   4   2 0  0 0  0 0  0 2
   268  -.1071977779662159E-01   4   1 1  0 0  0 0  0 2
   269  -.1591686915523070E-02   4   0 2  0 0  0 0  0 2
   270  0.8078694084009288E-06   4   1 0  1 0  0 0  0 2
   271  0.1901742457545802E-06   4   0 1  1 0  0 0  0 2
   272  -.2117701464145088E-01   4   0 0  2 0  0 0  0 2
   273  0.1901364359686537E-06   4   1 0  0 1  0 0  0 2
   274  0.3992818725566655E-07   4   0 1  0 1  0 0  0 2
   275  -.1366437726459178E-01   4   0 0  1 1  0 0  0 2
   276  -.1900833120082702E-02   4   0 0  0 2  0 0  0 2
   277  0.2606709026645343E-04   4   1 0  0 0  0 3  0 0
   278  -.9347381693679178E-04   4   0 1  0 0  0 3  0 0
   279  -.1330391788824509E-05   4   0 0  1 0  0 3  0 0
   280  -.5851108586671101E-05   4   0 0  0 1  0 3  0 0
   281  0.1061448877319256E-04   4   1 0  0 0  0 2  1 0
   282  -.3779693192926811E-04   4   0 1  0 0  0 2  1 0
   283  -.5862073029023938E-06   4   0 0  1 0  0 2  1 0
   284  -.2560098828564886E-05   4   0 0  0 1  0 2  1 0
   285  0.6283717975132200E-05   4   1 0  0 0  0 1  2 0
   286  -.2233551775516923E-04   4   0 1  0 0  0 1  2 0
   287  -.3551481129340991E-06   4   0 0  1 0  0 1  2 0
   288  -.1544624630585675E-05   4   0 0  0 1  0 1  2 0
   289  0.3546686402646805E-05   4   1 0  0 0  0 0  3 0
   290  -.1262979342772485E-04   4   0 1  0 0  0 0  3 0
   291  -.1957943064015397E-06   4   0 0  1 0  0 0  3 0
   292  -.8551095156839653E-06   4   0 0  0 1  0 0  3 0
   293  -.2337260795729933E-04   4   1 0  0 0  0 2  0 1
   294  -.4153765092514938E-05   4   0 1  0 0  0 2  0 1
   295  0.9231099324893438E-06   4   0 0  1 0  0 2  0 1
   296  -.2976183412554112E-06   4   0 0  0 1  0 2  0 1
   297  -.8618371554756373E-05   4   1 0  0 0  0 1  1 1
   298  -.3283021373875395E-05   4   0 1  0 0  0 1  1 1
   299  0.3862872846224207E-06   4   0 0  1 0  0 1  1 1
   300  -.1258605461004025E-06   4   0 0  0 1  0 1  1 1
   301  -.4316192850220303E-05   4   1 0  0 0  0 0  2 1
   302  -.1640988293682728E-05   4   0 1  0 0  0 0  2 1
   303  0.1933740661289087E-06   4   0 0  1 0  0 0  2 1
   304  -.6300322751600574E-07   4   0 0  0 1  0 0  2 1
   305  0.7759306829503187E-06   4   1 0  0 0  0 1  0 2
   306  0.5420507075235085E-06   4   0 1  0 0  0 1  0 2
   307  0.1852765732587390E-06   4   0 0  1 0  0 1  0 2
   308  0.9204073370276036E-07   4   0 0  0 1  0 1  0 2
   309  0.8315207899024681E-07   4   1 0  0 0  0 0  1 2
   310  0.2631369373292055E-06   4   0 1  0 0  0 0  1 2
   311  0.6218255507766306E-07   4   0 0  1 0  0 0  1 2
   312  0.4847261867846365E-07   4   0 0  0 1  0 0  1 2
   313  0.4461972305128800E-07   4   1 0  0 0  0 0  0 3
   314  0.9564419567871098E-08   4   0 1  0 0  0 0  0 3
   315  -.7707678054845360E-08   4   0 0  1 0  0 0  0 3
   316  -.1799169805581650E-08   4   0 0  0 1  0 0  0 3
   317  -.9029734956738848E-01   4   0 0  0 0  0 4  0 0
   318  0.5161636415326119E-01   4   0 0  0 0  0 3  1 0
   319  0.1549748793980246E-01   4   0 0  0 0  0 2  2 0
   320  0.1037303361973344E-01   4   0 0  0 0  0 1  3 0
   321  0.1281043680446600E-01   4   0 0  0 0  0 0  4 0
   322  0.3993458500040435E-10   4   0 0  0 0  0 3  0 1
   323  -.5325034195947880E-09   4   0 0  0 0  0 2  1 1
   324  -.3706385460459220E-09   4   0 0  0 0  0 1  2 1
   325  -.1917110188403727E-09   4   0 0  0 0  0 0  3 1
   326  -.3593379566684120E-10   4   0 0  0 0  0 2  0 2
   327  -.9606149732504876E-11   4   0 0  0 0  0 1  1 2
   328  -.3590233711196545E-11   4   0 0  0 0  0 0  2 2
   329  -.7465881226996655E-12   4   0 0  0 0  0 1  0 3
   330  -.3424304906081826E-12   4   0 0  0 0  0 0  1 3
   331  0.4082580753998005E-15   4   0 0  0 0  0 0  0 4
   ----------------------------------------------------
     I  COEFFICIENT            ORDER EXPONENTS
     1   1.000000000000000       1   0 0  0 0  0 1  0 0
     --------------------------------------------------
     I  COEFFICIENT            ORDER EXPONENTS
     1   1.000000000000000       1   0 0  0 0  0 0  1 0
     --------------------------------------------------
     I  COEFFICIENT            ORDER EXPONENTS
     1   1.000000000000000       1   0 0  0 0  0 0  0 1
     --------------------------------------------------
