 L    0.6607784999999999E+00
 P (  0.0000000000000000E+00,  0.0000000000000000E+00,  0.1758215000000000E+00)
 A (  0.0000000000000000E+00,  0.0000000000000000E+00,  0.0000000000000000E+00)
     I  COEFFICIENT            ORDER EXPONENTS
     1  0.8256639375638944E-04   0   0 0  0 0  0 0  0 0
     2  0.7487991246240423       1   1 0  0 0  0 0  0 0
     3  0.5958316776336782       1   0 1  0 0  0 0  0 0
     4  -.3369815317366635E-04   1   0 0  1 0  0 0  0 0
     5  -.8585594500052312E-05   1   0 0  0 1  0 0  0 0
     6  0.3588166204652841E-05   1   0 0  0 0  0 1  0 0
     7  0.3583337419678951E-05   1   0 0  0 0  0 0  1 0
     8  -.7171503624581864E-05   1   0 0  0 0  0 0  0 1
     9  0.9429468811112540E-04   2   2 0  0 0  0 0  0 0
    10  -.1874011673340496E-04   2   1 1  0 0  0 0  0 0
    11  -.2127874864990440E-04   2   0 2  0 0  0 0  0 0
    12  0.8355856399416892E-05   2   1 0  1 0  0 0  0 0
    13  -.4620966079783135E-05   2   0 1  1 0  0 0  0 0
    14  -.9144481327537099E-04   2   0 0  2 0  0 0  0 0
    15  -.1746379456743403E-05   2   1 0  0 1  0 0  0 0
    16  -.1433803639800407E-05   2   0 1  0 1  0 0  0 0
    17  -.1705408115136373E-05   2   0 0  1 1  0 0  0 0
    18  -.3653126149632156E-05   2   0 0  0 2  0 0  0 0
    19  0.1209537974114313       2   1 0  0 0  0 1  0 0
    20  -.2663811613535145       2   0 1  0 0  0 1  0 0
    21  0.1688099847318840E-04   2   0 0  1 0  0 1  0 0
    22  0.8594684709751299E-05   2   0 0  0 1  0 1  0 0
    23  0.1207910234912300       2   1 0  0 0  0 0  1 0
    24  -.2660226781406744       2   0 1  0 0  0 0  1 0
    25  0.1685828082101704E-04   2   0 0  1 0  0 0  1 0
    26  0.8583118388122384E-05   2   0 0  0 1  0 0  1 0
    27  -.2417448209026611       2   1 0  0 0  0 0  0 1
    28  -.6342783813948910E-01   2   0 1  0 0  0 0  0 1
    29  -.3373927929410179E-04   2   0 0  1 0  0 0  0 1
    30  -.8592208597841357E-05   2   0 0  0 1  0 0  0 1
    31  -.2681728528300852E-05   2   0 0  0 0  0 2  0 0
    32  -.1777720555983569E-05   2   0 0  0 0  0 1  1 0
    33  -.2676923398139265E-05   2   0 0  0 0  0 0  2 0
    34  0.3552997452456523E-05   2   0 0  0 0  0 1  0 1
    35  0.3548215995931981E-05   2   0 0  0 0  0 0  1 1
    36  0.3514414986294944E-07   2   0 0  0 0  0 0  0 2
    37  -.3762407979262890E-01   3   3 0  0 0  0 0  0 0
    38  -.1742062638656479       3   2 1  0 0  0 0  0 0
    39  -.3543782078175631       3   1 2  0 0  0 0  0 0
    40  0.2087215840194772       3   0 3  0 0  0 0  0 0
    41  0.4766675919825336E-04   3   2 0  1 0  0 0  0 0
    42  0.7455277172596399E-04   3   1 1  1 0  0 0  0 0
    43  -.3258452344525782E-04   3   0 2  1 0  0 0  0 0
    44  -.3213312195584160       3   1 0  2 0  0 0  0 0
    45  -.4035790927779150       3   0 1  2 0  0 0  0 0
    46  -.2458438887867460E-04   3   0 0  3 0  0 0  0 0
    47  -.1194071723359879E-04   3   2 0  0 1  0 0  0 0
    48  0.5208146815664811E-05   3   1 1  0 1  0 0  0 0
    49  -.1558146390123109E-04   3   0 2  0 1  0 0  0 0
    50  -.3669498668927724       3   1 0  1 1  0 0  0 0
    51  -.6049355410404819E-01   3   0 1  1 1  0 0  0 0
    52  -.9491982677160419E-04   3   0 0  2 1  0 0  0 0
    53  -.3127915750451991       3   1 0  0 2  0 0  0 0
    54  0.2377762699501511       3   0 1  0 2  0 0  0 0
    55  -.6762297754992637E-04   3   0 0  1 2  0 0  0 0
    56  -.1684542740354322E-04   3   0 0  0 3  0 0  0 0
    57  -.4410833797923564E-04   3   2 0  0 0  0 1  0 0
    58  0.1061465724087825E-04   3   1 1  0 0  0 1  0 0
    59  0.2956972522319838E-04   3   0 2  0 0  0 1  0 0
    60  -.2342019946293344E-05   3   1 0  1 0  0 1  0 0
    61  0.4983881567156252E-05   3   0 1  1 0  0 1  0 0
    62  0.4529620582000479E-04   3   0 0  2 0  0 1  0 0
    63  0.2403519267308533E-05   3   1 0  0 1  0 1  0 0
    64  0.2347459259327352E-05   3   0 1  0 1  0 1  0 0
    65  0.7286570581914674E-05   3   0 0  1 1  0 1  0 0
    66  0.6813647833332479E-05   3   0 0  0 2  0 1  0 0
    67  -.4404897905673717E-04   3   2 0  0 0  0 0  1 0
    68  0.1060037253541577E-04   3   1 1  0 0  0 0  1 0
    69  0.2952993168056520E-04   3   0 2  0 0  0 0  1 0
    70  -.2338868166225169E-05   3   1 0  1 0  0 0  1 0
    71  0.4977174494225320E-05   3   0 1  1 0  0 0  1 0
    72  0.4523524832094884E-04   3   0 0  2 0  0 0  1 0
    73  0.2400284724352526E-05   3   1 0  0 1  0 0  1 0
    74  0.2344300159288135E-05   3   0 1  0 1  0 0  1 0
    75  0.7276764658628892E-05   3   0 0  1 1  0 0  1 0
    76  0.6804478347194969E-05   3   0 0  0 2  0 0  1 0
    77  0.8815731703598795E-04   3   2 0  0 0  0 0  0 1
    78  -.2474913042922366E-05   3   1 1  0 0  0 0  0 1
    79  -.1654215960393589E-04   3   0 2  0 0  0 0  0 1
    80  0.4680888112518463E-05   3   1 0  1 0  0 0  0 1
    81  -.5340089981598385E-05   3   0 1  1 0  0 0  0 1
    82  -.9053145414094770E-04   3   0 0  2 0  0 0  0 1
    83  -.3057424534917612E-05   3   1 0  0 1  0 0  0 1
    84  -.1824152139014653E-05   3   0 1  0 1  0 0  0 1
    85  -.1285792712538629E-04   3   0 0  1 1  0 0  0 1
    86  -.6311873881224072E-05   3   0 0  0 2  0 0  0 1
    87  -.8836292585554115E-01   3   1 0  0 0  0 2  0 0
    88  0.1842393130004510       3   0 1  0 0  0 2  0 0
    89  -.1267094868457945E-04   3   0 0  1 0  0 2  0 0
    90  -.8598507556149488E-05   3   0 0  0 1  0 2  0 0
    91  -.5585957097376901E-01   3   1 0  0 0  0 1  1 0
    92  0.1023181055550497       3   0 1  0 0  0 1  1 0
    93  -.8472964233815703E-05   3   0 0  1 0  0 1  1 0
    94  -.8601012890946316E-05   3   0 0  0 1  0 1  1 0
    95  -.8820642460530231E-01   3   1 0  0 0  0 0  2 0
    96  0.1839225249737280       3   0 1  0 0  0 0  2 0
    97  -.1264819546102846E-04   3   0 0  1 0  0 0  2 0
    98  -.8581148671025402E-05   3   0 0  0 1  0 0  2 0
    99  0.1116316803050008       3   1 0  0 0  0 1  0 1
   100  0.6196543640325744E-01   3   0 1  0 0  0 1  0 1
   101  0.1693552351250224E-04   3   0 0  1 0  0 1  0 1
   102  0.8602932759287279E-05   3   0 0  0 1  0 1  0 1
   103  0.1114814516506651       3   1 0  0 0  0 0  1 1
   104  0.6188204623927580E-01   3   0 1  0 0  0 0  1 1
   105  0.1691273248310275E-04   3   0 0  1 0  0 0  1 1
   106  0.8591355337822007E-05   3   0 0  0 1  0 0  1 1
   107  0.9315829229942991E-02   3   1 0  0 0  0 0  0 2
   108  0.1504083666097107E-02   3   0 1  0 0  0 0  0 2
   109  -.5540401048303954E-07   3   0 0  1 0  0 0  0 2
   110  -.5822800206633520E-08   3   0 0  0 1  0 0  0 2
   111  0.2228625398511187E-05   3   0 0  0 0  0 3  0 0
   112  0.1323037084245434E-05   3   0 0  0 0  0 2  1 0
   113  0.1324859077094993E-05   3   0 0  0 0  0 1  2 0
   114  0.2223237590216894E-05   3   0 0  0 0  0 0  3 0
   115  -.2645477158270416E-05   3   0 0  0 0  0 2  0 1
   116  -.1740393025238524E-05   3   0 0  0 0  0 1  1 1
   117  -.2640745930313703E-05   3   0 0  0 0  0 0  2 1
   118  -.3732517855077815E-07   3   0 0  0 0  0 1  0 2
   119  -.3727494808458865E-07   3   0 0  0 0  0 0  1 2
   120  0.1437275638903328E-08   3   0 0  0 0  0 0  0 3
   121  0.1136175843249545E-03   4   4 0  0 0  0 0  0 0
   122  -.5266653394014776E-04   4   3 1  0 0  0 0  0 0
   123  -.1184537927065504E-04   4   2 2  0 0  0 0  0 0
   124  0.1416749294428455E-03   4   1 3  0 0  0 0  0 0
   125  -.1232220891927751E-03   4   0 4  0 0  0 0  0 0
   126  0.5378515425511638E-05   4   3 0  1 0  0 0  0 0
   127  0.6035337015096364E-06   4   2 1  1 0  0 0  0 0
   128  0.2532855908515168E-05   4   1 2  1 0  0 0  0 0
   129  -.5324858197433100E-05   4   0 3  1 0  0 0  0 0
   130  0.3313747586864111E-03   4   2 0  2 0  0 0  0 0
   131  -.6355347789163964E-04   4   1 1  2 0  0 0  0 0
   132  0.1510926644340320E-03   4   0 2  2 0  0 0  0 0
   133  0.2607908554931747E-04   4   1 0  3 0  0 0  0 0
   134  -.6490183982025199E-05   4   0 1  3 0  0 0  0 0
   135  -.1143827778780311E-04   4   0 0  4 0  0 0  0 0
   136  0.4776718899143440E-05   4   3 0  0 1  0 0  0 0
   137  0.1560376255080079E-05   4   2 1  0 1  0 0  0 0
   138  0.4326305633411445E-05   4   1 2  0 1  0 0  0 0
   139  -.7564575548614629E-05   4   0 3  0 1  0 0  0 0
   140  0.2171403604811323E-03   4   2 0  1 1  0 0  0 0
   141  -.4246030247292417E-03   4   1 1  1 1  0 0  0 0
   142  0.1678806801267307E-04   4   0 2  1 1  0 0  0 0
   143  0.3299165553401486E-04   4   1 0  2 1  0 0  0 0
   144  -.3495894858371946E-04   4   0 1  2 1  0 0  0 0
   145  -.1506744157859158E-04   4   0 0  3 1  0 0  0 0
   146  0.1621950040361282E-03   4   2 0  0 2  0 0  0 0
   147  0.8654907930462629E-04   4   1 1  0 2  0 0  0 0
   148  -.1468129835477131E-03   4   0 2  0 2  0 0  0 0
   149  0.2376356655789030E-04   4   1 0  1 2  0 0  0 0
   150  -.1734961617467536E-04   4   0 1  1 2  0 0  0 0
   151  0.6723696865483456E-04   4   0 0  2 2  0 0  0 0
   152  0.1044475454748807E-04   4   1 0  0 3  0 0  0 0
   153  -.7890513050261042E-05   4   0 1  0 3  0 0  0 0
   154  0.3099319305916323E-04   4   0 0  1 3  0 0  0 0
   155  -.2009526026788753E-04   4   0 0  0 4  0 0  0 0
   156  0.5523884413541374E-01   4   3 0  0 0  0 1  0 0
   157  0.1020208991781281       4   2 1  0 0  0 1  0 0
   158  0.4732512388955307       4   1 2  0 0  0 1  0 0
   159  -.2618752064057177       4   0 3  0 0  0 1  0 0
   160  -.4604078968857884E-04   4   2 0  1 0  0 1  0 0
   161  -.1096710562206963E-03   4   1 1  1 0  0 1  0 0
   162  0.4031199485021048E-04   4   0 2  1 0  0 1  0 0
   163  0.3493529524905847       4   1 0  2 0  0 1  0 0
   164  0.4297429304349382       4   0 1  2 0  0 1  0 0
   165  0.2845351311818111E-04   4   0 0  3 0  0 1  0 0
   166  -.4374227784649608E-05   4   2 0  0 1  0 1  0 0
   167  -.2410376040489092E-04   4   1 1  0 1  0 1  0 0
   168  0.2778312463376264E-04   4   0 2  0 1  0 1  0 0
   169  0.5595986055204907       4   1 0  1 1  0 1  0 0
   170  0.1407845983588209       4   0 1  1 1  0 1  0 0
   171  0.1221884055384489E-03   4   0 0  2 1  0 1  0 0
   172  0.4958612168315294       4   1 0  0 2  0 1  0 0
   173  -.3018941146577219       4   0 1  0 2  0 1  0 0
   174  0.1131802142240807E-03   4   0 0  1 2  0 1  0 0
   175  0.3518450439795402E-04   4   0 0  0 3  0 1  0 0
   176  0.5516450630229235E-01   4   3 0  0 0  0 0  1 0
   177  0.1018836042600922       4   2 1  0 0  0 0  1 0
   178  0.4726143596817849       4   1 2  0 0  0 0  1 0
   179  -.2615227870946886       4   0 3  0 0  0 0  1 0
   180  -.4597883016364337E-04   4   2 0  1 0  0 0  1 0
   181  -.1095234660818525E-03   4   1 1  1 0  0 0  1 0
   182  0.4025774486737999E-04   4   0 2  1 0  0 0  1 0
   183  0.3488828097515575       4   1 0  2 0  0 0  1 0
   184  0.4291646026522432       4   0 1  2 0  0 0  1 0
   185  0.2841522172119386E-04   4   0 0  3 0  0 0  1 0
   186  -.4368341155047381E-05   4   2 0  0 1  0 0  1 0
   187  -.2407132270010841E-04   4   1 1  0 1  0 0  1 0
   188  0.2774573541400331E-04   4   0 2  0 1  0 0  1 0
   189  0.5588455240901510       4   1 0  1 1  0 0  1 0
   190  0.1405951370812950       4   0 1  1 1  0 0  1 0
   191  0.1220239701408106E-03   4   0 0  2 1  0 0  1 0
   192  0.4951939101750472       4   1 0  0 2  0 0  1 0
   193  -.3014878397859904       4   0 1  0 2  0 0  1 0
   194  0.1130279016257743E-03   4   0 0  1 2  0 0  1 0
   195  0.3513715475012259E-04   4   0 0  0 3  0 0  1 0
   196  -.1104033504377061       4   3 0  0 0  0 0  0 1
   197  -.2969823957257126E-01   4   2 1  0 0  0 0  0 1
   198  -.2371091829421907       4   1 2  0 0  0 0  0 1
   199  -.1027667585580243       4   0 3  0 0  0 0  0 1
   200  0.9201961985222216E-04   4   2 0  1 0  0 0  0 1
   201  0.1446417505765737E-03   4   1 1  1 0  0 0  0 1
   202  -.1540069282706234E-04   4   0 2  1 0  0 0  0 1
   203  -.6982357622421407       4   1 0  2 0  0 0  0 1
   204  -.4553284403092669       4   0 1  2 0  0 0  0 1
   205  -.5686873483937024E-04   4   0 0  3 0  0 0  0 1
   206  0.2068328617328133E-04   4   2 0  0 1  0 0  0 1
   207  0.3775878947368343E-04   4   1 1  0 1  0 0  0 1
   208  -.8784468344070258E-05   4   0 2  0 1  0 0  0 1
   209  -.7514942627178745       4   1 0  1 1  0 0  0 1
   210  -.1603926272320146       4   0 1  1 1  0 0  0 1
   211  -.1492925489076474E-03   4   0 0  2 1  0 0  0 1
   212  -.3654719769161791       4   1 0  0 2  0 0  0 1
   213  -.1099468554067400       4   0 1  0 2  0 0  0 1
   214  -.9096216075001192E-04   4   0 0  1 2  0 0  0 1
   215  -.1978537693748679E-04   4   0 0  0 3  0 0  0 1
   216  0.7003529235424700E-04   4   2 0  0 0  0 2  0 0
   217  0.1733088529224558E-03   4   1 1  0 0  0 2  0 0
   218  -.1970085669061299E-03   4   0 2  0 0  0 2  0 0
   219  0.4633845883197095E-05   4   1 0  1 0  0 2  0 0
   220  -.1199502604014354E-05   4   0 1  1 0  0 2  0 0
   221  0.7603358493821810E-04   4   0 0  2 0  0 2  0 0
   222  0.7181396974249999E-05   4   1 0  0 1  0 2  0 0
   223  -.7547305740307459E-05   4   0 1  0 1  0 2  0 0
   224  0.4709311685037034E-04   4   0 0  1 1  0 2  0 0
   225  -.5780380090531745E-04   4   0 0  0 2  0 2  0 0
   226  0.4405533151682643E-04   4   2 0  0 0  0 1  1 0
   227  0.2078983100459612E-03   4   1 1  0 0  0 1  1 0
   228  -.2266069254903940E-03   4   0 2  0 0  0 1  1 0
   229  0.3189392523137263E-05   4   1 0  1 0  0 1  1 0
   230  -.9601170410923454E-06   4   0 1  1 0  0 1  1 0
   231  0.8966055912030079E-04   4   0 0  2 0  0 1  1 0
   232  0.8053723137511935E-05   4   1 0  0 1  0 1  1 0
   233  -.8975786806874317E-05   4   0 1  0 1  0 1  1 0
   234  0.5111379949401020E-04   4   0 0  1 1  0 1  1 0
   235  -.6771768624442038E-04   4   0 0  0 2  0 1  1 0
   236  0.6991139836399074E-04   4   2 0  0 0  0 0  2 0
   237  0.1729357321620919E-03   4   1 1  0 0  0 0  2 0
   238  -.1965909636011312E-03   4   0 2  0 0  0 0  2 0
   239  0.4625463804716492E-05   4   1 0  1 0  0 0  2 0
   240  -.1197242329804357E-05   4   0 1  1 0  0 0  2 0
   241  0.7587093204549079E-04   4   0 0  2 0  0 0  2 0
   242  0.7166313428124717E-05   4   1 0  0 1  0 0  2 0
   243  -.7531109336493471E-05   4   0 1  0 1  0 0  2 0
   244  0.4699534788190313E-04   4   0 0  1 1  0 0  2 0
   245  -.5768044563890100E-04   4   0 0  0 2  0 0  2 0
   246  -.4760362412510536E-04   4   2 0  0 0  0 1  0 1
   247  -.1210097857029212E-03   4   1 1  0 0  0 1  0 1
   248  -.3729164261441946E-04   4   0 2  0 0  0 1  0 1
   249  -.5596743909041308E-05   4   1 0  1 0  0 1  0 1
   250  0.5489964491332525E-06   4   0 1  1 0  0 1  0 1
   251  -.7687547640807156E-04   4   0 0  2 0  0 1  0 1
   252  -.4678996329750827E-05   4   1 0  0 1  0 1  0 1
   253  -.1972042738354406E-05   4   0 1  0 1  0 1  0 1
   254  -.5128932318410073E-04   4   0 0  1 1  0 1  0 1
   255  -.1902641035259965E-04   4   0 0  0 2  0 1  0 1
   256  -.4753956141123889E-04   4   2 0  0 0  0 0  1 1
   257  -.1208469364363158E-03   4   1 1  0 0  0 0  1 1
   258  -.3724145727928322E-04   4   0 2  0 0  0 0  1 1
   259  -.5589212074853928E-05   4   1 0  1 0  0 0  1 1
   260  0.5482576355853312E-06   4   0 1  1 0  0 0  1 1
   261  -.7677202101493732E-04   4   0 0  2 0  0 0  1 1
   262  -.4672699557003719E-05   4   1 0  0 1  0 0  1 1
   263  -.1969388856176282E-05   4   0 1  0 1  0 0  1 1
   264  -.5122030043014173E-04   4   0 0  1 1  0 0  1 1
   265  -.1900080550623074E-04   4   0 0  0 2  0 0  1 1
   266  -.3179777510890535E-04   4   2 0  0 0  0 0  0 2
   267  -.5262326011410765E-05   4   1 1  0 0  0 0  0 2
   268  0.1519566273365497E-05   4   0 2  0 0  0 0  0 2
   269  -.4045790582154596E-06   4   1 0  1 0  0 0  0 2
   270  0.6793262995622228E-06   4   0 1  1 0  0 0  0 2
   271  0.1171233529927645E-04   4   0 0  2 0  0 0  0 2
   272  -.8049440239858680E-06   4   1 0  0 1  0 0  0 2
   273  -.6557685792095456E-08   4   0 1  0 1  0 0  0 2
   274  0.4216569336216383E-05   4   0 0  1 1  0 0  0 2
   275  0.1990670838997707E-07   4   0 0  0 2  0 0  0 2
   276  0.7209586107860180E-01   4   1 0  0 0  0 3  0 0
   277  -.1433825075196050       4   0 1  0 0  0 3  0 0
   278  0.1057053304376585E-04   4   0 0  1 0  0 3  0 0
   279  0.8598932546975657E-05   4   0 0  0 1  0 3  0 0
   280  0.3958364553930697E-01   4   1 0  0 0  0 2  1 0
   281  -.6172356123640550E-01   4   0 1  0 0  0 2  1 0
   282  0.6372086243655152E-05   4   0 0  1 0  0 2  1 0
   283  0.8601348792041532E-05   4   0 0  0 1  0 2  1 0
   284  0.3964907979654532E-01   4   1 0  0 0  0 1  2 0
   285  -.6188801086908256E-01   4   0 1  0 0  0 1  2 0
   286  0.6380532635756357E-05   4   0 0  1 0  0 1  2 0
   287  0.8601320554887953E-05   4   0 0  0 1  0 1  2 0
   288  0.7192372729000898E-01   4   1 0  0 0  0 0  3 0
   289  -.1430515951248397       4   0 1  0 0  0 0  3 0
   290  0.1054491321225830E-04   4   0 0  1 0  0 0  3 0
   291  0.8575794644028610E-05   4   0 0  0 1  0 0  3 0
   292  -.7914531879345790E-01   4   1 0  0 0  0 2  0 1
   293  -.6084701345594104E-01   4   0 1  0 0  0 2  0 1
   294  -.1274075231711108E-04   4   0 0  1 0  0 2  0 1
   295  -.8609066499396879E-05   4   0 0  0 1  0 2  0 1
   296  -.4674619233985761E-01   4   1 0  0 0  0 1  1 1
   297  -.5973148852785737E-01   4   0 1  0 0  0 1  1 1
   298  -.8557240701381984E-05   4   0 0  1 0  0 1  1 1
   299  -.8615168150134843E-05   4   0 0  0 1  0 1  1 1
   300  -.7900735434212583E-01   4   1 0  0 0  0 0  2 1
   301  -.6072493650174600E-01   4   0 1  0 0  0 0  2 1
   302  -.1271784844747201E-04   4   0 0  1 0  0 0  2 1
   303  -.8591683879794430E-05   4   0 0  0 1  0 0  2 1
   304  -.9113281964178453E-02   4   1 0  0 0  0 1  0 2
   305  -.2235409014283801E-02   4   0 1  0 0  0 1  0 2
   306  0.8329388401967240E-07   4   0 0  1 0  0 1  0 2
   307  0.1167585206255476E-07   4   0 0  0 1  0 1  0 2
   308  -.9101017738805334E-02   4   1 0  0 0  0 0  1 2
   309  -.2232400706183694E-02   4   0 1  0 0  0 0  1 2
   310  0.8318179103612807E-07   4   0 0  1 0  0 0  1 2
   311  0.1166013925111984E-07   4   0 0  0 1  0 0  1 2
   312  -.1391195856341874E-03   4   1 0  0 0  0 0  0 3
   313  -.1481375927476018E-04   4   0 1  0 0  0 0  0 3
   314  -.1855588468869922E-07   4   0 0  1 0  0 0  0 3
   315  -.1955863563499233E-08   4   0 0  0 1  0 0  0 3
   316  -.2284570623236223E-04   4   0 0  0 0  0 4  0 0
   317  -.1208978607896670E-04   4   0 0  0 0  0 3  1 0
   318  -.1065531190645751E-04   4   0 0  0 0  0 2  2 0
   319  -.1212057245050140E-04   4   0 0  0 0  0 1  3 0
   320  -.2277611844149448E-04   4   0 0  0 0  0 0  4 0
   321  -.1661126207555405E-05   4   0 0  0 0  0 3  0 1
   322  -.1921307690484600E-05   4   0 0  0 0  0 2  1 1
   323  -.1920777967939158E-05   4   0 0  0 0  0 1  2 1
   324  -.1656481948653679E-05   4   0 0  0 0  0 0  3 1
   325  0.1817262214281754E-07   4   0 0  0 0  0 2  0 2
   326  0.2886053671774568E-07   4   0 0  0 0  0 1  1 2
   327  0.1812874670928890E-07   4   0 0  0 0  0 0  2 2
   328  0.1476398986508544E-09   4   0 0  0 0  0 1  0 3
   329  0.1474412118332772E-09   4   0 0  0 0  0 0  1 3
   330  0.1055925019497266E-15   4   0 0  0 0  0 0  0 4
   ----------------------------------------------------
     I  COEFFICIENT            ORDER EXPONENTS
     1  -.3070641702980777E-04   0   0 0  0 0  0 0  0 0
     2  -.7013580379643143       1   1 0  0 0  0 0  0 0
     3  0.7773896155313192       1   0 1  0 0  0 0  0 0
     4  -.9613729637105177E-04   1   0 0  1 0  0 0  0 0
     5  -.2977834750041376E-04   1   0 0  0 1  0 0  0 0
     6  -.2193128160999963E-06   1   0 0  0 0  0 1  0 0
     7  -.2190176752479592E-06   1   0 0  0 0  0 0  1 0
     8  -.3026808653834656E-04   1   0 0  0 0  0 0  0 1
     9  -.6862371674801228E-05   2   2 0  0 0  0 0  0 0
    10  -.1891581229477400E-03   2   1 1  0 0  0 0  0 0
    11  -.4559976812008344E-04   2   0 2  0 0  0 0  0 0
    12  -.1524626048298075E-04   2   1 0  1 0  0 0  0 0
    13  -.1647781340054058E-04   2   0 1  1 0  0 0  0 0
    14  0.5496404218379203E-04   2   0 0  2 0  0 0  0 0
    15  -.1519034208479166E-04   2   1 0  0 1  0 0  0 0
    16  -.8928772363019354E-05   2   0 1  0 1  0 0  0 0
    17  0.1975217237248556E-03   2   0 0  1 1  0 0  0 0
    18  0.4220584050581312E-04   2   0 0  0 2  0 0  0 0
    19  -.2066191883391389E-01   2   1 0  0 0  0 1  0 0
    20  0.1074912005386601       2   0 1  0 0  0 1  0 0
    21  0.1113728388420774E-06   2   0 0  1 0  0 1  0 0
    22  0.1491523288078293E-04   2   0 0  0 1  0 1  0 0
    23  -.2063411299730981E-01   2   1 0  0 0  0 0  1 0
    24  0.1073465439468601       2   0 1  0 0  0 0  1 0
    25  0.1112229585243413E-06   2   0 0  1 0  0 0  1 0
    26  0.1489516066330252E-04   2   0 0  0 1  0 0  1 0
    27  -.6600620061330911       2   1 0  0 0  0 0  0 1
    28  -.2148377444855202       2   0 1  0 0  0 0  0 1
    29  -.9635989216841829E-04   2   0 0  1 0  0 0  0 1
    30  -.2981039354419837E-04   2   0 0  0 1  0 0  0 1
    31  0.1657676569154238E-06   2   0 0  0 0  0 2  0 0
    32  0.1123659361772913E-06   2   0 0  0 0  0 1  1 0
    33  0.1654689661852755E-06   2   0 0  0 0  0 0  2 0
    34  -.4439004565743117E-06   2   0 0  0 0  0 1  0 1
    35  -.4433030762601680E-06   2   0 0  0 0  0 0  1 1
    36  0.4436013882779580E-06   2   0 0  0 0  0 0  0 2
    37  -.2840686377673805       3   3 0  0 0  0 0  0 0
    38  -.3977624130671683       3   2 1  0 0  0 0  0 0
    39  0.1962781375994542       3   1 2  0 0  0 0  0 0
    40  -.2080085288446236E-01   3   0 3  0 0  0 0  0 0
    41  0.1727590289028637E-03   3   2 0  1 0  0 0  0 0
    42  0.1116346099778434E-03   3   1 1  1 0  0 0  0 0
    43  0.1937357679473595E-04   3   0 2  1 0  0 0  0 0
    44  -1.244052258704749       3   1 0  2 0  0 0  0 0
    45  -.2783017427787575       3   0 1  2 0  0 0  0 0
    46  -.4766231855891308E-04   3   0 0  3 0  0 0  0 0
    47  0.4856369966597258E-04   3   2 0  0 1  0 0  0 0
    48  0.1304808646850749E-03   3   1 1  0 1  0 0  0 0
    49  0.2124973504565082E-04   3   0 2  0 1  0 0  0 0
    50  -.9907387370604174       3   1 0  1 1  0 0  0 0
    51  -.3507247635710158       3   0 1  1 1  0 0  0 0
    52  -.4249539589968949E-04   3   0 0  2 1  0 0  0 0
    53  -.4867227174975623       3   1 0  0 2  0 0  0 0
    54  -.2852702285185270       3   0 1  0 2  0 0  0 0
    55  -.1439693257290063E-04   3   0 0  1 2  0 0  0 0
    56  -.1664675897069218E-04   3   0 0  0 3  0 0  0 0
    57  0.8497044696385876E-06   3   2 0  0 0  0 1  0 0
    58  0.9187700684292351E-04   3   1 1  0 0  0 1  0 0
    59  0.4629185308616184E-04   3   0 2  0 0  0 1  0 0
    60  0.7581898105019461E-05   3   1 0  1 0  0 1  0 0
    61  0.1080894664651993E-04   3   0 1  1 0  0 1  0 0
    62  -.2589275919063706E-04   3   0 0  2 0  0 1  0 0
    63  0.9245387653945628E-05   3   1 0  0 1  0 1  0 0
    64  0.9795449141650980E-05   3   0 1  0 1  0 1  0 0
    65  -.1015556546420465E-03   3   0 0  1 1  0 1  0 0
    66  -.4151803011421446E-04   3   0 0  0 2  0 1  0 0
    67  0.8485609774087256E-06   3   2 0  0 0  0 0  1 0
    68  0.9175336309712725E-04   3   1 1  0 0  0 0  1 0
    69  0.4622955569193764E-04   3   0 2  0 0  0 0  1 0
    70  0.7571694743872173E-05   3   1 0  1 0  0 0  1 0
    71  0.1079440047553098E-04   3   0 1  1 0  0 0  1 0
    72  -.2585791393560123E-04   3   0 0  2 0  0 0  1 0
    73  0.9232945646960981E-05   3   1 0  0 1  0 0  1 0
    74  0.9782266887839710E-05   3   0 1  0 1  0 0  1 0
    75  -.1014189858281825E-03   3   0 0  1 1  0 0  1 0
    76  -.4146215710596329E-04   3   0 0  0 2  0 0  1 0
    77  -.8560637121848126E-05   3   2 0  0 0  0 0  0 1
    78  -.1836303699400520E-03   3   1 1  0 0  0 0  0 1
    79  -.4692164065801466E-04   3   0 2  0 0  0 0  0 1
    80  -.3039985333187256E-04   3   1 0  1 0  0 0  0 1
    81  -.2160334712205085E-04   3   0 1  1 0  0 0  0 1
    82  0.1067147153100300E-03   3   0 0  2 0  0 0  0 1
    83  -.1847833330090670E-04   3   1 0  0 1  0 0  0 1
    84  -.1064894366647138E-04   3   0 1  0 1  0 0  0 1
    85  0.2029746404702305E-03   3   0 0  1 1  0 0  0 1
    86  0.4077434671449801E-04   3   0 0  0 2  0 0  0 1
    87  0.1528360743573163E-01   3   1 0  0 0  0 2  0 0
    88  -.7868114420351457E-01   3   0 1  0 0  0 2  0 0
    89  -.1098349337622199E-06   3   0 0  1 0  0 2  0 0
    90  -.1119175532853475E-04   3   0 0  0 1  0 2  0 0
    91  0.9919751158611153E-02   3   1 0  0 0  0 1  1 0
    92  -.4994843632972894E-01   3   0 1  0 0  0 1  1 0
    93  -.1095489432267234E-06   3   0 0  1 0  0 1  1 0
    94  -.7480355238094040E-05   3   0 0  0 1  0 1  1 0
    95  0.1525636471033221E-01   3   1 0  0 0  0 0  2 0
    96  -.7854164970194735E-01   3   0 1  0 0  0 0  2 0
    97  -.1096134101862716E-06   3   0 0  1 0  0 0  2 0
    98  -.1117166063694729E-04   3   0 0  0 1  0 0  2 0
    99  -.4048699932574801E-01   3   1 0  0 0  0 1  0 1
   100  0.9981952822811949E-01   3   0 1  0 0  0 1  0 1
   101  0.3316293517086957E-06   3   0 0  1 0  0 1  0 1
   102  0.1495461291055407E-04   3   0 0  0 1  0 1  0 1
   103  -.4043251383014153E-01   3   1 0  0 0  0 0  1 1
   104  0.9968519581136144E-01   3   0 1  0 0  0 0  1 1
   105  0.3311830605563823E-06   3   0 0  1 0  0 0  1 1
   106  0.1493448769728550E-04   3   0 0  0 1  0 0  1 1
   107  0.4045977097440982E-01   3   1 0  0 0  0 0  0 2
   108  0.7666508055583689E-02   3   0 1  0 0  0 0  0 2
   109  -.3330614658654797E-06   3   0 0  1 0  0 0  0 2
   110  -.4166539647590070E-07   3   0 0  0 1  0 0  0 2
   111  -.1388685627016436E-06   3   0 0  0 0  0 3  0 0
   112  -.8510750353926401E-07   3   0 0  0 0  0 2  1 0
   113  -.8521564990699915E-07   3   0 0  0 0  0 1  2 0
   114  -.1385310489188936E-06   3   0 0  0 0  0 0  3 0
   115  0.3359466739287393E-06   3   0 0  0 0  0 2  0 1
   116  0.2282826456600008E-06   3   0 0  0 0  0 1  1 1
   117  0.3353409666841546E-06   3   0 0  0 0  0 0  2 1
   118  -.2281383127051221E-06   3   0 0  0 0  0 1  0 2
   119  -.2278312949156983E-06   3   0 0  0 0  0 0  1 2
   120  0.4122739780956230E-08   3   0 0  0 0  0 0  0 3
   121  0.5887591176227395E-04   4   4 0  0 0  0 0  0 0
   122  -.2381328014249188E-03   4   3 1  0 0  0 0  0 0
   123  -.2548213834478753E-03   4   2 2  0 0  0 0  0 0
   124  -.1401479962463263E-03   4   1 3  0 0  0 0  0 0
   125  -.3590382079200362E-04   4   0 4  0 0  0 0  0 0
   126  0.1088959873897924E-07   4   3 0  1 0  0 0  0 0
   127  -.1323695491239905E-04   4   2 1  1 0  0 0  0 0
   128  -.7290061289108072E-05   4   1 2  1 0  0 0  0 0
   129  -.1297458297602734E-05   4   0 3  1 0  0 0  0 0
   130  0.3344619175876303E-04   4   2 0  2 0  0 0  0 0
   131  -.7579644518946505E-03   4   1 1  2 0  0 0  0 0
   132  -.1054183550936524E-04   4   0 2  2 0  0 0  0 0
   133  0.2754427410466895E-07   4   1 0  3 0  0 0  0 0
   134  -.1955651576472332E-04   4   0 1  3 0  0 0  0 0
   135  -.8991322291283309E-04   4   0 0  4 0  0 0  0 0
   136  0.5098296725095383E-07   4   3 0  0 1  0 0  0 0
   137  -.1725322229352835E-05   4   2 1  0 1  0 0  0 0
   138  0.3920300881254404E-05   4   1 2  0 1  0 0  0 0
   139  0.8953174170959292E-06   4   0 3  0 1  0 0  0 0
   140  -.7609751156124391E-03   4   2 0  1 1  0 0  0 0
   141  -.1126029287482814E-02   4   1 1  1 1  0 0  0 0
   142  0.9120838957445764E-04   4   0 2  1 1  0 0  0 0
   143  -.3912387219609653E-04   4   1 0  2 1  0 0  0 0
   144  -.2697142614919014E-04   4   0 1  2 1  0 0  0 0
   145  -.2067215487712179E-03   4   0 0  3 1  0 0  0 0
   146  -.1324922436497720E-03   4   2 0  0 2  0 0  0 0
   147  -.6624048142544587E-03   4   1 1  0 2  0 0  0 0
   148  -.2924943444192258E-04   4   0 2  0 2  0 0  0 0
   149  -.1574205186305416E-04   4   1 0  1 2  0 0  0 0
   150  -.2081576273950190E-04   4   0 1  1 2  0 0  0 0
   151  -.1211796696982020E-03   4   0 0  2 2  0 0  0 0
   152  0.3416642115785027E-05   4   1 0  0 3  0 0  0 0
   153  -.1307224004139368E-05   4   0 1  0 3  0 0  0 0
   154  0.1560011824942372E-04   4   0 0  1 3  0 0  0 0
   155  0.5730936469061618E-04   4   0 0  0 4  0 0  0 0
   156  0.9762648208034032E-01   4   3 0  0 0  0 1  0 0
   157  0.3538754408611339       4   2 1  0 0  0 1  0 0
   158  -.1230170153990975       4   1 2  0 0  0 1  0 0
   159  0.4016409527479892E-01   4   0 3  0 0  0 1  0 0
   160  -.9673965046151908E-04   4   2 0  1 0  0 1  0 0
   161  -.1205993936796275E-03   4   1 1  1 0  0 1  0 0
   162  -.3085045024429741E-04   4   0 2  1 0  0 1  0 0
   163  0.6648512596893030       4   1 0  2 0  0 1  0 0
   164  0.3086067602844506       4   0 1  2 0  0 1  0 0
   165  0.2218560595180819E-04   4   0 0  3 0  0 1  0 0
   166  -.4940835931094947E-04   4   2 0  0 1  0 1  0 0
   167  -.1492137843827694E-03   4   1 1  0 1  0 1  0 0
   168  -.3539980357617885E-04   4   0 2  0 1  0 1  0 0
   169  0.9891391057352175       4   1 0  1 1  0 1  0 0
   170  0.5376910052533390       4   0 1  1 1  0 1  0 0
   171  0.4020955643558297E-04   4   0 0  2 1  0 1  0 0
   172  0.5414001292898351       4   1 0  0 2  0 1  0 0
   173  0.4563431850145810       4   0 1  0 2  0 1  0 0
   174  0.2087039477394199E-04   4   0 0  1 2  0 1  0 0
   175  0.2579560361078600E-04   4   0 0  0 3  0 1  0 0
   176  0.9749510096173385E-01   4   3 0  0 0  0 0  1 0
   177  0.3533992119703959       4   2 1  0 0  0 0  1 0
   178  -.1228514648973647       4   1 2  0 0  0 0  1 0
   179  0.4011004432824605E-01   4   0 3  0 0  0 0  1 0
   180  -.9660946279910970E-04   4   2 0  1 0  0 0  1 0
   181  -.1204370966992656E-03   4   1 1  1 0  0 0  1 0
   182  -.3080893316228959E-04   4   0 2  1 0  0 0  1 0
   183  0.6639565341973682       4   1 0  2 0  0 0  1 0
   184  0.3081914518505943       4   0 1  2 0  0 0  1 0
   185  0.2215574960888954E-04   4   0 0  3 0  0 0  1 0
   186  -.4934186786952406E-04   4   2 0  0 1  0 0  1 0
   187  -.1490129795039487E-03   4   1 1  0 1  0 0  1 0
   188  -.3535216418886130E-04   4   0 2  0 1  0 0  1 0
   189  0.9878079689432281       4   1 0  1 1  0 0  1 0
   190  0.5369674060389629       4   0 1  1 1  0 0  1 0
   191  0.4015544430953732E-04   4   0 0  2 1  0 0  1 0
   192  0.5406715385111410       4   1 0  0 2  0 0  1 0
   193  0.4557290598628986       4   0 1  0 2  0 0  1 0
   194  0.2084230838024018E-04   4   0 0  1 2  0 0  1 0
   195  0.2576088910315040E-04   4   0 0  0 3  0 0  1 0
   196  -.4791902208094539       4   3 0  0 0  0 0  0 1
   197  -.7072746528315278       4   2 1  0 0  0 0  0 1
   198  0.4959034269700637E-01   4   1 2  0 0  0 0  0 1
   199  -.3867243383411854E-01   4   0 3  0 0  0 0  0 1
   200  0.3661081421634935E-03   4   2 0  1 0  0 0  0 1
   201  0.2410364903788943E-03   4   1 1  1 0  0 0  0 1
   202  0.4228580661185078E-04   4   0 2  1 0  0 0  0 1
   203  -2.572860052591422       4   1 0  2 0  0 0  0 1
   204  -.6167982121350469       4   0 1  2 0  0 0  0 1
   205  -.9200367411960570E-04   4   0 0  3 0  0 0  0 1
   206  0.9875022718047418E-04   4   2 0  0 1  0 0  0 1
   207  0.1677458992016435E-03   4   1 1  0 1  0 0  0 1
   208  0.2825249767373906E-04   4   0 2  0 1  0 0  0 1
   209  -1.976947074678455       4   1 0  1 1  0 0  0 1
   210  -.7239336477212840       4   0 1  1 1  0 0  0 1
   211  -.8036500074510769E-04   4   0 0  2 1  0 0  0 1
   212  -.5953489503034185       4   1 0  0 2  0 0  0 1
   213  -.3415317878404279       4   0 1  0 2  0 0  0 1
   214  -.2731577058127175E-04   4   0 0  1 2  0 0  0 1
   215  -.1826297477270223E-04   4   0 0  0 3  0 0  0 1
   216  0.6112733186290144E-04   4   2 0  0 0  0 2  0 0
   217  -.1676816153654408E-03   4   1 1  0 0  0 2  0 0
   218  -.4618463990056482E-04   4   0 2  0 0  0 2  0 0
   219  0.6311545766727133E-05   4   1 0  1 0  0 2  0 0
   220  -.1562946338114405E-05   4   0 1  1 0  0 2  0 0
   221  0.5642914102622740E-04   4   0 0  2 0  0 2  0 0
   222  0.6908663139608025E-05   4   1 0  0 1  0 2  0 0
   223  0.2153954104723944E-05   4   0 1  0 1  0 2  0 0
   224  0.1784825530155489E-03   4   0 0  1 1  0 2  0 0
   225  0.1268841584898566E-03   4   0 0  0 2  0 2  0 0
   226  0.5812330006751666E-04   4   2 0  0 0  0 1  1 0
   227  -.1305654983991545E-03   4   1 1  0 0  0 1  1 0
   228  -.4022746746179127E-04   4   0 2  0 0  0 1  1 0
   229  0.7484897039730526E-05   4   1 0  1 0  0 1  1 0
   230  0.9356482013772226E-06   4   0 1  1 0  0 1  1 0
   231  0.5439356369746351E-04   4   0 0  2 0  0 1  1 0
   232  0.8285352380838445E-05   4   1 0  0 1  0 1  1 0
   233  0.3795414374891874E-05   4   0 1  0 1  0 1  1 0
   234  0.1752035505779627E-03   4   0 0  1 1  0 1  1 0
   235  0.1453820282101535E-03   4   0 0  0 2  0 1  1 0
   236  0.6100595978152444E-04   4   2 0  0 0  0 0  2 0
   237  -.1673681029028396E-03   4   1 1  0 0  0 0  2 0
   238  -.4609541867386582E-04   4   0 2  0 0  0 0  2 0
   239  0.6298015575044556E-05   4   1 0  1 0  0 0  2 0
   240  -.1561472574218642E-05   4   0 1  1 0  0 0  2 0
   241  0.5631660120037567E-04   4   0 0  2 0  0 0  2 0
   242  0.6893790767969259E-05   4   1 0  0 1  0 0  2 0
   243  0.2148501569905139E-05   4   0 1  0 1  0 0  2 0
   244  0.1781244692666358E-03   4   0 0  1 1  0 0  2 0
   245  0.1266155796282307E-03   4   0 0  0 2  0 0  2 0
   246  -.1145100323605913E-03   4   2 0  0 0  0 1  0 1
   247  0.1322342276303178E-03   4   1 1  0 0  0 1  0 1
   248  0.3714913116902384E-04   4   0 2  0 0  0 1  0 1
   249  -.1005079963166224E-04   4   1 0  1 0  0 1  0 1
   250  0.2246759177646706E-05   4   0 1  1 0  0 1  0 1
   251  -.1326799974981620E-03   4   0 0  2 0  0 1  0 1
   252  -.5160386321942997E-05   4   1 0  0 1  0 1  0 1
   253  -.5559257201719514E-06   4   0 1  0 1  0 1  0 1
   254  -.2765207550821810E-03   4   0 0  1 1  0 1  0 1
   255  -.1250699959159303E-03   4   0 0  0 2  0 1  0 1
   256  -.1143559301557112E-03   4   2 0  0 0  0 0  1 1
   257  0.1320562730387559E-03   4   1 1  0 0  0 0  1 1
   258  0.3709913761907446E-04   4   0 2  0 0  0 0  1 1
   259  -.1003727373919571E-04   4   1 0  1 0  0 0  1 1
   260  0.2243735595031521E-05   4   0 1  1 0  0 0  1 1
   261  -.1325014430105209E-03   4   0 0  2 0  0 0  1 1
   262  -.5153441717231505E-05   4   1 0  0 1  0 0  1 1
   263  -.5551775815376165E-06   4   0 1  0 1  0 0  1 1
   264  -.2761486264819635E-03   4   0 0  1 1  0 0  1 1
   265  -.1249016826097711E-03   4   0 0  0 2  0 0  1 1
   266  0.4860937420107508E-04   4   2 0  0 0  0 0  0 2
   267  0.5345277366116165E-04   4   1 1  0 0  0 0  0 2
   268  0.8569394102612502E-05   4   0 2  0 0  0 0  0 2
   269  -.6385009327084181E-08   4   1 0  1 0  0 0  0 2
   270  0.6338750967408201E-06   4   0 1  1 0  0 0  0 2
   271  0.9804212982148313E-04   4   0 0  2 0  0 0  0 2
   272  -.1751343287868983E-08   4   1 0  0 1  0 0  0 2
   273  0.8543460052614485E-07   4   0 1  0 1  0 0  0 2
   274  0.6886954396615648E-04   4   0 0  1 1  0 0  0 2
   275  0.1017360616855338E-04   4   0 0  0 2  0 0  0 2
   276  -.1259736081957064E-01   4   1 0  0 0  0 3  0 0
   277  0.6429896705793538E-01   4   0 1  0 0  0 3  0 0
   278  0.1111030802795355E-06   4   0 0  1 0  0 3  0 0
   279  0.9336341321867771E-05   4   0 0  0 1  0 3  0 0
   280  -.7228477620314811E-02   4   1 0  0 0  0 2  1 0
   281  0.3555400855116635E-01   4   0 1  0 0  0 2  1 0
   282  0.1124310305397664E-06   4   0 0  1 0  0 2  1 0
   283  0.5626067611002407E-05   4   0 0  0 1  0 2  1 0
   284  -.7239281183598846E-02   4   1 0  0 0  0 1  2 0
   285  0.3561185929380666E-01   4   0 1  0 0  0 1  2 0
   286  0.1124280480845406E-06   4   0 0  1 0  0 1  2 0
   287  0.5633531915371360E-05   4   0 0  0 1  0 1  2 0
   288  -.1256707410648771E-01   4   1 0  0 0  0 0  3 0
   289  0.6414528009745375E-01   4   0 1  0 0  0 0  3 0
   290  0.1108032541029264E-06   4   0 0  1 0  0 0  3 0
   291  0.9313714167253811E-05   4   0 0  0 1  0 0  3 0
   292  0.2973691951288476E-01   4   1 0  0 0  0 2  0 1
   293  -.7108861540914455E-01   4   0 1  0 0  0 2  0 1
   294  -.3335472605196892E-06   4   0 0  1 0  0 2  0 1
   295  -.1124587475809998E-04   4   0 0  0 1  0 2  0 1
   296  0.1901570027756631E-01   4   1 0  0 0  0 1  1 1
   297  -.4243485122879578E-01   4   0 1  0 0  0 1  1 1
   298  -.3354594065988255E-06   4   0 0  1 0  0 1  1 1
   299  -.7547091612076118E-05   4   0 0  0 1  0 1  1 1
   300  0.2968410575142945E-01   4   1 0  0 0  0 0  2 1
   301  -.7096439428936833E-01   4   0 1  0 0  0 0  2 1
   302  -.3328726656102094E-06   4   0 0  1 0  0 0  2 1
   303  -.1122566232974556E-04   4   0 0  0 1  0 0  2 1
   304  -.1900125577019172E-01   4   1 0  0 0  0 1  0 2
   305  -.7513490197596171E-02   4   0 1  0 0  0 1  0 2
   306  0.3338599641645479E-06   4   0 0  1 0  0 1  0 2
   307  0.6269051142246799E-07   4   0 0  0 1  0 1  0 2
   308  -.1897568477567439E-01   4   1 0  0 0  0 0  1 2
   309  -.7503378896586888E-02   4   0 1  0 0  0 0  1 2
   310  0.3334106711591896E-06   4   0 0  1 0  0 0  1 2
   311  0.6260614548670354E-07   4   0 0  0 1  0 0  1 2
   312  -.8276101428479641E-03   4   1 0  0 0  0 0  0 3
   313  -.1053823389947535E-03   4   0 1  0 0  0 0  0 3
   314  -.1114030564333555E-06   4   0 0  1 0  0 0  0 3
   315  -.1398862128990141E-07   4   0 0  0 1  0 0  0 3
   316  0.8719318534230126E-05   4   0 0  0 0  0 4  0 0
   317  0.4740781677877933E-05   4   0 0  0 0  0 3  1 0
   318  0.4211611478649943E-05   4   0 0  0 0  0 2  2 0
   319  0.4752166189836105E-05   4   0 0  0 0  0 1  3 0
   320  0.8692674585432406E-05   4   0 0  0 0  0 0  4 0
   321  -.9656793676093119E-05   4   0 0  0 0  0 3  0 1
   322  -.5342055783969790E-05   4   0 0  0 0  0 2  1 1
   323  -.5350739406917096E-05   4   0 0  0 0  0 1  2 1
   324  -.9633710495041823E-05   4   0 0  0 0  0 0  3 1
   325  -.3546336525897802E-06   4   0 0  0 0  0 2  0 2
   326  -.4263897543331255E-06   4   0 0  0 0  0 1  1 2
   327  -.3538694957152797E-06   4   0 0  0 0  0 0  2 2
   328  0.8205704547526336E-09   4   0 0  0 0  0 1  0 3
   329  0.8194661697067723E-09   4   0 0  0 0  0 0  1 3
   ----------------------------------------------------
     I  COEFFICIENT            ORDER EXPONENTS
     1  0.6528089375947937E-05   0   0 0  0 0  0 0  0 0
     2  -.3370634959862404E-04   1   1 0  0 0  0 0  0 0
     3  -.8590922254454387E-05   1   0 1  0 0  0 0  0 0
     4   1.270682797233395       1   0 0  1 0  0 0  0 0
     5  0.7288234130802892       1   0 0  0 1  0 0  0 0
     6  -.5296414607599965E-06   1   0 0  0 0  0 1  0 0
     7  -.5289286942432478E-06   1   0 0  0 0  0 0  1 0
     8  0.1058570154791974E-05   1   0 0  0 0  0 0  0 1
     9  0.5972612084817134E-05   2   2 0  0 0  0 0  0 0
    10  -.1584583865559676E-05   2   1 1  0 0  0 0  0 0
    11  0.4030157099663105E-06   2   0 2  0 0  0 0  0 0
    12  -.2199112295732277E-03   2   1 0  1 0  0 0  0 0
    13  0.1294938881777762E-06   2   0 1  1 0  0 0  0 0
    14  -.4785229606169997E-05   2   0 0  2 0  0 0  0 0
    15  0.3312060926927337E-04   2   1 0  0 1  0 0  0 0
    16  0.1561544933839803E-04   2   0 1  0 1  0 0  0 0
    17  0.7185325776390569E-05   2   0 0  1 1  0 0  0 0
    18  0.3495158223159638E-05   2   0 0  0 2  0 0  0 0
    19  0.1688112069609876E-04   2   1 0  0 0  0 1  0 0
    20  0.8597350708461196E-05   2   0 1  0 0  0 1  0 0
    21  -.1404510898200718       2   0 0  1 0  0 1  0 0
    22  -.3994927001500085       2   0 0  0 1  0 1  0 0
    23  0.1685840287944556E-04   2   1 0  0 0  0 0  1 0
    24  0.8585780799056863E-05   2   0 1  0 0  0 0  1 0
    25  -.1402620773626219       2   0 0  1 0  0 0  1 0
    26  -.3989550817015857       2   0 0  0 1  0 0  1 0
    27  -.3373952357573671E-04   2   1 0  0 0  0 0  0 1
    28  -.8592209253042677E-05   2   0 1  0 0  0 0  0 1
    29  0.2807131671826946       2   0 0  1 0  0 0  0 1
    30  0.6962436877130737E-01   2   0 0  0 1  0 0  0 1
    31  0.4031030425979699E-06   2   0 0  0 0  0 2  0 0
    32  0.2769046277789346E-06   2   0 0  0 0  0 1  1 0
    33  0.4023742429398778E-06   2   0 0  0 0  0 0  2 0
    34  -.5534707144732004E-06   2   0 0  0 0  0 1  0 1
    35  -.5527258796698338E-06   2   0 0  0 0  0 0  1 1
    36  0.2381332867461348E-07   2   0 0  0 0  0 0  0 2
    37  0.1102051714991898E-04   3   3 0  0 0  0 0  0 0
    38  -.1441172679076522E-04   3   2 1  0 0  0 0  0 0
    39  -.2981866247544058E-04   3   1 2  0 0  0 0  0 0
    40  -.1182958685200310E-04   3   0 3  0 0  0 0  0 0
    41  -.2082913965465744       3   2 0  1 0  0 0  0 0
    42  -.3287034162145857       3   1 1  1 0  0 0  0 0
    43  0.2107030523423119       3   0 2  1 0  0 0  0 0
    44  -.5914521551484478E-04   3   1 0  2 0  0 0  0 0
    45  -.9244977020884291E-04   3   0 1  2 0  0 0  0 0
    46  0.5932931310629982E-01   3   0 0  3 0  0 0  0 0
    47  0.3777538976590131       3   2 0  0 1  0 0  0 0
    48  -.1032679654619609       3   1 1  0 1  0 0  0 0
    49  0.3918484654345208       3   0 2  0 1  0 0  0 0
    50  -.8644570793195648E-04   3   1 0  1 1  0 0  0 0
    51  -.7039988385071957E-04   3   0 1  1 1  0 0  0 0
    52  0.6992229903523058       3   0 0  2 1  0 0  0 0
    53  -.7038163127206143E-04   3   1 0  0 2  0 0  0 0
    54  -.3064666908679792E-04   3   0 1  0 2  0 0  0 0
    55  0.6738484649462699       3   0 0  1 2  0 0  0 0
    56  0.4986300837331531       3   0 0  0 3  0 0  0 0
    57  -.3185420591136633E-05   3   2 0  0 0  0 1  0 0
    58  0.2070831840173204E-05   3   1 1  0 0  0 1  0 0
    59  -.4935208131551046E-06   3   0 2  0 0  0 1  0 0
    60  0.1237689811262061E-03   3   1 0  1 0  0 1  0 0
    61  0.3631740567856211E-05   3   0 1  1 0  0 1  0 0
    62  0.1416147738361427E-05   3   0 0  2 0  0 1  0 0
    63  -.3068287233561777E-04   3   1 0  0 1  0 1  0 0
    64  -.2222550716075124E-04   3   0 1  0 1  0 1  0 0
    65  -.9133000865891199E-05   3   0 0  1 1  0 1  0 0
    66  -.5707304013392808E-05   3   0 0  0 2  0 1  0 0
    67  -.3181133802228746E-05   3   2 0  0 0  0 0  1 0
    68  0.2068045012277610E-05   3   1 1  0 0  0 0  1 0
    69  -.4928566561035598E-06   3   0 2  0 0  0 0  1 0
    70  0.1236024186644356E-03   3   1 0  1 0  0 0  1 0
    71  0.3626853142556972E-05   3   0 1  1 0  0 0  1 0
    72  0.1414241953477053E-05   3   0 0  2 0  0 0  1 0
    73  -.3064158077206227E-04   3   1 0  0 1  0 0  1 0
    74  -.2219559712066535E-04   3   0 1  0 1  0 0  1 0
    75  -.9120710103748302E-05   3   0 0  1 1  0 0  1 0
    76  -.5699623392626742E-05   3   0 0  0 2  0 0  1 0
    77  0.6366554393365433E-05   3   2 0  0 0  0 0  0 1
    78  -.2554292986891189E-05   3   1 1  0 0  0 0  0 1
    79  0.1803460494392899E-06   3   0 2  0 0  0 0  0 1
    80  -.2473713997906530E-03   3   1 0  1 0  0 0  0 1
    81  -.7388087598578667E-05   3   0 1  1 0  0 0  0 1
    82  -.2830389691842012E-05   3   0 0  2 0  0 0  0 1
    83  0.2820384383838886E-04   3   1 0  0 1  0 0  0 1
    84  0.1319020560463990E-04   3   0 1  0 1  0 0  0 1
    85  0.1106838519324428E-04   3   0 0  1 1  0 0  0 1
    86  0.4416610959698690E-05   3   0 0  0 2  0 0  0 1
    87  -.1267137135409770E-04   3   1 0  0 0  0 2  0 0
    88  -.8602698436300043E-05   3   0 1  0 0  0 2  0 0
    89  0.1078624815489399       3   0 0  1 0  0 2  0 0
    90  0.3173812025679012       3   0 0  0 1  0 2  0 0
    91  -.8473383666011438E-05   3   1 0  0 0  0 1  1 0
    92  -.8605105414069556E-05   3   0 1  0 0  0 1  1 0
    93  0.7536134921065890E-01   3   0 0  1 0  0 1  1 0
    94  0.2354900098132209       3   0 0  0 1  0 1  1 0
    95  -.1264861727951230E-04   3   1 0  0 0  0 0  2 0
    96  -.8585331157521418E-05   3   0 1  0 0  0 0  2 0
    97  0.1076666164285988       3   0 0  1 0  0 0  2 0
    98  0.3167956302246704       3   0 0  0 1  0 0  2 0
    99  0.1693601256931819E-04   3   1 0  0 0  0 1  0 1
   100  0.8604594524891570E-05   3   0 1  0 0  0 1  0 1
   101  -.1506352718907754       3   0 0  1 0  0 1  0 1
   102  -.7126710891228002E-01   3   0 0  0 1  0 1  0 1
   103  0.1691322088176911E-04   3   1 0  0 0  0 0  1 1
   104  0.8593014867100461E-05   3   0 1  0 0  0 0  1 1
   105  -.1504325540410604       3   0 0  1 0  0 0  1 1
   106  -.7117120099580840E-01   3   0 0  0 1  0 0  1 1
   107  -.5546101737986310E-07   3   1 0  0 0  0 0  0 2
   108  -.5838610297999894E-08   3   0 1  0 0  0 0  0 2
   109  0.1017734755662878E-01   3   0 0  1 0  0 0  0 2
   110  0.1594793341304956E-02   3   0 0  0 1  0 0  0 2
   111  -.3399051597739657E-06   3   0 0  0 0  0 3  0 0
   112  -.2135941708006872E-06   3   0 0  0 0  0 2  1 0
   113  -.2138482225140647E-06   3   0 0  0 0  0 1  2 0
   114  -.3390754886284922E-06   3   0 0  0 0  0 0  3 0
   115  0.4271014748780227E-06   3   0 0  0 0  0 2  0 1
   116  0.3010713564652549E-06   3   0 0  0 0  0 1  1 1
   117  0.4263241180392558E-06   3   0 0  0 0  0 0  2 1
   118  -.2416631228392253E-07   3   0 0  0 0  0 1  0 2
   119  -.2413379039977343E-07   3   0 0  0 0  0 0  1 2
   120  0.2244817166639053E-09   3   0 0  0 0  0 0  0 3
   121  0.8796457865764018E-06   4   4 0  0 0  0 0  0 0
   122  -.1165107535855034E-05   4   3 1  0 0  0 0  0 0
   123  -.2051660230769613E-05   4   2 2  0 0  0 0  0 0
   124  -.3933939831793512E-06   4   1 3  0 0  0 0  0 0
   125  -.2737554106507886E-05   4   0 4  0 0  0 0  0 0
   126  0.1733059877350963E-03   4   3 0  1 0  0 0  0 0
   127  0.3676680395906560E-03   4   2 1  1 0  0 0  0 0
   128  0.2702551115436647E-04   4   1 2  1 0  0 0  0 0
   129  -.1514873595363064E-03   4   0 3  1 0  0 0  0 0
   130  0.1714100867530568E-04   4   2 0  2 0  0 0  0 0
   131  0.9006486835354305E-05   4   1 1  2 0  0 0  0 0
   132  -.1939378551127182E-04   4   0 2  2 0  0 0  0 0
   133  0.4425931482565404E-04   4   1 0  3 0  0 0  0 0
   134  0.1439572180137316E-03   4   0 1  3 0  0 0  0 0
   135  0.1345816699020609E-05   4   0 0  4 0  0 0  0 0
   136  -.9661111436082170E-04   4   3 0  0 1  0 0  0 0
   137  0.3699845961825757E-03   4   2 1  0 1  0 0  0 0
   138  0.2953566964222643E-03   4   1 2  0 1  0 0  0 0
   139  -.1329388321977956E-03   4   0 3  0 1  0 0  0 0
   140  -.2801988201791716E-07   4   2 0  1 1  0 0  0 0
   141  0.1305886257165682E-04   4   1 1  1 1  0 0  0 0
   142  -.1171480478721860E-04   4   0 2  1 1  0 0  0 0
   143  -.1439664010903512E-03   4   1 0  2 1  0 0  0 0
   144  0.2138529503923652E-03   4   0 1  2 1  0 0  0 0
   145  -.1865518251263087E-04   4   0 0  3 1  0 0  0 0
   146  -.6491872367773604E-05   4   2 0  0 2  0 0  0 0
   147  -.4913671110403239E-05   4   1 1  0 2  0 0  0 0
   148  -.1571622252432665E-04   4   0 2  0 2  0 0  0 0
   149  0.5377003486441592E-04   4   1 0  1 2  0 0  0 0
   150  -.1186792682180270E-04   4   0 1  1 2  0 0  0 0
   151  -.2551494349508469E-04   4   0 0  2 2  0 0  0 0
   152  0.1584847182509096E-03   4   1 0  0 3  0 0  0 0
   153  -.1277597279174762E-03   4   0 1  0 3  0 0  0 0
   154  -.1540832850381703E-04   4   0 0  1 3  0 0  0 0
   155  -.1234968643336735E-04   4   0 0  0 4  0 0  0 0
   156  -.8050328794435176E-05   4   3 0  0 0  0 1  0 0
   157  0.5636775819361036E-06   4   2 1  0 0  0 1  0 0
   158  0.3731237560830827E-04   4   1 2  0 0  0 1  0 0
   159  0.2261667003888074E-04   4   0 3  0 0  0 1  0 0
   160  0.1799123658564043       4   2 0  1 0  0 1  0 0
   161  0.4831620660211200       4   1 1  1 0  0 1  0 0
   162  -.2917966730873022       4   0 2  1 0  0 1  0 0
   163  0.6346843394298489E-04   4   1 0  2 0  0 1  0 0
   164  0.1172521774935267E-03   4   0 1  2 0  0 1  0 0
   165  -.9122169951888560E-01   4   0 0  3 0  0 1  0 0
   166  -.3899504221002291       4   2 0  0 1  0 1  0 0
   167  0.1871575282987189       4   1 1  0 1  0 1  0 0
   168  -.6120131447386887       4   0 2  0 1  0 1  0 0
   169  0.1335614244318364E-03   4   1 0  1 1  0 1  0 0
   170  0.1276316263469438E-03   4   0 1  1 1  0 1  0 0
   171  -.9026650843174069       4   0 0  2 1  0 1  0 0
   172  0.1161692878097094E-03   4   1 0  0 2  0 1  0 0
   173  0.6551683234793279E-04   4   0 1  0 2  0 1  0 0
   174  -1.115945907271680       4   0 0  1 2  0 1  0 0
   175  -.8467387317688503       4   0 0  0 3  0 1  0 0
   176  -.8039495041342536E-05   4   3 0  0 0  0 0  1 0
   177  0.5629190112117004E-06   4   2 1  0 0  0 0  1 0
   178  0.3726216237168624E-04   4   1 2  0 0  0 0  1 0
   179  0.2258623359022898E-04   4   0 3  0 0  0 0  1 0
   180  0.1796702482734112       4   2 0  1 0  0 0  1 0
   181  0.4825118492833050       4   1 1  1 0  0 0  1 0
   182  -.2914039868765642       4   0 2  1 0  0 0  1 0
   183  0.6338302111574682E-04   4   1 0  2 0  0 0  1 0
   184  0.1170943850389545E-03   4   0 1  2 0  0 0  1 0
   185  -.9109893765479594E-01   4   0 0  3 0  0 0  1 0
   186  -.3894256451998930       4   2 0  0 1  0 0  1 0
   187  0.1869056605175622       4   1 1  0 1  0 0  1 0
   188  -.6111895262916780       4   0 2  0 1  0 0  1 0
   189  0.1333816837613579E-03   4   1 0  1 1  0 0  1 0
   190  0.1274598657192715E-03   4   0 1  1 1  0 0  1 0
   191  -.9014503201879878       4   0 0  2 1  0 0  1 0
   192  0.1160129526570418E-03   4   1 0  0 2  0 0  1 0
   193  0.6542866288265748E-04   4   0 1  0 2  0 0  1 0
   194  -1.114444119862350       4   0 0  1 2  0 0  1 0
   195  -.8455992306890336       4   0 0  0 3  0 0  1 0
   196  0.1608982383577782E-04   4   3 0  0 0  0 0  0 1
   197  0.1328513019762253E-04   4   2 1  0 0  0 0  0 1
   198  -.1493721302912487E-04   4   1 2  0 0  0 0  0 1
   199  -.9714143073045336E-05   4   0 3  0 0  0 0  0 1
   200  -.3595826141298173       4   2 0  1 0  0 0  0 1
   201  -.6369704990898398       4   1 1  1 0  0 0  0 1
   202  0.1617945552792429       4   0 2  1 0  0 0  0 1
   203  -.1268514550587180E-03   4   1 0  2 0  0 0  0 1
   204  -.1418967923236043E-03   4   0 1  2 0  0 0  0 1
   205  0.1823206371736099       4   0 0  3 0  0 0  0 1
   206  0.4016221696411122       4   2 0  0 1  0 0  0 1
   207  -.1675272578923606       4   1 1  0 1  0 0  0 1
   208  0.4765727472680446E-01   4   0 2  0 1  0 0  0 1
   209  -.1804974002611979E-03   4   1 0  1 1  0 0  0 1
   210  -.1142917243647072E-03   4   0 1  1 1  0 0  0 1
   211   1.104892414152865       4   0 0  2 1  0 0  0 1
   212  -.9141897792260173E-04   4   1 0  0 2  0 0  0 1
   213  -.3900548797016050E-04   4   0 1  0 2  0 0  0 1
   214  0.8826930972413433       4   0 0  1 2  0 0  0 1
   215  0.1964477112583921       4   0 0  0 3  0 0  0 1
   216  -.2820503472823692E-05   4   2 0  0 0  0 2  0 0
   217  -.1679239285849588E-05   4   1 1  0 0  0 2  0 0
   218  -.6655385498498911E-05   4   0 2  0 0  0 2  0 0
   219  -.3509254253425901E-04   4   1 0  1 0  0 2  0 0
   220  -.1627987814165821E-03   4   0 1  1 0  0 2  0 0
   221  -.1137495451033426E-04   4   0 0  2 0  0 2  0 0
   222  0.6683291123128002E-04   4   1 0  0 1  0 2  0 0
   223  -.2107028126397338E-03   4   0 1  0 1  0 2  0 0
   224  -.1143108614202678E-04   4   0 0  1 1  0 2  0 0
   225  -.1633434929131634E-04   4   0 0  0 2  0 2  0 0
   226  -.3508118366580928E-05   4   2 0  0 0  0 1  1 0
   227  -.1539261936591960E-05   4   1 1  0 0  0 1  1 0
   228  -.8134478307593457E-05   4   0 2  0 0  0 1  1 0
   229  -.3206262161343033E-05   4   1 0  1 0  0 1  1 0
   230  -.1915691770347308E-03   4   0 1  1 0  0 1  1 0
   231  -.1167951131167352E-04   4   0 0  2 0  0 1  1 0
   232  0.7317722952715808E-04   4   1 0  0 1  0 1  1 0
   233  -.2565707726775124E-03   4   0 1  0 1  0 1  1 0
   234  -.1480243266076664E-04   4   0 0  1 1  0 1  1 0
   235  -.2001800819123592E-04   4   0 0  0 2  0 1  1 0
   236  -.2814347241991333E-05   4   2 0  0 0  0 0  2 0
   237  -.1675943711675985E-05   4   1 1  0 0  0 0  2 0
   238  -.6640955495579881E-05   4   0 2  0 0  0 0  2 0
   239  -.3504315922611172E-04   4   1 0  1 0  0 0  2 0
   240  -.1624507921039417E-03   4   0 1  1 0  0 0  2 0
   241  -.1135178776468794E-04   4   0 0  2 0  0 0  2 0
   242  0.6669373141568970E-04   4   1 0  0 1  0 0  2 0
   243  -.2102466182975152E-03   4   0 1  0 1  0 0  2 0
   244  -.1140574251687800E-04   4   0 0  1 1  0 0  2 0
   245  -.1629889764783388E-04   4   0 0  0 2  0 0  2 0
   246  0.1270963272856224E-05   4   2 0  0 0  0 1  0 1
   247  0.1456061227908155E-05   4   1 1  0 0  0 1  0 1
   248  0.1151473560919275E-05   4   0 2  0 0  0 1  0 1
   249  0.3258783246182624E-04   4   1 0  1 0  0 1  0 1
   250  0.1400224339034129E-03   4   0 1  1 0  0 1  0 1
   251  0.1255064555618040E-04   4   0 0  2 0  0 1  0 1
   252  -.8110358969937726E-04   4   1 0  0 1  0 1  0 1
   253  0.2792493515145998E-04   4   0 1  0 1  0 1  0 1
   254  0.5765459422328353E-05   4   0 0  1 1  0 1  0 1
   255  -.9437787651267611E-06   4   0 0  0 2  0 1  0 1
   256  0.1269252870382040E-05   4   2 0  0 0  0 0  1 1
   257  0.1454101729329422E-05   4   1 1  0 0  0 0  1 1
   258  0.1149923962068058E-05   4   0 2  0 0  0 0  1 1
   259  0.3254397729271085E-04   4   1 0  1 0  0 0  1 1
   260  0.1398339983108946E-03   4   0 1  1 0  0 0  1 1
   261  0.1253375548888236E-04   4   0 0  2 0  0 0  1 1
   262  -.8099444431063992E-04   4   1 0  0 1  0 0  1 1
   263  0.2788735508978963E-04   4   0 1  0 1  0 0  1 1
   264  0.5757700538754490E-05   4   0 0  1 1  0 0  1 1
   265  -.9425086721433976E-06   4   0 0  0 2  0 0  1 1
   266  0.9531628967078761E-06   4   2 0  0 0  0 0  0 2
   267  0.3173298976861097E-06   4   1 1  0 0  0 0  0 2
   268  -.7145822469561934E-08   4   0 2  0 0  0 0  0 2
   269  0.2497241708800491E-04   4   1 0  1 0  0 0  0 2
   270  -.1684157487917047E-05   4   0 1  1 0  0 0  0 2
   271  0.5194003164015694E-06   4   0 0  2 0  0 0  0 2
   272  0.1385329690107950E-04   4   1 0  0 1  0 0  0 2
   273  0.1617862457985039E-05   4   0 1  0 1  0 0  0 2
   274  0.2497143145352362E-05   4   0 0  1 1  0 0  0 2
   275  0.6985448567819740E-06   4   0 0  0 2  0 0  0 2
   276  0.1057077629862966E-04   4   1 0  0 0  0 3  0 0
   277  0.8601743362498646E-05   4   0 1  0 0  0 3  0 0
   278  -.9159766770842459E-01   4   0 0  1 0  0 3  0 0
   279  -.2765546558543684       4   0 0  0 1  0 3  0 0
   280  0.6372145936018078E-05   4   1 0  0 0  0 2  1 0
   281  0.8602519427916217E-05   4   0 1  0 0  0 2  1 0
   282  -.5908995108501915E-01   4   0 0  1 0  0 2  1 0
   283  -.1949561621887527       4   0 0  0 1  0 2  1 0
   284  0.6380592698003815E-05   4   1 0  0 0  0 1  2 0
   285  0.8602494494047136E-05   4   0 1  0 0  0 1  2 0
   286  -.5915532328247165E-01   4   0 0  1 0  0 1  2 0
   287  -.1951201280177175       4   0 0  0 1  0 1  2 0
   288  0.1054515593597018E-04   4   1 0  0 0  0 0  3 0
   289  0.8578598998932745E-05   4   0 1  0 0  0 0  3 0
   290  -.9137305935528880E-01   4   0 0  1 0  0 0  3 0
   291  -.2758653899881646       4   0 0  0 1  0 0  3 0
   292  -.1274104664280693E-04   4   1 0  0 0  0 2  0 1
   293  -.8610174120669249E-05   4   0 1  0 0  0 2  0 1
   294  0.1181579459465934       4   0 0  1 0  0 2  0 1
   295  0.7247643466977922E-01   4   0 0  0 1  0 2  0 1
   296  -.8557340819179817E-05   4   1 0  0 0  0 1  1 1
   297  -.8615723115612380E-05   4   0 1  0 0  0 1  1 1
   298  0.8576776010358637E-01   4   0 0  1 0  0 1  1 1
   299  0.7368237645170297E-01   4   0 0  0 1  0 1  1 1
   300  -.1271814230971203E-04   4   1 0  0 0  0 0  2 1
   301  -.8592789637060144E-05   4   0 1  0 0  0 0  2 1
   302  0.1179412234468038       4   0 0  1 0  0 0  2 1
   303  0.7232932016484742E-01   4   0 0  0 1  0 0  2 1
   304  0.8332695924203339E-07   4   1 0  0 0  0 1  0 2
   305  0.1168985562744216E-07   4   0 1  0 0  0 1  0 2
   306  -.1040653806318924E-01   4   0 0  1 0  0 1  0 2
   307  -.2416954838188478E-02   4   0 0  0 1  0 1  0 2
   308  0.8321482174741378E-07   4   1 0  0 0  0 0  1 2
   309  0.1167412397066960E-07   4   0 1  0 0  0 0  1 2
   310  -.1039253343470812E-01   4   0 0  1 0  0 0  1 2
   311  -.2413702214274629E-02   4   0 0  0 1  0 0  1 2
   312  -.1853991539427110E-07   4   1 0  0 0  0 0  0 3
   313  -.1949382891858186E-08   4   0 1  0 0  0 0  0 3
   314  0.1481254615475752E-03   4   0 0  1 0  0 0  0 3
   315  0.1542567618306161E-04   4   0 0  0 1  0 0  0 3
   316  -.1512532016255055E-05   4   0 0  0 0  0 4  0 0
   317  -.9103301507619918E-06   4   0 0  0 0  0 3  1 0
   318  -.8299150600812525E-06   4   0 0  0 0  0 2  2 0
   319  -.9120528965020161E-06   4   0 0  0 0  0 1  3 0
   320  -.1507851059772922E-05   4   0 0  0 0  0 0  4 0
   321  -.1902247087250578E-07   4   0 0  0 0  0 3  0 1
   322  0.2260540488017891E-07   4   0 0  0 0  0 2  1 1
   323  0.2252142530327923E-07   4   0 0  0 0  0 1  2 1
   324  -.1899926175586750E-07   4   0 0  0 0  0 0  3 1
   325  0.1248631282836914E-07   4   0 0  0 0  0 2  0 2
   326  0.1569093845649351E-07   4   0 0  0 0  0 1  1 2
   327  0.1245895127428060E-07   4   0 0  0 0  0 0  2 2
   328  -.1804228017833339E-09   4   0 0  0 0  0 1  0 3
   329  -.1801799972797259E-09   4   0 0  0 0  0 0  1 3
   ----------------------------------------------------
     I  COEFFICIENT            ORDER EXPONENTS
     1  0.3631319857831660E-05   0   0 0  0 0  0 0  0 0
     2  -.9613823647712475E-04   1   1 0  0 0  0 0  0 0
     3  -.2978654169430367E-04   1   0 1  0 0  0 0  0 0
     4  0.7873652796535758       1   0 0  1 0  0 0  0 0
     5   1.238586257625978       1   0 0  0 1  0 0  0 0
     6  -.7006206670590440E-07   1   0 0  0 0  0 1  0 0
     7  -.6996778047842859E-07   1   0 0  0 0  0 0  1 0
     8  0.3771349705016008E-05   1   0 0  0 0  0 0  0 1
     9  0.1501908548062034E-05   2   2 0  0 0  0 0  0 0
    10  -.1325009956894342E-04   2   1 1  0 0  0 0  0 0
    11  -.2200106201986945E-05   2   0 2  0 0  0 0  0 0
    12  -.1724220939907237E-03   2   1 0  1 0  0 0  0 0
    13  0.1635205132154688E-03   2   0 1  1 0  0 0  0 0
    14  -.4546450312557290E-05   2   0 0  2 0  0 0  0 0
    15  0.1359834855491128E-03   2   1 0  0 1  0 0  0 0
    16  0.1033398029083561E-03   2   0 1  0 1  0 0  0 0
    17  0.8565971654130146E-05   2   0 0  1 1  0 0  0 0
    18  0.1121117666179721E-05   2   0 0  0 2  0 0  0 0
    19  0.1118300203694279E-06   2   1 0  0 0  0 1  0 0
    20  0.1491537193534366E-04   2   0 1  0 0  0 1  0 0
    21  -.2238842188310881E-01   2   0 0  1 0  0 1  0 0
    22  -.1234793594793485       2   0 0  0 1  0 1  0 0
    23  0.1116795247983313E-06   2   1 0  0 0  0 0  1 0
    24  0.1489529953073015E-04   2   0 1  0 0  0 0  1 0
    25  -.2235829260006766E-01   2   0 0  1 0  0 0  1 0
    26  -.1233131867767411       2   0 0  0 1  0 0  1 0
    27  -.9636174602229261E-04   2   1 0  0 0  0 0  0 1
    28  -.2981067146595366E-04   2   0 1  0 0  0 0  0 1
    29  0.8321119941367531       2   0 0  1 0  0 0  0 1
    30  0.2467925462560905       2   0 0  0 1  0 0  0 1
    31  0.4879522267803660E-07   2   0 0  0 0  0 2  0 0
    32  0.2758571275953004E-07   2   0 0  0 0  0 1  1 0
    33  0.4871099462398634E-07   2   0 0  0 0  0 0  2 0
    34  -.1251767719873474E-06   2   0 0  0 0  0 1  0 1
    35  -.1250083149869761E-06   2   0 0  0 0  0 0  1 1
    36  0.1250927499703228E-06   2   0 0  0 0  0 0  0 2
    37  0.4877860947509909E-04   3   3 0  0 0  0 0  0 0
    38  0.4768607236516044E-04   3   2 1  0 0  0 0  0 0
    39  0.1635747361582574E-04   3   1 2  0 0  0 0  0 0
    40  -.1291036146166535E-04   3   0 3  0 0  0 0  0 0
    41  -1.039417642074790       3   2 0  1 0  0 0  0 0
    42  -.9771103652628598       3   1 1  1 0  0 0  0 0
    43  0.2469827290148340       3   0 2  1 0  0 0  0 0
    44  -.1165432694882890E-03   3   1 0  2 0  0 0  0 0
    45  -.4161049211084572E-04   3   0 1  2 0  0 0  0 0
    46  -.5061119534165168       3   0 0  3 0  0 0  0 0
    47  -.1590753399062989       3   2 0  0 1  0 0  0 0
    48  -.3040275719835256       3   1 1  0 1  0 0  0 0
    49  0.1790854621985999       3   0 2  0 1  0 0  0 0
    50  -.6871085350815880E-04   3   1 0  1 1  0 0  0 0
    51  0.6899797818314230E-04   3   0 1  1 1  0 0  0 0
    52  -.6110947830963935       3   0 0  2 1  0 0  0 0
    53  -.1137905269443550E-04   3   1 0  0 2  0 0  0 0
    54  0.1003011488670653E-04   3   0 1  0 2  0 0  0 0
    55  -.6145224240402954       3   0 0  1 2  0 0  0 0
    56  -.2746178723416582E-01   3   0 0  0 3  0 0  0 0
    57  -.9772696243449055E-06   3   2 0  0 0  0 1  0 0
    58  0.7331506806646206E-05   3   1 1  0 0  0 1  0 0
    59  0.2376533531545050E-05   3   0 2  0 0  0 1  0 0
    60  0.8848508230043116E-04   3   1 0  1 0  0 1  0 0
    61  -.6695956302566824E-04   3   0 1  1 0  0 1  0 0
    62  0.2973325664652471E-05   3   0 0  2 0  0 1  0 0
    63  -.4161771422597502E-04   3   1 0  0 1  0 1  0 0
    64  -.9596728847072686E-04   3   0 1  0 1  0 1  0 0
    65  -.2260686195549560E-05   3   0 0  1 1  0 1  0 0
    66  -.6697992172198326E-06   3   0 0  0 2  0 1  0 0
    67  -.9759544609415574E-06   3   2 0  0 0  0 0  1 0
    68  0.7321640410307742E-05   3   1 1  0 0  0 0  1 0
    69  0.2373335304720463E-05   3   0 2  0 0  0 0  1 0
    70  0.8836600324682756E-04   3   1 0  1 0  0 0  1 0
    71  -.6686945200144350E-04   3   0 1  1 0  0 0  1 0
    72  0.2969324303102265E-05   3   0 0  2 0  0 0  1 0
    73  -.4156170706754489E-04   3   1 0  0 1  0 0  1 0
    74  -.9583814021668374E-04   3   0 1  0 1  0 0  1 0
    75  -.2257643870608943E-05   3   0 0  1 1  0 0  1 0
    76  -.6688978329991155E-06   3   0 0  0 2  0 0  1 0
    77  0.3455132633348542E-05   3   2 0  0 0  0 0  0 1
    78  -.1465314721695401E-04   3   1 1  0 0  0 0  0 1
    79  -.2549762634278552E-05   3   0 2  0 0  0 0  0 1
    80  -.3492731795379827E-03   3   1 0  1 0  0 0  0 1
    81  0.1338290150271117E-03   3   0 1  1 0  0 0  0 1
    82  -.1048910028031524E-04   3   0 0  2 0  0 0  0 1
    83  0.8317942129351914E-04   3   1 0  0 1  0 0  0 1
    84  0.8846562577905532E-04   3   0 1  0 1  0 0  0 1
    85  0.4518330066153830E-05   3   0 0  1 1  0 0  0 1
    86  0.2175793840375821E-06   3   0 0  0 2  0 0  0 1
    87  -.1101735603265602E-06   3   1 0  0 0  0 2  0 0
    88  -.1119635303828756E-04   3   0 1  0 0  0 2  0 0
    89  0.1701021523468795E-01   3   0 0  1 0  0 2  0 0
    90  0.9467082580698460E-01   3   0 0  0 1  0 2  0 0
    91  -.1098630369846608E-06   3   1 0  0 0  0 1  1 0
    92  -.7485789032601228E-05   3   0 1  0 0  0 1  1 0
    93  0.1164646702709302E-01   3   0 0  1 0  0 1  1 0
    94  0.6593962105998073E-01   3   0 0  0 1  0 1  1 0
    95  -.1099513696875425E-06   3   1 0  0 0  0 0  2 0
    96  -.1117624850299071E-04   3   0 1  0 0  0 0  2 0
    97  0.1697948705546606E-01   3   0 0  1 0  0 0  2 0
    98  0.9449905305409728E-01   3   0 0  0 1  0 0  2 0
    99  0.3325502819096316E-06   3   1 0  0 0  0 1  0 1
   100  0.1495867993726114E-04   3   0 1  0 0  0 1  0 1
   101  -.4566694415180701E-01   3   0 0  1 0  0 1  0 1
   102  -.1318019525629945       3   0 0  0 1  0 1  0 1
   103  0.3321027514128766E-06   3   1 0  0 0  0 0  1 1
   104  0.1493854925077969E-04   3   0 1  0 0  0 0  1 1
   105  -.4560548773057717E-01   3   0 0  1 0  0 0  1 1
   106  -.1316245797068455       3   0 0  0 1  0 0  1 1
   107  -.3339923953599366E-06   3   1 0  0 0  0 0  0 2
   108  -.4191216718514929E-07   3   0 1  0 0  0 0  0 2
   109  0.4563623898633545E-01   3   0 0  1 0  0 0  0 2
   110  0.8317006282583127E-02   3   0 0  0 1  0 0  0 2
   111  -.4024604090426155E-07   3   0 0  0 0  0 3  0 0
   112  -.2315334317112086E-07   3   0 0  0 0  0 2  1 0
   113  -.2318773769321383E-07   3   0 0  0 0  0 1  2 0
   114  -.4014924077541884E-07   3   0 0  0 0  0 0  3 0
   115  0.9509537216575354E-07   3   0 0  0 0  0 2  0 1
   116  0.6509470983327002E-07   3   0 0  0 0  0 1  1 1
   117  0.9492359663208621E-07   3   0 0  0 0  0 0  2 1
   118  -.6505405684267942E-07   3   0 0  0 0  0 1  0 2
   119  -.6496651015887516E-07   3   0 0  0 0  0 0  1 2
   120  0.1642605677084105E-08   3   0 0  0 0  0 0  0 3
   121  0.3608463886969985E-05   4   4 0  0 0  0 0  0 0
   122  -.1156858548791182E-05   4   3 1  0 0  0 0  0 0
   123  -.3348284825293936E-05   4   2 2  0 0  0 0  0 0
   124  0.1062614436125691E-05   4   1 3  0 0  0 0  0 0
   125  -.2800139564925157E-05   4   0 4  0 0  0 0  0 0
   126  0.6674159705830589E-09   4   3 0  1 0  0 0  0 0
   127  -.5333470342381020E-03   4   2 1  1 0  0 0  0 0
   128  -.2333912495928708E-03   4   1 2  1 0  0 0  0 0
   129  -.1257980491928507E-03   4   0 3  1 0  0 0  0 0
   130  0.2049893946534251E-05   4   2 0  2 0  0 0  0 0
   131  -.5957740328896239E-04   4   1 1  2 0  0 0  0 0
   132  -.1103144914614425E-04   4   0 2  2 0  0 0  0 0
   133  0.1688169497943758E-08   4   1 0  3 0  0 0  0 0
   134  -.2749257731701147E-08   4   0 1  3 0  0 0  0 0
   135  -.5510719208087709E-05   4   0 0  4 0  0 0  0 0
   136  -.2666761220216728E-03   4   3 0  0 1  0 0  0 0
   137  -.3683313819948660E-03   4   2 1  0 1  0 0  0 0
   138  0.6333479658965958E-04   4   1 2  0 1  0 0  0 0
   139  -.5683396703729958E-05   4   0 3  0 1  0 0  0 0
   140  -.2390230836214849E-04   4   2 0  1 1  0 0  0 0
   141  -.6420160225814267E-04   4   1 1  1 1  0 0  0 0
   142  0.1765777292763268E-04   4   0 2  1 1  0 0  0 0
   143  -.3895533337811808E-03   4   1 0  2 1  0 0  0 0
   144  -.5261533692859284E-04   4   0 1  2 1  0 0  0 0
   145  -.3651964771328617E-04   4   0 0  3 1  0 0  0 0
   146  0.3156715228540368E-05   4   2 0  0 2  0 0  0 0
   147  -.1701963453916705E-04   4   1 1  0 2  0 0  0 0
   148  -.3368674569085668E-06   4   0 2  0 2  0 0  0 0
   149  -.2242423523232768E-03   4   1 0  1 2  0 0  0 0
   150  -.1342893413814361E-03   4   0 1  1 2  0 0  0 0
   151  -.2752093336608425E-04   4   0 0  2 2  0 0  0 0
   152  -.3481468068921933E-04   4   1 0  0 3  0 0  0 0
   153  -.2500052364225435E-04   4   0 1  0 3  0 0  0 0
   154  0.4663603040350946E-06   4   0 0  1 3  0 0  0 0
   155  0.2188459947960180E-05   4   0 0  0 4  0 0  0 0
   156  -.2348105889321496E-04   4   3 0  0 0  0 1  0 0
   157  -.4811883624972466E-04   4   2 1  0 0  0 1  0 0
   158  -.2482327576242193E-04   4   1 2  0 0  0 1  0 0
   159  0.1835530614124944E-04   4   0 3  0 0  0 1  0 0
   160  0.4612344932583556       4   2 0  1 0  0 1  0 0
   161  0.9691409980384430       4   1 1  1 0  0 1  0 0
   162  -.1829590498978690       4   0 2  1 0  0 1  0 0
   163  0.4024884162292456E-04   4   1 0  2 0  0 1  0 0
   164  0.3891255240133343E-04   4   0 1  2 0  0 1  0 0
   165  0.3213805884299769       4   0 0  3 0  0 1  0 0
   166  0.1298578461492058       4   2 0  0 1  0 1  0 0
   167  0.4443492230261288       4   1 1  0 1  0 1  0 0
   168  -.2440246616308508       4   0 2  0 1  0 1  0 0
   169  0.5603903366889928E-04   4   1 0  1 1  0 1  0 0
   170  -.5785646752341492E-04   4   0 1  1 1  0 1  0 0
   171  0.6752099214376349       4   0 0  2 1  0 1  0 0
   172  0.1484066584202106E-04   4   1 0  0 2  0 1  0 0
   173  -.1306361624963591E-04   4   0 1  0 2  0 1  0 0
   174  0.7559327481893569       4   0 0  1 2  0 1  0 0
   175  0.5684619092325660E-01   4   0 0  0 3  0 1  0 0
   176  -.2344945919078044E-04   4   3 0  0 0  0 0  1 0
   177  -.4805408018766168E-04   4   2 1  0 0  0 0  1 0
   178  -.2478986976778121E-04   4   1 2  0 0  0 0  1 0
   179  0.1833060443530004E-04   4   0 3  0 0  0 0  1 0
   180  0.4606137856145576       4   2 0  1 0  0 0  1 0
   181  0.9678367737573121       4   1 1  1 0  0 0  1 0
   182  -.1827128322310787       4   0 2  1 0  0 0  1 0
   183  0.4019467662873023E-04   4   1 0  2 0  0 0  1 0
   184  0.3886018572219127E-04   4   0 1  2 0  0 0  1 0
   185  0.3209480895802125       4   0 0  3 0  0 0  1 0
   186  0.1296830895798480       4   2 0  0 1  0 0  1 0
   187  0.4437512387832312       4   1 1  0 1  0 0  1 0
   188  -.2436962647417102       4   0 2  0 1  0 0  1 0
   189  0.5596361897840487E-04   4   1 0  1 1  0 0  1 0
   190  -.5777860701610774E-04   4   0 1  1 1  0 0  1 0
   191  0.6743012557469881       4   0 0  2 1  0 0  1 0
   192  0.1482069397334479E-04   4   1 0  0 2  0 0  1 0
   193  -.1304603585055661E-04   4   0 1  0 2  0 0  1 0
   194  0.7549154495227559       4   0 0  1 2  0 0  1 0
   195  0.5676968999859523E-01   4   0 0  0 3  0 0  1 0
   196  0.9570912755909488E-04   4   3 0  0 0  0 0  0 1
   197  0.9617291643738654E-04   4   2 1  0 0  0 0  0 1
   198  0.3325567191437759E-04   4   1 2  0 0  0 0  0 1
   199  -.1086518765321876E-04   4   0 3  0 0  0 0  0 1
   200  -1.961265920947710       4   2 0  1 0  0 0  0 1
   201  -1.936977771795757       4   1 1  1 0  0 0  0 1
   202  0.1186891531141133       4   0 2  1 0  0 0  0 1
   203  -.1969867877399290E-03   4   1 0  2 0  0 0  0 1
   204  -.7777273812351171E-04   4   0 1  2 0  0 0  0 1
   205  -1.148440631426788       4   0 0  3 0  0 0  0 1
   206  -.2595409357290517       4   2 0  0 1  0 0  0 1
   207  -.5840728898258365       4   1 1  0 1  0 0  0 1
   208  0.1295500019753628       4   0 2  0 1  0 0  0 1
   209  -.1120026526472778E-03   4   1 0  1 1  0 0  0 1
   210  0.4663709635639985E-04   4   0 1  1 1  0 0  0 1
   211  -1.349511177184830       4   0 0  2 1  0 0  0 1
   212  -.1828230712092089E-04   4   1 0  0 2  0 0  0 1
   213  0.6049422326786450E-05   4   0 1  0 2  0 0  0 1
   214  -.8963257736719684       4   0 0  1 2  0 0  0 1
   215  -.5869230645355685E-01   4   0 0  0 3  0 0  0 1
   216  0.1182814272064523E-05   4   2 0  0 0  0 2  0 0
   217  0.4331351870595342E-06   4   1 1  0 0  0 2  0 0
   218  -.5496082689229289E-05   4   0 2  0 0  0 2  0 0
   219  0.1126837058320883E-03   4   1 0  1 0  0 2  0 0
   220  -.1130549347652812E-03   4   0 1  1 0  0 2  0 0
   221  0.6459059004926750E-05   4   0 0  2 0  0 2  0 0
   222  0.1204078431237040E-03   4   1 0  0 1  0 2  0 0
   223  -.2381656413141306E-04   4   0 1  0 1  0 2  0 0
   224  0.2308552084355217E-04   4   0 0  1 1  0 2  0 0
   225  0.5453743871653913E-05   4   0 0  0 2  0 2  0 0
   226  0.5169119810612609E-06   4   2 0  0 0  0 1  1 0
   227  0.2694081817254139E-05   4   1 1  0 0  0 1  1 0
   228  -.6036310621283502E-05   4   0 2  0 0  0 1  1 0
   229  0.1359153987108373E-03   4   1 0  1 0  0 1  1 0
   230  -.1340500371407041E-03   4   0 1  1 0  0 1  1 0
   231  0.7006274088737057E-05   4   0 0  2 0  0 1  1 0
   232  0.1121613679310955E-03   4   1 0  0 1  0 1  1 0
   233  -.4464280471552850E-04   4   0 1  0 1  0 1  1 0
   234  0.2291535473858549E-04   4   0 0  1 1  0 1  1 0
   235  0.5769914052003014E-05   4   0 0  0 2  0 1  1 0
   236  0.1180874678469856E-05   4   2 0  0 0  0 0  2 0
   237  0.4307395099667424E-06   4   1 1  0 0  0 0  2 0
   238  -.5484624628991185E-05   4   0 2  0 0  0 0  2 0
   239  0.1124406071423209E-03   4   1 0  1 0  0 0  2 0
   240  -.1128125916509564E-03   4   0 1  1 0  0 0  2 0
   241  0.6445652350986286E-05   4   0 0  2 0  0 0  2 0
   242  0.1201703331815632E-03   4   1 0  0 1  0 0  2 0
   243  -.2375447383051848E-04   4   0 1  0 1  0 0  2 0
   244  0.2303903423536208E-04   4   0 0  1 1  0 0  2 0
   245  0.5442522040975434E-05   4   0 0  0 2  0 0  2 0
   246  -.2931890614202265E-05   4   2 0  0 0  0 1  0 1
   247  -.1789940208972859E-05   4   1 1  0 0  0 1  0 1
   248  0.4297226317047138E-05   4   0 2  0 0  0 1  0 1
   249  -.1806412093893171E-03   4   1 0  1 0  0 1  0 1
   250  0.8765715440126398E-04   4   0 1  1 0  0 1  0 1
   251  -.1296868633501823E-04   4   0 0  2 0  0 1  0 1
   252  -.1609075928203329E-03   4   1 0  0 1  0 1  0 1
   253  -.1711911477247836E-05   4   0 1  0 1  0 1  0 1
   254  -.2952457885432472E-04   4   0 0  1 1  0 1  0 1
   255  -.6119173941027679E-05   4   0 0  0 2  0 1  0 1
   256  -.2927945013988889E-05   4   2 0  0 0  0 0  1 1
   257  -.1787531391796589E-05   4   1 1  0 0  0 0  1 1
   258  0.4291443312390912E-05   4   0 2  0 0  0 0  1 1
   259  -.1803981109630461E-03   4   1 0  1 0  0 0  1 1
   260  0.8753918953400938E-04   4   0 1  1 0  0 0  1 1
   261  -.1295123368814159E-04   4   0 0  2 0  0 0  1 1
   262  -.1606910509652277E-03   4   1 0  0 1  0 0  1 1
   263  -.1709607667461417E-05   4   0 1  0 1  0 0  1 1
   264  -.2948484606754779E-04   4   0 0  1 1  0 0  1 1
   265  -.6110939045124509E-05   4   0 0  0 2  0 0  1 1
   266  0.2979234904777895E-05   4   2 0  0 0  0 0  0 2
   267  0.2639784360702199E-05   4   1 1  0 0  0 0  0 2
   268  0.4396753433157329E-06   4   0 2  0 0  0 0  0 2
   269  -.3913328029197239E-09   4   1 0  1 0  0 0  0 2
   270  -.1073249407630692E-09   4   0 1  1 0  0 0  0 2
   271  0.6008934286927477E-05   4   0 0  2 0  0 0  0 2
   272  0.1170848679506295E-04   4   1 0  0 1  0 0  0 2
   273  0.1581302397621385E-05   4   0 1  0 1  0 0  0 2
   274  0.4937819398661195E-05   4   0 0  1 1  0 0  0 2
   275  0.7207490207410706E-06   4   0 0  0 2  0 0  0 2
   276  0.1113514498196520E-06   4   1 0  0 0  0 3  0 0
   277  0.9337423900819867E-05   4   0 1  0 0  0 3  0 0
   278  -.1432408740368971E-01   4   0 0  1 0  0 3  0 0
   279  -.8029018994781630E-01   4   0 0  0 1  0 3  0 0
   280  0.1125343547254788E-06   4   1 0  0 0  0 2  1 0
   281  0.5623529793257533E-05   4   0 1  0 0  0 2  1 0
   282  -.8955434774275668E-02   4   0 0  1 0  0 2  1 0
   283  -.5154829894397203E-01   4   0 0  0 1  0 2  1 0
   284  0.1125316643786009E-06   4   1 0  0 0  0 1  2 0
   285  0.5631001402923978E-05   4   0 1  0 0  0 1  2 0
   286  -.8966233181341260E-02   4   0 0  1 0  0 1  2 0
   287  -.5160610005308694E-01   4   0 0  0 1  0 1  2 0
   288  0.1110510528367563E-06   4   1 0  0 0  0 0  3 0
   289  0.9314796266220834E-05   4   0 1  0 0  0 0  3 0
   290  -.1428915460685059E-01   4   0 0  1 0  0 0  3 0
   291  -.8009347495775766E-01   4   0 0  0 1  0 0  3 0
   292  -.3342543377767607E-06   4   1 0  0 0  0 2  0 1
   293  -.1124734645831996E-04   4   0 1  0 0  0 2  0 1
   294  0.3491743532113997E-01   4   0 0  1 0  0 2  0 1
   295  0.1030771811197538       4   0 0  0 1  0 2  0 1
   296  -.3359532048946560E-06   4   1 0  0 0  0 1  1 1
   297  -.7545974963821134E-05   4   0 1  0 0  0 1  1 1
   298  0.2419677615007180E-01   4   0 0  1 0  0 1  1 1
   299  0.7442948386379744E-01   4   0 0  0 1  0 1  1 1
   300  -.3335784590404449E-06   4   1 0  0 0  0 0  2 1
   301  -.1122713280078656E-04   4   0 1  0 0  0 0  2 1
   302  0.3485416364179336E-01   4   0 0  1 0  0 0  2 1
   303  0.1028883828614405       4   0 0  0 1  0 0  2 1
   304  0.3344695710466493E-06   4   1 0  0 0  0 1  0 2
   305  0.6296986515669519E-07   4   0 1  0 0  0 1  0 2
   306  -.2418232851667873E-01   4   0 0  1 0  0 1  0 2
   307  -.8489958900310268E-02   4   0 0  0 1  0 1  0 2
   308  0.3340194576610798E-06   4   1 0  0 0  0 0  1 2
   309  0.6288512327984083E-07   4   0 1  0 0  0 0  1 2
   310  -.2414978507863684E-01   4   0 0  1 0  0 0  1 2
   311  -.8478533513740349E-02   4   0 0  0 1  0 0  1 2
   312  -.1114988777847142E-06   4   1 0  0 0  0 0  0 3
   313  -.1401021802051464E-07   4   0 1  0 0  0 0  0 3
   314  0.8986248696615544E-03   4   0 0  1 0  0 0  0 3
   315  0.1114932829618934E-03   4   0 0  0 1  0 0  0 3
   316  -.5817822480534141E-06   4   0 0  0 0  0 4  0 0
   317  -.3478650629333348E-06   4   0 0  0 0  0 3  1 0
   318  -.3163341966364596E-06   4   0 0  0 0  0 2  2 0
   319  -.3485346628593497E-06   4   0 0  0 0  0 1  3 0
   320  -.5799832934462737E-06   4   0 0  0 0  0 0  4 0
   321  0.6840443642582637E-06   4   0 0  0 0  0 3  0 1
   322  0.4374679986932868E-06   4   0 0  0 0  0 2  1 1
   323  0.4379638867127134E-06   4   0 0  0 0  0 1  2 1
   324  0.6823695673211998E-06   4   0 0  0 0  0 0  3 1
   325  -.2104339528060579E-07   4   0 0  0 0  0 2  0 2
   326  -.2515023941551289E-07   4   0 0  0 0  0 1  1 2
   327  -.2099815306751955E-07   4   0 0  0 0  0 0  2 2
   328  -.7745400944620159E-10   4   0 0  0 0  0 1  0 3
   329  -.7734977549056944E-10   4   0 0  0 0  0 0  1 3
   ----------------------------------------------------
     I  COEFFICIENT            ORDER EXPONENTS
     1  0.5369863603495829E-08   0   0 0  0 0  0 0  0 0
     2  -.2352319492101039E-05   1   1 0  0 0  0 0  0 0
     3  0.2920091815141523E-05   1   0 1  0 0  0 0  0 0
     4  -.3283469903195239E-06   1   0 0  1 0  0 0  0 0
     5  -.6050524957615316E-06   1   0 0  0 1  0 0  0 0
     6   1.000000000000000       1   0 0  0 0  1 0  0 0
     7  0.1649722364295767       1   0 0  0 0  0 1  0 0
     8  -.1649722363416512       1   0 0  0 0  0 0  1 0
     9  -.8792658697900746E-10   1   0 0  0 0  0 0  0 1
    10  -.3468014701105951E-01   2   2 0  0 0  0 0  0 0
    11  0.1063392502374180       2   1 1  0 0  0 0  0 0
    12  -.1355643057960781       2   0 2  0 0  0 0  0 0
    13  0.8250913288188569E-06   2   1 0  1 0  0 0  0 0
    14  0.1704782176846050E-04   2   0 1  1 0  0 0  0 0
    15  -.4106886592755212E-01   2   0 0  2 0  0 0  0 0
    16  0.1704789611905043E-04   2   1 0  0 1  0 0  0 0
    17  0.8633068816807244E-05   2   0 1  0 1  0 0  0 0
    18  -.1576435839861063       2   0 0  1 1  0 0  0 0
    19  -.2024057601162654       2   0 0  0 2  0 0  0 0
    20  0.3465764392700422E-05   2   1 0  0 0  0 1  0 0
    21  -.4039791120222689E-05   2   0 1  0 0  0 1  0 0
    22  0.5133206205264620E-06   2   0 0  1 0  0 1  0 0
    23  0.9650581438101516E-06   2   0 0  0 1  0 1  0 0
    24  0.1115106223487716E-05   2   1 0  0 0  0 0  1 0
    25  -.1122113550122168E-05   2   0 1  0 0  0 0  1 0
    26  0.1851660212209651E-06   2   0 0  1 0  0 0  1 0
    27  0.3603346175370787E-06   2   0 0  0 1  0 0  1 0
    28  -.4580865666381138E-05   2   1 0  0 0  0 0  0 1
    29  0.2241799259868701E-05   2   0 1  0 0  0 0  0 1
    30  -.6984868042832670E-06   2   0 0  1 0  0 0  0 1
    31  -.7203414278283251E-06   2   0 0  0 1  0 0  0 1
    32  -.1238124878604106       2   0 0  0 0  0 2  0 0
    33  0.8265273916026097E-01   2   0 0  0 0  0 1  1 0
    34  0.4115974856913655E-01   2   0 0  0 0  0 0  2 0
    35  0.1309799200374972E-09   2   0 0  0 0  0 1  0 1
    36  0.4311356212930791E-10   2   0 0  0 0  0 0  1 1
    37  -.4308356001348122E-10   2   0 0  0 0  0 0  0 2
    38  0.9817880750310931E-05   3   3 0  0 0  0 0  0 0
    39  -.5952784370282940E-04   3   2 1  0 0  0 0  0 0
    40  -.2373125200626337E-05   3   1 2  0 0  0 0  0 0
    41  0.8062287688838111E-05   3   0 3  0 0  0 0  0 0
    42  -.2399765599184314E-05   3   2 0  1 0  0 0  0 0
    43  -.6109654724668071E-05   3   1 1  1 0  0 0  0 0
    44  0.1361734644520172E-05   3   0 2  1 0  0 0  0 0
    45  0.2378700703481500E-05   3   1 0  2 0  0 0  0 0
    46  0.2658945427688671E-04   3   0 1  2 0  0 0  0 0
    47  -.2625105597933631E-06   3   0 0  3 0  0 0  0 0
    48  -.4992062505696933E-05   3   2 0  0 1  0 0  0 0
    49  0.5031399306014354E-06   3   1 1  0 1  0 0  0 0
    50  0.1220632760174650E-06   3   0 2  0 1  0 0  0 0
    51  0.9067148366338038E-04   3   1 0  1 1  0 0  0 0
    52  -.1457021790790709E-04   3   0 1  1 1  0 0  0 0
    53  -.1080998854094361E-05   3   0 0  2 1  0 0  0 0
    54  -.2573866187646870E-04   3   1 0  0 2  0 0  0 0
    55  -.1029190978473897E-04   3   0 1  0 2  0 0  0 0
    56  -.5805144839206907E-05   3   0 0  1 2  0 0  0 0
    57  -.2154964827695212E-05   3   0 0  0 3  0 0  0 0
    58  0.5052970837935172E-01   3   2 0  0 0  0 1  0 0
    59  -.1481002349122769       3   1 1  0 0  0 1  0 0
    60  0.1901064407121753       3   0 2  0 0  0 1  0 0
    61  -.1651455859248338E-05   3   1 0  1 0  0 1  0 0
    62  -.2576157104146071E-04   3   0 1  1 0  0 1  0 0
    63  0.6331259315160193E-01   3   0 0  2 0  0 1  0 0
    64  -.2575955835157665E-04   3   1 0  0 1  0 1  0 0
    65  -.1731256693748831E-04   3   0 1  0 1  0 1  0 0
    66  0.2507978994101749       3   0 0  1 1  0 1  0 0
    67  0.3241056846473392       3   0 0  0 2  0 1  0 0
    68  0.1587483523317720E-01   3   2 0  0 0  0 0  1 0
    69  -.4184771894103710E-01   3   1 1  0 0  0 0  1 0
    70  0.5465094323803049E-01   3   0 2  0 0  0 0  1 0
    71  -.8261269726259648E-06   3   1 0  1 0  0 0  1 0
    72  -.8724591847843586E-05   3   0 1  1 0  0 0  1 0
    73  0.2226897693769376E-01   3   0 0  2 0  0 0  1 0
    74  -.8723287017111971E-05   3   1 0  0 1  0 0  1 0
    75  -.8677215604869856E-05   3   0 1  0 1  0 0  1 0
    76  0.9324081912158488E-01   3   0 0  1 1  0 0  1 0
    77  0.1218081775161521       3   0 0  0 2  0 0  1 0
    78  -.6640453448185597E-01   3   2 0  0 0  0 0  0 1
    79  0.8360876409078913E-01   3   1 1  0 0  0 0  0 1
    80  0.2637115286329832E-01   3   0 2  0 0  0 0  0 1
    81  0.2477230593250609E-05   3   1 0  1 0  0 0  0 1
    82  0.1743704538920580E-04   3   0 1  1 0  0 0  0 1
    83  -.8558155032814069E-01   3   0 0  2 0  0 0  0 1
    84  0.1743628248917929E-04   3   1 0  0 1  0 0  0 1
    85  0.8714830981092059E-05   3   0 1  0 1  0 0  0 1
    86  -.1863951449741577       3   0 0  1 1  0 0  0 1
    87  -.4110237938454001E-01   3   0 0  0 2  0 0  0 1
    88  -.4270968558838457E-05   3   1 0  0 0  0 2  0 0
    89  0.4715678636206471E-05   3   0 1  0 0  0 2  0 0
    90  -.6559301320056637E-06   3   0 0  1 0  0 2  0 0
    91  -.1263804642952575E-05   3   0 0  0 1  0 2  0 0
    92  -.1611247466602465E-05   3   1 0  0 0  0 1  1 0
    93  0.1352986101436650E-05   3   0 1  0 0  0 1  1 0
    94  -.2853334710246578E-06   3   0 0  1 0  0 1  1 0
    95  -.5976579760995209E-06   3   0 0  0 1  0 1  1 0
    96  -.8068673986301789E-06   3   1 0  0 0  0 0  2 0
    97  0.6782963439243314E-06   3   0 1  0 0  0 0  2 0
    98  -.1428194756335889E-06   3   0 0  1 0  0 0  2 0
    99  -.2990749631124122E-06   3   0 0  0 1  0 0  2 0
   100  0.6687435427497800E-05   3   1 0  0 0  0 1  0 1
   101  -.2704801862148201E-05   3   0 1  0 0  0 1  0 1
   102  0.1083872728917360E-05   3   0 0  1 0  0 1  0 1
   103  0.1195147791895408E-05   3   0 0  0 1  0 1  0 1
   104  0.2109891255756014E-05   3   1 0  0 0  0 0  1 1
   105  -.4653923629771111E-06   3   0 1  0 0  0 0  1 1
   106  0.3858060160470734E-06   3   0 0  1 0  0 0  1 1
   107  0.4751354890094415E-06   3   0 0  0 1  0 0  1 1
   108  -.2108232776508450E-05   3   1 0  0 0  0 0  0 2
   109  -.6567037630599160E-06   3   0 1  0 0  0 0  0 2
   110  -.3855959654905213E-06   3   0 0  1 0  0 0  0 2
   111  -.1148002693812771E-06   3   0 0  0 1  0 0  0 2
   112  0.1031909934289134       3   0 0  0 0  0 3  0 0
   113  -.6194804397286435E-01   3   0 0  0 0  0 2  1 0
   114  -.2070470251339886E-01   3   0 0  0 0  0 1  2 0
   115  -.2053826732085613E-01   3   0 0  0 0  0 0  3 0
   116  -.9093883012406774E-09   3   0 0  0 0  0 2  0 1
   117  -.5869027882760899E-09   3   0 0  0 0  0 1  1 1
   118  -.2934701066408583E-09   3   0 0  0 0  0 0  2 1
   119  0.6711352088689432E-10   3   0 0  0 0  0 1  0 2
   120  0.2189418969058309E-10   3   0 0  0 0  0 0  1 2
   121  0.1241223841010632E-11   3   0 0  0 0  0 0  0 3
   122  -.5431382261275410E-01   4   4 0  0 0  0 0  0 0
   123  -.6693724312229318E-01   4   3 1  0 0  0 0  0 0
   124  0.1298936952354800E-01   4   2 2  0 0  0 0  0 0
   125  0.1394011595914454       4   1 3  0 0  0 0  0 0
   126  -.6954860866258647E-01   4   0 4  0 0  0 0  0 0
   127  0.2583553400797843E-04   4   3 0  1 0  0 0  0 0
   128  0.5321513545063440E-05   4   2 1  1 0  0 0  0 0
   129  -.2415305752622621E-04   4   1 2  1 0  0 0  0 0
   130  0.1833595838745773E-04   4   0 3  1 0  0 0  0 0
   131  -.3086601150039391       4   2 0  2 0  0 0  0 0
   132  -.3667727351148917E-01   4   1 1  2 0  0 0  0 0
   133  0.1038863347391480       4   0 2  2 0  0 0  0 0
   134  -.2288679472650708E-04   4   1 0  3 0  0 0  0 0
   135  0.1350186253029092E-04   4   0 1  3 0  0 0  0 0
   136  -.6574042856857827E-01   4   0 0  4 0  0 0  0 0
   137  0.9235818149669504E-05   4   3 0  0 1  0 0  0 0
   138  0.2788665657213421E-04   4   2 1  0 1  0 0  0 0
   139  0.1799449045767455E-04   4   1 2  0 1  0 0  0 0
   140  0.1448648914698515E-04   4   0 3  0 1  0 0  0 0
   141  -.2099352117365678       4   2 0  1 1  0 0  0 0
   142  0.1921630513782031       4   1 1  1 1  0 0  0 0
   143  -.1445271702630834       4   0 2  1 1  0 0  0 0
   144  0.1812072879330124E-04   4   1 0  2 1  0 0  0 0
   145  0.9537764282931637E-04   4   0 1  2 1  0 0  0 0
   146  -.2457322612254412       4   0 0  3 1  0 0  0 0
   147  -.2990517752683225       4   2 0  0 2  0 0  0 0
   148  0.1420136125135250       4   1 1  0 2  0 0  0 0
   149  -.2512381017199286       4   0 2  0 2  0 0  0 0
   150  0.4332819928506144E-04   4   1 0  1 2  0 0  0 0
   151  0.6998403528653505E-04   4   0 1  1 2  0 0  0 0
   152  -.5384381451826263       4   0 0  2 2  0 0  0 0
   153  0.3566169123553913E-04   4   1 0  0 3  0 0  0 0
   154  0.2390420400742733E-04   4   0 1  0 3  0 0  0 0
   155  -.4102225829339801       4   0 0  1 3  0 0  0 0
   156  -.2181414642589730       4   0 0  0 4  0 0  0 0
   157  -.4927271112520538E-04   4   3 0  0 0  0 1  0 0
   158  0.1246813524931717E-03   4   2 1  0 0  0 1  0 0
   159  0.2021249053558354E-03   4   1 2  0 0  0 1  0 0
   160  -.1207193143146935E-03   4   0 3  0 0  0 1  0 0
   161  -.1756377346213034E-05   4   2 0  1 0  0 1  0 0
   162  0.5358377019112924E-05   4   1 1  1 0  0 1  0 0
   163  -.4856644682825802E-05   4   0 2  1 0  0 1  0 0
   164  -.7680372378924280E-04   4   1 0  2 0  0 1  0 0
   165  0.1058218460785882E-03   4   0 1  2 0  0 1  0 0
   166  -.7970863608635759E-05   4   0 0  3 0  0 1  0 0
   167  -.6345330088849381E-05   4   2 0  0 1  0 1  0 0
   168  -.1333593422081036E-05   4   1 1  0 1  0 1  0 0
   169  -.1119374719984347E-04   4   0 2  0 1  0 1  0 0
   170  -.1666124487096308E-03   4   1 0  1 1  0 1  0 0
   171  -.3549726486171564E-04   4   0 1  1 1  0 1  0 0
   172  -.2770541652417614E-04   4   0 0  2 1  0 1  0 0
   173  0.8825077631747117E-04   4   1 0  0 2  0 1  0 0
   174  -.1518960415843728E-03   4   0 1  0 2  0 1  0 0
   175  -.1845471002878731E-04   4   0 0  1 2  0 1  0 0
   176  -.1254005414473795E-04   4   0 0  0 3  0 1  0 0
   177  -.1886734502191760E-04   4   3 0  0 0  0 0  1 0
   178  0.3755343226687493E-04   4   2 1  0 0  0 0  1 0
   179  0.1156550581589404E-03   4   1 2  0 0  0 0  1 0
   180  -.6988987157102361E-04   4   0 3  0 0  0 0  1 0
   181  -.9323746845283843E-06   4   2 0  1 0  0 0  1 0
   182  0.1117297793424602E-05   4   1 1  1 0  0 0  1 0
   183  -.2693023555667139E-05   4   0 2  1 0  0 0  1 0
   184  -.4014986804941810E-04   4   1 0  2 0  0 0  1 0
   185  0.5922509851276673E-04   4   0 1  2 0  0 0  1 0
   186  -.4139227807909119E-05   4   0 0  3 0  0 0  1 0
   187  -.3939015716300516E-05   4   2 0  0 1  0 0  1 0
   188  -.3726595654907929E-06   4   1 1  0 1  0 0  1 0
   189  -.6729612742921956E-05   4   0 2  0 1  0 0  1 0
   190  -.6055025375931596E-04   4   1 0  1 1  0 0  1 0
   191  -.2919106946298185E-04   4   0 1  1 1  0 0  1 0
   192  -.1446724536609974E-04   4   0 0  2 1  0 0  1 0
   193  0.4863818194249284E-04   4   1 0  0 2  0 0  1 0
   194  -.9167069085491111E-04   4   0 1  0 2  0 0  1 0
   195  -.1119212741457512E-04   4   0 0  1 2  0 0  1 0
   196  -.7608621411366281E-05   4   0 0  0 3  0 0  1 0
   197  0.4719132350874880E-04   4   3 0  0 0  0 0  0 1
   198  -.3990057473961591E-04   4   2 1  0 0  0 0  0 1
   199  -.6814023436346663E-04   4   1 2  0 0  0 0  0 1
   200  -.1555839685079934E-04   4   0 3  0 0  0 0  0 1
   201  0.6003995214713383E-06   4   2 0  1 0  0 0  0 1
   202  -.2356500143361126E-05   4   1 1  1 0  0 0  0 1
   203  0.2167806760570789E-05   4   0 2  1 0  0 0  0 1
   204  0.8098055830773933E-04   4   1 0  2 0  0 0  0 1
   205  -.4132043185817316E-04   4   0 1  2 0  0 0  0 1
   206  0.8721196480329500E-05   4   0 0  3 0  0 0  0 1
   207  0.1338755195114447E-05   4   2 0  0 1  0 0  0 1
   208  0.1817687538456150E-05   4   1 1  0 1  0 0  0 1
   209  0.4704845158405932E-06   4   0 2  0 1  0 0  0 1
   210  0.1135854939917618E-03   4   1 0  1 1  0 0  0 1
   211  0.1324941991483876E-04   4   0 1  1 1  0 0  0 1
   212  0.1785778286413966E-04   4   0 0  2 1  0 0  0 1
   213  -.4315919712920448E-04   4   1 0  0 2  0 0  0 1
   214  -.6559516569687721E-05   4   0 1  0 2  0 0  0 1
   215  0.7774499432790870E-05   4   0 0  1 2  0 0  0 1
   216  0.6062389866231553E-06   4   0 0  0 3  0 0  0 1
   217  -.6170961276964465E-01   4   2 0  0 0  0 2  0 0
   218  0.1740934482608166       4   1 1  0 0  0 2  0 0
   219  -.2252406837314215       4   0 2  0 0  0 2  0 0
   220  0.2478373332259731E-05   4   1 0  1 0  0 2  0 0
   221  0.3244255940552659E-04   4   0 1  1 0  0 2  0 0
   222  -.8089206165966270E-01   4   0 0  2 0  0 2  0 0
   223  0.3244289967305064E-04   4   1 0  0 1  0 2  0 0
   224  0.2602359365712814E-04   4   0 1  0 1  0 2  0 0
   225  -.3282732630238196       4   0 0  1 1  0 2  0 0
   226  -.4267139992942929       4   0 0  0 2  0 2  0 0
   227  -.2237245405768371E-01   4   2 0  0 0  0 1  1 0
   228  0.5202905672384799E-01   4   1 1  0 0  0 1  1 0
   229  -.7032097845593366E-01   4   0 2  0 0  0 1  1 0
   230  0.1653655151642223E-05   4   1 0  1 0  0 1  1 0
   231  0.1336836444156888E-04   4   0 1  1 0  0 1  1 0
   232  -.3517158339156121E-01   4   0 0  2 0  0 1  1 0
   233  0.1337083621143813E-04   4   1 0  0 1  0 1  1 0
   234  0.1742611593230940E-04   4   0 1  0 1  0 1  1 0
   235  -.1549931643609160       4   0 0  1 1  0 1  1 0
   236  -.2052682914131174       4   0 0  0 2  0 1  1 0
   237  -.1120511338194376E-01   4   2 0  0 0  0 0  2 0
   238  0.2607900170093852E-01   4   1 1  0 0  0 0  2 0
   239  -.3524086758337752E-01   4   0 2  0 0  0 0  2 0
   240  0.8270883314341928E-06   4   1 0  1 0  0 0  2 0
   241  0.6692521464832155E-05   4   0 1  1 0  0 0  2 0
   242  -.1760464720756013E-01   4   0 0  2 0  0 0  2 0
   243  0.6693945185838775E-05   4   1 0  0 1  0 0  2 0
   244  0.8713071991318227E-05   4   0 1  0 1  0 0  2 0
   245  -.7756072932314503E-01   4   0 0  1 1  0 0  2 0
   246  -.1027137027785922       4   0 0  0 2  0 0  2 0
   247  0.9526198867521794E-01   4   2 0  0 0  0 1  0 1
   248  -.1040153582552888       4   1 1  0 0  0 1  0 1
   249  -.4951712820711707E-01   4   0 2  0 0  0 1  0 1
   250  -.4958521416269841E-05   4   1 0  1 0  0 1  0 1
   251  -.2673340406228235E-04   4   0 1  1 0  0 1  0 1
   252  0.1336431626380143       4   0 0  2 0  0 1  0 1
   253  -.2673344232029764E-04   4   1 0  0 1  0 1  0 1
   254  -.1755239768018553E-04   4   0 1  0 1  0 1  0 1
   255  0.3099438967276753       4   0 0  1 1  0 1  0 1
   256  0.8637917595247764E-01   4   0 0  0 2  0 1  0 1
   257  0.2890786302249685E-01   4   2 0  0 0  0 0  1 1
   258  -.2049149724645306E-01   4   1 1  0 0  0 0  1 1
   259  -.2315026787622970E-01   4   0 2  0 0  0 0  1 1
   260  -.2481280872563535E-05   4   1 0  1 0  0 0  1 1
   261  -.9307282446227709E-05   4   0 1  1 0  0 0  1 1
   262  0.4811194988167534E-01   4   0 0  2 0  0 0  1 1
   263  -.9308081500815519E-05   4   1 0  0 1  0 0  1 1
   264  -.8837385744147487E-05   4   0 1  0 1  0 0  1 1
   265  0.1236329898966021       4   0 0  1 1  0 0  1 1
   266  0.4527110439553311E-01   4   0 0  0 2  0 0  1 1
   267  -.2888266089961517E-01   4   2 0  0 0  0 0  0 2
   268  -.2135535583311154E-01   4   1 1  0 0  0 0  0 2
   269  -.3223038847208314E-02   4   0 2  0 0  0 0  0 2
   270  0.2480816615204229E-05   4   1 0  1 0  0 0  0 2
   271  0.5837124098488971E-06   4   0 1  1 0  0 0  0 2
   272  -.4808679607095055E-01   4   0 0  2 0  0 0  0 2
   273  0.5835847528364348E-06   4   1 0  0 1  0 0  0 2
   274  0.1225078479204824E-06   4   0 1  0 1  0 0  0 2
   275  -.3039330716156501E-01   4   0 0  1 1  0 0  0 2
   276  -.4171574667201421E-02   4   0 0  0 2  0 0  0 2
   277  0.3830319076673916E-04   4   1 0  0 0  0 3  0 0
   278  -.9061699610800588E-04   4   0 1  0 0  0 3  0 0
   279  -.1763434134324083E-05   4   0 0  1 0  0 3  0 0
   280  -.5649569507458511E-05   4   0 0  0 1  0 3  0 0
   281  0.1517707033113205E-04   4   1 0  0 0  0 2  1 0
   282  -.3534540302902914E-04   4   0 1  0 0  0 2  1 0
   283  -.7815983314600061E-06   4   0 0  1 0  0 2  1 0
   284  -.2450415097631879E-05   4   0 0  0 1  0 2  1 0
   285  0.8915499055746118E-05   4   1 0  0 0  0 1  2 0
   286  -.2067718903458474E-04   4   0 1  0 0  0 1  2 0
   287  -.4737098803479982E-06   4   0 0  1 0  0 1  2 0
   288  -.1474325397621411E-05   4   0 0  0 1  0 1  2 0
   289  0.5071950295819135E-05   4   1 0  0 0  0 0  3 0
   290  -.1181291373017494E-04   4   0 1  0 0  0 0  3 0
   291  -.2610481540302552E-06   4   0 0  1 0  0 0  3 0
   292  -.8185093820506232E-06   4   0 0  0 1  0 0  3 0
   293  -.3476416092765883E-04   4   1 0  0 0  0 2  0 1
   294  -.7039935293785068E-05   4   0 1  0 0  0 2  0 1
   295  0.1012073187862412E-05   4   0 0  1 0  0 2  0 1
   296  -.6288015596149343E-06   4   0 0  0 1  0 2  0 1
   297  -.1225314865833062E-04   4   1 0  0 0  0 1  1 1
   298  -.5397182466254043E-05   4   0 1  0 0  0 1  1 1
   299  0.4198756975518618E-06   4   0 0  1 0  0 1  1 1
   300  -.3250075841822024E-06   4   0 0  0 1  0 1  1 1
   301  -.6137567565933597E-05   4   1 0  0 0  0 0  2 1
   302  -.2697874405655695E-05   4   0 1  0 0  0 0  2 1
   303  0.2101941594646096E-06   4   0 0  1 0  0 0  2 1
   304  -.1625982860108535E-06   4   0 0  0 1  0 0  2 1
   305  0.1386189280450363E-05   4   1 0  0 0  0 1  0 2
   306  0.1074719219408785E-05   4   0 1  0 0  0 1  0 2
   307  0.4384530910166003E-06   4   0 0  1 0  0 1  0 2
   308  0.2079232387402823E-06   4   0 0  0 1  0 1  0 2
   309  0.4976506764084295E-07   4   1 0  0 0  0 0  1 2
   310  0.5131660697704118E-06   4   0 1  0 0  0 0  1 2
   311  0.1560040075896856E-06   4   0 0  1 0  0 0  1 2
   312  0.1107050995382076E-06   4   0 0  0 1  0 0  1 2
   313  0.1323300113586963E-06   4   1 0  0 0  0 0  0 3
   314  0.2870781042618546E-07   4   0 1  0 0  0 0  0 3
   315  -.2477318492585756E-07   4   0 0  1 0  0 0  0 3
   316  -.5721465835364013E-08   4   0 0  0 1  0 0  0 3
   317  -.9029734959064083E-01   4   0 0  0 0  0 4  0 0
   318  0.5161636447883927E-01   4   0 0  0 0  0 3  1 0
   319  0.1549748819458936E-01   4   0 0  0 0  0 2  2 0
   320  0.1037303379430521E-01   4   0 0  0 0  0 1  3 0
   321  0.1281043689946611E-01   4   0 0  0 0  0 0  4 0
   322  0.1034591148594385E-09   4   0 0  0 0  0 3  0 1
   323  -.7633944390181156E-09   4   0 0  0 0  0 2  1 1
   324  -.5370197476658682E-09   4   0 0  0 0  0 1  2 1
   325  -.2845611160475309E-09   4   0 0  0 0  0 0  3 1
   326  -.7306715284965555E-10   4   0 0  0 0  0 2  0 2
   327  -.1938342251701913E-10   4   0 0  0 0  0 1  1 2
   328  -.7119160097443926E-11   4   0 0  0 0  0 0  2 2
   329  -.2288523852508003E-11   4   0 0  0 0  0 1  0 3
   330  -.1047481883184792E-11   4   0 0  0 0  0 0  1 3
   331  0.1088816357812451E-14   4   0 0  0 0  0 0  0 4
   ----------------------------------------------------
     I  COEFFICIENT            ORDER EXPONENTS
     1   1.000000000000000       1   0 0  0 0  0 1  0 0
     --------------------------------------------------
     I  COEFFICIENT            ORDER EXPONENTS
     1   1.000000000000000       1   0 0  0 0  0 0  1 0
     --------------------------------------------------
     I  COEFFICIENT            ORDER EXPONENTS
     1   1.000000000000000       1   0 0  0 0  0 0  0 1
     --------------------------------------------------
