 L    0.6607784999999999E+00
 P (  0.0000000000000000E+00,  0.0000000000000000E+00,  0.1758215000000000E+00)
 A (  0.0000000000000000E+00,  0.0000000000000000E+00,  0.0000000000000000E+00)
     I  COEFFICIENT            ORDER EXPONENTS
     1  0.8247326339166661E-04   0   0 0  0 0  0 0  0 0
     2  0.7456611525835295       1   1 0  0 0  0 0  0 0
     3  0.5950081935993862       1   0 1  0 0  0 0  0 0
     4  -.3413633502246677E-04   1   0 0  1 0  0 0  0 0
     5  -.8697182558023762E-05   1   0 0  0 1  0 0  0 0
     6  0.3634302686410363E-05   1   0 0  0 0  0 1  0 0
     7  0.3629411813133625E-05   1   0 0  0 0  0 0  1 0
     8  -.7263714499796606E-05   1   0 0  0 0  0 0  0 1
     9  0.9543784037315124E-04   2   2 0  0 0  0 0  0 0
    10  -.1877006082445604E-04   2   1 1  0 0  0 0  0 0
    11  -.2149285805104085E-04   2   0 2  0 0  0 0  0 0
    12  0.8415988456579404E-05   2   1 0  1 0  0 0  0 0
    13  -.4690455851230452E-05   2   0 1  1 0  0 0  0 0
    14  -.9262080808761596E-04   2   0 0  2 0  0 0  0 0
    15  -.1786303806284827E-05   2   1 0  0 1  0 0  0 0
    16  -.1457560864682161E-05   2   0 1  0 1  0 0  0 0
    17  -.1874433276539398E-05   2   0 0  1 1  0 0  0 0
    18  -.3735546356570316E-05   2   0 0  0 2  0 0  0 0
    19  0.1224020230323876       2   1 0  0 0  0 1  0 0
    20  -.2655767926769184       2   0 1  0 0  0 1  0 0
    21  0.1710096981644274E-04   2   0 0  1 0  0 1  0 0
    22  0.8706425720800315E-05   2   0 0  0 1  0 1  0 0
    23  0.1222373001583983       2   1 0  0 0  0 0  1 0
    24  -.2652193919455347       2   0 1  0 0  0 0  1 0
    25  0.1707795613720457E-04   2   0 0  1 0  0 0  1 0
    26  0.8694709023384966E-05   2   0 0  0 1  0 0  1 0
    27  -.2446393231907861       2   1 0  0 0  0 0  0 1
    28  -.6421200897693272E-01   2   0 1  0 0  0 0  0 1
    29  -.3417892595354252E-04   2   0 0  1 0  0 0  0 1
    30  -.8703952186181744E-05   2   0 0  0 1  0 0  0 1
    31  -.2716078749029929E-05   2   0 0  0 0  0 2  0 0
    32  -.1800316167040917E-05   2   0 0  0 0  0 1  1 0
    33  -.2711212187905825E-05   2   0 0  0 0  0 0  2 0
    34  0.3598157070789370E-05   2   0 0  0 0  0 1  0 1
    35  0.3593314840578778E-05   2   0 0  0 0  0 0  1 1
    36  0.3612034456358007E-07   2   0 0  0 0  0 0  0 2
    37  -.3907555062081135E-01   3   3 0  0 0  0 0  0 0
    38  -.1745756565312293       3   2 1  0 0  0 0  0 0
    39  -.3574407166054401       3   1 2  0 0  0 0  0 0
    40  0.2073898454488912       3   0 3  0 0  0 0  0 0
    41  0.4886881722821588E-04   3   2 0  1 0  0 0  0 0
    42  0.7644234075103451E-04   3   1 1  1 0  0 0  0 0
    43  -.3278176050605621E-04   3   0 2  1 0  0 0  0 0
    44  -.3304727120129106       3   1 0  2 0  0 0  0 0
    45  -.4095042541132750       3   0 1  2 0  0 0  0 0
    46  -.2532984152484229E-04   3   0 0  3 0  0 0  0 0
    47  -.1166718054661535E-04   3   2 0  0 1  0 0  0 0
    48  0.5703594457297304E-05   3   1 1  0 1  0 0  0 0
    49  -.1569446299382585E-04   3   0 2  0 1  0 0  0 0
    50  -.3767764308020197       3   1 0  1 1  0 0  0 0
    51  -.6259433994867712E-01   3   0 1  1 1  0 0  0 0
    52  -.9686910934860748E-04   3   0 0  2 1  0 0  0 0
    53  -.3175466425249619       3   1 0  0 2  0 0  0 0
    54  0.2363454968671660       3   0 1  0 2  0 0  0 0
    55  -.6880857624732282E-04   3   0 0  1 2  0 0  0 0
    56  -.1710290056147646E-04   3   0 0  0 3  0 0  0 0
    57  -.4453983410462674E-04   3   2 0  0 0  0 1  0 0
    58  0.1048029730987002E-04   3   1 1  0 0  0 1  0 0
    59  0.2983683578391530E-04   3   0 2  0 0  0 1  0 0
    60  -.2319990210114184E-05   3   1 0  1 0  0 1  0 0
    61  0.5064914194982759E-05   3   0 1  1 0  0 1  0 0
    62  0.4591495758178137E-04   3   0 0  2 0  0 1  0 0
    63  0.2461067031829891E-05   3   1 0  0 1  0 1  0 0
    64  0.2388743092434180E-05   3   0 1  0 1  0 1  0 0
    65  0.7624595873414548E-05   3   0 0  1 1  0 1  0 0
    66  0.6974800485756410E-05   3   0 0  0 2  0 1  0 0
    67  -.4447989449497834E-04   3   2 0  0 0  0 0  1 0
    68  0.1046619341967003E-04   3   1 1  0 0  0 0  1 0
    69  0.2979668277647828E-04   3   0 2  0 0  0 0  1 0
    70  -.2316868076626752E-05   3   1 0  1 0  0 0  1 0
    71  0.5058098072160299E-05   3   0 1  1 0  0 0  1 0
    72  0.4585316739576520E-04   3   0 0  2 0  0 0  1 0
    73  0.2457755043804557E-05   3   1 0  0 1  0 0  1 0
    74  0.2385528434557985E-05   3   0 1  0 1  0 0  1 0
    75  0.7614335051622970E-05   3   0 0  1 1  0 0  1 0
    76  0.6965414127973785E-05   3   0 0  0 2  0 0  1 0
    77  0.8901972859962075E-04   3   2 0  0 0  0 0  0 1
    78  -.2176429905118646E-05   3   1 1  0 0  0 0  0 1
    79  -.1664780245829304E-04   3   0 2  0 0  0 0  0 1
    80  0.4636858286740958E-05   3   1 0  1 0  0 0  0 1
    81  -.5432556415912648E-05   3   0 1  1 0  0 0  0 1
    82  -.9176812497754095E-04   3   0 0  2 0  0 0  0 1
    83  -.3132518269349646E-05   3   1 0  0 1  0 0  0 1
    84  -.1859149797627766E-05   3   0 1  0 1  0 0  0 1
    85  -.1336449764847836E-04   3   0 0  1 1  0 0  0 1
    86  -.6469121900549365E-05   3   0 0  0 2  0 0  0 1
    87  -.8938927660413257E-01   3   1 0  0 0  0 2  0 0
    88  0.1834495601553877       3   0 1  0 0  0 2  0 0
    89  -.1283642136949337E-04   3   0 0  1 0  0 2  0 0
    90  -.8710308736587055E-05   3   0 0  0 1  0 2  0 0
    91  -.5646517988344345E-01   3   1 0  0 0  0 1  1 0
    92  0.1015429304937477       3   0 1  0 0  0 1  1 0
    93  -.8584099918141972E-05   3   0 0  1 0  0 1  1 0
    94  -.8712886546267879E-05   3   0 0  0 1  0 1  1 0
    95  -.8923098663946169E-01   3   1 0  0 0  0 0  2 0
    96  0.1831343565378560       3   0 1  0 0  0 0  2 0
    97  -.1281337068001823E-04   3   0 0  1 0  0 0  2 0
    98  -.8692724117557058E-05   3   0 0  0 1  0 0  2 0
    99  0.1128417656496971       3   1 0  0 0  0 1  0 1
   100  0.6271138043853988E-01   3   0 1  0 0  0 1  0 1
   101  0.1715766715253511E-04   3   0 0  1 0  0 1  0 1
   102  0.8714967712098705E-05   3   0 0  0 1  0 1  0 1
   103  0.1126899085195339       3   1 0  0 0  0 0  1 1
   104  0.6262698641823068E-01   3   0 1  0 0  0 0  1 1
   105  0.1713457717269413E-04   3   0 0  1 0  0 0  1 1
   106  0.8703239519273977E-05   3   0 0  0 1  0 0  1 1
   107  0.9553809139211170E-02   3   1 0  0 0  0 0  0 2
   108  0.1542812245036281E-02   3   0 1  0 0  0 0  0 2
   109  -.5759427896792823E-07   3   0 0  1 0  0 0  0 2
   110  -.6053218504618209E-08   3   0 0  0 1  0 0  0 2
   111  0.2257079508723839E-05   3   0 0  0 0  0 3  0 0
   112  0.1339706940971517E-05   3   0 0  0 0  0 2  1 0
   113  0.1341552644562431E-05   3   0 0  0 0  0 1  2 0
   114  0.2251623060504219E-05   3   0 0  0 0  0 0  3 0
   115  -.2678808833347305E-05   3   0 0  0 0  0 2  0 1
   116  -.1761928510249874E-05   3   0 0  0 0  0 1  1 1
   117  -.2674018258472600E-05   3   0 0  0 0  0 0  2 1
   118  -.3838539587575930E-07   3   0 0  0 0  0 1  0 2
   119  -.3833373861903005E-07   3   0 0  0 0  0 0  1 2
   120  0.1492815125058125E-08   3   0 0  0 0  0 0  0 3
   121  0.1165158052518152E-03   4   4 0  0 0  0 0  0 0
   122  -.5315131633567113E-04   4   3 1  0 0  0 0  0 0
   123  -.1343382634535310E-04   4   2 2  0 0  0 0  0 0
   124  0.1427975469081811E-03   4   1 3  0 0  0 0  0 0
   125  -.1226803322271751E-03   4   0 4  0 0  0 0  0 0
   126  0.5480757406697349E-05   4   3 0  1 0  0 0  0 0
   127  0.6728971627227188E-06   4   2 1  1 0  0 0  0 0
   128  0.2604168043016652E-05   4   1 2  1 0  0 0  0 0
   129  -.5370091096703098E-05   4   0 3  1 0  0 0  0 0
   130  0.3405643993909864E-03   4   2 0  2 0  0 0  0 0
   131  -.6525224463878963E-04   4   1 1  2 0  0 0  0 0
   132  0.1530514859308897E-03   4   0 2  2 0  0 0  0 0
   133  0.2686165031891416E-04   4   1 0  3 0  0 0  0 0
   134  -.6662362539675331E-05   4   0 1  3 0  0 0  0 0
   135  -.1187550498943466E-04   4   0 0  4 0  0 0  0 0
   136  0.4858595144040444E-05   4   3 0  0 1  0 0  0 0
   137  0.1681992479039172E-05   4   2 1  0 1  0 0  0 0
   138  0.4401955028296403E-05   4   1 2  0 1  0 0  0 0
   139  -.7553758917645199E-05   4   0 3  0 1  0 0  0 0
   140  0.2227648792733793E-03   4   2 0  1 1  0 0  0 0
   141  -.4304025141864686E-03   4   1 1  1 1  0 0  0 0
   142  0.1694931002168103E-04   4   0 2  1 1  0 0  0 0
   143  0.3388037520294449E-04   4   1 0  2 1  0 0  0 0
   144  -.3548652913607552E-04   4   0 1  2 1  0 0  0 0
   145  -.1545137232749787E-04   4   0 0  3 1  0 0  0 0
   146  0.1632572152545948E-03   4   2 0  0 2  0 0  0 0
   147  0.8697364948356470E-04   4   1 1  0 2  0 0  0 0
   148  -.1461712737840942E-03   4   0 2  0 2  0 0  0 0
   149  0.2419663122838852E-04   4   1 0  1 2  0 0  0 0
   150  -.1757557812745963E-04   4   0 1  1 2  0 0  0 0
   151  0.6836193563179160E-04   4   0 0  2 2  0 0  0 0
   152  0.1056931196671425E-04   4   1 0  0 3  0 0  0 0
   153  -.7887598024684624E-05   4   0 1  0 3  0 0  0 0
   154  0.3154767750897671E-04   4   0 0  1 3  0 0  0 0
   155  -.1991907899390851E-04   4   0 0  0 4  0 0  0 0
   156  0.5730747818240702E-01   4   3 0  0 0  0 1  0 0
   157  0.1011352686625711       4   2 1  0 0  0 1  0 0
   158  0.4765564484355530       4   1 2  0 0  0 1  0 0
   159  -.2594312567830313       4   0 3  0 0  0 1  0 0
   160  -.4719212416082933E-04   4   2 0  1 0  0 1  0 0
   161  -.1124281352406624E-03   4   1 1  1 0  0 1  0 0
   162  0.4039214467465751E-04   4   0 2  1 0  0 1  0 0
   163  0.3595891414899426       4   1 0  2 0  0 1  0 0
   164  0.4366213371410043       4   0 1  2 0  0 1  0 0
   165  0.2935847838462285E-04   4   0 0  3 0  0 1  0 0
   166  -.5033173004861292E-05   4   2 0  0 1  0 1  0 0
   167  -.2524337240973431E-04   4   1 1  0 1  0 1  0 0
   168  0.2792473086173100E-04   4   0 2  0 1  0 1  0 0
   169  0.5746851676622865       4   1 0  1 1  0 1  0 0
   170  0.1453670708757762       4   0 1  1 1  0 1  0 0
   171  0.1249560029494386E-03   4   0 0  2 1  0 1  0 0
   172  0.5036950737220959       4   1 0  0 2  0 1  0 0
   173  -.2987923522218439       4   0 1  0 2  0 1  0 0
   174  0.1152977651269651E-03   4   0 0  1 2  0 1  0 0
   175  0.3574137693855708E-04   4   0 0  0 3  0 1  0 0
   176  0.5723035647907689E-01   4   3 0  0 0  0 0  1 0
   177  0.1009991655843453       4   2 1  0 0  0 0  1 0
   178  0.4759151212265764       4   1 2  0 0  0 0  1 0
   179  -.2590821264242248       4   0 3  0 0  0 0  1 0
   180  -.4712861522422156E-04   4   2 0  1 0  0 0  1 0
   181  -.1122768347548104E-03   4   1 1  1 0  0 0  1 0
   182  0.4033778682997027E-04   4   0 2  1 0  0 0  1 0
   183  0.3591052233701744       4   1 0  2 0  0 0  1 0
   184  0.4360337527227324       4   0 1  2 0  0 0  1 0
   185  0.2931896912803074E-04   4   0 0  3 0  0 0  1 0
   186  -.5026399597836549E-05   4   2 0  0 1  0 0  1 0
   187  -.2520940106882440E-04   4   1 1  0 1  0 0  1 0
   188  0.2788715107498406E-04   4   0 2  0 1  0 0  1 0
   189  0.5739117834476212       4   1 0  1 1  0 0  1 0
   190  0.1451714427227049       4   0 1  1 1  0 0  1 0
   191  0.1247878430496419E-03   4   0 0  2 1  0 0  1 0
   192  0.5030172246302087       4   1 0  0 2  0 0  1 0
   193  -.2983902515558188       4   0 1  0 2  0 0  1 0
   194  0.1151426028284547E-03   4   0 0  1 2  0 0  1 0
   195  0.3569327787790559E-04   4   0 0  0 3  0 0  1 0
   196  -.1145378346614844       4   3 0  0 0  0 0  0 1
   197  -.2755877771568650E-01   4   2 1  0 0  0 0  0 1
   198  -.2375901364512509       4   1 2  0 0  0 0  0 1
   199  -.1036561531394171       4   0 3  0 0  0 0  0 1
   200  0.9432073938505029E-04   4   2 0  1 0  0 0  0 1
   201  0.1482626292444260E-03   4   1 1  1 0  0 0  0 1
   202  -.1516641049250181E-04   4   0 2  1 0  0 0  0 1
   203  -.7186943648601141       4   1 0  2 0  0 0  0 1
   204  -.4631508357504646       4   0 1  2 0  0 0  0 1
   205  -.5867744751265771E-04   4   0 0  3 0  0 0  0 1
   206  0.2172675314929799E-04   4   2 0  0 1  0 0  0 1
   207  0.3904558456397843E-04   4   1 1  0 1  0 0  0 1
   208  -.8728492955234960E-05   4   0 2  0 1  0 0  0 1
   209  -.7718205203078875       4   1 0  1 1  0 0  0 1
   210  -.1653498337011290       4   0 1  1 1  0 0  0 1
   211  -.1528747366504878E-03   4   0 0  2 1  0 0  0 1
   212  -.3716190133023826       4   1 0  0 2  0 0  0 1
   213  -.1118538868238334       4   0 1  0 2  0 0  0 1
   214  -.9282321546080232E-04   4   0 0  1 2  0 0  0 1
   215  -.2012595313207798E-04   4   0 0  0 3  0 0  0 1
   216  0.7015267834190133E-04   4   2 0  0 0  0 2  0 0
   217  0.1751094356172721E-03   4   1 1  0 0  0 2  0 0
   218  -.1962586368688192E-03   4   0 2  0 0  0 2  0 0
   219  0.4684524187680166E-05   4   1 0  1 0  0 2  0 0
   220  -.1201873867859060E-05   4   0 1  1 0  0 2  0 0
   221  0.7723676452579479E-04   4   0 0  2 0  0 2  0 0
   222  0.7243036744693305E-05   4   1 0  0 1  0 2  0 0
   223  -.7516578387226858E-05   4   0 1  0 1  0 2  0 0
   224  0.4785305316816710E-04   4   0 0  1 1  0 2  0 0
   225  -.5747872551269015E-04   4   0 0  0 2  0 2  0 0
   226  0.4368146421812010E-04   4   2 0  0 0  0 1  1 0
   227  0.2099309692767653E-03   4   1 1  0 0  0 1  1 0
   228  -.2255923071696706E-03   4   0 2  0 0  0 1  1 0
   229  0.3218329008276797E-05   4   1 0  1 0  0 1  1 0
   230  -.9578568787784485E-06   4   0 1  1 0  0 1  1 0
   231  0.9106561805651489E-04   4   0 0  2 0  0 1  1 0
   232  0.8116544089851520E-05   4   1 0  0 1  0 1  1 0
   233  -.8939915521224800E-05   4   0 1  0 1  0 1  1 0
   234  0.5196619241183218E-04   4   0 0  1 1  0 1  1 0
   235  -.6731470034960151E-04   4   0 0  0 2  0 1  1 0
   236  0.7002887794561046E-04   4   2 0  0 0  0 0  2 0
   237  0.1747325239890775E-03   4   1 1  0 0  0 0  2 0
   238  -.1958427254970809E-03   4   0 2  0 0  0 0  2 0
   239  0.4676054438046643E-05   4   1 0  1 0  0 0  2 0
   240  -.1199611923323766E-05   4   0 1  1 0  0 0  2 0
   241  0.7707154701963329E-04   4   0 0  2 0  0 0  2 0
   242  0.7227827975931322E-05   4   1 0  0 1  0 0  2 0
   243  -.7500447471779290E-05   4   0 1  0 1  0 0  2 0
   244  0.4775368795810983E-04   4   0 0  1 1  0 0  2 0
   245  -.5735607887712969E-04   4   0 0  0 2  0 0  2 0
   246  -.4693231611829830E-04   4   2 0  0 0  0 1  0 1
   247  -.1220069695635920E-03   4   1 1  0 0  0 1  0 1
   248  -.3781011243296954E-04   4   0 2  0 0  0 1  0 1
   249  -.5637205573580137E-05   4   1 0  1 0  0 1  0 1
   250  0.5382919850144036E-06   4   0 1  1 0  0 1  0 1
   251  -.7824595070427506E-04   4   0 0  2 0  0 1  0 1
   252  -.4691141141995381E-05   4   1 0  0 1  0 1  0 1
   253  -.1991074756741085E-05   4   0 1  0 1  0 1  0 1
   254  -.5213380919883650E-04   4   0 0  1 1  0 1  0 1
   255  -.1925139557058497E-04   4   0 0  0 2  0 1  0 1
   256  -.4686915681910976E-04   4   2 0  0 0  0 0  1 1
   257  -.1218427783339428E-03   4   1 1  0 0  0 0  1 1
   258  -.3775922936558617E-04   4   0 2  0 0  0 0  1 1
   259  -.5629619287991520E-05   4   1 0  1 0  0 0  1 1
   260  0.5375675770297978E-06   4   0 1  1 0  0 0  1 1
   261  -.7814065099142118E-04   4   0 0  2 0  0 0  1 1
   262  -.4684828025332321E-05   4   1 0  0 1  0 0  1 1
   263  -.1988395262169573E-05   4   0 1  0 1  0 0  1 1
   264  -.5206364997539812E-04   4   0 0  1 1  0 0  1 1
   265  -.1922548794971295E-04   4   0 0  0 2  0 0  1 1
   266  -.3270084206965080E-04   4   2 0  0 0  0 0  0 2
   267  -.5496937526614003E-05   4   1 1  0 0  0 0  0 2
   268  0.1539874172326370E-05   4   0 2  0 0  0 0  0 2
   269  -.4326118071052586E-06   4   1 0  1 0  0 0  0 2
   270  0.6934242020947950E-06   4   0 1  1 0  0 0  0 2
   271  0.1200057557577717E-04   4   0 0  2 0  0 0  0 2
   272  -.8302827490548239E-06   4   1 0  0 1  0 0  0 2
   273  -.7852345545232736E-08   4   0 1  0 1  0 0  0 2
   274  0.4304254911232982E-05   4   0 0  1 1  0 0  0 2
   275  0.1618275678512000E-07   4   0 0  0 2  0 0  0 2
   276  0.7291209633983535E-01   4   1 0  0 0  0 3  0 0
   277  -.1426048357298595       4   0 1  0 0  0 3  0 0
   278  0.1070888456214517E-04   4   0 0  1 0  0 3  0 0
   279  0.8710817989533851E-05   4   0 0  0 1  0 3  0 0
   280  0.3997993171188272E-01   4   1 0  0 0  0 2  1 0
   281  -.6097002255288539E-01   4   0 1  0 0  0 2  1 0
   282  0.6456222561140413E-05   4   0 0  1 0  0 2  1 0
   283  0.8713394756501396E-05   4   0 0  0 1  0 2  1 0
   284  0.4004621147329387E-01   4   1 0  0 0  0 1  2 0
   285  -.6113442558237159E-01   4   0 1  0 0  0 1  2 0
   286  0.6464778017792562E-05   4   0 0  1 0  0 1  2 0
   287  0.8713365891368416E-05   4   0 0  0 1  0 1  2 0
   288  0.7273804858303695E-01   4   1 0  0 0  0 0  3 0
   289  -.1422759995212885       4   0 1  0 0  0 0  3 0
   290  0.1068292891321870E-04   4   0 0  1 0  0 0  3 0
   291  0.8687378939861128E-05   4   0 0  0 1  0 0  3 0
   292  -.7993760867025751E-01   4   1 0  0 0  0 2  0 1
   293  -.6156430838163020E-01   4   0 1  0 0  0 2  0 1
   294  -.1290897564445803E-04   4   0 0  1 0  0 2  0 1
   295  -.8721336766164238E-05   4   0 0  0 1  0 2  0 1
   296  -.4712180905613617E-01   4   1 0  0 0  0 1  1 1
   297  -.6042021010225420E-01   4   0 1  0 0  0 1  1 1
   298  -.8671688440560299E-05   4   0 0  1 0  0 1  1 1
   299  -.8727672894607723E-05   4   0 0  0 1  0 1  1 1
   300  -.7979832524891138E-01   4   1 0  0 0  0 0  2 1
   301  -.6144080270121088E-01   4   0 1  0 0  0 0  2 1
   302  -.1288576837860609E-04   4   0 0  1 0  0 0  2 1
   303  -.8703727356736311E-05   4   0 0  0 1  0 0  2 1
   304  -.9343269208303064E-02   4   1 0  0 0  0 1  0 2
   305  -.2292669491119336E-02   4   0 1  0 0  0 1  0 2
   306  0.8658529792178455E-07   4   0 0  1 0  0 1  0 2
   307  0.1213761057174282E-07   4   0 0  0 1  0 1  0 2
   308  -.9330695476935607E-02   4   1 0  0 0  0 0  1 2
   309  -.2289584124567964E-02   4   0 1  0 0  0 0  1 2
   310  0.8646877550855846E-07   4   0 0  1 0  0 0  1 2
   311  0.1212127634747682E-07   4   0 0  0 1  0 0  1 2
   312  -.1445511977281609E-03   4   1 0  0 0  0 0  0 3
   313  -.1539437314067986E-04   4   0 1  0 0  0 0  0 3
   314  -.1928850515673153E-07   4   0 0  1 0  0 0  0 3
   315  -.2033077133996933E-08   4   0 0  0 1  0 0  0 3
   316  -.2282299956824895E-04   4   0 0  0 0  0 4  0 0
   317  -.1206369405600336E-04   4   0 0  0 0  0 3  1 0
   318  -.1062865610481088E-04   4   0 0  0 0  0 2  2 0
   319  -.1209449040383058E-04   4   0 0  0 0  0 1  3 0
   320  -.2275349039291275E-04   4   0 0  0 0  0 0  4 0
   321  -.1683427077338546E-05   4   0 0  0 0  0 3  0 1
   322  -.1947486719955649E-05   4   0 0  0 0  0 2  1 1
   323  -.1946949108261381E-05   4   0 0  0 0  0 1  2 1
   324  -.1678720209728403E-05   4   0 0  0 0  0 0  3 1
   325  0.1862986868627384E-07   4   0 0  0 0  0 2  0 2
   326  0.2958529436655212E-07   4   0 0  0 0  0 1  1 2
   327  0.1858489023956720E-07   4   0 0  0 0  0 0  2 2
   328  0.1535876947432969E-09   4   0 0  0 0  0 1  0 3
   329  0.1533810036620484E-09   4   0 0  0 0  0 0  1 3
   330  0.1111383182703997E-15   4   0 0  0 0  0 0  0 4
   ----------------------------------------------------
     I  COEFFICIENT            ORDER EXPONENTS
     1  -.3109943381285341E-04   0   0 0  0 0  0 0  0 0
     2  -.7099234460272446       1   1 0  0 0  0 0  0 0
     3  0.7746008099406638       1   0 1  0 0  0 0  0 0
     4  -.9738877962227644E-04   1   0 0  1 0  0 0  0 0
     5  -.3016550229044487E-04   1   0 0  0 1  0 0  0 0
     6  -.2251162298965115E-06   1   0 0  0 0  0 1  0 0
     7  -.2248132790837222E-06   1   0 0  0 0  0 0  1 0
     8  -.3064950430375637E-04   1   0 0  0 0  0 0  0 1
     9  -.6972724798829308E-05   2   2 0  0 0  0 0  0 0
    10  -.1915410460779492E-03   2   1 1  0 0  0 0  0 0
    11  -.4620917336955543E-04   2   0 2  0 0  0 0  0 0
    12  -.1564350785822495E-04   2   1 0  1 0  0 0  0 0
    13  -.1675925935907139E-04   2   0 1  1 0  0 0  0 0
    14  0.5635866945327701E-04   2   0 0  2 0  0 0  0 0
    15  -.1543079692539714E-04   2   1 0  0 1  0 0  0 0
    16  -.9067350424736734E-05   2   0 1  0 1  0 0  0 0
    17  0.2001589346563581E-03   2   0 0  1 1  0 0  0 0
    18  0.4273521669185077E-04   2   0 0  0 2  0 0  0 0
    19  -.2119092702209794E-01   2   1 0  0 0  0 1  0 0
    20  0.1087862901662867       2   0 1  0 0  0 1  0 0
    21  0.1157709210736202E-06   2   0 0  1 0  0 1  0 0
    22  0.1510949387145392E-04   2   0 0  0 1  0 1  0 0
    23  -.2116240927120525E-01   2   1 0  0 0  0 0  1 0
    24  0.1086398907039012       2   0 1  0 0  0 0  1 0
    25  0.1156151220241650E-06   2   0 0  1 0  0 0  1 0
    26  0.1508916022668756E-04   2   0 0  0 1  0 0  1 0
    27  -.6675701097339415       2   1 0  0 0  0 0  0 1
    28  -.2174261808701881       2   0 1  0 0  0 0  0 1
    29  -.9762016566537423E-04   2   0 0  1 0  0 0  0 1
    30  -.3019865409825652E-04   2   0 0  0 1  0 0  0 1
    31  0.1701599526212140E-06   2   0 0  0 0  0 2  0 0
    32  0.1153508953009274E-06   2   0 0  0 0  0 1  1 0
    33  0.1698533424374569E-06   2   0 0  0 0  0 0  2 0
    34  -.4556699894999369E-06   2   0 0  0 0  0 1  0 1
    35  -.4550567703030125E-06   2   0 0  0 0  0 0  1 1
    36  0.4553629934119356E-06   2   0 0  0 0  0 0  0 2
    37  -.2903111363664646       3   3 0  0 0  0 0  0 0
    38  -.4069849571164978       3   2 1  0 0  0 0  0 0
    39  0.1969028364468847       3   1 2  0 0  0 0  0 0
    40  -.2130549717593593E-01   3   0 3  0 0  0 0  0 0
    41  0.1775488081042380E-03   3   2 0  1 0  0 0  0 0
    42  0.1147892822566861E-03   3   1 1  1 0  0 0  0 0
    43  0.1992714407678312E-04   3   0 2  1 0  0 0  0 0
    44  -1.277699877108960       3   1 0  2 0  0 0  0 0
    45  -.2863769651461800       3   0 1  2 0  0 0  0 0
    46  -.4886355405870697E-04   3   0 0  3 0  0 0  0 0
    47  0.4985460099447755E-04   3   2 0  0 1  0 0  0 0
    48  0.1326659836050956E-03   3   1 1  0 1  0 0  0 0
    49  0.2161792145491882E-04   3   0 2  0 1  0 0  0 0
    50  -1.016572752377145       3   1 0  1 1  0 0  0 0
    51  -.3601906112935072       3   0 1  1 1  0 0  0 0
    52  -.4354383884716249E-04   3   0 0  2 1  0 0  0 0
    53  -.4944703305580573       3   1 0  0 2  0 0  0 0
    54  -.2897148809325917       3   0 1  0 2  0 0  0 0
    55  -.1475322948060726E-04   3   0 0  1 2  0 0  0 0
    56  -.1688413711939706E-04   3   0 0  0 3  0 0  0 0
    57  0.8120052048968754E-06   3   2 0  0 0  0 1  0 0
    58  0.9294954444220068E-04   3   1 1  0 0  0 1  0 0
    59  0.4691008541908075E-04   3   0 2  0 0  0 1  0 0
    60  0.7777636361668457E-05   3   1 0  1 0  0 1  0 0
    61  0.1102138514465002E-04   3   0 1  1 0  0 1  0 0
    62  -.2652725572717290E-04   3   0 0  2 0  0 1  0 0
    63  0.9405750006431639E-05   3   1 0  0 1  0 1  0 0
    64  0.9957159260761151E-05   3   0 1  0 1  0 1  0 0
    65  -.1029299227588109E-03   3   0 0  1 1  0 1  0 0
    66  -.4202824099214732E-04   3   0 0  0 2  0 1  0 0
    67  0.8109124465603923E-06   3   2 0  0 0  0 0  1 0
    68  0.9282445732585101E-04   3   1 1  0 0  0 0  1 0
    69  0.4684695603691921E-04   3   0 2  0 0  0 0  1 0
    70  0.7767169585200260E-05   3   1 0  1 0  0 0  1 0
    71  0.1100655308394215E-04   3   0 1  1 0  0 0  1 0
    72  -.2649155659660218E-04   3   0 0  2 0  0 0  1 0
    73  0.9393092191350621E-05   3   1 0  0 1  0 0  1 0
    74  0.9943759385092651E-05   3   0 1  0 1  0 0  1 0
    75  -.1027914045196832E-03   3   0 0  1 1  0 0  1 0
    76  -.4197168136614294E-04   3   0 0  0 2  0 0  1 0
    77  -.8595642450285831E-05   3   2 0  0 0  0 0  0 1
    78  -.1857740017680529E-03   3   1 1  0 0  0 0  0 1
    79  -.4754786808644523E-04   3   0 2  0 0  0 0  0 1
    80  -.3118831380509375E-04   3   1 0  1 0  0 0  0 1
    81  -.2202793822859223E-04   3   0 1  1 0  0 0  0 1
    82  0.1093774817770538E-03   3   0 0  2 0  0 0  0 1
    83  -.1879884219778226E-04   3   1 0  0 1  0 0  0 1
    84  -.1083356822111696E-04   3   0 1  0 1  0 0  0 1
    85  0.2057213272784931E-03   3   0 0  1 1  0 0  0 1
    86  0.4126470566657569E-04   3   0 0  0 2  0 0  0 1
    87  0.1567209961138844E-01   3   1 0  0 0  0 2  0 0
    88  -.7960312518787653E-01   3   0 1  0 0  0 2  0 0
    89  -.1141901881170579E-06   3   0 0  1 0  0 2  0 0
    90  -.1133778824422053E-04   3   0 0  0 1  0 2  0 0
    91  0.1016810469735414E-01   3   1 0  0 0  0 1  1 0
    92  -.5049831059796480E-01   3   0 1  0 0  0 1  1 0
    93  -.1138961881741488E-06   3   0 0  1 0  0 1  1 0
    94  -.7578324242592901E-05   3   0 0  0 1  0 1  1 0
    95  0.1564416696028402E-01   3   1 0  0 0  0 0  2 0
    96  -.7946201993031404E-01   3   0 1  0 0  0 0  2 0
    97  -.1139598782862898E-06   3   0 0  1 0  0 0  2 0
    98  -.1131743110738420E-04   3   0 0  0 1  0 0  2 0
    99  -.4151233747648606E-01   3   1 0  0 0  0 1  0 1
   100  0.1009182749993923       3   0 1  0 0  0 1  0 1
   101  0.3447532816493697E-06   3   0 0  1 0  0 1  0 1
   102  0.1515048267828018E-04   3   0 0  0 1  0 1  0 1
   103  -.4145647212911858E-01   3   1 0  0 0  0 0  1 1
   104  0.1007824639410117       3   0 1  0 0  0 0  1 1
   105  0.3442893289306521E-06   3   0 0  1 0  0 0  1 1
   106  0.1513009387270933E-04   3   0 0  0 1  0 0  1 1
   107  0.4148441927835540E-01   3   1 0  0 0  0 0  0 2
   108  0.7862718713916833E-02   3   0 1  0 0  0 0  0 2
   109  -.3462224675731072E-06   3   0 0  1 0  0 0  0 2
   110  -.4331390274742230E-07   3   0 0  0 1  0 0  0 2
   111  -.1425548827990611E-06   3   0 0  0 0  0 3  0 0
   112  -.8738283749301406E-07   3   0 0  0 0  0 2  1 0
   113  -.8749382210426367E-07   3   0 0  0 0  0 1  2 0
   114  -.1422083987484130E-06   3   0 0  0 0  0 0  3 0
   115  0.3448886984639651E-06   3   0 0  0 0  0 2  0 1
   116  0.2344047507490002E-06   3   0 0  0 0  0 1  1 1
   117  0.3442668380438639E-06   3   0 0  0 0  0 0  2 1
   118  -.2342566356896242E-06   3   0 0  0 0  0 1  0 2
   119  -.2339413841494659E-06   3   0 0  0 0  0 0  1 2
   120  0.4278342142410630E-08   3   0 0  0 0  0 0  0 3
   121  0.6102325720733608E-04   4   4 0  0 0  0 0  0 0
   122  -.2425690122849925E-03   4   3 1  0 0  0 0  0 0
   123  -.2604514055904928E-03   4   2 2  0 0  0 0  0 0
   124  -.1423658964613218E-03   4   1 3  0 0  0 0  0 0
   125  -.3632823268548777E-04   4   0 4  0 0  0 0  0 0
   126  0.1121570827338161E-07   4   3 0  1 0  0 0  0 0
   127  -.1352684621324328E-04   4   2 1  1 0  0 0  0 0
   128  -.7446455412921641E-05   4   1 2  1 0  0 0  0 0
   129  -.1324536291380292E-05   4   0 3  1 0  0 0  0 0
   130  0.3521621204786508E-04   4   2 0  2 0  0 0  0 0
   131  -.7797887388907269E-03   4   1 1  2 0  0 0  0 0
   132  -.1117652244282273E-04   4   0 2  2 0  0 0  0 0
   133  0.2875311190937303E-07   4   1 0  3 0  0 0  0 0
   134  -.2008544619514070E-04   4   0 1  3 0  0 0  0 0
   135  -.9370817147747102E-04   4   0 0  4 0  0 0  0 0
   136  0.5228210612149022E-07   4   3 0  0 1  0 0  0 0
   137  -.1762834768308874E-05   4   2 1  0 1  0 0  0 0
   138  0.3949632544693073E-05   4   1 2  0 1  0 0  0 0
   139  0.9029950776664129E-06   4   0 3  0 1  0 0  0 0
   140  -.7789603053257724E-03   4   2 0  1 1  0 0  0 0
   141  -.1155760642020275E-02   4   1 1  1 1  0 0  0 0
   142  0.9099439897201393E-04   4   0 2  1 1  0 0  0 0
   143  -.4018144179573898E-04   4   1 0  2 1  0 0  0 0
   144  -.2770294529052948E-04   4   0 1  2 1  0 0  0 0
   145  -.2137993245119664E-03   4   0 0  3 1  0 0  0 0
   146  -.1355417767945225E-03   4   2 0  0 2  0 0  0 0
   147  -.6734373004756169E-03   4   1 1  0 2  0 0  0 0
   148  -.2984196479581178E-04   4   0 2  0 2  0 0  0 0
   149  -.1616005623521015E-04   4   1 0  1 2  0 0  0 0
   150  -.2121237590945547E-04   4   0 1  1 2  0 0  0 0
   151  -.1249250262279132E-03   4   0 0  2 2  0 0  0 0
   152  0.3428592026612381E-05   4   1 0  0 3  0 0  0 0
   153  -.1337595641987038E-05   4   0 1  0 3  0 0  0 0
   154  0.1594342077612251E-04   4   0 0  1 3  0 0  0 0
   155  0.5814235274882735E-04   4   0 0  0 4  0 0  0 0
   156  0.9912437600005899E-01   4   3 0  0 0  0 1  0 0
   157  0.3614739105638041       4   2 1  0 0  0 1  0 0
   158  -.1220768951086908       4   1 2  0 0  0 1  0 0
   159  0.4111882368042982E-01   4   0 3  0 0  0 1  0 0
   160  -.9949461467969865E-04   4   2 0  1 0  0 1  0 0
   161  -.1240834486801972E-03   4   1 1  1 0  0 1  0 0
   162  -.3174828844442280E-04   4   0 2  1 0  0 1  0 0
   163  0.6832300854241405       4   1 0  2 0  0 1  0 0
   164  0.3178793864946859       4   0 1  2 0  0 1  0 0
   165  0.2270026688229870E-04   4   0 0  3 0  0 1  0 0
   166  -.5072034963080427E-04   4   2 0  0 1  0 1  0 0
   167  -.1519192774078708E-03   4   1 1  0 1  0 1  0 0
   168  -.3605180353218418E-04   4   0 2  0 1  0 1  0 0
   169   1.014823167539826       4   1 0  1 1  0 1  0 0
   170  0.5523380765512848       4   0 1  1 1  0 1  0 0
   171  0.4115261997315167E-04   4   0 0  2 1  0 1  0 0
   172  0.5504792334767888       4   1 0  0 2  0 1  0 0
   173  0.4637688775347680       4   0 1  0 2  0 1  0 0
   174  0.2137255747589033E-04   4   0 0  1 2  0 1  0 0
   175  0.2617078196421404E-04   4   0 0  0 3  0 1  0 0
   176  0.9899097908640848E-01   4   3 0  0 0  0 0  1 0
   177  0.3609874560106424       4   2 1  0 0  0 0  1 0
   178  -.1219126097765373       4   1 2  0 0  0 0  1 0
   179  0.4106348790538340E-01   4   0 3  0 0  0 0  1 0
   180  -.9936071951628139E-04   4   2 0  1 0  0 0  1 0
   181  -.1239164630228139E-03   4   1 1  1 0  0 0  1 0
   182  -.3170556309407873E-04   4   0 2  1 0  0 0  1 0
   183  0.6823106265746935       4   1 0  2 0  0 0  1 0
   184  0.3174515993974755       4   0 1  2 0  0 0  1 0
   185  0.2266971793295594E-04   4   0 0  3 0  0 0  1 0
   186  -.5065209257463863E-04   4   2 0  0 1  0 0  1 0
   187  -.1517148316040423E-03   4   1 1  0 1  0 0  1 0
   188  -.3600328671405322E-04   4   0 2  0 1  0 0  1 0
   189   1.013457466347913       4   1 0  1 1  0 0  1 0
   190  0.5515947659986474       4   0 1  1 1  0 0  1 0
   191  0.4109723871664955E-04   4   0 0  2 1  0 0  1 0
   192  0.5497384244675634       4   1 0  0 2  0 0  1 0
   193  0.4631447592360504       4   0 1  0 2  0 0  1 0
   194  0.2134379529529500E-04   4   0 0  1 2  0 0  1 0
   195  0.2613556255923279E-04   4   0 0  0 3  0 0  1 0
   196  -.4884264914529329       4   3 0  0 0  0 0  0 1
   197  -.7224613665744438       4   2 1  0 0  0 0  0 1
   198  0.4708666843834128E-01   4   1 2  0 0  0 0  0 1
   199  -.3957131723394224E-01   4   0 3  0 0  0 0  0 1
   200  0.3764041423002180E-03   4   2 0  1 0  0 0  0 1
   201  0.2479999117030107E-03   4   1 1  1 0  0 0  0 1
   202  0.4352670746171863E-04   4   0 2  1 0  0 0  0 1
   203  -2.643240589107795       4   1 0  2 0  0 0  0 1
   204  -.6353309858921550       4   0 1  2 0  0 0  0 1
   205  -.9423353887396631E-04   4   0 0  3 0  0 0  0 1
   206  0.1013724422054436E-03   4   2 0  0 1  0 0  0 1
   207  0.1709681254068175E-03   4   1 1  0 1  0 0  0 1
   208  0.2881924733639916E-04   4   0 2  0 1  0 0  0 1
   209  -2.028280633887745       4   1 0  1 1  0 0  0 1
   210  -.7437422312564299       4   0 1  1 1  0 0  0 1
   211  -.8224985868980988E-04   4   0 0  2 1  0 0  0 1
   212  -.6057473273862954       4   1 0  0 2  0 0  0 1
   213  -.3474838749056322       4   0 1  0 2  0 0  0 1
   214  -.2796312329058749E-04   4   0 0  1 2  0 0  0 1
   215  -.1853807028480916E-04   4   0 0  0 3  0 0  0 1
   216  0.6248607394795449E-04   4   2 0  0 0  0 2  0 0
   217  -.1687889300598994E-03   4   1 1  0 0  0 2  0 0
   218  -.4651790673388856E-04   4   0 2  0 0  0 2  0 0
   219  0.6471070632349112E-05   4   1 0  1 0  0 2  0 0
   220  -.1544573907321789E-05   4   0 1  1 0  0 2  0 0
   221  0.5818370219916107E-04   4   0 0  2 0  0 2  0 0
   222  0.6991089725898143E-05   4   1 0  0 1  0 2  0 0
   223  0.2183870613003843E-05   4   0 1  0 1  0 2  0 0
   224  0.1823666533586832E-03   4   0 0  1 1  0 2  0 0
   225  0.1288369932466616E-03   4   0 0  0 2  0 2  0 0
   226  0.5934783985384227E-04   4   2 0  0 0  0 1  1 0
   227  -.1310751158501561E-03   4   1 1  0 0  0 1  1 0
   228  -.4041427448457850E-04   4   0 2  0 0  0 1  1 0
   229  0.7672587493770841E-05   4   1 0  1 0  0 1  1 0
   230  0.1001140716139962E-05   4   0 1  1 0  0 1  1 0
   231  0.5616444152657569E-04   4   0 0  2 0  0 1  1 0
   232  0.8383232495579738E-05   4   1 0  0 1  0 1  1 0
   233  0.3847961224776292E-05   4   0 1  0 1  0 1  1 0
   234  0.1793625180518654E-03   4   0 0  1 1  0 1  1 0
   235  0.1476595569023334E-03   4   0 0  0 2  0 1  1 0
   236  0.6236204937154765E-04   4   2 0  0 0  0 0  2 0
   237  -.1684735845157938E-03   4   1 1  0 0  0 0  2 0
   238  -.4642811131434804E-04   4   0 2  0 0  0 0  2 0
   239  0.6457199467136814E-05   4   1 0  1 0  0 0  2 0
   240  -.1543168936547429E-05   4   0 1  1 0  0 0  2 0
   241  0.5806760958560966E-04   4   0 0  2 0  0 0  2 0
   242  0.6976040567221445E-05   4   1 0  0 1  0 0  2 0
   243  0.2178342460421017E-05   4   0 1  0 1  0 0  2 0
   244  0.1820005440993685E-03   4   0 0  1 1  0 0  2 0
   245  0.1285642538566645E-03   4   0 0  0 2  0 0  2 0
   246  -.1169829645337876E-03   4   2 0  0 0  0 1  0 1
   247  0.1322625943008045E-03   4   1 1  0 0  0 1  0 1
   248  0.3726506107797326E-04   4   0 2  0 0  0 1  0 1
   249  -.1030404323978261E-04   4   1 0  1 0  0 1  0 1
   250  0.2227042749279024E-05   4   0 1  1 0  0 1  0 1
   251  -.1368011612476057E-03   4   0 0  2 0  0 1  0 1
   252  -.5215336463410799E-05   4   1 0  0 1  0 1  0 1
   253  -.5640340859872200E-06   4   0 1  0 1  0 1  0 1
   254  -.2828399368734167E-03   4   0 0  1 1  0 1  0 1
   255  -.1271613664238437E-03   4   0 0  0 2  0 1  0 1
   256  -.1168255343733341E-03   4   2 0  0 0  0 0  1 1
   257  0.1320846015347146E-03   4   1 1  0 0  0 0  1 1
   258  0.3721491151501599E-04   4   0 2  0 0  0 0  1 1
   259  -.1029017654400324E-04   4   1 0  1 0  0 0  1 1
   260  0.2224045700103922E-05   4   0 1  1 0  0 0  1 1
   261  -.1366170606920142E-03   4   0 0  2 0  0 0  1 1
   262  -.5208317909388620E-05   4   1 0  0 1  0 0  1 1
   263  -.5632750354963008E-06   4   0 1  0 1  0 0  1 1
   264  -.2824593042161577E-03   4   0 0  1 1  0 0  1 1
   265  -.1269902386498183E-03   4   0 0  0 2  0 0  1 1
   266  0.4961253920501901E-04   4   2 0  0 0  0 0  0 2
   267  0.5469492992155933E-04   4   1 1  0 0  0 0  0 2
   268  0.8774521478295236E-05   4   0 2  0 0  0 0  0 2
   269  -.6637808111672456E-08   4   1 0  1 0  0 0  0 2
   270  0.6499043640886026E-06   4   0 1  1 0  0 0  0 2
   271  0.1010024637398518E-03   4   0 0  2 0  0 0  0 2
   272  -.1820601529043383E-08   4   1 0  0 1  0 0  0 2
   273  0.8759256731883223E-07   4   0 1  0 1  0 0  0 2
   274  0.7086899459888907E-04   4   0 0  1 1  0 0  0 2
   275  0.1046202572317793E-04   4   0 0  0 2  0 0  0 2
   276  -.1291569926800001E-01   4   1 0  0 0  0 3  0 0
   277  0.6503503471071237E-01   4   0 1  0 0  0 3  0 0
   278  0.1154932483017048E-06   4   0 0  1 0  0 3  0 0
   279  0.9458398816501447E-05   4   0 0  0 1  0 3  0 0
   280  -.7406603120978414E-02   4   1 0  0 0  0 2  1 0
   281  0.3591849930078000E-01   4   0 1  0 0  0 2  1 0
   282  0.1168578527974728E-06   4   0 0  1 0  0 2  1 0
   283  0.5700175878310562E-05   4   0 0  0 1  0 2  1 0
   284  -.7417688857437409E-02   4   1 0  0 0  0 1  2 0
   285  0.3597709811986315E-01   4   0 1  0 0  0 1  2 0
   286  0.1168547844247111E-06   4   0 0  1 0  0 1  2 0
   287  0.5707736642816531E-05   4   0 0  0 1  0 1  2 0
   288  -.1288465025282847E-01   4   1 0  0 0  0 0  3 0
   289  0.6487961697621100E-01   4   0 1  0 0  0 0  3 0
   290  0.1151815853129624E-06   4   0 0  1 0  0 0  3 0
   291  0.9435475474600542E-05   4   0 0  0 1  0 0  3 0
   292  0.3048156792648008E-01   4   1 0  0 0  0 2  0 1
   293  -.7181734697143463E-01   4   0 1  0 0  0 2  0 1
   294  -.3467250501380177E-06   4   0 0  1 0  0 2  0 1
   295  -.1139400184616104E-04   4   0 0  0 1  0 2  0 1
   296  0.1948041257511920E-01   4   1 0  0 0  0 1  1 1
   297  -.4279456149027686E-01   4   0 1  0 0  0 1  1 1
   298  -.3486908871605229E-06   4   0 0  1 0  0 1  1 1
   299  -.7647604165436951E-05   4   0 0  0 1  0 1  1 1
   300  0.3042743935832938E-01   4   1 0  0 0  0 0  2 1
   301  -.7169190311850687E-01   4   0 1  0 0  0 0  2 1
   302  -.3460238180285229E-06   4   0 0  1 0  0 0  2 1
   303  -.1137352244282361E-04   4   0 0  0 1  0 0  2 1
   304  -.1946559118220679E-01   4   1 0  0 0  0 1  0 2
   305  -.7703650364264282E-02   4   0 1  0 0  0 1  0 2
   306  0.3470475328196177E-06   4   0 0  1 0  0 1  0 2
   307  0.6516899179374609E-07   4   0 0  0 1  0 1  0 2
   308  -.1943939530697536E-01   4   1 0  0 0  0 0  1 2
   309  -.7693283154664604E-02   4   0 1  0 0  0 0  1 2
   310  0.3465804926058782E-06   4   0 0  1 0  0 0  1 2
   311  0.6508129043591970E-07   4   0 0  0 1  0 0  1 2
   312  -.8598109297245314E-03   4   1 0  0 0  0 0  0 3
   313  -.1095013029681519E-03   4   0 1  0 0  0 0  0 3
   314  -.1158018525631579E-06   4   0 0  1 0  0 0  0 3
   315  -.1454082554822026E-07   4   0 0  0 1  0 0  0 3
   316  0.8827136221820328E-05   4   0 0  0 0  0 4  0 0
   317  0.4796030953795541E-05   4   0 0  0 0  0 3  1 0
   318  0.4259864405346486E-05   4   0 0  0 0  0 2  2 0
   319  0.4807565928736458E-05   4   0 0  0 0  0 1  3 0
   320  0.8800165074818022E-05   4   0 0  0 0  0 0  4 0
   321  -.9771914676023201E-05   4   0 0  0 0  0 3  0 1
   322  -.5399222193839808E-05   4   0 0  0 0  0 2  1 1
   323  -.5408022492886064E-05   4   0 0  0 0  0 1  2 1
   324  -.9748560694323304E-05   4   0 0  0 0  0 0  3 1
   325  -.3639577769094098E-06   4   0 0  0 0  0 2  0 2
   326  -.4376100262595343E-06   4   0 0  0 0  0 1  1 2
   327  -.3631735222112439E-06   4   0 0  0 0  0 0  2 2
   328  0.8500928624931775E-09   4   0 0  0 0  0 1  0 3
   329  0.8489488475823226E-09   4   0 0  0 0  0 0  1 3
   ----------------------------------------------------
     I  COEFFICIENT            ORDER EXPONENTS
     1  0.6541841048437394E-05   0   0 0  0 0  0 0  0 0
     2  -.3414453463478883E-04   1   1 0  0 0  0 0  0 0
     3  -.8702510320909997E-05   1   0 1  0 0  0 0  0 0
     4   1.274330139225180       1   0 0  1 0  0 0  0 0
     5  0.7297278941150758       1   0 0  0 1  0 0  0 0
     6  -.5368334654566649E-06   1   0 0  0 0  0 1  0 0
     7  -.5361110202789633E-06   1   0 0  0 0  0 0  1 0
     8  0.1072944485519119E-05   1   0 0  0 0  0 0  0 1
     9  0.6055405871957154E-05   2   2 0  0 0  0 0  0 0
    10  -.1617903943229057E-05   2   1 1  0 0  0 0  0 0
    11  0.4053202359909947E-06   2   0 2  0 0  0 0  0 0
    12  -.2231283874477835E-03   2   1 0  1 0  0 0  0 0
    13  0.3216919090991130E-07   2   0 1  1 0  0 0  0 0
    14  -.4821498023739723E-05   2   0 0  2 0  0 0  0 0
    15  0.3348611098009597E-04   2   1 0  0 1  0 0  0 0
    16  0.1578630507935035E-04   2   0 1  0 1  0 0  0 0
    17  0.7329834125448700E-05   2   0 0  1 1  0 0  0 0
    18  0.3552686193658816E-05   2   0 0  0 2  0 0  0 0
    19  0.1710109449581834E-04   2   1 0  0 0  0 1  0 0
    20  0.8709091565062154E-05   2   0 1  0 0  0 1  0 0
    21  -.1424091476975450       2   0 0  1 0  0 1  0 0
    22  -.4004186542418710       2   0 0  0 1  0 1  0 0
    23  0.1707808064879254E-04   2   1 0  0 0  0 0  1 0
    24  0.8697371280079243E-05   2   0 1  0 0  0 0  1 0
    25  -.1422175001780842       2   0 0  1 0  0 0  1 0
    26  -.3998797896880711       2   0 0  0 1  0 0  1 0
    27  -.3417917514480941E-04   2   1 0  0 0  0 0  0 1
    28  -.8703952524209587E-05   2   0 1  0 0  0 0  0 1
    29  0.2846266478756282       2   0 0  1 0  0 0  0 1
    30  0.7057054981486668E-01   2   0 0  0 1  0 0  0 1
    31  0.4086539294787235E-06   2   0 0  0 0  0 2  0 0
    32  0.2808188022772317E-06   2   0 0  0 0  0 1  1 0
    33  0.4079150259430951E-06   2   0 0  0 0  0 0  2 0
    34  -.5612946626123199E-06   2   0 0  0 0  0 1  0 1
    35  -.5605392987082800E-06   2   0 0  0 0  0 0  1 1
    36  0.2444484819847874E-07   2   0 0  0 0  0 0  0 2
    37  0.1122926193845220E-04   3   3 0  0 0  0 0  0 0
    38  -.1423543567808219E-04   3   2 1  0 0  0 0  0 0
    39  -.3001039573319925E-04   3   1 2  0 0  0 0  0 0
    40  -.1195540700547528E-04   3   0 3  0 0  0 0  0 0
    41  -.2129756503739136       3   2 0  1 0  0 0  0 0
    42  -.3370246120039752       3   1 1  1 0  0 0  0 0
    43  0.2127959551092363       3   0 2  1 0  0 0  0 0
    44  -.6080568978995226E-04   3   1 0  2 0  0 0  0 0
    45  -.9430183866207433E-04   3   0 1  2 0  0 0  0 0
    46  0.6173042382255446E-01   3   0 0  3 0  0 0  0 0
    47  0.3829767401271549       3   2 0  0 1  0 0  0 0
    48  -.1054534295899296       3   1 1  0 1  0 0  0 0
    49  0.3924650590750854       3   0 2  0 1  0 0  0 0
    50  -.8880707621126421E-04   3   1 0  1 1  0 0  0 0
    51  -.7189217535623734E-04   3   0 1  1 1  0 0  0 0
    52  0.7136548681299731       3   0 0  2 1  0 0  0 0
    53  -.7157264733443842E-04   3   1 0  0 2  0 0  0 0
    54  -.3115472226217941E-04   3   0 1  0 2  0 0  0 0
    55  0.6853517227778407       3   0 0  1 2  0 0  0 0
    56  0.5011865168927061       3   0 0  0 3  0 0  0 0
    57  -.3235530005637454E-05   3   2 0  0 0  0 1  0 0
    58  0.2115097254837741E-05   3   1 1  0 0  0 1  0 0
    59  -.4942502143514328E-06   3   0 2  0 0  0 1  0 0
    60  0.1257134874627872E-03   3   1 0  1 0  0 1  0 0
    61  0.3825243045825966E-05   3   0 1  1 0  0 1  0 0
    62  0.1395693213707527E-05   3   0 0  2 0  0 1  0 0
    63  -.3099619839829994E-04   3   1 0  0 1  0 1  0 0
    64  -.2245243253357631E-04   3   0 1  0 1  0 1  0 0
    65  -.9337638830925995E-05   3   0 0  1 1  0 1  0 0
    66  -.5807023468197377E-05   3   0 0  0 2  0 1  0 0
    67  -.3231175781841130E-05   3   2 0  0 0  0 0  1 0
    68  0.2112250856633274E-05   3   1 1  0 0  0 0  1 0
    69  -.4935850757061569E-06   3   0 2  0 0  0 0  1 0
    70  0.1255443081760317E-03   3   1 0  1 0  0 0  1 0
    71  0.3820095214011619E-05   3   0 1  1 0  0 0  1 0
    72  0.1393814955557257E-05   3   0 0  2 0  0 0  1 0
    73  -.3095448517529532E-04   3   1 0  0 1  0 0  1 0
    74  -.2242221710801912E-04   3   0 1  0 1  0 0  1 0
    75  -.9325072676655912E-05   3   0 0  1 1  0 0  1 0
    76  -.5799208649689096E-05   3   0 0  0 2  0 0  1 0
    77  0.6466705787478560E-05   3   2 0  0 0  0 0  0 1
    78  -.2609444168241991E-05   3   1 1  0 0  0 0  0 1
    79  0.1771948181925349E-06   3   0 2  0 0  0 0  0 1
    80  -.2512577956388290E-03   3   1 0  1 0  0 0  0 1
    81  -.7677507450735235E-05   3   0 1  1 0  0 0  0 1
    82  -.2789508169262833E-05   3   0 0  2 0  0 0  0 1
    83  0.2846457259348121E-04   3   1 0  0 1  0 0  0 1
    84  0.1330203948291452E-04   3   0 1  0 1  0 0  0 1
    85  0.1133287738213699E-04   3   0 0  1 1  0 0  0 1
    86  0.4500859730570278E-05   3   0 0  0 2  0 0  0 1
    87  -.1283685035369521E-04   3   1 0  0 0  0 2  0 0
    88  -.8714528670666494E-05   3   0 1  0 0  0 2  0 0
    89  0.1093987841198133       3   0 0  1 0  0 2  0 0
    90  0.3183229679644488       3   0 0  0 1  0 2  0 0
    91  -.8584525622660813E-05   3   1 0  0 0  0 1  1 0
    92  -.8717015573283648E-05   3   0 1  0 0  0 1  1 0
    93  0.7647702832445366E-01   3   0 0  1 0  0 1  1 0
    94  0.2364475423719735       3   0 0  0 1  0 1  1 0
    95  -.1281379880046717E-04   3   1 0  0 0  0 0  2 0
    96  -.8696935594319707E-05   3   0 1  0 0  0 0  2 0
    97  0.1092001008016886       3   0 0  1 0  0 0  2 0
    98  0.3177354839366346       3   0 0  0 1  0 0  2 0
    99  0.1715816377816715E-04   3   1 0  0 0  0 1  0 1
   100  0.8716651606669127E-05   3   0 1  0 0  0 1  0 1
   101  -.1528654989311478       3   0 0  1 0  0 1  0 1
   102  -.7225626438089063E-01   3   0 0  0 1  0 1  0 1
   103  0.1713507312999080E-04   3   1 0  0 0  0 0  1 1
   104  0.8704921147738444E-05   3   0 1  0 0  0 0  1 1
   105  -.1526597797469886       3   0 0  1 0  0 0  1 1
   106  -.7215902530560681E-01   3   0 0  0 1  0 0  1 1
   107  -.5765213735795022E-07   3   1 0  0 0  0 0  0 2
   108  -.6069182685836031E-08   3   0 1  0 0  0 0  0 2
   109  0.1044933382860786E-01   3   0 0  1 0  0 0  0 2
   110  0.1637102272694546E-02   3   0 0  0 1  0 0  0 2
   111  -.3446371568572719E-06   3   0 0  0 0  0 3  0 0
   112  -.2166894901532028E-06   3   0 0  0 0  0 2  1 0
   113  -.2169468328577760E-06   3   0 0  0 0  0 1  2 0
   114  -.3437958536053964E-06   3   0 0  0 0  0 0  3 0
   115  0.4332910061413497E-06   3   0 0  0 0  0 2  0 1
   116  0.3056308557240459E-06   3   0 0  0 0  0 1  1 1
   117  0.4325022517437308E-06   3   0 0  0 0  0 0  2 1
   118  -.2481164354014284E-07   3   0 0  0 0  0 1  0 2
   119  -.2477825319960250E-07   3   0 0  0 0  0 0  1 2
   120  0.2334000502697349E-09   3   0 0  0 0  0 0  0 3
   121  0.9161945547246080E-06   4   4 0  0 0  0 0  0 0
   122  -.1197422868048682E-05   4   3 1  0 0  0 0  0 0
   123  -.2068607832122497E-05   4   2 2  0 0  0 0  0 0
   124  -.3879544272687388E-06   4   1 3  0 0  0 0  0 0
   125  -.2746601001139444E-05   4   0 4  0 0  0 0  0 0
   126  0.1763689858617469E-03   4   3 0  1 0  0 0  0 0
   127  0.3758322789271428E-03   4   2 1  1 0  0 0  0 0
   128  0.3001172283769834E-04   4   1 2  1 0  0 0  0 0
   129  -.1531580884817718E-03   4   0 3  1 0  0 0  0 0
   130  0.1759438482088069E-04   4   2 0  2 0  0 0  0 0
   131  0.9169356643900549E-05   4   1 1  2 0  0 0  0 0
   132  -.1971250438112178E-04   4   0 2  2 0  0 0  0 0
   133  0.4430282669296433E-04   4   1 0  3 0  0 0  0 0
   134  0.1479726792222808E-03   4   0 1  3 0  0 0  0 0
   135  0.1284401322027590E-05   4   0 0  4 0  0 0  0 0
   136  -.9901629115257517E-04   4   3 0  0 1  0 0  0 0
   137  0.3732346393704294E-03   4   2 1  0 1  0 0  0 0
   138  0.2992074037248143E-03   4   1 2  0 1  0 0  0 0
   139  -.1328575394643536E-03   4   0 3  0 1  0 0  0 0
   140  0.4000265199798949E-07   4   2 0  1 1  0 0  0 0
   141  0.1301829598515222E-04   4   1 1  1 1  0 0  0 0
   142  -.1191573135586470E-04   4   0 2  1 1  0 0  0 0
   143  -.1489139002940694E-03   4   1 0  2 1  0 0  0 0
   144  0.2181769719368360E-03   4   0 1  2 1  0 0  0 0
   145  -.1929920415143230E-04   4   0 0  3 1  0 0  0 0
   146  -.6517316576636134E-05   4   2 0  0 2  0 0  0 0
   147  -.5031522793236063E-05   4   1 1  0 2  0 0  0 0
   148  -.1576738299839338E-04   4   0 2  0 2  0 0  0 0
   149  0.5511257924302556E-04   4   1 0  1 2  0 0  0 0
   150  -.1147332026018505E-04   4   0 1  1 2  0 0  0 0
   151  -.2611010091552790E-04   4   0 0  2 2  0 0  0 0
   152  0.1610756865126148E-03   4   1 0  0 3  0 0  0 0
   153  -.1275527692242187E-03   4   0 1  0 3  0 0  0 0
   154  -.1563752967538667E-04   4   0 0  1 3  0 0  0 0
   155  -.1236624322802296E-04   4   0 0  0 4  0 0  0 0
   156  -.8146671916529292E-05   4   3 0  0 0  0 1  0 0
   157  0.9906600856927387E-07   4   2 1  0 0  0 1  0 0
   158  0.3742969132878388E-04   4   1 2  0 0  0 1  0 0
   159  0.2284329770029141E-04   4   0 3  0 0  0 1  0 0
   160  0.1834732130373102       4   2 0  1 0  0 1  0 0
   161  0.4952401242278361       4   1 1  1 0  0 1  0 0
   162  -.2943158552382860       4   0 2  1 0  0 1  0 0
   163  0.6532098510956597E-04   4   1 0  2 0  0 1  0 0
   164  0.1198254983572844E-03   4   0 1  2 0  0 1  0 0
   165  -.9499821248422377E-01   4   0 0  3 0  0 1  0 0
   166  -.3957201983188084       4   2 0  0 1  0 1  0 0
   167  0.1911638313947489       4   1 1  0 1  0 1  0 0
   168  -.6130785584389846       4   0 2  0 1  0 1  0 0
   169  0.1372685908891938E-03   4   1 0  1 1  0 1  0 0
   170  0.1304925185195804E-03   4   0 1  1 1  0 1  0 0
   171  -.9235554391028683       4   0 0  2 1  0 1  0 0
   172  0.1182495512865640E-03   4   1 0  0 2  0 1  0 0
   173  0.6664936691078442E-04   4   0 1  0 2  0 1  0 0
   174  -1.136320274036053       4   0 0  1 2  0 1  0 0
   175  -.8522606552934961       4   0 0  0 3  0 1  0 0
   176  -.8135708509403478E-05   4   3 0  0 0  0 0  1 0
   177  0.9893269020369344E-07   4   2 1  0 0  0 0  1 0
   178  0.3737932021419392E-04   4   1 2  0 0  0 0  1 0
   179  0.2281255626681366E-04   4   0 3  0 0  0 0  1 0
   180  0.1832263034339991       4   2 0  1 0  0 0  1 0
   181  0.4945736534085113       4   1 1  1 0  0 0  1 0
   182  -.2939197788309335       4   0 2  1 0  0 0  1 0
   183  0.6523307920627937E-04   4   1 0  2 0  0 0  1 0
   184  0.1196642428487756E-03   4   0 1  2 0  0 0  1 0
   185  -.9487036836698495E-01   4   0 0  3 0  0 0  1 0
   186  -.3951876567255590       4   2 0  0 1  0 0  1 0
   187  0.1909065721196977       4   1 1  0 1  0 0  1 0
   188  -.6122535062084292       4   0 2  0 1  0 0  1 0
   189  0.1370838612888199E-03   4   1 0  1 1  0 0  1 0
   190  0.1303169078380598E-03   4   0 1  1 1  0 0  1 0
   191  -.9223125617185846       4   0 0  2 1  0 0  1 0
   192  0.1180904166133529E-03   4   1 0  0 2  0 0  1 0
   193  0.6655967333387059E-04   4   0 1  0 2  0 0  1 0
   194  -1.134791067764204       4   0 0  1 2  0 0  1 0
   195  -.8511137230692496       4   0 0  0 3  0 0  1 0
   196  0.1628238042593263E-04   4   3 0  0 0  0 0  0 1
   197  0.1403743697931446E-04   4   2 1  0 0  0 0  0 1
   198  -.1478822007659134E-04   4   1 2  0 0  0 0  0 1
   199  -.9789632950622784E-05   4   0 3  0 0  0 0  0 1
   200  -.3666995164713074       4   2 0  1 0  0 0  0 1
   201  -.6527891656323657       4   1 1  1 0  0 0  0 1
   202  0.1626437238507467       4   0 2  1 0  0 0  0 1
   203  -.1305540643158578E-03   4   1 0  2 0  0 0  0 1
   204  -.1451879025439728E-03   4   0 1  2 0  0 0  0 1
   205  0.1898685808512753       4   0 0  3 0  0 0  0 1
   206  0.4079311149172105       4   2 0  0 1  0 0  0 1
   207  -.1711635443345879       4   1 1  0 1  0 0  0 1
   208  0.4793688742215746E-01   4   0 2  0 1  0 0  0 1
   209  -.1855453759667542E-03   4   1 0  1 1  0 0  0 1
   210  -.1170250756451292E-03   4   0 1  1 1  0 0  0 1
   211   1.132213132691606       4   0 0  2 1  0 0  0 1
   212  -.9319467323103028E-04   4   1 0  0 2  0 0  0 1
   213  -.3974487345809168E-04   4   0 1  0 2  0 0  0 1
   214  0.9004078962446981       4   0 0  1 2  0 0  0 1
   215  0.1998148276846581       4   0 0  0 3  0 0  0 1
   216  -.2845186768651278E-05   4   2 0  0 0  0 2  0 0
   217  -.1693342092608930E-05   4   1 1  0 0  0 2  0 0
   218  -.6677242355360407E-05   4   0 2  0 0  0 2  0 0
   219  -.3496016447919664E-04   4   1 0  1 0  0 2  0 0
   220  -.1650281147872564E-03   4   0 1  1 0  0 2  0 0
   221  -.1155456536200425E-04   4   0 0  2 0  0 2  0 0
   222  0.6806365800365646E-04   4   1 0  0 1  0 2  0 0
   223  -.2112139597792498E-03   4   0 1  0 1  0 2  0 0
   224  -.1154680812106817E-04   4   0 0  1 1  0 2  0 0
   225  -.1632108479770541E-04   4   0 0  0 2  0 2  0 0
   226  -.3541113530601353E-05   4   2 0  0 0  0 1  1 0
   227  -.1548654801172292E-05   4   1 1  0 0  0 1  1 0
   228  -.8163206468373692E-05   4   0 2  0 0  0 1  1 0
   229  -.2526615780936566E-05   4   1 0  1 0  0 1  1 0
   230  -.1942075822025859E-03   4   0 1  1 0  0 1  1 0
   231  -.1187561610861571E-04   4   0 0  2 0  0 1  1 0
   232  0.7458126352367494E-04   4   1 0  0 1  0 1  1 0
   233  -.2572304446178816E-03   4   0 1  0 1  0 1  1 0
   234  -.1495947341049242E-04   4   0 0  1 1  0 1  1 0
   235  -.2000398326143246E-04   4   0 0  0 2  0 1  1 0
   236  -.2838975118534271E-05   4   2 0  0 0  0 0  2 0
   237  -.1690021219305461E-05   4   1 1  0 0  0 0  2 0
   238  -.6662763608011059E-05   4   0 2  0 0  0 0  2 0
   239  -.3491141663723017E-04   4   1 0  1 0  0 0  2 0
   240  -.1646753500221648E-03   4   0 1  1 0  0 0  2 0
   241  -.1153102495024190E-04   4   0 0  2 0  0 0  2 0
   242  0.6792187716567156E-04   4   1 0  0 1  0 0  2 0
   243  -.2107566336815969E-03   4   0 1  0 1  0 0  2 0
   244  -.1152120309371375E-04   4   0 0  1 1  0 0  2 0
   245  -.1628566044199781E-04   4   0 0  0 2  0 0  2 0
   246  0.1262932505436478E-05   4   2 0  0 0  0 1  0 1
   247  0.1461758893394946E-05   4   1 1  0 0  0 1  0 1
   248  0.1168382407765980E-05   4   0 2  0 0  0 1  0 1
   249  0.3194397886008816E-04   4   1 0  1 0  0 1  0 1
   250  0.1419485479048631E-03   4   0 1  1 0  0 1  0 1
   251  0.1272546892985246E-04   4   0 0  2 0  0 1  0 1
   252  -.8273376659150296E-04   4   1 0  0 1  0 1  0 1
   253  0.2821882321804961E-04   4   0 1  0 1  0 1  0 1
   254  0.5748904589055002E-05   4   0 0  1 1  0 1  0 1
   255  -.9943680096943693E-06   4   0 0  0 2  0 1  0 1
   256  0.1261232910390607E-05   4   2 0  0 0  0 0  1 1
   257  0.1459791727166527E-05   4   1 1  0 0  0 0  1 1
   258  0.1166810053785565E-05   4   0 2  0 0  0 0  1 1
   259  0.3190099015880600E-04   4   1 0  1 0  0 0  1 1
   260  0.1417575202388962E-03   4   0 1  1 0  0 0  1 1
   261  0.1270834359349725E-04   4   0 0  2 0  0 0  1 1
   262  -.8262242738753153E-04   4   1 0  0 1  0 0  1 1
   263  0.2818084765566991E-04   4   0 1  0 1  0 0  1 1
   264  0.5741167984195555E-05   4   0 0  1 1  0 0  1 1
   265  -.9930298360898641E-06   4   0 0  0 2  0 0  1 1
   266  0.9799415923741800E-06   4   2 0  0 0  0 0  0 2
   267  0.3277919010807083E-06   4   1 1  0 0  0 0  0 2
   268  -.6941648246263053E-08   4   0 2  0 0  0 0  0 2
   269  0.2577009270624586E-04   4   1 0  1 0  0 0  0 2
   270  -.1690450523308221E-05   4   0 1  1 0  0 0  0 2
   271  0.5668678830226824E-06   4   0 0  2 0  0 0  0 2
   272  0.1424240658990932E-04   4   1 0  0 1  0 0  0 2
   273  0.1669247890060174E-05   4   0 1  0 1  0 0  0 2
   274  0.2588617268556298E-05   4   0 0  1 1  0 0  0 2
   275  0.7211240903066710E-06   4   0 0  0 2  0 0  0 2
   276  0.1070913149450975E-04   4   1 0  0 0  0 3  0 0
   277  0.8713644135614018E-05   4   0 1  0 0  0 3  0 0
   278  -.9292397423045008E-01   4   0 0  1 0  0 3  0 0
   279  -.2775096975905335       4   0 0  0 1  0 3  0 0
   280  0.6456283150071053E-05   4   1 0  0 0  0 2  1 0
   281  0.8714567969611257E-05   4   0 1  0 0  0 2  1 0
   282  -.5999654705149678E-01   4   0 0  1 0  0 2  1 0
   283  -.1959377241636454       4   0 0  0 1  0 2  1 0
   284  0.6464838982211436E-05   4   1 0  0 0  0 1  2 0
   285  0.8714542433465266E-05   4   0 1  0 0  0 1  2 0
   286  -.6006276288596321E-01   4   0 0  1 0  0 1  2 0
   287  -.1961016338636358       4   0 0  0 1  0 1  2 0
   288  0.1068317530640541E-04   4   1 0  0 0  0 0  3 0
   289  0.8690198592643837E-05   4   0 1  0 0  0 0  3 0
   290  -.9269607935159825E-01   4   0 0  1 0  0 0  3 0
   291  -.2768178442691619       4   0 0  0 1  0 0  3 0
   292  -.1290927425314304E-04   4   1 0  0 0  0 2  0 1
   293  -.8722459060833423E-05   4   0 1  0 0  0 2  0 1
   294  0.1199708557285153       4   0 0  1 0  0 2  0 1
   295  0.7349782544904783E-01   4   0 0  0 1  0 2  0 1
   296  -.8671789564350159E-05   4   1 0  0 0  0 1  1 1
   297  -.8728235097940039E-05   4   0 1  0 0  0 1  1 1
   298  0.8716447179979556E-01   4   0 0  1 0  0 1  1 1
   299  0.7473591398869095E-01   4   0 0  0 1  0 1  1 1
   300  -.1288606651739453E-04   4   1 0  0 0  0 0  2 1
   301  -.8704847762781911E-05   4   0 1  0 0  0 0  2 1
   302  0.1197507536857891       4   0 0  1 0  0 0  2 1
   303  0.7334862750395724E-01   4   0 0  0 1  0 0  2 1
   304  0.8661824987801207E-07   4   1 0  0 0  0 1  0 2
   305  0.1215145103638624E-07   4   0 1  0 0  0 1  0 2
   306  -.1068757643448866E-01   4   0 0  1 0  0 1  0 2
   307  -.2481381127405608E-02   4   0 0  0 1  0 1  0 2
   308  0.8650168311959666E-07   4   1 0  0 0  0 0  1 2
   309  0.1213509818627528E-07   4   0 1  0 0  0 0  1 2
   310  -.1067319359781266E-01   4   0 0  1 0  0 0  1 2
   311  -.2478041801628036E-02   4   0 0  0 1  0 0  1 2
   312  -.1927188607784913E-07   4   1 0  0 0  0 0  0 3
   313  -.2026333711928831E-08   4   0 1  0 0  0 0  0 3
   314  0.1540341250284270E-03   4   0 0  1 0  0 0  0 3
   315  0.1603870364982932E-04   4   0 0  0 1  0 0  0 3
   316  -.1512444998227921E-05   4   0 0  0 0  0 4  0 0
   317  -.9107304412736358E-06   4   0 0  0 0  0 3  1 0
   318  -.8303700632556762E-06   4   0 0  0 0  0 2  2 0
   319  -.9124518017428458E-06   4   0 0  0 0  0 1  3 0
   320  -.1507764007098898E-05   4   0 0  0 0  0 0  4 0
   321  -.1965279808285586E-07   4   0 0  0 0  0 3  0 1
   322  0.2240664677748900E-07   4   0 0  0 0  0 2  1 1
   323  0.2232179773483106E-07   4   0 0  0 0  0 1  2 1
   324  -.1962818301038391E-07   4   0 0  0 0  0 0  3 1
   325  0.1282594296089693E-07   4   0 0  0 0  0 2  0 2
   326  0.1612031938345939E-07   4   0 0  0 0  0 1  1 2
   327  0.1279783542827514E-07   4   0 0  0 0  0 0  2 2
   328  -.1876300253035709E-09   4   0 0  0 0  0 1  0 3
   329  -.1873775216582141E-09   4   0 0  0 0  0 0  1 3
   ----------------------------------------------------
     I  COEFFICIENT            ORDER EXPONENTS
     1  0.3680319490606040E-05   0   0 0  0 0  0 0  0 0
     2  -.9738974396771915E-04   1   1 0  0 0  0 0  0 0
     3  -.3017370012329594E-04   1   0 1  0 0  0 0  0 0
     4  0.7981796238118779       1   0 0  1 0  0 0  0 0
     5   1.241792756256734       1   0 0  0 1  0 0  0 0
     6  -.7169871655174147E-07   1   0 0  0 0  0 1  0 0
     7  -.7160222779806031E-07   1   0 0  0 0  0 0  1 0
     8  0.3823620434955845E-05   1   0 0  0 0  0 0  0 1
     9  0.1547168726039865E-05   2   2 0  0 0  0 0  0 0
    10  -.1344064409955255E-04   2   1 1  0 0  0 0  0 0
    11  -.2233285228150473E-05   2   0 2  0 0  0 0  0 0
    12  -.1769895797468018E-03   2   1 0  1 0  0 0  0 0
    13  0.1652526589731510E-03   2   0 1  1 0  0 0  0 0
    14  -.4683978683198372E-05   2   0 0  2 0  0 0  0 0
    15  0.1370547531217155E-03   2   1 0  0 1  0 0  0 0
    16  0.1044860224604145E-03   2   0 1  0 1  0 0  0 0
    17  0.8623762171795386E-05   2   0 0  1 1  0 0  0 0
    18  0.1123758364816082E-05   2   0 0  0 2  0 0  0 0
    19  0.1162396866590700E-06   2   1 0  0 0  0 1  0 0
    20  0.1510963659612715E-04   2   0 1  0 0  0 1  0 0
    21  -.2298557985904534E-01   2   0 0  1 0  0 1  0 0
    22  -.1251925043691827       2   0 0  0 1  0 1  0 0
    23  0.1160832567669776E-06   2   1 0  0 0  0 0  1 0
    24  0.1508930275928863E-04   2   0 1  0 0  0 0  1 0
    25  -.2295464694894428E-01   2   0 0  1 0  0 0  1 0
    26  -.1250240261969220       2   0 0  0 1  0 0  1 0
    27  -.9762206691114523E-04   2   1 0  0 0  0 0  0 1
    28  -.3019893935529182E-04   2   0 1  0 0  0 0  0 1
    29  0.8441198506198677       2   0 0  1 0  0 0  0 1
    30  0.2502165305661045       2   0 0  0 1  0 0  0 1
    31  0.5003866534890295E-07   2   0 0  0 0  0 2  0 0
    32  0.2843700609467703E-07   2   0 0  0 0  0 1  1 0
    33  0.4995219111348385E-07   2   0 0  0 0  0 0  2 0
    34  -.1285149574513621E-06   2   0 0  0 0  0 1  0 1
    35  -.1283420080783368E-06   2   0 0  0 0  0 0  1 1
    36  0.1284286913388893E-06   2   0 0  0 0  0 0  0 2
    37  0.5002899598882015E-04   3   3 0  0 0  0 0  0 0
    38  0.4894367095441079E-04   3   2 1  0 0  0 0  0 0
    39  0.1679254287201959E-04   3   1 2  0 0  0 0  0 0
    40  -.1305107117737736E-04   3   0 3  0 0  0 0  0 0
    41  -1.065022634352378       3   2 0  1 0  0 0  0 0
    42  -1.002427912780590       3   1 1  1 0  0 0  0 0
    43  0.2485007752325243       3   0 2  1 0  0 0  0 0
    44  -.1191077873205809E-03   3   1 0  2 0  0 0  0 0
    45  -.4262543678256567E-04   3   0 1  2 0  0 0  0 0
    46  -.5211618156469585       3   0 0  3 0  0 0  0 0
    47  -.1624543343742071       3   2 0  0 1  0 0  0 0
    48  -.3116580939299018       3   1 1  0 1  0 0  0 0
    49  0.1807593841886088       3   0 2  0 1  0 0  0 0
    50  -.7016778432395831E-04   3   1 0  1 1  0 0  0 0
    51  0.6960080881584898E-04   3   0 1  1 1  0 0  0 0
    52  -.6287717378019886       3   0 0  2 1  0 0  0 0
    53  -.1161680812106233E-04   3   1 0  0 2  0 0  0 0
    54  0.1010816997532406E-04   3   0 1  0 2  0 0  0 0
    55  -.6262189933026299       3   0 0  1 2  0 0  0 0
    56  -.2823015383680587E-01   3   0 0  0 3  0 0  0 0
    57  -.1009007630752779E-05   3   2 0  0 0  0 1  0 0
    58  0.7443266462989146E-05   3   1 1  0 0  0 1  0 0
    59  0.2414169728440100E-05   3   0 2  0 0  0 1  0 0
    60  0.9084701209080128E-04   3   1 0  1 0  0 1  0 0
    61  -.6740725789767525E-04   3   0 1  1 0  0 1  0 0
    62  0.3071687548188391E-05   3   0 0  2 0  0 1  0 0
    63  -.4149086425936844E-04   3   1 0  0 1  0 1  0 0
    64  -.9692094723795749E-04   3   0 1  0 1  0 1  0 0
    65  -.2223616817608341E-05   3   0 0  1 1  0 1  0 0
    66  -.6587167492367560E-06   3   0 0  0 2  0 1  0 0
    67  -.1007649755836175E-05   3   2 0  0 0  0 0  1 0
    68  0.7433249665772289E-05   3   1 1  0 0  0 0  1 0
    69  0.2410920852595458E-05   3   0 2  0 0  0 0  1 0
    70  0.9072475446340156E-04   3   1 0  1 0  0 0  1 0
    71  -.6731654438679194E-04   3   0 1  1 0  0 0  1 0
    72  0.3067553815849179E-05   3   0 0  2 0  0 0  1 0
    73  -.4143502780964459E-04   3   1 0  0 1  0 0  1 0
    74  -.9679051559489044E-04   3   0 1  0 1  0 0  1 0
    75  -.2220624378891847E-05   3   0 0  1 1  0 0  1 0
    76  -.6578302792799203E-06   3   0 0  0 2  0 0  1 0
    77  0.3563826112628780E-05   3   2 0  0 0  0 0  0 1
    78  -.1487651612876144E-04   3   1 1  0 0  0 0  0 1
    79  -.2591805352885083E-05   3   0 2  0 0  0 0  0 1
    80  -.3585613463010043E-03   3   1 0  1 0  0 0  0 1
    81  0.1347238022844668E-03   3   0 1  1 0  0 0  0 1
    82  -.1082322004723387E-04   3   0 0  2 0  0 0  0 1
    83  0.8292589206901304E-04   3   1 0  0 1  0 0  0 1
    84  0.8922544037243367E-04   3   0 1  0 1  0 0  0 1
    85  0.4444241196504491E-05   3   0 0  1 1  0 0  0 1
    86  0.1927886637018584E-06   3   0 0  0 2  0 0  0 1
    87  -.1145415652083788E-06   3   1 0  0 0  0 2  0 0
    88  -.1134245064007247E-04   3   0 1  0 0  0 2  0 0
    89  0.1746686449835702E-01   3   0 0  1 0  0 2  0 0
    90  0.9601094318221438E-01   3   0 0  0 1  0 2  0 0
    91  -.1142237049827784E-06   3   1 0  0 0  0 1  1 0
    92  -.7583834504109932E-05   3   0 1  0 0  0 1  1 0
    93  0.1196298496522354E-01   3   0 0  1 0  0 1  1 0
    94  0.6690771198309291E-01   3   0 0  0 1  0 1  1 0
    95  -.1143105621233001E-06   3   1 0  0 0  0 0  2 0
    96  -.1132208352102099E-04   3   0 1  0 0  0 0  2 0
    97  0.1743530880461312E-01   3   0 0  1 0  0 0  2 0
    98  0.9583671555695010E-01   3   0 0  0 1  0 0  2 0
    99  0.3457061762369633E-06   3   1 0  0 0  0 1  0 1
   100  0.1515461169354053E-04   3   0 1  0 0  0 1  0 1
   101  -.4689676118214404E-01   3   0 0  1 0  0 1  0 1
   102  -.1337371337813109       3   0 0  0 1  0 1  0 1
   103  0.3452409411576272E-06   3   1 0  0 0  0 0  1 1
   104  0.1513421733133553E-04   3   0 1  0 0  0 0  1 1
   105  -.4683364973111377E-01   3   0 0  1 0  0 0  1 1
   106  -.1335571566494817       3   0 0  0 1  0 0  1 1
   107  -.3471815671745921E-06   3   1 0  0 0  0 0  0 2
   108  -.4356798854767363E-07   3   0 1  0 0  0 0  0 2
   109  0.4686522877390656E-01   3   0 0  1 0  0 0  0 2
   110  0.8538893342076729E-02   3   0 0  0 1  0 0  0 2
   111  -.4129309053567796E-07   3   0 0  0 0  0 3  0 0
   112  -.2380786847998916E-07   3   0 0  0 0  0 2  1 0
   113  -.2384305251921474E-07   3   0 0  0 0  0 1  2 0
   114  -.4119373698149909E-07   3   0 0  0 0  0 0  3 0
   115  0.9764759416743844E-07   3   0 0  0 0  0 2  0 1
   116  0.6686307774914934E-07   3   0 0  0 0  0 1  1 1
   117  0.9747119408093327E-07   3   0 0  0 0  0 0  2 1
   118  -.6682136727033572E-07   3   0 0  0 0  0 1  0 2
   119  -.6673144222345162E-07   3   0 0  0 0  0 0  1 2
   120  0.1708039384962156E-08   3   0 0  0 0  0 0  0 3
   121  0.3740073203232350E-05   4   4 0  0 0  0 0  0 0
   122  -.1133306171893816E-05   4   3 1  0 0  0 0  0 0
   123  -.3416098319026537E-05   4   2 2  0 0  0 0  0 0
   124  0.1092854817749625E-05   4   1 3  0 0  0 0  0 0
   125  -.2832718545079651E-05   4   0 4  0 0  0 0  0 0
   126  0.6874029982772560E-09   4   3 0  1 0  0 0  0 0
   127  -.5464854717024801E-03   4   2 1  1 0  0 0  0 0
   128  -.2393006173971473E-03   4   1 2  1 0  0 0  0 0
   129  -.1278118769532571E-03   4   0 3  1 0  0 0  0 0
   130  0.2158377265114822E-05   4   2 0  2 0  0 0  0 0
   131  -.6119097537802329E-04   4   1 1  2 0  0 0  0 0
   132  -.1133340226970445E-04   4   0 2  2 0  0 0  0 0
   133  0.1762258330365898E-08   4   1 0  3 0  0 0  0 0
   134  -.2813741721603909E-08   4   0 1  3 0  0 0  0 0
   135  -.5743308979328922E-05   4   0 0  4 0  0 0  0 0
   136  -.2732454217366415E-03   4   3 0  0 1  0 0  0 0
   137  -.3774479775819816E-03   4   2 1  0 1  0 0  0 0
   138  0.6259577615909935E-04   4   1 2  0 1  0 0  0 0
   139  -.5892834542006634E-05   4   0 3  0 1  0 0  0 0
   140  -.2434994076998294E-04   4   2 0  1 1  0 0  0 0
   141  -.6583427271230981E-04   4   1 1  1 1  0 0  0 0
   142  0.1773792396638156E-04   4   0 2  1 1  0 0  0 0
   143  -.4011371199573825E-03   4   1 0  2 1  0 0  0 0
   144  -.5417989315476481E-04   4   0 1  2 1  0 0  0 0
   145  -.3766264429359170E-04   4   0 0  3 1  0 0  0 0
   146  0.3268004184062721E-05   4   2 0  0 2  0 0  0 0
   147  -.1730164787132199E-04   4   1 1  0 2  0 0  0 0
   148  -.3562992595053300E-06   4   0 2  0 2  0 0  0 0
   149  -.2309523630873970E-03   4   1 0  1 2  0 0  0 0
   150  -.1366509495434149E-03   4   0 1  1 2  0 0  0 0
   151  -.2833833521375271E-04   4   0 0  2 2  0 0  0 0
   152  -.3587498813940026E-04   4   1 0  0 3  0 0  0 0
   153  -.2540346035733189E-04   4   0 1  0 3  0 0  0 0
   154  0.3826222590623064E-06   4   0 0  1 3  0 0  0 0
   155  0.2213237395711040E-05   4   0 0  0 4  0 0  0 0
   156  -.2405575079114982E-04   4   3 0  0 0  0 1  0 0
   157  -.4938182448154664E-04   4   2 1  0 0  0 1  0 0
   158  -.2548402758777156E-04   4   1 2  0 0  0 1  0 0
   159  0.1853909201546710E-04   4   0 3  0 0  0 1  0 0
   160  0.4716315323021266       4   2 0  1 0  0 1  0 0
   161  0.9940658335297416       4   1 1  1 0  0 1  0 0
   162  -.1827622409992558       4   0 2  1 0  0 1  0 0
   163  0.4076159379394109E-04   4   1 0  2 0  0 1  0 0
   164  0.3980640800059465E-04   4   0 1  2 0  0 1  0 0
   165  0.3317923473369830       4   0 0  3 0  0 1  0 0
   166  0.1320888843505564       4   2 0  0 1  0 1  0 0
   167  0.4553241915731060       4   1 1  0 1  0 1  0 0
   168  -.2459154421329018       4   0 2  0 1  0 1  0 0
   169  0.5696656437158290E-04   4   1 0  1 1  0 1  0 0
   170  -.5823668595535891E-04   4   0 1  1 1  0 1  0 0
   171  0.6955666958926059       4   0 0  2 1  0 1  0 0
   172  0.1510568116666807E-04   4   1 0  0 2  0 1  0 0
   173  -.1314125846790009E-04   4   0 1  0 2  0 1  0 0
   174  0.7718835896233077       4   0 0  1 2  0 1  0 0
   175  0.5846147065390533E-01   4   0 0  0 3  0 1  0 0
   176  -.2402337769544353E-04   4   3 0  0 0  0 0  1 0
   177  -.4931536874944446E-04   4   2 1  0 0  0 0  1 0
   178  -.2544973238446448E-04   4   1 2  0 0  0 0  1 0
   179  0.1851414297914976E-04   4   0 3  0 0  0 0  1 0
   180  0.4709968328131817       4   2 0  1 0  0 0  1 0
   181  0.9927280665796814       4   1 1  1 0  0 0  1 0
   182  -.1825162881886072       4   0 2  1 0  0 0  1 0
   183  0.4070673876204391E-04   4   1 0  2 0  0 0  1 0
   184  0.3975283841272055E-04   4   0 1  2 0  0 0  1 0
   185  0.3313458368327529       4   0 0  3 0  0 0  1 0
   186  0.1319111253551319       4   2 0  0 1  0 0  1 0
   187  0.4547114377347740       4   1 1  0 1  0 0  1 0
   188  -.2455845007204723       4   0 2  0 1  0 0  1 0
   189  0.5688990145399736E-04   4   1 0  1 1  0 0  1 0
   190  -.5815831376799600E-04   4   0 1  1 1  0 0  1 0
   191  0.6946306350141658       4   0 0  2 1  0 0  1 0
   192  0.1508535265286257E-04   4   1 0  0 2  0 0  1 0
   193  -.1312357358158014E-04   4   0 1  0 2  0 0  1 0
   194  0.7708448250659695       4   0 0  1 2  0 0  1 0
   195  0.5838279596189302E-01   4   0 0  0 3  0 0  1 0
   196  0.9810812447541361E-04   4   3 0  0 0  0 0  0 1
   197  0.9869719323099126E-04   4   2 1  0 0  0 0  0 1
   198  0.3414121710021646E-04   4   1 2  0 0  0 0  0 1
   199  -.1095109263986221E-04   4   0 3  0 0  0 0  0 1
   200  -2.007650999467688       4   2 0  1 0  0 0  0 1
   201  -1.986793900109419       4   1 1  1 0  0 0  0 1
   202  0.1167777539553379       4   0 2  1 0  0 0  0 1
   203  -.2005761198765802E-03   4   1 0  2 0  0 0  0 1
   204  -.7955924641332338E-04   4   0 1  2 0  0 0  0 1
   205  -1.184299999816622       4   0 0  3 0  0 0  0 1
   206  -.2640000097056912       4   2 0  0 1  0 0  0 1
   207  -.5983775353779792       4   1 1  0 1  0 0  0 1
   208  0.1299811744761573       4   0 2  0 1  0 0  0 1
   209  -.1138564658255983E-03   4   1 0  1 1  0 0  0 1
   210  0.4679419090748752E-04   4   0 1  1 1  0 0  0 1
   211  -1.390197330906637       4   0 0  2 1  0 0  0 1
   212  -.1857422569847747E-04   4   1 0  0 2  0 0  0 1
   213  0.6048492098827169E-05   4   0 1  0 2  0 0  0 1
   214  -.9165094213865073       4   0 0  1 2  0 0  0 1
   215  -.6038395894215785E-01   4   0 0  0 3  0 0  0 1
   216  0.1200523305173973E-05   4   2 0  0 0  0 2  0 0
   217  0.4948634394844615E-06   4   1 1  0 0  0 2  0 0
   218  -.5556118224345957E-05   4   0 2  0 0  0 2  0 0
   219  0.1156678812144208E-03   4   1 0  1 0  0 2  0 0
   220  -.1144135702073555E-03   4   0 1  1 0  0 2  0 0
   221  0.6649794540656805E-05   4   0 0  2 0  0 2  0 0
   222  0.1225799353507421E-03   4   1 0  0 1  0 2  0 0
   223  -.2401107929038713E-04   4   0 1  0 1  0 2  0 0
   224  0.2348866129687135E-04   4   0 0  1 1  0 2  0 0
   225  0.5541749658202310E-05   4   0 0  0 2  0 2  0 0
   226  0.5142393621588123E-06   4   2 0  0 0  0 1  1 0
   227  0.2793635262072199E-05   4   1 1  0 0  0 1  1 0
   228  -.6100665967946685E-05   4   0 2  0 0  0 1  1 0
   229  0.1395199332389624E-03   4   1 0  1 0  0 1  1 0
   230  -.1356293709637075E-03   4   0 1  1 0  0 1  1 0
   231  0.7217845690999545E-05   4   0 0  2 0  0 1  1 0
   232  0.1144102162241402E-03   4   1 0  0 1  0 1  1 0
   233  -.4505429597904418E-04   4   0 1  0 1  0 1  1 0
   234  0.2333698757837696E-04   4   0 0  1 1  0 1  1 0
   235  0.5866260363753840E-05   4   0 0  0 2  0 1  1 0
   236  0.1198561677939414E-05   4   2 0  0 0  0 0  2 0
   237  0.4923177042515908E-06   4   1 1  0 0  0 0  2 0
   238  -.5544536067917784E-05   4   0 2  0 0  0 0  2 0
   239  0.1154183411557179E-03   4   1 0  1 0  0 0  2 0
   240  -.1141683360089698E-03   4   0 1  1 0  0 0  2 0
   241  0.6635988842274532E-05   4   0 0  2 0  0 0  2 0
   242  0.1223379891122252E-03   4   1 0  0 1  0 0  2 0
   243  -.2394845033738432E-04   4   0 1  0 1  0 0  2 0
   244  0.2344134845445528E-04   4   0 0  1 1  0 0  2 0
   245  0.5530344564320866E-05   4   0 0  0 2  0 0  2 0
   246  -.2979025679258193E-05   4   2 0  0 0  0 1  0 1
   247  -.1898250064008718E-05   4   1 1  0 0  0 1  0 1
   248  0.4336894861892773E-05   4   0 2  0 0  0 1  0 1
   249  -.1854276442835633E-03   4   1 0  1 0  0 1  0 1
   250  0.8865776008915895E-04   4   0 1  1 0  0 1  0 1
   251  -.1335598716789216E-04   4   0 0  2 0  0 1  0 1
   252  -.1638185397632505E-03   4   1 0  0 1  0 1  0 1
   253  -.1855507715139776E-05   4   0 1  0 1  0 1  0 1
   254  -.3008788908221072E-04   4   0 0  1 1  0 1  0 1
   255  -.6225591141945532E-05   4   0 0  0 2  0 1  0 1
   256  -.2975016646895666E-05   4   2 0  0 0  0 0  1 1
   257  -.1895695488533999E-05   4   1 1  0 0  0 0  1 1
   258  0.4331058473178421E-05   4   0 2  0 0  0 0  1 1
   259  -.1851781044987885E-03   4   1 0  1 0  0 0  1 1
   260  0.8853844865392641E-04   4   0 1  1 0  0 0  1 1
   261  -.1333801330980749E-04   4   0 0  2 0  0 0  1 1
   262  -.1635980804929376E-03   4   1 0  0 1  0 0  1 1
   263  -.1853010660303827E-05   4   0 1  0 1  0 0  1 1
   264  -.3004739821907701E-04   4   0 0  1 1  0 0  1 1
   265  -.6217213034788639E-05   4   0 0  0 2  0 0  1 1
   266  0.3040718193631576E-05   4   2 0  0 0  0 0  0 2
   267  0.2699799696270218E-05   4   1 1  0 0  0 0  0 2
   268  0.4500864937511029E-06   4   0 2  0 0  0 0  0 2
   269  -.4068266654917464E-09   4   1 0  1 0  0 0  0 2
   270  -.1115693101878496E-09   4   0 1  1 0  0 0  0 2
   271  0.6190371104091991E-05   4   0 0  2 0  0 0  0 2
   272  0.1202379656266084E-04   4   1 0  0 1  0 0  0 2
   273  0.1623886766188945E-05   4   0 1  0 1  0 0  0 2
   274  0.5079669283973460E-05   4   0 0  1 1  0 0  0 2
   275  0.7410488778861609E-06   4   0 0  0 2  0 0  0 2
   276  0.1157495369513836E-06   4   1 0  0 0  0 3  0 0
   277  0.9459499508012744E-05   4   0 1  0 0  0 3  0 0
   278  -.1471059054158221E-01   4   0 0  1 0  0 3  0 0
   279  -.8144447511365580E-01   4   0 0  0 1  0 3  0 0
   280  0.1169629265056161E-06   4   1 0  0 0  0 2  1 0
   281  0.5697608626806023E-05   4   0 1  0 0  0 2  1 0
   282  -.9201739994670484E-02   4   0 0  1 0  0 2  1 0
   283  -.5233116915094559E-01   4   0 0  0 1  0 2  1 0
   284  0.1169601626736397E-06   4   1 0  0 0  0 1  2 0
   285  0.5705176792538649E-05   4   0 1  0 0  0 1  2 0
   286  -.9212820359395168E-02   4   0 0  1 0  0 1  2 0
   287  -.5238971687347738E-01   4   0 0  0 1  0 1  2 0
   288  0.1154372859948078E-06   4   1 0  0 0  0 0  3 0
   289  0.9436575669342886E-05   4   0 1  0 0  0 0  3 0
   290  -.1467471202871030E-01   4   0 0  1 0  0 0  3 0
   291  -.8124490398513327E-01   4   0 0  0 1  0 0  3 0
   292  -.3474547420414551E-06   4   1 0  0 0  0 2  0 1
   293  -.1139550111340667E-04   4   0 1  0 0  0 2  0 1
   294  0.3586660013307030E-01   4   0 0  1 0  0 2  0 1
   295  0.1046426716820992       4   0 0  0 1  0 2  0 1
   296  -.3491979754713905E-06   4   1 0  0 0  0 1  1 1
   297  -.7646480755214505E-05   4   0 1  0 0  0 1  1 1
   298  0.2486604189338542E-01   4   0 0  1 0  0 1  1 1
   299  0.7562627528997784E-01   4   0 0  0 1  0 1  1 1
   300  -.3467521867286904E-06   4   1 0  0 0  0 0  2 1
   301  -.1137502044834180E-04   4   0 1  0 0  0 0  2 1
   302  0.3580160077929870E-01   4   0 0  1 0  0 0  2 1
   303  0.1044509613676137       4   0 0  0 1  0 0  2 1
   304  0.3476770844473138E-06   4   1 0  0 0  0 1  0 2
   305  0.6545697756973358E-07   4   0 1  0 0  0 1  0 2
   306  -.2485121741954252E-01   4   0 0  1 0  0 1  0 2
   307  -.8718663845326886E-02   4   0 0  0 1  0 1  0 2
   308  0.3472091970126653E-06   4   1 0  0 0  0 0  1 2
   309  0.6536888865422268E-07   4   0 1  0 0  0 0  1 2
   310  -.2481777382233892E-01   4   0 0  1 0  0 0  1 2
   311  -.8706930678420660E-02   4   0 0  0 1  0 0  1 2
   312  -.1159015714304601E-06   4   1 0  0 0  0 0  0 3
   313  -.1456329637452180E-07   4   0 1  0 0  0 0  0 3
   314  0.9345874893246127E-03   4   0 0  1 0  0 0  0 3
   315  0.1159359465311106E-03   4   0 0  0 1  0 0  0 3
   316  -.5896682680265938E-06   4   0 0  0 0  0 4  0 0
   317  -.3527475201378977E-06   4   0 0  0 0  0 3  1 0
   318  -.3208165368970561E-06   4   0 0  0 0  0 2  2 0
   319  -.3534257096437287E-06   4   0 0  0 0  0 1  3 0
   320  -.5878448164637179E-06   4   0 0  0 0  0 0  4 0
   321  0.6935340894978268E-06   4   0 0  0 0  0 3  0 1
   322  0.4438602403696988E-06   4   0 0  0 0  0 2  1 1
   323  0.4443623552806366E-06   4   0 0  0 0  0 1  2 1
   324  0.6918358409343631E-06   4   0 0  0 0  0 0  3 1
   325  -.2158780913113678E-07   4   0 0  0 0  0 2  0 2
   326  -.2579940798585959E-07   4   0 0  0 0  0 1  1 2
   327  -.2154139746131545E-07   4   0 0  0 0  0 0  2 2
   328  -.8070506983017594E-10   4   0 0  0 0  0 1  0 3
   329  -.8059646075069692E-10   4   0 0  0 0  0 0  1 3
   ----------------------------------------------------
     I  COEFFICIENT            ORDER EXPONENTS
     1  0.5368714454207798E-08   0   0 0  0 0  0 0  0 0
     2  -.2412166506885900E-05   1   1 0  0 0  0 0  0 0
     3  0.2949095352322953E-05   1   0 1  0 0  0 0  0 0
     4  -.3374833319773166E-06   1   0 0  1 0  0 0  0 0
     5  -.6144269466416776E-06   1   0 0  0 1  0 0  0 0
     6   1.000000000000000       1   0 0  0 0  1 0  0 0
     7  0.1649722364312884       1   0 0  0 0  0 1  0 0
     8  -.1649722363410877       1   0 0  0 0  0 0  1 0
     9  -.9020176292922405E-10   1   0 0  0 0  0 0  0 1
    10  -.3554740882451717E-01   2   2 0  0 0  0 0  0 0
    11  0.1074214797695455       2   1 1  0 0  0 0  0 0
    12  -.1352223666762655       2   0 2  0 0  0 0  0 0
    13  0.8576772886252545E-06   2   1 0  1 0  0 0  0 0
    14  0.1727436842688365E-04   2   0 1  1 0  0 0  0 0
    15  -.4218843275848345E-01   2   0 0  2 0  0 0  0 0
    16  0.1727444440969009E-04   2   1 0  0 1  0 0  0 0
    17  0.8746266857093373E-05   2   0 1  0 1  0 0  0 0
    18  -.1600694295550601       2   0 0  1 1  0 0  0 0
    19  -.2029402608760603       2   0 0  0 2  0 0  0 0
    20  0.3553116855626411E-05   2   1 0  0 0  0 1  0 0
    21  -.4074702431911180E-05   2   0 1  0 0  0 1  0 0
    22  0.5275007121016187E-06   2   0 0  1 0  0 1  0 0
    23  0.9806195779795040E-06   2   0 0  0 1  0 1  0 0
    24  0.1142655071529311E-05   2   1 0  0 0  0 0  1 0
    25  -.1128052365359637E-05   2   0 1  0 0  0 0  1 0
    26  0.1902152630519573E-06   2   0 0  1 0  0 0  1 0
    27  0.3665258737750482E-06   2   0 0  0 1  0 0  1 0
    28  -.4695766930908643E-05   2   1 0  0 0  0 0  0 1
    29  0.2253645896457285E-05   2   0 1  0 0  0 0  0 1
    30  -.7177161406280637E-06   2   0 0  1 0  0 0  0 1
    31  -.7327196686511304E-06   2   0 0  0 1  0 0  0 1
    32  -.1238124878625383       2   0 0  0 0  0 2  0 0
    33  0.8265273915942845E-01   2   0 0  0 0  0 1  1 0
    34  0.4115974856871968E-01   2   0 0  0 0  0 0  2 0
    35  0.1343563503318267E-09   2   0 0  0 0  0 1  0 1
    36  0.4421639216132037E-10   2   0 0  0 0  0 0  1 1
    37  -.4418560350879588E-10   2   0 0  0 0  0 0  0 2
    38  0.1005362726237059E-04   3   3 0  0 0  0 0  0 0
    39  -.6034507094572050E-04   3   2 1  0 0  0 0  0 0
    40  -.2614953308545078E-05   3   1 2  0 0  0 0  0 0
    41  0.8109317949153554E-05   3   0 3  0 0  0 0  0 0
    42  -.2474665583211601E-05   3   2 0  1 0  0 0  0 0
    43  -.6187739503255324E-05   3   1 1  1 0  0 0  0 0
    44  0.1372156162239878E-05   3   0 2  1 0  0 0  0 0
    45  0.2542422469741206E-05   3   1 0  2 0  0 0  0 0
    46  0.2668371473384546E-04   3   0 1  2 0  0 0  0 0
    47  -.2797569663702227E-06   3   0 0  3 0  0 0  0 0
    48  -.5089626549905885E-05   3   2 0  0 1  0 0  0 0
    49  0.5097131820907792E-06   3   1 1  0 1  0 0  0 0
    50  0.1225374012562820E-06   3   0 2  0 1  0 0  0 0
    51  0.9174918432878046E-04   3   1 0  1 1  0 0  0 0
    52  -.1485549828737501E-04   3   0 1  1 1  0 0  0 0
    53  -.1177613640643764E-05   3   0 0  2 1  0 0  0 0
    54  -.2616730416103107E-04   3   1 0  0 2  0 0  0 0
    55  -.1045151395355812E-04   3   0 1  0 2  0 0  0 0
    56  -.5946198469659084E-05   3   0 0  1 2  0 0  0 0
    57  -.2195829939574549E-05   3   0 0  0 3  0 0  0 0
    58  0.5177347957651027E-01   3   2 0  0 0  0 1  0 0
    59  -.1494442248255236       3   1 1  0 0  0 1  0 0
    60  0.1894646834389234       3   0 2  0 0  0 1  0 0
    61  -.1716688974008055E-05   3   1 0  1 0  0 1  0 0
    62  -.2610901934789690E-04   3   0 1  1 0  0 1  0 0
    63  0.6506133672227084E-01   3   0 0  2 0  0 1  0 0
    64  -.2610697742944489E-04   3   1 0  0 1  0 1  0 0
    65  -.1754058257904455E-04   3   0 1  0 1  0 1  0 0
    66  0.2548338333760691       3   0 0  1 1  0 1  0 0
    67  0.3252292955443400       3   0 0  0 2  0 1  0 0
    68  0.1625200349641377E-01   3   2 0  0 0  0 0  1 0
    69  -.4211058168604989E-01   3   1 1  0 0  0 0  1 0
    70  0.5435106893598259E-01   3   0 2  0 0  0 0  1 0
    71  -.8587679535571660E-06   3   1 0  1 0  0 0  1 0
    72  -.8845627944974075E-05   3   0 1  1 0  0 0  1 0
    73  0.2289881149891646E-01   3   0 0  2 0  0 0  1 0
    74  -.8844303822823469E-05   3   1 0  0 1  0 0  1 0
    75  -.8792028555960478E-05   3   0 1  0 1  0 0  1 0
    76  0.9485200098770249E-01   3   0 0  1 1  0 0  1 0
    77  0.1223972132077762       3   0 0  0 2  0 0  1 0
    78  -.6802547398298486E-01   3   2 0  0 0  0 0  0 1
    79  0.8413338774711626E-01   3   1 1  0 0  0 0  0 1
    80  0.2662890651197444E-01   3   0 2  0 0  0 0  0 1
    81  0.2575095681754607E-05   3   1 0  1 0  0 0  0 1
    82  0.1767895929343643E-04   3   0 1  1 0  0 0  0 1
    83  -.8796012827183619E-01   3   0 0  2 0  0 0  0 1
    84  0.1767818368021991E-04   3   1 0  0 1  0 0  0 1
    85  0.8831255691655243E-05   3   0 1  0 1  0 0  0 1
    86  -.1896164154280693       3   0 0  1 1  0 0  0 1
    87  -.4174602449800713E-01   3   0 0  0 2  0 0  0 1
    88  -.4377784259323902E-05   3   1 0  0 0  0 2  0 0
    89  0.4750950158893721E-05   3   0 1  0 0  0 2  0 0
    90  -.6741351965219862E-06   3   0 0  1 0  0 2  0 0
    91  -.1284808244192155E-05   3   0 0  0 1  0 2  0 0
    92  -.1650195752850499E-05   3   1 0  0 0  0 1  1 0
    93  0.1353721500960448E-05   3   0 1  0 0  0 1  1 0
    94  -.2933861726951330E-06   3   0 0  1 0  0 1  1 0
    95  -.6085443269263813E-06   3   0 0  0 1  0 1  1 0
    96  -.8263740065643583E-06   3   1 0  0 0  0 0  2 0
    97  0.6786870041955414E-06   3   0 1  0 0  0 0  2 0
    98  -.1468499310856629E-06   3   0 0  1 0  0 0  2 0
    99  -.3045212638729312E-06   3   0 0  0 1  0 0  2 0
   100  0.6852662798911547E-05   3   1 0  0 0  0 1  0 1
   101  -.2706257538133059E-05   3   0 1  0 0  0 1  0 1
   102  0.1114155463385949E-05   3   0 0  1 0  0 1  0 1
   103  0.1216918478352841E-05   3   0 0  0 1  0 1  0 1
   104  0.2160304056754044E-05   3   1 0  0 0  0 0  1 1
   105  -.4550313072289084E-06   3   0 1  0 0  0 0  1 1
   106  0.3968703821376656E-06   3   0 0  1 0  0 0  1 1
   107  0.4845319303687505E-06   3   0 0  0 1  0 0  1 1
   108  -.2158602248800541E-05   3   1 0  0 0  0 0  0 2
   109  -.6730031068664816E-06   3   0 1  0 0  0 0  0 2
   110  -.3966548482164127E-06   3   0 0  1 0  0 0  0 2
   111  -.1180055934889066E-06   3   0 0  0 1  0 0  0 2
   112  0.1031909934445097       3   0 0  0 0  0 3  0 0
   113  -.6194804396154741E-01   3   0 0  0 0  0 2  1 0
   114  -.2070470250589530E-01   3   0 0  0 0  0 1  2 0
   115  -.2053826731708348E-01   3   0 0  0 0  0 0  3 0
   116  -.9233565584768720E-09   3   0 0  0 0  0 2  0 1
   117  -.5953129753725069E-09   3   0 0  0 0  0 1  1 1
   118  -.2976760979127472E-09   3   0 0  0 0  0 0  2 1
   119  0.6874253889322825E-10   3   0 0  0 0  0 1  0 2
   120  0.2239071329240099E-10   3   0 0  0 0  0 0  1 2
   121  0.1290260064901491E-11   3   0 0  0 0  0 0  0 3
   122  -.5592148038781700E-01   4   4 0  0 0  0 0  0 0
   123  -.6810465796471543E-01   4   3 1  0 0  0 0  0 0
   124  0.1169517374159682E-01   4   2 2  0 0  0 0  0 0
   125  0.1401074302313437       4   1 3  0 0  0 0  0 0
   126  -.6903261748405769E-01   4   0 4  0 0  0 0  0 0
   127  0.2653508037589916E-04   4   3 0  1 0  0 0  0 0
   128  0.5542965147267149E-05   4   2 1  1 0  0 0  0 0
   129  -.2469628229464400E-04   4   1 2  1 0  0 0  0 0
   130  0.1850060818429133E-04   4   0 3  1 0  0 0  0 0
   131  -.3172915530679700       4   2 0  2 0  0 0  0 0
   132  -.3671050421024707E-01   4   1 1  2 0  0 0  0 0
   133  0.1043375789010946       4   0 2  2 0  0 0  0 0
   134  -.2343557234066038E-04   4   1 0  3 0  0 0  0 0
   135  0.1404268406367595E-04   4   0 1  3 0  0 0  0 0
   136  -.6793200701522407E-01   4   0 0  4 0  0 0  0 0
   137  0.9603920018038911E-05   4   3 0  0 1  0 0  0 0
   138  0.2812488582910284E-04   4   2 1  0 1  0 0  0 0
   139  0.1802393881781282E-04   4   1 2  0 1  0 0  0 0
   140  0.1463106881813943E-04   4   0 3  0 1  0 0  0 0
   141  -.2168021485916802       4   2 0  1 1  0 0  0 0
   142  0.1970828992704499       4   1 1  1 1  0 0  0 0
   143  -.1463704834923251       4   0 2  1 1  0 0  0 0
   144  0.1886040462930538E-04   4   1 0  2 1  0 0  0 0
   145  0.9747032209367355E-04   4   0 1  2 1  0 0  0 0
   146  -.2541396100972431       4   0 0  3 1  0 0  0 0
   147  -.3046510295840282       4   2 0  0 2  0 0  0 0
   148  0.1437662573013118       4   1 1  0 2  0 0  0 0
   149  -.2513255703149249       4   0 2  0 2  0 0  0 0
   150  0.4463929723295681E-04   4   1 0  1 2  0 0  0 0
   151  0.7140581738913428E-04   4   0 1  1 2  0 0  0 0
   152  -.5517287754985857       4   0 0  2 2  0 0  0 0
   153  0.3629038842565639E-04   4   1 0  0 3  0 0  0 0
   154  0.2429848742910913E-04   4   0 1  0 3  0 0  0 0
   155  -.4182056586734653       4   0 0  1 3  0 0  0 0
   156  -.2197115080306057       4   0 0  0 4  0 0  0 0
   157  -.5012447506110319E-04   4   3 0  0 0  0 1  0 0
   158  0.1248651140557595E-03   4   2 1  0 0  0 1  0 0
   159  0.2040212473110160E-03   4   1 2  0 0  0 1  0 0
   160  -.1201472254883309E-03   4   0 3  0 0  0 1  0 0
   161  -.1771139997023243E-05   4   2 0  1 0  0 1  0 0
   162  0.5375308626728378E-05   4   1 1  1 0  0 1  0 0
   163  -.4921885069059514E-05   4   0 2  1 0  0 1  0 0
   164  -.7899387667690733E-04   4   1 0  2 0  0 1  0 0
   165  0.1068722431370467E-03   4   0 1  2 0  0 1  0 0
   166  -.8215936696759452E-05   4   0 0  3 0  0 1  0 0
   167  -.6395490580755390E-05   4   2 0  0 1  0 1  0 0
   168  -.1377200448081810E-05   4   1 1  0 1  0 1  0 0
   169  -.1121030923965089E-04   4   0 2  0 1  0 1  0 0
   170  -.1689618815563620E-03   4   1 0  1 1  0 1  0 0
   171  -.3623148287846132E-04   4   0 1  1 1  0 1  0 0
   172  -.2822699491974468E-04   4   0 0  2 1  0 1  0 0
   173  0.8952024504670593E-04   4   1 0  0 2  0 1  0 0
   174  -.1517054948510407E-03   4   0 1  0 2  0 1  0 0
   175  -.1871403409905812E-04   4   0 0  1 2  0 1  0 0
   176  -.1255892531301931E-04   4   0 0  0 3  0 1  0 0
   177  -.1910616077331841E-04   4   3 0  0 0  0 0  1 0
   178  0.3722655979180441E-04   4   2 1  0 0  0 0  1 0
   179  0.1166691864502810E-03   4   1 2  0 0  0 0  1 0
   180  -.6951987614680446E-04   4   0 3  0 0  0 0  1 0
   181  -.9395721211662618E-06   4   2 0  1 0  0 0  1 0
   182  0.1104033753236064E-05   4   1 1  1 0  0 0  1 0
   183  -.2730080165793704E-05   4   0 2  1 0  0 0  1 0
   184  -.4127974783507044E-04   4   1 0  2 0  0 0  1 0
   185  0.5974042386338770E-04   4   0 1  2 0  0 0  1 0
   186  -.4270016080205603E-05   4   0 0  3 0  0 0  1 0
   187  -.3972043586581091E-05   4   2 0  0 1  0 0  1 0
   188  -.3925416644788070E-06   4   1 1  0 1  0 0  1 0
   189  -.6740035211810787E-05   4   0 2  0 1  0 0  1 0
   190  -.6142463828133152E-04   4   1 0  1 1  0 0  1 0
   191  -.2975140105588872E-04   4   0 1  1 1  0 0  1 0
   192  -.1475604746418899E-04   4   0 0  2 1  0 0  1 0
   193  0.4934617606912686E-04   4   1 0  0 2  0 0  1 0
   194  -.9156525478607139E-04   4   0 1  0 2  0 0  1 0
   195  -.1135037686699942E-04   4   0 0  1 2  0 0  1 0
   196  -.7619659481847020E-05   4   0 0  0 3  0 0  1 0
   197  0.4789691646661200E-04   4   3 0  0 0  0 0  0 1
   198  -.3941458594099716E-04   4   2 1  0 0  0 0  0 1
   199  -.6856990722377230E-04   4   1 2  0 0  0 0  0 1
   200  -.1573024694854823E-04   4   0 3  0 0  0 0  0 1
   201  0.5691573993526881E-06   4   2 0  1 0  0 0  0 1
   202  -.2332902628594644E-05   4   1 1  1 0  0 0  0 1
   203  0.2199219829472731E-05   4   0 2  1 0  0 0  0 1
   204  0.8336024577945475E-04   4   1 0  2 0  0 0  0 1
   205  -.4161755136551002E-04   4   0 1  2 0  0 0  0 1
   206  0.8989696369728052E-05   4   0 0  3 0  0 0  0 1
   207  0.1312034518518830E-05   4   2 0  0 1  0 0  0 1
   208  0.1860253357649452E-05   4   1 1  0 1  0 0  0 1
   209  0.4803698785229142E-06   4   0 2  0 1  0 0  0 1
   210  0.1151452250335514E-03   4   1 0  1 1  0 0  0 1
   211  0.1361298142381104E-04   4   0 1  1 1  0 0  0 1
   212  0.1821024244379808E-04   4   0 0  2 1  0 0  0 1
   213  -.4384975131149359E-04   4   1 0  0 2  0 0  0 1
   214  -.6632427639932822E-05   4   0 1  0 2  0 0  0 1
   215  0.7879340041581012E-05   4   0 0  1 2  0 0  0 1
   216  0.6070488494902255E-06   4   0 0  0 3  0 0  0 1
   217  -.6320893778441573E-01   4   2 0  0 0  0 2  0 0
   218  0.1755076625979272       4   1 1  0 0  0 2  0 0
   219  -.2243292706842117       4   0 2  0 0  0 2  0 0
   220  0.2576296074999262E-05   4   1 0  1 0  0 2  0 0
   221  0.3288644582943724E-04   4   0 1  1 0  0 2  0 0
   222  -.8314938758126232E-01   4   0 0  2 0  0 2  0 0
   223  0.3288678484401886E-04   4   1 0  0 1  0 2  0 0
   224  0.2636803914024913E-04   4   0 1  0 1  0 2  0 0
   225  -.3337324601430712       4   0 0  1 1  0 2  0 0
   226  -.4284693773198134       4   0 0  0 2  0 2  0 0
   227  -.2288388897330563E-01   4   2 0  0 0  0 1  1 0
   228  0.5217002368110679E-01   4   1 1  0 0  0 1  1 0
   229  -.6978158573741303E-01   4   0 2  0 0  0 1  1 0
   230  0.1719030098080293E-05   4   1 0  1 0  0 1  1 0
   231  0.1356131801439885E-04   4   0 1  1 0  0 1  1 0
   232  -.3618907476565234E-01   4   0 0  2 0  0 1  1 0
   233  0.1356381738372255E-04   4   1 0  0 1  0 1  1 0
   234  0.1765896978526798E-04   4   0 1  0 1  0 1  1 0
   235  -.1578401965312967       4   0 0  1 1  0 1  1 0
   236  -.2065317107022612       4   0 0  0 2  0 1  1 0
   237  -.1146132214625898E-01   4   2 0  0 0  0 0  2 0
   238  0.2615029322231986E-01   4   1 1  0 0  0 0  2 0
   239  -.3497110318933745E-01   4   0 2  0 0  0 0  2 0
   240  0.8597822013648308E-06   4   1 0  1 0  0 0  2 0
   241  0.6789104448808018E-05   4   0 1  1 0  0 0  2 0
   242  -.1811388271635633E-01   4   0 0  2 0  0 0  2 0
   243  0.6790543137299517E-05   4   1 0  0 1  0 0  2 0
   244  0.8829497715610076E-05   4   0 1  0 1  0 0  2 0
   245  -.7898504017135215E-01   4   0 0  1 1  0 0  2 0
   246  -.1033453167675372       4   0 0  0 2  0 0  2 0
   247  0.9752830232440260E-01   4   2 0  0 0  0 1  0 1
   248  -.1042967729182914       4   1 1  0 0  0 1  0 1
   249  -.4995407458112396E-01   4   0 2  0 0  0 1  0 1
   250  -.5154498082520966E-05   4   1 0  1 0  0 1  0 1
   251  -.2711927265409632E-04   4   0 1  1 0  0 1  0 1
   252  0.1374265629233692       4   0 0  2 0  0 1  0 1
   253  -.2711930192702836E-04   4   1 0  0 1  0 1  0 1
   254  -.1779009195415055E-04   4   0 1  0 1  0 1  0 1
   255  0.3156374553279246       4   0 0  1 1  0 1  0 1
   256  0.8778251874117861E-01   4   0 0  0 2  0 1  0 1
   257  0.2955454710482403E-01   4   2 0  0 0  0 0  1 1
   258  -.2024932061600184E-01   4   1 1  0 0  0 0  1 1
   259  -.2332956585834392E-01   4   0 2  0 0  0 0  1 1
   260  -.2579391941357576E-05   4   1 0  1 0  0 0  1 1
   261  -.9451368524588810E-05   4   0 1  1 0  0 0  1 1
   262  0.4951807835000036E-01   4   0 0  2 0  0 0  1 1
   263  -.9452171285180474E-05   4   1 0  0 1  0 0  1 1
   264  -.8958648576723067E-05   4   0 1  0 1  0 0  1 1
   265  0.1261062801541315       4   0 0  1 1  0 0  1 1
   266  0.4603064472702006E-01   4   0 0  0 2  0 0  1 1
   267  -.2952868994611660E-01   4   2 0  0 0  0 0  0 2
   268  -.2186036060229563E-01   4   1 1  0 0  0 0  0 2
   269  -.3301547215159747E-02   4   0 2  0 0  0 0  0 2
   270  0.2578916305365405E-05   4   1 0  1 0  0 0  0 2
   271  0.6067788068713073E-06   4   0 1  1 0  0 0  0 2
   272  -.4949227171108893E-01   4   0 0  2 0  0 0  0 2
   273  0.6066457661227518E-06   4   1 0  0 1  0 0  0 2
   274  0.1273466330822107E-06   4   0 1  0 1  0 0  0 2
   275  -.3125546129867136E-01   4   0 0  1 1  0 0  0 2
   276  -.4287548610664047E-02   4   0 0  0 2  0 0  0 2
   277  0.3881651367810151E-04   4   1 0  0 0  0 3  0 0
   278  -.9048929827264167E-04   4   0 1  0 0  0 3  0 0
   279  -.1778755254155407E-05   4   0 0  1 0  0 3  0 0
   280  -.5639307444763131E-05   4   0 0  0 1  0 3  0 0
   281  0.1536210437537678E-04   4   1 0  0 0  0 2  1 0
   282  -.3523738007729001E-04   4   0 1  0 0  0 2  1 0
   283  -.7884185074468703E-06   4   0 0  1 0  0 2  1 0
   284  -.2444293175060277E-05   4   0 0  0 1  0 2  1 0
   285  0.9021086481487613E-05   4   1 0  0 0  0 1  2 0
   286  -.2060429648114646E-04   4   0 1  0 0  0 1  2 0
   287  -.4778267911265213E-06   4   0 0  1 0  0 1  2 0
   288  -.1470333737670099E-05   4   0 0  0 1  0 1  2 0
   289  0.5133819142739720E-05   4   1 0  0 0  0 0  3 0
   290  -.1177691780784394E-04   4   0 1  0 0  0 0  3 0
   291  -.2633260096547713E-06   4   0 0  1 0  0 0  3 0
   292  -.8164672793445302E-06   4   0 0  0 1  0 0  3 0
   293  -.3524463486186696E-04   4   1 0  0 0  0 2  0 1
   294  -.7172104388616158E-05   4   0 1  0 0  0 2  0 1
   295  0.1010303821076517E-05   4   0 0  1 0  0 2  0 1
   296  -.6455982871974568E-06   4   0 0  0 1  0 2  0 1
   297  -.1239761057070322E-04   4   1 0  0 0  0 1  1 1
   298  -.5492281580816351E-05   4   0 1  0 0  0 1  1 1
   299  0.4186262971737452E-06   4   0 0  1 0  0 1  1 1
   300  -.3355320169330913E-06   4   0 0  0 1  0 1  1 1
   301  -.6209975579303535E-05   4   1 0  0 0  0 0  2 1
   302  -.2745416791621242E-05   4   0 1  0 0  0 0  2 1
   303  0.2095695317294233E-06   4   0 0  1 0  0 0  2 1
   304  -.1678611666329327E-06   4   0 0  0 1  0 0  2 1
   305  0.1411923701365980E-05   4   1 0  0 0  0 1  0 2
   306  0.1099888598951359E-05   4   0 1  0 0  0 1  0 2
   307  0.4520038256257281E-06   4   0 0  1 0  0 1  0 2
   308  0.2139555273730057E-06   4   0 0  0 1  0 1  0 2
   309  0.4584848541320137E-07   4   1 0  0 0  0 0  1 2
   310  0.5248030130064585E-06   4   0 1  0 0  0 0  1 2
   311  0.1611792380809235E-06   4   0 0  1 0  0 0  1 2
   312  0.1139667447762641E-06   4   0 0  0 1  0 0  1 2
   313  0.1373596564922650E-06   4   1 0  0 0  0 0  0 3
   314  0.2981399385960242E-07   4   0 1  0 0  0 0  0 3
   315  -.2580111519745248E-07   4   0 0  1 0  0 0  0 3
   316  -.5956263431867260E-08   4   0 0  0 1  0 0  0 3
   317  -.9029734959191683E-01   4   0 0  0 0  0 4  0 0
   318  0.5161636449233648E-01   4   0 0  0 0  0 3  1 0
   319  0.1549748820519236E-01   4   0 0  0 0  0 2  2 0
   320  0.1037303380160772E-01   4   0 0  0 0  0 1  3 0
   321  0.1281043690351489E-01   4   0 0  0 0  0 0  4 0
   322  0.1066756927159716E-09   4   0 0  0 0  0 3  0 1
   323  -.7728779185883919E-09   4   0 0  0 0  0 2  1 1
   324  -.5439268107080321E-09   4   0 0  0 0  0 1  2 1
   325  -.2885089201802639E-09   4   0 0  0 0  0 0  3 1
   326  -.7485862062584893E-10   4   0 0  0 0  0 2  0 2
   327  -.1985173628276823E-10   4   0 0  0 0  0 1  1 2
   328  -.7285723390062480E-11   4   0 0  0 0  0 0  2 2
   329  -.2378753979049736E-11   4   0 0  0 0  0 1  0 3
   330  -.1088683024042808E-11   4   0 0  0 0  0 0  1 3
   331  0.1114860400005127E-14   4   0 0  0 0  0 0  0 4
   ----------------------------------------------------
     I  COEFFICIENT            ORDER EXPONENTS
     1   1.000000000000000       1   0 0  0 0  0 1  0 0
     --------------------------------------------------
     I  COEFFICIENT            ORDER EXPONENTS
     1   1.000000000000000       1   0 0  0 0  0 0  1 0
     --------------------------------------------------
     I  COEFFICIENT            ORDER EXPONENTS
     1   1.000000000000000       1   0 0  0 0  0 0  0 1
     --------------------------------------------------
