 L    0.6607784999999999E+00
 P (  0.0000000000000000E+00,  0.0000000000000000E+00,  0.1758215000000000E+00)
 A (  0.0000000000000000E+00,  0.0000000000000000E+00,  0.0000000000000000E+00)
     I  COEFFICIENT            ORDER EXPONENTS
     1  0.8126365600208499E-04   0   0 0  0 0  0 0  0 0
     2  0.7051526647995305       1   1 0  0 0  0 0  0 0
     3  0.5843489850388892       1   0 1  0 0  0 0  0 0
     4  -.3983451696789933E-04   1   0 0  1 0  0 0  0 0
     5  -.1014802024270992E-04   1   0 0  0 1  0 0  0 0
     6  0.4232918571422667E-05   1   0 0  0 0  0 1  0 0
     7  0.4227222109099778E-05   1   0 0  0 0  0 0  1 0
     8  -.8460140680633579E-05   1   0 0  0 0  0 0  0 1
     9  0.1099485044511539E-03   2   2 0  0 0  0 0  0 0
    10  -.1879153326071061E-04   2   1 1  0 0  0 0  0 0
    11  -.2415193164491989E-04   2   0 2  0 0  0 0  0 0
    12  0.9073949609695669E-05   2   1 0  1 0  0 0  0 0
    13  -.5621588831089921E-05   2   0 1  1 0  0 0  0 0
    14  -.1079981169102718E-03   2   0 0  2 0  0 0  0 0
    15  -.2346780857191284E-05   2   1 0  0 1  0 0  0 0
    16  -.1779785310149760E-05   2   0 1  0 1  0 0  0 0
    17  -.4478353609848820E-05   2   0 0  1 1  0 0  0 0
    18  -.4896218521271704E-05   2   0 0  0 2  0 0  0 0
    19  0.1409504351939807       2   1 0  0 0  0 1  0 0
    20  -.2551884454272369       2   0 1  0 0  0 1  0 0
    21  0.1996332888505760E-04   2   0 0  1 0  0 1  0 0
    22  0.1015944468867440E-04   2   0 0  0 1  0 1  0 0
    23  0.1407607507410606       2   1 0  0 0  0 0  1 0
    24  -.2548450248439957       2   0 1  0 0  0 0  1 0
    25  0.1993646317788311E-04   2   0 0  1 0  0 0  1 0
    26  0.1014577258681046E-04   2   0 0  0 1  0 0  1 0
    27  -.2817111859350417       2   1 0  0 0  0 0  0 1
    28  -.7431551476765685E-01   2   0 1  0 0  0 0  0 1
    29  -.3989979206282713E-04   2   0 0  1 0  0 0  0 1
    30  -.1015719703280028E-04   2   0 0  0 1  0 0  0 1
    31  -.3161421665057666E-05   2   0 0  0 0  0 2  0 0
    32  -.2092797720233627E-05   2   0 0  0 0  0 1  1 0
    33  -.3155758978477301E-05   2   0 0  0 0  0 0  2 0
    34  0.4182709185712922E-05   2   0 0  0 0  0 1  0 1
    35  0.4177080292815120E-05   2   0 0  0 0  0 0  1 1
    36  0.5017450506454739E-07   2   0 0  0 0  0 0  0 2
    37  -.6121008643175751E-01   3   3 0  0 0  0 0  0 0
    38  -.1766508806909996       3   2 1  0 0  0 0  0 0
    39  -.3943102089537229       3   1 2  0 0  0 0  0 0
    40  0.1905868298124507       3   0 3  0 0  0 0  0 0
    41  0.6578018842268369E-04   3   2 0  1 0  0 0  0 0
    42  0.1030236247375578E-03   3   1 1  1 0  0 0  0 0
    43  -.3484204627144404E-04   3   0 2  1 0  0 0  0 0
    44  -.4628651405915871       3   1 0  2 0  0 0  0 0
    45  -.4888685601182328       3   0 1  2 0  0 0  0 0
    46  -.3631463604548851E-04   3   0 0  3 0  0 0  0 0
    47  -.7221681401939878E-05   3   2 0  0 1  0 0  0 0
    48  0.1306299926529606E-04   3   1 1  0 1  0 0  0 0
    49  -.1696656580305292E-04   3   0 2  0 1  0 0  0 0
    50  -.5169278327664829       3   1 0  1 1  0 0  0 0
    51  -.9330985315104023E-01   3   0 1  1 1  0 0  0 0
    52  -.1241718906324679E-03   3   0 0  2 1  0 0  0 0
    53  -.3809993683776018       3   1 0  0 2  0 0  0 0
    54  0.2171805848061739       3   0 1  0 2  0 0  0 0
    55  -.8502858457444622E-04   3   0 0  1 2  0 0  0 0
    56  -.2054903472708831E-04   3   0 0  0 3  0 0  0 0
    57  -.4960800330940911E-04   3   2 0  0 0  0 1  0 0
    58  0.8343524319980151E-05   3   1 1  0 0  0 1  0 0
    59  0.3308676504441649E-04   3   0 2  0 0  0 1  0 0
    60  -.1895558512799466E-05   3   1 0  1 0  0 1  0 0
    61  0.6166993048063248E-05   3   0 1  1 0  0 1  0 0
    62  0.5421347916704637E-04   3   0 0  2 0  0 1  0 0
    63  0.3272805040950048E-05   3   1 0  0 1  0 1  0 0
    64  0.2953567160988168E-05   3   0 1  0 1  0 1  0 0
    65  0.1271702296005394E-04   3   0 0  1 1  0 1  0 0
    66  0.9258235092654086E-05   3   0 0  0 2  0 1  0 0
    67  -.4954124319649964E-04   3   2 0  0 0  0 0  1 0
    68  0.8332295998167130E-05   3   1 1  0 0  0 0  1 0
    69  0.3304223843534506E-04   3   0 2  0 0  0 0  1 0
    70  -.1893007559487419E-05   3   1 0  1 0  0 0  1 0
    71  0.6158693799459493E-05   3   0 1  1 0  0 0  1 0
    72  0.5414052122177596E-04   3   0 0  2 0  0 0  1 0
    73  0.3268400654167847E-05   3   1 0  0 1  0 0  1 0
    74  0.2949592389499683E-05   3   0 1  0 1  0 0  1 0
    75  0.1269990898988709E-04   3   0 0  1 1  0 0  1 0
    76  0.9245775796191677E-05   3   0 0  0 2  0 0  1 0
    77  0.9914924650593864E-04   3   2 0  0 0  0 0  0 1
    78  0.2115712942508933E-05   3   1 1  0 0  0 0  0 1
    79  -.1782514018989762E-04   3   0 2  0 0  0 0  0 1
    80  0.3788566072286830E-05   3   1 0  1 0  0 0  0 1
    81  -.6704098016432819E-05   3   0 1  1 0  0 0  0 1
    82  -.1083540003888098E-03   3   0 0  2 0  0 0  0 1
    83  -.4194424837926598E-05   3   1 0  0 1  0 0  0 1
    84  -.2343588930188349E-05   3   0 1  0 1  0 0  0 1
    85  -.2093857834005539E-04   3   0 0  1 1  0 0  0 1
    86  -.8711573846249493E-05   3   0 0  0 2  0 0  0 1
    87  -.1024583724040026       3   1 0  0 0  0 2  0 0
    88  0.1732676187011030       3   0 1  0 0  0 2  0 0
    89  -.1499096354628274E-04   3   0 0  1 0  0 2  0 0
    90  -.1016429569806750E-04   3   0 0  0 1  0 2  0 0
    91  -.6406967554810641E-01   3   1 0  0 0  0 1  1 0
    92  0.9156685597700949E-01   3   0 1  0 0  0 1  1 0
    93  -.1003293883731137E-04   3   0 0  1 0  0 1  1 0
    94  -.1016800589230643E-04   3   0 0  0 1  0 1  1 0
    95  -.1022773777801905       3   1 0  0 0  0 0  2 0
    96  0.1729728301259864       3   0 1  0 0  0 0  2 0
    97  -.1496403848591848E-04   3   0 0  1 0  0 0  2 0
    98  -.1014377525639304E-04   3   0 0  0 1  0 0  2 0
    99  0.1280360476767572       3   1 0  0 0  0 1  0 1
   100  0.7227465153101036E-01   3   0 1  0 0  0 1  0 1
   101  0.2005370309248007E-04   3   0 0  1 0  0 1  0 1
   102  0.1017256821838781E-04   3   0 0  0 1  0 1  0 1
   103  0.1278637427979237       3   1 0  0 0  0 0  1 1
   104  0.7217738771116652E-01   3   0 1  0 0  0 0  1 1
   105  0.2002671576395672E-04   3   0 0  1 0  0 0  1 1
   106  0.1015887845549624E-04   3   0 0  0 1  0 0  1 1
   107  0.1290568084603283E-01   3   1 0  0 0  0 0  0 2
   108  0.2089479919468084E-02   3   0 1  0 0  0 0  0 2
   109  -.9152019764894392E-07   3   0 0  1 0  0 0  0 2
   110  -.9622801423114402E-08   3   0 0  0 1  0 0  0 2
   111  0.2625730775346149E-05   3   0 0  0 0  0 3  0 0
   112  0.1555078590251308E-05   3   0 0  0 0  0 2  1 0
   113  0.1557232707096891E-05   3   0 0  0 0  0 1  2 0
   114  0.2619385433837676E-05   3   0 0  0 0  0 0  3 0
   115  -.3109447539827394E-05   3   0 0  0 0  0 2  0 1
   116  -.2039067008541865E-05   3   0 0  0 0  0 1  1 1
   117  -.3103890951710028E-05   3   0 0  0 0  0 0  2 1
   118  -.5372976677935648E-07   3   0 0  0 0  0 1  0 2
   119  -.5365745979143306E-07   3   0 0  0 0  0 0  1 2
   120  0.2346072151291091E-08   3   0 0  0 0  0 0  0 3
   121  0.1565603119588086E-03   4   4 0  0 0  0 0  0 0
   122  -.5743923876976270E-04   4   3 1  0 0  0 0  0 0
   123  -.3600686301654756E-04   4   2 2  0 0  0 0  0 0
   124  0.1559251570590224E-03   4   1 3  0 0  0 0  0 0
   125  -.1157572835046854E-03   4   0 4  0 0  0 0  0 0
   126  0.6681882043700895E-05   4   3 0  1 0  0 0  0 0
   127  0.1825844180380150E-05   4   2 1  1 0  0 0  0 0
   128  0.3643349084838737E-05   4   1 2  1 0  0 0  0 0
   129  -.5909038928814040E-05   4   0 3  1 0  0 0  0 0
   130  0.4727889710183588E-03   4   2 0  2 0  0 0  0 0
   131  -.8899157411241970E-04   4   1 1  2 0  0 0  0 0
   132  0.1783484869779381E-03   4   0 2  2 0  0 0  0 0
   133  0.3830688329388861E-04   4   1 0  3 0  0 0  0 0
   134  -.9112069709683809E-05   4   0 1  3 0  0 0  0 0
   135  -.1858926134416433E-04   4   0 0  4 0  0 0  0 0
   136  0.5821194263167078E-05   4   3 0  0 1  0 0  0 0
   137  0.3487806818874283E-05   4   2 1  0 1  0 0  0 0
   138  0.5443412596844567E-05   4   1 2  0 1  0 0  0 0
   139  -.7408129468712190E-05   4   0 3  0 1  0 0  0 0
   140  0.3016931233598478E-03   4   2 0  1 1  0 0  0 0
   141  -.5058425700508324E-03   4   1 1  1 1  0 0  0 0
   142  0.1905951757965307E-04   4   0 2  1 1  0 0  0 0
   143  0.4647622074373645E-04   4   1 0  2 1  0 0  0 0
   144  -.4253046420014443E-04   4   0 1  2 1  0 0  0 0
   145  -.2097562514972985E-04   4   0 0  3 1  0 0  0 0
   146  0.1744045432968333E-03   4   2 0  0 2  0 0  0 0
   147  0.9090189380315484E-04   4   1 1  0 2  0 0  0 0
   148  -.1379855503488512E-03   4   0 2  0 2  0 0  0 0
   149  0.2997494634329929E-04   4   1 0  1 2  0 0  0 0
   150  -.2054442986454897E-04   4   0 1  1 2  0 0  0 0
   151  0.8340723873007353E-04   4   0 0  2 2  0 0  0 0
   152  0.1213034117545388E-04   4   1 0  0 3  0 0  0 0
   153  -.7861989466790632E-05   4   0 1  0 3  0 0  0 0
   154  0.3896213482396775E-04   4   0 0  1 3  0 0  0 0
   155  -.1765612145820063E-04   4   0 0  0 4  0 0  0 0
   156  0.8858581536409077E-01   4   3 0  0 0  0 1  0 0
   157  0.8756332787705193E-01   4   2 1  0 0  0 1  0 0
   158  0.5144414288172299       4   1 2  0 0  0 1  0 0
   159  -.2288465110251156       4   0 3  0 0  0 1  0 0
   160  -.6339036132495737E-04   4   2 0  1 0  0 1  0 0
   161  -.1511492096497794E-03   4   1 1  1 0  0 1  0 0
   162  0.4045312081186643E-04   4   0 2  1 0  0 1  0 0
   163  0.5088843022591241       4   1 0  2 0  0 1  0 0
   164  0.5305838402386275       4   0 1  2 0  0 1  0 0
   165  0.4285658453636100E-04   4   0 0  3 0  0 1  0 0
   166  -.1480018617651363E-04   4   2 0  0 1  0 1  0 0
   167  -.4179750924443408E-04   4   1 1  0 1  0 1  0 0
   168  0.2928758569408626E-04   4   0 2  0 1  0 1  0 0
   169  0.7902049896021663       4   1 0  1 1  0 1  0 0
   170  0.2122100074123794       4   0 1  1 1  0 1  0 0
   171  0.1642992244063004E-03   4   0 0  2 1  0 1  0 0
   172  0.6088296588594148       4   1 0  0 2  0 1  0 0
   173  -.2570146219655376       4   0 1  0 2  0 1  0 0
   174  0.1445693386287070E-03   4   0 0  1 2  0 1  0 0
   175  0.4324036000877168E-04   4   0 0  0 3  0 1  0 0
   176  0.8846660074867951E-01   4   3 0  0 0  0 0  1 0
   177  0.8744548927711114E-01   4   2 1  0 0  0 0  1 0
   178  0.5137491177871123       4   1 2  0 0  0 0  1 0
   179  -.2285385401757402       4   0 3  0 0  0 0  1 0
   180  -.6330505356417006E-04   4   2 0  1 0  0 0  1 0
   181  -.1509458001668486E-03   4   1 1  1 0  0 0  1 0
   182  0.4039868090836718E-04   4   0 2  1 0  0 0  1 0
   183  0.5081994697480288       4   1 0  2 0  0 0  1 0
   184  0.5298698055119835       4   0 1  2 0  0 0  1 0
   185  0.4279891016466574E-04   4   0 0  3 0  0 0  1 0
   186  -.1478026878346608E-04   4   2 0  0 1  0 0  1 0
   187  -.4174126012634141E-04   4   1 1  0 1  0 0  1 0
   188  0.2924817184153538E-04   4   0 2  0 1  0 0  1 0
   189  0.7891415689682362       4   1 0  1 1  0 0  1 0
   190  0.2119244251855167       4   0 1  1 1  0 0  1 0
   191  0.1640781182532787E-03   4   0 0  2 1  0 0  1 0
   192  0.6080103245976682       4   1 0  0 2  0 0  1 0
   193  -.2566687437999768       4   0 1  0 2  0 0  1 0
   194  0.1443747840261209E-03   4   0 0  1 2  0 0  1 0
   195  0.4318216917012585E-04   4   0 0  0 3  0 0  1 0
   196  -.1770524161127708       4   3 0  0 0  0 0  0 1
   197  0.1642063536834812E-02   4   2 1  0 0  0 0  0 1
   198  -.2395701286968959       4   1 2  0 0  0 0  0 1
   199  -.1143754382364969       4   0 3  0 0  0 0  0 1
   200  0.1266954148891276E-03   4   2 0  1 0  0 0  0 1
   201  0.1990713850790465E-03   4   1 1  1 0  0 0  0 1
   202  -.1116770917732346E-04   4   0 2  1 0  0 0  0 1
   203  -1.017083772007153       4   1 0  2 0  0 0  0 1
   204  -.5715850856323805       4   0 1  2 0  0 0  0 1
   205  -.8565549470102449E-04   4   0 0  3 0  0 0  0 1
   206  0.3680213636189472E-04   4   2 0  0 1  0 0  0 1
   207  0.5741277084019610E-04   4   1 1  0 1  0 0  0 1
   208  -.7636060126453413E-05   4   0 2  0 1  0 0  0 1
   209  -1.062418725803925       4   1 0  1 1  0 0  0 1
   210  -.2375147262958139       4   0 1  1 1  0 0  0 1
   211  -.2042054520271251E-03   4   0 0  2 1  0 0  0 1
   212  -.4548412467018808       4   1 0  0 2  0 0  0 1
   213  -.1378583886530075       4   0 1  0 2  0 0  0 1
   214  -.1188869535059605E-03   4   0 0  1 2  0 0  0 1
   215  -.2477542499768502E-04   4   0 0  0 3  0 0  0 1
   216  0.6991175870538495E-04   4   2 0  0 0  0 2  0 0
   217  0.1972996736964884E-03   4   1 1  0 0  0 2  0 0
   218  -.1865150843150331E-03   4   0 2  0 0  0 2  0 0
   219  0.5285639987891837E-05   4   1 0  1 0  0 2  0 0
   220  -.1213829373841291E-05   4   0 1  1 0  0 2  0 0
   221  0.9336773258822896E-04   4   0 0  2 0  0 2  0 0
   222  0.7958889378379441E-05   4   1 0  0 1  0 2  0 0
   223  -.7134546013983223E-05   4   0 1  0 1  0 2  0 0
   224  0.5798601566262989E-04   4   0 0  1 1  0 2  0 0
   225  -.5332086136273737E-04   4   0 0  0 2  0 2  0 0
   226  0.3679053684379872E-04   4   2 0  0 0  0 1  1 0
   227  0.2346106415102308E-03   4   1 1  0 0  0 1  1 0
   228  -.2124474195506112E-03   4   0 2  0 0  0 1  1 0
   229  0.3520757495885378E-05   4   1 0  1 0  0 1  1 0
   230  -.9104040973672249E-06   4   0 1  1 0  0 1  1 0
   231  0.1098798188463653E-03   4   0 0  2 0  0 1  1 0
   232  0.8820233922884183E-05   4   1 0  0 1  0 1  1 0
   233  -.8500325810358214E-05   4   0 1  0 1  0 1  1 0
   234  0.6335507968630835E-04   4   0 0  1 1  0 1  1 0
   235  -.6218425655735126E-04   4   0 0  0 2  0 1  1 0
   236  0.6979291927003508E-04   4   2 0  0 0  0 0  2 0
   237  0.1968762931217894E-03   4   1 1  0 0  0 0  2 0
   238  -.1861211302422541E-03   4   0 2  0 0  0 0  2 0
   239  0.5276157787939259E-05   4   1 0  1 0  0 0  2 0
   240  -.1211583270006777E-05   4   0 1  1 0  0 0  2 0
   241  0.9316814715310340E-04   4   0 0  2 0  0 0  2 0
   242  0.7942243752571153E-05   4   1 0  0 1  0 0  2 0
   243  -.7119225009256062E-05   4   0 1  0 1  0 0  2 0
   244  0.5786535067531798E-04   4   0 0  1 1  0 0  2 0
   245  -.5320726233953092E-04   4   0 0  0 2  0 0  2 0
   246  -.3524506556726331E-04   4   2 0  0 0  0 1  0 1
   247  -.1332659675516627E-03   4   1 1  0 0  0 1  0 1
   248  -.4451523303580709E-04   4   0 2  0 0  0 1  0 1
   249  -.6006679849582260E-05   4   1 0  1 0  0 1  0 1
   250  0.3807868536769331E-06   4   0 1  1 0  0 1  0 1
   251  -.9686134061815665E-04   4   0 0  2 0  0 1  0 1
   252  -.4712279809501758E-05   4   1 0  0 1  0 1  0 1
   253  -.2214771459986577E-05   4   0 1  0 1  0 1  0 1
   254  -.6335370488716825E-04   4   0 0  1 1  0 1  0 1
   255  -.2208414706473107E-04   4   0 0  0 2  0 1  0 1
   256  -.3519763441906522E-04   4   2 0  0 0  0 0  1 1
   257  -.1330866244931391E-03   4   1 1  0 0  0 0  1 1
   258  -.4445532653311783E-04   4   0 2  0 0  0 0  1 1
   259  -.5998596342925722E-05   4   1 0  1 0  0 0  1 1
   260  0.3802744086751449E-06   4   0 1  1 0  0 0  1 1
   261  -.9673098919086957E-04   4   0 0  2 0  0 0  1 1
   262  -.4705938245416202E-05   4   1 0  0 1  0 0  1 1
   263  -.2211790924934278E-05   4   0 1  0 1  0 0  1 1
   264  -.6326844645688800E-04   4   0 0  1 1  0 0  1 1
   265  -.2205442726040136E-04   4   0 0  0 2  0 0  1 1
   266  -.4566595071413978E-04   4   2 0  0 0  0 0  0 2
   267  -.9130870480543454E-05   4   1 1  0 0  0 0  0 2
   268  0.1761184381291372E-05   4   0 2  0 0  0 0  0 2
   269  -.9003441741102439E-06   4   1 0  1 0  0 0  0 2
   270  0.8778171459723653E-06   4   0 1  1 0  0 0  0 2
   271  0.1598928720326949E-04   4   0 0  2 0  0 0  0 2
   272  -.1206215266179455E-05   4   1 0  0 1  0 0  0 2
   273  -.3076024064372311E-07   4   0 1  0 1  0 0  0 2
   274  0.5445775830341980E-05   4   0 0  1 1  0 0  0 2
   275  -.5456557916099248E-07   4   0 0  0 2  0 0  0 2
   276  0.8325386551090515E-01   4   1 0  0 0  0 3  0 0
   277  -.1325933751711394       4   0 1  0 0  0 3  0 0
   278  0.1251142915991536E-04   4   0 0  1 0  0 3  0 0
   279  0.1016609328884250E-04   4   0 0  0 1  0 3  0 0
   280  0.4487070219614851E-01   4   1 0  0 0  0 2  1 0
   281  -.5129911450015018E-01   4   0 1  0 0  0 2  1 0
   282  0.7555114946441246E-05   4   0 0  1 0  0 2  1 0
   283  0.1017114075964297E-04   4   0 0  0 1  0 2  1 0
   284  0.4494795740905980E-01   4   1 0  0 0  0 1  2 0
   285  -.5146285727726254E-01   4   0 1  0 0  0 1  2 0
   286  0.7565085919322421E-05   4   0 0  1 0  0 1  2 0
   287  0.1017110295371017E-04   4   0 0  0 1  0 1  2 0
   288  0.8305565511287492E-01   4   1 0  0 0  0 0  3 0
   289  -.1322912469469510       4   0 1  0 0  0 0  3 0
   290  0.1248109642011639E-04   4   0 0  1 0  0 0  3 0
   291  0.1013873701666643E-04   4   0 0  0 1  0 0  3 0
   292  -.8971548787297973E-01   4   1 0  0 0  0 2  0 1
   293  -.7072376617000922E-01   4   0 1  0 0  0 2  0 1
   294  -.1510610825024826E-04   4   0 0  1 0  0 2  0 1
   295  -.1018257277393034E-04   4   0 0  0 1  0 2  0 1
   296  -.5149783619621319E-01   4   1 0  0 0  0 1  1 1
   297  -.6917692413279877E-01   4   0 1  0 0  0 1  1 1
   298  -.1017179356966322E-04   4   0 0  1 0  0 1  1 1
   299  -.1019253197908541E-04   4   0 0  0 1  0 1  1 1
   300  -.8956010131707268E-01   4   1 0  0 0  0 0  2 1
   301  -.7058204193644203E-01   4   0 1  0 0  0 0  2 1
   302  -.1507893480149070E-04   4   0 0  1 0  0 0  2 1
   303  -.1016201123278935E-04   4   0 0  0 1  0 0  2 1
   304  -.1257166003703269E-01   4   1 0  0 0  0 1  0 2
   305  -.3099763058455851E-02   4   0 1  0 0  0 1  0 2
   306  0.1375647316790453E-06   4   0 0  1 0  0 1  0 2
   307  0.1929041526236335E-07   4   0 0  0 1  0 1  0 2
   308  -.1255474168943667E-01   4   1 0  0 0  0 0  1 2
   309  -.3095591543418601E-02   4   0 1  0 0  0 0  1 2
   310  0.1373796035467030E-06   4   0 0  1 0  0 0  1 2
   311  0.1926445513078397E-07   4   0 0  0 1  0 0  1 2
   312  -.2283199885324040E-03   4   1 0  0 0  0 0  0 3
   313  -.2436171884344681E-04   4   0 1  0 0  0 0  0 3
   314  -.3063464663235986E-07   4   0 0  1 0  0 0  0 3
   315  -.3228822040194495E-08   4   0 0  0 1  0 0  0 3
   316  -.2252671299066393E-04   4   0 0  0 0  0 4  0 0
   317  -.1172263304981605E-04   4   0 0  0 0  0 3  1 0
   318  -.1028004610521737E-04   4   0 0  0 0  0 2  2 0
   319  -.1175356144937490E-04   4   0 0  0 0  0 1  3 0
   320  -.2245823002883080E-04   4   0 0  0 0  0 0  4 0
   321  -.1974947259556773E-05   4   0 0  0 0  0 3  0 1
   322  -.2290506327274922E-05   4   0 0  0 0  0 2  1 1
   323  -.2289863965394975E-05   4   0 0  0 0  0 1  2 1
   324  -.1969421421919716E-05   4   0 0  0 0  0 0  3 1
   325  0.2504043023950791E-07   4   0 0  0 0  0 2  0 2
   326  0.3974071759231189E-07   4   0 0  0 0  0 1  1 2
   327  0.2497999141619254E-07   4   0 0  0 0  0 0  2 2
   328  0.2463579641093610E-09   4   0 0  0 0  0 1  0 3
   329  0.2460264271717110E-09   4   0 0  0 0  0 0  1 3
   330  0.2047139844879495E-15   4   0 0  0 0  0 0  0 4
   ----------------------------------------------------
     I  COEFFICIENT            ORDER EXPONENTS
     1  -.3619500917744021E-04   0   0 0  0 0  0 0  0 0
     2  -.8200366804999115       1   1 0  0 0  0 0  0 0
     3  0.7385810532716673       1   0 1  0 0  0 0  0 0
     4  -.1136689783283647E-03   1   0 0  1 0  0 0  0 0
     5  -.3519988704625887E-04   1   0 0  0 1  0 0  0 0
     6  -.3075866470088874E-06   1   0 0  0 0  0 1  0 0
     7  -.3071727113954045E-06   1   0 0  0 0  0 0  1 0
     8  -.3558024981886503E-04   1   0 0  0 0  0 0  0 1
     9  -.8298561156644880E-05   2   2 0  0 0  0 0  0 0
    10  -.2222220303216423E-03   2   1 1  0 0  0 0  0 0
    11  -.5414815749758856E-04   2   0 2  0 0  0 0  0 0
    12  -.2126553265134417E-04   2   1 0  1 0  0 0  0 0
    13  -.2058805305838676E-04   2   0 1  1 0  0 0  0 0
    14  0.7595980633776163E-04   2   0 0  2 0  0 0  0 0
    15  -.1864952490022619E-04   2   1 0  0 1  0 0  0 0
    16  -.1092320683345660E-04   2   0 1  0 1  0 0  0 0
    17  0.2345631263219119E-03   2   0 0  1 1  0 0  0 0
    18  0.4957060631065024E-04   2   0 0  0 2  0 0  0 0
    19  -.2864646894912640E-01   2   1 0  0 0  0 1  0 0
    20  0.1253927473230301       2   0 1  0 0  0 1  0 0
    21  0.1838817153984721E-06   2   0 0  1 0  0 1  0 0
    22  0.1763694809707065E-04   2   0 0  0 1  0 1  0 0
    23  -.2860791788127608E-01   2   1 0  0 0  0 0  1 0
    24  0.1252239996732382       2   0 1  0 0  0 0  1 0
    25  0.1836342560518373E-06   2   0 0  1 0  0 0  1 0
    26  0.1761321312352216E-04   2   0 0  0 1  0 0  1 0
    27  -.7627822936695096       2   1 0  0 0  0 0  0 1
    28  -.2506167469962680       2   0 1  0 0  0 0  0 1
    29  -.1140364942998152E-03   2   0 0  1 0  0 0  0 1
    30  -.3525016122073621E-04   2   0 0  0 1  0 0  0 1
    31  0.2326216250932445E-06   2   0 0  0 0  0 2  0 0
    32  0.1578574441001817E-06   2   0 0  0 0  0 1  1 0
    33  0.2322023552745352E-06   2   0 0  0 0  0 0  2 0
    34  -.6230996384842671E-06   2   0 0  0 0  0 1  0 1
    35  -.6222611003564785E-06   2   0 0  0 0  0 0  1 1
    36  0.6226798674179110E-06   2   0 0  0 0  0 0  0 2
    37  -.3745937906319342       3   3 0  0 0  0 0  0 0
    38  -.5334933924596101       3   2 1  0 0  0 0  0 0
    39  0.2014791927384978       3   1 2  0 0  0 0  0 0
    40  -.2831556368449922E-01   3   0 3  0 0  0 0  0 0
    41  0.2463529154322367E-03   3   2 0  1 0  0 0  0 0
    42  0.1603492077510378E-03   3   1 1  1 0  0 0  0 0
    43  0.2794733906897547E-04   3   0 2  1 0  0 0  0 0
    44  -1.758548561632858       3   1 0  2 0  0 0  0 0
    45  -.4039582177178252       3   0 1  2 0  0 0  0 0
    46  -.6564685967658384E-04   3   0 0  3 0  0 0  0 0
    47  0.6819933852324561E-04   3   2 0  0 1  0 0  0 0
    48  0.1623012188571312E-03   3   1 1  0 1  0 0  0 0
    49  0.2664041241893721E-04   3   0 2  0 1  0 0  0 0
    50  -1.382262408000288       3   1 0  1 1  0 0  0 0
    51  -.4955137733899584       3   0 1  1 1  0 0  0 0
    52  -.5811698339660823E-04   3   0 0  2 1  0 0  0 0
    53  -.5982637506943493       3   1 0  0 2  0 0  0 0
    54  -.3492745953372515       3   0 1  0 2  0 0  0 0
    55  -.1971656401450632E-04   3   0 0  1 2  0 0  0 0
    56  -.2001346840533362E-04   3   0 0  0 3  0 0  0 0
    57  0.8376277528776328E-07   3   2 0  0 0  0 1  0 0
    58  0.1064412983203843E-03   3   1 1  0 0  0 1  0 0
    59  0.5494205299605298E-04   3   0 2  0 0  0 1  0 0
    60  0.1053644994461878E-04   3   1 0  1 0  0 1  0 0
    61  0.1396947564845870E-04   3   0 1  1 0  0 1  0 0
    62  -.3535886264617640E-04   3   0 0  2 0  0 1  0 0
    63  0.1157101918484788E-04   3   1 0  0 1  0 1  0 0
    64  0.1214269522292118E-04   3   0 1  0 1  0 1  0 0
    65  -.1208609356995226E-03   3   0 0  1 1  0 1  0 0
    66  -.4858949048741492E-04   3   0 0  0 2  0 1  0 0
    67  0.8365005129231043E-07   3   2 0  0 0  0 0  1 0
    68  0.1062980546375091E-03   3   1 1  0 0  0 0  1 0
    69  0.5486811457046093E-04   3   0 2  0 0  0 0  1 0
    70  0.1052227048684886E-04   3   1 0  1 0  0 0  1 0
    71  0.1395067618648938E-04   3   0 1  1 0  0 0  1 0
    72  -.3531127835523256E-04   3   0 0  2 0  0 0  1 0
    73  0.1155544745255213E-04   3   1 0  0 1  0 0  1 0
    74  0.1212635415595556E-04   3   0 1  0 1  0 0  1 0
    75  -.1206982867482391E-03   3   0 0  1 1  0 0  1 0
    76  -.4852410104106037E-04   3   0 0  0 2  0 0  1 0
    77  -.8465973983223700E-05   3   2 0  0 0  0 0  0 1
    78  -.2127393529578958E-03   3   1 1  0 0  0 0  0 1
    79  -.5566201006892297E-04   3   0 2  0 0  0 0  0 1
    80  -.4232425308281206E-04   3   1 0  1 0  0 0  0 1
    81  -.2792015183494803E-04   3   0 1  1 0  0 0  0 1
    82  0.1466299473391711E-03   3   0 0  2 0  0 0  0 1
    83  -.2312646663740003E-04   3   1 0  0 1  0 0  0 1
    84  -.1334584254542025E-04   3   0 1  0 1  0 0  0 1
    85  0.2415592224477641E-03   3   0 0  1 1  0 0  0 1
    86  0.4754298521798484E-04   3   0 0  0 2  0 0  0 1
    87  0.2113641495840085E-01   3   1 0  0 0  0 2  0 0
    88  -.9136300531944287E-01   3   0 1  0 0  0 2  0 0
    89  -.1816844962015381E-06   3   0 0  1 0  0 2  0 0
    90  -.1323876723697378E-04   3   0 0  0 1  0 2  0 0
    91  0.1364654094438364E-01   3   1 0  0 0  0 1  1 0
    92  -.5742462892998614E-01   3   0 1  0 0  0 1  1 0
    93  -.1812758174650823E-06   3   0 0  1 0  0 1  1 0
    94  -.8854979906569118E-05   3   0 0  0 1  0 1  1 0
    95  0.2109878813144249E-01   3   1 0  0 0  0 0  2 0
    96  -.9120141361303072E-01   3   0 1  0 0  0 0  2 0
    97  -.1813180175477204E-06   3   0 0  1 0  0 0  2 0
    98  -.1321499282070579E-04   3   0 0  0 1  0 0  2 0
    99  -.5591940748590020E-01   3   1 0  0 0  0 1  0 1
   100  0.1147578987652024       3   0 1  0 0  0 1  0 1
   101  0.5480719629399051E-06   3   0 0  1 0  0 1  0 1
   102  0.1770293376387473E-04   3   0 0  0 1  0 1  0 1
   103  -.5584415378269604E-01   3   1 0  0 0  0 0  1 1
   104  0.1146034629933965       3   0 1  0 0  0 0  1 1
   105  0.5473343935221263E-06   3   0 0  1 0  0 0  1 1
   106  0.1767910998992591E-04   3   0 0  0 1  0 0  1 1
   107  0.5588179594465434E-01   3   1 0  0 0  0 0  0 2
   108  0.1062768917373021E-01   3   0 1  0 0  0 0  0 2
   109  -.5500653215594398E-06   3   0 0  1 0  0 0  0 2
   110  -.6885127056027813E-07   3   0 0  0 1  0 0  0 2
   111  -.1950039259175901E-06   3   0 0  0 0  0 3  0 0
   112  -.1198203131601858E-06   3   0 0  0 0  0 2  1 0
   113  -.1199715512225494E-06   3   0 0  0 0  0 1  2 0
   114  -.1945297697116527E-06   3   0 0  0 0  0 0  3 0
   115  0.4722119923921814E-06   3   0 0  0 0  0 2  0 1
   116  0.3217293328413095E-06   3   0 0  0 0  0 1  1 1
   117  0.4713600276277132E-06   3   0 0  0 0  0 0  2 1
   118  -.3215275676728168E-06   3   0 0  0 0  0 1  0 2
   119  -.3210948710253426E-06   3   0 0  0 0  0 0  1 2
   120  0.6647523760119135E-08   3   0 0  0 0  0 0  0 3
   121  0.9331327427402521E-04   4   4 0  0 0  0 0  0 0
   122  -.2993087292780368E-03   4   3 1  0 0  0 0  0 0
   123  -.3366186483296003E-03   4   2 2  0 0  0 0  0 0
   124  -.1716727446505775E-03   4   1 3  0 0  0 0  0 0
   125  -.4172338655875109E-04   4   0 4  0 0  0 0  0 0
   126  0.1568597502940282E-07   4   3 0  1 0  0 0  0 0
   127  -.1743676153450857E-04   4   2 1  1 0  0 0  0 0
   128  -.9542470546512476E-05   4   1 2  1 0  0 0  0 0
   129  -.1683612742454581E-05   4   0 3  1 0  0 0  0 0
   130  0.6518852760967081E-04   4   2 0  2 0  0 0  0 0
   131  -.1096184156309193E-02   4   1 1  2 0  0 0  0 0
   132  -.2147003955368639E-04   4   0 2  2 0  0 0  0 0
   133  0.4818816819423283E-07   4   1 0  3 0  0 0  0 0
   134  -.2764411698263937E-04   4   0 1  3 0  0 0  0 0
   135  -.1539639432939813E-03   4   0 0  4 0  0 0  0 0
   136  0.7045783567410928E-07   4   3 0  0 1  0 0  0 0
   137  -.2267682631133799E-05   4   2 1  0 1  0 0  0 0
   138  0.4289659543067515E-05   4   1 2  0 1  0 0  0 0
   139  0.9951906039264431E-06   4   0 3  0 1  0 0  0 0
   140  -.1025670480160135E-02   4   2 0  1 1  0 0  0 0
   141  -.1577954162845166E-02   4   1 1  1 1  0 0  0 0
   142  0.8475358053381822E-04   4   0 2  1 1  0 0  0 0
   143  -.5529228623238159E-04   4   1 0  2 1  0 0  0 0
   144  -.3817011828978044E-04   4   0 1  2 1  0 0  0 0
   145  -.3214036996071278E-03   4   0 0  3 1  0 0  0 0
   146  -.1770139327779503E-03   4   2 0  0 2  0 0  0 0
   147  -.8224419008487704E-03   4   1 1  0 2  0 0  0 0
   148  -.3805337831563446E-04   4   0 2  0 2  0 0  0 0
   149  -.2210531373792937E-04   4   1 0  1 2  0 0  0 0
   150  -.2667815510596604E-04   4   0 1  1 2  0 0  0 0
   151  -.1804932921770914E-03   4   0 0  2 2  0 0  0 0
   152  0.3506126709610360E-05   4   1 0  0 3  0 0  0 0
   153  -.1765259562171282E-05   4   0 1  0 3  0 0  0 0
   154  0.2053109020889311E-04   4   0 0  1 3  0 0  0 0
   155  0.6917223404399693E-04   4   0 0  0 4  0 0  0 0
   156  0.1168354336429077       4   3 0  0 0  0 1  0 0
   157  0.4634283700511143       4   2 1  0 0  0 1  0 0
   158  -.1057084172384368       4   1 2  0 0  0 1  0 0
   159  0.5430650930506321E-01   4   0 3  0 0  0 1  0 0
   160  -.1392001310512808E-03   4   2 0  1 0  0 1  0 0
   161  -.1746094530681375E-03   4   1 1  1 0  0 1  0 0
   162  -.4480643671689383E-04   4   0 2  1 0  0 1  0 0
   163  0.9469480160128978       4   1 0  2 0  0 1  0 0
   164  0.4540023408756973       4   0 1  2 0  0 1  0 0
   165  0.2963522109881133E-04   4   0 0  3 0  0 1  0 0
   166  -.6932387524816256E-04   4   2 0  0 1  0 1  0 0
   167  -.1890252726601290E-03   4   1 1  0 1  0 1  0 0
   168  -.4502545089382743E-04   4   0 2  0 1  0 1  0 0
   169   1.377687521406041       4   1 0  1 1  0 1  0 0
   170  0.7622064349959129       4   0 1  1 1  0 1  0 0
   171  0.5400173796951591E-04   4   0 0  2 1  0 1  0 0
   172  0.6727266334150749       4   1 0  0 2  0 1  0 0
   173  0.5639231773378169       4   0 1  0 2  0 1  0 0
   174  0.2829462077721926E-04   4   0 0  1 2  0 1  0 0
   175  0.3112513914780144E-04   4   0 0  0 3  0 1  0 0
   176  0.1166782020225747       4   3 0  0 0  0 0  1 0
   177  0.4628047099913212       4   2 1  0 0  0 0  1 0
   178  -.1055661598323827       4   1 2  0 0  0 0  1 0
   179  0.5423342616421851E-01   4   0 3  0 0  0 0  1 0
   180  -.1390128020751861E-03   4   2 0  1 0  0 0  1 0
   181  -.1743744718952563E-03   4   1 1  1 0  0 0  1 0
   182  -.4474613832601387E-04   4   0 2  1 0  0 0  1 0
   183  0.9456736580010571       4   1 0  2 0  0 0  1 0
   184  0.4533913659217343       4   0 1  2 0  0 0  1 0
   185  0.2959533941493000E-04   4   0 0  3 0  0 0  1 0
   186  -.6923058244397415E-04   4   2 0  0 1  0 0  1 0
   187  -.1887708913566348E-03   4   1 1  0 1  0 0  1 0
   188  -.4496485776399028E-04   4   0 2  0 1  0 0  1 0
   189   1.375833494467889       4   1 0  1 1  0 0  1 0
   190  0.7611806934972277       4   0 1  1 1  0 0  1 0
   191  0.5392906497560235E-04   4   0 0  2 1  0 0  1 0
   192  0.6718213096163322       4   1 0  0 2  0 0  1 0
   193  0.5631642761025339       4   0 1  0 2  0 0  1 0
   194  0.2825654321008200E-04   4   0 0  1 2  0 0  1 0
   195  0.3108325240242028E-04   4   0 0  0 3  0 0  1 0
   196  -.6081074262974174       4   3 0  0 0  0 0  0 1
   197  -.9262330800424315       4   2 1  0 0  0 0  0 1
   198  0.9795384332318739E-02   4   1 2  0 0  0 0  0 1
   199  -.5190880810028036E-01   4   0 3  0 0  0 0  0 1
   200  0.5245658485587044E-03   4   2 0  1 0  0 0  0 1
   201  0.3489839249633957E-03   4   1 1  1 0  0 0  0 1
   202  0.6160523597393232E-04   4   0 2  1 0  0 0  0 1
   203  -3.651170235646818       4   1 0  2 0  0 0  0 1
   204  -.9073937067974325       4   0 1  2 0  0 0  0 1
   205  -.1248774201903217E-03   4   0 0  3 0  0 0  0 1
   206  0.1385544576921386E-03   4   2 0  0 1  0 0  0 1
   207  0.2154949451596324E-03   4   1 1  0 1  0 0  0 1
   208  0.3670948381994465E-04   4   0 2  0 1  0 0  0 1
   209  -2.753521015873946       4   1 0  1 1  0 0  0 1
   210  -1.027873355103181       4   0 1  1 1  0 0  0 1
   211  -.1079308029451182E-03   4   0 0  2 1  0 0  0 1
   212  -.7462841923370586       4   1 0  0 2  0 0  0 1
   213  -.4285382627658531       4   0 1  0 2  0 0  0 1
   214  -.3683459997278590E-04   4   0 0  1 2  0 0  0 1
   215  -.2218145473973574E-04   4   0 0  0 3  0 0  0 1
   216  0.8089608528679104E-04   4   2 0  0 0  0 2  0 0
   217  -.1811295568958261E-03   4   1 1  0 0  0 2  0 0
   218  -.5029056887317632E-04   4   0 2  0 0  0 2  0 0
   219  0.8708626210572016E-05   4   1 0  1 0  0 2  0 0
   220  -.1211167432733225E-05   4   0 1  1 0  0 2  0 0
   221  0.8419431594815056E-04   4   0 0  2 0  0 2  0 0
   222  0.8038955983199349E-05   4   1 0  0 1  0 2  0 0
   223  0.2576444796824734E-05   4   0 1  0 1  0 2  0 0
   224  0.2369722119540902E-03   4   0 0  1 1  0 2  0 0
   225  0.1549880321023883E-03   4   0 0  0 2  0 2  0 0
   226  0.7567177764533125E-04   4   2 0  0 0  0 1  1 0
   227  -.1355206482066665E-03   4   1 1  0 0  0 1  1 0
   228  -.4214575580199930E-04   4   0 2  0 0  0 1  1 0
   229  0.1029815375450641E-04   4   1 0  1 0  0 1  1 0
   230  0.1984245635838054E-05   4   0 1  1 0  0 1  1 0
   231  0.8269397012163788E-04   4   0 0  2 0  0 1  1 0
   232  0.9622807323875056E-05   4   1 0  0 1  0 1  1 0
   233  0.4537400247572864E-05   4   0 1  0 1  0 1  1 0
   234  0.2384181756671604E-03   4   0 0  1 1  0 1  1 0
   235  0.1782445791336098E-03   4   0 0  0 2  0 1  1 0
   236  0.8073630139167848E-04   4   2 0  0 0  0 0  2 0
   237  -.1807946126237510E-03   4   1 1  0 0  0 0  2 0
   238  -.5019453130974995E-04   4   0 2  0 0  0 0  2 0
   239  0.8689977166847278E-05   4   1 0  1 0  0 0  2 0
   240  -.1210872652813907E-05   4   0 1  1 0  0 0  2 0
   241  0.8402536838180860E-04   4   0 0  2 0  0 0  2 0
   242  0.8021662574805404E-05   4   1 0  0 1  0 0  2 0
   243  0.2569924429134352E-05   4   0 1  0 1  0 0  2 0
   244  0.2364928799470766E-03   4   0 0  1 1  0 0  2 0
   245  0.1546595199360066E-03   4   0 0  0 2  0 0  2 0
   246  -.1501940033688368E-03   4   2 0  0 0  0 1  0 1
   247  0.1295353848960752E-03   4   1 1  0 0  0 1  0 1
   248  0.3802733695003361E-04   4   0 2  0 0  0 1  0 1
   249  -.1385242037199087E-04   4   1 0  1 0  0 1  0 1
   250  0.1852272535123780E-05   4   0 1  1 0  0 1  0 1
   251  -.1979021276205884E-03   4   0 0  2 0  0 1  0 1
   252  -.5892129739671048E-05   4   1 0  0 1  0 1  0 1
   253  -.6701570698346749E-06   4   0 1  0 1  0 1  0 1
   254  -.3723571051249998E-03   4   0 0  1 1  0 1  0 1
   255  -.1555524578863105E-03   4   0 0  0 2  0 1  0 1
   256  -.1499918793575010E-03   4   2 0  0 0  0 0  1 1
   257  0.1293610622798732E-03   4   1 1  0 0  0 0  1 1
   258  0.3797616155213257E-04   4   0 2  0 0  0 0  1 1
   259  -.1383377843749621E-04   4   1 0  1 0  0 0  1 1
   260  0.1849779834040578E-05   4   0 1  1 0  0 0  1 1
   261  -.1976358002640410E-03   4   0 0  2 0  0 0  1 1
   262  -.5884200389153857E-05   4   1 0  0 1  0 0  1 1
   263  -.6692552040334985E-06   4   0 1  0 1  0 0  1 1
   264  -.3718560044815067E-03   4   0 0  1 1  0 0  1 1
   265  -.1553431227194217E-03   4   0 0  0 2  0 0  1 1
   266  0.6288172288166711E-04   4   2 0  0 0  0 0  0 2
   267  0.7173642881401737E-04   4   1 1  0 0  0 0  0 2
   268  0.1161222143381950E-04   4   0 2  0 0  0 0  0 2
   269  -.1055832045799675E-07   4   1 0  1 0  0 0  0 2
   270  0.8750368492187107E-06   4   0 1  1 0  0 0  0 2
   271  0.1446242667680264E-03   4   0 0  2 0  0 0  0 2
   272  -.2894038578844553E-08   4   1 0  0 1  0 0  0 2
   273  0.1178914541880878E-06   4   0 1  0 1  0 0  0 2
   274  0.1000289744312769E-03   4   0 0  1 1  0 0  0 2
   275  0.1464149272440818E-04   4   0 0  0 2  0 0  0 2
   276  -.1738603414204329E-01   4   1 0  0 0  0 3  0 0
   277  0.7438121110135103E-01   4   0 1  0 0  0 3  0 0
   278  0.1834902873895181E-06   4   0 0  1 0  0 3  0 0
   279  0.1104813865102091E-04   4   0 0  0 1  0 3  0 0
   280  -.9890315971726090E-02   4   1 0  0 0  0 2  1 0
   281  0.4044050737043611E-01   4   0 1  0 0  0 2  1 0
   282  0.1853839110505906E-06   4   0 0  1 0  0 2  1 0
   283  0.6667444555125148E-05   4   0 0  0 1  0 2  1 0
   284  -.9905399817618692E-02   4   1 0  0 0  0 1  2 0
   285  0.4050881900747599E-01   4   0 1  0 0  0 1  2 0
   286  0.1853795900656456E-06   4   0 0  1 0  0 1  2 0
   287  0.6676257539503629E-05   4   0 0  0 1  0 1  2 0
   288  -.1734429220054300E-01   4   1 0  0 0  0 0  3 0
   289  0.7420388825478473E-01   4   0 1  0 0  0 0  3 0
   290  0.1829953161506731E-06   4   0 0  1 0  0 0  3 0
   291  0.1102135623922282E-04   4   0 0  0 1  0 0  3 0
   292  0.4091196703820644E-01   4   1 0  0 0  0 2  0 1
   293  -.8085812144535418E-01   4   0 1  0 0  0 2  0 1
   294  -.5508264292005168E-06   4   0 0  1 0  0 2  0 1
   295  -.1332735734707997E-04   4   0 0  0 1  0 2  0 1
   296  0.2594481792978176E-01   4   1 0  0 0  0 1  1 1
   297  -.4704937773847461E-01   4   0 1  0 0  0 1  1 1
   298  -.5535724891093536E-06   4   0 0  1 0  0 1  1 1
   299  -.8963525758367075E-05   4   0 0  0 1  0 1  1 1
   300  0.4083945198446394E-01   4   1 0  0 0  0 0  2 1
   301  -.8071764797862420E-01   4   0 1  0 0  0 0  2 1
   302  -.5497126670729002E-06   4   0 0  1 0  0 0  2 1
   303  -.1330339067239429E-04   4   0 0  0 1  0 0  2 1
   304  -.2592465718744160E-01   4   1 0  0 0  0 1  0 2
   305  -.1037509277905161E-01   4   0 1  0 0  0 1  0 2
   306  0.5512985135862687E-06   4   0 0  1 0  0 1  0 2
   307  0.1035593033127585E-06   4   0 0  0 1  0 1  0 2
   308  -.2588976900558532E-01   4   1 0  0 0  0 0  1 2
   309  -.1036113046815084E-01   4   0 1  0 0  0 0  1 2
   310  0.5505566020290748E-06   4   0 0  1 0  0 0  1 2
   311  0.1034199380832577E-06   4   0 0  0 1  0 0  1 2
   312  -.1355789917209082E-02   4   1 0  0 0  0 0  0 3
   313  -.1730517000858072E-03   4   0 1  0 0  0 0  0 3
   314  -.1839299312766153E-06   4   0 0  1 0  0 0  0 3
   315  -.2309223338390703E-07   4   0 0  0 1  0 0  0 3
   316  0.1021603926855874E-04   4   0 0  0 0  0 4  0 0
   317  0.5499414121592956E-05   4   0 0  0 0  0 3  1 0
   318  0.4871997004253651E-05   4   0 0  0 0  0 2  2 0
   319  0.5512911310261039E-05   4   0 0  0 0  0 1  3 0
   320  0.1018485876474623E-04   4   0 0  0 0  0 0  4 0
   321  -.1124429477796058E-04   4   0 0  0 0  0 3  0 1
   322  -.6113641576147787E-05   4   0 0  0 0  0 2  1 1
   323  -.6123967917083889E-05   4   0 0  0 0  0 1  2 1
   324  -.1121748853938671E-04   4   0 0  0 0  0 0  3 1
   325  -.4962955263878697E-06   4   0 0  0 0  0 2  0 2
   326  -.5968861686083743E-06   4   0 0  0 0  0 1  1 2
   327  -.4952260046203484E-06   4   0 0  0 0  0 0  2 2
   328  0.1291051446073370E-08   4   0 0  0 0  0 1  0 3
   329  0.1289314009882391E-08   4   0 0  0 0  0 0  1 3
   ----------------------------------------------------
     I  COEFFICIENT            ORDER EXPONENTS
     1  0.6721345099529639E-05   0   0 0  0 0  0 0  0 0
     2  -.3984275982061563E-04   1   1 0  0 0  0 0  0 0
     3  -.1015334767384428E-04   1   0 1  0 0  0 0  0 0
     4   1.322058865995739       1   0 0  1 0  0 0  0 0
     5  0.7415351930378986       1   0 0  0 1  0 0  0 0
     6  -.6310733709140130E-06   1   0 0  0 0  0 1  0 0
     7  -.6302241021129051E-06   1   0 0  0 0  0 0  1 0
     8  0.1261297472737954E-05   1   0 0  0 0  0 0  0 1
     9  0.7153378644554436E-05   2   2 0  0 0  0 0  0 0
    10  -.2076020162536220E-05   2   1 1  0 0  0 0  0 0
    11  0.4289564485558345E-06   2   0 2  0 0  0 0  0 0
    12  -.2657270032851090E-03   2   1 0  1 0  0 0  0 0
    13  -.1456978811850342E-05   2   0 1  1 0  0 0  0 0
    14  -.5196530108213825E-05   2   0 0  2 0  0 0  0 0
    15  0.3811958346537399E-04   2   1 0  0 1  0 0  0 0
    16  0.1793940441759843E-04   2   0 1  0 1  0 0  0 0
    17  0.9353510937395339E-05   2   0 0  1 1  0 0  0 0
    18  0.4332571775698979E-05   2   0 0  0 2  0 0  0 0
    19  0.1996348543296691E-04   2   1 0  0 0  0 1  0 0
    20  0.1016210744634948E-04   2   0 1  0 0  0 1  0 0
    21  -.1681846830560689       2   0 0  1 0  0 1  0 0
    22  -.4125304340258281       2   0 0  0 1  0 1  0 0
    23  0.1993661951511762E-04   2   1 0  0 0  0 0  1 0
    24  0.1014843176107176E-04   2   0 1  0 0  0 0  1 0
    25  -.1679583480358803       2   0 0  1 0  0 0  1 0
    26  -.4119752700096025       2   0 0  0 1  0 0  1 0
    27  -.3990010494808452E-04   2   1 0  0 0  0 0  0 1
    28  -.1015719153354553E-04   2   0 1  0 0  0 0  0 1
    29  0.3361430310919489       2   0 0  1 0  0 0  0 1
    30  0.8297051099753450E-01   2   0 0  0 1  0 0  0 1
    31  0.4815676410754083E-06   2   0 0  0 0  0 2  0 0
    32  0.3324635666033360E-06   2   0 0  0 0  0 1  1 0
    33  0.4806958631611925E-06   2   0 0  0 0  0 0  2 0
    34  -.6645270039671359E-06   2   0 0  0 0  0 1  0 1
    35  -.6636327148433151E-06   2   0 0  0 0  0 0  1 1
    36  0.3343124989577126E-07   2   0 0  0 0  0 0  0 2
    37  0.1389873260714094E-04   3   3 0  0 0  0 0  0 0
    38  -.1129368017138168E-04   3   2 1  0 0  0 0  0 0
    39  -.3211190639588782E-04   3   1 2  0 0  0 0  0 0
    40  -.1353295643352057E-04   3   0 3  0 0  0 0  0 0
    41  -.2764520963399085       3   2 0  1 0  0 0  0 0
    42  -.4538974190390284       3   1 1  1 0  0 0  0 0
    43  0.2385512575800642       3   0 2  1 0  0 0  0 0
    44  -.8485631944470841E-04   3   1 0  2 0  0 0  0 0
    45  -.1201013481500511E-03   3   0 1  2 0  0 0  0 0
    46  0.9942730757512533E-01   3   0 0  3 0  0 0  0 0
    47  0.4522322917584720       3   2 0  0 1  0 0  0 0
    48  -.1355238467311564       3   1 1  0 1  0 0  0 0
    49  0.4000905351206887       3   0 2  0 1  0 0  0 0
    50  -.1227122310345467E-03   3   1 0  1 1  0 0  0 0
    51  -.9276992574439028E-04   3   0 1  1 1  0 0  0 0
    52  0.9169095497535673       3   0 0  2 1  0 0  0 0
    53  -.8775032677313583E-04   3   1 0  0 2  0 0  0 0
    54  -.3803382316277130E-04   3   0 1  0 2  0 0  0 0
    55  0.8423524009117096       3   0 0  1 2  0 0  0 0
    56  0.5353881458530095       3   0 0  0 3  0 0  0 0
    57  -.3921140752920981E-05   3   2 0  0 0  0 1  0 0
    58  0.2721646601261750E-05   3   1 1  0 0  0 1  0 0
    59  -.4917458762996614E-06   3   0 2  0 0  0 1  0 0
    60  0.1516715027925639E-03   3   1 0  1 0  0 1  0 0
    61  0.6666794748077248E-05   3   0 1  1 0  0 1  0 0
    62  0.9787703509051901E-06   3   0 0  2 0  0 1  0 0
    63  -.3493604564577514E-04   3   1 0  0 1  0 1  0 0
    64  -.2527443801284164E-04   3   0 1  0 1  0 1  0 0
    65  -.1225390395144568E-04   3   0 0  1 1  0 1  0 0
    66  -.7173240250645912E-05   3   0 0  0 2  0 1  0 0
    67  -.3915863866492700E-05   3   2 0  0 0  0 0  1 0
    68  0.2717983937532581E-05   3   1 1  0 0  0 0  1 0
    69  -.4910841078745006E-06   3   0 2  0 0  0 0  1 0
    70  0.1514673904321363E-03   3   1 0  1 0  0 0  1 0
    71  0.6657822889900590E-05   3   0 1  1 0  0 0  1 0
    72  0.9774531678875756E-06   3   0 0  2 0  0 0  1 0
    73  -.3488903036202244E-04   3   1 0  0 1  0 0  1 0
    74  -.2524042486530667E-04   3   0 1  0 1  0 0  1 0
    75  -.1223741322502564E-04   3   0 0  1 1  0 0  1 0
    76  -.7163586841984352E-05   3   0 0  0 2  0 0  1 0
    77  0.7837004619413623E-05   3   2 0  0 0  0 0  0 1
    78  -.3363610376258181E-05   3   1 1  0 0  0 0  0 1
    79  0.1249170872346517E-06   3   0 2  0 0  0 0  0 1
    80  -.3031388932247243E-03   3   1 0  1 0  0 0  0 1
    81  -.1186763882610849E-04   3   0 1  1 0  0 0  0 1
    82  -.1956223518792268E-05   3   0 0  2 0  0 0  0 1
    83  0.3170549254239127E-04   3   1 0  0 1  0 0  0 1
    84  0.1463605404297831E-04   3   0 1  0 1  0 0  0 1
    85  0.1513780623907315E-04   3   0 0  1 1  0 0  0 1
    86  0.5671683541231917E-05   3   0 0  0 2  0 0  0 1
    87  -.1499147605770329E-04   3   1 0  0 0  0 2  0 0
    88  -.1016889378920271E-04   3   0 1  0 0  0 2  0 0
    89  0.1296970292142854       3   0 0  1 0  0 2  0 0
    90  0.3306596643890022       3   0 0  0 1  0 2  0 0
    91  -.1003344761799289E-04   3   1 0  0 0  0 1  1 0
    92  -.1017260981355885E-04   3   0 1  0 0  0 1  1 0
    93  0.9131268174793752E-01   3   0 0  1 0  0 1  1 0
    94  0.2490085293051507       3   0 0  0 1  0 1  1 0
    95  -.1496454996527928E-04   3   1 0  0 0  0 0  2 0
    96  -.1014836406175709E-04   3   0 1  0 0  0 0  2 0
    97  0.1294610469129372       3   0 0  1 0  0 0  2 0
    98  0.3300471262244309       3   0 0  0 1  0 0  2 0
    99  0.2005429906765434E-04   3   1 0  0 0  0 1  0 1
   100  0.1017453944806628E-04   3   0 1  0 0  0 1  0 1
   101  -.1825221158310210       3   0 0  1 0  0 1  0 1
   102  -.8526708846240352E-01   3   0 0  0 1  0 1  0 1
   103  0.2002731093709569E-04   3   1 0  0 0  0 0  1 1
   104  0.1016084703238671E-04   3   0 1  0 0  0 0  1 1
   105  -.1822764861695084       3   0 0  1 0  0 0  1 1
   106  -.8515234003325239E-01   3   0 0  0 1  0 0  1 1
   107  -.9158755143646223E-07   3   1 0  0 0  0 0  0 2
   108  -.9639910275811623E-08   3   0 1  0 0  0 0  0 2
   109  0.1432780708369797E-01   3   0 0  1 0  0 0  0 2
   110  0.2239211590789106E-02   3   0 0  0 1  0 0  0 2
   111  -.4069122843595151E-06   3   0 0  0 0  0 3  0 0
   112  -.2577017567441820E-06   3   0 0  0 0  0 2  1 0
   113  -.2580018521125849E-06   3   0 0  0 0  0 1  2 0
   114  -.4059177117406899E-06   3   0 0  0 0  0 0  3 0
   115  0.5153011600905920E-06   3   0 0  0 0  0 2  0 1
   116  0.3664757549465390E-06   3   0 0  0 0  0 1  1 1
   117  0.5143610991972567E-06   3   0 0  0 0  0 0  2 1
   118  -.3401188664173370E-07   3   0 0  0 0  0 1  0 2
   119  -.3396611504765372E-07   3   0 0  0 0  0 0  1 2
   120  0.3718339659375563E-09   3   0 0  0 0  0 0  0 3
   121  0.1493041745422056E-05   4   4 0  0 0  0 0  0 0
   122  -.1662056019479484E-05   4   3 1  0 0  0 0  0 0
   123  -.2277468870218123E-05   4   2 2  0 0  0 0  0 0
   124  -.2892879400384560E-06   4   1 3  0 0  0 0  0 0
   125  -.2863520000783559E-05   4   0 4  0 0  0 0  0 0
   126  0.2146804760783949E-03   4   3 0  1 0  0 0  0 0
   127  0.4859100405259874E-03   4   2 1  1 0  0 0  0 0
   128  0.7418482448541658E-04   4   1 2  1 0  0 0  0 0
   129  -.1741451611565437E-03   4   0 3  1 0  0 0  0 0
   130  0.2413028755734594E-04   4   2 0  2 0  0 0  0 0
   131  0.1113040128572454E-04   4   1 1  2 0  0 0  0 0
   132  -.2403768972529566E-04   4   0 2  2 0  0 0  0 0
   133  0.3934311040869872E-04   4   1 0  3 0  0 0  0 0
   134  0.2055873206207228E-03   4   0 1  3 0  0 0  0 0
   135  -.7707023009864744E-07   4   0 0  4 0  0 0  0 0
   136  -.1324514213365684E-03   4   3 0  0 1  0 0  0 0
   137  0.4115046511194130E-03   4   2 1  0 1  0 0  0 0
   138  0.3491367789121325E-03   4   1 2  0 1  0 0  0 0
   139  -.1316572728909717E-03   4   0 3  0 1  0 0  0 0
   140  0.1390360969092813E-05   4   2 0  1 1  0 0  0 0
   141  0.1178971449230059E-04   4   1 1  1 1  0 0  0 0
   142  -.1467378778549407E-04   4   0 2  1 1  0 0  0 0
   143  -.2240852149394871E-03   4   1 0  2 1  0 0  0 0
   144  0.2778161280831351E-03   4   0 1  2 1  0 0  0 0
   145  -.2909901647336296E-04   4   0 0  3 1  0 0  0 0
   146  -.6604637789213084E-05   4   2 0  0 2  0 0  0 0
   147  -.6710503151607301E-05   4   1 1  0 2  0 0  0 0
   148  -.1645512570006574E-04   4   0 2  0 2  0 0  0 0
   149  0.7396981207060713E-04   4   1 0  1 2  0 0  0 0
   150  -.5067535540585305E-05   4   0 1  1 2  0 0  0 0
   151  -.3455532166832682E-04   4   0 0  2 2  0 0  0 0
   152  0.1961289418415473E-03   4   1 0  0 3  0 0  0 0
   153  -.1245712800397120E-03   4   0 1  0 3  0 0  0 0
   154  -.1863573990953648E-04   4   0 0  1 3  0 0  0 0
   155  -.1254560168714911E-04   4   0 0  0 4  0 0  0 0
   156  -.9100881617899243E-05   4   3 0  0 0  0 1  0 0
   157  -.6662970377413743E-05   4   2 1  0 0  0 1  0 0
   158  0.3825570345100815E-04   4   1 2  0 0  0 1  0 0
   159  0.2565258977109419E-04   4   0 3  0 0  0 1  0 0
   160  0.2295320980442749       4   2 0  1 0  0 1  0 0
   161  0.6642386059374306       4   1 1  1 0  0 1  0 0
   162  -.3242292420339953       4   0 2  1 0  0 1  0 0
   163  0.9247922900388827E-04   4   1 0  2 0  0 1  0 0
   164  0.1561646029589823E-03   4   0 1  2 0  0 1  0 0
   165  -.1547117910268960       4   0 0  3 0  0 1  0 0
   166  -.4735870383661549       4   2 0  0 1  0 1  0 0
   167  0.2461524890194287       4   1 1  0 1  0 1  0 0
   168  -.6259962569476896       4   0 2  0 1  0 1  0 0
   169  0.1907559981587724E-03   4   1 0  1 1  0 1  0 0
   170  0.1708300662255628E-03   4   0 1  1 1  0 1  0 0
   171  -1.223291721523143       4   0 0  2 1  0 1  0 0
   172  0.1467545511030736E-03   4   1 0  0 2  0 1  0 0
   173  0.8208383115819090E-04   4   0 1  0 2  0 1  0 0
   174  -1.417619785001507       4   0 0  1 2  0 1  0 0
   175  -.9266116277099790       4   0 0  0 3  0 1  0 0
   176  -.9088634080327422E-05   4   3 0  0 0  0 0  1 0
   177  -.6654003665894734E-05   4   2 1  0 0  0 0  1 0
   178  0.3820422072823237E-04   4   1 2  0 0  0 0  1 0
   179  0.2561806772474488E-04   4   0 3  0 0  0 0  1 0
   180  0.2292232045641986       4   2 0  1 0  0 0  1 0
   181  0.6633447049260430       4   1 1  1 0  0 0  1 0
   182  -.3237929096004599       4   0 2  1 0  0 0  1 0
   183  0.9235477481592871E-04   4   1 0  2 0  0 0  1 0
   184  0.1559544439961327E-03   4   0 1  2 0  0 0  1 0
   185  -.1545035871900476       4   0 0  3 0  0 0  1 0
   186  -.4729497072493083       4   2 0  0 1  0 0  1 0
   187  0.2458212286004745       4   1 1  0 1  0 0  1 0
   188  -.6251538206872701       4   0 2  0 1  0 0  1 0
   189  0.1904992877265289E-03   4   1 0  1 1  0 0  1 0
   190  0.1706001711734261E-03   4   0 1  1 1  0 0  1 0
   191  -1.221645473176520       4   0 0  2 1  0 0  1 0
   192  0.1465570557445251E-03   4   1 0  0 2  0 0  1 0
   193  0.8197336660671465E-04   4   0 1  0 2  0 0  1 0
   194  -1.415712019105322       4   0 0  1 2  0 0  1 0
   195  -.9253646374512003       4   0 0  0 3  0 0  1 0
   196  0.1818951569822692E-04   4   3 0  0 0  0 0  0 1
   197  0.2461065421470116E-04   4   2 1  0 0  0 0  0 1
   198  -.1223611138748367E-04   4   1 2  0 0  0 0  0 1
   199  -.1067178819526864E-04   4   0 3  0 0  0 0  0 1
   200  -.4587553026084781       4   2 0  1 0  0 0  0 1
   201  -.8736858918244486       4   1 1  1 0  0 0  0 1
   202  0.1709196364743236       4   0 2  1 0  0 0  0 1
   203  -.1848340038198108E-03   4   1 0  2 0  0 0  0 1
   204  -.1920176988050246E-03   4   0 1  2 0  0 0  0 1
   205  0.3092153782169088       4   0 0  3 0  0 0  0 1
   206  0.4943044538569868       4   2 0  0 1  0 0  0 1
   207  -.2209260241575922       4   1 1  0 1  0 0  0 1
   208  0.5087847227289111E-01   4   0 2  0 1  0 0  0 1
   209  -.2585430548507409E-03   4   1 0  1 1  0 0  0 1
   210  -.1558903859101008E-03   4   0 1  1 1  0 0  0 1
   211   1.528027644946132       4   0 0  2 1  0 0  0 1
   212  -.1178109533012951E-03   4   1 0  0 2  0 0  0 1
   213  -.4995572827653647E-04   4   0 1  0 2  0 0  0 1
   214   1.148627002283324       4   0 0  1 2  0 0  0 1
   215  0.2458118276021442       4   0 0  0 3  0 0  0 1
   216  -.3135865349228902E-05   4   2 0  0 0  0 2  0 0
   217  -.1851093043010682E-05   4   1 1  0 0  0 2  0 0
   218  -.6965018135033855E-05   4   0 2  0 0  0 2  0 0
   219  -.3158221862003951E-04   4   1 0  1 0  0 2  0 0
   220  -.1941674372146629E-03   4   0 1  1 0  0 2  0 0
   221  -.1391903664845806E-04   4   0 0  2 0  0 2  0 0
   222  0.8497357583248620E-04   4   1 0  0 1  0 2  0 0
   223  -.2177356747066197E-03   4   0 1  0 1  0 2  0 0
   224  -.1290902417952808E-04   4   0 0  1 1  0 2  0 0
   225  -.1607515914393175E-04   4   0 0  0 2  0 2  0 0
   226  -.3938558078882931E-05   4   2 0  0 0  0 1  1 0
   227  -.1635692221557271E-05   4   1 1  0 0  0 1  1 0
   228  -.8541809913156325E-05   4   0 2  0 0  0 1  1 0
   229  0.8345352132057483E-05   4   1 0  1 0  0 1  1 0
   230  -.2287076542823294E-03   4   0 1  1 0  0 1  1 0
   231  -.1447691139592549E-04   4   0 0  2 0  0 1  1 0
   232  0.9397405033082537E-04   4   1 0  0 1  0 1  1 0
   233  -.2656430615118731E-03   4   0 1  0 1  0 1  1 0
   234  -.1683062589789572E-04   4   0 0  1 1  0 1  1 0
   235  -.1972097620591845E-04   4   0 0  0 2  0 1  1 0
   236  -.3128995086505462E-05   4   2 0  0 0  0 0  2 0
   237  -.1847501310484391E-05   4   1 1  0 0  0 0  2 0
   238  -.6949897359266006E-05   4   0 2  0 0  0 0  2 0
   239  -.3154533214943060E-04   4   1 0  1 0  0 0  2 0
   240  -.1937522438372013E-03   4   0 1  1 0  0 0  2 0
   241  -.1389056389236946E-04   4   0 0  2 0  0 0  2 0
   242  0.8479598947475913E-04   4   1 0  0 1  0 0  2 0
   243  -.2172639113407043E-03   4   0 1  0 1  0 0  2 0
   244  -.1288032689157961E-04   4   0 0  1 1  0 0  2 0
   245  -.1604025617215543E-04   4   0 0  0 2  0 0  2 0
   246  0.1095663232832604E-05   4   2 0  0 0  0 1  0 1
   247  0.1491486153328996E-05   4   1 1  0 0  0 1  0 1
   248  0.1389701113437154E-05   4   0 2  0 0  0 1  0 1
   249  0.2045458330509743E-04   4   1 0  1 0  0 1  0 1
   250  0.1670244985128458E-03   4   0 1  1 0  0 1  0 1
   251  0.1488813516750739E-04   4   0 0  2 0  0 1  0 1
   252  -.1054007466081040E-03   4   1 0  0 1  0 1  0 1
   253  0.3181844507023983E-04   4   0 1  0 1  0 1  0 1
   254  0.5173081829247164E-05   4   0 0  1 1  0 1  0 1
   255  -.1771972446387695E-05   4   0 0  0 2  0 1  0 1
   256  0.1094188740890673E-05   4   2 0  0 0  0 0  1 1
   257  0.1489478981555160E-05   4   1 1  0 0  0 0  1 1
   258  0.1387830919173050E-05   4   0 2  0 0  0 0  1 1
   259  0.2042705649087732E-04   4   1 0  1 0  0 0  1 1
   260  0.1667997248143394E-03   4   0 1  1 0  0 0  1 1
   261  0.1486809941685253E-04   4   0 0  2 0  0 0  1 1
   262  -.1052589032506840E-03   4   1 0  0 1  0 0  1 1
   263  0.3177562530641592E-04   4   0 1  0 1  0 0  1 1
   264  0.5166120139520332E-05   4   0 0  1 1  0 0  1 1
   265  -.1769587809379471E-05   4   0 0  0 2  0 0  1 1
   266  0.1364594363590483E-05   4   2 0  0 0  0 0  0 2
   267  0.4834712520969473E-06   4   1 1  0 0  0 0  0 2
   268  -.2626223792209023E-08   4   0 2  0 0  0 0  0 2
   269  0.3762320143334287E-04   4   1 0  1 0  0 0  0 2
   270  -.1631605765159813E-05   4   0 1  1 0  0 0  0 2
   271  0.1399481445425444E-05   4   0 0  2 0  0 0  0 2
   272  0.1985467483524512E-04   4   1 0  0 1  0 0  0 2
   273  0.2432033077631758E-05   4   0 1  0 1  0 0  0 2
   274  0.4002460233915059E-05   4   0 0  1 1  0 0  0 2
   275  0.1059895685146716E-05   4   0 0  0 2  0 0  0 2
   276  0.1251172395854946E-04   4   1 0  0 0  0 3  0 0
   277  0.1016911875842667E-04   4   0 1  0 0  0 3  0 0
   278  -.1104969172009551       4   0 0  1 0  0 3  0 0
   279  -.2900353833606561       4   0 0  0 1  0 3  0 0
   280  0.7555185556556442E-05   4   1 0  0 0  0 2  1 0
   281  0.1017234687464495E-04   4   0 1  0 0  0 2  1 0
   282  -.7212253446973982E-01   4   0 0  1 0  0 2  1 0
   283  -.2088409267042641       4   0 0  0 1  0 2  1 0
   284  0.7565156981191290E-05   4   1 0  0 0  0 1  2 0
   285  0.1017231273309982E-04   4   0 1  0 0  0 1  2 0
   286  -.7219969795008110E-01   4   0 0  1 0  0 1  2 0
   287  -.2090040403108553       4   0 0  0 1  0 1  2 0
   288  0.1248139057621474E-04   4   1 0  0 0  0 0  3 0
   289  0.1014175556848262E-04   4   0 1  0 0  0 0  3 0
   290  -.1102254007750151       4   0 0  1 0  0 0  3 0
   291  -.2893095747613981       4   0 0  0 1  0 0  3 0
   292  -.1510646034376659E-04   4   1 0  0 0  0 2  0 1
   293  -.1018388424089661E-04   4   0 1  0 0  0 2  0 1
   294  0.1442191739115838       4   0 0  1 0  0 2  0 1
   295  0.8696799326696103E-01   4   0 0  0 1  0 2  0 1
   296  -.1017190243683804E-04   4   1 0  0 0  0 1  1 1
   297  -.1019318545559726E-04   4   0 1  0 0  0 1  1 1
   298  0.1060189940234897       4   0 0  1 0  0 1  1 1
   299  0.8866416565344294E-01   4   0 0  0 1  0 1  1 1
   300  -.1507928634792502E-04   4   1 0  0 0  0 0  2 1
   301  -.1016332049513749E-04   4   0 1  0 0  0 0  2 1
   302  0.1439537528613227       4   0 0  1 0  0 0  2 1
   303  0.8679129581251502E-01   4   0 0  0 1  0 0  2 1
   304  0.1375918992748193E-06   4   1 0  0 0  0 1  0 2
   305  0.1929980575703507E-07   4   0 1  0 0  0 1  0 2
   306  -.1470653597402709E-01   4   0 0  1 0  0 1  0 2
   307  -.3399437945440402E-02   4   0 0  0 1  0 1  0 2
   308  0.1374067345816075E-06   4   1 0  0 0  0 0  1 2
   309  0.1927383298817071E-07   4   0 1  0 0  0 0  1 2
   310  -.1468674461101370E-01   4   0 0  1 0  0 0  1 2
   311  -.3394863142065836E-02   4   0 0  0 1  0 0  1 2
   312  -.3060784364019443E-07   4   1 0  0 0  0 0  0 3
   313  -.3217969292634577E-08   4   0 1  0 0  0 0  0 3
   314  0.2458888058803751E-03   4   0 0  1 0  0 0  0 3
   315  0.2555543837893087E-04   4   0 0  0 1  0 0  0 3
   316  -.1510814397566145E-05   4   0 0  0 0  0 4  0 0
   317  -.9152857833102811E-06   4   0 0  0 0  0 3  1 0
   318  -.8356017539112353E-06   4   0 0  0 0  0 2  2 0
   319  -.9169895858611107E-06   4   0 0  0 0  0 1  3 0
   320  -.1506134735041574E-05   4   0 0  0 0  0 0  4 0
   321  -.2879206746217487E-07   4   0 0  0 0  0 3  0 1
   322  0.1859399366805524E-07   4   0 0  0 0  0 2  1 1
   323  0.1849841698875237E-07   4   0 0  0 0  0 1  2 1
   324  -.2874644161228110E-07   4   0 0  0 0  0 0  3 1
   325  0.1769209970660166E-07   4   0 0  0 0  0 2  0 2
   326  0.2228231923998792E-07   4   0 0  0 0  0 1  1 2
   327  0.1765329726505773E-07   4   0 0  0 0  0 0  2 2
   328  -.2997305416060077E-09   4   0 0  0 0  0 1  0 3
   329  -.2993271783689254E-09   4   0 0  0 0  0 0  1 3
   ----------------------------------------------------
     I  COEFFICIENT            ORDER EXPONENTS
     1  0.4321164319823508E-05   0   0 0  0 0  0 0  0 0
     2  -.1136702847635486E-03   1   1 0  0 0  0 0  0 0
     3  -.3520813650662011E-04   1   0 1  0 0  0 0  0 0
     4  0.9401723140642867       1   0 0  1 0  0 0  0 0
     5   1.283733199697592       1   0 0  0 1  0 0  0 0
     6  -.9498208180160760E-07   1   0 0  0 0  0 1  0 0
     7  -.9485425939226193E-07   1   0 0  0 0  0 0  1 0
     8  0.4511000661017448E-05   1   0 0  0 0  0 0  0 1
     9  0.2212434140613125E-05   2   2 0  0 0  0 0  0 0
    10  -.1595536825191326E-04   2   1 1  0 0  0 0  0 0
    11  -.2674965889949414E-05   2   0 2  0 0  0 0  0 0
    12  -.2419229128492868E-03   2   1 0  1 0  0 0  0 0
    13  0.1867779693472208E-03   2   0 1  1 0  0 0  0 0
    14  -.6712080468555825E-05   2   0 0  2 0  0 0  0 0
    15  0.1494390860596746E-03   2   1 0  0 1  0 0  0 0
    16  0.1189347324826579E-03   2   0 1  0 1  0 0  0 0
    17  0.9214453635123389E-05   2   0 0  1 1  0 0  0 0
    18  0.1125018676111715E-05   2   0 0  0 2  0 0  0 0
    19  0.1845131884226750E-06   2   1 0  0 0  0 1  0 0
    20  0.1763714294961088E-04   2   0 1  0 0  0 1  0 0
    21  -.3149644771901856E-01   2   0 0  1 0  0 1  0 0
    22  -.1477250073796683       2   0 0  0 1  0 1  0 0
    23  0.1842648792694241E-06   2   1 0  0 0  0 0  1 0
    24  0.1761340771383903E-04   2   0 1  0 0  0 0  1 0
    25  -.3145406128405331E-01   2   0 0  1 0  0 0  1 0
    26  -.1475262060267750       2   0 0  0 1  0 0  1 0
    27  -.1140390628312409E-03   2   1 0  0 0  0 0  0 1
    28  -.3525055066327033E-04   2   0 1  0 0  0 0  0 1
    29   1.003122823067361       2   0 0  1 0  0 0  0 1
    30  0.2952512134064468       2   0 0  0 1  0 0  0 1
    31  0.6774925592228160E-07   2   0 0  0 0  0 2  0 0
    32  0.4058981034216873E-07   2   0 0  0 0  0 1  1 0
    33  0.6763077027868272E-07   2   0 0  0 0  0 0  2 0
    34  -.1760890279103410E-06   2   0 0  0 0  0 1  0 1
    35  -.1758520555954283E-06   2   0 0  0 0  0 0  1 1
    36  0.1759707759734336E-06   2   0 0  0 0  0 0  0 2
    37  0.6761606238352888E-04   3   3 0  0 0  0 0  0 0
    38  0.6677673140329741E-04   3   2 1  0 0  0 0  0 0
    39  0.2297752018565027E-04   3   1 2  0 0  0 0  0 0
    40  -.1481592809302584E-04   3   0 3  0 0  0 0  0 0
    41  -1.421644448600395       3   2 0  1 0  0 0  0 0
    42  -1.360184180196718       3   1 1  1 0  0 0  0 0
    43  0.2642004152337664       3   0 2  1 0  0 0  0 0
    44  -.1534065758542286E-03   3   1 0  2 0  0 0  0 0
    45  -.5668410453309300E-04   3   0 1  2 0  0 0  0 0
    46  -.7421709086854784       3   0 0  3 0  0 0  0 0
    47  -.2073524929803809       3   2 0  0 1  0 0  0 0
    48  -.4185569130094003       3   1 1  0 1  0 0  0 0
    49  0.2010740832756574       3   0 2  0 1  0 0  0 0
    50  -.8941336551581551E-04   3   1 0  1 1  0 0  0 0
    51  0.7694545314787489E-04   3   0 1  1 1  0 0  0 0
    52  -.8864194950670851       3   0 0  2 1  0 0  0 0
    53  -.1474432003823547E-04   3   1 0  0 2  0 0  0 0
    54  0.1103562008474543E-04   3   0 1  0 2  0 0  0 0
    55  -.7884838109817633       3   0 0  1 2  0 0  0 0
    56  -.3932575547162050E-01   3   0 0  0 3  0 0  0 0
    57  -.1483465852540916E-05   3   2 0  0 0  0 1  0 0
    58  0.8926044431581939E-05   3   1 1  0 0  0 1  0 0
    59  0.2918762060064288E-05   3   0 2  0 0  0 1  0 0
    60  0.1244670896807679E-03   3   1 0  1 0  0 1  0 0
    61  -.7213024571367098E-04   3   0 1  1 0  0 1  0 0
    62  0.4556159231185586E-05   3   0 0  2 0  0 1  0 0
    63  -.3840694644430741E-04   3   1 0  0 1  0 1  0 0
    64  -.1086459593022501E-03   3   0 1  0 1  0 1  0 0
    65  -.1527924759241955E-05   3   0 0  1 1  0 1  0 0
    66  -.4569562752923017E-06   3   0 0  0 2  0 1  0 0
    67  -.1481469474109898E-05   3   2 0  0 0  0 0  1 0
    68  0.8914032181655877E-05   3   1 1  0 0  0 0  1 0
    69  0.2914834127640361E-05   3   0 2  0 0  0 0  1 0
    70  0.1242995877374070E-03   3   1 0  1 0  0 0  1 0
    71  -.7203317622836933E-04   3   0 1  1 0  0 0  1 0
    72  0.4550027766808749E-05   3   0 0  2 0  0 0  1 0
    73  -.3835526018583782E-04   3   1 0  0 1  0 0  1 0
    74  -.1084997486905274E-03   3   0 1  0 1  0 0  1 0
    75  -.1525868550122170E-05   3   0 0  1 1  0 0  1 0
    76  -.4563413250776667E-06   3   0 0  0 2  0 0  1 0
    77  0.5177369467263827E-05   3   2 0  0 0  0 0  0 1
    78  -.1784007661323789E-04   3   1 1  0 0  0 0  0 1
    79  -.3158630297755294E-05   3   0 2  0 0  0 0  0 1
    80  -.4906895902674620E-03   3   1 0  1 0  0 0  0 1
    81  0.1441634219420378E-03   3   0 1  1 0  0 0  0 1
    82  -.1581826746655039E-04   3   0 0  2 0  0 0  0 1
    83  0.7676220663014548E-04   3   1 0  0 1  0 0  0 1
    84  0.9821097551011863E-04   3   0 1  0 1  0 0  0 1
    85  0.3053793309359747E-05   3   0 0  1 1  0 0  0 1
    86  -.2117210757427452E-06   3   0 0  0 2  0 0  0 1
    87  -.1822321357186546E-06   3   1 0  0 0  0 2  0 0
    88  -.1324428435216693E-04   3   0 1  0 0  0 2  0 0
    89  0.2398664223417251E-01   3   0 0  1 0  0 2  0 0
    90  0.1136982442934426       3   0 0  0 1  0 2  0 0
    91  -.1818143273118081E-06   3   1 0  0 0  0 1  1 0
    92  -.8861500886487062E-05   3   0 1  0 0  0 1  1 0
    93  0.1649701988408537E-01   3   0 0  1 0  0 1  1 0
    94  0.7976281328757831E-01   3   0 0  0 1  0 1  1 0
    95  -.1818645577157896E-06   3   1 0  0 0  0 0  2 0
    96  -.1322049812333443E-04   3   0 1  0 0  0 0  2 0
    97  0.2394326168556219E-01   3   0 0  1 0  0 0  2 0
    98  0.1134915640371692       3   0 0  0 1  0 0  2 0
    99  0.5495094377225888E-06   3   1 0  0 0  0 1  0 1
   100  0.1770789454350143E-04   3   0 1  0 0  0 1  0 1
   101  -.6447035878744162E-01   3   0 0  1 0  0 1  0 1
   102  -.1594343397661452       3   0 0  0 1  0 1  0 1
   103  0.5487699338189727E-06   3   1 0  0 0  0 0  1 1
   104  0.1768406409356919E-04   3   0 1  0 0  0 0  1 1
   105  -.6438359761697136E-01   3   0 0  1 0  0 0  1 1
   106  -.1592197805455719       3   0 0  0 1  0 0  1 1
   107  -.5514391425716213E-06   3   1 0  0 0  0 0  0 2
   108  -.6921249873556736E-07   3   0 1  0 0  0 0  0 2
   109  0.6442700496949827E-01   3   0 0  1 0  0 0  0 2
   110  0.1170146851296115E-01   3   0 0  0 1  0 0  0 2
   111  -.5622047690864664E-07   3   0 0  0 0  0 3  0 0
   112  -.3317256103073014E-07   3   0 0  0 0  0 2  1 0
   113  -.3321893354070948E-07   3   0 0  0 0  0 1  2 0
   114  -.5608469771746640E-07   3   0 0  0 0  0 0  3 0
   115  0.1340837356488181E-06   3   0 0  0 0  0 2  0 1
   116  0.9219118197916703E-07   3   0 0  0 0  0 1  1 1
   117  0.1338412588410863E-06   3   0 0  0 0  0 0  2 1
   118  -.9213449139440540E-07   3   0 0  0 0  0 1  0 2
   119  -.9201050113811250E-07   3   0 0  0 0  0 0  1 2
   120  0.2724738853009905E-08   3   0 0  0 0  0 0  0 3
   121  0.5719106003017431E-05   4   4 0  0 0  0 0  0 0
   122  -.6213761144643123E-06   4   3 1  0 0  0 0  0 0
   123  -.4310971746186228E-05   4   2 2  0 0  0 0  0 0
   124  0.1529102293847478E-05   4   1 3  0 0  0 0  0 0
   125  -.3247295403585681E-05   4   0 4  0 0  0 0  0 0
   126  0.9613825541060363E-09   4   3 0  1 0  0 0  0 0
   127  -.7294752327927960E-03   4   2 1  1 0  0 0  0 0
   128  -.3222643148781109E-03   4   1 2  1 0  0 0  0 0
   129  -.1548195600683453E-03   4   0 3  1 0  0 0  0 0
   130  0.3995359743625615E-05   4   2 0  2 0  0 0  0 0
   131  -.8423401879423355E-04   4   1 1  2 0  0 0  0 0
   132  -.1565634918049051E-04   4   0 2  2 0  0 0  0 0
   133  0.2953419480117632E-08   4   1 0  3 0  0 0  0 0
   134  -.3690642905218251E-08   4   0 1  3 0  0 0  0 0
   135  -.9436343534094068E-05   4   0 0  4 0  0 0  0 0
   136  -.3647414968760078E-03   4   3 0  0 1  0 0  0 0
   137  -.5046301715479908E-03   4   2 1  0 1  0 0  0 0
   138  0.4967754289582280E-04   4   1 2  0 1  0 0  0 0
   139  -.8907031877414501E-05   4   0 3  0 1  0 0  0 0
   140  -.2996780478693721E-04   4   2 0  1 1  0 0  0 0
   141  -.8877758307183061E-04   4   1 1  1 1  0 0  0 0
   142  0.1844265821206846E-04   4   0 2  1 1  0 0  0 0
   143  -.5712462206064111E-03   4   1 0  2 1  0 0  0 0
   144  -.7715549724357379E-04   4   0 1  2 1  0 0  0 0
   145  -.5467240199205695E-04   4   0 0  3 1  0 0  0 0
   146  0.4961837114473845E-05   4   2 0  0 2  0 0  0 0
   147  -.2108222307657944E-04   4   1 1  0 2  0 0  0 0
   148  -.6422337433688301E-06   4   0 2  0 2  0 0  0 0
   149  -.3296224286043537E-03   4   1 0  1 2  0 0  0 0
   150  -.1691176988789546E-03   4   0 1  1 2  0 0  0 0
   151  -.4033727303536214E-04   4   0 0  2 2  0 0  0 0
   152  -.5151877120667142E-04   4   1 0  0 3  0 0  0 0
   153  -.3088022043932959E-04   4   0 1  0 3  0 0  0 0
   154  -.9738320824294730E-06   4   0 0  1 3  0 0  0 0
   155  0.2522275528810644E-05   4   0 0  0 4  0 0  0 0
   156  -.3198782439025149E-04   4   3 0  0 0  0 1  0 0
   157  -.6723798447326646E-04   4   2 1  0 0  0 1  0 0
   158  -.3487268658490178E-04   4   1 2  0 0  0 1  0 0
   159  0.2079795247555888E-04   4   0 3  0 0  0 1  0 0
   160  0.6121711187195971       4   2 0  1 0  0 1  0 0
   161   1.345352586234617       4   1 1  1 0  0 1  0 0
   162  -.1740464458465282       4   0 2  1 0  0 1  0 0
   163  0.4565211006185946E-04   4   1 0  2 0  0 1  0 0
   164  0.5190518743814229E-04   4   0 1  2 0  0 1  0 0
   165  0.4881597256435294       4   0 0  3 0  0 1  0 0
   166  0.1592594457536591       4   2 0  0 1  0 1  0 0
   167  0.6083584718965125       4   1 1  0 1  0 1  0 0
   168  -.2677011279883763       4   0 2  0 1  0 1  0 0
   169  0.6784360942768997E-04   4   1 0  1 1  0 1  0 0
   170  -.6272885205153045E-04   4   0 1  1 1  0 1  0 0
   171  0.9956364346131317       4   0 0  2 1  0 1  0 0
   172  0.1835741145076362E-04   4   1 0  0 2  0 1  0 0
   173  -.1402611148326506E-04   4   0 1  0 2  0 1  0 0
   174  0.9968210923485584       4   0 0  1 2  0 1  0 0
   175  0.8188725691414940E-01   4   0 0  0 3  0 1  0 0
   176  -.3194477668372082E-04   4   3 0  0 0  0 0  1 0
   177  -.6714749876257898E-04   4   2 1  0 0  0 0  1 0
   178  -.3482575656678899E-04   4   1 2  0 0  0 0  1 0
   179  0.2076996357129082E-04   4   0 3  0 0  0 0  1 0
   180  0.6113472876786467       4   2 0  1 0  0 0  1 0
   181   1.343542074128336       4   1 1  1 0  0 0  1 0
   182  -.1738122223422307       4   0 2  1 0  0 0  1 0
   183  0.4559067360368949E-04   4   1 0  2 0  0 0  1 0
   184  0.5183533588312751E-04   4   0 1  2 0  0 0  1 0
   185  0.4875027832907103       4   0 0  3 0  0 0  1 0
   186  0.1590451218972006       4   2 0  0 1  0 0  1 0
   187  0.6075397717359804       4   1 1  0 1  0 0  1 0
   188  -.2673408684266455       4   0 2  0 1  0 0  1 0
   189  0.6775230869554589E-04   4   1 0  1 1  0 0  1 0
   190  -.6264443451869548E-04   4   0 1  1 1  0 0  1 0
   191  0.9942965540216427       4   0 0  2 1  0 0  1 0
   192  0.1833270691161444E-04   4   1 0  0 2  0 0  1 0
   193  -.1400723580343757E-04   4   0 1  0 2  0 0  1 0
   194  0.9954796175006199       4   0 0  1 2  0 0  1 0
   195  0.8177705690289885E-01   4   0 0  0 3  0 0  1 0
   196  0.1315486634575015E-03   4   3 0  0 0  0 0  0 1
   197  0.1343854832358464E-03   4   2 1  0 0  0 0  0 1
   198  0.4672092296604090E-04   4   1 2  0 0  0 0  0 1
   199  -.1193605986079767E-04   4   0 3  0 0  0 0  0 1
   200  -2.645162854998644       4   2 0  1 0  0 0  0 1
   201  -2.688894660362955       4   1 1  1 0  0 0  0 1
   202  0.8365825295498704E-01   4   0 2  1 0  0 0  0 1
   203  -.2446493595197670E-03   4   1 0  2 0  0 0  0 1
   204  -.1037405233212688E-03   4   0 1  2 0  0 0  0 1
   205  -1.717833417619778       4   0 0  3 0  0 0  0 1
   206  -.3183045676508677       4   2 0  0 1  0 0  0 1
   207  -.7973413306230965       4   1 1  0 1  0 0  0 1
   208  0.1328938298637045       4   0 2  0 1  0 0  0 1
   209  -.1355959181232358E-03   4   1 0  1 1  0 0  0 1
   210  0.4842783342236866E-04   4   0 1  1 1  0 0  0 1
   211  -1.989932988634792       4   0 0  2 1  0 0  0 1
   212  -.2194579832413354E-04   4   1 0  0 2  0 0  0 1
   213  0.5962107117215673E-05   4   0 1  0 2  0 0  0 1
   214  -1.203816898867557       4   0 0  1 2  0 0  0 1
   215  -.8501280287383062E-01   4   0 0  0 3  0 0  0 1
   216  0.1403117676736693E-05   4   2 0  0 0  0 2  0 0
   217  0.1409233268700291E-05   4   1 1  0 0  0 2  0 0
   218  -.6312357026467432E-05   4   0 2  0 0  0 2  0 0
   219  0.1580746838704236E-03   4   1 0  1 0  0 2  0 0
   220  -.1317525786065775E-03   4   0 1  1 0  0 2  0 0
   221  0.9444909549276588E-05   4   0 0  2 0  0 2  0 0
   222  0.1521418100438375E-03   4   1 0  0 1  0 2  0 0
   223  -.2627747839911164E-04   4   0 1  0 1  0 2  0 0
   224  0.2900148979161478E-04   4   0 0  1 1  0 2  0 0
   225  0.6727241856297239E-05   4   0 0  0 2  0 2  0 0
   226  0.4173882886619730E-06   4   2 0  0 0  0 1  1 0
   227  0.4214362953584123E-05   4   1 1  0 0  0 1  1 0
   228  -.6907436384320662E-05   4   0 2  0 0  0 1  1 0
   229  0.1907506929022292E-03   4   1 0  1 0  0 1  1 0
   230  -.1556787837749588E-03   4   0 1  1 0  0 1  1 0
   231  0.1033670227883146E-04   4   0 0  2 0  0 1  1 0
   232  0.1453416429122057E-03   4   1 0  0 1  0 1  1 0
   233  -.5002058601185196E-04   4   0 1  0 1  0 1  1 0
   234  0.2914914140662893E-04   4   0 0  1 1  0 1  1 0
   235  0.7169945608493173E-05   4   0 0  0 2  0 1  1 0
   236  0.1400948576349963E-05   4   2 0  0 0  0 0  2 0
   237  0.1404501043458720E-05   4   1 1  0 0  0 0  2 0
   238  -.6299214302697374E-05   4   0 2  0 0  0 0  2 0
   239  0.1577336027643032E-03   4   1 0  1 0  0 0  2 0
   240  -.1314705196104135E-03   4   0 1  1 0  0 0  2 0
   241  0.9425243711737552E-05   4   0 0  2 0  0 0  2 0
   242  0.1518392677994170E-03   4   1 0  0 1  0 0  2 0
   243  -.2620845773346369E-04   4   0 1  0 1  0 0  2 0
   244  0.2894284718306492E-04   4   0 0  1 1  0 0  2 0
   245  0.6713364163803632E-05   4   0 0  0 2  0 0  2 0
   246  -.3540097821149971E-05   4   2 0  0 0  0 1  0 1
   247  -.3465525420692351E-05   4   1 1  0 0  0 1  0 1
   248  0.4819741355738813E-05   4   0 2  0 0  0 1  0 1
   249  -.2534497065475409E-03   4   1 0  1 0  0 1  0 1
   250  0.1012559458617827E-03   4   0 1  1 0  0 1  0 1
   251  -.1904820567457257E-04   4   0 0  2 0  0 1  0 1
   252  -.2034672264466871E-03   4   1 0  0 1  0 1  0 1
   253  -.4001686637304965E-05   4   0 1  0 1  0 1  0 1
   254  -.3789387586973560E-04   4   0 0  1 1  0 1  0 1
   255  -.7675724595936568E-05   4   0 0  0 2  0 1  0 1
   256  -.3535333724341300E-05   4   2 0  0 0  0 0  1 1
   257  -.3460861679905735E-05   4   1 1  0 0  0 0  1 1
   258  0.4813255174968825E-05   4   0 2  0 0  0 0  1 1
   259  -.2531086258771398E-03   4   1 0  1 0  0 0  1 1
   260  0.1011196803818693E-03   4   0 1  1 0  0 0  1 1
   261  -.1902257149708660E-04   4   0 0  2 0  0 0  1 1
   262  -.2031934098424141E-03   4   1 0  0 1  0 0  1 1
   263  -.3996301356021557E-05   4   0 1  0 1  0 0  1 1
   264  -.3784288007746678E-04   4   0 0  1 1  0 0  1 1
   265  -.7665394967519770E-05   4   0 0  0 2  0 0  1 1
   266  0.3853977278265187E-05   4   2 0  0 0  0 0  0 2
   267  0.3517816068150217E-05   4   1 1  0 0  0 0  0 2
   268  0.5936645212118793E-06   4   0 2  0 0  0 0  0 2
   269  -.6471121540261553E-09   4   1 0  1 0  0 0  0 2
   270  -.1773533160096760E-09   4   0 1  1 0  0 0  0 2
   271  0.8863921223320014E-05   4   0 0  2 0  0 0  0 2
   272  0.1652944308819471E-04   4   1 0  0 1  0 0  0 2
   273  0.2232399322217484E-05   4   0 1  0 1  0 0  0 2
   274  0.7142724208551240E-05   4   0 0  1 1  0 0  0 2
   275  0.1034702718141889E-05   4   0 0  0 2  0 0  0 2
   276  0.1838646124004304E-06   4   1 0  0 0  0 3  0 0
   277  0.1104948618751169E-04   4   0 1  0 0  0 3  0 0
   278  -.2023652828698540E-01   4   0 0  1 0  0 3  0 0
   279  -.9671944698051553E-01   4   0 0  0 1  0 3  0 0
   280  0.1855102534761263E-06   4   1 0  0 0  0 2  1 0
   281  0.6664504910449935E-05   4   0 1  0 0  0 2  1 0
   282  -.1274133422909395E-01   4   0 0  1 0  0 2  1 0
   283  -.6278471705697689E-01   4   0 0  0 1  0 2  1 0
   284  0.1855064320472710E-06   4   1 0  0 0  0 1  2 0
   285  0.6673326545396606E-05   4   0 1  0 0  0 1  2 0
   286  -.1275640927341182E-01   4   0 0  1 0  0 1  2 0
   287  -.6285295595159329E-01   4   0 0  0 1  0 1  2 0
   288  0.1833688006282263E-06   4   1 0  0 0  0 0  3 0
   289  0.1102270303089360E-04   4   0 1  0 0  0 0  3 0
   290  -.2018711645660413E-01   4   0 0  1 0  0 0  3 0
   291  -.9648201688462456E-01   4   0 0  0 1  0 0  3 0
   292  -.5518934870953670E-06   4   1 0  0 0  0 2  0 1
   293  -.1332923953871259E-04   4   0 1  0 0  0 2  0 1
   294  0.4946422274429762E-01   4   0 0  1 0  0 2  0 1
   295  0.1255465280522956       4   0 0  0 1  0 2  0 1
   296  -.5542701245862965E-06   4   1 0  0 0  0 1  1 1
   297  -.8962337639116740E-05   4   0 1  0 0  0 1  1 1
   298  0.3449835904341034E-01   4   0 0  1 0  0 1  1 1
   299  0.9174963683461432E-01   4   0 0  0 1  0 1  1 1
   300  -.5507778195362502E-06   4   1 0  0 0  0 0  2 1
   301  -.1330527113051887E-04   4   0 1  0 0  0 0  2 1
   302  0.4937444299162157E-01   4   0 0  1 0  0 0  2 1
   303  0.1253158372830264       4   0 0  0 1  0 0  2 1
   304  0.5522272007021691E-06   4   1 0  0 0  0 1  0 2
   305  0.1039750136550901E-06   4   0 1  0 0  0 1  0 2
   306  -.3447819644680555E-01   4   0 0  1 0  0 1  0 2
   307  -.1198699363533370E-01   4   0 0  0 1  0 1  0 2
   308  0.5514840393616248E-06   4   1 0  0 0  0 0  1 2
   309  0.1038350889822032E-06   4   0 1  0 0  0 0  1 2
   310  -.3443179731493755E-01   4   0 0  1 0  0 0  1 2
   311  -.1197086210423171E-01   4   0 0  0 1  0 0  1 2
   312  -.1840906991657354E-06   4   1 0  0 0  0 0  0 3
   313  -.2312836838595951E-07   4   0 1  0 0  0 0  0 3
   314  0.1494329597413056E-02   4   0 0  1 0  0 0  0 3
   315  0.1849729045465197E-03   4   0 0  0 1  0 0  0 3
   316  -.6929290716932308E-06   4   0 0  0 0  0 4  0 0
   317  -.4170718119083065E-06   4   0 0  0 0  0 3  1 0
   318  -.3799516498355559E-06   4   0 0  0 0  0 2  2 0
   319  -.4178613503434511E-06   4   0 0  0 0  0 1  3 0
   320  -.6907845894562281E-06   4   0 0  0 0  0 0  4 0
   321  0.8182922363404230E-06   4   0 0  0 0  0 3  0 1
   322  0.5285824707962651E-06   4   0 0  0 0  0 2  1 1
   323  0.5291650644664306E-06   4   0 0  0 0  0 1  2 1
   324  0.8162852166031511E-06   4   0 0  0 0  0 0  3 1
   325  -.2928014447987367E-07   4   0 0  0 0  0 2  0 2
   326  -.3496525058377578E-07   4   0 0  0 0  0 1  1 2
   327  -.2921721334819754E-07   4   0 0  0 0  0 0  2 2
   328  -.1321799369794184E-09   4   0 0  0 0  0 1  0 3
   329  -.1320020554496564E-09   4   0 0  0 0  0 0  1 3
   ----------------------------------------------------
     I  COEFFICIENT            ORDER EXPONENTS
     1  0.5352456406958384E-08   0   0 0  0 0  0 0  0 0
     2  -.3254185017360750E-05   1   1 0  0 0  0 0  0 0
     3  0.3306112654754154E-05   1   0 1  0 0  0 0  0 0
     4  -.4682392136517146E-06   1   0 0  1 0  0 0  0 0
     5  -.7398494009920739E-06   1   0 0  0 1  0 0  0 0
     6   1.000000000000000       1   0 0  0 0  1 0  0 0
     7  0.1649722364554896       1   0 0  0 0  0 1  0 0
     8  -.1649722363331337       1   0 0  0 0  0 0  1 0
     9  -.1223569606079397E-09   1   0 0  0 0  0 0  0 1
    10  -.4769219776794577E-01   2   2 0  0 0  0 0  0 0
    11  0.1208428542457274       2   1 1  0 0  0 0  0 0
    12  -.1308752380500005       2   0 2  0 0  0 0  0 0
    13  0.1362408988280198E-05   2   1 0  1 0  0 0  0 0
    14  0.2023855338735040E-04   2   0 1  1 0  0 0  0 0
    15  -.5824121331373741E-01   2   0 0  2 0  0 0  0 0
    16  0.2023865131173641E-04   2   1 0  0 1  0 0  0 0
    17  0.1022184496798763E-04   2   0 1  0 1  0 0  0 0
    18  -.1925485366528985       2   0 0  1 1  0 0  0 0
    19  -.2100178609788637       2   0 0  0 2  0 0  0 0
    20  0.4778888646146503E-05   2   1 0  0 0  0 1  0 0
    21  -.4489555894881658E-05   2   0 1  0 0  0 1  0 0
    22  0.7310223349207975E-06   2   0 0  1 0  0 1  0 0
    23  0.1190279329459827E-05   2   0 0  0 1  0 1  0 0
    24  0.1527023349120188E-05   2   1 0  0 0  0 0  1 0
    25  -.1186290655646662E-05   2   0 1  0 0  0 0  1 0
    26  0.2630588195653413E-06   2   0 0  1 0  0 0  1 0
    27  0.4508183739316748E-06   2   0 0  0 1  0 0  1 0
    28  -.6305906431913512E-05   2   1 0  0 0  0 0  0 1
    29  0.2369720939516108E-05   2   0 1  0 0  0 0  0 1
    30  -.9940813602903448E-06   2   0 0  1 0  0 0  0 1
    31  -.9012494835381344E-06   2   0 0  0 1  0 0  0 1
    32  -.1238124878926046       2   0 0  0 0  0 2  0 0
    33  0.8265273914769256E-01   2   0 0  0 0  0 1  1 0
    34  0.4115974856284335E-01   2   0 0  0 0  0 0  2 0
    35  0.1820237100625342E-09   2   0 0  0 0  0 1  0 1
    36  0.5975089339160870E-10   2   0 0  0 0  0 0  1 1
    37  -.5970895179546011E-10   2   0 0  0 0  0 0  0 2
    38  0.1325608606919767E-04   3   3 0  0 0  0 0  0 0
    39  -.7086186560389238E-04   3   2 1  0 0  0 0  0 0
    40  -.6078478911235649E-05   3   1 2  0 0  0 0  0 0
    41  0.8613715663569510E-05   3   0 3  0 0  0 0  0 0
    42  -.3589976867491597E-05   3   2 0  1 0  0 0  0 0
    43  -.7190688536054993E-05   3   1 1  1 0  0 0  0 0
    44  0.1494086323888403E-05   3   0 2  1 0  0 0  0 0
    45  0.5207749068695087E-05   3   1 0  2 0  0 0  0 0
    46  0.2738292640056542E-04   3   0 1  2 0  0 0  0 0
    47  -.5816127220521270E-06   3   0 0  3 0  0 0  0 0
    48  -.6450740735672923E-05   3   2 0  0 1  0 0  0 0
    49  0.5936862396482285E-06   3   1 1  0 1  0 0  0 0
    50  0.1265472037739379E-06   3   0 2  0 1  0 0  0 0
    51  0.1053994546715346E-03   3   1 0  1 1  0 0  0 0
    52  -.1881451392951880E-04   3   0 1  1 1  0 0  0 0
    53  -.2728578403384037E-05   3   0 0  2 1  0 0  0 0
    54  -.3199569716715572E-04   3   1 0  0 2  0 0  0 0
    55  -.1259490868755704E-04   3   0 1  0 2  0 0  0 0
    56  -.7982488577519289E-05   3   0 0  1 2  0 0  0 0
    57  -.2763576776421430E-05   3   0 0  0 3  0 0  0 0
    58  0.6911523898567409E-01   3   2 0  0 0  0 1  0 0
    59  -.1656857956825193       3   1 1  0 0  0 1  0 0
    60  0.1813600532120272       3   0 2  0 0  0 1  0 0
    61  -.2727223307973605E-05   3   1 0  1 0  0 1  0 0
    62  -.3067361194757931E-04   3   0 1  1 0  0 1  0 0
    63  0.9022581319333339E-01   3   0 0  2 0  0 1  0 0
    64  -.3067117749899500E-04   3   1 0  0 1  0 1  0 0
    65  -.2051681288618734E-04   3   0 1  0 1  0 1  0 0
    66  0.3092707400339919       3   0 0  1 1  0 1  0 0
    67  0.3401675432148292       3   0 0  0 2  0 1  0 0
    68  0.2145830239262958E-01   3   2 0  0 0  0 0  1 0
    69  -.4494502242483547E-01   3   1 1  0 0  0 0  1 0
    70  0.5059278066987476E-01   3   0 2  0 0  0 0  1 0
    71  -.1364483312105834E-05   3   1 0  1 0  0 0  1 0
    72  -.1044776323494936E-04   3   0 1  1 0  0 0  1 0
    73  0.3201981818390563E-01   3   0 0  2 0  0 0  1 0
    74  -.1044617932039385E-04   3   1 0  0 1  0 0  1 0
    75  -.1029261238151397E-04   3   0 1  0 1  0 0  1 0
    76  0.1168239015763758       3   0 0  1 1  0 0  1 0
    77  0.1302567943494702       3   0 0  0 2  0 0  1 0
    78  -.9057353308871960E-01   3   2 0  0 0  0 0  0 1
    79  0.8978803125436671E-01   3   1 1  0 0  0 0  0 1
    80  0.2979757168676960E-01   3   0 2  0 0  0 0  0 1
    81  0.4091218870870469E-05   3   1 0  1 0  0 0  0 1
    82  0.2088117458323359E-04   3   0 1  1 0  0 0  0 1
    83  -.1222456091619416       3   0 0  2 0  0 0  0 1
    84  0.2088022171564040E-04   3   1 0  0 1  0 0  0 1
    85  0.1035680440841648E-04   3   0 1  0 1  0 0  0 1
    86  -.2335461182007856       3   0 0  1 1  0 0  0 1
    87  -.5038865371175543E-01   3   0 0  0 2  0 0  0 1
    88  -.5873431913177462E-05   3   1 0  0 0  0 2  0 0
    89  0.5152308878414197E-05   3   0 1  0 0  0 2  0 0
    90  -.9360221576555302E-06   3   0 0  1 0  0 2  0 0
    91  -.1569217654312369E-05   3   0 0  0 1  0 2  0 0
    92  -.2190256234955527E-05   3   1 0  0 0  0 1  1 0
    93  0.1326924609785420E-05   3   0 1  0 0  0 1  1 0
    94  -.4101558044691178E-06   3   0 0  1 0  0 1  1 0
    95  -.7580693357476074E-06   3   0 0  0 1  0 1  1 0
    96  -.1096864172138710E-05   3   1 0  0 0  0 0  2 0
    97  0.6655853243018865E-06   3   0 1  0 0  0 0  2 0
    98  -.2052928565056496E-06   3   0 0  1 0  0 0  2 0
    99  -.3793239556810545E-06   3   0 0  0 1  0 0  2 0
   100  0.9158248607239881E-05   3   1 0  0 0  0 1  0 1
   101  -.2652469309783064E-05   3   0 1  0 0  0 1  0 1
   102  0.1551177334741571E-05   3   0 0  1 0  0 1  0 1
   103  0.1515942824498204E-05   3   0 0  0 1  0 1  0 1
   104  0.2856978399025174E-05   3   1 0  0 0  0 0  1 1
   105  -.2855526279100808E-06   3   0 1  0 0  0 0  1 1
   106  0.5576822484571429E-06   3   0 0  1 0  0 0  1 1
   107  0.6150773425031761E-06   3   0 0  0 1  0 0  1 1
   108  -.2854662790075141E-05   3   1 0  0 0  0 0  0 2
   109  -.9007118217803533E-06   3   0 1  0 0  0 0  0 2
   110  -.5573891169843917E-06   3   0 0  1 0  0 0  0 2
   111  -.1642606716951276E-06   3   0 0  0 1  0 0  0 2
   112  0.1031909936500637       3   0 0  0 0  0 3  0 0
   113  -.6194804381348316E-01   3   0 0  0 0  0 2  1 0
   114  -.2070470240785104E-01   3   0 0  0 0  0 1  2 0
   115  -.2053826726772302E-01   3   0 0  0 0  0 0  3 0
   116  -.1109363384374881E-08   3   0 0  0 0  0 2  0 1
   117  -.7059352272575634E-09   3   0 0  0 0  0 1  1 1
   118  -.3530005621605265E-09   3   0 0  0 0  0 0  2 1
   119  0.9134864469787691E-10   3   0 0  0 0  0 1  0 2
   120  0.2913756113972525E-10   3   0 0  0 0  0 0  1 2
   121  0.2049565507198470E-11   3   0 0  0 0  0 0  0 3
   122  -.7967207244899967E-01   4   4 0  0 0  0 0  0 0
   123  -.8310132166145945E-01   4   3 1  0 0  0 0  0 0
   124  -.6816548461186650E-02   4   2 2  0 0  0 0  0 0
   125  0.1473966524116686       4   1 3  0 0  0 0  0 0
   126  -.6269321195509141E-01   4   0 4  0 0  0 0  0 0
   127  0.3659735914359620E-04   4   3 0  1 0  0 0  0 0
   128  0.8934642352333447E-05   4   2 1  1 0  0 0  0 0
   129  -.3210061188486035E-04   4   1 2  1 0  0 0  0 0
   130  0.2051182374345061E-04   4   0 3  1 0  0 0  0 0
   131  -.4426977522663556       4   2 0  2 0  0 0  0 0
   132  -.3397452726132999E-01   4   1 1  2 0  0 0  0 0
   133  0.1085630299720073       4   0 2  2 0  0 0  0 0
   134  -.3090002442498484E-04   4   1 0  3 0  0 0  0 0
   135  0.2251783775498692E-04   4   0 1  3 0  0 0  0 0
   136  -.1017428213186752       4   0 0  4 0  0 0  0 0
   137  0.1528820107700186E-04   4   3 0  0 1  0 0  0 0
   138  0.3126876320561381E-04   4   2 1  0 1  0 0  0 0
   139  0.1807869918690684E-04   4   1 2  0 1  0 0  0 0
   140  0.1642993947819816E-04   4   0 3  0 1  0 0  0 0
   141  -.3198122206174438       4   2 0  1 1  0 0  0 0
   142  0.2662491067728454       4   1 1  1 1  0 0  0 0
   143  -.1702247417852936       4   0 2  1 1  0 0  0 0
   144  0.3062577476662123E-04   4   1 0  2 1  0 0  0 0
   145  0.1273992621839463E-03   4   0 1  2 1  0 0  0 0
   146  -.3826345084631999       4   0 0  3 1  0 0  0 0
   147  -.3820957089350505       4   2 0  0 2  0 0  0 0
   148  0.1661977659098128       4   1 1  0 2  0 0  0 0
   149  -.2525750608888677       4   0 2  0 2  0 0  0 0
   150  0.6401839811999389E-04   4   1 0  1 2  0 0  0 0
   151  0.9137950784495480E-04   4   0 1  1 2  0 0  0 0
   152  -.7446349495895770       4   0 0  2 2  0 0  0 0
   153  0.4494038299730696E-04   4   1 0  0 3  0 0  0 0
   154  0.2965610031383688E-04   4   0 1  0 3  0 0  0 0
   155  -.5297242635824418       4   0 0  1 3  0 0  0 0
   156  -.2410761277443321       4   0 0  0 4  0 0  0 0
   157  -.6062702232213069E-04   4   3 0  0 0  0 1  0 0
   158  0.1249282828462927E-03   4   2 1  0 0  0 1  0 0
   159  0.2271342800660998E-03   4   1 2  0 0  0 1  0 0
   160  -.1128375960129533E-03   4   0 3  0 0  0 1  0 0
   161  -.1839184330361051E-05   4   2 0  1 0  0 1  0 0
   162  0.5465629275960207E-05   4   1 1  1 0  0 1  0 0
   163  -.5786939341569850E-05   4   0 2  1 0  0 1  0 0
   164  -.1105585936950541E-03   4   1 0  2 0  0 1  0 0
   165  0.1194182433947188E-03   4   0 1  2 0  0 1  0 0
   166  -.1182652890856959E-04   4   0 0  3 0  0 1  0 0
   167  -.6913530925558041E-05   4   2 0  0 1  0 1  0 0
   168  -.1988691757771227E-05   4   1 1  0 1  0 1  0 0
   169  -.1143816620490663E-04   4   0 2  0 1  0 1  0 0
   170  -.1994748577027896E-03   4   1 0  1 1  0 1  0 0
   171  -.4643538646171124E-04   4   0 1  1 1  0 1  0 0
   172  -.3538213027387641E-04   4   0 0  2 1  0 1  0 0
   173  0.1064740497078558E-03   4   1 0  0 2  0 1  0 0
   174  -.1492609832913934E-03   4   0 1  0 2  0 1  0 0
   175  -.2208149018745701E-04   4   0 0  1 2  0 1  0 0
   176  -.1276928278918254E-04   4   0 0  0 3  0 1  0 0
   177  -.2159739273403522E-04   4   3 0  0 0  0 0  1 0
   178  0.3177466921952941E-04   4   2 1  0 0  0 0  1 0
   179  0.1288386135413509E-03   4   1 2  0 0  0 0  1 0
   180  -.6480166646166827E-04   4   0 3  0 0  0 0  1 0
   181  -.9627857940969229E-06   4   2 0  1 0  0 0  1 0
   182  0.8652361373062290E-06   4   1 1  1 0  0 0  1 0
   183  -.3224398020793364E-05   4   0 2  1 0  0 0  1 0
   184  -.5748751094761135E-04   4   1 0  2 0  0 0  1 0
   185  0.6562895284550793E-04   4   0 1  2 0  0 0  1 0
   186  -.6209091008735447E-05   4   0 0  3 0  0 0  1 0
   187  -.4322318802277768E-05   4   2 0  0 1  0 0  1 0
   188  -.6743638630709591E-06   4   1 1  0 1  0 0  1 0
   189  -.6883666259518404E-05   4   0 2  0 1  0 0  1 0
   190  -.7269163203357717E-04   4   1 0  1 1  0 0  1 0
   191  -.3747128330557911E-04   4   0 1  1 1  0 0  1 0
   192  -.1874601554489619E-04   4   0 0  2 1  0 0  1 0
   193  0.5884068820130340E-04   4   1 0  0 2  0 0  1 0
   194  -.9021411397220963E-04   4   0 1  0 2  0 0  1 0
   195  -.1340197289567825E-04   4   0 0  1 2  0 0  1 0
   196  -.7736935165812150E-05   4   0 0  0 3  0 0  1 0
   197  0.5597453595175691E-04   4   3 0  0 0  0 0  0 1
   198  -.3174448045858412E-04   4   2 1  0 0  0 0  0 1
   199  -.7323261517316998E-04   4   1 2  0 0  0 0  0 1
   200  -.1788475337148646E-04   4   0 3  0 0  0 0  0 1
   201  -.8726494430255921E-07   4   2 0  1 0  0 0  0 1
   202  -.1895291650273014E-05   4   1 1  1 0  0 0  0 1
   203  0.2625766023422449E-05   4   0 2  1 0  0 0  0 1
   204  0.1178236110393866E-03   4   1 0  2 0  0 0  0 1
   205  -.4456114766579198E-04   4   0 1  2 0  0 0  0 1
   206  0.1293603039649794E-04   4   0 0  3 0  0 0  0 1
   207  0.7920009575437759E-06   4   2 0  0 1  0 0  0 1
   208  0.2440236812170344E-05   4   1 1  0 1  0 0  0 1
   209  0.6176128583969713E-06   4   0 2  0 1  0 0  0 1
   210  0.1350365549608000E-03   4   1 0  1 1  0 0  0 1
   211  0.1878450812791399E-04   4   0 1  1 1  0 0  0 1
   212  0.2303818956704434E-04   4   0 0  2 1  0 0  0 1
   213  -.5329369248546902E-04   4   1 0  0 2  0 0  0 1
   214  -.7574190985802778E-05   4   0 1  0 2  0 0  0 1
   215  0.9197847723127721E-05   4   0 0  1 2  0 0  0 1
   216  0.5912359562267900E-06   4   0 0  0 3  0 0  0 1
   217  -.8403918376036151E-01   4   2 0  0 0  0 2  0 0
   218  0.1921260267620884       4   1 1  0 0  0 2  0 0
   219  -.2128874483281354       4   0 2  0 0  0 2  0 0
   220  0.4093440288825780E-05   4   1 0  1 0  0 2  0 0
   221  0.3874062697368937E-04   4   0 1  1 0  0 2  0 0
   222  -.1157237942553545       4   0 0  2 0  0 2  0 0
   223  0.3874092762522650E-04   4   1 0  0 1  0 2  0 0
   224  0.3086989678456717E-04   4   0 1  0 1  0 2  0 0
   225  -.4077636277687863       4   0 0  1 1  0 2  0 0
   226  -.4518821208145027       4   0 0  0 2  0 2  0 0
   227  -.2986548474551372E-01   4   2 0  0 0  0 1  1 0
   228  0.5293022049546495E-01   4   1 1  0 0  0 1  1 0
   229  -.6310607014943941E-01   4   0 2  0 0  0 1  1 0
   230  0.2732189984779011E-05   4   1 0  1 0  0 1  1 0
   231  0.1614148036287829E-04   4   0 1  1 0  0 1  1 0
   232  -.5101354472572658E-01   4   0 0  2 0  0 1  1 0
   233  0.1614432120734287E-04   4   1 0  0 1  0 1  1 0
   234  0.2071013662830896E-04   4   0 1  0 1  0 1  1 0
   235  -.1970351189849269       4   0 0  1 1  0 1  1 0
   236  -.2234790478876650       4   0 0  0 2  0 1  1 0
   237  -.1495907075695762E-01   4   2 0  0 0  0 0  2 0
   238  0.2654079155776193E-01   4   1 1  0 0  0 0  2 0
   239  -.3163239440921577E-01   4   0 2  0 0  0 0  2 0
   240  0.1366450819318242E-05   4   1 0  1 0  0 0  2 0
   241  0.8080555531255050E-05   4   0 1  1 0  0 0  2 0
   242  -.2553304323574974E-01   4   0 0  2 0  0 0  2 0
   243  0.8082176276845024E-05   4   1 0  0 1  0 0  2 0
   244  0.1035505936890650E-04   4   0 1  0 1  0 0  2 0
   245  -.9859268671296301E-01   4   0 0  1 1  0 0  2 0
   246  -.1118176124330388       4   0 0  0 2  0 0  2 0
   247  0.1288286288037285       4   2 0  0 0  0 1  0 1
   248  -.1058105424507926       4   1 1  0 0  0 1  0 1
   249  -.5519933636839455E-01   4   0 2  0 0  0 1  0 1
   250  -.8191262589906631E-05   4   1 0  1 0  0 1  0 1
   251  -.3227911479336885E-04   4   0 1  1 0  0 1  0 1
   252  0.1922353780596732       4   0 0  2 0  0 1  0 1
   253  -.3227899051049589E-04   4   1 0  0 1  0 1  0 1
   254  -.2091623243543048E-04   4   0 1  0 1  0 1  0 1
   255  0.3940209014436906       4   0 0  1 1  0 1  0 1
   256  0.1067406017441373       4   0 0  0 2  0 1  0 1
   257  0.3832533936907548E-01   4   2 0  0 0  0 0  1 1
   258  -.1612161874618624E-01   4   1 1  0 0  0 0  1 1
   259  -.2540762638660958E-01   4   0 2  0 0  0 0  1 1
   260  -.4100024433565570E-05   4   1 0  1 0  0 0  1 1
   261  -.1141066448315715E-04   4   0 1  1 0  0 0  1 1
   262  0.7005987095181483E-01   4   0 0  2 0  0 0  1 1
   263  -.1141149067220850E-04   4   1 0  0 1  0 0  1 1
   264  -.1055913658899844E-04   4   0 1  0 1  0 0  1 1
   265  0.1605726962378714       4   0 0  1 1  0 0  1 1
   266  0.5634383165551303E-01   4   0 0  0 2  0 0  1 1
   267  -.3829021871685673E-01   4   2 0  0 0  0 0  0 2
   268  -.2882197172854392E-01   4   1 1  0 0  0 0  0 2
   269  -.4392884719797959E-02   4   0 2  0 0  0 0  0 2
   270  0.4099390863512678E-05   4   1 0  1 0  0 0  0 2
   271  0.9641653824629406E-06   4   0 1  1 0  0 0  0 2
   272  -.7002483829763105E-01   4   0 0  2 0  0 0  0 2
   273  0.9639481176055900E-06   4   1 0  0 1  0 0  0 2
   274  0.2023006182880551E-06   4   0 1  0 1  0 0  0 2
   275  -.4375069184854632E-01   4   0 0  1 1  0 0  0 2
   276  -.5959240468981765E-02   4   0 0  0 2  0 0  0 2
   277  0.4550722125955173E-04   4   1 0  0 0  0 3  0 0
   278  -.8876916859962083E-04   4   0 1  0 0  0 3  0 0
   279  -.1956408975760755E-05   4   0 0  1 0  0 3  0 0
   280  -.5491699482133576E-05   4   0 0  0 1  0 3  0 0
   281  0.1772488842490288E-04   4   1 0  0 0  0 2  1 0
   282  -.3379340510525850E-04   4   0 1  0 0  0 2  1 0
   283  -.8660467771232150E-06   4   0 0  1 0  0 2  1 0
   284  -.2352750776311873E-05   4   0 0  0 1  0 2  1 0
   285  0.1036032224196559E-04   4   1 0  0 0  0 1  2 0
   286  -.1963129382476641E-04   4   0 1  0 0  0 1  2 0
   287  -.5243818652321203E-06   4   0 0  1 0  0 1  2 0
   288  -.1410228179988769E-05   4   0 0  0 1  0 1  2 0
   289  0.5923948033945477E-05   4   1 0  0 0  0 0  3 0
   290  -.1129573982820148E-04   4   0 1  0 0  0 0  3 0
   291  -.2892553047546495E-06   4   0 0  1 0  0 0  3 0
   292  -.7859354942299368E-06   4   0 0  0 1  0 0  3 0
   293  -.4151639958885328E-04   4   1 0  0 0  0 2  0 1
   294  -.8971270634378432E-05   4   0 1  0 0  0 2  0 1
   295  0.9434852946629239E-06   4   0 0  1 0  0 2  0 1
   296  -.8870566788008723E-06   4   0 0  0 1  0 2  0 1
   297  -.1421400442151623E-04   4   1 0  0 0  0 1  1 1
   298  -.6774585543348911E-05   4   0 1  0 0  0 1  1 1
   299  0.3802019815675439E-06   4   0 0  1 0  0 1  1 1
   300  -.4897095438430394E-06   4   0 0  0 1  0 1  1 1
   301  -.7120553637518604E-05   4   1 0  0 0  0 0  2 1
   302  -.3386483509396761E-05   4   0 1  0 0  0 0  2 1
   303  0.1903512615041772E-06   4   0 0  1 0  0 0  2 1
   304  -.2449565665846526E-06   4   0 0  0 1  0 0  2 1
   305  0.1738391476980632E-05   4   1 0  0 0  0 1  0 2
   306  0.1445684573914071E-05   4   0 1  0 0  0 1  0 2
   307  0.6528112549801830E-06   4   0 0  1 0  0 1  0 2
   308  0.3019043621649790E-06   4   0 0  0 1  0 1  0 2
   309  -.2836221983542370E-07   4   1 0  0 0  0 0  1 2
   310  0.6831155239303668E-06   4   0 1  0 0  0 0  1 2
   311  0.2391815524995005E-06   4   0 0  1 0  0 0  1 2
   312  0.1617116892529220E-06   4   0 0  0 1  0 0  1 2
   313  0.2141482647871881E-06   4   1 0  0 0  0 0  0 3
   314  0.4678880920064925E-07   4   0 1  0 0  0 0  0 3
   315  -.4201691826777727E-07   4   0 0  1 0  0 0  0 3
   316  -.9645113617735271E-08   4   0 0  0 1  0 0  0 3
   317  -.9029734961068214E-01   4   0 0  0 0  0 4  0 0
   318  0.5161636466728162E-01   4   0 0  0 0  0 3  1 0
   319  0.1549748834289715E-01   4   0 0  0 0  0 2  2 0
   320  0.1037303389672103E-01   4   0 0  0 0  0 1  3 0
   321  0.1281043695679254E-01   4   0 0  0 0  0 0  4 0
   322  0.1524791769593001E-09   4   0 0  0 0  0 3  0 1
   323  -.8951748855237680E-09   4   0 0  0 0  0 2  1 1
   324  -.6335148691358157E-09   4   0 0  0 0  0 1  2 1
   325  -.3403965620489894E-09   4   0 0  0 0  0 0  3 1
   326  -.9978977710374942E-10   4   0 0  0 0  0 2  0 2
   327  -.2633845922134396E-10   4   0 0  0 0  0 1  1 2
   328  -.9571600145909271E-11   4   0 0  0 0  0 0  2 2
   329  -.3774608457052407E-11   4   0 0  0 0  0 1  0 3
   330  -.1725475965150221E-11   4   0 0  0 0  0 0  1 3
   331  0.1309062879951091E-14   4   0 0  0 0  0 0  0 4
   ----------------------------------------------------
     I  COEFFICIENT            ORDER EXPONENTS
     1   1.000000000000000       1   0 0  0 0  0 1  0 0
     --------------------------------------------------
     I  COEFFICIENT            ORDER EXPONENTS
     1   1.000000000000000       1   0 0  0 0  0 0  1 0
     --------------------------------------------------
     I  COEFFICIENT            ORDER EXPONENTS
     1   1.000000000000000       1   0 0  0 0  0 0  0 1
     --------------------------------------------------
