 L    0.6607784999999999E+00
 P (  0.0000000000000000E+00,  0.0000000000000000E+00,  0.1758215000000000E+00)
 A (  0.0000000000000000E+00,  0.0000000000000000E+00,  0.0000000000000000E+00)
     I  COEFFICIENT            ORDER EXPONENTS
     1  0.7829496818776329E-04   0   0 0  0 0  0 0  0 0
     2  0.6076753960670925       1   1 0  0 0  0 0  0 0
     3  0.5584733854994433       1   0 1  0 0  0 0  0 0
     4  -.5387790697239578E-04   1   0 0  1 0  0 0  0 0
     5  -.1372112679038007E-04   1   0 0  0 1  0 0  0 0
     6  0.5696969115201797E-05   1   0 0  0 0  0 1  0 0
     7  0.5689302402655363E-05   1   0 0  0 0  0 0  1 0
     8  -.1138627151775660E-04   1   0 0  0 0  0 0  0 1
     9  0.1423625411423512E-03   2   2 0  0 0  0 0  0 0
    10  -.1639637217212273E-04   2   1 1  0 0  0 0  0 0
    11  -.2978895406383302E-04   2   0 2  0 0  0 0  0 0
    12  0.9672262589851262E-05   2   1 0  1 0  0 0  0 0
    13  -.8154071436845951E-05   2   0 1  1 0  0 0  0 0
    14  -.1470601652330833E-03   2   0 0  2 0  0 0  0 0
    15  -.4058364426515343E-05   2   1 0  0 1  0 0  0 0
    16  -.2682683795947296E-05   2   0 1  0 1  0 0  0 0
    17  -.1436682016603980E-04   2   0 0  1 1  0 0  0 0
    18  -.8487434143240460E-05   2   0 0  0 2  0 0  0 0
    19  0.1844341764055953       2   1 0  0 0  0 1  0 0
    20  -.2301543901392066       2   0 1  0 0  0 1  0 0
    21  0.2703480472606584E-04   2   0 0  1 0  0 1  0 0
    22  0.1373973143499169E-04   2   0 0  0 1  0 1  0 0
    23  0.1841859735830705       2   1 0  0 0  0 0  1 0
    24  -.2298446592077579       2   0 1  0 0  0 0  1 0
    25  0.2699842255997176E-04   2   0 0  1 0  0 0  1 0
    26  0.1372124115195757E-04   2   0 0  0 1  0 0  1 0
    27  -.3686201499886659       2   1 0  0 0  0 0  0 1
    28  -.9847433615247864E-01   2   0 1  0 0  0 0  0 1
    29  -.5403322728603751E-04   2   0 0  1 0  0 0  0 1
    30  -.1373984579660543E-04   2   0 0  0 1  0 0  0 1
    31  -.4247708756994306E-05   2   0 0  0 0  0 2  0 0
    32  -.2802335834893185E-05   2   0 0  0 0  0 1  1 0
    33  -.4240106764956307E-05   2   0 0  0 0  0 0  2 0
    34  0.5600772408870705E-05   2   0 0  0 0  0 1  0 1
    35  0.5593235153318118E-05   2   0 0  0 0  0 0  1 1
    36  0.9613053591596382E-07   2   0 0  0 0  0 0  0 2
    37  -.1445375548656738       3   3 0  0 0  0 0  0 0
    38  -.1658948490541163       3   2 1  0 0  0 0  0 0
    39  -.4640801870704159       3   1 2  0 0  0 0  0 0
    40  0.1530045598232902       3   0 3  0 0  0 0  0 0
    41  0.1174711031392956E-03   3   2 0  1 0  0 0  0 0
    42  0.1840141684730776E-03   3   1 1  1 0  0 0  0 0
    43  -.3600283556443149E-04   3   0 2  1 0  0 0  0 0
    44  -.9039754966916757       3   1 0  2 0  0 0  0 0
    45  -.7058520686032130       3   0 1  2 0  0 0  0 0
    46  -.7495193296038003E-04   3   0 0  3 0  0 0  0 0
    47  0.1038067941050230E-04   3   2 0  0 1  0 0  0 0
    48  0.3816334635418123E-04   3   1 1  0 1  0 0  0 0
    49  -.1858203233929644E-04   3   0 2  0 1  0 0  0 0
    50  -.9623619129570464       3   1 0  1 1  0 0  0 0
    51  -.1972164875161689       3   0 1  1 1  0 0  0 0
    52  -.2081922904051013E-03   3   0 0  2 1  0 0  0 0
    53  -.5501905840371862       3   1 0  0 2  0 0  0 0
    54  0.1654174376521789       3   0 1  0 2  0 0  0 0
    55  -.1317306286112528E-03   3   0 0  1 2  0 0  0 0
    56  -.2985095128365056E-04   3   0 0  0 3  0 0  0 0
    57  -.5716679452871580E-04   3   2 0  0 0  0 1  0 0
    58  0.8347882943703102E-06   3   1 1  0 0  0 1  0 0
    59  0.3950541037174475E-04   3   0 2  0 0  0 1  0 0
    60  0.2986589884209331E-06   3   1 0  1 0  0 1  0 0
    61  0.9306636660989496E-05   3   0 1  1 0  0 1  0 0
    62  0.7746228387703779E-04   3   0 0  2 0  0 1  0 0
    63  0.5780471338079251E-05   3   1 0  0 1  0 1  0 0
    64  0.4576231000009153E-05   3   0 1  0 1  0 1  0 0
    65  0.3131926794010741E-04   3   0 0  1 1  0 1  0 0
    66  0.1644340681079517E-04   3   0 0  0 2  0 1  0 0
    67  -.5708986215081605E-04   3   2 0  0 0  0 0  1 0
    68  0.8336648756262283E-06   3   1 1  0 0  0 0  1 0
    69  0.3945224585229072E-04   3   0 2  0 0  0 0  1 0
    70  0.2982570672295938E-06   3   1 0  1 0  0 0  1 0
    71  0.9294112227977834E-05   3   0 1  1 0  0 0  1 0
    72  0.7735803878606819E-04   3   0 0  2 0  0 0  1 0
    73  0.5772692252176685E-05   3   1 0  0 1  0 0  1 0
    74  0.4570072523999780E-05   3   0 1  0 1  0 0  1 0
    75  0.3127711994534156E-04   3   0 0  1 1  0 0  1 0
    76  0.1642127804886136E-04   3   0 0  0 2  0 0  1 0
    77  0.1142566566795324E-03   3   2 0  0 0  0 0  0 1
    78  0.1472791900212539E-04   3   1 1  0 0  0 0  0 1
    79  -.1937974809636892E-04   3   0 2  0 0  0 0  0 1
    80  -.5969160556312620E-06   3   1 0  1 0  0 0  0 1
    81  -.1044667745213275E-04   3   0 1  1 0  0 0  0 1
    82  -.1548203226631058E-03   3   0 0  2 0  0 0  0 1
    83  -.7494799163719891E-05   3   1 0  0 1  0 0  0 1
    84  -.3780935932126599E-05   3   0 1  0 1  0 0  0 1
    85  -.4822956771940677E-04   3   0 0  1 1  0 0  0 1
    86  -.1588981657314184E-04   3   0 0  0 2  0 0  0 1
    87  -.1325016195566773       3   1 0  0 0  0 2  0 0
    88  0.1488692985287579       3   0 1  0 0  0 2  0 0
    89  -.2032639424971577E-04   3   0 0  1 0  0 2  0 0
    90  -.1374871949083042E-04   3   0 0  0 1  0 2  0 0
    91  -.8070852970715761E-01   3   1 0  0 0  0 1  1 0
    92  0.6780260015103441E-01   3   0 1  0 0  0 1  1 0
    93  -.1363762456950388E-04   3   0 0  1 0  0 1  1 0
    94  -.1375700609759446E-04   3   0 0  0 1  0 1  1 0
    95  -.1322689982538535       3   1 0  0 0  0 0  2 0
    96  0.1486233344708361       3   0 1  0 0  0 0  2 0
    97  -.2028986351007405E-04   3   0 0  1 0  0 0  2 0
    98  -.1372096034686402E-04   3   0 0  0 1  0 0  2 0
    99  0.1612776693792408       3   1 0  0 0  0 1  0 1
   100  0.9476745632805647E-01   3   0 1  0 0  0 1  0 1
   101  0.2725918452714116E-04   3   0 0  1 0  0 1  0 1
   102  0.1377128499556598E-04   3   0 0  0 1  0 1  0 1
   103  0.1610606294925432       3   1 0  0 0  0 0  1 1
   104  0.9463992275156566E-01   3   0 1  0 0  0 0  1 1
   105  0.2722250040128520E-04   3   0 0  1 0  0 0  1 1
   106  0.1375275224923716E-04   3   0 0  0 1  0 0  1 1
   107  0.2314090610181355E-01   3   1 0  0 0  0 0  0 2
   108  0.3770626997711583E-02   3   0 1  0 0  0 0  0 2
   109  -.2262607877571588E-06   3   0 0  1 0  0 0  0 2
   110  -.2380438869479134E-07   3   0 0  0 1  0 0  0 2
   111  0.3522850212693086E-05   3   0 0  0 0  0 3  0 0
   112  0.2074118880336705E-05   3   0 0  0 0  0 2  1 0
   113  0.2077033761728368E-05   3   0 0  0 0  0 1  2 0
   114  0.3514345140705220E-05   3   0 0  0 0  0 0  3 0
   115  -.4147269796576536E-05   3   0 0  0 0  0 2  0 1
   116  -.2697669151404020E-05   3   0 0  0 0  0 1  1 1
   117  -.4139873398311840E-05   3   0 0  0 0  0 0  2 1
   118  -.1046701544016627E-06   3   0 0  0 0  0 1  0 2
   119  -.1045292942408016E-06   3   0 0  0 0  0 0  1 2
   120  0.5646125613913190E-08   3   0 0  0 0  0 0  0 3
   121  0.2668961510027554E-03   4   4 0  0 0  0 0  0 0
   122  -.5022939882555633E-04   4   3 1  0 0  0 0  0 0
   123  -.1024375242916032E-03   4   2 2  0 0  0 0  0 0
   124  0.1774920625848462E-03   4   1 3  0 0  0 0  0 0
   125  -.9970075715912260E-04   4   0 4  0 0  0 0  0 0
   126  0.7273874838185965E-05   4   3 0  1 0  0 0  0 0
   127  0.6816297199716919E-05   4   2 1  1 0  0 0  0 0
   128  0.7187554943913321E-05   4   1 2  1 0  0 0  0 0
   129  -.6864127397149341E-05   4   0 3  1 0  0 0  0 0
   130  0.9029580269990879E-03   4   2 0  2 0  0 0  0 0
   131  -.1572857829892526E-03   4   1 1  2 0  0 0  0 0
   132  0.2392659082264630E-03   4   0 2  2 0  0 0  0 0
   133  0.7712644326496142E-04   4   1 0  3 0  0 0  0 0
   134  -.1688863625234245E-04   4   0 1  3 0  0 0  0 0
   135  -.4482278203505933E-04   4   0 0  4 0  0 0  0 0
   136  0.6638316496754182E-05   4   3 0  0 1  0 0  0 0
   137  0.9543019296756648E-05   4   2 1  0 1  0 0  0 0
   138  0.8494785066654320E-05   4   1 2  0 1  0 0  0 0
   139  -.7007570816474506E-05   4   0 3  0 1  0 0  0 0
   140  0.5352433846585530E-03   4   2 0  1 1  0 0  0 0
   141  -.6906754006132037E-03   4   1 1  1 1  0 0  0 0
   142  0.2492413983079894E-04   4   0 2  1 1  0 0  0 0
   143  0.8487334307966906E-04   4   1 0  2 1  0 0  0 0
   144  -.6155563410921688E-04   4   0 1  2 1  0 0  0 0
   145  -.4031814423652340E-04   4   0 0  3 1  0 0  0 0
   146  0.1792381621191703E-03   4   2 0  0 2  0 0  0 0
   147  0.8783765075472060E-04   4   1 1  0 2  0 0  0 0
   148  -.1190349189784751E-03   4   0 2  0 2  0 0  0 0
   149  0.4449640409597538E-04   4   1 0  1 2  0 0  0 0
   150  -.2830326396058653E-04   4   0 1  1 2  0 0  0 0
   151  0.1219896943257140E-03   4   0 0  2 2  0 0  0 0
   152  0.1534826488142612E-04   4   1 0  0 3  0 0  0 0
   153  -.7939406206599305E-05   4   0 1  0 3  0 0  0 0
   154  0.5789562315816527E-04   4   0 0  1 3  0 0  0 0
   155  -.1244700489227689E-04   4   0 0  0 4  0 0  0 0
   156  0.2031088330555621       4   3 0  0 0  0 1  0 0
   157  0.4767937667795655E-01   4   2 1  0 0  0 1  0 0
   158  0.5727858479854497       4   1 2  0 0  0 1  0 0
   159  -.1622272020910838       4   0 3  0 0  0 1  0 0
   160  -.1131229591410199E-03   4   2 0  1 0  0 1  0 0
   161  -.2686372470675171E-03   4   1 1  1 0  0 1  0 0
   162  0.3300233061436079E-04   4   0 2  1 0  0 1  0 0
   163   1.016173176410285       4   1 0  2 0  0 1  0 0
   164  0.8042079294839358       4   0 1  2 0  0 1  0 0
   165  0.9203192614131941E-04   4   0 0  3 0  0 1  0 0
   166  -.4767806443249914E-04   4   2 0  0 1  0 1  0 0
   167  -.9565482574583368E-04   4   1 1  0 1  0 1  0 0
   168  0.2897878841784260E-04   4   0 2  0 1  0 1  0 0
   169   1.478325216879178       4   1 0  1 1  0 1  0 0
   170  0.4376812751239432       4   0 1  1 1  0 1  0 0
   171  0.2905127080346020E-03   4   0 0  2 1  0 1  0 0
   172  0.8937572515102921       4   1 0  0 2  0 1  0 0
   173  -.1423083046224924       4   0 1  0 2  0 1  0 0
   174  0.2314347636200496E-03   4   0 0  1 2  0 1  0 0
   175  0.6386553087837818E-04   4   0 0  0 3  0 1  0 0
   176  0.2028354987602227       4   3 0  0 0  0 0  1 0
   177  0.4761521201987658E-01   4   2 1  0 0  0 0  1 0
   178  0.5720150197856935       4   1 2  0 0  0 0  1 0
   179  -.1620088843680142       4   0 3  0 0  0 0  1 0
   180  -.1129707235939087E-03   4   2 0  1 0  0 0  1 0
   181  -.2682757277208490E-03   4   1 1  1 0  0 0  1 0
   182  0.3295791763316502E-04   4   0 2  1 0  0 0  1 0
   183   1.014805658440054       4   1 0  2 0  0 0  1 0
   184  0.8031256643534475       4   0 1  2 0  0 0  1 0
   185  0.9190807391236996E-04   4   0 0  3 0  0 0  1 0
   186  -.4761390154037514E-04   4   2 0  0 1  0 0  1 0
   187  -.9552609798940155E-04   4   1 1  0 1  0 0  1 0
   188  0.2893979013011168E-04   4   0 2  0 1  0 0  1 0
   189   1.476335756473354       4   1 0  1 1  0 0  1 0
   190  0.4370922642910925       4   0 1  1 1  0 0  1 0
   191  0.2901217497234043E-03   4   0 0  2 1  0 0  1 0
   192  0.8925544751225305       4   1 0  0 2  0 0  1 0
   193  -.1421167928128845       4   0 1  0 2  0 0  1 0
   194  0.2311233096222425E-03   4   0 0  1 2  0 0  1 0
   195  0.6377958365678451E-04   4   0 0  0 3  0 0  1 0
   196  -.4059443318157874       4   3 0  0 0  0 0  0 1
   197  0.7060026035628411E-01   4   2 1  0 0  0 0  0 1
   198  -.2166404936303128       4   1 2  0 0  0 0  0 1
   199  -.1347775930107721       4   0 3  0 0  0 0  0 1
   200  0.2260936827349283E-03   4   2 0  1 0  0 0  0 1
   201  0.3528988063152483E-03   4   1 1  1 0  0 0  0 1
   202  0.6045422881359765E-05   4   0 2  1 0  0 0  0 1
   203  -2.030978834850331       4   1 0  2 0  0 0  0 1
   204  -.9014815252341681       4   0 1  2 0  0 0  0 1
   205  -.1839400000536805E-03   4   0 0  3 0  0 0  0 1
   206  0.8491128656230831E-04   4   2 0  0 1  0 0  0 1
   207  0.1148542310269055E-03   4   1 1  0 1  0 0  0 1
   208  -.2172481530062794E-05   4   0 2  0 1  0 0  0 1
   209  -1.992299060395477       4   1 0  1 1  0 0  0 1
   210  -.4803405643826878       4   0 1  1 1  0 0  0 1
   211  -.3724421673528926E-03   4   0 0  2 1  0 0  0 1
   212  -.6859305585584430       4   1 0  0 2  0 0  0 1
   213  -.2118272155211587       4   0 1  0 2  0 0  0 1
   214  -.1990968160198183E-03   4   0 0  1 2  0 0  0 1
   215  -.3809226068424549E-04   4   0 0  0 3  0 0  0 1
   216  0.5587877644515938E-04   4   2 0  0 0  0 2  0 0
   217  0.2418553852780739E-03   4   1 1  0 0  0 2  0 0
   218  -.1628045311094875E-03   4   0 2  0 0  0 2  0 0
   219  0.6161564497689641E-05   4   1 0  1 0  0 2  0 0
   220  -.1145552247227996E-05   4   0 1  1 0  0 2  0 0
   221  0.1368075691355285E-03   4   0 0  2 0  0 2  0 0
   222  0.8999457240282317E-05   4   1 0  0 1  0 2  0 0
   223  -.6352696664399517E-05   4   0 1  0 1  0 2  0 0
   224  0.8449590376771306E-04   4   0 0  1 1  0 2  0 0
   225  -.4373914312022432E-04   4   0 0  0 2  0 2  0 0
   226  0.4721262691459420E-05   4   2 0  0 0  0 1  1 0
   227  0.2811254513767329E-03   4   1 1  0 0  0 1  1 0
   228  -.1807613654040664E-03   4   0 2  0 0  0 1  1 0
   229  0.3497055274659245E-05   4   1 0  1 0  0 1  1 0
   230  -.7217341591346996E-06   4   0 1  1 0  0 1  1 0
   231  0.1603582198056526E-03   4   0 0  2 0  0 1  1 0
   232  0.9598814738989961E-05   4   1 0  0 1  0 1  1 0
   233  -.7659778412116995E-05   4   0 1  0 1  0 1  1 0
   234  0.9318975768447569E-04   4   0 0  1 1  0 1  1 0
   235  -.5058499919755188E-04   4   0 0  0 2  0 1  1 0
   236  0.5580040059486586E-04   4   2 0  0 0  0 0  2 0
   237  0.2413407450070965E-03   4   1 1  0 0  0 0  2 0
   238  -.1624638063809521E-03   4   0 2  0 0  0 0  2 0
   239  0.6150919468471075E-05   4   1 0  1 0  0 0  2 0
   240  -.1143524979085205E-05   4   0 1  1 0  0 0  2 0
   241  0.1365155586890990E-03   4   0 0  2 0  0 0  2 0
   242  0.8980887378594618E-05   4   1 0  0 1  0 0  2 0
   243  -.6338993420215312E-05   4   0 1  0 1  0 0  2 0
   244  0.8431948797055469E-04   4   0 0  1 1  0 0  2 0
   245  -.4364624358881035E-04   4   0 0  0 2  0 0  2 0
   246  0.1612917267991726E-04   4   2 0  0 0  0 1  0 1
   247  -.1465728493151424E-03   4   1 1  0 0  0 1  0 1
   248  -.6037133460366041E-04   4   0 2  0 0  0 1  0 1
   249  -.5337536938051521E-05   4   1 0  1 0  0 1  0 1
   250  -.4863124255085039E-07   4   0 1  1 0  0 1  0 1
   251  -.1485041904108184E-03   4   0 0  2 0  0 1  0 1
   252  -.3591227680884937E-05   4   1 0  0 1  0 1  0 1
   253  -.2542616083309392E-05   4   0 1  0 1  0 1  0 1
   254  -.9203490836326273E-04   4   0 0  1 1  0 1  0 1
   255  -.2814847469861677E-04   4   0 0  0 2  0 1  0 1
   256  0.1610746679946651E-04   4   2 0  0 0  0 0  1 1
   257  -.1463755984822730E-03   4   1 1  0 0  0 0  1 1
   258  -.6029008970675322E-04   4   0 2  0 0  0 0  1 1
   259  -.5330353932389647E-05   4   1 0  1 0  0 0  1 1
   260  -.4856579691656870E-07   4   0 1  1 0  0 0  1 1
   261  -.1483043404701233E-03   4   0 0  2 0  0 0  1 1
   262  -.3586394775920662E-05   4   1 0  0 1  0 0  1 1
   263  -.2539194350413820E-05   4   0 1  0 1  0 0  1 1
   264  -.9191105212104218E-04   4   0 0  1 1  0 0  1 1
   265  -.2811059380795918E-04   4   0 0  0 2  0 0  1 1
   266  -.8708544042914094E-04   4   2 0  0 0  0 0  0 2
   267  -.2315609802959056E-04   4   1 1  0 0  0 0  0 2
   268  0.1835455599952722E-05   4   0 2  0 0  0 0  0 2
   269  -.3082860865101507E-05   4   1 0  1 0  0 0  0 2
   270  0.1289042635718277E-05   4   0 1  1 0  0 0  0 2
   271  0.2725161663789090E-04   4   0 0  2 0  0 0  0 2
   272  -.2547167769073800E-05   4   1 0  0 1  0 0  0 2
   273  -.1493160984624461E-06   4   0 1  0 1  0 0  0 2
   274  0.7887297927525634E-05   4   0 0  1 1  0 0  0 2
   275  -.4660388868257771E-06   4   0 0  0 2  0 0  0 2
   276  0.1066224738840231       4   1 0  0 0  0 3  0 0
   277  -.1087188548317574       4   0 1  0 0  0 3  0 0
   278  0.1698581953813807E-04   4   0 0  1 0  0 3  0 0
   279  0.1375549896310961E-04   4   0 0  0 1  0 3  0 0
   280  0.5489893636881531E-01   4   1 0  0 0  0 2  1 0
   281  -.2847093696113691E-01   4   0 1  0 0  0 2  1 0
   282  0.1030818853078061E-04   4   0 0  1 0  0 2  1 0
   283  0.1377023375136488E-04   4   0 0  0 1  0 2  1 0
   284  0.5500305736945488E-01   4   1 0  0 0  0 1  2 0
   285  -.2863263241696005E-01   4   0 1  0 0  0 1  2 0
   286  0.1032162204916801E-04   4   0 0  1 0  0 1  2 0
   287  0.1377016663942851E-04   4   0 0  0 1  0 1  2 0
   288  0.1063703522750867       4   1 0  0 0  0 0  3 0
   289  -.1084802602561777       4   0 1  0 0  0 0  3 0
   290  0.1694460468287955E-04   4   0 0  1 0  0 0  3 0
   291  0.1371847853001636E-04   4   0 0  0 1  0 0  3 0
   292  -.1097630379870866       4   1 0  0 0  0 2  0 1
   293  -.9198052646375657E-01   4   0 1  0 0  0 2  0 1
   294  -.2061056325151144E-04   4   0 0  1 0  0 2  0 1
   295  -.1379565261175652E-04   4   0 0  0 1  0 2  0 1
   296  -.5838676643913553E-01   4   1 0  0 0  0 1  1 1
   297  -.8920092600851492E-01   4   0 1  0 0  0 1  1 1
   298  -.1397978741044445E-04   4   0 0  1 0  0 1  1 1
   299  -.1381992970185002E-04   4   0 0  0 1  0 1  1 1
   300  -.1095760369842159       4   1 0  0 0  0 0  2 1
   301  -.9179672220496943E-01   4   0 1  0 0  0 0  2 1
   302  -.2057341985730656E-04   4   0 0  1 0  0 0  2 1
   303  -.1376778796759715E-04   4   0 0  0 1  0 0  2 1
   304  -.2232126908646566E-01   4   1 0  0 0  0 1  0 2
   305  -.5570212930809895E-02   4   0 1  0 0  0 1  0 2
   306  0.3400215836541226E-06   4   0 0  1 0  0 1  0 2
   307  0.4770238540778827E-07   4   0 0  0 1  0 1  0 2
   308  -.2229123017449432E-01   4   1 0  0 0  0 0  1 2
   309  -.5562716800762685E-02   4   0 1  0 0  0 0  1 2
   310  0.3395639986309137E-06   4   0 0  1 0  0 0  1 2
   311  0.4763818978543934E-07   4   0 0  0 1  0 0  1 2
   312  -.5564376475558190E-03   4   1 0  0 0  0 0  0 3
   313  -.5965042052092687E-04   4   0 1  0 0  0 0  0 3
   314  -.7568800224259793E-07   4   0 0  1 0  0 0  0 3
   315  -.7975803036748685E-08   4   0 0  0 1  0 0  0 3
   316  -.2178887133109562E-04   4   0 0  0 0  0 4  0 0
   317  -.1086871020317273E-04   4   0 0  0 0  0 3  1 0
   318  -.9405869241241469E-05   4   0 0  0 0  0 2  2 0
   319  -.1089998173860319E-04   4   0 0  0 0  0 1  3 0
   320  -.2172294702055249E-04   4   0 0  0 0  0 0  4 0
   321  -.2704900086568126E-05   4   0 0  0 0  0 3  0 1
   322  -.3155468507889628E-05   4   0 0  0 0  0 2  1 1
   323  -.3154551629198977E-05   4   0 0  0 0  0 1  2 1
   324  -.2697319516226647E-05   4   0 0  0 0  0 0  3 1
   325  0.4430508970169689E-07   4   0 0  0 0  0 2  0 2
   326  0.7020233137636921E-07   4   0 0  0 0  0 1  1 2
   327  0.4419822850548781E-07   4   0 0  0 0  0 0  2 2
   328  0.6229114778024822E-09   4   0 0  0 0  0 1  0 3
   329  0.6220731928924567E-09   4   0 0  0 0  0 0  1 3
   330  0.6724279029607408E-15   4   0 0  0 0  0 0  0 4
   ----------------------------------------------------
     I  COEFFICIENT            ORDER EXPONENTS
     1  -.4862945992145160E-04   0   0 0  0 0  0 0  0 0
     2  -1.081416298988850       1   1 0  0 0  0 0  0 0
     3  0.6517587849785391       1   0 1  0 0  0 0  0 0
     4  -.1538459208596709E-03   1   0 0  1 0  0 0  0 0
     5  -.4760512882656849E-04   1   0 0  0 1  0 0  0 0
     6  -.5667187564368571E-06   1   0 0  0 0  0 1  0 0
     7  -.5659560930428764E-06   1   0 0  0 0  0 0  1 0
     8  -.4749678507197187E-04   1   0 0  0 0  0 0  0 1
     9  -.1020884548830027E-04   2   2 0  0 0  0 0  0 0
    10  -.2949656447910940E-03   2   1 1  0 0  0 0  0 0
    11  -.7373663387680518E-04   2   0 2  0 0  0 0  0 0
    12  -.3867679250992834E-04   2   1 0  1 0  0 0  0 0
    13  -.3140534942388450E-04   2   0 1  1 0  0 0  0 0
    14  0.1353962055530971E-03   2   0 0  2 0  0 0  0 0
    15  -.2726855686703855E-04   2   1 0  0 1  0 0  0 0
    16  -.1592616533252271E-04   2   0 1  0 1  0 0  0 0
    17  0.3200498638556127E-03   2   0 0  1 1  0 0  0 0
    18  0.6602547071937909E-04   2   0 0  0 2  0 0  0 0
    19  -.5145902379694871E-01   2   1 0  0 0  0 1  0 0
    20  0.1644753433120563       2   0 1  0 0  0 1  0 0
    21  0.4542707406446223E-06   2   0 0  1 0  0 1  0 0
    22  0.2387774409205177E-04   2   0 0  0 1  0 1  0 0
    23  -.5138977266790318E-01   2   1 0  0 0  0 0  1 0
    24  0.1642540001464819       2   0 1  0 0  0 0  1 0
    25  0.4536594044908036E-06   2   0 0  1 0  0 0  1 0
    26  0.2384561054937188E-04   2   0 0  0 1  0 0  1 0
    27  -.9785675025239978       2   1 0  0 0  0 0  0 1
    28  -.3287293434585387       2   0 1  0 0  0 0  0 1
    29  -.1547538510048063E-03   2   0 0  1 0  0 0  0 1
    30  -.4772335464163011E-04   2   0 0  0 1  0 0  0 1
    31  0.4293007910836662E-06   2   0 0  0 0  0 2  0 0
    32  0.2922510485040052E-06   2   0 0  0 0  0 1  1 0
    33  0.4285264094126781E-06   2   0 0  0 0  0 0  2 0
    34  -.1150850860350524E-05   2   0 0  0 0  0 1  0 1
    35  -.1149302099500388E-05   2   0 0  0 0  0 0  1 1
    36  0.1150075642618396E-05   2   0 0  0 0  0 0  0 2
    37  -.5977182864097074       3   3 0  0 0  0 0  0 0
    38  -.8876729256535387       3   2 1  0 0  0 0  0 0
    39  0.1880043887862182       3   1 2  0 0  0 0  0 0
    40  -.4877665800639414E-01   3   0 3  0 0  0 0  0 0
    41  0.4690082323838701E-03   3   2 0  1 0  0 0  0 0
    42  0.3103735294197776E-03   3   1 1  1 0  0 0  0 0
    43  0.5463331053080191E-04   3   0 2  1 0  0 0  0 0
    44  -3.294369756703843       3   1 0  2 0  0 0  0 0
    45  -.8019475113501542       3   0 1  2 0  0 0  0 0
    46  -.1150873309171638E-03   3   0 0  3 0  0 0  0 0
    47  0.1256055393046925E-03   3   2 0  0 1  0 0  0 0
    48  0.2452034979740659E-03   3   1 1  0 1  0 0  0 0
    49  0.4094110097471967E-04   3   0 2  0 1  0 0  0 0
    50  -2.515543328145596       3   1 0  1 1  0 0  0 0
    51  -.9287243426721876       3   0 1  1 1  0 0  0 0
    52  -.1003257066487475E-03   3   0 0  2 1  0 0  0 0
    53  -.8768475076213914       3   1 0  0 2  0 0  0 0
    54  -.5101235492173031       3   0 1  0 2  0 0  0 0
    55  -.3422902031154136E-04   3   0 0  1 2  0 0  0 0
    56  -.2802884959180036E-04   3   0 0  0 3  0 0  0 0
    57  -.3903085933162721E-05   3   2 0  0 0  0 1  0 0
    58  0.1355491235852989E-03   3   1 1  0 0  0 1  0 0
    59  0.7451583951156161E-04   3   0 2  0 0  0 1  0 0
    60  0.1893564886894163E-04   3   1 0  1 0  0 1  0 0
    61  0.2276885747239190E-04   3   0 1  1 0  0 1  0 0
    62  -.6129471495367830E-04   3   0 0  2 0  0 1  0 0
    63  0.1747278717785160E-04   3   1 0  0 1  0 1  0 0
    64  0.1818998339923846E-04   3   0 1  0 1  0 1  0 0
    65  -.1653183800836363E-03   3   0 0  1 1  0 1  0 0
    66  -.6417395353714623E-04   3   0 0  0 2  0 1  0 0
    67  -.3897833344059756E-05   3   2 0  0 0  0 0  1 0
    68  0.1353667079629891E-03   3   1 1  0 0  0 0  1 0
    69  0.7441555960655398E-04   3   0 2  0 0  0 0  1 0
    70  0.1891016616509992E-04   3   1 0  1 0  0 0  1 0
    71  0.2273821621706458E-04   3   0 1  1 0  0 0  1 0
    72  -.6121222741501496E-04   3   0 0  2 0  0 0  1 0
    73  0.1744927312433159E-04   3   1 0  0 1  0 0  1 0
    74  0.1816550417684414E-04   3   0 1  0 1  0 0  1 0
    75  -.1650959023989056E-03   3   0 0  1 1  0 0  1 0
    76  -.6408759125488873E-04   3   0 0  0 2  0 0  1 0
    77  -.2407926211077885E-05   3   2 0  0 0  0 0  0 1
    78  -.2709158315482862E-03   3   1 1  0 0  0 0  0 1
    79  -.7519476524130983E-04   3   0 2  0 0  0 0  0 1
    80  -.7652260754396979E-04   3   1 0  1 0  0 0  0 1
    81  -.4550707368945705E-04   3   0 1  1 0  0 0  0 1
    82  0.2579031479217886E-03   3   0 0  2 0  0 0  0 1
    83  -.3492206030218310E-04   3   1 0  0 1  0 0  0 1
    84  -.2042932224356026E-04   3   0 1  0 1  0 0  0 1
    85  0.3304142824825308E-03   3   0 0  1 1  0 0  0 1
    86  0.6223607407284277E-04   3   0 0  0 2  0 0  0 1
    87  0.3774800144374038E-01   3   1 0  0 0  0 2  0 0
    88  -.1185512801779021       3   0 1  0 0  0 2  0 0
    89  -.4500653238384739E-06   3   0 0  1 0  0 2  0 0
    90  -.1794210074904347E-04   3   0 0  0 1  0 2  0 0
    91  0.2407381048628456E-01   3   1 0  0 0  0 1  1 0
    92  -.7275052784420731E-01   3   0 1  0 0  0 1  1 0
    93  -.4492963638015516E-06   3   0 0  1 0  0 1  1 0
    94  -.1202629115453158E-04   3   0 0  0 1  0 1  1 0
    95  0.3768100326260269E-01   3   1 0  0 0  0 0  2 0
    96  -.1183427873362873       3   0 1  0 0  0 0  2 0
    97  -.4491573262068411E-06   3   0 0  1 0  0 0  2 0
    98  -.1790986290750932E-04   3   0 0  0 1  0 0  2 0
    99  -.9956985530400175E-01   3   1 0  0 0  0 1  0 1
   100  0.1453777587673255       3   0 1  0 0  0 1  0 1
   101  0.1355941739418810E-05   3   0 0  1 0  0 1  0 1
   102  0.2404365630427634E-04   3   0 0  0 1  0 1  0 1
   103  -.9943585888529946E-01   3   1 0  0 0  0 0  1 1
   104  0.1451821162309927       3   0 1  0 0  0 0  1 1
   105  0.1354116976928720E-05   3   0 0  1 0  0 0  1 1
   106  0.2401129948476050E-04   3   0 0  0 1  0 0  1 1
   107  0.9950287313791012E-01   3   1 0  0 0  0 0  0 2
   108  0.1908472706888649E-01   3   0 1  0 0  0 0  0 2
   109  -.1359556092781082E-05   3   0 0  1 0  0 0  0 2
   110  -.1703002799837249E-06   3   0 0  0 1  0 0  0 2
   111  -.3604031061876757E-06   3   0 0  0 0  0 3  0 0
   112  -.2227023429105296E-06   3   0 0  0 0  0 2  1 0
   113  -.2229793305986154E-06   3   0 0  0 0  0 1  2 0
   114  -.3595259368124108E-06   3   0 0  0 0  0 0  3 0
   115  0.8746134582185790E-06   3   0 0  0 0  0 2  0 1
   116  0.5991174663191237E-06   3   0 0  0 0  0 1  1 1
   117  0.8730333125840762E-06   3   0 0  0 0  0 0  2 1
   118  -.5987479892142248E-06   3   0 0  0 0  0 1  0 2
   119  -.5979422223884392E-06   3   0 0  0 0  0 0  1 2
   120  0.1553818966150379E-07   3   0 0  0 0  0 0  0 3
   121  0.2096979918529850E-03   4   4 0  0 0  0 0  0 0
   122  -.4194583419862433E-03   4   3 1  0 0  0 0  0 0
   123  -.5398236274397880E-03   4   2 2  0 0  0 0  0 0
   124  -.2460799044075552E-03   4   1 3  0 0  0 0  0 0
   125  -.5395970174767684E-04   4   0 4  0 0  0 0  0 0
   126  0.2608422149630236E-07   4   3 0  1 0  0 0  0 0
   127  -.2774889568957570E-04   4   2 1  1 0  0 0  0 0
   128  -.1494001789512162E-04   4   1 2  1 0  0 0  0 0
   129  -.2563775503659609E-05   4   0 3  1 0  0 0  0 0
   130  0.2174590985289069E-03   4   2 0  2 0  0 0  0 0
   131  -.2148587908385464E-02   4   1 1  2 0  0 0  0 0
   132  -.6598622375680704E-04   4   0 2  2 0  0 0  0 0
   133  0.1347627207242723E-06   4   1 0  3 0  0 0  0 0
   134  -.5178451266851124E-04   4   0 1  3 0  0 0  0 0
   135  -.4129984892288826E-03   4   0 0  4 0  0 0  0 0
   136  0.1239896630339874E-06   4   3 0  0 1  0 0  0 0
   137  -.3588628399925480E-05   4   2 1  0 1  0 0  0 0
   138  0.4827907525783819E-05   4   1 2  0 1  0 0  0 0
   139  0.1167359247748145E-05   4   0 3  0 1  0 0  0 0
   140  -.1706530806913462E-02   4   2 0  1 1  0 0  0 0
   141  -.2899226493899900E-02   4   1 1  1 1  0 0  0 0
   142  0.4150223293241239E-04   4   0 2  1 1  0 0  0 0
   143  -.1035280328637479E-03   4   1 0  2 1  0 0  0 0
   144  -.7175774734058292E-04   4   0 1  2 1  0 0  0 0
   145  -.7355696993890354E-03   4   0 0  3 1  0 0  0 0
   146  -.2876312910456411E-03   4   2 0  0 2  0 0  0 0
   147  -.1232671062037176E-02   4   1 1  0 2  0 0  0 0
   148  -.6229657257459646E-04   4   0 2  0 2  0 0  0 0
   149  -.4081250160485197E-04   4   1 0  1 2  0 0  0 0
   150  -.4263526367591006E-04   4   0 1  1 2  0 0  0 0
   151  -.3803451772904607E-03   4   0 0  2 2  0 0  0 0
   152  0.3075194631576369E-05   4   1 0  0 3  0 0  0 0
   153  -.3083121682368448E-05   4   0 1  0 3  0 0  0 0
   154  0.3180544591161246E-04   4   0 0  1 3  0 0  0 0
   155  0.9787979329170483E-04   4   0 0  0 4  0 0  0 0
   156  0.1399497798382243       4   3 0  0 0  0 1  0 0
   157  0.7274518733241493       4   2 1  0 0  0 1  0 0
   158  -.3857129432094535E-01   4   1 2  0 0  0 1  0 0
   159  0.9208521646651423E-01   4   0 3  0 0  0 1  0 0
   160  -.2681383591451715E-03   4   2 0  1 0  0 1  0 0
   161  -.3426557321120969E-03   4   1 1  1 0  0 1  0 0
   162  -.8869904144641970E-04   4   0 2  1 0  0 1  0 0
   163   1.796395028456385       4   1 0  2 0  0 1  0 0
   164  0.9254605703405395       4   0 1  2 0  0 1  0 0
   165  0.4684789724633475E-04   4   0 0  3 0  0 1  0 0
   166  -.1269083055505368E-03   4   2 0  0 1  0 1  0 0
   167  -.2960001347679215E-03   4   1 1  0 1  0 1  0 0
   168  -.7120899345994628E-04   4   0 2  0 1  0 1  0 0
   169   2.493148131947287       4   1 0  1 1  0 1  0 0
   170   1.438621380976701       4   0 1  1 1  0 1  0 0
   171  0.8812647232632579E-04   4   0 0  2 1  0 1  0 0
   172   1.004294240029562       4   1 0  0 2  0 1  0 0
   173  0.8394728708816559       4   0 1  0 2  0 1  0 0
   174  0.4768667860591734E-04   4   0 0  1 2  0 1  0 0
   175  0.4384392369870864E-04   4   0 0  0 3  0 1  0 0
   176  0.1397614420201172       4   3 0  0 0  0 0  1 0
   177  0.7264729028766468       4   2 1  0 0  0 0  1 0
   178  -.3851938689084460E-01   4   1 2  0 0  0 0  1 0
   179  0.9196129252201601E-01   4   0 3  0 0  0 0  1 0
   180  -.2677775111783569E-03   4   2 0  1 0  0 0  1 0
   181  -.3421946021766249E-03   4   1 1  1 0  0 0  1 0
   182  -.8857967445668217E-04   4   0 2  1 0  0 0  1 0
   183   1.793977524688245       4   1 0  2 0  0 0  1 0
   184  0.9242151291204131       4   0 1  2 0  0 0  1 0
   185  0.4678485155400348E-04   4   0 0  3 0  0 0  1 0
   186  -.1267375183339076E-03   4   2 0  0 1  0 0  1 0
   187  -.2956017917365534E-03   4   1 1  0 1  0 0  1 0
   188  -.7111316375251291E-04   4   0 2  0 1  0 0  1 0
   189   2.489792970689309       4   1 0  1 1  0 0  1 0
   190   1.436685352122056       4   0 1  1 1  0 0  1 0
   191  0.8800787587297370E-04   4   0 0  2 1  0 0  1 0
   192   1.002942708172078       4   1 0  0 2  0 0  1 0
   193  0.8383431478550144       4   0 1  0 2  0 0  1 0
   194  0.4762250412115283E-04   4   0 0  1 2  0 0  1 0
   195  0.4378492061246624E-04   4   0 0  0 3  0 0  1 0
   196  -.8774295082680448       4   3 0  0 0  0 0  0 1
   197  -1.453924776200794       4   2 1  0 0  0 0  0 1
   198  -.1109137075744247       4   1 2  0 0  0 0  0 1
   199  -.8649319297574094E-01   4   0 3  0 0  0 0  0 1
   200  0.1004924102707400E-02   4   2 0  1 0  0 0  0 1
   201  0.6848503342887218E-03   4   1 1  1 0  0 0  0 1
   202  0.1226454053723023E-03   4   0 2  1 0  0 0  0 1
   203  -6.884742309848466       4   1 0  2 0  0 0  0 1
   204  -1.849675699460959       4   0 1  2 0  0 0  0 1
   205  -.2087200797174876E-03   4   0 0  3 0  0 0  0 1
   206  0.2536458238844447E-03   4   2 0  0 1  0 0  0 1
   207  0.3463984285304101E-03   4   1 1  0 1  0 0  0 1
   208  0.6043995526302230E-04   4   0 2  0 1  0 0  0 1
   209  -4.982941102636586       4   1 0  1 1  0 0  0 1
   210  -1.946582390426608       4   0 1  1 1  0 0  0 1
   211  -.1761343481992326E-03   4   0 0  2 1  0 0  0 1
   212  -1.130389440580245       4   1 0  0 2  0 0  0 1
   213  -.6575689203020770       4   0 1  0 2  0 0  0 1
   214  -.6108016241549276E-04   4   0 0  1 2  0 0  0 1
   215  -.3157114512757265E-04   4   0 0  0 3  0 0  0 1
   216  0.1302268073177566E-03   4   2 0  0 0  0 2  0 0
   217  -.1968457180044475E-03   4   1 1  0 0  0 2  0 0
   218  -.5538392839122009E-04   4   0 2  0 0  0 2  0 0
   219  0.1542815918514291E-04   4   1 0  1 0  0 2  0 0
   220  0.3754879750904733E-06   4   0 1  1 0  0 2  0 0
   221  0.1771247956041889E-03   4   0 0  2 0  0 2  0 0
   222  0.1040405915878781E-04   4   1 0  0 1  0 2  0 0
   223  0.3568581785223910E-05   4   0 1  0 1  0 2  0 0
   224  0.4058644467473232E-03   4   0 0  1 1  0 2  0 0
   225  0.2256261967936900E-03   4   0 0  0 2  0 2  0 0
   226  0.1168459189626755E-03   4   2 0  0 0  0 1  1 0
   227  -.1313103334413654E-03   4   1 1  0 0  0 1  1 0
   228  -.4121984454677313E-04   4   0 2  0 0  0 1  1 0
   229  0.1810463729075831E-04   4   1 0  1 0  0 1  1 0
   230  0.5476099713839985E-05   4   0 1  1 0  0 1  1 0
   231  0.1802560232811730E-03   4   0 0  2 0  0 1  1 0
   232  0.1237318746379180E-04   4   1 0  0 1  0 1  1 0
   233  0.6280096872008629E-05   4   0 1  0 1  0 1  1 0
   234  0.4257819899676968E-03   4   0 0  1 1  0 1  1 0
   235  0.2615487672669198E-03   4   0 0  0 2  0 1  1 0
   236  0.1299729313523539E-03   4   2 0  0 0  0 0  2 0
   237  -.1964924566850211E-03   4   1 1  0 0  0 0  2 0
   238  -.5528165944846329E-04   4   0 2  0 0  0 0  2 0
   239  0.1539521451180349E-04   4   1 0  1 0  0 0  2 0
   240  0.3712979226121162E-06   4   0 1  1 0  0 0  2 0
   241  0.1767651393713856E-03   4   0 0  2 0  0 0  2 0
   242  0.1038173224001796E-04   4   1 0  0 1  0 0  2 0
   243  0.3559553626839055E-05   4   0 1  0 1  0 0  2 0
   244  0.4050317548347758E-03   4   0 0  1 1  0 0  2 0
   245  0.2251465696891307E-03   4   0 0  0 2  0 0  2 0
   246  -.2362989285291506E-03   4   2 0  0 0  0 1  0 1
   247  0.1013284597031170E-03   4   1 1  0 0  0 1  0 1
   248  0.3442307474659362E-04   4   0 2  0 0  0 1  0 1
   249  -.2446736437243412E-04   4   1 0  1 0  0 1  0 1
   250  -.2655067699982485E-07   4   0 1  1 0  0 1  0 1
   251  -.4164264041427646E-03   4   0 0  2 0  0 1  0 1
   252  -.7223950099265996E-05   4   1 0  0 1  0 1  0 1
   253  -.9324674507008122E-06   4   0 1  0 1  0 1  0 1
   254  -.6553397746710681E-03   4   0 0  1 1  0 1  0 1
   255  -.2354432150765467E-03   4   0 0  0 2  0 1  0 1
   256  -.2359809285675184E-03   4   2 0  0 0  0 0  1 1
   257  0.1011920966374928E-03   4   1 1  0 0  0 0  1 1
   258  0.3437674979490287E-04   4   0 2  0 0  0 0  1 1
   259  -.2443443734656868E-04   4   1 0  1 0  0 0  1 1
   260  -.2651494635004070E-07   4   0 1  1 0  0 0  1 1
   261  -.4158659971135637E-03   4   0 0  2 0  0 0  1 1
   262  -.7214228447675394E-05   4   1 0  0 1  0 0  1 1
   263  -.9312125799513201E-06   4   0 1  0 1  0 0  1 1
   264  -.6544578492874083E-03   4   0 0  1 1  0 0  1 1
   265  -.2351263666937523E-03   4   0 0  0 2  0 0  1 1
   266  0.9523420663835067E-04   4   2 0  0 0  0 0  0 2
   267  0.1194042539025794E-03   4   1 1  0 0  0 0  0 2
   268  0.1977727852657029E-04   4   0 2  0 0  0 0  0 2
   269  -.2620926441790249E-07   4   1 0  1 0  0 0  0 2
   270  0.1556168183493158E-05   4   0 1  1 0  0 0  0 2
   271  0.2981464308060829E-03   4   0 0  2 0  0 0  0 2
   272  -.7169201212426717E-08   4   1 0  0 1  0 0  0 2
   273  0.2094588043779056E-06   4   0 1  0 1  0 0  0 2
   274  0.1994892922568086E-03   4   0 0  1 1  0 0  0 2
   275  0.2861678213028471E-04   4   0 0  0 2  0 0  0 2
   276  -.3090406426357005E-01   4   1 0  0 0  0 3  0 0
   277  0.9565753416286205E-01   4   0 1  0 0  0 3  0 0
   278  0.4535259435082598E-06   4   0 0  1 0  0 3  0 0
   279  0.1498947312341332E-04   4   0 0  0 1  0 3  0 0
   280  -.1722539764301393E-01   4   1 0  0 0  0 2  1 0
   281  0.4990082858472038E-01   4   0 1  0 0  0 2  1 0
   282  0.4571813864637591E-06   4   0 0  1 0  0 2  1 0
   283  0.9084686211201795E-05   4   0 0  0 1  0 2  1 0
   284  -.1725292584709613E-01   4   1 0  0 0  0 1  2 0
   285  0.4999293455063352E-01   4   0 1  0 0  0 1  2 0
   286  0.4571727754478402E-06   4   0 0  1 0  0 1  2 0
   287  0.9096565067071121E-05   4   0 0  0 1  0 1  2 0
   288  -.3083010548525191E-01   4   1 0  0 0  0 0  3 0
   289  0.9543090527227746E-01   4   0 1  0 0  0 0  3 0
   290  0.4523032307138675E-06   4   0 0  1 0  0 0  3 0
   291  0.1495311030706563E-04   4   0 0  0 1  0 0  3 0
   292  0.7218954743031070E-01   4   1 0  0 0  0 2  0 1
   293  -.9977085445687679E-01   4   0 1  0 0  0 2  0 1
   294  -.1361374306422438E-05   4   0 0  1 0  0 2  0 1
   295  -.1815878112226206E-04   4   0 0  0 1  0 2  0 1
   296  0.4488275348644858E-01   4   1 0  0 0  0 1  1 1
   297  -.5428643810480629E-01   4   0 1  0 0  0 1  1 1
   298  -.1366789795758298E-05   4   0 0  1 0  0 1  1 1
   299  -.1228970157130400E-04   4   0 0  0 1  0 1  1 1
   300  0.7206219759235889E-01   4   1 0  0 0  0 0  2 1
   301  -.9960005947800042E-01   4   0 1  0 0  0 0  2 1
   302  -.1358622552400334E-05   4   0 0  1 0  0 0  2 1
   303  -.1812607443983093E-04   4   0 0  0 1  0 0  2 1
   304  -.4484598086600067E-01   4   1 0  0 0  0 1  0 2
   305  -.1846369335906071E-01   4   0 1  0 0  0 1  0 2
   306  0.1362467945300455E-05   4   0 0  1 0  0 1  0 2
   307  0.2560320690843250E-06   4   0 0  0 1  0 1  0 2
   308  -.4478562925846983E-01   4   1 0  0 0  0 0  1 2
   309  -.1843884579070225E-01   4   0 1  0 0  0 0  1 2
   310  0.1360634400149479E-05   4   0 0  1 0  0 0  1 2
   311  0.2556875131918266E-06   4   0 0  0 1  0 0  1 2
   312  -.3290421004479516E-02   4   1 0  0 0  0 0  0 3
   313  -.4223049960029010E-03   4   0 1  0 0  0 0  0 3
   314  -.4545154174131373E-06   4   0 0  1 0  0 0  0 3
   315  -.5703967402648072E-07   4   0 0  0 1  0 0  0 3
   316  0.1353393580658045E-04   4   0 0  0 0  0 4  0 0
   317  0.7112929766853190E-05   4   0 0  0 0  0 3  1 0
   318  0.6258522399614797E-05   4   0 0  0 0  0 2  2 0
   319  0.7131306300425860E-05   4   0 0  0 0  0 1  3 0
   320  0.1349274456634460E-04   4   0 0  0 0  0 0  4 0
   321  -.1467666718489918E-04   4   0 0  0 0  0 3  0 1
   322  -.7644088663807861E-05   4   0 0  0 0  0 2  1 1
   323  -.7658244962632815E-05   4   0 0  0 0  0 1  2 1
   324  -.1464190384705041E-04   4   0 0  0 0  0 0  3 1
   325  -.9103628483280274E-06   4   0 0  0 0  0 2  0 2
   326  -.1095437592092736E-05   4   0 0  0 0  0 1  1 2
   327  -.9084006307680781E-06   4   0 0  0 0  0 0  2 2
   328  0.2835636299235662E-08   4   0 0  0 0  0 1  0 3
   329  0.2831820233543061E-08   4   0 0  0 0  0 0  1 3
   ----------------------------------------------------
     I  COEFFICIENT            ORDER EXPONENTS
     1  0.7169028331970465E-05   0   0 0  0 0  0 0  0 0
     2  -.5388626495003943E-04   1   1 0  0 0  0 0  0 0
     3  -.1372644872578067E-04   1   0 1  0 0  0 0  0 0
     4   1.442045426172105       1   0 0  1 0  0 0  0 0
     5  0.7709896340862099       1   0 0  0 1  0 0  0 0
     6  -.8689834751430263E-06   1   0 0  0 0  0 1  0 0
     7  -.8678140381359465E-06   1   0 0  0 0  0 0  1 0
     8  0.1736797513265327E-05   1   0 0  0 0  0 0  0 1
     9  0.1006455764954172E-04   2   2 0  0 0  0 0  0 0
    10  -.3382179209125828E-05   2   1 1  0 0  0 0  0 0
    11  0.4390674740714918E-06   2   0 2  0 0  0 0  0 0
    12  -.3764194748029953E-03   2   1 0  1 0  0 0  0 0
    13  -.6862496627523641E-05   2   0 1  1 0  0 0  0 0
    14  -.5185938856578818E-05   2   0 0  2 0  0 0  0 0
    15  0.4872232016090512E-04   2   1 0  0 1  0 0  0 0
    16  0.2272411505995697E-04   2   0 1  0 1  0 0  0 0
    17  0.1560033983573824E-04   2   0 0  1 1  0 0  0 0
    18  0.6523210728838928E-05   2   0 0  0 2  0 0  0 0
    19  0.2703503049411777E-04   2   1 0  0 0  0 1  0 0
    20  0.1374237555833589E-04   2   0 1  0 0  0 1  0 0
    21  -.2342031463940072       2   0 0  1 0  0 1  0 0
    22  -.4429370642834646       2   0 0  0 1  0 1  0 0
    23  0.2699864802419569E-04   2   1 0  0 0  0 0  1 0
    24  0.1372388171696518E-04   2   0 1  0 0  0 0  1 0
    25  -.2338879668372027       2   0 0  1 0  0 0  1 0
    26  -.4423409804572522       2   0 0  0 1  0 0  1 0
    27  -.5403367851831337E-04   2   1 0  0 0  0 0  0 1
    28  -.1373980854949247E-04   2   0 1  0 0  0 0  0 1
    29  0.4680911132312086       2   0 0  1 0  0 0  0 1
    30  0.1142884106545056       2   0 0  0 1  0 0  0 1
    31  0.6670611723243252E-06   2   0 0  0 0  0 2  0 0
    32  0.4656812155030547E-06   2   0 0  0 0  0 1  1 0
    33  0.6658501269489020E-06   2   0 0  0 0  0 0  2 0
    34  -.9308217507410250E-06   2   0 0  0 0  0 1  0 1
    35  -.9295690946969971E-06   2   0 0  0 0  0 0  1 1
    36  0.6179683128143639E-07   2   0 0  0 0  0 0  0 2
    37  0.1937539668302542E-04   3   3 0  0 0  0 0  0 0
    38  0.3511897943457641E-06   3   2 1  0 0  0 0  0 0
    39  -.3443385369792080E-04   3   1 2  0 0  0 0  0 0
    40  -.1698094838813263E-04   3   0 3  0 0  0 0  0 0
    41  -.4446006031286913       3   2 0  1 0  0 0  0 0
    42  -.8071015623884021       3   1 1  1 0  0 0  0 0
    43  0.2906802157085732       3   0 2  1 0  0 0  0 0
    44  -.1655053966200224E-03   3   1 0  2 0  0 0  0 0
    45  -.1981659789499119E-03   3   0 1  2 0  0 0  0 0
    46  0.2565852097346469       3   0 0  3 0  0 0  0 0
    47  0.6358927294707507       3   2 0  0 1  0 0  0 0
    48  -.2214366320207801       3   1 1  0 1  0 0  0 0
    49  0.4159011235528784       3   0 2  0 1  0 0  0 0
    50  -.2330466770665269E-03   3   1 0  1 1  0 0  0 0
    51  -.1564306246407320E-03   3   0 1  1 1  0 0  0 0
    52   1.555518854141734       3   0 0  2 1  0 0  0 0
    53  -.1332886556560516E-03   3   1 0  0 2  0 0  0 0
    54  -.5721418206351506E-04   3   0 1  0 2  0 0  0 0
    55   1.292445671484364       3   0 0  1 2  0 0  0 0
    56  0.6276737516866857       3   0 0  0 3  0 0  0 0
    57  -.5931273463427513E-05   3   2 0  0 0  0 1  0 0
    58  0.4423764309071383E-05   3   1 1  0 0  0 1  0 0
    59  -.3956833184994972E-06   3   0 2  0 0  0 1  0 0
    60  0.2204585107389205E-03   3   1 0  1 0  0 1  0 0
    61  0.1616334831672693E-04   3   0 1  1 0  0 1  0 0
    62  -.1538103296825595E-05   3   0 0  2 0  0 1  0 0
    63  -.4384269585172238E-04   3   1 0  0 1  0 1  0 0
    64  -.3126936863687976E-04   3   0 1  0 1  0 1  0 0
    65  -.2171388890922949E-04   3   0 0  1 1  0 1  0 0
    66  -.1113545511511649E-04   3   0 0  0 2  0 1  0 0
    67  -.5923291435131615E-05   3   2 0  0 0  0 0  1 0
    68  0.4417811015549099E-05   3   1 1  0 0  0 0  1 0
    69  -.3951508265373179E-06   3   0 2  0 0  0 0  1 0
    70  0.2201618280650185E-03   3   1 0  1 0  0 0  1 0
    71  0.1614159644431793E-04   3   0 1  1 0  0 0  1 0
    72  -.1536033389869578E-05   3   0 0  2 0  0 0  1 0
    73  -.4378369441787869E-04   3   1 0  0 1  0 0  1 0
    74  -.3122728779424085E-04   3   0 1  0 1  0 0  1 0
    75  -.2168466738084181E-04   3   0 0  1 1  0 0  1 0
    76  -.1112046954440681E-04   3   0 0  0 2  0 0  1 0
    77  0.1185456489855106E-04   3   2 0  0 0  0 0  0 1
    78  -.5459396115484952E-05   3   1 1  0 0  0 0  0 1
    79  -.8730080310911377E-07   3   0 2  0 0  0 0  0 1
    80  -.4406203388039362E-03   3   1 0  1 0  0 0  0 1
    81  -.2544244813351944E-04   3   0 1  1 0  0 0  0 1
    82  0.3074136686650279E-05   3   0 0  2 0  0 0  0 1
    83  0.3890407010869863E-04   3   1 0  0 1  0 0  0 1
    84  0.1704842631120531E-04   3   0 1  0 1  0 0  0 1
    85  0.2779821645424355E-04   3   0 0  1 1  0 0  0 1
    86  0.9209503201805793E-05   3   0 0  0 2  0 0  0 1
    87  -.2032712133673037E-04   3   1 0  0 0  0 2  0 0
    88  -.1375424821607553E-04   3   0 1  0 0  0 2  0 0
    89  0.1822852863975877       3   0 0  1 0  0 2  0 0
    90  0.3617754868037217       3   0 0  0 1  0 2  0 0
    91  -.1363834783179776E-04   3   1 0  0 0  0 1  1 0
    92  -.1376277633723064E-04   3   0 1  0 0  0 1  1 0
    93  0.1305067684254527       3   0 0  1 0  0 1  1 0
    94  0.2808315827936663       3   0 0  0 1  0 1  1 0
    95  -.2029058913194398E-04   3   1 0  0 0  0 0  2 0
    96  -.1372647774916024E-04   3   0 1  0 0  0 0  2 0
    97  0.1819521605207728       3   0 0  1 0  0 0  2 0
    98  0.3610996614489760       3   0 0  0 1  0 0  2 0
    99  0.2726002414911506E-04   3   1 0  0 0  0 1  0 1
   100  0.1377395386034325E-04   3   0 1  0 0  0 1  0 1
   101  -.2608742750530471       3   0 0  1 0  0 1  0 1
   102  -.1185085354609543       3   0 0  0 1  0 1  0 1
   103  0.2722333889333542E-04   3   1 0  0 0  0 0  1 1
   104  0.1375541752238200E-04   3   0 1  0 0  0 0  1 1
   105  -.2605232027482565       3   0 0  1 0  0 0  1 1
   106  -.1183490522590453       3   0 0  0 1  0 0  1 1
   107  -.2263311427209154E-06   3   1 0  0 0  0 0  0 2
   108  -.2381438212383317E-07   3   0 1  0 0  0 0  0 2
   109  0.2665321186731006E-01   3   0 0  1 0  0 0  0 2
   110  0.4140394090918911E-02   3   0 0  0 1  0 0  0 2
   111  -.5662845099598865E-06   3   0 0  0 0  0 3  0 0
   112  -.3648664303630179E-06   3   0 0  0 0  0 2  1 0
   113  -.3652714804911571E-06   3   0 0  0 0  0 1  2 0
   114  -.5648962125586086E-06   3   0 0  0 0  0 0  3 0
   115  0.7295952776068348E-06   3   0 0  0 0  0 2  0 1
   116  0.5289087209896453E-06   3   0 0  0 0  0 1  1 1
   117  0.7282575324826093E-06   3   0 0  0 0  0 0  2 1
   118  -.6322769628623735E-07   3   0 0  0 0  0 1  0 2
   119  -.6314260743234581E-07   3   0 0  0 0  0 0  1 2
   120  0.9255470519081121E-09   3   0 0  0 0  0 0  0 3
   121  0.3927987916199332E-05   4   4 0  0 0  0 0  0 0
   122  -.3154160865229665E-05   4   3 1  0 0  0 0  0 0
   123  -.2765805697117971E-05   4   2 2  0 0  0 0  0 0
   124  0.1760184054549333E-06   4   1 3  0 0  0 0  0 0
   125  -.3142076757981034E-05   4   0 4  0 0  0 0  0 0
   126  0.2869759989911220E-03   4   3 0  1 0  0 0  0 0
   127  0.7729616092973637E-03   4   2 1  1 0  0 0  0 0
   128  0.2214779204536672E-03   4   1 2  1 0  0 0  0 0
   129  -.2199631918199320E-03   4   0 3  1 0  0 0  0 0
   130  0.4641359978658640E-04   4   2 0  2 0  0 0  0 0
   131  0.1338541799193943E-04   4   1 1  2 0  0 0  0 0
   132  -.3630397965758862E-04   4   0 2  2 0  0 0  0 0
   133  -.4042621766476919E-04   4   1 0  3 0  0 0  0 0
   134  0.3903028142968263E-03   4   0 1  3 0  0 0  0 0
   135  -.1006523970214028E-04   4   0 0  4 0  0 0  0 0
   136  -.2285976302914749E-03   4   3 0  0 1  0 0  0 0
   137  0.4734121554941980E-03   4   2 1  0 1  0 0  0 0
   138  0.4703030515904968E-03   4   1 2  0 1  0 0  0 0
   139  -.1275699707933034E-03   4   0 3  0 1  0 0  0 0
   140  0.1040918790829658E-04   4   2 0  1 1  0 0  0 0
   141  0.2390415185705514E-05   4   1 1  1 1  0 0  0 0
   142  -.2276948176068428E-04   4   0 2  1 1  0 0  0 0
   143  -.5113072115648143E-03   4   1 0  2 1  0 0  0 0
   144  0.4503165149265628E-03   4   0 1  2 1  0 0  0 0
   145  -.6670251026543217E-04   4   0 0  3 1  0 0  0 0
   146  -.4315225291873815E-05   4   2 0  0 2  0 0  0 0
   147  -.1206152657431406E-04   4   1 1  0 2  0 0  0 0
   148  -.1834486172759484E-04   4   0 2  0 2  0 0  0 0
   149  0.1317913980438233E-03   4   1 0  1 2  0 0  0 0
   150  0.2079309698348094E-04   4   0 1  1 2  0 0  0 0
   151  -.6105672611071334E-04   4   0 0  2 2  0 0  0 0
   152  0.2939189633244970E-03   4   1 0  0 3  0 0  0 0
   153  -.1148429008957110E-03   4   0 1  0 3  0 0  0 0
   154  -.2582440006893215E-04   4   0 0  1 3  0 0  0 0
   155  -.1263401659896251E-04   4   0 0  0 4  0 0  0 0
   156  -.8101103278650500E-05   4   3 0  0 0  0 1  0 0
   157  -.2765792501328212E-04   4   2 1  0 0  0 1  0 0
   158  0.3533414512056757E-04   4   1 2  0 0  0 1  0 0
   159  0.3155650646670092E-04   4   0 3  0 0  0 1  0 0
   160  0.3285852158660005       4   2 0  1 0  0 1  0 0
   161   1.168384726938208       4   1 1  1 0  0 1  0 0
   162  -.3760145974238800       4   0 2  1 0  0 1  0 0
   163  0.1872728218362750E-03   4   1 0  2 0  0 1  0 0
   164  0.2704983103001201E-03   4   0 1  2 0  0 1  0 0
   165  -.4088769250996016       4   0 0  3 0  0 1  0 0
   166  -.6925163609489650       4   2 0  0 1  0 1  0 0
   167  0.4014765256895221       4   1 1  0 1  0 1  0 0
   168  -.6508013565443903       4   0 2  0 1  0 1  0 0
   169  0.3676817715483056E-03   4   1 0  1 1  0 1  0 0
   170  0.2965491479313072E-03   4   0 1  1 1  0 1  0 0
   171  -2.215943864752132       4   0 0  2 1  0 1  0 0
   172  0.2290872884741786E-03   4   1 0  0 2  0 1  0 0
   173  0.1259451599609249E-03   4   0 1  0 2  0 1  0 0
   174  -2.252358669622192       4   0 0  1 2  0 1  0 0
   175  -1.131305116998210       4   0 0  0 3  0 1  0 0
   176  -.8090201195650388E-05   4   3 0  0 0  0 0  1 0
   177  -.2762070428127254E-04   4   2 1  0 0  0 0  1 0
   178  0.3528659409330413E-04   4   1 2  0 0  0 0  1 0
   179  0.3151403920750433E-04   4   0 3  0 0  0 0  1 0
   180  0.3281430213681801       4   2 0  1 0  0 0  1 0
   181   1.166812369836765       4   1 1  1 0  0 0  1 0
   182  -.3755085746996135       4   0 2  1 0  0 0  1 0
   183  0.1870207988983225E-03   4   1 0  2 0  0 0  1 0
   184  0.2701342864221482E-03   4   0 1  2 0  0 0  1 0
   185  -.4083266778025318       4   0 0  3 0  0 0  1 0
   186  -.6915844050675617       4   2 0  0 1  0 0  1 0
   187  0.4009362375021875       4   1 1  0 1  0 0  1 0
   188  -.6499255387499547       4   0 2  0 1  0 0  1 0
   189  0.3671869627481694E-03   4   1 0  1 1  0 0  1 0
   190  0.2961500660637596E-03   4   0 1  1 1  0 0  1 0
   191  -2.212961751930993       4   0 0  2 1  0 0  1 0
   192  0.2287789935977899E-03   4   1 0  0 2  0 0  1 0
   193  0.1257756689001918E-03   4   0 1  0 2  0 0  1 0
   194  -2.249327551473511       4   0 0  1 2  0 0  1 0
   195  -1.129782659888068       4   0 0  0 3  0 0  1 0
   196  0.1619130447430202E-04   4   3 0  0 0  0 0  0 1
   197  0.5492743950022522E-04   4   2 1  0 0  0 0  0 1
   198  -.1753031818050654E-05   4   1 2  0 0  0 0  0 1
   199  -.1212770050980119E-04   4   0 3  0 0  0 0  0 1
   200  -.6567282372342005       4   2 0  1 0  0 0  0 1
   201  -1.528095534386565       4   1 1  1 0  0 0  0 1
   202  0.1701627407063512       4   0 2  1 0  0 0  0 1
   203  -.3742936207345745E-03   4   1 0  2 0  0 0  0 1
   204  -.3424666177722426E-03   4   0 1  2 0  0 0  0 1
   205  0.8172036029020043       4   0 0  3 0  0 0  0 1
   206  0.7482080365457692       4   2 0  0 1  0 0  0 1
   207  -.3595394991501413       4   1 1  0 1  0 0  0 1
   208  0.5302352463570680E-01   4   0 2  0 1  0 0  0 1
   209  -.5018220572298116E-03   4   1 0  1 1  0 0  0 1
   210  -.2798379647134157E-03   4   0 1  1 1  0 0  0 1
   211   2.873386762540732       4   0 0  2 1  0 0  0 1
   212  -.1912889707597769E-03   4   1 0  0 2  0 0  0 1
   213  -.8007828267052271E-04   4   0 1  0 2  0 0  0 1
   214   1.916794878126467       4   0 0  1 2  0 0  0 1
   215  0.3780665218262127       4   0 0  0 3  0 0  0 1
   216  -.3608307923956280E-05   4   2 0  0 0  0 2  0 0
   217  -.2010155778082313E-05   4   1 1  0 0  0 2  0 0
   218  -.7694640234340706E-05   4   0 2  0 0  0 2  0 0
   219  -.9088456644122006E-05   4   1 0  1 0  0 2  0 0
   220  -.2666894027381511E-03   4   0 1  1 0  0 2  0 0
   221  -.1971858156718770E-04   4   0 0  2 0  0 2  0 0
   222  0.1340248586478600E-03   4   1 0  0 1  0 2  0 0
   223  -.2326720327250412E-03   4   0 1  0 1  0 2  0 0
   224  -.1481169553468647E-04   4   0 0  1 1  0 2  0 0
   225  -.1481092798025626E-04   4   0 0  0 2  0 2  0 0
   226  -.4665826105847148E-05   4   2 0  0 0  0 1  1 0
   227  -.1536278409709598E-05   4   1 1  0 0  0 1  1 0
   228  -.9503416136472751E-05   4   0 2  0 0  0 1  1 0
   229  0.5253440111414636E-04   4   1 0  1 0  0 1  1 0
   230  -.3145975851545135E-03   4   0 1  1 0  0 1  1 0
   231  -.2098382198144918E-04   4   0 0  2 0  0 1  1 0
   232  0.1510173937264534E-03   4   1 0  0 1  0 1  1 0
   233  -.2848566874817539E-03   4   0 1  0 1  0 1  1 0
   234  -.1964634923239050E-04   4   0 0  1 1  0 1  1 0
   235  -.1811549560080953E-04   4   0 0  0 2  0 1  1 0
   236  -.3600312508760239E-05   4   2 0  0 0  0 0  2 0
   237  -.2006416879637250E-05   4   1 1  0 0  0 0  2 0
   238  -.7677890525369215E-05   4   0 2  0 0  0 0  2 0
   239  -.9111574988059493E-05   4   1 0  1 0  0 0  2 0
   240  -.2661188194067735E-03   4   0 1  1 0  0 0  2 0
   241  -.1967792571004342E-04   4   0 0  2 0  0 0  2 0
   242  0.1337428782638418E-03   4   1 0  0 1  0 0  2 0
   243  -.2321672403162703E-03   4   0 1  0 1  0 0  2 0
   244  -.1477854308738298E-04   4   0 0  1 1  0 0  2 0
   245  -.1477880664125466E-04   4   0 0  0 2  0 0  2 0
   246  0.1777345434588603E-06   4   2 0  0 0  0 1  0 1
   247  0.1168202894692444E-05   4   1 1  0 0  0 1  0 1
   248  0.1934966704300889E-05   4   0 2  0 0  0 1  0 1
   249  -.3486685646985776E-04   4   1 0  1 0  0 1  0 1
   250  0.2281588857217868E-03   4   0 1  1 0  0 1  0 1
   251  0.1857421847622948E-04   4   0 0  2 0  0 1  0 1
   252  -.1733112824053346E-03   4   1 0  0 1  0 1  0 1
   253  0.3869538882612160E-04   4   0 1  0 1  0 1  0 1
   254  0.1654803792774427E-06   4   0 0  1 1  0 1  0 1
   255  -.4779131251958738E-05   4   0 0  0 2  0 1  0 1
   256  0.1774953566866143E-06   4   2 0  0 0  0 0  1 1
   257  0.1166630782292265E-05   4   1 1  0 0  0 0  1 1
   258  0.1932362717302069E-05   4   0 2  0 0  0 0  1 1
   259  -.3481993429763992E-04   4   1 0  1 0  0 0  1 1
   260  0.2278518402461374E-03   4   0 1  1 0  0 0  1 1
   261  0.1854922216837666E-04   4   0 0  2 0  0 0  1 1
   262  -.1730780482493500E-03   4   1 0  0 1  0 0  1 1
   263  0.3864331439549034E-04   4   0 1  0 1  0 0  1 1
   264  0.1652576835817980E-06   4   0 0  1 1  0 0  1 1
   265  -.4772699722352528E-05   4   0 0  0 2  0 0  1 1
   266  0.2601552992761884E-05   4   2 0  0 0  0 0  0 2
   267  0.1036574900224260E-05   4   1 1  0 0  0 0  0 2
   268  0.2449867651497713E-07   4   0 2  0 0  0 0  0 2
   269  0.7995567601061087E-04   4   1 0  1 0  0 0  0 2
   270  0.4902171838582497E-07   4   0 1  1 0  0 0  0 2
   271  0.5814908743078307E-05   4   0 0  2 0  0 0  0 2
   272  0.3827248982304864E-04   4   1 0  0 1  0 0  0 2
   273  0.5150179120245362E-05   4   0 1  0 1  0 0  0 2
   274  0.9703882963809688E-05   4   0 0  1 1  0 0  0 2
   275  0.2318500137516853E-05   4   0 0  0 2  0 0  0 2
   276  0.1698622761805903E-04   4   1 0  0 0  0 3  0 0
   277  0.1375901105589367E-04   4   0 1  0 0  0 3  0 0
   278  -.1564208201270044       4   0 0  1 0  0 3  0 0
   279  -.3217484581282821       4   0 0  0 1  0 3  0 0
   280  0.1030826271366532E-04   4   1 0  0 0  0 2  1 0
   281  0.1377151029082925E-04   4   0 1  0 0  0 2  1 0
   282  -.1047266024932137       4   0 0  1 0  0 2  1 0
   283  -.2417470448663907       4   0 0  0 1  0 2  1 0
   284  0.1032169690496034E-04   4   1 0  0 0  0 1  2 0
   285  0.1377144768211723E-04   4   0 1  0 0  0 1  2 0
   286  -.1048305290268773       4   0 0  1 0  0 1  2 0
   287  -.2419076640096382       4   0 0  0 1  0 1  2 0
   288  0.1694501188919203E-04   4   1 0  0 0  0 0  3 0
   289  0.1372198267540564E-04   4   0 1  0 0  0 0  3 0
   290  -.1560346914353983       4   0 0  1 0  0 0  3 0
   291  -.3209365206713382       4   0 0  0 1  0 0  3 0
   292  -.2061101533046551E-04   4   1 0  0 0  0 2  0 1
   293  -.1379740761632760E-04   4   0 1  0 0  0 2  0 1
   294  0.2094184164660626       4   0 0  1 0  0 2  0 1
   295  0.1216658619318042       4   0 0  0 1  0 2  0 1
   296  -.1397985298789999E-04   4   1 0  0 0  0 1  1 1
   297  -.1382077330111102E-04   4   0 1  0 0  0 1  1 1
   298  0.1581005791614480       4   0 0  1 0  0 1  1 1
   299  0.1248144758153487       4   0 0  0 1  0 1  1 1
   300  -.2057387128375046E-04   4   1 0  0 0  0 0  2 1
   301  -.1376954004272943E-04   4   0 1  0 0  0 0  2 1
   302  0.2090302088765250       4   0 0  1 0  0 0  2 1
   303  0.1214181450291043       4   0 0  0 1  0 0  2 1
   304  0.3399885689513458E-06   4   1 0  0 0  0 1  0 2
   305  0.4767582021074727E-07   4   0 1  0 0  0 1  0 2
   306  -.2759440473897993E-01   4   0 0  1 0  0 1  0 2
   307  -.6310289553936417E-02   4   0 0  0 1  0 1  0 2
   308  0.3395310283577679E-06   4   1 0  0 0  0 0  1 2
   309  0.4761166033858856E-07   4   0 1  0 0  0 0  1 2
   310  -.2755726948955258E-01   4   0 0  1 0  0 0  1 2
   311  -.6301797463645271E-02   4   0 0  0 1  0 0  1 2
   312  -.7561910392199883E-07   4   1 0  0 0  0 0  0 3
   313  -.7948111368780028E-08   4   0 1  0 0  0 0  0 3
   314  0.6150834979716880E-03   4   0 0  1 0  0 0  0 3
   315  0.6363491494191541E-04   4   0 0  0 1  0 0  0 3
   316  -.1502762943550745E-05   4   0 0  0 0  0 4  0 0
   317  -.9212267368780154E-06   4   0 0  0 0  0 3  1 0
   318  -.8429143784520861E-06   4   0 0  0 0  0 2  2 0
   319  -.9228910566340362E-06   4   0 0  0 0  0 1  3 0
   320  -.1498100955423071E-05   4   0 0  0 0  0 0  4 0
   321  -.5897429689477442E-07   4   0 0  0 0  0 3  0 1
   322  -.8433609083454390E-09   4   0 0  0 0  0 2  1 1
   323  -.9605455157243430E-09   4   0 0  0 0  0 1  2 1
   324  -.5885468301291648E-07   4   0 0  0 0  0 0  3 1
   325  0.3339100648666842E-07   4   0 0  0 0  0 2  0 2
   326  0.4226225130691808E-07   4   0 0  0 0  0 1  1 2
   327  0.3331763317078267E-07   4   0 0  0 0  0 0  2 2
   328  -.7510596668956625E-09   4   0 0  0 0  0 1  0 3
   329  -.7500489261921698E-09   4   0 0  0 0  0 0  1 3
   ----------------------------------------------------
     I  COEFFICIENT            ORDER EXPONENTS
     1  0.5929328725946408E-05   0   0 0  0 0  0 0  0 0
     2  -.1538482787106984E-03   1   1 0  0 0  0 0  0 0
     3  -.4761353987361996E-04   1   0 1  0 0  0 0  0 0
     4   1.300950790505519       1   0 0  1 0  0 0  0 0
     5   1.389012812647853       1   0 0  0 1  0 0  0 0
     6  -.1684175601200506E-06   1   0 0  0 0  0 1  0 0
     7  -.1681909117049034E-06   1   0 0  0 0  0 0  1 0
     8  0.6265937197693771E-05   1   0 0  0 0  0 0  0 1
     9  0.4529790121799334E-05   2   2 0  0 0  0 0  0 0
    10  -.2241905246914557E-04   2   1 1  0 0  0 0  0 0
    11  -.3843305018590020E-05   2   0 2  0 0  0 0  0 0
    12  -.4460516560119342E-03   2   1 0  1 0  0 0  0 0
    13  0.2316137670590888E-03   2   0 1  1 0  0 0  0 0
    14  -.1386966264040665E-04   2   0 0  2 0  0 0  0 0
    15  0.1680500093882637E-03   2   1 0  0 1  0 0  0 0
    16  0.1509428551266083E-03   2   0 1  0 1  0 0  0 0
    17  0.9234764029922066E-05   2   0 0  1 1  0 0  0 0
    18  0.8419423479717748E-06   2   0 0  0 2  0 0  0 0
    19  0.4553941749424916E-06   2   1 0  0 0  0 1  0 0
    20  0.2387810258199748E-04   2   0 1  0 0  0 1  0 0
    21  -.5849780677615418E-01   2   0 0  1 0  0 1  0 0
    22  -.2052843478615197       2   0 0  0 1  0 1  0 0
    23  0.4547813269237497E-06   2   1 0  0 0  0 0  1 0
    24  0.2384596855687869E-04   2   0 1  0 0  0 0  1 0
    25  -.5841908318469997E-01   2   0 0  1 0  0 0  1 0
    26  -.2050080858608848       2   0 0  0 1  0 0  1 0
    27  -.1547584542125647E-03   2   1 0  0 0  0 0  0 1
    28  -.4772407113871768E-04   2   0 1  0 0  0 0  0 1
    29   1.417867680466373       2   0 0  1 0  0 0  0 1
    30  0.4102924337224010       2   0 0  0 1  0 0  0 1
    31  0.1238219579226327E-06   2   0 0  0 0  0 2  0 0
    32  0.7934640459975601E-07   2   0 0  0 0  0 1  1 0
    33  0.1236019338936460E-06   2   0 0  0 0  0 0  2 0
    34  -.3269912141511719E-06   2   0 0  0 0  0 1  0 1
    35  -.3265511647857784E-06   2   0 0  0 0  0 0  1 1
    36  0.3267714758114640E-06   2   0 0  0 0  0 0  0 2
    37  0.1207325509149802E-03   3   3 0  0 0  0 0  0 0
    38  0.1221978491332527E-03   3   2 1  0 0  0 0  0 0
    39  0.4238487108593267E-04   3   1 2  0 0  0 0  0 0
    40  -.1864762584032606E-04   3   0 3  0 0  0 0  0 0
    41  -2.467286230685934       3   2 0  1 0  0 0  0 0
    42  -2.462704146185408       3   1 1  1 0  0 0  0 0
    43  0.2706824636400640       3   0 2  1 0  0 0  0 0
    44  -.2383947670510693E-03   3   1 0  2 0  0 0  0 0
    45  -.9689868364860616E-04   3   0 1  2 0  0 0  0 0
    46  -1.512583846549755       3   0 0  3 0  0 0  0 0
    47  -.3172098636897575       3   2 0  0 1  0 0  0 0
    48  -.7390357111715647       3   1 1  0 1  0 0  0 0
    49  0.2399381400124605       3   0 2  0 1  0 0  0 0
    50  -.1346261343853651E-03   3   1 0  1 1  0 0  0 0
    51  0.9202508187960379E-04   3   0 1  1 1  0 0  0 0
    52  -1.764234504835447       3   0 0  2 1  0 0  0 0
    53  -.2197637640104231E-04   3   1 0  0 2  0 0  0 0
    54  0.1278143506794846E-04   3   0 1  0 2  0 0  0 0
    55  -1.275572793006735       3   0 0  1 2  0 0  0 0
    56  -.7603991081814267E-01   3   0 0  0 3  0 0  0 0
    57  -.3213051076573988E-05   3   2 0  0 0  0 1  0 0
    58  0.1277278424656361E-04   3   1 1  0 0  0 1  0 0
    59  0.4279750242431001E-05   3   0 2  0 0  0 1  0 0
    60  0.2303742955393509E-03   3   1 0  1 0  0 1  0 0
    61  -.7469338095426625E-04   3   0 1  1 0  0 1  0 0
    62  0.1016569521857212E-04   3   0 0  2 0  0 1  0 0
    63  -.1999481102451821E-04   3   1 0  0 1  0 1  0 0
    64  -.1322394725128759E-03   3   0 1  0 1  0 1  0 0
    65  0.2152993353962762E-05   3   0 0  1 1  0 1  0 0
    66  0.5491038286596436E-06   3   0 0  0 2  0 1  0 0
    67  -.3208727103860999E-05   3   2 0  0 0  0 0  1 0
    68  0.1275559523548509E-04   3   1 1  0 0  0 0  1 0
    69  0.4273990756252418E-05   3   0 2  0 0  0 0  1 0
    70  0.2300642686695807E-03   3   1 0  1 0  0 0  1 0
    71  -.7459286212235081E-04   3   0 1  1 0  0 0  1 0
    72  0.1015201470507582E-04   3   0 0  2 0  0 0  1 0
    73  -.1996790295016268E-04   3   1 0  0 1  0 0  1 0
    74  -.1320615108629978E-03   3   0 1  0 1  0 0  1 0
    75  0.2150095957018139E-05   3   0 0  1 1  0 0  1 0
    76  0.5483648706209258E-06   3   0 0  0 2  0 0  1 0
    77  0.1095156830223425E-04   3   2 0  0 0  0 0  0 1
    78  -.2552837948204840E-04   3   1 1  0 0  0 0  0 1
    79  -.4710435980093510E-05   3   0 2  0 0  0 0  0 1
    80  -.9064902202208603E-03   3   1 0  1 0  0 0  0 1
    81  0.1492862430766195E-03   3   0 1  1 0  0 0  0 1
    82  -.3418737256407078E-04   3   0 0  2 0  0 0  0 1
    83  0.3996271397468669E-04   3   1 0  0 1  0 0  0 1
    84  0.1133581282492603E-03   3   0 1  0 1  0 0  0 1
    85  -.4303089310999352E-05   3   0 0  1 1  0 0  0 1
    86  -.1939411047254014E-05   3   0 0  0 2  0 0  0 1
    87  -.4513826101753611E-06   3   1 0  0 0  0 2  0 0
    88  -.1794983974478163E-04   3   0 1  0 0  0 2  0 0
    89  0.4478793227731087E-01   3   0 0  1 0  0 2  0 0
    90  0.1593702478897789       3   0 0  0 1  0 2  0 0
    91  -.4507033391427474E-06   3   1 0  0 0  0 1  1 0
    92  -.1203544332381565E-04   3   0 1  0 0  0 1  1 0
    93  0.3111488810819040E-01   3   0 0  1 0  0 1  1 0
    94  0.1135793750555992       3   0 0  0 1  0 1  1 0
    95  -.4504718930654962E-06   3   1 0  0 0  0 0  2 0
    96  -.1791758533019208E-04   3   0 1  0 0  0 0  2 0
    97  0.4470672231382120E-01   3   0 0  1 0  0 0  2 0
    98  0.1590793500359615       3   0 0  0 1  0 0  2 0
    99  0.1359211561665711E-05   3   1 0  0 0  0 1  0 1
   100  0.2405088816735043E-04   3   0 1  0 0  0 1  0 1
   101  -.1206908237152563       3   0 0  1 0  0 1  0 1
   102  -.2270355802646820       3   0 0  0 1  0 1  0 1
   103  0.1357382398802957E-05   3   1 0  0 0  0 0  1 1
   104  0.2401852161553410E-04   3   0 1  0 0  0 0  1 1
   105  -.1205284036926552       3   0 0  1 0  0 0  1 1
   106  -.2267300464805810       3   0 0  0 1  0 0  1 1
   107  -.1362381784814831E-05   3   1 0  0 0  0 0  0 2
   108  -.1710309697752549E-06   3   0 1  0 0  0 0  0 2
   109  0.1206096481767457       3   0 0  1 0  0 0  0 2
   110  0.2173661490214859E-01   3   0 0  0 1  0 0  0 2
   111  -.1036241525405197E-06   3   0 0  0 0  0 3  0 0
   112  -.6324978569707158E-07   3   0 0  0 0  0 2  1 0
   113  -.6333100512578311E-07   3   0 0  0 0  0 1  2 0
   114  -.1033724719509076E-06   3   0 0  0 0  0 0  3 0
   115  0.2502990234251482E-06   3   0 0  0 0  0 2  0 1
   116  0.1738126579518837E-06   3   0 0  0 0  0 1  1 1
   117  0.2498452284045033E-06   3   0 0  0 0  0 0  2 1
   118  -.1737093562038410E-06   3   0 0  0 0  0 1  0 2
   119  -.1734755863388367E-06   3   0 0  0 0  0 0  1 2
   120  0.6804488910397317E-08   3   0 0  0 0  0 0  0 3
   121  0.1285224479965482E-04   4   4 0  0 0  0 0  0 0
   122  0.2581246554744922E-05   4   3 1  0 0  0 0  0 0
   123  -.6495638885022560E-05   4   2 2  0 0  0 0  0 0
   124  0.2957291774719349E-05   4   1 3  0 0  0 0  0 0
   125  -.4196838746623196E-05   4   0 4  0 0  0 0  0 0
   126  0.1598683883933177E-08   4   3 0  1 0  0 0  0 0
   127  -.1266014162991306E-02   4   2 1  1 0  0 0  0 0
   128  -.5723894333903269E-03   4   1 2  1 0  0 0  0 0
   129  -.2275718827235975E-03   4   0 3  1 0  0 0  0 0
   130  0.1332791765676603E-04   4   2 0  2 0  0 0  0 0
   131  -.1574569924085421E-03   4   1 1  2 0  0 0  0 0
   132  -.2949637920051494E-04   4   0 2  2 0  0 0  0 0
   133  0.8259513890598535E-08   4   1 0  3 0  0 0  0 0
   134  -.5992287557738759E-08   4   0 1  3 0  0 0  0 0
   135  -.2531239159018045E-04   4   0 0  4 0  0 0  0 0
   136  -.6330151338372003E-03   4   3 0  0 1  0 0  0 0
   137  -.8800976255040075E-03   4   2 1  0 1  0 0  0 0
   138  -.6895670546450951E-05   4   1 2  0 1  0 0  0 0
   139  -.1852507523231188E-04   4   0 3  0 1  0 0  0 0
   140  -.3986566214201657E-04   4   2 0  1 1  0 0  0 0
   141  -.1581419781339373E-03   4   1 1  1 1  0 0  0 0
   142  0.1757176409694670E-04   4   0 2  1 1  0 0  0 0
   143  -.1164225032178975E-02   4   1 0  2 1  0 0  0 0
   144  -.1572448548912346E-03   4   0 1  2 1  0 0  0 0
   145  -.1163610622877998E-03   4   0 0  3 1  0 0  0 0
   146  0.1144807935092666E-04   4   2 0  0 2  0 0  0 0
   147  -.3116661654501831E-04   4   1 1  0 2  0 0  0 0
   148  -.1601357819779837E-05   4   0 2  0 2  0 0  0 0
   149  -.6748527286145255E-03   4   1 0  1 2  0 0  0 0
   150  -.2645015950195379E-03   4   0 1  1 2  0 0  0 0
   151  -.8211843343645271E-04   4   0 0  2 2  0 0  0 0
   152  -.1066867517518056E-03   4   1 0  0 3  0 0  0 0
   153  -.4649631426284901E-04   4   0 1  0 3  0 0  0 0
   154  -.6700060588090158E-05   4   0 0  1 3  0 0  0 0
   155  0.3158228483300962E-05   4   0 0  0 4  0 0  0 0
   156  -.5419760822096026E-04   4   3 0  0 0  0 1  0 0
   157  -.1220252201693149E-03   4   2 1  0 0  0 1  0 0
   158  -.6423908937075009E-04   4   1 2  0 0  0 1  0 0
   159  0.2532428568093668E-04   4   0 3  0 0  0 1  0 0
   160  0.9792030632436550       4   2 0  1 0  0 1  0 0
   161   2.417499121467277       4   1 1  1 0  0 1  0 0
   162  -.1036171484216911       4   0 2  1 0  0 1  0 0
   163  0.3496318589868335E-04   4   1 0  2 0  0 1  0 0
   164  0.8322279859070584E-04   4   0 1  2 0  0 1  0 0
   165   1.071210490075288       4   0 0  3 0  0 1  0 0
   166  0.1995150425738525       4   2 0  0 1  0 1  0 0
   167   1.059795488039669       4   1 1  0 1  0 1  0 0
   168  -.3000026095328288       4   0 2  0 1  0 1  0 0
   169  0.7759606443962289E-04   4   1 0  1 1  0 1  0 0
   170  -.7220889658780030E-04   4   0 1  1 1  0 1  0 0
   171   2.054319372828580       4   0 0  2 1  0 1  0 0
   172  0.2322083825949415E-04   4   1 0  0 2  0 1  0 0
   173  -.1562693493466379E-04   4   0 1  0 2  0 1  0 0
   174   1.704554968111473       4   0 0  1 2  0 1  0 0
   175  0.1604597579078302       4   0 0  0 3  0 1  0 0
   176  -.5412467163406168E-04   4   3 0  0 0  0 0  1 0
   177  -.1218610043788610E-03   4   2 1  0 0  0 0  1 0
   178  -.6415263943175884E-04   4   1 2  0 0  0 0  1 0
   179  0.2529020545075918E-04   4   0 3  0 0  0 0  1 0
   180  0.9778852979093835       4   2 0  1 0  0 0  1 0
   181   2.414245765082403       4   1 1  1 0  0 0  1 0
   182  -.1034777053466432       4   0 2  1 0  0 0  1 0
   183  0.3491613409061394E-04   4   1 0  2 0  0 0  1 0
   184  0.8311080127036626E-04   4   0 1  2 0  0 0  1 0
   185   1.069768905483408       4   0 0  3 0  0 0  1 0
   186  0.1992465446323731       4   2 0  0 1  0 0  1 0
   187   1.058369265218301       4   1 1  0 1  0 0  1 0
   188  -.2995988801595508       4   0 2  0 1  0 0  1 0
   189  0.7749163931277406E-04   4   1 0  1 1  0 0  1 0
   190  -.7211172125804182E-04   4   0 1  1 1  0 0  1 0
   191   2.051554766635684       4   0 0  2 1  0 0  1 0
   192  0.2318958874963319E-04   4   1 0  0 2  0 0  1 0
   193  -.1560590494216477E-04   4   0 1  0 2  0 0  1 0
   194   1.702261058369703       4   0 0  1 2  0 0  1 0
   195  0.1602438187281781       4   0 0  0 3  0 0  1 0
   196  0.2290548307700038E-03   4   3 0  0 0  0 0  0 1
   197  0.2438862245481754E-03   4   2 1  0 0  0 0  0 1
   198  0.8600685771657486E-04   4   1 2  0 0  0 0  0 1
   199  -.1331923945104313E-04   4   0 3  0 0  0 0  0 1
   200  -4.424374591838995       4   2 0  1 0  0 0  0 1
   201  -4.831744886549665       4   1 1  1 0  0 0  0 1
   202  -.6358760987172386E-01   4   0 2  1 0  0 0  0 1
   203  -.3082740870403272E-03   4   1 0  2 0  0 0  0 1
   204  -.1663335998610050E-03   4   0 1  2 0  0 0  0 1
   205  -3.653563242108667       4   0 0  3 0  0 0  0 1
   206  -.3987615872062309       4   2 0  0 1  0 0  0 1
   207  -1.379129042086386       4   1 1  0 1  0 0  0 1
   208  0.1197252096674504       4   0 2  0 1  0 0  0 1
   209  -.1550877037522622E-03   4   1 0  1 1  0 0  0 1
   210  0.5229553596631422E-04   4   0 1  1 1  0 0  0 1
   211  -4.105874139465299       4   0 0  2 1  0 0  0 1
   212  -.2443405060804493E-04   4   1 0  0 2  0 0  0 1
   213  0.5669969740936731E-05   4   0 1  0 2  0 0  0 1
   214  -2.131243233475036       4   0 0  1 2  0 0  0 1
   215  -.1686237549997597       4   0 0  0 3  0 0  0 1
   216  0.1565518119550171E-05   4   2 0  0 0  0 2  0 0
   217  0.4476716304867996E-05   4   1 1  0 0  0 2  0 0
   218  -.7990484630649142E-05   4   0 2  0 0  0 2  0 0
   219  0.2911016505340474E-03   4   1 0  1 0  0 2  0 0
   220  -.1716205121113443E-03   4   0 1  1 0  0 2  0 0
   221  0.1912630273704698E-04   4   0 0  2 0  0 2  0 0
   222  0.2350198727429653E-03   4   1 0  0 1  0 2  0 0
   223  -.2979937676941836E-04   4   0 1  0 1  0 2  0 0
   224  0.4485530241587721E-04   4   0 0  1 1  0 2  0 0
   225  0.9976641445604024E-05   4   0 0  0 2  0 2  0 0
   226  -.4536066930976544E-06   4   2 0  0 0  0 1  1 0
   227  0.8625926299129613E-05   4   1 1  0 0  0 1  1 0
   228  -.8667524005176666E-05   4   0 2  0 0  0 1  1 0
   229  0.3514581111917306E-03   4   1 0  1 0  0 1  1 0
   230  -.2008270311463361E-03   4   0 1  1 0  0 1  1 0
   231  0.2133481154423257E-04   4   0 0  2 0  0 1  1 0
   232  0.2343052930221762E-03   4   1 0  0 1  0 1  1 0
   233  -.5924720966655804E-04   4   0 1  0 1  0 1  1 0
   234  0.4625134761772601E-04   4   0 0  1 1  0 1  1 0
   235  0.1078610308435335E-04   4   0 0  0 2  0 1  1 0
   236  0.1563716540300097E-05   4   2 0  0 0  0 0  2 0
   237  0.4464887568501490E-05   4   1 1  0 0  0 0  2 0
   238  -.7973899240351779E-05   4   0 2  0 0  0 0  2 0
   239  0.2904734117707076E-03   4   1 0  1 0  0 0  2 0
   240  -.1712544215374041E-03   4   0 1  1 0  0 0  2 0
   241  0.1908620776827843E-04   4   0 0  2 0  0 0  2 0
   242  0.2345459355638688E-03   4   1 0  0 1  0 0  2 0
   243  -.2971940812128557E-04   4   0 1  0 1  0 0  2 0
   244  0.4476381682191878E-04   4   0 0  1 1  0 0  2 0
   245  0.9955957637132991E-05   4   0 0  0 2  0 0  2 0
   246  -.4259098919943344E-05   4   2 0  0 0  0 1  0 1
   247  -.8444083515861757E-05   4   1 1  0 0  0 1  0 1
   248  0.5765523729394507E-05   4   0 2  0 0  0 1  0 1
   249  -.4668299024151393E-03   4   1 0  1 0  0 1  0 1
   250  0.1287016414852017E-03   4   0 1  1 0  0 1  0 1
   251  -.3893645502780983E-04   4   0 0  2 0  0 1  0 1
   252  -.3149266407373853E-03   4   1 0  0 1  0 1  0 1
   253  -.1148405141901536E-04   4   0 1  0 1  0 1  0 1
   254  -.6120207825570906E-04   4   0 0  1 1  0 1  0 1
   255  -.1178699880013629E-04   4   0 0  0 2  0 1  0 1
   256  -.4253367225341223E-05   4   2 0  0 0  0 0  1 1
   257  -.8432719866221989E-05   4   1 1  0 0  0 0  1 1
   258  0.5757764759279234E-05   4   0 2  0 0  0 0  1 1
   259  -.4662016647333999E-03   4   1 0  1 0  0 0  1 1
   260  0.1285284408815890E-03   4   0 1  1 0  0 0  1 1
   261  -.3888405618164475E-04   4   0 0  2 0  0 0  1 1
   262  -.3145028273062574E-03   4   1 0  0 1  0 0  1 1
   263  -.1146859672384003E-04   4   0 1  0 1  0 0  1 1
   264  -.6111971538314647E-04   4   0 0  1 1  0 0  1 1
   265  -.1177113641265310E-04   4   0 0  0 2  0 0  1 1
   266  0.5836838618250098E-05   4   2 0  0 0  0 0  0 2
   267  0.5753212310846638E-05   4   1 1  0 0  0 0  0 2
   268  0.1002378730620366E-05   4   0 2  0 0  0 0  0 2
   269  -.1606347678108691E-08   4   1 0  1 0  0 0  0 2
   270  -.4393531416424935E-09   4   0 1  1 0  0 0  0 2
   271  0.1827318841255074E-04   4   0 0  2 0  0 0  0 2
   272  0.3094360407629131E-04   4   1 0  0 1  0 0  0 2
   273  0.4179106666553076E-05   4   0 1  0 1  0 0  0 2
   274  0.1412109396102857E-04   4   0 0  1 1  0 0  0 2
   275  0.2011378866798915E-05   4   0 0  0 2  0 0  0 2
   276  0.4543281862866991E-06   4   1 0  0 0  0 3  0 0
   277  0.1499152640543166E-04   4   0 1  0 0  0 3  0 0
   278  -.3794517150264737E-01   4   0 0  1 0  0 3  0 0
   279  -.1364864773465892       4   0 0  0 1  0 3  0 0
   280  0.4573408264260967E-06   4   1 0  0 0  0 2  1 0
   281  0.9080919895699256E-05   4   0 1  0 0  0 2  1 0
   282  -.2426883995524032E-01   4   0 0  1 0  0 2  1 0
   283  -.9074968260776968E-01   4   0 0  0 1  0 2  1 0
   284  0.4573335107938925E-06   4   1 0  0 0  0 1  2 0
   285  0.9092810493599513E-05   4   0 1  0 0  0 1  2 0
   286  -.2429634431796885E-01   4   0 0  1 0  0 1  2 0
   287  -.9084163746614170E-01   4   0 0  0 1  0 1  2 0
   288  0.4531037469059532E-06   4   1 0  0 0  0 0  3 0
   289  0.1495516197512435E-04   4   0 1  0 0  0 0  3 0
   290  -.3785226635914306E-01   4   0 0  1 0  0 0  3 0
   291  -.1361499807628338       4   0 0  0 1  0 0  3 0
   292  -.1363667754980134E-05   4   1 0  0 0  0 2  0 1
   293  -.1816182066479697E-04   4   0 1  0 0  0 2  0 1
   294  0.9331635174501354E-01   4   0 0  1 0  0 2  0 1
   295  0.1814685668172387       4   0 0  0 1  0 2  0 1
   296  -.1368109492806319E-05   4   1 0  0 0  0 1  1 1
   297  -.1228856006386046E-04   4   0 1  0 0  0 1  1 1
   298  0.6601533974611970E-01   4   0 0  1 0  0 1  1 1
   299  0.1360237860752307       4   0 0  0 1  0 1  1 1
   300  -.1360912026530724E-05   4   1 0  0 0  0 0  2 1
   301  -.1812911065998487E-04   4   0 1  0 0  0 0  2 1
   302  0.9314635083016792E-01   4   0 0  1 0  0 0  2 1
   303  0.1811328277719744       4   0 0  0 1  0 0  2 1
   304  0.1364500697050560E-05   4   1 0  0 0  0 1  0 2
   305  0.2569014455382883E-06   4   0 1  0 0  0 1  0 2
   306  -.6597857592344246E-01   4   0 0  1 0  0 1  0 2
   307  -.2244486386328874E-01   4   0 0  0 1  0 1  0 2
   308  0.1362664416318078E-05   4   1 0  0 0  0 0  1 2
   309  0.2565557196799305E-06   4   0 1  0 0  0 0  1 2
   310  -.6588978506541129E-01   4   0 0  1 0  0 0  1 2
   311  -.2241465862328715E-01   4   0 0  0 1  0 0  1 2
   312  -.4549277761843075E-06   4   1 0  0 0  0 0  0 3
   313  -.5713174188262401E-07   4   0 1  0 0  0 0  0 3
   314  0.3752904270703629E-02   4   0 0  1 0  0 0  0 3
   315  0.4620975607590970E-03   4   0 0  0 1  0 0  0 3
   316  -.9529453322103725E-06   4   0 0  0 0  0 4  0 0
   317  -.5820868654870137E-06   4   0 0  0 0  0 3  1 0
   318  -.5322827834118057E-06   4   0 0  0 0  0 2  2 0
   319  -.5831480784073737E-06   4   0 0  0 0  0 1  3 0
   320  -.9499904341873967E-06   4   0 0  0 0  0 0  4 0
   321  0.1136298974079332E-05   4   0 0  0 0  0 3  0 1
   322  0.7498073301239488E-06   4   0 0  0 0  0 2  1 1
   323  0.7505844266407768E-06   4   0 0  0 0  0 1  2 1
   324  0.1133501360338698E-05   4   0 0  0 0  0 0  3 1
   325  -.5299820512767441E-07   4   0 0  0 0  0 2  0 2
   326  -.6315440283258697E-07   4   0 0  0 0  0 1  1 2
   327  -.5288438753143246E-07   4   0 0  0 0  0 0  2 2
   328  -.3512136263861356E-09   4   0 0  0 0  0 1  0 3
   329  -.3507409796398688E-09   4   0 0  0 0  0 0  1 3
   ----------------------------------------------------
     I  COEFFICIENT            ORDER EXPONENTS
     1  0.5302090923059916E-08   0   0 0  0 0  0 0  0 0
     2  -.5816289587957275E-05   1   1 0  0 0  0 0  0 0
     3  0.4029586077308943E-05   1   0 1  0 0  0 0  0 0
     4  -.8885459547347975E-06   1   0 0  1 0  0 0  0 0
     5  -.1077459968703493E-05   1   0 0  0 1  0 0  0 0
     6   1.000000000000000       1   0 0  0 0  1 0  0 0
     7  0.1649722365302910       1   0 0  0 0  0 1  0 0
     8  -.1649722363086629       1   0 0  0 0  0 0  1 0
     9  -.2216290331886163E-09   1   0 0  0 0  0 0  0 1
    10  -.8408987290578857E-01   2   2 0  0 0  0 0  0 0
    11  0.1489450869861544       2   1 1  0 0  0 0  0 0
    12  -.1209301243358668       2   0 2  0 0  0 0  0 0
    13  0.3367704352561363E-05   2   1 0  1 0  0 0  0 0
    14  0.2771436110574348E-04   2   0 1  1 0  0 0  0 0
    15  -.1101651381221924       2   0 0  2 0  0 0  0 0
    16  0.2771451556560678E-04   2   1 0  0 1  0 0  0 0
    17  0.1389166299334964E-04   2   0 1  0 1  0 0  0 0
    18  -.2802099679151785       2   0 0  1 1  0 0  0 0
    19  -.2284865764058833       2   0 0  0 2  0 0  0 0
    20  0.8476504876442013E-05   2   1 0  0 0  0 1  0 0
    21  -.5209970871147158E-05   2   0 1  0 0  0 1  0 0
    22  0.1391274732993710E-05   2   0 0  1 0  0 1  0 0
    23  0.1766532693483678E-05   2   0 0  0 1  0 1  0 0
    24  0.2664449831949752E-05   2   1 0  0 0  0 0  1 0
    25  -.1184208972952785E-05   2   0 1  0 0  0 0  1 0
    26  0.5032464726949615E-06   2   0 0  1 0  0 0  1 0
    27  0.6895937601256895E-06   2   0 0  0 1  0 0  1 0
    28  -.1114094801761961E-04   2   1 0  0 0  0 0  0 1
    29  0.2364582141491042E-05   2   0 1  0 0  0 0  0 1
    30  -.1894521528328884E-05   2   0 0  1 0  0 0  0 1
    31  -.1378667716525242E-05   2   0 0  0 1  0 0  0 1
    32  -.1238124879853578       2   0 0  0 0  0 2  0 0
    33  0.8265273911177128E-01   2   0 0  0 0  0 1  1 0
    34  0.4115974854485665E-01   2   0 0  0 0  0 0  2 0
    35  0.3286503699875072E-09   2   0 0  0 0  0 1  0 1
    36  0.1071751690539726E-09   2   0 0  0 0  0 0  1 1
    37  -.1070984219453736E-09   2   0 0  0 0  0 0  0 2
    38  0.2153941787673753E-04   3   3 0  0 0  0 0  0 0
    39  -.9547622224011816E-04   3   2 1  0 0  0 0  0 0
    40  -.1661072804127339E-04   3   1 2  0 0  0 0  0 0
    41  0.9100027982013138E-05   3   0 3  0 0  0 0  0 0
    42  -.7649933342481550E-05   3   2 0  1 0  0 0  0 0
    43  -.9542495934119205E-05   3   1 1  1 0  0 0  0 0
    44  0.1698180915995779E-05   3   0 2  1 0  0 0  0 0
    45  0.1664513404836543E-04   3   1 0  2 0  0 0  0 0
    46  0.2510302312277884E-04   3   0 1  2 0  0 0  0 0
    47  -.2235825783199580E-05   3   0 0  3 0  0 0  0 0
    48  -.1060881579754607E-04   3   2 0  0 1  0 0  0 0
    49  0.7784781675060017E-06   3   1 1  0 1  0 0  0 0
    50  0.1198932555504414E-06   3   0 2  0 1  0 0  0 0
    51  0.1355083961452127E-03   3   1 0  1 1  0 0  0 0
    52  -.3068459806102115E-04   3   0 1  1 1  0 0  0 0
    53  -.9425810085561845E-05   3   0 0  2 1  0 0  0 0
    54  -.4852459835476417E-04   3   1 0  0 2  0 0  0 0
    55  -.1844855777919052E-04   3   0 1  0 2  0 0  0 0
    56  -.1484182069132324E-04   3   0 0  1 2  0 0  0 0
    57  -.4480959932204388E-05   3   0 0  0 3  0 0  0 0
    58  0.1203509020032198       3   2 0  0 0  0 1  0 0
    59  -.1963893365178013       3   1 1  0 0  0 1  0 0
    60  0.1632346017450348       3   0 2  0 0  0 1  0 0
    61  -.6744088389005081E-05   3   1 0  1 0  0 1  0 0
    62  -.4235867615340940E-04   3   0 1  1 0  0 1  0 0
    63  0.1725579740238021       3   0 0  2 0  0 1  0 0
    64  -.4235515488202511E-04   3   1 0  0 1  0 1  0 0
    65  -.2795595211668405E-04   3   0 1  0 1  0 1  0 0
    66  0.4594985506356654       3   0 0  1 1  0 1  0 0
    67  0.3796379836251977       3   0 0  0 2  0 1  0 0
    68  0.3632524020240935E-01   3   2 0  0 0  0 0  1 0
    69  -.4758060144551390E-01   3   1 1  0 0  0 0  1 0
    70  0.4241008369134644E-01   3   0 2  0 0  0 0  1 0
    71  -.3375783892100457E-05   3   1 0  1 0  0 0  1 0
    72  -.1466109138359502E-04   3   0 1  1 0  0 0  1 0
    73  0.6245691290589087E-01   3   0 0  2 0  0 0  1 0
    74  -.1465878273376732E-04   3   1 0  0 1  0 0  1 0
    75  -.1406169449147038E-04   3   0 1  0 1  0 0  1 0
    76  0.1794238962527392       3   0 0  1 1  0 0  1 0
    77  0.1512550775994397       3   0 0  0 2  0 0  1 0
    78  -.1566761376840789       3   2 0  0 0  0 0  0 1
    79  0.9502493042498414E-01   3   1 1  0 0  0 0  0 1
    80  0.3621550138023352E-01   3   0 2  0 0  0 0  0 1
    81  0.1011900474950573E-04   3   1 0  1 0  0 0  0 1
    82  0.2930280784764773E-04   3   0 1  1 0  0 0  0 1
    83  -.2350148606505729       3   0 0  2 0  0 0  0 1
    84  0.2930130237299791E-04   3   1 0  0 1  0 0  0 1
    85  0.1422505927329355E-04   3   0 1  0 1  0 0  0 1
    86  -.3587124998575813       3   0 0  1 1  0 0  0 1
    87  -.7391994825145382E-01   3   0 0  0 2  0 0  0 1
    88  -.1035297546996589E-04   3   1 0  0 0  0 2  0 0
    89  0.5701398859031246E-05   3   0 1  0 0  0 2  0 0
    90  -.1791822054329984E-05   3   0 0  1 0  0 2  0 0
    91  -.2362636879937236E-05   3   0 0  0 1  0 2  0 0
    92  -.3755068938632152E-05   3   1 0  0 0  0 1  1 0
    93  0.9847290531188801E-06   3   0 1  0 0  0 1  1 0
    94  -.8013709219527228E-06   3   0 0  1 0  0 1  1 0
    95  -.1192459240886026E-05   3   0 0  0 1  0 1  1 0
    96  -.1880701209817202E-05   3   1 0  0 0  0 0  2 0
    97  0.4952019505097641E-06   3   0 1  0 0  0 0  2 0
    98  -.4010805849307953E-06   3   0 0  1 0  0 0  2 0
    99  -.5966135993184281E-06   3   0 0  0 1  0 0  2 0
   100  0.1598453588311063E-04   3   1 0  0 0  0 1  0 1
   101  -.1967619520898391E-05   3   0 1  0 0  0 1  0 1
   102  0.2993739705420707E-05   3   0 0  1 0  0 1  0 1
   103  0.2384664508017464E-05   3   0 0  0 1  0 1  0 1
   104  0.4852042379176661E-05   3   1 0  0 0  0 0  1 1
   105  0.3932505461771852E-06   3   0 1  0 0  0 0  1 1
   106  0.1100285027786064E-05   3   0 0  1 0  0 0  1 1
   107  0.1006495817622696E-05   3   0 0  0 1  0 0  1 1
   108  -.4847817996978334E-05   3   1 0  0 0  0 0  0 2
   109  -.1577399987813931E-05   3   0 1  0 0  0 0  0 2
   110  -.1099751646178971E-05   3   0 0  1 0  0 0  0 2
   111  -.3169125578081125E-06   3   0 0  0 1  0 0  0 2
   112  0.1031909941769428       3   0 0  0 0  0 3  0 0
   113  -.6194804344289795E-01   3   0 0  0 0  0 2  1 0
   114  -.2070470216355398E-01   3   0 0  0 0  0 1  2 0
   115  -.2053826714417132E-01   3   0 0  0 0  0 0  3 0
   116  -.1599776349169687E-08   3   0 0  0 0  0 2  0 1
   117  -.9863124482518400E-09   3   0 0  0 0  0 1  1 1
   118  -.4932357263330914E-09   3   0 0  0 0  0 0  2 1
   119  0.1569703377709147E-09   3   0 0  0 0  0 1  0 2
   120  0.4726657808313074E-10   3   0 0  0 0  0 0  1 2
   121  0.5060104558140981E-11   3   0 0  0 0  0 0  0 3
   122  -.1644303532129764       4   4 0  0 0  0 0  0 0
   123  -.1180342467150748       4   3 1  0 0  0 0  0 0
   124  -.6100650865049577E-01   4   2 2  0 0  0 0  0 0
   125  0.1525369288741008       4   1 3  0 0  0 0  0 0
   126  -.4974452535248544E-01   4   0 4  0 0  0 0  0 0
   127  0.6995643417888724E-04   4   3 0  1 0  0 0  0 0
   128  0.2179229866935257E-04   4   2 1  1 0  0 0  0 0
   129  -.5245744651840574E-04   4   1 2  1 0  0 0  0 0
   130  0.2457991758520450E-04   4   0 3  1 0  0 0  0 0
   131  -.8704848487253225       4   2 0  2 0  0 0  0 0
   132  0.4391576720673140E-02   4   1 1  2 0  0 0  0 0
   133  0.1075956566425962       4   0 2  2 0  0 0  0 0
   134  -.4986805278844543E-04   4   1 0  3 0  0 0  0 0
   135  0.5773864712024988E-04   4   0 1  3 0  0 0  0 0
   136  -.2422195813187984       4   0 0  4 0  0 0  0 0
   137  0.3762010253802272E-04   4   3 0  0 1  0 0  0 0
   138  0.4053033562352506E-04   4   2 1  0 1  0 0  0 0
   139  0.1612355310909297E-04   4   1 2  0 1  0 0  0 0
   140  0.2029266451092155E-04   4   0 3  0 1  0 0  0 0
   141  -.7005305176227632       4   2 0  1 1  0 0  0 0
   142  0.4749822439285828       4   1 1  1 1  0 0  0 0
   143  -.2280787266137819       4   0 2  1 1  0 0  0 0
   144  0.8215498298078965E-04   4   1 0  2 1  0 0  0 0
   145  0.2262011485234230E-03   4   0 1  2 1  0 0  0 0
   146  -.8896438279327786       4   0 0  3 1  0 0  0 0
   147  -.6123803424897902       4   2 0  0 2  0 0  0 0
   148  0.2179586596884650       4   1 1  0 2  0 0  0 0
   149  -.2565861041878436       4   0 2  0 2  0 0  0 0
   150  0.1331981043701592E-03   4   1 0  1 2  0 0  0 0
   151  0.1537269855424047E-03   4   0 1  1 2  0 0  0 0
   152  -1.406184093723700       4   0 0  2 2  0 0  0 0
   153  0.7044024263632126E-04   4   1 0  0 3  0 0  0 0
   154  0.4484458777498076E-04   4   0 1  0 3  0 0  0 0
   155  -.8728452302236309       4   0 0  1 3  0 0  0 0
   156  -.3018781614381567       4   0 0  0 4  0 0  0 0
   157  -.7840168327786405E-04   4   3 0  0 0  0 1  0 0
   158  0.1106506960353993E-03   4   2 1  0 0  0 1  0 0
   159  0.2726568043905785E-03   4   1 2  0 0  0 1  0 0
   160  -.9588027369791055E-04   4   0 3  0 0  0 1  0 0
   161  -.5056905389720367E-06   4   2 0  1 0  0 1  0 0
   162  0.4704189397980136E-05   4   1 1  1 0  0 1  0 0
   163  -.8086588881295696E-05   4   0 2  1 0  0 1  0 0
   164  -.2128250257892542E-03   4   1 0  2 0  0 1  0 0
   165  0.1404017945665639E-03   4   0 1  2 0  0 1  0 0
   166  -.2438621818254658E-04   4   0 0  3 0  0 1  0 0
   167  -.6872743853524010E-05   4   2 0  0 1  0 1  0 0
   168  -.3762158971072412E-05   4   1 1  0 1  0 1  0 0
   169  -.1209605063213554E-04   4   0 2  0 1  0 1  0 0
   170  -.2717827675454316E-03   4   1 0  1 1  0 1  0 0
   171  -.7664666312751409E-04   4   0 1  1 1  0 1  0 0
   172  -.5575806614185524E-04   4   0 0  2 1  0 1  0 0
   173  0.1525119958408796E-03   4   1 0  0 2  0 1  0 0
   174  -.1433748488751636E-03   4   0 1  0 2  0 1  0 0
   175  -.3004431321964481E-04   4   0 0  1 2  0 1  0 0
   176  -.1294970957091348E-04   4   0 0  0 3  0 1  0 0
   177  -.2100179881901671E-04   4   3 0  0 0  0 0  1 0
   178  0.1148379857371663E-04   4   2 1  0 0  0 0  1 0
   179  0.1513756349721294E-03   4   1 2  0 0  0 0  1 0
   180  -.5393070187271561E-04   4   0 3  0 0  0 0  1 0
   181  -.1672970387429594E-06   4   2 0  1 0  0 0  1 0
   182  -.2060097584344714E-06   4   1 1  1 0  0 0  1 0
   183  -.4563965393476391E-05   4   0 2  1 0  0 0  1 0
   184  -.1090959964512890E-03   4   1 0  2 0  0 0  1 0
   185  0.7303062508205106E-04   4   0 1  2 0  0 0  1 0
   186  -.1307144294976528E-04   4   0 0  3 0  0 0  1 0
   187  -.4398746173575642E-05   4   2 0  0 1  0 0  1 0
   188  -.1493408721946186E-05   4   1 1  0 1  0 0  1 0
   189  -.7299726643301802E-05   4   0 2  0 1  0 0  1 0
   190  -.9793098023372226E-04   4   1 0  1 1  0 0  1 0
   191  -.5982179384275651E-04   4   0 1  1 1  0 0  1 0
   192  -.3029984022597198E-04   4   0 0  2 1  0 0  1 0
   193  0.8502362292744300E-04   4   1 0  0 2  0 0  1 0
   194  -.8694789245245572E-04   4   0 1  0 2  0 0  1 0
   195  -.1819142599317373E-04   4   0 0  1 2  0 0  1 0
   196  -.7771715484526569E-05   4   0 0  0 3  0 0  1 0
   197  0.6274440410232592E-04   4   3 0  0 0  0 0  0 1
   198  -.6080990370462295E-05   4   2 1  0 0  0 0  0 1
   199  -.7813971629258504E-04   4   1 2  0 0  0 0  0 1
   200  -.2255471084746785E-04   4   0 3  0 0  0 0  0 1
   201  -.4479709642611884E-05   4   2 0  1 0  0 0  0 1
   202  0.1413494314610130E-06   4   1 1  1 0  0 0  0 1
   203  0.3849726361817876E-05   4   0 2  1 0  0 0  0 1
   204  0.2305912429375255E-03   4   1 0  2 0  0 0  0 1
   205  -.4348484202768104E-04   4   0 1  2 0  0 0  0 1
   206  0.2647582841796458E-04   4   0 0  3 0  0 0  0 1
   207  -.2160807306503919E-05   4   2 0  0 1  0 0  0 1
   208  0.3987911583000629E-05   4   1 1  0 1  0 0  0 1
   209  0.1020999835732505E-05   4   0 2  0 1  0 0  0 1
   210  0.1777135773993706E-03   4   1 0  1 1  0 0  0 1
   211  0.3479108239073222E-04   4   0 1  1 1  0 0  0 1
   212  0.3645469547467550E-04   4   0 0  2 1  0 0  0 1
   213  -.8098751814223154E-04   4   1 0  0 2  0 0  0 1
   214  -.9965378617544586E-05   4   0 1  0 2  0 0  0 1
   215  0.1176731133368394E-04   4   0 0  1 2  0 0  0 1
   216  0.2917395994142430E-06   4   0 0  0 3  0 0  0 1
   217  -.1448572748738827       4   2 0  0 0  0 2  0 0
   218  0.2198386824421449       4   1 1  0 0  0 2  0 0
   219  -.1878208672730914       4   0 2  0 0  0 2  0 0
   220  0.1012735464054473E-04   4   1 0  1 0  0 2  0 0
   221  0.5393784299369259E-04   4   0 1  1 0  0 2  0 0
   222  -.2232525959889778       4   0 0  2 0  0 2  0 0
   223  0.5393783972008998E-04   4   1 0  0 1  0 2  0 0
   224  0.4217761378812621E-04   4   0 1  0 1  0 2  0 0
   225  -.6153716584476311       4   0 0  1 1  0 2  0 0
   226  -.5143625321047696       4   0 0  0 2  0 2  0 0
   227  -.4904456030659561E-01   4   2 0  0 0  0 1  1 0
   228  0.4696358501759557E-01   4   1 1  0 0  0 1  1 0
   229  -.4922047388151535E-01   4   0 2  0 0  0 1  1 0
   230  0.6766111210626476E-05   4   1 0  1 0  0 1  1 0
   231  0.2316802120799357E-04   4   0 1  1 0  0 1  1 0
   232  -.1014209415887598       4   0 0  2 0  0 1  1 0
   233  0.2317153910581213E-04   4   1 0  0 1  0 1  1 0
   234  0.2844696474413500E-04   4   0 1  0 1  0 1  1 0
   235  -.3118096113140741       4   0 0  1 1  0 1  1 0
   236  -.2694935767041582       4   0 0  0 2  0 1  1 0
   237  -.2457011888283456E-01   4   2 0  0 0  0 0  2 0
   238  0.2358211846855810E-01   4   1 1  0 0  0 0  2 0
   239  -.2468676694430463E-01   4   0 2  0 0  0 0  2 0
   240  0.3383664798805599E-05   4   1 0  1 0  0 0  2 0
   241  0.1159709019086725E-04   4   0 1  1 0  0 0  2 0
   242  -.5075811782710822E-01   4   0 0  2 0  0 0  2 0
   243  0.1159904315004335E-04   4   1 0  0 1  0 0  2 0
   244  0.1422335901402113E-04   4   0 1  0 1  0 0  2 0
   245  -.1560035916670675       4   0 0  1 1  0 0  2 0
   246  -.1348204176146071       4   0 0  0 2  0 0  2 0
   247  0.2184082153962705       4   2 0  0 0  0 1  0 1
   248  -.9386210934200344E-01   4   1 1  0 0  0 1  0 1
   249  -.6484172267733895E-01   4   0 2  0 0  0 1  0 1
   250  -.2027569480921894E-04   4   1 0  1 0  0 1  0 1
   251  -.4633118830307547E-04   4   0 1  1 0  0 1  0 1
   252  0.3753682379153451       4   0 0  2 0  0 1  0 1
   253  -.4633033803347165E-04   4   1 0  0 1  0 1  0 1
   254  -.2895092364805995E-04   4   0 1  0 1  0 1  0 1
   255  0.6235558391427479       4   0 0  1 1  0 1  0 1
   256  0.1593046366379223       4   0 0  0 2  0 1  0 1
   257  0.6185956520509946E-01   4   2 0  0 0  0 0  1 1
   258  0.1033548235148271E-02   4   1 1  0 0  0 0  1 1
   259  -.2863636900445867E-01   4   0 2  0 0  0 0  1 1
   260  -.1015662101856848E-04   4   1 0  1 0  0 0  1 1
   261  -.1704484573246589E-04   4   0 1  1 0  0 0  1 1
   262  0.1404803426040314       4   0 0  2 0  0 0  1 1
   263  -.1704549803249747E-04   4   1 0  0 1  0 0  1 1
   264  -.1472516465255896E-04   4   0 1  0 1  0 0  1 1
   265  0.2649690143310197       4   0 0  1 1  0 0  1 1
   266  0.8536912580673486E-01   4   0 0  0 2  0 0  1 1
   267  -.6179581906600874E-01   4   2 0  0 0  0 0  0 2
   268  -.4861067291187068E-01   4   1 1  0 0  0 0  0 2
   269  -.7584216664431704E-02   4   0 2  0 0  0 0  0 2
   270  0.1015553232664960E-04   4   1 0  1 0  0 0  0 2
   271  0.2385694578810782E-05   4   0 1  1 0  0 0  0 2
   272  -.1404168869671011       4   0 0  2 0  0 0  0 2
   273  0.2385135925422055E-05   4   1 0  0 1  0 0  0 2
   274  0.5001705412492722E-06   4   0 1  0 1  0 0  0 2
   275  -.8554994448298735E-01   4   0 0  1 1  0 0  0 2
   276  -.1145696506913039E-01   4   0 0  0 2  0 0  0 2
   277  0.6204360576012343E-04   4   1 0  0 0  0 3  0 0
   278  -.8408796583665508E-04   4   0 1  0 0  0 3  0 0
   279  -.2206209582448853E-05   4   0 0  1 0  0 3  0 0
   280  -.5009761349683117E-05   4   0 0  0 1  0 3  0 0
   281  0.2315266605873402E-04   4   1 0  0 0  0 2  1 0
   282  -.2995387479092872E-04   4   0 1  0 0  0 2  1 0
   283  -.9552780574972121E-06   4   0 0  1 0  0 2  1 0
   284  -.2026200018897240E-05   4   0 0  0 1  0 2  1 0
   285  0.1335946190324580E-04   4   1 0  0 0  0 1  2 0
   286  -.1705594310179344E-04   4   0 1  0 0  0 1  2 0
   287  -.5738432573151921E-06   4   0 0  1 0  0 1  2 0
   288  -.1192488779890813E-05   4   0 0  0 1  0 1  2 0
   289  0.7739864732511362E-05   4   1 0  0 0  0 0  3 0
   290  -.1001620715567899E-04   4   0 1  0 0  0 0  3 0
   291  -.3190935851550083E-06   4   0 0  1 0  0 0  3 0
   292  -.6770544906414409E-06   4   0 0  0 1  0 0  3 0
   293  -.5700540446257052E-04   4   1 0  0 0  0 2  0 1
   294  -.1398721545408126E-04   4   0 1  0 0  0 2  0 1
   295  0.3920257897536608E-06   4   0 0  1 0  0 2  0 1
   296  -.1677009738318150E-05   4   0 0  0 1  0 2  0 1
   297  -.1810316536564420E-04   4   1 0  0 0  0 1  1 1
   298  -.1024885264457067E-04   4   0 1  0 0  0 1  1 1
   299  0.8011631445846418E-07   4   0 0  1 0  0 1  1 1
   300  -.1018158843744875E-05   4   0 0  0 1  0 1  1 1
   301  -.9071616885327263E-05   4   1 0  0 0  0 0  2 1
   302  -.5123480989703415E-05   4   0 1  0 0  0 0  2 1
   303  0.4024076189045218E-07   4   0 0  1 0  0 0  2 1
   304  -.5091786612585893E-06   4   0 0  0 1  0 0  2 1
   305  0.2386537687081908E-05   4   1 0  0 0  0 1  0 2
   306  0.2415877791312855E-05   4   0 1  0 0  0 1  0 2
   307  0.1371034853747841E-05   4   0 0  1 0  0 1  0 2
   308  0.6015484033707811E-06   4   0 0  0 1  0 1  0 2
   309  -.4378522759247411E-06   4   1 0  0 0  0 0  1 2
   310  0.1111628705675718E-05   4   0 1  0 0  0 0  1 2
   311  0.5318148648936808E-06   4   0 0  1 0  0 0  1 2
   312  0.3263656618836931E-06   4   0 0  0 1  0 0  1 2
   313  0.5049984607082115E-06   4   1 0  0 0  0 0  0 3
   314  0.1121779499415114E-06   4   0 1  0 0  0 0  0 3
   315  -.1103194673129787E-06   4   0 0  1 0  0 0  0 3
   316  -.2498266581042670E-07   4   0 0  0 1  0 0  0 3
   317  -.9029734967351799E-01   4   0 0  0 0  0 4  0 0
   318  0.5161636509362677E-01   4   0 0  0 0  0 3  1 0
   319  0.1549748868042878E-01   4   0 0  0 0  0 2  2 0
   320  0.1037303413201449E-01   4   0 0  0 0  0 1  3 0
   321  0.1281043709288843E-01   4   0 0  0 0  0 0  4 0
   322  0.2952550526379459E-09   4   0 0  0 0  0 3  0 1
   323  -.1188496869704204E-08   4   0 0  0 0  0 2  1 1
   324  -.8522655186621828E-09   4   0 0  0 0  0 1  2 1
   325  -.4725091382175926E-09   4   0 0  0 0  0 0  3 1
   326  -.1728824406167689E-09   4   0 0  0 0  0 2  0 2
   327  -.4502926260714038E-10   4   0 0  0 0  0 1  1 2
   328  -.1595041819282814E-10   4   0 0  0 0  0 0  2 2
   329  -.9292506830862292E-11   4   0 0  0 0  0 1  0 3
   330  -.4233506991342784E-11   4   0 0  0 0  0 0  1 3
   331  -.1702276000232173E-14   4   0 0  0 0  0 0  0 4
   ----------------------------------------------------
     I  COEFFICIENT            ORDER EXPONENTS
     1   1.000000000000000       1   0 0  0 0  0 1  0 0
     --------------------------------------------------
     I  COEFFICIENT            ORDER EXPONENTS
     1   1.000000000000000       1   0 0  0 0  0 0  1 0
     --------------------------------------------------
     I  COEFFICIENT            ORDER EXPONENTS
     1   1.000000000000000       1   0 0  0 0  0 0  0 1
     --------------------------------------------------
