 L    0.6607784999999999E+00
 P (  0.0000000000000000E+00,  0.0000000000000000E+00,  0.1758215000000000E+00)
 A (  0.0000000000000000E+00,  0.0000000000000000E+00,  0.0000000000000000E+00)
     I  COEFFICIENT            ORDER EXPONENTS
     1  0.7607695793953860E-04   0   0 0  0 0  0 0  0 0
     2  0.5366264301764598       1   1 0  0 0  0 0  0 0
     3  0.5394019953174193       1   0 1  0 0  0 0  0 0
     4  -.6443018097311535E-04   1   0 0  1 0  0 0  0 0
     5  -.1640304713014841E-04   1   0 0  0 1  0 0  0 0
     6  0.6785757665282466E-05   1   0 0  0 0  0 1  0 0
     7  0.6776625712418153E-05   1   0 0  0 0  0 0  1 0
     8  -.1356238337787974E-04   1   0 0  0 0  0 0  0 1
     9  0.1629335087082114E-03   2   2 0  0 0  0 0  0 0
    10  -.1291364190160739E-04   2   1 1  0 0  0 0  0 0
    11  -.3326961965307841E-04   2   0 2  0 0  0 0  0 0
    12  0.9113474480364626E-05   2   1 0  1 0  0 0  0 0
    13  -.1030693307977632E-04   2   0 1  1 0  0 0  0 0
    14  -.1782140262695430E-03   2   0 0  2 0  0 0  0 0
    15  -.5656189380242537E-05   2   1 0  0 1  0 0  0 0
    16  -.3467796622748575E-05   2   0 1  0 1  0 0  0 0
    17  -.2540764375431699E-04   2   0 0  1 1  0 0  0 0
    18  -.1190808490842428E-04   2   0 0  0 2  0 0  0 0
    19  0.2150592413411521       2   1 0  0 0  0 1  0 0
    20  -.2118743694960850       2   0 1  0 0  0 1  0 0
    21  0.3236803890769038E-04   2   0 0  1 0  0 1  0 0
    22  0.1642912578228516E-04   2   0 0  0 1  0 1  0 0
    23  0.2147698247495461       2   1 0  0 0  0 0  1 0
    24  -.2115892389549103       2   0 1  0 0  0 0  1 0
    25  0.3232447952638132E-04   2   0 0  1 0  0 0  1 0
    26  0.1640701623908539E-04   2   0 0  0 1  0 0  1 0
    27  -.4298290660906983       2   1 0  0 0  0 0  0 1
    28  -.1159383868664240       2   0 1  0 0  0 0  0 1
    29  -.6469251843407132E-04   2   0 0  1 0  0 0  0 1
    30  -.1643309489126465E-04   2   0 0  0 1  0 0  0 1
    31  -.5052639215829691E-05   2   0 0  0 0  0 2  0 0
    32  -.3324170508051967E-05   2   0 0  0 0  0 1  1 0
    33  -.5043602856056141E-05   2   0 0  0 0  0 0  2 0
    34  0.6643680509431529E-05   2   0 0  0 0  0 1  0 1
    35  0.6634739757307714E-05   2   0 0  0 0  0 0  1 1
    36  0.1419798686333966E-06   2   0 0  0 0  0 0  0 2
    37  -.2372507033015006       3   3 0  0 0  0 0  0 0
    38  -.1501427810418879       3   2 1  0 0  0 0  0 0
    39  -.4997961522113893       3   1 2  0 0  0 0  0 0
    40  0.1280106749650347       3   0 3  0 0  0 0  0 0
    41  0.1656246867099626E-03   3   2 0  1 0  0 0  0 0
    42  0.2588210030753059E-03   3   1 1  1 0  0 0  0 0
    43  -.3331392490735175E-04   3   0 2  1 0  0 0  0 0
    44  -1.353014750826798       3   1 0  2 0  0 0  0 0
    45  -.8931751728832402       3   0 1  2 0  0 0  0 0
    46  -.1167465843539322E-03   3   0 0  3 0  0 0  0 0
    47  0.2931604490487375E-04   3   2 0  0 1  0 0  0 0
    48  0.6314197600794625E-04   3   1 1  0 1  0 0  0 0
    49  -.1843331496376662E-04   3   0 2  0 1  0 0  0 0
    50  -1.393070105043496       3   1 0  1 1  0 0  0 0
    51  -.3034537666480159       3   0 1  1 1  0 0  0 0
    52  -.2887855411620651E-03   3   0 0  2 1  0 0  0 0
    53  -.6892475442124213       3   1 0  0 2  0 0  0 0
    54  0.1221433011874115       3   0 1  0 2  0 0  0 0
    55  -.1736487177648449E-03   3   0 0  1 2  0 0  0 0
    56  -.3764457805220439E-04   3   0 0  0 3  0 0  0 0
    57  -.5751489038758401E-04   3   2 0  0 0  0 1  0 0
    58  -.5833727786024497E-05   3   1 1  0 0  0 1  0 0
    59  0.4307965281461740E-04   3   0 2  0 0  0 1  0 0
    60  0.3090757993598980E-05   3   1 0  1 0  0 1  0 0
    61  0.1211869807244597E-04   3   0 1  1 0  0 1  0 0
    62  0.9871914501102328E-04   3   0 0  2 0  0 1  0 0
    63  0.8143009527373011E-05   3   1 0  0 1  0 1  0 0
    64  0.6023807773121928E-05   3   0 1  0 1  0 1  0 0
    65  0.5172179176852434E-04   3   0 0  1 1  0 1  0 0
    66  0.2339976487886869E-04   3   0 0  0 2  0 1  0 0
    67  -.5743748955868247E-04   3   2 0  0 0  0 0  1 0
    68  -.5825877030104762E-05   3   1 1  0 0  0 0  1 0
    69  0.4302167824813405E-04   3   0 2  0 0  0 0  1 0
    70  0.3086598597153743E-05   3   1 0  1 0  0 0  1 0
    71  0.1210238929971444E-04   3   0 1  1 0  0 0  1 0
    72  0.9858629343813475E-04   3   0 0  2 0  0 0  1 0
    73  0.8132051048917839E-05   3   1 0  0 1  0 0  1 0
    74  0.6015701216512846E-05   3   0 1  0 1  0 0  1 0
    75  0.5165218701872383E-04   3   0 0  1 1  0 0  1 0
    76  0.2336827457808519E-04   3   0 0  0 2  0 0  1 0
    77  0.1149523799462650E-03   3   2 0  0 0  0 0  0 1
    78  0.2457324671773655E-04   3   1 1  0 0  0 0  0 1
    79  -.1956209175659387E-04   3   0 2  0 0  0 0  0 1
    80  -.6177356590752672E-05   3   1 0  1 0  0 0  0 1
    81  -.1391415429238426E-04   3   0 1  1 0  0 0  0 1
    82  -.1973054384493566E-03   3   0 0  2 0  0 0  0 1
    83  -.1061887119604802E-04   3   1 0  0 1  0 0  0 1
    84  -.5103915744137374E-05   3   0 1  0 1  0 0  0 1
    85  -.7796633503293532E-04   3   0 0  1 1  0 0  0 1
    86  -.2295186964007266E-04   3   0 0  0 2  0 0  0 1
    87  -.1530999180002714       3   1 0  0 0  0 2  0 0
    88  0.1311823167880863       3   0 1  0 0  0 2  0 0
    89  -.2436486378383698E-04   3   0 0  1 0  0 2  0 0
    90  -.1644325208011782E-04   3   0 0  0 1  0 2  0 0
    91  -.9130699608259382E-01   3   1 0  0 0  0 1  1 0
    92  0.5070709068628289E-01   3   0 1  0 0  0 1  1 0
    93  -.1638539790942657E-04   3   0 0  1 0  0 1  1 0
    94  -.1645703855063786E-04   3   0 0  0 1  0 1  1 0
    95  -.1528324450198868       3   1 0  0 0  0 0  2 0
    96  0.1309716582021099       3   0 1  0 0  0 0  2 0
    97  -.2432104935029231E-04   3   0 0  1 0  0 0  2 0
    98  -.1641004997296831E-04   3   0 0  0 1  0 0  2 0
    99  0.1824476762557121       3   1 0  0 0  0 1  0 1
   100  0.1106769015674131       3   0 1  0 0  0 1  0 1
   101  0.3275196146247973E-04   3   0 0  1 0  0 1  0 1
   102  0.1648276979245519E-04   3   0 0  0 1  0 1  0 1
   103  0.1822021467714680       3   1 0  0 0  0 0  1 1
   104  0.1105279578093052       3   0 1  0 0  0 0  1 1
   105  0.3270788541629018E-04   3   0 0  1 0  0 0  1 1
   106  0.1646058805767451E-04   3   0 0  0 1  0 0  1 1
   107  0.3258960115184246E-01   3   1 0  0 0  0 0  0 2
   108  0.5335934589089165E-02   3   0 1  0 0  0 0  0 2
   109  -.3864684420717675E-06   3   0 0  1 0  0 0  0 2
   110  -.4066958733736212E-07   3   0 0  0 1  0 0  0 2
   111  0.4185470673921678E-05   3   0 0  0 0  0 3  0 0
   112  0.2452312519051308E-05   3   0 0  0 0  0 2  1 0
   113  0.2455799752713382E-05   3   0 0  0 0  0 1  2 0
   114  0.4175373882530314E-05   3   0 0  0 0  0 0  3 0
   115  -.4903462354388771E-05   3   0 0  0 0  0 2  0 1
   116  -.3167915974583187E-05   3   0 0  0 0  0 1  1 1
   117  -.4894731889810981E-05   3   0 0  0 0  0 0  2 1
   118  -.1562626281238779E-06   3   0 0  0 0  0 1  0 2
   119  -.1560523372433436E-06   3   0 0  0 0  0 0  1 2
   120  0.9451742718358556E-08   3   0 0  0 0  0 0  0 3
   121  0.3490901729082505E-03   4   4 0  0 0  0 0  0 0
   122  -.2862065105099830E-04   4   3 1  0 0  0 0  0 0
   123  -.1573835540287702E-03   4   2 2  0 0  0 0  0 0
   124  0.1847995596326920E-03   4   1 3  0 0  0 0  0 0
   125  -.8861034718812572E-04   4   0 4  0 0  0 0  0 0
   126  0.3183793597860339E-05   4   3 0  1 0  0 0  0 0
   127  0.1255205604063305E-04   4   2 1  1 0  0 0  0 0
   128  0.1089746112167351E-04   4   1 2  1 0  0 0  0 0
   129  -.7251244538417223E-05   4   0 3  1 0  0 0  0 0
   130  0.1325708632114222E-02   4   2 0  2 0  0 0  0 0
   131  -.2127580768078675E-03   4   1 1  2 0  0 0  0 0
   132  0.2840030085717877E-03   4   0 2  2 0  0 0  0 0
   133  0.1165013336607068E-03   4   1 0  3 0  0 0  0 0
   134  -.2453839568977860E-04   4   0 1  3 0  0 0  0 0
   135  -.7620799855614663E-04   4   0 0  4 0  0 0  0 0
   136  0.4642671371648810E-05   4   3 0  0 1  0 0  0 0
   137  0.1525377775380958E-04   4   2 1  0 1  0 0  0 0
   138  0.1125990099081438E-04   4   1 2  0 1  0 0  0 0
   139  -.6665060226387752E-05   4   0 3  0 1  0 0  0 0
   140  0.7346347225363528E-03   4   2 0  1 1  0 0  0 0
   141  -.8279588237382979E-03   4   1 1  1 1  0 0  0 0
   142  0.3067355560849087E-04   4   0 2  1 1  0 0  0 0
   143  0.1186263777207472E-03   4   1 0  2 1  0 0  0 0
   144  -.7788641560690237E-04   4   0 1  2 1  0 0  0 0
   145  -.6389178101435661E-04   4   0 0  3 1  0 0  0 0
   146  0.1591419376100186E-03   4   2 0  0 2  0 0  0 0
   147  0.7320400054896278E-04   4   1 1  0 2  0 0  0 0
   148  -.1059093686296326E-03   4   0 2  0 2  0 0  0 0
   149  0.5415252595367896E-04   4   1 0  1 2  0 0  0 0
   150  -.3491038627164530E-04   4   0 1  1 2  0 0  0 0
   151  0.1486303385355298E-03   4   0 0  2 2  0 0  0 0
   152  0.1691936474680093E-04   4   1 0  0 3  0 0  0 0
   153  -.8199244306671612E-05   4   0 1  0 3  0 0  0 0
   154  0.7104912078546514E-04   4   0 0  1 3  0 0  0 0
   155  -.9111838395351548E-05   4   0 0  0 4  0 0  0 0
   156  0.3265270492140553       4   3 0  0 0  0 1  0 0
   157  0.2354404975625151E-01   4   2 1  0 0  0 1  0 0
   158  0.5907116183902512       4   1 2  0 0  0 1  0 0
   159  -.1194064408510826       4   0 3  0 0  0 1  0 0
   160  -.1600188906064405E-03   4   2 0  1 0  0 1  0 0
   161  -.3768277651926585E-03   4   1 1  1 0  0 1  0 0
   162  0.2050303189744610E-04   4   0 2  1 0  0 1  0 0
   163   1.542494604158566       4   1 0  2 0  0 1  0 0
   164   1.058020488867389       4   0 1  2 0  0 1  0 0
   165  0.1471665776922673E-03   4   0 0  3 0  0 1  0 0
   166  -.7975919598304669E-04   4   2 0  0 1  0 1  0 0
   167  -.1474535718200065E-03   4   1 1  0 1  0 1  0 0
   168  0.2548064373942147E-04   4   0 2  0 1  0 1  0 0
   169   2.146722933744650       4   1 0  1 1  0 1  0 0
   170  0.6684413217858315       4   0 1  1 1  0 1  0 0
   171  0.4166770189854409E-03   4   0 0  2 1  0 1  0 0
   172   1.131841335260169       4   1 0  0 2  0 1  0 0
   173  -.4469454950412854E-01   4   0 1  0 2  0 1  0 0
   174  0.3119101183745183E-03   4   0 0  1 2  0 1  0 0
   175  0.8152055150148911E-04   4   0 0  0 3  0 1  0 0
   176  0.3260876244999132       4   3 0  0 0  0 0  1 0
   177  0.2351236528368664E-01   4   2 1  0 0  0 0  1 0
   178  0.5899166665334949       4   1 2  0 0  0 0  1 0
   179  -.1192457492904148       4   0 3  0 0  0 0  1 0
   180  -.1598035447248915E-03   4   2 0  1 0  0 0  1 0
   181  -.3763206481455379E-03   4   1 1  1 0  0 0  1 0
   182  0.2047543988339366E-04   4   0 2  1 0  0 0  1 0
   183   1.540418787615542       4   1 0  2 0  0 0  1 0
   184   1.056596654756230       4   0 1  2 0  0 0  1 0
   185  0.1469685278477341E-03   4   0 0  3 0  0 0  1 0
   186  -.7965185981601420E-04   4   2 0  0 1  0 0  1 0
   187  -.1472551357522975E-03   4   1 1  0 1  0 0  1 0
   188  0.2544635308993954E-04   4   0 2  0 1  0 0  1 0
   189   2.143833975191975       4   1 0  1 1  0 0  1 0
   190  0.6675417649575137       4   0 1  1 1  0 0  1 0
   191  0.4161162746904491E-03   4   0 0  2 1  0 0  1 0
   192   1.130318156533012       4   1 0  0 2  0 0  1 0
   193  -.4463440168579506E-01   4   0 1  0 2  0 0  1 0
   194  0.3114903644369159E-03   4   0 0  1 2  0 0  1 0
   195  0.8141084498518854E-04   4   0 0  0 3  0 0  1 0
   196  -.6526146737139717       4   3 0  0 0  0 0  0 1
   197  0.1030863660019430       4   2 1  0 0  0 0  0 1
   198  -.1810359805009684       4   1 2  0 0  0 0  0 1
   199  -.1453798347536059       4   0 3  0 0  0 0  0 1
   200  0.3198224353313305E-03   4   2 0  1 0  0 0  0 1
   201  0.4943274102628015E-03   4   1 1  1 0  0 0  0 1
   202  0.2564937803390458E-04   4   0 2  1 0  0 0  0 1
   203  -3.082913391774096       4   1 0  2 0  0 0  0 1
   204  -1.221441970740381       4   0 1  2 0  0 0  0 1
   205  -.2941351055400606E-03   4   0 0  3 0  0 0  0 1
   206  0.1300950108940833E-03   4   2 0  0 1  0 0  0 1
   207  0.1684247555564247E-03   4   1 1  0 1  0 0  0 1
   208  0.4372948061953571E-05   4   0 2  0 1  0 0  0 1
   209  -2.897486803893116       4   1 0  1 1  0 0  0 1
   210  -.7290755534473278       4   0 1  1 1  0 0  0 1
   211  -.5440077525140841E-03   4   0 0  2 1  0 0  0 1
   212  -.8836644033683301       4   1 0  0 2  0 0  0 1
   213  -.2771009523723049       4   0 1  0 2  0 0  0 1
   214  -.2761030472821080E-03   4   0 0  1 2  0 0  0 1
   215  -.4999766233015268E-04   4   0 0  0 3  0 0  0 1
   216  0.3369392482958336E-04   4   2 0  0 0  0 2  0 0
   217  0.2654277592551545E-03   4   1 1  0 0  0 2  0 0
   218  -.1455657333005498E-03   4   0 2  0 0  0 2  0 0
   219  0.6045239296541256E-05   4   1 0  1 0  0 2  0 0
   220  -.1078445917419965E-05   4   0 1  1 0  0 2  0 0
   221  0.1725943662192483E-03   4   0 0  2 0  0 2  0 0
   222  0.9044528986162577E-05   4   1 0  0 1  0 2  0 0
   223  -.5943449371737076E-05   4   0 1  0 1  0 2  0 0
   224  0.1051699355811866E-03   4   0 0  1 1  0 2  0 0
   225  -.3732767643008111E-04   4   0 0  0 2  0 2  0 0
   226  -.3194416029427307E-04   4   2 0  0 0  0 1  1 0
   227  0.3023420415640113E-03   4   1 1  0 0  0 1  1 0
   228  -.1580130015211922E-03   4   0 2  0 0  0 1  1 0
   229  0.2499325931433351E-05   4   1 0  1 0  0 1  1 0
   230  -.6170377691520338E-06   4   0 1  1 0  0 1  1 0
   231  0.2017539437681593E-03   4   0 0  2 0  0 1  1 0
   232  0.9211709306332118E-05   4   1 0  0 1  0 1  1 0
   233  -.7297009354111354E-05   4   0 1  0 1  0 1  1 0
   234  0.1162779734097956E-03   4   0 0  1 1  0 1  1 0
   235  -.4309579734297738E-04   4   0 0  0 2  0 1  1 0
   236  0.3367007560618543E-04   4   2 0  0 0  0 0  2 0
   237  0.2648671202506247E-03   4   1 1  0 0  0 0  2 0
   238  -.1452635145716782E-03   4   0 2  0 0  0 0  2 0
   239  0.6035422160851734E-05   4   1 0  1 0  0 0  2 0
   240  -.1076579405544669E-05   4   0 1  1 0  0 0  2 0
   241  0.1722263413806713E-03   4   0 0  2 0  0 0  2 0
   242  0.9026158943160736E-05   4   1 0  0 1  0 0  2 0
   243  -.5930540972022011E-05   4   0 1  0 1  0 0  2 0
   244  0.1049501621300325E-03   4   0 0  1 1  0 0  2 0
   245  -.3724844445583115E-04   4   0 0  0 2  0 0  2 0
   246  0.7423215803596466E-04   4   2 0  0 0  0 1  0 1
   247  -.1421797696295387E-03   4   1 1  0 0  0 1  0 1
   248  -.7119994057094843E-04   4   0 2  0 0  0 1  0 1
   249  -.2875886792112346E-05   4   1 0  1 0  0 1  0 1
   250  -.2568946220917275E-06   4   0 1  1 0  0 1  0 1
   251  -.1917604051401670E-03   4   0 0  2 0  0 1  0 1
   252  -.1530236179886775E-05   4   1 0  0 1  0 1  0 1
   253  -.2530331140571540E-05   4   0 1  0 1  0 1  0 1
   254  -.1132278086828636E-03   4   0 0  1 1  0 1  0 1
   255  -.3158262859748015E-04   4   0 0  0 2  0 1  0 1
   256  0.7413225989612028E-04   4   2 0  0 0  0 0  1 1
   257  -.1419884307962716E-03   4   1 1  0 0  0 0  1 1
   258  -.7110412304646496E-04   4   0 2  0 0  0 0  1 1
   259  -.2872016559203389E-05   4   1 0  1 0  0 0  1 1
   260  -.2565489054163322E-06   4   0 1  1 0  0 0  1 1
   261  -.1915023430242843E-03   4   0 0  2 0  0 0  1 1
   262  -.1528176860153379E-05   4   1 0  0 1  0 0  1 1
   263  -.2526925940172960E-05   4   0 1  0 1  0 0  1 1
   264  -.1130754320341803E-03   4   0 0  1 1  0 0  1 1
   265  -.3154012618435155E-04   4   0 0  0 2  0 0  1 1
   266  -.1264328056510690E-03   4   2 0  0 0  0 0  0 2
   267  -.3884047084562048E-04   4   1 1  0 0  0 0  0 2
   268  0.1296898414167490E-05   4   0 2  0 0  0 0  0 2
   269  -.5990883621250398E-05   4   1 0  1 0  0 0  0 2
   270  0.1479949467437052E-05   4   0 1  1 0  0 0  0 2
   271  0.3624514766561350E-04   4   0 0  2 0  0 0  0 2
   272  -.4007048781028567E-05   4   1 0  0 1  0 0  0 2
   273  -.3168121299540745E-06   4   0 1  0 1  0 0  0 2
   274  0.8771828362720119E-05   4   0 0  1 1  0 0  0 2
   275  -.1088019430749299E-05   4   0 0  0 2  0 0  0 2
   276  0.1222588563696608       4   1 0  0 0  0 3  0 0
   277  -.9151904955585909E-01   4   0 1  0 0  0 3  0 0
   278  0.2038475009022767E-04   4   0 0  1 0  0 3  0 0
   279  0.1645585590936592E-04   4   0 0  0 1  0 3  0 0
   280  0.6061805930250655E-01   4   1 0  0 0  0 2  1 0
   281  -.1224431694160466E-01   4   0 1  0 0  0 2  1 0
   282  0.1242853492358595E-04   4   0 0  1 0  0 2  1 0
   283  0.1648201713328107E-04   4   0 0  0 1  0 2  1 0
   284  0.6074215709650298E-01   4   1 0  0 0  0 1  2 0
   285  -.1240409462172952E-01   4   0 1  0 0  0 1  2 0
   286  0.1244454019597701E-04   4   0 0  1 0  0 1  2 0
   287  0.1648191961988181E-04   4   0 0  0 1  0 1  2 0
   288  0.1219713276355867       4   1 0  0 0  0 0  3 0
   289  -.9132607880695946E-01   4   0 1  0 0  0 0  3 0
   290  0.2033524924718989E-04   4   0 0  1 0  0 0  3 0
   291  0.1641156222034350E-04   4   0 0  0 1  0 0  3 0
   292  -.1211947028104093       4   1 0  0 0  0 2  0 1
   293  -.1067456045989517       4   0 1  0 0  0 2  0 1
   294  -.2484990806472234E-04   4   0 0  1 0  0 2  0 1
   295  -.1652415860003390E-04   4   0 0  0 1  0 2  0 1
   296  -.6010626167291774E-01   4   1 0  0 0  0 1  1 1
   297  -.1028246882973687       4   0 1  0 0  0 1  1 1
   298  -.1696906377358172E-04   4   0 0  1 0  0 1  1 1
   299  -.1656540615824394E-04   4   0 0  0 1  0 1  1 1
   300  -.1209911606039512       4   1 0  0 0  0 0  2 1
   301  -.1065327630852531       4   0 1  0 0  0 0  2 1
   302  -.2480504814643810E-04   4   0 0  1 0  0 0  2 1
   303  -.1649077469469359E-04   4   0 0  0 1  0 0  2 1
   304  -.3119986434982867E-01   4   1 0  0 0  0 1  0 2
   305  -.7857424122856397E-02   4   0 1  0 0  0 1  0 2
   306  0.5807515803394808E-06   4   0 0  1 0  0 1  0 2
   307  0.8148704618279514E-07   4   0 0  0 1  0 1  0 2
   308  -.3115787704278590E-01   4   1 0  0 0  0 0  1 2
   309  -.7846849971779481E-02   4   0 1  0 0  0 0  1 2
   310  0.5799700322321013E-06   4   0 0  1 0  0 0  1 2
   311  0.8137738475626015E-07   4   0 0  0 1  0 0  1 2
   312  -.9404869703578089E-03   4   1 0  0 0  0 0  0 3
   313  -.1011765575442244E-03   4   0 1  0 0  0 0  0 3
   314  -.1292615761273865E-06   4   0 0  1 0  0 0  0 3
   315  -.1361855631221607E-07   4   0 0  0 1  0 0  0 3
   316  -.2122779227253945E-04   4   0 0  0 0  0 4  0 0
   317  -.1021535282866606E-04   4   0 0  0 0  0 3  1 0
   318  -.8735856340668405E-05   4   0 0  0 0  0 2  2 0
   319  -.1024689776986120E-04   4   0 0  0 0  0 1  3 0
   320  -.2116381633434445E-04   4   0 0  0 0  0 0  4 0
   321  -.3263390009279842E-05   4   0 0  0 0  0 3  0 1
   322  -.3822441671868433E-05   4   0 0  0 0  0 2  1 1
   323  -.3821304288547069E-05   4   0 0  0 0  0 1  2 1
   324  -.3254233868928696E-05   4   0 0  0 0  0 0  3 1
   325  0.6171384709631587E-07   4   0 0  0 0  0 2  0 2
   326  0.9766351502702330E-07   4   0 0  0 0  0 1  1 2
   327  0.6156508003147363E-07   4   0 0  0 0  0 0  2 2
   328  0.1081266367579496E-08   4   0 0  0 0  0 1  0 3
   329  0.1079811250260325E-08   4   0 0  0 0  0 0  1 3
   330  0.1512318869385562E-14   4   0 0  0 0  0 0  0 4
   ----------------------------------------------------
     I  COEFFICIENT            ORDER EXPONENTS
     1  -.5785322593171289E-04   0   0 0  0 0  0 0  0 0
     2  -1.268592333152379       1   1 0  0 0  0 0  0 0
     3  0.5883399438130478       1   0 1  0 0  0 0  0 0
     4  -.1840970496271248E-03   1   0 0  1 0  0 0  0 0
     5  -.5692394967140474E-04   1   0 0  0 1  0 0  0 0
     6  -.8141721557883678E-06   1   0 0  0 0  0 1  0 0
     7  -.8130764812717344E-06   1   0 0  0 0  0 0  1 0
     8  -.5622597729465283E-04   1   0 0  0 0  0 0  0 1
     9  -.9768404734857159E-05   2   2 0  0 0  0 0  0 0
    10  -.3463794702202910E-03   2   1 1  0 0  0 0  0 0
    11  -.8835716450152476E-04   2   0 2  0 0  0 0  0 0
    12  -.5497689416130511E-04   2   1 0  1 0  0 0  0 0
    13  -.4088173780719878E-04   2   0 1  1 0  0 0  0 0
    14  0.1898191780515546E-03   2   0 0  2 0  0 0  0 0
    15  -.3432402926387217E-04   2   1 0  0 1  0 0  0 0
    16  -.2008992511322677E-04   2   0 1  0 1  0 0  0 0
    17  0.3847215879728958E-03   2   0 0  1 1  0 0  0 0
    18  0.7802062628908155E-04   2   0 0  0 2  0 0  0 0
    19  -.7257116458979407E-01   2   1 0  0 0  0 1  0 0
    20  0.1921434026659355       2   0 1  0 0  0 1  0 0
    21  0.7756530233781684E-06   2   0 0  1 0  0 1  0 0
    22  0.2858069016848520E-04   2   0 0  0 1  0 1  0 0
    23  -.7247350173664986E-01   2   1 0  0 0  0 0  1 0
    24  0.1918848251300326       2   0 1  0 0  0 0  1 0
    25  0.7746091860947400E-06   2   0 0  1 0  0 0  1 0
    26  0.2854222762261792E-04   2   0 0  0 1  0 0  1 0
    27  -1.123547666825936       2   1 0  0 0  0 0  0 1
    28  -.3840282277959683       2   0 1  0 0  0 0  0 1
    29  -.1856473118365967E-03   2   0 0  1 0  0 0  0 1
    30  -.5712291779134570E-04   2   0 0  0 1  0 0  0 1
    31  0.6175389747862355E-06   2   0 0  0 0  0 2  0 0
    32  0.4214327340799713E-06   2   0 0  0 0  0 1  1 0
    33  0.6164243477199939E-06   2   0 0  0 0  0 0  2 0
    34  -.1656508281823091E-05   2   0 0  0 0  0 1  0 1
    35  -.1654279031045978E-05   2   0 0  0 0  0 0  1 1
    36  0.1655392525647766E-05   2   0 0  0 0  0 0  0 2
    37  -.7680865668881991       3   3 0  0 0  0 0  0 0
    38  -1.180896134738218       3   2 1  0 0  0 0  0 0
    39  0.1591328640973104       3   1 2  0 0  0 0  0 0
    40  -.6664691008888465E-01   3   0 3  0 0  0 0  0 0
    41  0.6873336166926379E-03   3   2 0  1 0  0 0  0 0
    42  0.4605902557300255E-03   3   1 1  1 0  0 0  0 0
    43  0.8168800248669284E-04   3   0 2  1 0  0 0  0 0
    44  -4.784055353452896       3   1 0  2 0  0 0  0 0
    45  -1.213918871047370       3   0 1  2 0  0 0  0 0
    46  -.1577833736444019E-03   3   0 0  3 0  0 0  0 0
    47  0.1797877579645065E-03   3   2 0  0 1  0 0  0 0
    48  0.3169279686753606E-03   3   1 1  0 1  0 0  0 0
    49  0.5356397153938874E-04   3   0 2  0 1  0 0  0 0
    50  -3.577332114004920       3   1 0  1 1  0 0  0 0
    51  -1.351148483682727       3   0 1  1 1  0 0  0 0
    52  -.1360257591894867E-03   3   0 0  2 1  0 0  0 0
    53  -1.105455577405330       3   1 0  0 2  0 0  0 0
    54  -.6442528259894051       3   0 1  0 2  0 0  0 0
    55  -.4672951899824409E-04   3   0 0  1 2  0 0  0 0
    56  -.3428303347458364E-04   3   0 0  0 3  0 0  0 0
    57  -.9248677546146552E-05   3   2 0  0 0  0 1  0 0
    58  0.1529085481372672E-03   3   1 1  0 0  0 1  0 0
    59  0.8880879486491576E-04   3   0 2  0 0  0 1  0 0
    60  0.2658552185501432E-04   3   1 0  1 0  0 1  0 0
    61  0.3089837514702559E-04   3   0 1  1 0  0 1  0 0
    62  -.8411571564209676E-04   3   0 0  2 0  0 1  0 0
    63  0.2233229447839743E-04   3   1 0  0 1  0 1  0 0
    64  0.2335832234122264E-04   3   0 1  0 1  0 1  0 0
    65  -.1987287395356927E-03   3   0 0  1 1  0 1  0 0
    66  -.7534244631424076E-04   3   0 0  0 2  0 1  0 0
    67  -.9236231111777293E-05   3   2 0  0 0  0 0  1 0
    68  0.1527027710195136E-03   3   1 1  0 0  0 0  1 0
    69  0.8868928017419936E-04   3   0 2  0 0  0 0  1 0
    70  0.2654974431263407E-04   3   1 0  1 0  0 0  1 0
    71  0.3085679356994254E-04   3   0 1  1 0  0 0  1 0
    72  -.8400251667622658E-04   3   0 0  2 0  0 0  1 0
    73  0.2230224072897279E-04   3   1 0  0 1  0 0  1 0
    74  0.2332688781185532E-04   3   0 1  0 1  0 0  1 0
    75  -.1984612997637908E-03   3   0 0  1 1  0 0  1 0
    76  -.7524105400075925E-04   3   0 0  0 2  0 0  1 0
    77  0.8716503923064661E-05   3   2 0  0 0  0 0  0 1
    78  -.3056113191567776E-03   3   1 1  0 0  0 0  0 1
    79  -.8914091053759253E-04   3   0 2  0 0  0 0  0 1
    80  -.1081121603289519E-03   3   1 0  1 0  0 0  0 1
    81  -.6175516871696827E-04   3   0 1  1 0  0 0  0 1
    82  0.3579374103698639E-03   3   0 0  2 0  0 0  0 1
    83  -.4463453520736932E-04   3   1 0  0 1  0 0  0 1
    84  -.2659528503985075E-04   3   0 1  0 1  0 0  0 1
    85  0.3971900392994711E-03   3   0 0  1 1  0 0  0 1
    86  0.7256287402610030E-04   3   0 0  0 2  0 0  0 1
    87  0.5300019344905468E-01   3   1 0  0 0  0 2  0 0
    88  -.1373393456363473       3   0 1  0 0  0 2  0 0
    89  -.7694664534397856E-06   3   0 0  1 0  0 2  0 0
    90  -.2149733438556937E-04   3   0 0  0 1  0 2  0 0
    91  0.3348178879575400E-01   3   1 0  0 0  0 1  1 0
    92  -.8268245208504431E-01   3   0 1  0 0  0 1  1 0
    93  -.7683708687898378E-06   3   0 0  1 0  0 1  1 0
    94  -.1443802970336683E-04   3   0 0  0 1  0 1  1 0
    95  0.5290633917981331E-01   3   1 0  0 0  0 0  2 0
    96  -.1370988857439056       3   0 1  0 0  0 0  2 0
    97  -.7679139231067893E-06   3   0 0  1 0  0 0  2 0
    98  -.2145868927612096E-04   3   0 0  0 1  0 0  2 0
    99  -.1394822198845271       3   1 0  0 0  0 1  0 1
   100  0.1652177614422365       3   0 1  0 0  0 1  0 1
   101  0.2316881030092278E-05   3   0 0  1 0  0 1  0 1
   102  0.2886591789251313E-04   3   0 0  0 1  0 1  0 1
   103  -.1392945112865760       3   1 0  0 0  0 0  1 1
   104  0.1649954191653308       3   0 1  0 0  0 0  1 1
   105  0.2313763080792849E-05   3   0 0  1 0  0 0  1 1
   106  0.2882707150061715E-04   3   0 0  0 1  0 0  1 1
   107  0.1393883812158284       3   1 0  0 0  0 0  0 2
   108  0.2690751302628872E-01   3   0 1  0 0  0 0  0 2
   109  -.2322014928554475E-05   3   0 0  1 0  0 0  0 2
   110  -.2909391830835005E-06   3   0 0  0 1  0 0  0 2
   111  -.5189451394161939E-06   3   0 0  0 0  0 3  0 0
   112  -.3218928056682468E-06   3   0 0  0 0  0 2  1 0
   113  -.3222891713997265E-06   3   0 0  0 0  0 1  2 0
   114  -.5176812795299390E-06   3   0 0  0 0  0 0  3 0
   115  0.1261192778496914E-05   3   0 0  0 0  0 2  0 1
   116  0.8669382690225756E-06   3   0 0  0 0  0 1  1 1
   117  0.1258912182323415E-05   3   0 0  0 0  0 0  2 1
   118  -.8664094390179049E-06   3   0 0  0 0  0 1  0 2
   119  -.8652434660273906E-06   3   0 0  0 0  0 0  1 2
   120  0.2542012646587174E-07   3   0 0  0 0  0 0  0 3
   121  0.3330513835735643E-03   4   4 0  0 0  0 0  0 0
   122  -.4768623620188097E-03   4   3 1  0 0  0 0  0 0
   123  -.6970837729927067E-03   4   2 2  0 0  0 0  0 0
   124  -.3021262036489063E-03   4   1 3  0 0  0 0  0 0
   125  -.6206763211541383E-04   4   0 4  0 0  0 0  0 0
   126  0.2875656570191890E-07   4   3 0  1 0  0 0  0 0
   127  -.3557793049318187E-04   4   2 1  1 0  0 0  0 0
   128  -.1888642257590729E-04   4   1 2  1 0  0 0  0 0
   129  -.3141224235321528E-05   4   0 3  1 0  0 0  0 0
   130  0.4434816227735653E-03   4   2 0  2 0  0 0  0 0
   131  -.3210766641119624E-02   4   1 1  2 0  0 0  0 0
   132  -.1210131548811370E-03   4   0 2  2 0  0 0  0 0
   133  0.2508569420527739E-06   4   1 0  3 0  0 0  0 0
   134  -.7519667199675844E-04   4   0 1  3 0  0 0  0 0
   135  -.7494420524846857E-03   4   0 0  4 0  0 0  0 0
   136  0.1700012883812166E-06   4   3 0  0 1  0 0  0 0
   137  -.4579259397224301E-05   4   2 1  0 1  0 0  0 0
   138  0.4987944209667387E-05   4   1 2  0 1  0 0  0 0
   139  0.1252664334264310E-05   4   0 3  0 1  0 0  0 0
   140  -.2242333903507153E-02   4   2 0  1 1  0 0  0 0
   141  -.4151157840693935E-02   4   1 1  1 1  0 0  0 0
   142  -.1746028804514427E-04   4   0 2  1 1  0 0  0 0
   143  -.1502801101599599E-03   4   1 0  2 1  0 0  0 0
   144  -.1045581863586794E-03   4   0 1  2 1  0 0  0 0
   145  -.1226161479426385E-02   4   0 0  3 1  0 0  0 0
   146  -.3696224228349103E-03   4   2 0  0 2  0 0  0 0
   147  -.1579615221468180E-02   4   1 1  0 2  0 0  0 0
   148  -.8421842454444666E-04   4   0 2  0 2  0 0  0 0
   149  -.5865264138706068E-04   4   1 0  1 2  0 0  0 0
   150  -.5700129581152861E-04   4   0 1  1 2  0 0  0 0
   151  -.6025794601165989E-03   4   0 0  2 2  0 0  0 0
   152  0.2167022044986993E-05   4   1 0  0 3  0 0  0 0
   153  -.4325489806054858E-05   4   0 1  0 3  0 0  0 0
   154  0.3864918115829156E-04   4   0 0  1 3  0 0  0 0
   155  0.1208071639489653E-03   4   0 0  0 4  0 0  0 0
   156  0.1307773884165921       4   3 0  0 0  0 1  0 0
   157  0.9229156999277620       4   2 1  0 0  0 1  0 0
   158  0.2925075089645637E-01   4   1 2  0 0  0 1  0 0
   159  0.1243066856946787       4   0 3  0 0  0 1  0 0
   160  -.3936730629338551E-03   4   2 0  1 0  0 1  0 0
   161  -.5120689945212765E-03   4   1 1  1 0  0 1  0 0
   162  -.1335880562815914E-03   4   0 2  1 0  0 1  0 0
   163   2.622642139614127       4   1 0  2 0  0 1  0 0
   164   1.424501345370221       4   0 1  2 0  0 1  0 0
   165  0.5678984562146477E-04   4   0 0  3 0  0 1  0 0
   166  -.1801854198037808E-03   4   2 0  0 1  0 1  0 0
   167  -.3911189877384981E-03   4   1 1  0 1  0 1  0 0
   168  -.9486130312883307E-04   4   0 2  0 1  0 1  0 0
   169   3.524748586431286       4   1 0  1 1  0 1  0 0
   170   2.102928354137275       4   0 1  1 1  0 1  0 0
   171  0.1124607276885978E-03   4   0 0  2 1  0 1  0 0
   172   1.277383970035529       4   1 0  0 2  0 1  0 0
   173   1.073662346464242       4   0 1  0 2  0 1  0 0
   174  0.6319479654781979E-04   4   0 0  1 2  0 1  0 0
   175  0.5373531339477655E-04   4   0 0  0 3  0 1  0 0
   176  0.1306013943705975       4   3 0  0 0  0 0  1 0
   177  0.9216736834743252       4   2 1  0 0  0 0  1 0
   178  0.2921138661444119E-01   4   1 2  0 0  0 0  1 0
   179  0.1241393996154410       4   0 3  0 0  0 0  1 0
   180  -.3931432762789253E-03   4   2 0  1 0  0 0  1 0
   181  -.5113798762014222E-03   4   1 1  1 0  0 0  1 0
   182  -.1334082797712335E-03   4   0 2  1 0  0 0  1 0
   183   2.619112711423462       4   1 0  2 0  0 0  1 0
   184   1.422584318594027       4   0 1  2 0  0 0  1 0
   185  0.5671342052365626E-04   4   0 0  3 0  0 0  1 0
   186  -.1799429347576528E-03   4   2 0  0 1  0 0  1 0
   187  -.3905926382375981E-03   4   1 1  0 1  0 0  1 0
   188  -.9473364325774033E-04   4   0 2  0 1  0 0  1 0
   189   3.520005145899307       4   1 0  1 1  0 0  1 0
   190   2.100098332265849       4   0 1  1 1  0 0  1 0
   191  0.1123093833411854E-03   4   0 0  2 1  0 0  1 0
   192   1.275664926889671       4   1 0  0 2  0 0  1 0
   193   1.072217462278321       4   0 1  0 2  0 0  1 0
   194  0.6310975196875259E-04   4   0 0  1 2  0 0  1 0
   195  0.5366299894244419E-04   4   0 0  0 3  0 0  1 0
   196  -1.029465349675415       4   3 0  0 0  0 0  0 1
   197  -1.844589383402105       4   2 1  0 0  0 0  0 1
   198  -.2175950016082045       4   1 2  0 0  0 0  0 1
   199  -.1151522651323530       4   0 3  0 0  0 0  0 1
   200  0.1474149955905405E-02   4   2 0  1 0  0 0  0 1
   201  0.1023448870722689E-02   4   1 1  1 0  0 0  0 1
   202  0.1853083335661325E-03   4   0 2  1 0  0 0  0 1
   203  -10.02581020449042       4   1 0  2 0  0 0  0 1
   204  -2.847085663964264       4   0 1  2 0  0 0  0 1
   205  -.2712866397896206E-03   4   0 0  3 0  0 0  0 1
   206  0.3601283545614257E-03   4   2 0  0 1  0 0  0 1
   207  0.4647836573007314E-03   4   1 1  0 1  0 0  0 1
   208  0.8246700330779335E-04   4   0 2  0 1  0 0  0 1
   209  -7.044753732330490       4   1 0  1 1  0 0  0 1
   210  -2.851878202720409       4   0 1  1 1  0 0  0 1
   211  -.2247701110300668E-03   4   0 0  2 1  0 0  0 1
   212  -1.447593319519844       4   1 0  0 2  0 0  0 1
   213  -.8573741567637400       4   0 1  0 2  0 0  0 1
   214  -.7957502951870586E-04   4   0 0  1 2  0 0  0 1
   215  -.3883224538811121E-04   4   0 0  0 3  0 0  0 1
   216  0.1685957778107931E-03   4   2 0  0 0  0 2  0 0
   217  -.1970477735223674E-03   4   1 1  0 0  0 2  0 0
   218  -.5561054404462943E-04   4   0 2  0 0  0 2  0 0
   219  0.2146967800098516E-04   4   1 0  1 0  0 2  0 0
   220  0.2306230211850170E-05   4   0 1  1 0  0 2  0 0
   221  0.2790548252342934E-03   4   0 0  2 0  0 2  0 0
   222  0.1194137090083877E-04   4   1 0  0 1  0 2  0 0
   223  0.4332964427699816E-05   4   0 1  0 1  0 2  0 0
   224  0.5675308954671505E-03   4   0 0  1 1  0 2  0 0
   225  0.2847715337610081E-03   4   0 0  0 2  0 2  0 0
   226  0.1459399216168349E-03   4   2 0  0 0  0 1  1 0
   227  -.1167424818763592E-03   4   1 1  0 0  0 1  1 0
   228  -.3612606086972779E-04   4   0 2  0 0  0 1  1 0
   229  0.2502078331089927E-04   4   1 0  1 0  0 1  1 0
   230  0.9138620491247875E-05   4   0 1  1 0  0 1  1 0
   231  0.2901730725997895E-03   4   0 0  2 0  0 1  1 0
   232  0.1409954538142819E-04   4   1 0  0 1  0 1  1 0
   233  0.7624368156776504E-05   4   0 1  0 1  0 1  1 0
   234  0.6091618536517448E-03   4   0 0  1 1  0 1  1 0
   235  0.3319252357555248E-03   4   0 0  0 2  0 1  1 0
   236  0.1682706900243598E-03   4   2 0  0 0  0 0  2 0
   237  -.1967040426501885E-03   4   1 1  0 0  0 0  2 0
   238  -.5551139762021048E-04   4   0 2  0 0  0 0  2 0
   239  0.2142394922466675E-04   4   1 0  1 0  0 0  2 0
   240  0.2296977433535460E-05   4   0 1  1 0  0 0  2 0
   241  0.2784840357790314E-03   4   0 0  2 0  0 0  2 0
   242  0.1191581351481476E-04   4   1 0  0 1  0 0  2 0
   243  0.4322003070707862E-05   4   0 1  0 1  0 0  2 0
   244  0.5663572484779194E-03   4   0 0  1 1  0 0  2 0
   245  0.2841649569821006E-03   4   0 0  0 2  0 0  2 0
   246  -.2998898836567650E-03   4   2 0  0 0  0 1  0 1
   247  0.6403431782163121E-04   4   1 1  0 0  0 1  0 1
   248  0.2715897739333148E-04   4   0 2  0 0  0 1  0 1
   249  -.3395757432641936E-04   4   1 0  1 0  0 1  0 1
   250  -.2356905648283522E-05   4   0 1  1 0  0 1  0 1
   251  -.6566244458183627E-03   4   0 0  2 0  0 1  0 1
   252  -.7861207773100260E-05   4   1 0  0 1  0 1  0 1
   253  -.1124791767918807E-05   4   0 1  0 1  0 1  0 1
   254  -.9323888581483956E-03   4   0 0  1 1  0 1  0 1
   255  -.3054047852500777E-03   4   0 0  0 2  0 1  0 1
   256  -.2994863059846601E-03   4   2 0  0 0  0 0  1 1
   257  0.6394814345453954E-04   4   1 1  0 0  0 0  1 1
   258  0.2712242812151381E-04   4   0 2  0 0  0 0  1 1
   259  -.3391187582325591E-04   4   1 0  1 0  0 0  1 1
   260  -.2353733835739182E-05   4   0 1  1 0  0 0  1 1
   261  -.6557407915848199E-03   4   0 0  2 0  0 0  1 1
   262  -.7850628530165085E-05   4   1 0  0 1  0 0  1 1
   263  -.1123278076167147E-05   4   0 1  0 1  0 0  1 1
   264  -.9311340931650674E-03   4   0 0  1 1  0 0  1 1
   265  -.3049937858833186E-03   4   0 0  0 2  0 0  1 1
   266  0.1165698094752848E-03   4   2 0  0 0  0 0  0 2
   267  0.1587443980392604E-03   4   1 1  0 0  0 0  0 2
   268  0.2677330522518576E-04   4   0 2  0 0  0 0  0 2
   269  -.4496037980281796E-07   4   1 0  1 0  0 0  0 2
   270  0.2177830705853241E-05   4   0 1  1 0  0 0  0 2
   271  0.4646532864027029E-03   4   0 0  2 0  0 0  0 2
   272  -.1227425331788063E-07   4   1 0  0 1  0 0  0 2
   273  0.2929142922580261E-06   4   0 1  0 1  0 0  0 2
   274  0.3038225798572034E-03   4   0 0  1 1  0 0  0 2
   275  0.4295889174422435E-04   4   0 0  0 2  0 0  0 2
   276  -.4323536600746727E-01   4   1 0  0 0  0 3  0 0
   277  0.1100451790273399       4   0 1  0 0  0 3  0 0
   278  0.7746094516642295E-06   4   0 0  1 0  0 3  0 0
   279  0.1797795417452757E-04   4   0 0  0 1  0 3  0 0
   280  -.2371884525815358E-01   4   1 0  0 0  0 2  1 0
   281  0.5549347740765160E-01   4   0 1  0 0  0 2  1 0
   282  0.7800942470413635E-06   4   0 0  1 0  0 2  1 0
   283  0.1093948224432041E-04   4   0 0  0 1  0 2  1 0
   284  -.2375812442675209E-01   4   1 0  0 0  0 1  2 0
   285  0.5560329812519977E-01   4   0 1  0 0  0 1  2 0
   286  0.7800810709951090E-06   4   0 0  1 0  0 1  2 0
   287  0.1095364147155659E-04   4   0 0  0 1  0 1  2 0
   288  -.4313215150917146E-01   4   1 0  0 0  0 0  3 0
   289  0.1097857487353781       4   0 1  0 0  0 0  3 0
   290  0.7725216026339254E-06   4   0 0  1 0  0 0  3 0
   291  0.1793431235740858E-04   4   0 0  0 1  0 0  3 0
   292  0.1004247061271785       4   1 0  0 0  0 2  0 1
   293  -.1109502999499087       4   0 1  0 0  0 2  0 1
   294  -.2325204942519779E-05   4   0 0  1 0  0 2  0 1
   295  -.2186593894058444E-04   4   0 0  0 1  0 2  0 1
   296  0.6147206328303789E-01   4   1 0  0 0  0 1  1 1
   297  -.5682860042410248E-01   4   0 1  0 0  0 1  1 1
   298  -.2333502254795601E-05   4   0 0  1 0  0 1  1 1
   299  -.1488474819451900E-04   4   0 0  0 1  0 1  1 1
   300  0.1002481961876793       4   1 0  0 0  0 0  2 1
   301  -.1107627496390372       4   0 1  0 0  0 0  2 1
   302  -.2320505632620554E-05   4   0 0  1 0  0 0  2 1
   303  -.2182649719415213E-04   4   0 0  0 1  0 0  2 1
   304  -.6141961270137892E-01   4   1 0  0 0  0 1  0 2
   305  -.2585317277546007E-01   4   0 1  0 0  0 1  0 2
   306  0.2327150448216097E-05   4   0 0  1 0  0 1  0 2
   307  0.4373243327661820E-06   4   0 0  0 1  0 1  0 2
   308  -.6133695708121211E-01   4   1 0  0 0  0 0  1 2
   309  -.2581838079395699E-01   4   0 1  0 0  0 0  1 2
   310  0.2324018678817258E-05   4   0 0  1 0  0 0  1 2
   311  0.4367358022893327E-06   4   0 0  0 1  0 0  1 2
   312  -.5543937144413242E-02   4   1 0  0 0  0 0  0 3
   313  -.7144908277200130E-03   4   0 1  0 0  0 0  0 3
   314  -.7763847326159795E-06   4   0 0  1 0  0 0  0 3
   315  -.9739392285261128E-07   4   0 0  0 1  0 0  0 3
   316  0.1592783690032357E-04   4   0 0  0 0  0 4  0 0
   317  0.8212644658173791E-05   4   0 0  0 0  0 3  1 0
   318  0.7185771796404781E-05   4   0 0  0 0  0 2  2 0
   319  0.8234726930504346E-05   4   0 0  0 0  0 1  3 0
   320  0.1587946607594278E-04   4   0 0  0 0  0 0  4 0
   321  -.1707116827009273E-04   4   0 0  0 0  0 3  0 1
   322  -.8578249142292109E-05   4   0 0  0 0  0 2  1 1
   323  -.8595346822620095E-05   4   0 0  0 0  0 1  2 1
   324  -.1703094359642752E-04   4   0 0  0 0  0 0  3 1
   325  -.1303635801050463E-05   4   0 0  0 0  0 2  0 2
   326  -.1569065530789409E-05   4   0 0  0 0  0 1  1 2
   327  -.1300825642205744E-05   4   0 0  0 0  0 0  2 2
   328  0.4397573769275258E-08   4   0 0  0 0  0 1  0 3
   329  0.4391655721747034E-08   4   0 0  0 0  0 0  1 3
   ----------------------------------------------------
     I  COEFFICIENT            ORDER EXPONENTS
     1  0.7510275322642464E-05   0   0 0  0 0  0 0  0 0
     2  -.6443862544250375E-04   1   1 0  0 0  0 0  0 0
     3  -.1640835880463840E-04   1   0 1  0 0  0 0  0 0
     4   1.534399607186444       1   0 0  1 0  0 0  0 0
     5  0.7934479219676984       1   0 0  0 1  0 0  0 0
     6  -.1053024962810341E-05   1   0 0  0 0  0 1  0 0
     7  -.1051607851442777E-05   1   0 0  0 0  0 0  1 0
     8  0.2104632814253078E-05   1   0 0  0 0  0 0  0 1
     9  0.1249167512557234E-04   2   2 0  0 0  0 0  0 0
    10  -.4502775078792697E-05   2   1 1  0 0  0 0  0 0
    11  0.4045428747200403E-06   2   0 2  0 0  0 0  0 0
    12  -.4644552627834384E-03   2   1 0  1 0  0 0  0 0
    13  -.1248930632460558E-04   2   0 1  1 0  0 0  0 0
    14  -.4046605824194138E-05   2   0 0  2 0  0 0  0 0
    15  0.5610665436212080E-04   2   1 0  0 1  0 0  0 0
    16  0.2586685262573079E-04   2   0 1  0 1  0 0  0 0
    17  0.2164242187174789E-04   2   0 0  1 1  0 0  0 0
    18  0.8445047687219514E-05   2   0 0  0 2  0 0  0 0
    19  0.3236829549402537E-04   2   1 0  0 0  0 1  0 0
    20  0.1643174196089231E-04   2   0 1  0 0  0 1  0 0
    21  -.2861630303775475       2   0 0  1 0  0 1  0 0
    22  -.4663018889314146       2   0 0  0 1  0 1  0 0
    23  0.3232473576741452E-04   2   1 0  0 0  0 0  1 0
    24  0.1640962889696266E-04   2   0 1  0 0  0 0  1 0
    25  -.2857779256576631       2   0 0  1 0  0 0  1 0
    26  -.4656743618253398       2   0 0  0 1  0 0  1 0
    27  -.6469303126143951E-04   2   1 0  0 0  0 0  0 1
    28  -.1643301205331358E-04   2   0 1  0 0  0 0  0 1
    29  0.5719409560352049       2   0 0  1 0  0 0  0 1
    30  0.1385283287890540       2   0 0  0 1  0 0  0 1
    31  0.8118817169217647E-06   2   0 0  0 0  0 2  0 0
    32  0.5713860771597519E-06   2   0 0  0 0  0 1  1 0
    33  0.8104046525779999E-06   2   0 0  0 0  0 0  2 0
    34  -.1142126313687962E-05   2   0 0  0 0  0 1  0 1
    35  -.1140589293921546E-05   2   0 0  0 0  0 0  1 1
    36  0.8904158818400615E-07   2   0 0  0 0  0 0  0 2
    37  0.2150323950655076E-04   3   3 0  0 0  0 0  0 0
    38  0.1223337981761595E-04   3   2 1  0 0  0 0  0 0
    39  -.3383507571280166E-04   3   1 2  0 0  0 0  0 0
    40  -.1919398075998797E-04   3   0 3  0 0  0 0  0 0
    41  -.5702756575646748       3   2 0  1 0  0 0  0 0
    42  -1.128611712241274       3   1 1  1 0  0 0  0 0
    43  0.3195798557933720       3   0 2  1 0  0 0  0 0
    44  -.2491181842785193E-03   3   1 0  2 0  0 0  0 0
    45  -.2717079391615473E-03   3   0 1  2 0  0 0  0 0
    46  0.4547096730060485       3   0 0  3 0  0 0  0 0
    47  0.7891690415791865       3   2 0  0 1  0 0  0 0
    48  -.2953014278792893       3   1 1  0 1  0 0  0 0
    49  0.4251769000782082       3   0 2  0 1  0 0  0 0
    50  -.3431876399664585E-03   3   1 0  1 1  0 0  0 0
    51  -.2164868401713707E-03   3   0 1  1 1  0 0  0 0
    52   2.185456721232293       3   0 0  2 1  0 0  0 0
    53  -.1731148400680191E-03   3   1 0  0 2  0 0  0 0
    54  -.7380962721236000E-04   3   0 1  0 2  0 0  0 0
    55   1.696265129658303       3   0 0  1 2  0 0  0 0
    56  0.7050910552551832       3   0 0  0 3  0 0  0 0
    57  -.7808795429823683E-05   3   2 0  0 0  0 1  0 0
    58  0.5845319796240110E-05   3   1 1  0 0  0 1  0 0
    59  -.2466606030351540E-06   3   0 2  0 0  0 1  0 0
    60  0.2759039184333226E-03   3   1 0  1 0  0 1  0 0
    61  0.2549612255217529E-04   3   0 1  1 0  0 1  0 0
    62  -.5278984541382871E-05   3   0 0  2 0  0 1  0 0
    63  -.5015064210633342E-04   3   1 0  0 1  0 1  0 0
    64  -.3496863404975861E-04   3   0 1  0 1  0 1  0 0
    65  -.3132697101397185E-04   3   0 0  1 1  0 1  0 0
    66  -.1473575000865061E-04   3   0 0  0 2  0 1  0 0
    67  -.7798286720949919E-05   3   2 0  0 0  0 0  1 0
    68  0.5837453440338779E-05   3   1 1  0 0  0 0  1 0
    69  -.2463286588203138E-06   3   0 2  0 0  0 0  1 0
    70  0.2755326199427977E-03   3   1 0  1 0  0 0  1 0
    71  0.2546181107203242E-04   3   0 1  1 0  0 0  1 0
    72  -.5271880332740835E-05   3   0 0  2 0  0 0  1 0
    73  -.5008315173570364E-04   3   1 0  0 1  0 0  1 0
    74  -.3492157491006998E-04   3   0 1  0 1  0 0  1 0
    75  -.3128481265271793E-04   3   0 0  1 1  0 0  1 0
    76  -.1471591933074646E-04   3   0 0  0 2  0 0  1 0
    77  0.1560708215077357E-04   3   2 0  0 0  0 0  0 1
    78  -.7179998157785866E-05   3   1 1  0 0  0 0  0 1
    79  -.3160964875846698E-06   3   0 2  0 0  0 0  0 1
    80  -.5514365383761124E-03   3   1 0  1 0  0 0  0 1
    81  -.3846862729959917E-04   3   0 1  1 0  0 0  0 1
    82  0.1055086487417412E-04   3   0 0  2 0  0 0  0 1
    83  0.4412713947992063E-04   3   1 0  0 1  0 0  0 1
    84  0.1815650370836417E-04   3   0 1  0 1  0 0  0 1
    85  0.4096936179506977E-04   3   0 0  1 1  0 0  0 1
    86  0.1256157396498858E-04   3   0 0  0 2  0 0  0 1
    87  -.2436575653306370E-04   3   1 0  0 0  0 2  0 0
    88  -.1644947326272345E-04   3   0 1  0 0  0 2  0 0
    89  0.2242336792191931       3   0 0  1 0  0 2  0 0
    90  0.3858206310029315       3   0 0  0 1  0 2  0 0
    91  -.1638628790965681E-04   3   1 0  0 0  0 1  1 0
    92  -.1646367358517307E-04   3   0 1  0 0  0 1  1 0
    93  0.1624705278032870       3   0 0  1 0  0 1  1 0
    94  0.3055551751365286       3   0 0  0 1  0 1  1 0
    95  -.2432194029924033E-04   3   1 0  0 0  0 0  2 0
    96  -.1641625831884881E-04   3   0 1  0 0  0 0  2 0
    97  0.2238225935117991       3   0 0  1 0  0 0  2 0
    98  0.3850958109036384       3   0 0  0 1  0 0  2 0
    99  0.3275297035623030E-04   3   1 0  0 0  0 1  0 1
   100  0.1648594294046678E-04   3   0 1  0 0  0 1  0 1
   101  -.3247749523751281       3   0 0  1 0  0 1  0 1
   102  -.1445927734862584       3   0 0  0 1  0 1  0 1
   103  0.3270889295231909E-04   3   1 0  0 0  0 0  1 1
   104  0.1646375693541306E-04   3   0 1  0 0  0 0  1 1
   105  -.3243378855503382       3   0 0  1 0  0 0  1 1
   106  -.1443981873461217       3   0 0  0 1  0 0  1 1
   107  -.3865104061919823E-06   3   1 0  0 0  0 0  0 2
   108  -.4066042404635332E-07   3   0 1  0 0  0 0  0 2
   109  0.3858597651240855E-01   3   0 0  1 0  0 0  0 2
   110  0.5967164269460703E-02   3   0 0  0 1  0 0  0 2
   111  -.6915909127328453E-06   3   0 0  0 0  0 3  0 0
   112  -.4511706582686976E-06   3   0 0  0 0  0 2  1 0
   113  -.4516540989348442E-06   3   0 0  0 0  0 1  2 0
   114  -.6898916743857272E-06   3   0 0  0 0  0 0  3 0
   115  0.9021775031101658E-06   3   0 0  0 0  0 2  0 1
   116  0.6628724477267034E-06   3   0 0  0 0  0 1  1 1
   117  0.9005173639312808E-06   3   0 0  0 0  0 0  2 1
   118  -.9148719205337304E-07   3   0 0  0 0  0 1  0 2
   119  -.9136407290191870E-07   3   0 0  0 0  0 0  1 2
   120  0.1589362862408595E-08   3   0 0  0 0  0 0  0 3
   121  0.7024411849765443E-05   4   4 0  0 0  0 0  0 0
   122  -.4562037106350037E-05   4   3 1  0 0  0 0  0 0
   123  -.3203052133513430E-05   4   2 2  0 0  0 0  0 0
   124  0.7274937791765818E-06   4   1 3  0 0  0 0  0 0
   125  -.3338084984471296E-05   4   0 4  0 0  0 0  0 0
   126  0.3100429955004022E-03   4   3 0  1 0  0 0  0 0
   127  0.9832797746515277E-03   4   2 1  1 0  0 0  0 0
   128  0.3623132542051707E-03   4   1 2  1 0  0 0  0 0
   129  -.2488885738542364E-03   4   0 3  1 0  0 0  0 0
   130  0.7129187420404592E-04   4   2 0  2 0  0 0  0 0
   131  0.1063849703873302E-04   4   1 1  2 0  0 0  0 0
   132  -.4733102991454117E-04   4   0 2  2 0  0 0  0 0
   133  -.2018502241980976E-03   4   1 0  3 0  0 0  0 0
   134  0.5677672516360863E-03   4   0 1  3 0  0 0  0 0
   135  -.2732578798578994E-04   4   0 0  4 0  0 0  0 0
   136  -.3081350010249424E-03   4   3 0  0 1  0 0  0 0
   137  0.4890417213918078E-03   4   2 1  0 1  0 0  0 0
   138  0.5585420641187914E-03   4   1 2  0 1  0 0  0 0
   139  -.1234695655342474E-03   4   0 3  0 1  0 0  0 0
   140  0.2605795451713009E-04   4   2 0  1 1  0 0  0 0
   141  -.1171192053070765E-04   4   1 1  1 1  0 0  0 0
   142  -.3028954794969224E-04   4   0 2  1 1  0 0  0 0
   143  -.8459461377900605E-03   4   1 0  2 1  0 0  0 0
   144  0.6012417881994856E-03   4   0 1  2 1  0 0  0 0
   145  -.1105592071101221E-03   4   0 0  3 1  0 0  0 0
   146  0.6868486435397864E-06   4   2 0  0 2  0 0  0 0
   147  -.1726241844651981E-04   4   1 1  0 2  0 0  0 0
   148  -.1997016359606914E-04   4   0 2  0 2  0 0  0 0
   149  0.1868761453058032E-03   4   1 0  1 2  0 0  0 0
   150  0.4966485415162626E-04   4   0 1  1 2  0 0  0 0
   151  -.8607061627823653E-04   4   0 0  2 2  0 0  0 0
   152  0.3790606644904406E-03   4   1 0  0 3  0 0  0 0
   153  -.1051726454778286E-03   4   0 1  0 3  0 0  0 0
   154  -.3041294486090438E-04   4   0 0  1 3  0 0  0 0
   155  -.1225673108468083E-04   4   0 0  0 4  0 0  0 0
   156  -.2956031590329138E-05   4   3 0  0 0  0 1  0 0
   157  -.4569951200357160E-04   4   2 1  0 0  0 1  0 0
   158  0.2927585632204402E-04   4   1 2  0 0  0 1  0 0
   159  0.3513672311105092E-04   4   0 3  0 0  0 1  0 0
   160  0.3723389561470257       4   2 0  1 0  0 1  0 0
   161   1.619408942085296       4   1 1  1 0  0 1  0 0
   162  -.3953285288219063       4   0 2  1 0  0 1  0 0
   163  0.2903461699930464E-03   4   1 0  2 0  0 1  0 0
   164  0.3826264761512344E-03   4   0 1  2 0  0 1  0 0
   165  -.7362949858317406       4   0 0  3 0  0 1  0 0
   166  -.8882969989911645       4   2 0  0 1  0 1  0 0
   167  0.5324954179324062       4   1 1  0 1  0 1  0 0
   168  -.6634227310623539       4   0 2  0 1  0 1  0 0
   169  0.5479028114912105E-03   4   1 0  1 1  0 1  0 0
   170  0.4178205308623244E-03   4   0 1  1 1  0 1  0 0
   171  -3.247382895584208       4   0 0  2 1  0 1  0 0
   172  0.3031193017846022E-03   4   1 0  0 2  0 1  0 0
   173  0.1646762609935293E-03   4   0 1  0 2  0 1  0 0
   174  -3.029704631911764       4   0 0  1 2  0 1  0 0
   175  -1.307095183558204       4   0 0  0 3  0 1  0 0
   176  -.2952053502328378E-05   4   3 0  0 0  0 0  1 0
   177  -.4563801175406116E-04   4   2 1  0 0  0 0  1 0
   178  0.2923645825432913E-04   4   1 2  0 0  0 0  1 0
   179  0.3508943776502467E-04   4   0 3  0 0  0 0  1 0
   180  0.3718378799275821       4   2 0  1 0  0 0  1 0
   181   1.617229617851144       4   1 1  1 0  0 0  1 0
   182  -.3947965143190116       4   0 2  1 0  0 0  1 0
   183  0.2899554358010257E-03   4   1 0  2 0  0 0  1 0
   184  0.3821115554720421E-03   4   0 1  2 0  0 0  1 0
   185  -.7353041147402587       4   0 0  3 0  0 0  1 0
   186  -.8871015707539034       4   2 0  0 1  0 0  1 0
   187  0.5317788106945969       4   1 1  0 1  0 0  1 0
   188  -.6625299280169227       4   0 2  0 1  0 0  1 0
   189  0.5471654697089760E-03   4   1 0  1 1  0 0  1 0
   190  0.4172582476828717E-03   4   0 1  1 1  0 0  1 0
   191  -3.243012720724888       4   0 0  2 1  0 0  1 0
   192  0.3027113781136704E-03   4   1 0  0 2  0 0  1 0
   193  0.1644546474423473E-03   4   0 1  0 2  0 0  1 0
   194  -3.025627398201491       4   0 0  1 2  0 0  1 0
   195  -1.305336156461126       4   0 0  0 3  0 0  1 0
   196  0.5908085092658094E-05   4   3 0  0 0  0 0  0 1
   197  0.7910414394005010E-04   4   2 1  0 0  0 0  0 1
   198  0.9157836849196314E-05   4   1 2  0 0  0 0  0 1
   199  -.1264421859610397E-04   4   0 3  0 0  0 0  0 1
   200  -.7441768360746204       4   2 0  1 0  0 0  0 1
   201  -2.108026847695148       4   1 1  1 0  0 0  0 1
   202  0.1509653315541762       4   0 2  1 0  0 0  0 1
   203  -.5803016057942527E-03   4   1 0  2 0  0 0  0 1
   204  -.4930300924617730E-03   4   0 1  2 0  0 0  0 1
   205   1.471599100572928       4   0 0  3 0  0 0  0 1
   206  0.9862295281658782       4   2 0  0 1  0 0  0 1
   207  -.4736713728684012       4   1 1  0 1  0 0  0 1
   208  0.5042195884464880E-01   4   0 2  0 1  0 0  0 1
   209  -.7518806412340540E-03   4   1 0  1 1  0 0  0 1
   210  -.4021050982027213E-03   4   0 1  1 1  0 0  0 1
   211   4.304938895080001       4   0 0  2 1  0 0  0 1
   212  -.2596009997624169E-03   4   1 0  0 2  0 0  0 1
   213  -.1077020267988214E-03   4   0 1  0 2  0 0  0 1
   214   2.662801770800740       4   0 0  1 2  0 0  0 1
   215  0.4971581742544394       4   0 0  0 3  0 0  0 1
   216  -.3733637855520281E-05   4   2 0  0 0  0 2  0 0
   217  -.1880989255178356E-05   4   1 1  0 0  0 2  0 0
   218  -.8251602387653234E-05   4   0 2  0 0  0 2  0 0
   219  0.2246230026138108E-04   4   1 0  1 0  0 2  0 0
   220  -.3211790729672529E-03   4   0 1  1 0  0 2  0 0
   221  -.2362236696994698E-04   4   0 0  2 0  0 2  0 0
   222  0.1780385339029511E-03   4   1 0  0 1  0 2  0 0
   223  -.2426373728910023E-03   4   0 1  0 1  0 2  0 0
   224  -.1437419609870274E-04   4   0 0  1 1  0 2  0 0
   225  -.1313036000409052E-04   4   0 0  0 2  0 2  0 0
   226  -.4978895901151096E-05   4   2 0  0 0  0 1  1 0
   227  -.1122543770509995E-05   4   1 1  0 0  0 1  1 0
   228  -.1023756498545719E-04   4   0 2  0 0  0 1  1 0
   229  0.1037092557350038E-03   4   1 0  1 0  0 1  1 0
   230  -.3790381164195117E-03   4   0 1  1 0  0 1  1 0
   231  -.2543522420726660E-04   4   0 0  2 0  0 1  1 0
   232  0.2028545366840535E-03   4   1 0  0 1  0 1  1 0
   233  -.2975942736982561E-03   4   0 1  0 1  0 1  1 0
   234  -.1938895798773504E-04   4   0 0  1 1  0 1  1 0
   235  -.1589237077252457E-04   4   0 0  0 2  0 1  1 0
   236  -.3725263119917491E-05   4   2 0  0 0  0 0  2 0
   237  -.1877702575243505E-05   4   1 1  0 0  0 0  2 0
   238  -.8233609153803788E-05   4   0 2  0 0  0 0  2 0
   239  0.2236228804196168E-04   4   1 0  1 0  0 0  2 0
   240  -.3204917994906963E-03   4   0 1  1 0  0 0  2 0
   241  -.2357346233869825E-04   4   0 0  2 0  0 0  2 0
   242  0.1776624419970774E-03   4   1 0  0 1  0 0  2 0
   243  -.2421105987754741E-03   4   0 1  0 1  0 0  2 0
   244  -.1434180560999358E-04   4   0 0  1 1  0 0  2 0
   245  -.1310199618257151E-04   4   0 0  0 2  0 0  2 0
   246  -.9855676616886910E-06   4   2 0  0 0  0 1  0 1
   247  0.4985216994491098E-06   4   1 1  0 0  0 1  0 1
   248  0.2329138528325701E-05   4   0 2  0 0  0 1  0 1
   249  -.1047700249448348E-03   4   1 0  1 0  0 1  0 1
   250  0.2722167122150557E-03   4   0 1  1 0  0 1  0 1
   251  0.1853256876615480E-04   4   0 0  2 0  0 1  0 1
   252  -.2361251832571882E-03   4   1 0  0 1  0 1  0 1
   253  0.4167887431688939E-04   4   0 1  0 1  0 1  0 1
   254  -.8106992094726941E-05   4   0 0  1 1  0 1  0 1
   255  -.8275720350885114E-05   4   0 0  0 2  0 1  0 1
   256  -.9842413311777981E-06   4   2 0  0 0  0 0  1 1
   257  0.4978508124405111E-06   4   1 1  0 0  0 0  1 1
   258  0.2326004083462770E-05   4   0 2  0 0  0 0  1 1
   259  -.1046290303829039E-03   4   1 0  1 0  0 0  1 1
   260  0.2718503757928861E-03   4   0 1  1 0  0 0  1 1
   261  0.1850762850851898E-04   4   0 0  2 0  0 0  1 1
   262  -.2358074171137553E-03   4   1 0  0 1  0 0  1 1
   263  0.4162278485209128E-04   4   0 1  0 1  0 0  1 1
   264  -.8096082086835259E-05   4   0 0  1 1  0 0  1 1
   265  -.8264583276458156E-05   4   0 0  0 2  0 0  1 1
   266  0.3793978249293995E-05   4   2 0  0 0  0 0  0 2
   267  0.1625922918480267E-05   4   1 1  0 0  0 0  0 2
   268  0.6454525830595289E-07   4   0 2  0 0  0 0  0 2
   269  0.1258831715237043E-03   4   1 0  1 0  0 0  0 2
   270  0.3336919106564862E-05   4   0 1  1 0  0 0  0 2
   271  0.1242904358660293E-04   4   0 0  2 0  0 0  0 2
   272  0.5665744123850787E-04   4   1 0  0 1  0 0  0 2
   273  0.8095906336187608E-05   4   0 1  0 1  0 0  0 2
   274  0.1676237833338757E-04   4   0 0  1 1  0 0  0 2
   275  0.3762968877236309E-05   4   0 0  0 2  0 0  0 2
   276  0.2038523150058566E-04   4   1 0  0 0  0 3  0 0
   277  0.1645972311840498E-04   4   0 1  0 0  0 3  0 0
   278  -.1934225705388581       4   0 0  1 0  0 3  0 0
   279  -.3463680591217617       4   0 0  0 1  0 3  0 0
   280  0.1242858008551389E-04   4   1 0  0 0  0 2  1 0
   281  0.1648332804752031E-04   4   0 1  0 0  0 2  1 0
   282  -.1318415969043109       4   0 0  1 0  0 2  1 0
   283  -.2675141519505814       4   0 0  0 1  0 2  1 0
   284  0.1244458623722373E-04   4   1 0  0 0  0 1  2 0
   285  0.1648323568383953E-04   4   0 1  0 0  0 1  2 0
   286  -.1319653806153300       4   0 0  1 0  0 1  2 0
   287  -.2676723878233885       4   0 0  0 1  0 1  2 0
   288  0.2033572965541460E-04   4   1 0  0 0  0 0  3 0
   289  0.1641542074204197E-04   4   0 1  0 0  0 0  3 0
   290  -.1929435285870599       4   0 0  1 0  0 0  3 0
   291  -.3454891091003173       4   0 0  0 1  0 0  3 0
   292  -.2485038438013680E-04   4   1 0  0 0  0 2  0 1
   293  -.1652621170082691E-04   4   0 1  0 0  0 2  0 1
   294  0.2636418613436965       4   0 0  1 0  0 2  0 1
   295  0.1491563347119992       4   0 0  0 1  0 2  0 1
   296  -.1696900894222255E-04   4   1 0  0 0  0 1  1 1
   297  -.1656634222075787E-04   4   0 1  0 0  0 1  1 1
   298  0.2026727221939664       4   0 0  1 0  0 1  1 1
   299  0.1537073512216428       4   0 0  0 1  0 1  1 1
   300  -.2480552385774722E-04   4   1 0  0 0  0 0  2 1
   301  -.1649282440266797E-04   4   0 1  0 0  0 0  2 1
   302  0.2631506908527845       4   0 0  1 0  0 0  2 1
   303  0.1488521810915991       4   0 0  0 1  0 0  2 1
   304  0.5806113267488286E-06   4   1 0  0 0  0 1  0 2
   305  0.8140059113296906E-07   4   0 1  0 0  0 1  0 2
   306  -.4020323839438893E-01   4   0 0  1 0  0 1  0 2
   307  -.9120841875348736E-02   4   0 0  0 1  0 1  0 2
   308  0.5798299673881219E-06   4   1 0  0 0  0 0  1 2
   309  0.8129104605356569E-07   4   0 1  0 0  0 0  1 2
   310  -.4014913477086463E-01   4   0 0  1 0  0 0  1 2
   311  -.9108567476201264E-02   4   0 0  0 1  0 0  1 2
   312  -.1291401605408181E-06   4   1 0  0 0  0 0  0 3
   313  -.1357012164879552E-07   4   0 1  0 0  0 0  0 3
   314  0.1060140046810874E-02   4   0 0  1 0  0 0  0 3
   315  0.1093055143880768E-03   4   0 0  0 1  0 0  0 3
   316  -.1492833366505083E-05   4   0 0  0 0  0 4  0 0
   317  -.9205608441432369E-06   4   0 0  0 0  0 3  1 0
   318  -.8429794466432965E-06   4   0 0  0 0  0 2  2 0
   319  -.9221992835139312E-06   4   0 0  0 0  0 1  3 0
   320  -.1488198542375908E-05   4   0 0  0 0  0 0  4 0
   321  -.8908010156140822E-07   4   0 0  0 0  0 3  0 1
   322  -.2527288430809190E-07   4   0 0  0 0  0 2  1 1
   323  -.2540144543915832E-07   4   0 0  0 0  0 1  2 1
   324  -.8888329932821525E-07   4   0 0  0 0  0 0  3 1
   325  0.4885553389532768E-07   4   0 0  0 0  0 2  0 2
   326  0.6205626094323283E-07   4   0 0  0 0  0 1  1 2
   327  0.4874803022461500E-07   4   0 0  0 0  0 0  2 2
   328  -.1296157937128843E-08   4   0 0  0 0  0 1  0 3
   329  -.1294413628862863E-08   4   0 0  0 0  0 0  1 3
   ----------------------------------------------------
     I  COEFFICIENT            ORDER EXPONENTS
     1  0.7164442404208433E-05   0   0 0  0 0  0 0  0 0
     2  -.1841003857604370E-03   1   1 0  0 0  0 0  0 0
     3  -.5693251458114164E-04   1   0 1  0 0  0 0  0 0
     4   1.582227782590329       1   0 0  1 0  0 0  0 0
     5   1.469900888355362       1   0 0  0 1  0 0  0 0
     6  -.2388861786139656E-06   1   0 0  0 0  0 1  0 0
     7  -.2385646968531508E-06   1   0 0  0 0  0 0  1 0
     8  0.7641893279675590E-05   1   0 0  0 0  0 0  0 1
     9  0.7000350704836890E-05   2   2 0  0 0  0 0  0 0
    10  -.2748748687695746E-04   2   1 1  0 0  0 0  0 0
    11  -.4793929356271962E-05   2   0 2  0 0  0 0  0 0
    12  -.6408497293927801E-03   2   1 0  1 0  0 0  0 0
    13  0.2572459184619664E-03   2   0 1  1 0  0 0  0 0
    14  -.2166632954780317E-04   2   0 0  2 0  0 0  0 0
    15  0.1713999852008128E-03   2   1 0  0 1  0 0  0 0
    16  0.1716605978523370E-03   2   0 1  0 1  0 0  0 0
    17  0.7664366041205626E-05   2   0 0  1 1  0 0  0 0
    18  0.3257689853350517E-06   2   0 0  0 2  0 0  0 0
    19  0.7772246298585173E-06   2   1 0  0 0  0 1  0 0
    20  0.2858120492248678E-04   2   0 1  0 0  0 1  0 0
    21  -.8458815172161095E-01   2   0 0  1 0  0 1  0 0
    22  -.2504437580003430       2   0 0  0 1  0 1  0 0
    23  0.7761786775811577E-06   2   1 0  0 0  0 0  1 0
    24  0.2854274168388781E-04   2   0 1  0 0  0 0  1 0
    25  -.8447431697352864E-01   2   0 0  1 0  0 0  1 0
    26  -.2501067225938347       2   0 0  0 1  0 0  1 0
    27  -.1856537890678756E-03   2   1 0  0 0  0 0  0 1
    28  -.5712394660612975E-04   2   0 1  0 0  0 0  0 1
    29   1.751290251285452       2   0 0  1 0  0 0  0 1
    30  0.5005504805941796       2   0 0  0 1  0 0  0 1
    31  0.1778712595360514E-06   2   0 0  0 0  0 2  0 0
    32  0.1170204996003682E-06   2   0 0  0 0  0 1  1 0
    33  0.1775531485032420E-06   2   0 0  0 0  0 0  2 0
    34  -.4727640324680181E-06   2   0 0  0 0  0 1  0 1
    35  -.4721278089137658E-06   2   0 0  0 0  0 0  1 1
    36  0.4724462355550406E-06   2   0 0  0 0  0 0  0 2
    37  0.1686615716316042E-03   3   3 0  0 0  0 0  0 0
    38  0.1741400135814456E-03   3   2 1  0 0  0 0  0 0
    39  0.6081800138728341E-04   3   1 2  0 0  0 0  0 0
    40  -.2104051209833888E-04   3   0 3  0 0  0 0  0 0
    41  -3.379840972842564       3   2 0  1 0  0 0  0 0
    42  -3.489796004324573       3   1 1  1 0  0 0  0 0
    43  0.2452738982217794       3   0 2  1 0  0 0  0 0
    44  -.2919163779093182E-03   3   1 0  2 0  0 0  0 0
    45  -.1303496434415079E-03   3   0 1  2 0  0 0  0 0
    46  -2.341316113028716       3   0 0  3 0  0 0  0 0
    47  -.3876655814530658       3   2 0  0 1  0 0  0 0
    48  -1.027931727394608       3   1 1  0 1  0 0  0 0
    49  0.2591163531425785       3   0 2  0 1  0 0  0 0
    50  -.1596711491816214E-03   3   1 0  1 1  0 0  0 0
    51  0.1018970810649331E-03   3   0 1  1 1  0 0  0 0
    52  -2.685337764639525       3   0 0  2 1  0 0  0 0
    53  -.2585374328530141E-04   3   1 0  0 2  0 0  0 0
    54  0.1381768976906314E-04   3   0 1  0 2  0 0  0 0
    55  -1.733057404531740       3   0 0  1 2  0 0  0 0
    56  -.1133099977428445       3   0 0  0 3  0 0  0 0
    57  -.5136197470919152E-05   3   2 0  0 0  0 1  0 0
    58  0.1578320641891311E-04   3   1 1  0 0  0 1  0 0
    59  0.5407534141439828E-05   3   0 2  0 0  0 1  0 0
    60  0.3313412991739455E-03   3   1 0  1 0  0 1  0 0
    61  -.6767816863808345E-04   3   0 1  1 0  0 1  0 0
    62  0.1671331978735886E-04   3   0 0  2 0  0 1  0 0
    63  0.3136364525800653E-05   3   1 0  0 1  0 1  0 0
    64  -.1451060072038156E-03   3   0 1  0 1  0 1  0 0
    65  0.7177047475828746E-05   3   0 0  1 1  0 1  0 0
    66  0.1859174196949326E-05   3   0 0  0 2  0 1  0 0
    67  -.5129285418423173E-05   3   2 0  0 0  0 0  1 0
    68  0.1576196612355135E-04   3   1 1  0 0  0 0  1 0
    69  0.5400256936840558E-05   3   0 2  0 0  0 0  1 0
    70  0.3308953956690934E-03   3   1 0  1 0  0 0  1 0
    71  -.6758709054829601E-04   3   0 1  1 0  0 0  1 0
    72  0.1669082778930393E-04   3   0 0  2 0  0 0  1 0
    73  0.3132143754233306E-05   3   1 0  0 1  0 0  1 0
    74  -.1449107303779301E-03   3   0 1  0 1  0 0  1 0
    75  0.7167388943645239E-05   3   0 0  1 1  0 0  1 0
    76  0.1856672207951416E-05   3   0 0  0 2  0 0  1 0
    77  0.1726583359417922E-04   3   2 0  0 0  0 0  0 1
    78  -.3154517254246396E-04   3   1 1  0 0  0 0  0 1
    79  -.6013861722008321E-05   3   0 2  0 0  0 0  0 1
    80  -.1303086424235808E-02   3   1 0  1 0  0 0  0 1
    81  0.1352652591863833E-03   3   0 1  1 0  0 0  0 1
    82  -.5507047712439649E-04   3   0 0  2 0  0 0  0 1
    83  -.6268508280030078E-05   3   1 0  0 1  0 0  0 1
    84  0.1183561397294112E-03   3   0 1  0 1  0 0  0 1
    85  -.1434443641929157E-04   3   0 0  1 1  0 0  0 1
    86  -.4041615390193819E-05   3   0 0  0 2  0 0  0 1
    87  -.7716927501537677E-06   3   1 0  0 0  0 2  0 0
    88  -.2150686235879546E-04   3   0 1  0 0  0 2  0 0
    89  0.6501999549684870E-01   3   0 0  1 0  0 2  0 0
    90  0.1956600337829681       3   0 0  0 1  0 2  0 0
    91  -.7708409595903069E-06   3   1 0  0 0  0 1  1 0
    92  -.1444930541252674E-04   3   0 1  0 0  0 1  1 0
    93  0.4550439581972558E-01   3   0 0  1 0  0 1  1 0
    94  0.1410233304486025       3   0 0  0 1  0 1  1 0
    95  -.7701355616899826E-06   3   1 0  0 0  0 0  2 0
    96  -.2146819683988984E-04   3   0 1  0 0  0 0  2 0
    97  0.6490187581552702E-01   3   0 0  1 0  0 0  2 0
    98  0.1953018324546887       3   0 0  0 1  0 0  2 0
    99  0.2322255876233409E-05   3   1 0  0 0  0 1  0 1
   100  0.2887508851661580E-04   3   0 1  0 0  0 1  0 1
   101  -.1755444690948604       3   0 0  1 0  0 1  0 1
   102  -.2818997049674496       3   0 0  0 1  0 1  0 1
   103  0.2319130693719352E-05   3   1 0  0 0  0 0  1 1
   104  0.2883622978332611E-04   3   0 1  0 0  0 0  1 1
   105  -.1753082296214778       3   0 0  1 0  0 0  1 1
   106  -.2815203376299804       3   0 0  0 1  0 0  1 1
   107  -.2326400720667226E-05   3   1 0  0 0  0 0  0 2
   108  -.2920607353797508E-06   3   0 1  0 0  0 0  0 2
   109  0.1754263887522516       3   0 0  1 0  0 0  0 2
   110  0.3143480119890419E-01   3   0 0  0 1  0 0  0 2
   111  -.1494789648546155E-06   3   0 0  0 0  0 3  0 0
   112  -.9272660541893183E-07   3   0 0  0 0  0 2  1 0
   113  -.9284076138445680E-07   3   0 0  0 0  0 1  2 0
   114  -.1491149128964882E-06   3   0 0  0 0  0 0  3 0
   115  0.3632908127182274E-06   3   0 0  0 0  0 2  0 1
   116  0.2541113845051963E-06   3   0 0  0 0  0 1  1 1
   117  0.3626309275601528E-06   3   0 0  0 0  0 0  2 1
   118  -.2539640641728446E-06   3   0 0  0 0  0 1  0 2
   119  -.2536222913041510E-06   3   0 0  0 0  0 0  1 2
   120  0.1171337330729714E-07   3   0 0  0 0  0 0  0 3
   121  0.2041248881177710E-04   4   4 0  0 0  0 0  0 0
   122  0.7136800299742113E-05   4   3 1  0 0  0 0  0 0
   123  -.7976764430251530E-05   4   2 2  0 0  0 0  0 0
   124  0.4373131167820461E-05   4   1 3  0 0  0 0  0 0
   125  -.4842741882913073E-05   4   0 4  0 0  0 0  0 0
   126  0.1762470010932746E-08   4   3 0  1 0  0 0  0 0
   127  -.1734262855609544E-02   4   2 1  1 0  0 0  0 0
   128  -.7990040238489029E-03   4   1 2  1 0  0 0  0 0
   129  -.2875915092959250E-03   4   0 3  1 0  0 0  0 0
   130  0.2718068174935114E-04   4   2 0  2 0  0 0  0 0
   131  -.2278153970384118E-03   4   1 1  2 0  0 0  0 0
   132  -.4289751264222451E-04   4   0 2  2 0  0 0  0 0
   133  0.1537484837316827E-07   4   1 0  3 0  0 0  0 0
   134  -.7582689095406750E-08   4   0 1  3 0  0 0  0 0
   135  -.4593278474713178E-04   4   0 0  4 0  0 0  0 0
   136  -.8671438994048873E-03   4   3 0  0 1  0 0  0 0
   137  -.1211383645675542E-02   4   2 1  0 1  0 0  0 0
   138  -.7045852551268841E-04   4   1 2  0 1  0 0  0 0
   139  -.2763801503370504E-04   4   0 3  0 1  0 0  0 0
   140  -.4021731239524996E-04   4   2 0  1 1  0 0  0 0
   141  -.2211387556943806E-03   4   1 1  1 1  0 0  0 0
   142  0.1458569193365619E-04   4   0 2  1 1  0 0  0 0
   143  -.1802088889261268E-02   4   1 0  2 1  0 0  0 0
   144  -.2433957314367011E-03   4   0 1  2 1  0 0  0 0
   145  -.1854820589500582E-03   4   0 0  3 1  0 0  0 0
   146  0.1899521706226776E-04   4   2 0  0 2  0 0  0 0
   147  -.3927256577221691E-04   4   1 1  0 2  0 0  0 0
   148  -.2546702095327777E-05   4   0 2  0 2  0 0  0 0
   149  -.1047358983687379E-02   4   1 0  1 2  0 0  0 0
   150  -.3527663523250433E-03   4   0 1  1 2  0 0  0 0
   151  -.1270073596223175E-03   4   0 0  2 2  0 0  0 0
   152  -.1665138920292847E-03   4   1 0  0 3  0 0  0 0
   153  -.6057080699818380E-04   4   0 1  0 3  0 0  0 0
   154  -.1363265848082028E-04   4   0 0  1 3  0 0  0 0
   155  0.3486036067661125E-05   4   0 0  0 4  0 0  0 0
   156  -.7182793654183696E-04   4   3 0  0 0  0 1  0 0
   157  -.1722829142910011E-03   4   2 1  0 0  0 1  0 0
   158  -.9194890614688347E-04   4   1 2  0 0  0 1  0 0
   159  0.2775736140623772E-04   4   0 3  0 0  0 1  0 0
   160   1.243033288105182       4   2 0  1 0  0 1  0 0
   161   3.402362056135569       4   1 1  1 0  0 1  0 0
   162  -.4969329137889799E-02   4   0 2  1 0  0 1  0 0
   163  -.7874969134462811E-05   4   1 0  2 0  0 1  0 0
   164  0.1045273043605908E-03   4   0 1  2 0  0 1  0 0
   165   1.743674108244349       4   0 0  3 0  0 1  0 0
   166  0.1883518521839523       4   2 0  0 1  0 1  0 0
   167   1.458044559994333       4   1 1  0 1  0 1  0 0
   168  -.3054519224041315       4   0 2  0 1  0 1  0 0
   169  0.5734058778274562E-04   4   1 0  1 1  0 1  0 0
   170  -.8091181503239820E-04   4   0 1  1 1  0 1  0 0
   171   3.208353294557568       4   0 0  2 1  0 1  0 0
   172  0.2154767155415094E-04   4   1 0  0 2  0 1  0 0
   173  -.1690055790968396E-04   4   0 1  0 2  0 1  0 0
   174   2.401851863382388       4   0 0  1 2  0 1  0 0
   175  0.2414598006689120       4   0 0  0 3  0 1  0 0
   176  -.7173127388997366E-04   4   3 0  0 0  0 0  1 0
   177  -.1720510640643616E-03   4   2 1  0 0  0 0  1 0
   178  -.9182516564239274E-04   4   1 2  0 0  0 0  1 0
   179  0.2772000685741627E-04   4   0 3  0 0  0 0  1 0
   180   1.241360472488211       4   2 0  1 0  0 0  1 0
   181   3.397783317628204       4   1 1  1 0  0 0  1 0
   182  -.4962641648939285E-02   4   0 2  1 0  0 0  1 0
   183  -.7864371372081637E-05   4   1 0  2 0  0 0  1 0
   184  0.1043866364404048E-03   4   0 1  2 0  0 0  1 0
   185   1.741327553805722       4   0 0  3 0  0 0  1 0
   186  0.1880983771380127       4   2 0  0 1  0 0  1 0
   187   1.456082392340758       4   1 1  0 1  0 0  1 0
   188  -.3050408596024108       4   0 2  0 1  0 0  1 0
   189  0.5726342152172082E-04   4   1 0  1 1  0 0  1 0
   190  -.8080292772524948E-04   4   0 1  1 1  0 0  1 0
   191   3.204035643900969       4   0 0  2 1  0 0  1 0
   192  0.2151867371314048E-04   4   1 0  0 2  0 0  1 0
   193  -.1687781393541404E-04   4   0 1  0 2  0 0  1 0
   194   2.398619564342170       4   0 0  1 2  0 0  1 0
   195  0.2411348554491354       4   0 0  0 3  0 0  1 0
   196  0.3122207820634134E-03   4   3 0  0 0  0 0  0 1
   197  0.3443339783553591E-03   4   2 1  0 0  0 0  0 1
   198  0.1229560704019904E-03   4   1 2  0 0  0 0  0 1
   199  -.1339634406697690E-04   4   0 3  0 0  0 0  0 1
   200  -5.864234733435961       4   2 0  1 0  0 0  0 1
   201  -6.800145373763732       4   1 1  1 0  0 0  0 1
   202  -.2353419274349395       4   0 2  1 0  0 0  0 1
   203  -.2761770374030755E-03   4   1 0  2 0  0 0  0 1
   204  -.2089139408012842E-03   4   0 1  2 0  0 0  0 1
   205  -5.826317775077210       4   0 0  3 0  0 0  0 1
   206  -.3764502293219656       4   2 0  0 1  0 0  0 1
   207  -1.886195224940451       4   1 1  0 1  0 0  0 1
   208  0.9226007572139271E-01   4   0 2  0 1  0 0  0 1
   209  -.1146040093050386E-03   4   1 0  1 1  0 0  0 1
   210  0.5981766169195981E-04   4   0 1  1 1  0 0  0 1
   211  -6.412388938454051       4   0 0  2 1  0 0  0 1
   212  -.1721260198236476E-04   4   1 0  0 2  0 0  0 1
   213  0.6142992306797986E-05   4   0 1  0 2  0 0  0 1
   214  -3.067414023186957       4   0 0  1 2  0 0  0 1
   215  -.2559746606314512       4   0 0  0 3  0 0  0 1
   216  0.1220454894195873E-05   4   2 0  0 0  0 2  0 0
   217  0.7448373173826387E-05   4   1 1  0 0  0 2  0 0
   218  -.9088874124497688E-05   4   0 2  0 0  0 2  0 0
   219  0.4175468542525734E-03   4   1 0  1 0  0 2  0 0
   220  -.1985579901266710E-03   4   0 1  1 0  0 2  0 0
   221  0.2946317422036529E-04   4   0 0  2 0  0 2  0 0
   222  0.3060997908962084E-03   4   1 0  0 1  0 2  0 0
   223  -.3054619038746580E-04   4   0 1  0 1  0 2  0 0
   224  0.5906761752428231E-04   4   0 0  1 1  0 2  0 0
   225  0.1272650614542125E-04   4   0 0  0 2  0 2  0 0
   226  -.1879473169119573E-05   4   2 0  0 0  0 1  1 0
   227  0.1267323143204721E-04   4   1 1  0 0  0 1  1 0
   228  -.9790427355007484E-05   4   0 2  0 0  0 1  1 0
   229  0.5040741393043024E-03   4   1 0  1 0  0 1  1 0
   230  -.2302478081833140E-03   4   0 1  1 0  0 1  1 0
   231  0.3330250499221051E-04   4   0 0  2 0  0 1  1 0
   232  0.3121674524112258E-03   4   1 0  0 1  0 1  1 0
   233  -.6341443373816280E-04   4   0 1  0 1  0 1  1 0
   234  0.6194332634284112E-04   4   0 0  1 1  0 1  1 0
   235  0.1387875494056879E-04   4   0 0  0 2  0 1  1 0
   236  0.1220077116724642E-05   4   2 0  0 0  0 0  2 0
   237  0.7429821985442431E-05   4   1 1  0 0  0 0  2 0
   238  -.9070054998181027E-05   4   0 2  0 0  0 0  2 0
   239  0.4166457597641801E-03   4   1 0  1 0  0 0  2 0
   240  -.1981358518167496E-03   4   0 1  1 0  0 0  2 0
   241  0.2940111559821054E-04   4   0 0  2 0  0 0  2 0
   242  0.3054778061008490E-03   4   1 0  0 1  0 0  2 0
   243  -.3046241268588083E-04   4   0 1  0 1  0 0  2 0
   244  0.5894644690374874E-04   4   0 0  1 1  0 0  2 0
   245  0.1270004072607392E-04   4   0 0  0 2  0 0  2 0
   246  -.3855364795896828E-05   4   2 0  0 0  0 1  0 1
   247  -.1304127063659986E-04   4   1 1  0 0  0 1  0 1
   248  0.6270769369134779E-05   4   0 2  0 0  0 1  0 1
   249  -.6695825451815109E-03   4   1 0  1 0  0 1  0 1
   250  0.1455328668366943E-03   4   0 1  1 0  0 1  0 1
   251  -.6036315406284277E-04   4   0 0  2 0  0 1  0 1
   252  -.4108653746589996E-03   4   1 0  0 1  0 1  0 1
   253  -.1913427513838601E-04   4   0 1  0 1  0 1  0 1
   254  -.8290022826823355E-04   4   0 0  1 1  0 1  0 1
   255  -.1539401295198584E-04   4   0 0  0 2  0 1  0 1
   256  -.3850176427651540E-05   4   2 0  0 0  0 0  1 1
   257  -.1302372030919092E-04   4   1 1  0 0  0 0  1 1
   258  0.6262330463248937E-05   4   0 2  0 0  0 0  1 1
   259  -.6686814525485369E-03   4   1 0  1 0  0 0  1 1
   260  0.1453370155632317E-03   4   0 1  1 0  0 0  1 1
   261  -.6028192017492196E-04   4   0 0  2 0  0 0  1 1
   262  -.4103124514011977E-03   4   1 0  0 1  0 0  1 1
   263  -.1910852513267199E-04   4   0 1  0 1  0 0  1 1
   264  -.8278866504798262E-04   4   0 0  1 1  0 0  1 1
   265  -.1537329641484973E-04   4   0 0  0 2  0 0  1 1
   266  0.7144482950870757E-05   4   2 0  0 0  0 0  0 2
   267  0.7536911783506581E-05   4   1 1  0 0  0 0  0 2
   268  0.1347549259796403E-05   4   0 2  0 0  0 0  0 2
   269  -.2755590563524426E-08   4   1 0  1 0  0 0  0 2
   270  -.7522144983120896E-09   4   0 1  1 0  0 0  0 2
   271  0.2847827836137980E-04   4   0 0  2 0  0 0  0 2
   272  0.4500727597538020E-04   4   1 0  0 1  0 0  0 2
   273  0.6078473091881149E-05   4   0 1  0 1  0 0  0 2
   274  0.2137666925687169E-04   4   0 0  1 1  0 0  0 2
   275  0.3007816868222037E-05   4   0 0  0 2  0 0  0 2
   276  0.7758872556859731E-06   4   1 0  0 0  0 3  0 0
   277  0.1798063998434822E-04   4   0 1  0 0  0 3  0 0
   278  -.5525801863988057E-01   4   0 0  1 0  0 3  0 0
   279  -.1683862045184244       4   0 0  0 1  0 3  0 0
   280  0.7802515803526008E-06   4   1 0  0 0  0 2  1 0
   281  0.1093519295831154E-04   4   0 1  0 0  0 2  1 0
   282  -.3574717231910168E-01   4   0 0  1 0  0 2  1 0
   283  -.1138751094585022       4   0 0  0 1  0 2  1 0
   284  0.7802406626277999E-06   4   1 0  0 0  0 1  2 0
   285  0.1094936625838246E-04   4   0 1  0 0  0 1  2 0
   286  -.3578640737269068E-01   4   0 0  1 0  0 1  2 0
   287  -.1139846897186246       4   0 0  0 1  0 1  2 0
   288  0.7737967214988837E-06   4   1 0  0 0  0 0  3 0
   289  0.1793699562785159E-04   4   0 1  0 0  0 0  3 0
   290  -.5512245219140372E-01   4   0 0  1 0  0 0  3 0
   291  -.1679697746352463       4   0 0  0 1  0 0  3 0
   292  -.2328865634558640E-05   4   1 0  0 0  0 2  0 1
   293  -.2187007667385691E-04   4   0 1  0 0  0 2  0 1
   294  0.1365011513463524       4   0 0  1 0  0 2  0 1
   295  0.2277135966820187       4   0 0  0 1  0 2  0 1
   296  -.2335453396931384E-05   4   1 0  0 0  0 1  1 1
   297  -.1488386656643851E-04   4   0 1  0 0  0 1  1 1
   298  0.9756260099189050E-01   4   0 0  1 0  0 1  1 1
   299  0.1736728200835678       4   0 0  0 1  0 1  1 1
   300  -.2324160085370141E-05   4   1 0  0 0  0 0  2 1
   301  -.2183062995228293E-04   4   0 1  0 0  0 0  2 1
   302  0.1362518069547561       4   0 0  1 0  0 0  2 1
   303  0.2272902901072147       4   0 0  0 1  0 0  2 1
   304  0.2330432518874793E-05   4   1 0  0 0  0 1  0 2
   305  0.4386882052372559E-06   4   0 1  0 0  0 1  0 2
   306  -.9751017881495717E-01   4   0 0  1 0  0 1  0 2
   307  -.3265028469228227E-01   4   0 0  0 1  0 1  0 2
   308  0.2327296332619940E-05   4   1 0  0 0  0 0  1 2
   309  0.4380978393251122E-06   4   0 1  0 0  0 0  1 2
   310  -.9737895421179758E-01   4   0 0  1 0  0 0  1 2
   311  -.3260634547789530E-01   4   0 0  0 1  0 0  1 2
   312  -.7771093769387497E-06   4   1 0  0 0  0 0  0 3
   313  -.9755485792328967E-07   4   0 1  0 0  0 0  0 3
   314  0.6487581424831937E-02   4   0 0  1 0  0 0  0 3
   315  0.7956759241216651E-03   4   0 0  0 1  0 0  0 3
   316  -.1153345192316842E-05   4   0 0  0 0  0 4  0 0
   317  -.7119825606433641E-06   4   0 0  0 0  0 3  1 0
   318  -.6527364581901230E-06   4   0 0  0 0  0 2  2 0
   319  -.7132453990621776E-06   4   0 0  0 0  0 1  3 0
   320  -.1149763867078749E-05   4   0 0  0 0  0 0  4 0
   321  0.1384833283395329E-05   4   0 0  0 0  0 3  0 1
   322  0.9273102092727389E-06   4   0 0  0 0  0 2  1 1
   323  0.9282300167539825E-06   4   0 0  0 0  0 1  2 1
   324  0.1381414694545551E-05   4   0 0  0 0  0 0  3 1
   325  -.7512579628965412E-07   4   0 0  0 0  0 2  0 2
   326  -.8936190873241688E-07   4   0 0  0 0  0 1  1 2
   327  -.7496456601090312E-07   4   0 0  0 0  0 0  2 2
   328  -.6318548370891009E-09   4   0 0  0 0  0 1  0 3
   329  -.6310045166276351E-09   4   0 0  0 0  0 0  1 3
   ----------------------------------------------------
     I  COEFFICIENT            ORDER EXPONENTS
     1  0.5254788019793145E-08   0   0 0  0 0  0 0  0 0
     2  -.8171275377687240E-05   1   1 0  0 0  0 0  0 0
     3  0.4431554409348409E-05   1   0 1  0 0  0 0  0 0
     4  -.1300880187104440E-05   1   0 0  1 0  0 0  0 0
     5  -.1358698212488764E-05   1   0 0  0 1  0 0  0 0
     6   1.000000000000000       1   0 0  0 0  1 0  0 0
     7  0.1649722366003456       1   0 0  0 0  0 1  0 0
     8  -.1649722362858782       1   0 0  0 0  0 0  1 0
     9  -.3144682970184302E-09   1   0 0  0 0  0 0  0 1
    10  -.1169394525658662       2   2 0  0 0  0 0  0 0
    11  0.1656729689550850       2   1 1  0 0  0 0  0 0
    12  -.1141483455403698       2   0 2  0 0  0 0  0 0
    13  0.5754096385135311E-05   2   1 0  1 0  0 0  0 0
    14  0.3352848988572944E-04   2   0 1  1 0  0 0  0 0
    15  -.1614915366843040       2   0 0  2 0  0 0  0 0
    16  0.3352868476640739E-04   2   1 0  0 1  0 0  0 0
    17  0.1668748395444011E-04   2   0 1  0 1  0 0  0 0
    18  -.3535149984182346       2   0 0  1 1  0 0  0 0
    19  -.2433517403945434       2   0 0  0 2  0 0  0 0
    20  0.1183907826446683E-04   2   1 0  0 0  0 1  0 0
    21  -.5480320205279530E-05   2   0 1  0 0  0 1  0 0
    22  0.2045997287330241E-05   2   0 0  1 0  0 1  0 0
    23  0.2257641693393855E-05   2   0 0  0 1  0 1  0 0
    24  0.3673846220199186E-05   2   1 0  0 0  0 0  1 0
    25  -.1053307550681953E-05   2   0 1  0 0  0 0  1 0
    26  0.7458627867441905E-06   2   0 0  1 0  0 0  1 0
    27  0.8995600633363084E-06   2   0 0  0 1  0 0  1 0
    28  -.1551291717364389E-04   2   1 0  0 0  0 0  0 1
    29  0.2102062609318379E-05   2   0 1  0 0  0 0  0 1
    30  -.2791860501778689E-05   2   0 0  1 0  0 0  0 1
    31  -.1798504820495036E-05   2   0 0  0 1  0 0  0 1
    32  -.1238124880720188       2   0 0  0 0  0 2  0 0
    33  0.8265273907854197E-01   2   0 0  0 0  0 1  1 0
    34  0.4115974852821730E-01   2   0 0  0 0  0 0  2 0
    35  0.4651471680871582E-09   2   0 0  0 0  0 1  0 1
    36  0.1508987216409733E-09   2   0 0  0 0  0 0  1 1
    37  -.1507889922634837E-09   2   0 0  0 0  0 0  0 2
    38  0.2705280822489185E-04   3   3 0  0 0  0 0  0 0
    39  -.1124150354648888E-03   3   2 1  0 0  0 0  0 0
    40  -.2576454097079092E-04   3   1 2  0 0  0 0  0 0
    41  0.8874682297769185E-05   3   0 3  0 0  0 0  0 0
    42  -.1221897970897014E-04   3   2 0  1 0  0 0  0 0
    43  -.1118138471220302E-04   3   1 1  1 0  0 0  0 0
    44  0.1775573709406679E-05   3   0 2  1 0  0 0  0 0
    45  0.3044011997738568E-04   3   1 0  2 0  0 0  0 0
    46  0.1981685846864538E-04   3   0 1  2 0  0 0  0 0
    47  -.4858036047621065E-05   3   0 0  3 0  0 0  0 0
    48  -.1458840483695828E-04   3   2 0  0 1  0 0  0 0
    49  0.8795823318528076E-06   3   1 1  0 1  0 0  0 0
    50  0.9983331555202336E-07   3   0 2  0 1  0 0  0 0
    51  0.1538316664834591E-03   3   1 0  1 1  0 0  0 0
    52  -.4180692469906757E-04   3   0 1  1 1  0 0  0 0
    53  -.1802917920205530E-04   3   0 0  2 1  0 0  0 0
    54  -.6318663351142015E-04   3   1 0  0 2  0 0  0 0
    55  -.2343212727443709E-04   3   0 1  0 2  0 0  0 0
    56  -.2209413444108215E-04   3   0 0  1 2  0 0  0 0
    57  -.6115297754427734E-05   3   0 0  0 3  0 0  0 0
    58  0.1657801059950739       3   2 0  0 0  0 1  0 0
    59  -.2113801577029686       3   1 1  0 0  0 1  0 0
    60  0.1512609086641825       3   0 2  0 0  0 1  0 0
    61  -.1152788327283260E-04   3   1 0  1 0  0 1  0 0
    62  -.5164181398227811E-04   3   0 1  1 0  0 1  0 0
    63  0.2550221308821174       3   0 0  2 0  0 1  0 0
    64  -.5163733568918895E-04   3   1 0  0 1  0 1  0 0
    65  -.3366588550690571E-04   3   0 1  0 1  0 1  0 0
    66  0.5882467704364076       3   0 0  1 1  0 1  0 0
    67  0.4118720495820328       3   0 0  0 2  0 1  0 0
    68  0.4893208540169057E-01   3   2 0  0 0  0 0  1 0
    69  -.4586836147910545E-01   3   1 1  0 0  0 0  1 0
    70  0.3721604065729110E-01   3   0 2  0 0  0 0  1 0
    71  -.5772935691735907E-05   3   1 0  1 0  0 0  1 0
    72  -.1813295535515540E-04   3   0 1  1 0  0 0  1 0
    73  0.9362174638390028E-01   3   0 0  2 0  0 0  1 0
    74  -.1813000426674303E-04   3   1 0  0 1  0 0  1 0
    75  -.1697555014197271E-04   3   0 1  0 1  0 0  1 0
    76  0.2348909926465644       3   0 0  1 1  0 0  1 0
    77  0.1686205836963264       3   0 0  0 2  0 0  1 0
    78  -.2147121909415382       3   2 0  0 0  0 0  0 1
    79  0.9157563571991702E-01   3   1 1  0 0  0 0  0 1
    80  0.3981968554772612E-01   3   0 2  0 0  0 0  0 1
    81  0.1729961292480601E-04   3   1 0  1 0  0 0  0 1
    82  0.3624282589013080E-04   3   0 1  1 0  0 0  0 1
    83  -.3486438494729709       3   0 0  2 0  0 0  0 1
    84  0.3624076789621779E-04   3   1 0  0 1  0 0  0 1
    85  0.1725690106456829E-04   3   0 1  0 1  0 0  0 1
    86  -.4696227924550498       3   0 0  1 1  0 0  0 1
    87  -.9378919385742535E-01   3   0 0  0 2  0 0  0 1
    88  -.1439045821181647E-04   3   1 0  0 0  0 2  0 0
    89  0.5722241070004098E-05   3   0 1  0 0  0 2  0 0
    90  -.2647618431523922E-05   3   0 0  1 0  0 2  0 0
    91  -.3049753163103151E-05   3   0 0  0 1  0 2  0 0
    92  -.5105788626198340E-05   3   1 0  0 0  0 1  1 0
    93  0.4860332918073701E-06   3   0 1  0 0  0 1  1 0
    94  -.1203630361345594E-05   3   0 0  1 0  0 1  1 0
    95  -.1584511395353286E-05   3   0 0  0 1  0 1  1 0
    96  -.2557410779832176E-05   3   1 0  0 0  0 0  2 0
    97  0.2463714580233556E-06   3   0 1  0 0  0 0  2 0
    98  -.6023793252467956E-06   3   0 0  1 0  0 0  2 0
    99  -.7927056706075431E-06   3   0 0  0 1  0 0  2 0
   100  0.2204764979058758E-04   3   1 0  0 0  0 1  0 1
   101  -.9699066039635793E-06   3   0 1  0 0  0 1  0 1
   102  0.4452869243056944E-05   3   0 0  1 0  0 1  0 1
   103  0.3168731275384130E-05   3   0 0  0 1  0 1  0 1
   104  0.6546786939911775E-05   3   1 0  0 0  0 0  1 1
   105  0.1127807353308682E-05   3   0 1  0 0  0 0  1 1
   106  0.1662525532080835E-05   3   0 0  1 0  0 0  1 1
   107  0.1370799554545716E-05   3   0 0  0 1  0 0  1 1
   108  -.6540762798945700E-05   3   1 0  0 0  0 0  0 2
   109  -.2181015634432679E-05   3   0 1  0 0  0 0  0 2
   110  -.1661767222993846E-05   3   0 0  1 0  0 0  0 2
   111  -.4712607409173885E-06   3   0 0  0 1  0 0  0 2
   112  0.1031909945898576       3   0 0  0 0  0 3  0 0
   113  -.6194804316109762E-01   3   0 0  0 0  0 2  1 0
   114  -.2070470197891897E-01   3   0 0  0 0  0 1  2 0
   115  -.2053826705021114E-01   3   0 0  0 0  0 0  3 0
   116  -.1994624976787812E-08   3   0 0  0 0  0 2  0 1
   117  -.1201212595035769E-08   3   0 0  0 0  0 1  1 1
   118  -.6007342238327082E-09   3   0 0  0 0  0 0  2 1
   119  0.2136601617666559E-09   3   0 0  0 0  0 1  0 2
   120  0.6119993112501598E-10   3   0 0  0 0  0 0  1 2
   121  0.8628150881915433E-11   3   0 0  0 0  0 0  0 3
   122  -.2579032406032624       4   4 0  0 0  0 0  0 0
   123  -.1432912476787782       4   3 1  0 0  0 0  0 0
   124  -.1045078173322284       4   2 2  0 0  0 0  0 0
   125  0.1470881999292697       4   1 3  0 0  0 0  0 0
   126  -.4218243941381661E-01   4   0 4  0 0  0 0  0 0
   127  0.1047319949250518E-03   4   3 0  1 0  0 0  0 0
   128  0.3624626613990237E-04   4   2 1  1 0  0 0  0 0
   129  -.6901829683327702E-04   4   1 2  1 0  0 0  0 0
   130  0.2698402665513198E-04   4   0 3  1 0  0 0  0 0
   131  -1.326663553300597       4   2 0  2 0  0 0  0 0
   132  0.7015367979843723E-01   4   1 1  2 0  0 0  0 0
   133  0.9830122921746930E-01   4   0 2  2 0  0 0  0 0
   134  -.6059974014191638E-04   4   1 0  3 0  0 0  0 0
   135  0.1022087876742165E-03   4   0 1  3 0  0 0  0 0
   136  -.4287738304504051       4   0 0  4 0  0 0  0 0
   137  0.6383638708252657E-04   4   3 0  0 1  0 0  0 0
   138  0.5037732637002476E-04   4   2 1  0 1  0 0  0 0
   139  0.1335271117993105E-04   4   1 2  0 1  0 0  0 0
   140  0.2275700980987177E-04   4   0 3  0 1  0 0  0 0
   141  -1.131725160767449       4   2 0  1 1  0 0  0 0
   142  0.6629685452719241       4   1 1  1 1  0 0  0 0
   143  -.2707552139066783       4   0 2  1 1  0 0  0 0
   144  0.1513766231996900E-03   4   1 0  2 1  0 0  0 0
   145  0.3293788070732886E-03   4   0 1  2 1  0 0  0 0
   146  -1.512486986044730       4   0 0  3 1  0 0  0 0
   147  -.8261298370796104       4   2 0  0 2  0 0  0 0
   148  0.2525656274626611       4   1 1  0 2  0 0  0 0
   149  -.2605430302350968       4   0 2  0 2  0 0  0 0
   150  0.2099653608233732E-03   4   1 0  1 2  0 0  0 0
   151  0.2149319259608486E-03   4   0 1  1 2  0 0  0 0
   152  -2.120319160574861       4   0 0  2 2  0 0  0 0
   153  0.9416742068497729E-04   4   1 0  0 3  0 0  0 0
   154  0.5835432216700000E-04   4   0 1  0 3  0 0  0 0
   155  -1.205671171904432       4   0 0  1 3  0 0  0 0
   156  -.3561547956243746       4   0 0  0 4  0 0  0 0
   157  -.7980369646294611E-04   4   3 0  0 0  0 1  0 0
   158  0.9180391917063839E-04   4   2 1  0 0  0 1  0 0
   159  0.2973937620262138E-03   4   1 2  0 0  0 1  0 0
   160  -.8414255700156670E-04   4   0 3  0 0  0 1  0 0
   161  0.2702108461242773E-05   4   2 0  1 0  0 1  0 0
   162  0.3332156038959856E-05   4   1 1  1 0  0 1  0 0
   163  -.1001257141583303E-04   4   0 2  1 0  0 1  0 0
   164  -.3117159124643437E-03   4   1 0  2 0  0 1  0 0
   165  0.1455712275839164E-03   4   0 1  2 0  0 1  0 0
   166  -.3757526272942217E-04   4   0 0  3 0  0 1  0 0
   167  -.5242404759063754E-05   4   2 0  0 1  0 1  0 0
   168  -.5211073173759929E-05   4   1 1  0 1  0 1  0 0
   169  -.1267445462066649E-04   4   0 2  0 1  0 1  0 0
   170  -.3192707799421623E-03   4   1 0  1 1  0 1  0 0
   171  -.1037138283463798E-03   4   0 1  1 1  0 1  0 0
   172  -.7313583628728591E-04   4   0 0  2 1  0 1  0 0
   173  0.1921584616908792E-03   4   1 0  0 2  0 1  0 0
   174  -.1388775798372235E-03   4   0 1  0 2  0 1  0 0
   175  -.3520212347679523E-04   4   0 0  1 2  0 1  0 0
   176  -.1267307303420228E-04   4   0 0  0 3  0 1  0 0
   177  -.1207527890841204E-04   4   3 0  0 0  0 0  1 0
   178  -.6640555334381579E-05   4   2 1  0 0  0 0  1 0
   179  0.1622502287925150E-03   4   1 2  0 0  0 0  1 0
   180  -.4647766661002724E-04   4   0 3  0 0  0 0  1 0
   181  0.1684948982953238E-05   4   2 0  1 0  0 0  1 0
   182  -.1364737962991589E-05   4   1 1  1 0  0 0  1 0
   183  -.5709686399521613E-05   4   0 2  1 0  0 0  1 0
   184  -.1577273781248622E-03   4   1 0  2 0  0 0  1 0
   185  0.7118002229068021E-04   4   0 1  2 0  0 0  1 0
   186  -.2038917479595915E-04   4   0 0  3 0  0 0  1 0
   187  -.3489796088517326E-05   4   2 0  0 1  0 0  1 0
   188  -.2132293871065902E-05   4   1 1  0 1  0 0  1 0
   189  -.7665725357427726E-05   4   0 2  0 1  0 0  1 0
   190  -.1117733382321302E-03   4   1 0  1 1  0 0  1 0
   191  -.7944233442403716E-04   4   0 1  1 1  0 0  1 0
   192  -.4025561922649465E-04   4   0 0  2 1  0 0  1 0
   193  0.1080492510436359E-03   4   1 0  0 2  0 0  1 0
   194  -.8440064287048638E-04   4   0 1  0 2  0 0  1 0
   195  -.2116683493223992E-04   4   0 0  1 2  0 0  1 0
   196  -.7486335977176486E-05   4   0 0  0 3  0 0  1 0
   197  0.5008716053845594E-04   4   3 0  0 0  0 0  0 1
   198  0.1421665239892563E-04   4   2 1  0 0  0 0  0 1
   199  -.7679178517013379E-04   4   1 2  0 0  0 0  0 1
   200  -.2547954646785995E-04   4   0 3  0 0  0 0  0 1
   201  -.1159963529635988E-04   4   2 0  1 0  0 0  0 1
   202  0.2384776342435875E-05   4   1 1  1 0  0 0  0 1
   203  0.4962478842793986E-05   4   0 2  1 0  0 0  0 1
   204  0.3399155062220846E-03   4   1 0  2 0  0 0  0 1
   205  -.3378139952252629E-04   4   0 1  2 0  0 0  0 1
   206  0.4030755955643131E-04   4   0 0  3 0  0 0  0 1
   207  -.6384335830090638E-05   4   2 0  0 1  0 0  0 1
   208  0.5118861794215019E-05   4   1 1  0 1  0 0  0 1
   209  0.1377316525590049E-05   4   0 2  0 1  0 0  0 1
   210  0.1986156523886308E-03   4   1 0  1 1  0 0  0 1
   211  0.4930316431481677E-04   4   0 1  1 1  0 0  0 1
   212  0.4707564024739380E-04   4   0 0  2 1  0 0  0 1
   213  -.1070399965679321E-03   4   1 0  0 2  0 0  0 1
   214  -.1202374800388893E-04   4   0 1  0 2  0 0  0 1
   215  0.1249891530977700E-04   4   0 0  1 2  0 0  0 1
   216  -.2611100450546961E-06   4   0 0  0 3  0 0  0 1
   217  -.1979868865917314       4   2 0  0 0  0 2  0 0
   218  0.2293614636449315       4   1 1  0 0  0 2  0 0
   219  -.1717507884361748       4   0 2  0 0  0 2  0 0
   220  0.1731885932343865E-04   4   1 0  1 0  0 2  0 0
   221  0.6624621025182432E-04   4   0 1  1 0  0 2  0 0
   222  -.3320566143330654       4   0 0  2 0  0 2  0 0
   223  0.6624573561745637E-04   4   1 0  0 1  0 2  0 0
   224  0.5091981737476832E-04   4   0 1  0 1  0 2  0 0
   225  -.7964357007359089       4   0 0  1 1  0 2  0 0
   226  -.5659764101109837       4   0 0  0 2  0 2  0 0
   227  -.6445857728251547E-01   4   2 0  0 0  0 1  1 0
   228  0.3603760914729594E-01   4   1 1  0 0  0 1  1 0
   229  -.4102475108064016E-01   4   0 2  0 0  0 1  1 0
   230  0.1158136813787683E-04   4   1 0  1 0  0 1  1 0
   231  0.2921994152545320E-04   4   0 1  1 0  0 1  1 0
   232  -.1541136588103547       4   0 0  2 0  0 1  1 0
   233  0.2922377863389952E-04   4   1 0  0 1  0 1  1 0
   234  0.3451113322433360E-04   4   0 1  0 1  0 1  1 0
   235  -.4164497407245840       4   0 0  1 1  0 1  1 0
   236  -.3082477805151133       4   0 0  0 2  0 1  1 0
   237  -.3229727139239719E-01   4   2 0  0 0  0 0  2 0
   238  0.1813655755968253E-01   4   1 1  0 0  0 0  2 0
   239  -.2058637879953436E-01   4   0 2  0 0  0 0  2 0
   240  0.5791501515673677E-05   4   1 0  1 0  0 0  2 0
   241  0.1462536442952573E-04   4   0 1  1 0  0 0  2 0
   242  -.7712440289397379E-01   4   0 0  2 0  0 0  2 0
   243  0.1462743525926910E-04   4   1 0  0 1  0 0  2 0
   244  0.1725528341706066E-04   4   0 1  0 1  0 0  2 0
   245  -.2083397076166849       4   0 0  1 1  0 0  2 0
   246  -.1541930864453060       4   0 0  0 2  0 0  2 0
   247  0.2946522431461446       4   2 0  0 0  0 1  0 1
   248  -.7200003863136464E-01   4   1 1  0 0  0 1  0 1
   249  -.6925651202060504E-01   4   0 2  0 0  0 1  0 1
   250  -.3468975004539007E-04   4   1 0  1 0  0 1  0 1
   251  -.5843448622928248E-04   4   0 1  1 0  0 1  0 1
   252  0.5632048501017177       4   0 0  2 0  0 1  0 1
   253  -.5843268856237672E-04   4   1 0  0 1  0 1  0 1
   254  -.3536955857335467E-04   4   0 1  0 1  0 1  0 1
   255  0.8328276182979738       4   0 0  1 1  0 1  0 1
   256  0.2045844023162685       4   0 0  0 2  0 1  0 1
   257  0.8012103334264448E-01   4   2 0  0 0  0 0  1 1
   258  0.1942618084594191E-01   4   1 1  0 0  0 0  1 1
   259  -.2945072711982175E-01   4   0 2  0 0  0 0  1 1
   260  -.1738998396690361E-04   4   1 0  1 0  0 0  1 1
   261  -.2221050409794190E-04   4   0 1  1 0  0 0  1 1
   262  0.2147408115958470       4   0 0  2 0  0 0  1 1
   263  -.2221076130878925E-04   4   1 0  0 1  0 0  1 1
   264  -.1811147461896911E-04   4   0 1  0 1  0 0  1 1
   265  0.3633471876163353       4   0 0  1 1  0 0  1 1
   266  0.1107721527088589       4   0 0  0 2  0 0  1 1
   267  -.8003053708075843E-01   4   2 0  0 0  0 0  0 2
   268  -.6528873010532668E-01   4   1 1  0 0  0 0  0 2
   269  -.1037592031060436E-01   4   0 2  0 0  0 0  0 2
   270  0.1738851323329080E-04   4   1 0  1 0  0 0  0 2
   271  0.4080138073639039E-05   4   0 1  1 0  0 0  0 2
   272  -.2146509405088216       4   0 0  2 0  0 0  0 2
   273  0.4079169386010454E-05   4   1 0  0 1  0 0  0 2
   274  0.8547854469115317E-06   4   0 1  0 1  0 0  0 2
   275  -.1284646337809320       4   0 0  1 1  0 0  0 2
   276  -.1699449448716146E-01   4   0 0  0 2  0 0  0 2
   277  0.7441316266280780E-04   4   1 0  0 0  0 3  0 0
   278  -.8019821400640292E-04   4   0 1  0 0  0 3  0 0
   279  -.2193101500029643E-05   4   0 0  1 0  0 3  0 0
   280  -.4528562956623862E-05   4   0 0  0 1  0 3  0 0
   281  0.2679541312317852E-04   4   1 0  0 0  0 2  1 0
   282  -.2684715071806904E-04   4   0 1  0 0  0 2  1 0
   283  -.9053204969381718E-06   4   0 0  1 0  0 2  1 0
   284  -.1677167172925297E-05   4   0 0  0 1  0 2  1 0
   285  0.1528873252748228E-04   4   1 0  0 0  0 1  2 0
   286  -.1498419402258314E-04   4   0 1  0 0  0 1  2 0
   287  -.5350490814550731E-06   4   0 0  1 0  0 1  2 0
   288  -.9570300316080575E-06   4   0 0  0 1  0 1  2 0
   289  0.8959492414712599E-05   4   1 0  0 0  0 0  3 0
   290  -.8980807255971437E-05   4   0 1  0 0  0 0  3 0
   291  -.3024807838099312E-06   4   0 0  1 0  0 0  3 0
   292  -.5607019697913613E-06   4   0 0  0 1  0 0  3 0
   293  -.6846961440594028E-04   4   1 0  0 0  0 2  0 1
   294  -.1822484379404346E-04   4   0 1  0 0  0 2  0 1
   295  -.4427793761309453E-06   4   0 0  1 0  0 2  0 1
   296  -.2470778886782348E-05   4   0 0  0 1  0 2  0 1
   297  -.2035597624432570E-04   4   1 0  0 0  0 1  1 1
   298  -.1308885625483595E-04   4   0 1  0 0  0 1  1 1
   299  -.3820380160203556E-06   4   0 0  1 0  0 1  1 1
   300  -.1570537103713784E-05   4   0 0  0 1  0 1  1 1
   301  -.1020345214273042E-04   4   1 0  0 0  0 0  2 1
   302  -.6543463888329161E-05   4   0 1  0 0  0 0  2 1
   303  -.1909308912229409E-06   4   0 0  1 0  0 0  2 1
   304  -.7853436487329554E-06   4   0 0  0 1  0 0  2 1
   305  0.2609244641312251E-05   4   1 0  0 0  0 1  0 2
   306  0.3216920612998948E-05   4   0 1  0 0  0 1  0 2
   307  0.2162325333548551E-05   4   0 0  1 0  0 1  0 2
   308  0.9153839900113042E-06   4   0 0  0 1  0 1  0 2
   309  -.1010049301433381E-05   4   1 0  0 0  0 0  1 2
   310  0.1446845348956061E-05   4   0 1  0 0  0 0  1 2
   311  0.8692676108597608E-06   4   0 0  1 0  0 0  1 2
   312  0.5010544381245058E-06   4   0 0  0 1  0 0  1 2
   313  0.8320876433739158E-06   4   1 0  0 0  0 0  0 3
   314  0.1872027213558346E-06   4   0 1  0 0  0 0  0 3
   315  -.1970568133190591E-06   4   0 0  1 0  0 0  0 3
   316  -.4418549747682156E-07   4   0 0  0 1  0 0  0 3
   317  -.9029734973537457E-01   4   0 0  0 0  0 4  0 0
   318  0.5161636540914603E-01   4   0 0  0 0  0 3  1 0
   319  0.1549748893174710E-01   4   0 0  0 0  0 2  2 0
   320  0.1037303430922004E-01   4   0 0  0 0  0 1  3 0
   321  0.1281043719938415E-01   4   0 0  0 0  0 0  4 0
   322  0.4282393024495176E-09   4   0 0  0 0  0 3  0 1
   323  -.1401452637122639E-08   4   0 0  0 0  0 2  1 1
   324  -.1014463679320360E-08   4   0 0  0 0  0 1  2 1
   325  -.5755610512143205E-09   4   0 0  0 0  0 0  3 1
   326  -.2368745226995894E-09   4   0 0  0 0  0 2  0 2
   327  -.6099059968959947E-10   4   0 0  0 0  0 1  1 2
   328  -.2116302523393434E-10   4   0 0  0 0  0 0  2 2
   329  -.1580661930217290E-10   4   0 0  0 0  0 1  0 3
   330  -.7180403708574000E-11   4   0 0  0 0  0 0  1 3
   331  -.1249246893849292E-13   4   0 0  0 0  0 0  0 4
   ----------------------------------------------------
     I  COEFFICIENT            ORDER EXPONENTS
     1   1.000000000000000       1   0 0  0 0  0 1  0 0
     --------------------------------------------------
     I  COEFFICIENT            ORDER EXPONENTS
     1   1.000000000000000       1   0 0  0 0  0 0  1 0
     --------------------------------------------------
     I  COEFFICIENT            ORDER EXPONENTS
     1   1.000000000000000       1   0 0  0 0  0 0  0 1
     --------------------------------------------------
