 L    0.6839345000000000E+00
 P (  0.0000000000000000E+00,  0.0000000000000000E+00,  0.2904825000000000E+00)
 A (  0.0000000000000000E+00,  0.0000000000000000E+00,  0.0000000000000000E+00)
     I  COEFFICIENT            ORDER EXPONENTS
     1  -.4651176612041612E-04   0   0 0  0 0  0 0  0 0
     2  0.6692265826995129       1   1 0  0 0  0 0  0 0
     3  0.6102279097132660       1   0 1  0 0  0 0  0 0
     4  -.4550134735914292E-04   1   0 0  1 0  0 0  0 0
     5  -.9999055333072224E-05   1   0 0  0 1  0 0  0 0
     6  -.7500610652692119E-05   1   0 0  0 0  0 1  0 0
     7  -.7490516684367213E-05   1   0 0  0 0  0 0  1 0
     8  0.1499112733716096E-04   1   0 0  0 0  0 0  0 1
     9  -.6696676291382356E-04   2   2 0  0 0  0 0  0 0
    10  0.4322843949815179E-04   2   1 1  0 0  0 0  0 0
    11  0.2973746408410468E-04   2   0 2  0 0  0 0  0 0
    12  -.5820255132473001E-04   2   1 0  1 0  0 0  0 0
    13  0.4331158594080225E-04   2   0 1  1 0  0 0  0 0
    14  0.8707434121396392E-04   2   0 0  2 0  0 0  0 0
    15  0.3032303450250920E-04   2   1 0  0 1  0 0  0 0
    16  0.1306706179634316E-04   2   0 1  0 1  0 0  0 0
    17  -.8964172000501746E-05   2   0 0  1 1  0 0  0 0
    18  0.9589894399637457E-05   2   0 0  0 2  0 0  0 0
    19  0.1594337057166736       2   1 0  0 0  0 1  0 0
    20  -.2693262080793903       2   0 1  0 0  0 1  0 0
    21  0.2280204079170719E-04   2   0 0  1 0  0 1  0 0
    22  0.1001738731255393E-04   2   0 0  0 1  0 1  0 0
    23  0.1592191473493705       2   1 0  0 0  0 0  1 0
    24  -.2689637615614617       2   0 1  0 0  0 0  1 0
    25  0.2277135487983267E-04   2   0 0  1 0  0 0  1 0
    26  0.1000390638481182E-04   2   0 0  0 1  0 0  1 0
    27  -.3186528530660439       2   1 0  0 0  0 0  0 1
    28  -.7193794007241402E-01   2   0 1  0 0  0 0  0 1
    29  -.4557339567153982E-04   2   0 0  1 0  0 0  0 1
    30  -.1002223836429352E-04   2   0 0  0 1  0 0  0 1
    31  0.5532710948009150E-05   2   0 0  0 0  0 2  0 0
    32  0.3570092618333489E-05   2   0 0  0 0  0 1  1 0
    33  0.5522863055221499E-05   2   0 0  0 0  0 0  2 0
    34  -.7134896677021282E-05   2   0 0  0 0  0 1  0 1
    35  -.7125294869329382E-05   2   0 0  0 0  0 0  1 1
    36  -.3654668324575173E-06   2   0 0  0 0  0 0  0 2
    37  -.1410251598080644       3   3 0  0 0  0 0  0 0
    38  -.1761048640040038       3   2 1  0 0  0 0  0 0
    39  -.3934529275498397       3   1 2  0 0  0 0  0 0
    40  0.2197600022287111       3   0 3  0 0  0 0  0 0
    41  0.9259653539957994E-04   3   2 0  1 0  0 0  0 0
    42  0.1101765803304821E-03   3   1 1  1 0  0 0  0 0
    43  -.4682454150286820E-04   3   0 2  1 0  0 0  0 0
    44  -.6801936585369595       3   1 0  2 0  0 0  0 0
    45  -.4187559790217200       3   0 1  2 0  0 0  0 0
    46  -.4395822819507148E-04   3   0 0  3 0  0 0  0 0
    47  0.2026803414572748E-05   3   2 0  0 1  0 0  0 0
    48  0.1665513585205666E-04   3   1 1  0 1  0 0  0 0
    49  -.1667196810797044E-04   3   0 2  0 1  0 0  0 0
    50  -.6235130742203412       3   1 0  1 1  0 0  0 0
    51  0.4366191865575736E-01   3   0 1  1 1  0 0  0 0
    52  -.1188718141335419E-03   3   0 0  2 1  0 0  0 0
    53  -.4217515480310781       3   1 0  0 2  0 0  0 0
    54  0.2592660943231688       3   0 1  0 2  0 0  0 0
    55  -.7266025480636943E-04   3   0 0  1 2  0 0  0 0
    56  -.1629290797877831E-04   3   0 0  0 3  0 0  0 0
    57  0.2238209809206674E-04   3   2 0  0 0  0 1  0 0
    58  -.3221602323310817E-04   3   1 1  0 0  0 1  0 0
    59  -.4135768247024670E-04   3   0 2  0 0  0 1  0 0
    60  0.7613846022415064E-05   3   1 0  1 0  0 1  0 0
    61  -.4669271314073828E-04   3   0 1  1 0  0 1  0 0
    62  -.4963327524933903E-04   3   0 0  2 0  0 1  0 0
    63  -.3613407226264514E-04   3   1 0  0 1  0 1  0 0
    64  -.2096102500101654E-04   3   0 1  0 1  0 1  0 0
    65  -.3573204349418004E-05   3   0 0  1 1  0 1  0 0
    66  -.1641064370829907E-04   3   0 0  0 2  0 1  0 0
    67  0.2235197731928611E-04   3   2 0  0 0  0 0  1 0
    68  -.3217266842732979E-04   3   1 1  0 0  0 0  1 0
    69  -.4130202525029823E-04   3   0 2  0 0  0 0  1 0
    70  0.7603599667266183E-05   3   1 0  1 0  0 0  1 0
    71  -.4662987628794486E-04   3   0 1  1 0  0 0  1 0
    72  -.4956648112664375E-04   3   0 0  2 0  0 0  1 0
    73  -.3608544473113380E-04   3   1 0  0 1  0 0  1 0
    74  -.2093281664142912E-04   3   0 1  0 1  0 0  1 0
    75  -.3568395699403921E-05   3   0 0  1 1  0 0  1 0
    76  -.1638855903740336E-04   3   0 0  0 2  0 0  1 0
    77  -.4473407541135291E-04   3   2 0  0 0  0 0  0 1
    78  0.2116025216228597E-04   3   1 1  0 0  0 0  0 1
    79  0.2318477955233552E-04   3   0 2  0 0  0 0  0 1
    80  -.1521744568971495E-04   3   1 0  1 0  0 0  0 1
    81  0.5001100348791766E-04   3   0 1  1 0  0 0  0 1
    82  0.9919975637598302E-04   3   0 0  2 0  0 0  0 1
    83  0.4189648249122034E-04   3   1 0  0 1  0 0  0 1
    84  0.1575971804981347E-04   3   0 1  0 1  0 0  0 1
    85  0.1610577204932366E-04   3   0 0  1 1  0 0  0 1
    86  0.1361941394627649E-04   3   0 0  0 2  0 0  0 1
    87  -.1165557234794164       3   1 0  0 0  0 2  0 0
    88  0.1843789879755919       3   0 1  0 0  0 2  0 0
    89  -.1710933530658634E-04   3   0 0  1 0  0 2  0 0
    90  -.1002770016795211E-04   3   0 0  0 1  0 2  0 0
    91  -.7379287470480642E-01   3   1 0  0 0  0 1  1 0
    92  0.9965993695268831E-01   3   0 1  0 0  0 1  1 0
    93  -.1143647071733483E-04   3   0 0  1 0  0 1  1 0
    94  -.1003327216507189E-04   3   0 0  0 1  0 1  1 0
    95  -.1163492147933188       3   1 0  0 0  0 0  2 0
    96  0.1840638005998850       3   0 1  0 0  0 0  2 0
    97  -.1707861503789183E-04   3   0 0  1 0  0 0  2 0
    98  -.1000745420925006E-04   3   0 0  0 1  0 0  2 0
    99  0.1474706616215449       3   1 0  0 0  0 1  0 1
   100  0.7023441492608315E-01   3   0 1  0 0  0 1  0 1
   101  0.2286219768443796E-04   3   0 0  1 0  0 1  0 1
   102  0.1002881619181113E-04   3   0 0  0 1  0 1  0 1
   103  0.1472722025551863       3   1 0  0 0  0 0  1 1
   104  0.7013989676050893E-01   3   0 1  0 0  0 0  1 1
   105  0.2283143081625227E-04   3   0 0  1 0  0 0  1 1
   106  0.1001531988362192E-04   3   0 0  0 1  0 0  1 1
   107  0.1195498002309047E-01   3   1 0  0 0  0 0  0 2
   108  0.1750773141935777E-02   3   0 1  0 0  0 0  0 2
   109  -.6578747751523316E-07   3   0 0  1 0  0 0  0 2
   110  -.7179524988030707E-08   3   0 0  0 1  0 0  0 2
   111  -.4549881559866537E-05   3   0 0  0 0  0 3  0 0
   112  -.2585552277891190E-05   3   0 0  0 0  0 2  1 0
   113  -.2589505170535295E-05   3   0 0  0 0  0 1  2 0
   114  -.4538959625316589E-05   3   0 0  0 0  0 0  3 0
   115  0.5169786636497066E-05   3   0 0  0 0  0 2  0 1
   116  0.3209952779588189E-05   3   0 0  0 0  0 1  1 1
   117  0.5160669479857523E-05   3   0 0  0 0  0 0  2 1
   118  0.3601349647019371E-06   3   0 0  0 0  0 1  0 2
   119  0.3596503120390177E-06   3   0 0  0 0  0 0  1 2
   120  0.3716129391364718E-08   3   0 0  0 0  0 0  0 3
   121  -.1188230985620260E-03   4   4 0  0 0  0 0  0 0
   122  0.9162828146540339E-04   4   3 1  0 0  0 0  0 0
   123  0.7592691574713881E-05   4   2 2  0 0  0 0  0 0
   124  -.8331046547145659E-04   4   1 3  0 0  0 0  0 0
   125  0.1017101679020228E-03   4   0 4  0 0  0 0  0 0
   126  -.5128542597521251E-04   4   3 0  1 0  0 0  0 0
   127  0.3659888585547176E-05   4   2 1  1 0  0 0  0 0
   128  -.1833521127862880E-04   4   1 2  1 0  0 0  0 0
   129  0.5887192024532033E-04   4   0 3  1 0  0 0  0 0
   130  -.3611240377615314E-03   4   2 0  2 0  0 0  0 0
   131  0.1647374146883066E-03   4   1 1  2 0  0 0  0 0
   132  -.1268742959157648E-03   4   0 2  2 0  0 0  0 0
   133  -.2760455628906888E-03   4   1 0  3 0  0 0  0 0
   134  0.1007116090568694E-03   4   0 1  3 0  0 0  0 0
   135  0.2551830560596503E-04   4   0 0  4 0  0 0  0 0
   136  -.2842556675125131E-04   4   3 0  0 1  0 0  0 0
   137  -.4381734491612862E-04   4   2 1  0 1  0 0  0 0
   138  -.1861545555780948E-04   4   1 2  0 1  0 0  0 0
   139  0.5803177739058913E-04   4   0 3  0 1  0 0  0 0
   140  -.4866892440803344E-04   4   2 0  1 1  0 0  0 0
   141  0.5430628375704695E-03   4   1 1  1 1  0 0  0 0
   142  -.3698437711106548E-04   4   0 2  1 1  0 0  0 0
   143  -.1850080390909724E-03   4   1 0  2 1  0 0  0 0
   144  0.3353115323121936E-03   4   0 1  2 1  0 0  0 0
   145  0.4297113195633288E-04   4   0 0  3 1  0 0  0 0
   146  -.7861677727994534E-04   4   2 0  0 2  0 0  0 0
   147  -.1304904055831791E-04   4   1 1  0 2  0 0  0 0
   148  0.1158222058389862E-03   4   0 2  0 2  0 0  0 0
   149  -.1188052288740320E-03   4   1 0  1 2  0 0  0 0
   150  0.1408386645526009E-03   4   0 1  1 2  0 0  0 0
   151  -.4433277996477814E-04   4   0 0  2 2  0 0  0 0
   152  -.6095243334762280E-04   4   1 0  0 3  0 0  0 0
   153  0.5312552532975004E-04   4   0 1  0 3  0 0  0 0
   154  -.2179284065571784E-04   4   0 0  1 3  0 0  0 0
   155  0.1560917137601064E-04   4   0 0  0 4  0 0  0 0
   156  0.1637252032039438       4   3 0  0 0  0 1  0 0
   157  0.9910948220828789E-01   4   2 1  0 0  0 1  0 0
   158  0.5296609801405825       4   1 2  0 0  0 1  0 0
   159  -.2771762454560620       4   0 3  0 0  0 1  0 0
   160  -.9190304963820279E-04   4   2 0  1 0  0 1  0 0
   161  -.1632529554239844E-03   4   1 1  1 0  0 1  0 0
   162  0.5986959568282673E-04   4   0 2  1 0  0 1  0 0
   163  0.7363134676637308       4   1 0  2 0  0 1  0 0
   164  0.4479455744197259       4   0 1  2 0  0 1  0 0
   165  0.5033929119599146E-04   4   0 0  3 0  0 1  0 0
   166  -.2720601819043368E-04   4   2 0  0 1  0 1  0 0
   167  -.4491082985349307E-04   4   1 1  0 1  0 1  0 0
   168  0.2996762477922516E-04   4   0 2  0 1  0 1  0 0
   169  0.9531633666204838       4   1 0  1 1  0 1  0 0
   170  -.5396026833897977E-02   4   0 1  1 1  0 1  0 0
   171  0.1574678075123200E-03   4   0 0  2 1  0 1  0 0
   172  0.6734340444997942       4   1 0  0 2  0 1  0 0
   173  -.3385493693283232       4   0 1  0 2  0 1  0 0
   174  0.1226273716425308E-03   4   0 0  1 2  0 1  0 0
   175  0.3402458889817102E-04   4   0 0  0 3  0 1  0 0
   176  0.1635048695415736       4   3 0  0 0  0 0  1 0
   177  0.9897610533800026E-01   4   2 1  0 0  0 0  1 0
   178  0.5289481873555671       4   1 2  0 0  0 0  1 0
   179  -.2768032347277913       4   0 3  0 0  0 0  1 0
   180  -.9177937084524048E-04   4   2 0  1 0  0 0  1 0
   181  -.1630332572904199E-03   4   1 1  1 0  0 0  1 0
   182  0.5978902600251304E-04   4   0 2  1 0  0 0  1 0
   183  0.7353225717002021       4   1 0  2 0  0 0  1 0
   184  0.4473427503766155       4   0 1  2 0  0 0  1 0
   185  0.5027154695030858E-04   4   0 0  3 0  0 0  1 0
   186  -.2716940561332816E-04   4   2 0  0 1  0 0  1 0
   187  -.4485039097525032E-04   4   1 1  0 1  0 0  1 0
   188  0.2992729576212247E-04   4   0 2  0 1  0 0  1 0
   189  0.9518806442827200       4   1 0  1 1  0 0  1 0
   190  -.5388765115290767E-02   4   0 1  1 1  0 0  1 0
   191  0.1572558947581708E-03   4   0 0  2 1  0 0  1 0
   192  0.6725277687005534       4   1 0  0 2  0 0  1 0
   193  -.3380937655423598       4   0 1  0 2  0 0  1 0
   194  0.1224623455050023E-03   4   0 0  1 2  0 0  1 0
   195  0.3397880020995515E-04   4   0 0  0 3  0 0  1 0
   196  -.3272300727455181       4   3 0  0 0  0 0  0 1
   197  -.2198072354228443E-01   4   2 1  0 0  0 0  0 1
   198  -.2717033123964694       4   1 2  0 0  0 0  0 1
   199  -.1053005265022801       4   0 3  0 0  0 0  0 1
   200  0.1836824204834428E-03   4   2 0  1 0  0 0  0 1
   201  0.2161096323839223E-03   4   1 1  1 0  0 0  0 1
   202  -.2600953867960338E-04   4   0 2  1 0  0 0  0 1
   203  -1.471636039363932       4   1 0  2 0  0 0  0 1
   204  -.4765323457746227       4   0 1  2 0  0 0  0 1
   205  -.1006108381463000E-03   4   0 0  3 0  0 0  0 1
   206  0.5234862038918910E-04   4   2 0  0 1  0 0  0 1
   207  0.5645094912463043E-04   4   1 1  0 1  0 0  0 1
   208  -.9879016217436358E-05   4   0 2  0 1  0 0  0 1
   209  -1.281530936682863       4   1 0  1 1  0 0  0 1
   210  -.7653904536232611E-01   4   0 1  1 1  0 0  0 1
   211  -.1958518881369489E-03   4   0 0  2 1  0 0  0 1
   212  -.5024587171381911       4   1 0  0 2  0 0  0 1
   213  -.1011551480988232       4   0 1  0 2  0 0  0 1
   214  -.9976920753479448E-04   4   0 0  1 2  0 0  0 1
   215  -.1912466517170260E-04   4   0 0  0 3  0 0  0 1
   216  -.5810995018611797E-04   4   2 0  0 0  0 2  0 0
   217  -.1033065559186519E-03   4   1 1  0 0  0 2  0 0
   218  0.1585822199379688E-03   4   0 2  0 0  0 2  0 0
   219  -.4116344533678124E-04   4   1 0  1 0  0 2  0 0
   220  0.2282185836160690E-04   4   0 1  1 0  0 2  0 0
   221  -.6055613879881718E-04   4   0 0  2 0  0 2  0 0
   222  -.4974946092179754E-04   4   1 0  0 1  0 2  0 0
   223  0.5395230713507610E-04   4   0 1  0 1  0 2  0 0
   224  -.4191358285706086E-04   4   0 0  1 1  0 2  0 0
   225  0.4275695704238476E-04   4   0 0  0 2  0 2  0 0
   226  -.3462838894173038E-04   4   2 0  0 0  0 1  1 0
   227  -.1320044964093446E-03   4   1 1  0 0  0 1  1 0
   228  0.1819844644175601E-03   4   0 2  0 0  0 1  1 0
   229  -.2998842687634560E-04   4   1 0  1 0  0 1  1 0
   230  0.2093843128175436E-04   4   0 1  1 0  0 1  1 0
   231  -.6928363176798452E-04   4   0 0  2 0  0 1  1 0
   232  -.5643832184698036E-04   4   1 0  0 1  0 1  1 0
   233  0.6418861707924793E-04   4   0 1  0 1  0 1  1 0
   234  -.3970795703265432E-04   4   0 0  1 1  0 1  1 0
   235  0.5167975134240626E-04   4   0 0  0 2  0 1  1 0
   236  -.5800844792683070E-04   4   2 0  0 0  0 0  2 0
   237  -.1030787081093644E-03   4   1 1  0 0  0 0  2 0
   238  0.1582463544023359E-03   4   0 2  0 0  0 0  2 0
   239  -.4108787100622554E-04   4   1 0  1 0  0 0  2 0
   240  0.2277705680317363E-04   4   0 1  1 0  0 0  2 0
   241  -.6042802587791931E-04   4   0 0  2 0  0 0  2 0
   242  -.4964453442505919E-04   4   1 0  0 1  0 0  2 0
   243  0.5383650965494545E-04   4   0 1  0 1  0 0  2 0
   244  -.4183045898393982E-04   4   0 0  1 1  0 0  2 0
   245  0.4266464265779679E-04   4   0 0  0 2  0 0  2 0
   246  0.3250202602043621E-04   4   2 0  0 0  0 1  0 1
   247  0.8064247299597517E-04   4   1 1  0 0  0 1  0 1
   248  0.1300941181030059E-04   4   0 2  0 0  0 1  0 1
   249  0.4972317878969209E-04   4   1 0  1 0  0 1  0 1
   250  -.1695983757631102E-04   4   0 1  1 0  0 1  0 1
   251  0.5958811201136044E-04   4   0 0  2 0  0 1  0 1
   252  0.3130945837369886E-04   4   1 0  0 1  0 1  0 1
   253  0.1170461130900532E-04   4   0 1  0 1  0 1  0 1
   254  0.3817391161347020E-04   4   0 0  1 1  0 1  0 1
   255  0.9251248043008771E-05   4   0 0  0 2  0 1  0 1
   256  0.3245828632558525E-04   4   2 0  0 0  0 0  1 1
   257  0.8053394815636528E-04   4   1 1  0 0  0 0  1 1
   258  0.1299190435699863E-04   4   0 2  0 0  0 0  1 1
   259  0.4965626367904907E-04   4   1 0  1 0  0 0  1 1
   260  -.1693701382619026E-04   4   0 1  1 0  0 0  1 1
   261  0.5950792113850594E-04   4   0 0  2 0  0 0  1 1
   262  0.3126732358018314E-04   4   1 0  0 1  0 0  1 1
   263  0.1168885979472490E-04   4   0 1  0 1  0 0  1 1
   264  0.3812253896229483E-04   4   0 0  1 1  0 0  1 1
   265  0.9238798149388702E-05   4   0 0  0 2  0 0  1 1
   266  0.3353356536557187E-04   4   2 0  0 0  0 0  0 2
   267  -.9457138637239556E-05   4   1 1  0 0  0 0  0 2
   268  -.4656692856585308E-05   4   0 2  0 0  0 0  0 2
   269  0.4141126451121220E-05   4   1 0  1 0  0 0  0 2
   270  -.5793614637593414E-05   4   0 1  1 0  0 0  0 2
   271  -.1191207841586946E-04   4   0 0  2 0  0 0  0 2
   272  0.6274403741130991E-05   4   1 0  0 1  0 0  0 2
   273  -.1048106819737621E-07   4   0 1  0 1  0 0  0 2
   274  0.1719886255501809E-05   4   0 0  1 1  0 0  0 2
   275  0.1132874454457295E-05   4   0 0  0 2  0 0  0 2
   276  0.9515170916218826E-01   4   1 0  0 0  0 3  0 0
   277  -.1421509393024286       4   0 1  0 0  0 3  0 0
   278  0.1427255582152712E-04   4   0 0  1 0  0 3  0 0
   279  0.1002258520084685E-04   4   0 0  0 1  0 3  0 0
   280  0.5237253099140012E-01   4   1 0  0 0  0 2  1 0
   281  -.5775129345555604E-01   4   0 1  0 0  0 2  1 0
   282  0.8600557653090848E-05   4   0 0  1 0  0 2  1 0
   283  0.1002020082732450E-04   4   0 0  0 1  0 2  1 0
   284  0.5245862780733690E-01   4   1 0  0 0  0 1  2 0
   285  -.5792127889034408E-01   4   0 1  0 0  0 1  2 0
   286  0.8611968542340150E-05   4   0 0  1 0  0 1  2 0
   287  0.1002017841339637E-04   4   0 0  0 1  0 1  2 0
   288  0.9492444043204146E-01   4   1 0  0 0  0 0  3 0
   289  -.1418251822342572       4   0 1  0 0  0 0  3 0
   290  0.1423796551489003E-04   4   0 0  1 0  0 0  3 0
   291  0.9995620045386842E-05   4   0 0  0 1  0 0  3 0
   292  -.1047161668291878       4   1 0  0 0  0 2  0 1
   293  -.6893294773980688E-01   4   0 1  0 0  0 2  0 1
   294  -.1719423352158812E-04   4   0 0  1 0  0 2  0 1
   295  -.1003805185169173E-04   4   0 0  0 1  0 2  0 1
   296  -.6207647892825607E-01   4   1 0  0 0  0 1  1 1
   297  -.6763485626184410E-01   4   0 1  0 0  0 1  1 1
   298  -.1154148331230686E-04   4   0 0  1 0  0 1  1 1
   299  -.1004724449088645E-04   4   0 0  0 1  0 1  1 1
   300  -.1045334749470819       4   1 0  0 0  0 0  2 1
   301  -.6879467112641763E-01   4   0 1  0 0  0 0  2 1
   302  -.1716332834037498E-04   4   0 0  1 0  0 0  2 1
   303  -.1001778256054087E-04   4   0 0  0 1  0 0  2 1
   304  -.1171626881900268E-01   4   1 0  0 0  0 1  0 2
   305  -.2601255396025129E-02   4   0 1  0 0  0 1  0 2
   306  0.9972373519192311E-07   4   0 0  1 0  0 1  0 2
   307  0.1444220108736385E-07   4   0 0  0 1  0 1  0 2
   308  -.1170050161659469E-01   4   1 0  0 0  0 0  1 2
   309  -.2597754749106096E-02   4   0 1  0 0  0 0  1 2
   310  0.9958953168890745E-07   4   0 0  1 0  0 0  1 2
   311  0.1442276545377474E-07   4   0 0  0 1  0 0  1 2
   312  -.1643965368613385E-03   4   1 0  0 0  0 0  0 3
   313  -.1776976022541926E-04   4   0 1  0 0  0 0  0 3
   314  -.2257943722897244E-07   4   0 0  1 0  0 0  0 3
   315  -.2442130521848727E-08   4   0 0  0 1  0 0  0 3
   316  0.1667476737329580E-04   4   0 0  0 0  0 4  0 0
   317  0.8655048242928291E-05   4   0 0  0 0  0 3  1 0
   318  0.7589729006123661E-05   4   0 0  0 0  0 2  2 0
   319  0.8677998784421636E-05   4   0 0  0 0  0 1  3 0
   320  0.1662408975925107E-04   4   0 0  0 0  0 0  4 0
   321  0.1248562733566857E-06   4   0 0  0 0  0 3  0 1
   322  0.9650038719114899E-06   4   0 0  0 0  0 2  1 1
   323  0.9633075861473551E-06   4   0 0  0 0  0 1  2 1
   324  0.1239557804283434E-06   4   0 0  0 0  0 0  3 1
   325  -.1183272124233838E-06   4   0 0  0 0  0 2  0 2
   326  -.1392278342355494E-06   4   0 0  0 0  0 1  1 2
   327  -.1180742901086056E-06   4   0 0  0 0  0 0  2 2
   328  -.1619000665894660E-08   4   0 0  0 0  0 1  0 3
   329  -.1616821891099357E-08   4   0 0  0 0  0 0  1 3
   330  -.6813433758183556E-15   4   0 0  0 0  0 0  0 4
   ----------------------------------------------------
     I  COEFFICIENT            ORDER EXPONENTS
     1  0.3863703394126201E-04   0   0 0  0 0  0 0  0 0
     2  -.7454438488221914       1   1 0  0 0  0 0  0 0
     3  0.8145363204877025       1   0 1  0 0  0 0  0 0
     4  -.1036297920159906E-03   1   0 0  1 0  0 0  0 0
     5  -.2530315596642402E-04   1   0 0  0 1  0 0  0 0
     6  0.5592157641816942E-06   1   0 0  0 0  0 1  0 0
     7  0.5584631979611376E-06   1   0 0  0 0  0 0  1 0
     8  0.3751935497911915E-04   1   0 0  0 0  0 0  0 1
     9  0.3851204869845829E-04   2   2 0  0 0  0 0  0 0
    10  0.1850960195563299E-03   2   1 1  0 0  0 0  0 0
    11  0.2495821277991908E-04   2   0 2  0 0  0 0  0 0
    12  0.1153779380471430E-03   2   1 0  1 0  0 0  0 0
    13  0.1278007830321345E-03   2   0 1  1 0  0 0  0 0
    14  -.5909142615684361E-05   2   0 0  2 0  0 0  0 0
    15  0.1174086577034034E-03   2   1 0  0 1  0 0  0 0
    16  0.5559217444480415E-04   2   0 1  0 1  0 0  0 0
    17  -.1394202366528420E-03   2   0 0  1 1  0 0  0 0
    18  -.1627567035221897E-04   2   0 0  0 2  0 0  0 0
    19  -.1736383513793978E-01   2   1 0  0 0  0 1  0 0
    20  0.9011465763800294E-01   2   0 1  0 0  0 1  0 0
    21  0.7416437746685451E-07   2   0 0  1 0  0 1  0 0
    22  0.1268163929606979E-04   2   0 0  0 1  0 1  0 0
    23  -.1734046770694021E-01   2   1 0  0 0  0 0  1 0
    24  0.8999338557871044E-01   2   0 1  0 0  0 0  1 0
    25  0.7406457054291389E-07   2   0 0  1 0  0 0  1 0
    26  0.1266457294357009E-04   2   0 0  0 1  0 0  1 0
    27  -.7107395459773113       2   1 0  0 0  0 0  0 1
    28  -.1801080432167136       2   0 1  0 0  0 0  0 1
    29  -.1037780209640004E-03   2   0 0  1 0  0 0  0 1
    30  -.2534621223963993E-04   2   0 0  0 1  0 0  0 1
    31  -.4161426386854961E-06   2   0 0  0 0  0 2  0 0
    32  -.2734528677221034E-06   2   0 0  0 0  0 1  1 0
    33  -.4153986134416059E-06   2   0 0  0 0  0 0  2 0
    34  0.1105736004915165E-05   2   0 0  0 0  0 1  0 1
    35  0.1104247957511285E-05   2   0 0  0 0  0 0  1 1
    36  -.1104991135851908E-05   2   0 0  0 0  0 0  0 2
    37  -.4289640115636471       3   3 0  0 0  0 0  0 0
    38  -.4623409479861799       3   2 1  0 0  0 0  0 0
    39  0.2310242040469179       3   1 2  0 0  0 0  0 0
    40  -.1494118701966043E-01   3   0 3  0 0  0 0  0 0
    41  0.2476234026923178E-03   3   2 0  1 0  0 0  0 0
    42  0.1252768892181959E-03   3   1 1  1 0  0 0  0 0
    43  0.1720872861145138E-04   3   0 2  1 0  0 0  0 0
    44  -1.752865350054687       3   1 0  2 0  0 0  0 0
    45  -.3040014419936860       3   0 1  2 0  0 0  0 0
    46  -.7071428660524797E-04   3   0 0  3 0  0 0  0 0
    47  0.5610922538926434E-04   3   2 0  0 1  0 0  0 0
    48  0.1348063575938537E-03   3   1 1  0 1  0 0  0 0
    49  0.1726362262859182E-04   3   0 2  0 1  0 0  0 0
    50  -1.113798022334807       3   1 0  1 1  0 0  0 0
    51  -.3053436052372171       3   0 1  1 1  0 0  0 0
    52  -.5031756030324511E-04   3   0 0  2 1  0 0  0 0
    53  -.4981418495067556       3   1 0  0 2  0 0  0 0
    54  -.2296926132966806       3   0 1  0 2  0 0  0 0
    55  -.1353513483647011E-04   3   0 0  1 2  0 0  0 0
    56  -.1396879508572376E-04   3   0 0  0 3  0 0  0 0
    57  -.1313286673686794E-04   3   2 0  0 0  0 1  0 0
    58  -.1007292125961746E-03   3   1 1  0 0  0 1  0 0
    59  -.2712553072482342E-04   3   0 2  0 0  0 1  0 0
    60  -.5713399949262796E-04   3   1 0  1 0  0 1  0 0
    61  -.7951803978443977E-04   3   0 1  1 0  0 1  0 0
    62  0.3491135997477010E-06   3   0 0  2 0  0 1  0 0
    63  -.6791402176127254E-04   3   1 0  0 1  0 1  0 0
    64  -.5950998986453243E-04   3   0 1  0 1  0 1  0 0
    65  0.5789517341415803E-04   3   0 0  1 1  0 1  0 0
    66  0.1455953412033381E-04   3   0 0  0 2  0 1  0 0
    67  -.1311519314374411E-04   3   2 0  0 0  0 0  1 0
    68  -.1005936559690659E-03   3   1 1  0 0  0 0  1 0
    69  -.2708902646395585E-04   3   0 2  0 0  0 0  1 0
    70  -.5705711124874303E-04   3   1 0  1 0  0 0  1 0
    71  -.7941102815405340E-04   3   0 1  1 0  0 0  1 0
    72  0.3486437791182534E-06   3   0 0  2 0  0 0  1 0
    73  -.6782262627146321E-04   3   1 0  0 1  0 0  1 0
    74  -.5942990412478158E-04   3   0 1  0 1  0 0  1 0
    75  0.5781726081828196E-04   3   0 0  1 1  0 0  1 0
    76  0.1453994058548156E-04   3   0 0  0 2  0 0  1 0
    77  0.6476010857907054E-04   3   2 0  0 0  0 0  0 1
    78  0.2013228685652400E-03   3   1 1  0 0  0 0  0 1
    79  0.2925634440886053E-04   3   0 2  0 0  0 0  0 1
    80  0.2295690487885137E-03   3   1 0  1 0  0 0  0 1
    81  0.1589290679384931E-03   3   0 1  1 0  0 0  0 1
    82  -.6606899994550430E-05   3   0 0  2 0  0 0  0 1
    83  0.1357366480327354E-03   3   1 0  0 1  0 0  0 1
    84  0.6334771954450956E-04   3   0 1  0 1  0 0  0 1
    85  -.1157124342324400E-03   3   0 0  1 1  0 0  0 1
    86  -.1282380435359667E-04   3   0 0  0 2  0 0  0 1
    87  0.1288526087086351E-01   3   1 0  0 0  0 2  0 0
    88  -.6624534235359157E-01   3   0 1  0 0  0 2  0 0
    89  -.6278249185923301E-07   3   0 0  1 0  0 2  0 0
    90  -.9498445636365023E-05   3   0 0  0 1  0 2  0 0
    91  0.8418711090752151E-02   3   1 0  0 0  0 1  1 0
    92  -.4244011061340595E-01   3   0 1  0 0  0 1  1 0
    93  -.6073787933352912E-07   3   0 0  1 0  0 1  1 0
    94  -.6337503051904781E-05   3   0 0  0 1  0 1  1 0
    95  0.1286225574173199E-01   3   1 0  0 0  0 0  2 0
    96  -.6612763554352177E-01   3   0 1  0 0  0 0  2 0
    97  -.6265713305274283E-07   3   0 0  1 0  0 0  2 0
    98  -.9481398719438611E-05   3   0 0  0 1  0 0  2 0
    99  -.3418924000693939E-01   3   1 0  0 0  0 1  0 1
   100  0.8481614640877853E-01   3   0 1  0 0  0 1  0 1
   101  0.2023280956604518E-06   3   0 0  1 0  0 1  0 1
   102  0.1269032716220702E-04   3   0 0  0 1  0 1  0 1
   103  -.3414322973902117E-01   3   1 0  0 0  0 0  1 1
   104  0.8470200483618799E-01   3   0 1  0 0  0 0  1 1
   105  0.2020558120446981E-06   3   0 0  1 0  0 0  1 1
   106  0.1267324911798652E-04   3   0 0  0 1  0 0  1 1
   107  0.3416623520783465E-01   3   1 0  0 0  0 0  0 2
   108  0.5294942299358345E-02   3   0 1  0 0  0 0  0 2
   109  -.2136958354455397E-06   3   0 0  1 0  0 0  0 2
   110  -.2341232747589875E-07   3   0 0  0 1  0 0  0 2
   111  0.3446616452026378E-06   3   0 0  0 0  0 3  0 0
   112  0.2017972882217844E-06   3   0 0  0 0  0 2  1 0
   113  0.2020847419888722E-06   3   0 0  0 0  0 1  2 0
   114  0.3438302995058751E-06   3   0 0  0 0  0 0  3 0
   115  -.8196428290006490E-06   3   0 0  0 0  0 2  0 1
   116  -.5343176717267488E-06   3   0 0  0 0  0 1  1 1
   117  -.8181802624185566E-06   3   0 0  0 0  0 0  2 1
   118  0.5339349057454002E-06   3   0 0  0 0  0 1  0 2
   119  0.5332163613127385E-06   3   0 0  0 0  0 0  1 2
   120  0.1261328959791837E-07   3   0 0  0 0  0 0  0 3
   121  -.7443074627070564E-04   4   4 0  0 0  0 0  0 0
   122  0.3033069429920839E-03   4   3 1  0 0  0 0  0 0
   123  0.2389038112410829E-03   4   2 2  0 0  0 0  0 0
   124  0.1145784921011159E-03   4   1 3  0 0  0 0  0 0
   125  0.2387491043590292E-04   4   0 4  0 0  0 0  0 0
   126  -.1531984838328180E-07   4   3 0  1 0  0 0  0 0
   127  0.1615446447434458E-03   4   2 1  1 0  0 0  0 0
   128  0.6720797694786348E-04   4   1 2  1 0  0 0  0 0
   129  0.7790670205832211E-05   4   0 3  1 0  0 0  0 0
   130  -.3345152462650236E-04   4   2 0  2 0  0 0  0 0
   131  0.8410989506182878E-03   4   1 1  2 0  0 0  0 0
   132  0.2053847098929698E-05   4   0 2  2 0  0 0  0 0
   133  -.3232355838030568E-07   4   1 0  3 0  0 0  0 0
   134  0.2202889477465473E-03   4   0 1  3 0  0 0  0 0
   135  0.1051294304806230E-03   4   0 0  4 0  0 0  0 0
   136  -.6102976108099937E-07   4   3 0  0 1  0 0  0 0
   137  0.1537619521772334E-04   4   2 1  0 1  0 0  0 0
   138  -.3932870999350701E-04   4   1 2  0 1  0 0  0 0
   139  -.9135537748810189E-05   4   0 3  0 1  0 0  0 0
   140  0.9088928242613693E-03   4   2 0  1 1  0 0  0 0
   141  0.1009102588160946E-02   4   1 1  1 1  0 0  0 0
   142  -.9110726642307947E-04   4   0 2  1 1  0 0  0 0
   143  0.4406000475299347E-03   4   1 0  2 1  0 0  0 0
   144  0.2374401237775136E-03   4   0 1  2 1  0 0  0 0
   145  0.2151418999318400E-03   4   0 0  3 1  0 0  0 0
   146  0.1260340257301721E-03   4   2 0  0 2  0 0  0 0
   147  0.5388516305471860E-03   4   1 1  0 2  0 0  0 0
   148  0.1532325009131499E-04   4   0 2  0 2  0 0  0 0
   149  0.1331669964185063E-03   4   1 0  1 2  0 0  0 0
   150  0.1584601048914581E-03   4   0 1  1 2  0 0  0 0
   151  0.1027232547622859E-03   4   0 0  2 2  0 0  0 0
   152  -.3698568421848006E-04   4   1 0  0 3  0 0  0 0
   153  0.3291816252276188E-05   4   0 1  0 3  0 0  0 0
   154  -.7712869014892800E-05   4   0 0  1 3  0 0  0 0
   155  -.3767371605007448E-04   4   0 0  0 4  0 0  0 0
   156  0.1604522257276910       4   3 0  0 0  0 1  0 0
   157  0.4202852340764482       4   2 1  0 0  0 1  0 0
   158  -.1624293842760976       4   1 2  0 0  0 1  0 0
   159  0.2901094837089788E-01   4   0 3  0 0  0 1  0 0
   160  -.1371187141866879E-03   4   2 0  1 0  0 1  0 0
   161  -.1341237821161333E-03   4   1 1  1 0  0 1  0 0
   162  -.2719685689911102E-04   4   0 2  1 0  0 1  0 0
   163  0.9285084132680597       4   1 0  2 0  0 1  0 0
   164  0.3318109196832868       4   0 1  2 0  0 1  0 0
   165  0.3373163264245096E-04   4   0 0  3 0  0 1  0 0
   166  -.5723897818903074E-04   4   2 0  0 1  0 1  0 0
   167  -.1517472328650769E-03   4   1 1  0 1  0 1  0 0
   168  -.2842077328703337E-04   4   0 2  0 1  0 1  0 0
   169   1.115571848953921       4   1 0  1 1  0 1  0 0
   170  0.4669208608725649       4   0 1  1 1  0 1  0 0
   171  0.4846092039681821E-04   4   0 0  2 1  0 1  0 0
   172  0.5505401304804332       4   1 0  0 2  0 1  0 0
   173  0.3647128302214949       4   0 1  0 2  0 1  0 0
   174  0.1982713200655533E-04   4   0 0  1 2  0 1  0 0
   175  0.2158894428459058E-04   4   0 0  0 3  0 1  0 0
   176  0.1602362966841581       4   3 0  0 0  0 0  1 0
   177  0.4197196340157852       4   2 1  0 0  0 0  1 0
   178  -.1622107944657704       4   1 2  0 0  0 0  1 0
   179  0.2897190680381892E-01   4   0 3  0 0  0 0  1 0
   180  -.1369341862833164E-03   4   2 0  1 0  0 0  1 0
   181  -.1339432846511960E-03   4   1 1  1 0  0 0  1 0
   182  -.2716025665083989E-04   4   0 2  1 0  0 0  1 0
   183  0.9272588704045689       4   1 0  2 0  0 0  1 0
   184  0.3313643841852841       4   0 1  2 0  0 0  1 0
   185  0.3368623820095744E-04   4   0 0  3 0  0 0  1 0
   186  -.5716194866976346E-04   4   2 0  0 1  0 0  1 0
   187  -.1515430185906867E-03   4   1 1  0 1  0 0  1 0
   188  -.2838252594976839E-04   4   0 2  0 1  0 0  1 0
   189   1.114070564934680       4   1 0  1 1  0 0  1 0
   190  0.4662925007832214       4   0 1  1 1  0 0  1 0
   191  0.4839570397403253E-04   4   0 0  2 1  0 0  1 0
   192  0.5497992395188909       4   1 0  0 2  0 0  1 0
   193  0.3642220168829042       4   0 1  0 2  0 0  1 0
   194  0.1980044958672148E-04   4   0 0  1 2  0 0  1 0
   195  0.2155989090082409E-04   4   0 0  0 3  0 0  1 0
   196  -.7496525339754962       4   3 0  0 0  0 0  0 1
   197  -.8400048680922342       4   2 1  0 0  0 0  0 1
   198  0.9361597469495202E-01   4   1 2  0 0  0 0  0 1
   199  -.2810048113539660E-01   4   0 3  0 0  0 0  0 1
   200  0.5216763031623217E-03   4   2 0  1 0  0 0  0 1
   201  0.2680670667673287E-03   4   1 1  1 0  0 0  0 1
   202  0.3714838493849956E-04   4   0 2  1 0  0 0  0 1
   203  -3.608632633727313       4   1 0  2 0  0 0  0 1
   204  -.6631753038685702       4   0 1  2 0  0 0  0 1
   205  -.1381321574486562E-03   4   0 0  3 0  0 0  0 1
   206  0.1144009268587940E-03   4   2 0  0 1  0 0  0 1
   207  0.1684838938619106E-03   4   1 1  0 1  0 0  0 1
   208  0.2227605397961770E-04   4   0 2  0 1  0 0  0 1
   209  -2.229642413888600       4   1 0  1 1  0 0  0 1
   210  -.6278697564185695       4   0 1  1 1  0 0  0 1
   211  -.9685662437085050E-04   4   0 0  2 1  0 0  0 1
   212  -.6021975204925664       4   1 0  0 2  0 0  0 1
   213  -.2695496205110364       4   0 1  0 2  0 0  0 1
   214  -.2609244675680671E-04   4   0 0  1 2  0 0  0 1
   215  -.1521124501396695E-04   4   0 0  0 3  0 0  0 1
   216  -.5963909224877971E-04   4   2 0  0 0  0 2  0 0
   217  0.1553644288602003E-03   4   1 1  0 0  0 2  0 0
   218  0.3194441069166105E-04   4   0 2  0 0  0 2  0 0
   219  -.6065112422913419E-04   4   1 0  1 0  0 2  0 0
   220  0.1423278015510789E-04   4   0 1  1 0  0 2  0 0
   221  -.5007929063394768E-04   4   0 0  2 0  0 2  0 0
   222  -.6389633960605740E-04   4   1 0  0 1  0 2  0 0
   223  -.1904612389596084E-04   4   0 1  0 1  0 2  0 0
   224  -.1315916248557322E-03   4   0 0  1 1  0 2  0 0
   225  -.8334756118270163E-04   4   0 0  0 2  0 2  0 0
   226  -.5783376389764876E-04   4   2 0  0 0  0 1  1 0
   227  0.1243421860911565E-03   4   1 1  0 0  0 1  1 0
   228  0.2890269859176741E-04   4   0 2  0 0  0 1  1 0
   229  -.7231278811587173E-04   4   1 0  1 0  0 1  1 0
   230  -.6150669603076813E-05   4   0 1  1 0  0 1  1 0
   231  -.4815723741942829E-04   4   0 0  2 0  0 1  1 0
   232  -.7735804251777881E-04   4   1 0  0 1  0 1  1 0
   233  -.3149388264396085E-04   4   0 1  0 1  0 1  1 0
   234  -.1252754063565527E-03   4   0 0  1 1  0 1  1 0
   235  -.9518186936173592E-04   4   0 0  0 2  0 1  1 0
   236  -.5951991779220308E-04   4   2 0  0 0  0 0  2 0
   237  0.1550716798069135E-03   4   1 1  0 0  0 0  2 0
   238  0.3188197346442637E-04   4   0 2  0 0  0 0  2 0
   239  -.6052084523340375E-04   4   1 0  1 0  0 0  2 0
   240  0.1421776499098316E-04   4   0 1  1 0  0 0  2 0
   241  -.4997949241449419E-04   4   0 0  2 0  0 0  2 0
   242  -.6375829851961473E-04   4   1 0  0 1  0 0  2 0
   243  -.1899930102853096E-04   4   0 1  0 1  0 0  2 0
   244  -.1313302401797750E-03   4   0 0  1 1  0 0  2 0
   245  -.8317135032588601E-04   4   0 0  0 2  0 0  2 0
   246  0.1121561881385594E-03   4   2 0  0 0  0 1  0 1
   247  -.1342575575779022E-03   4   1 1  0 0  0 1  0 1
   248  -.2725972841060330E-04   4   0 2  0 0  0 1  0 1
   249  0.9680520093082713E-04   4   1 0  1 0  0 1  0 1
   250  -.1987473665916574E-04   4   0 1  1 0  0 1  0 1
   251  0.1152288621167032E-03   4   0 0  2 0  0 1  0 1
   252  0.5131685267952909E-04   4   1 0  0 1  0 1  0 1
   253  0.7892764969782883E-05   4   0 1  0 1  0 1  0 1
   254  0.1993359275055860E-03   4   0 0  1 1  0 1  0 1
   255  0.7958568657374533E-04   4   0 0  0 2  0 1  0 1
   256  0.1120052536263005E-03   4   2 0  0 0  0 0  1 1
   257  -.1340768800842533E-03   4   1 1  0 0  0 0  1 1
   258  -.2722304355281483E-04   4   0 2  0 0  0 0  1 1
   259  0.9667492505368546E-04   4   1 0  1 0  0 0  1 1
   260  -.1984799017523372E-04   4   0 1  1 0  0 0  1 1
   261  0.1150737925446146E-03   4   0 0  2 0  0 0  1 1
   262  0.5124779287767220E-04   4   1 0  0 1  0 0  1 1
   263  0.7882143258659691E-05   4   0 1  0 1  0 0  1 1
   264  0.1990676706087256E-03   4   0 0  1 1  0 0  1 1
   265  0.7947858390749787E-04   4   0 0  0 2  0 0  1 1
   266  -.4716866888433063E-04   4   2 0  0 0  0 0  0 2
   267  -.3864331011999344E-04   4   1 1  0 0  0 0  0 2
   268  -.4731665165990451E-05   4   0 2  0 0  0 0  0 2
   269  0.4631600352451857E-08   4   1 0  1 0  0 0  0 2
   270  -.4292491576861532E-05   4   0 1  1 0  0 0  0 2
   271  -.8208663282235305E-04   4   0 0  2 0  0 0  0 2
   272  0.1007818412833941E-08   4   1 0  0 1  0 0  0 2
   273  -.4100615829192863E-06   4   0 1  0 1  0 0  0 2
   274  -.4610360481253428E-04   4   0 0  1 1  0 0  0 2
   275  -.5435403860253506E-05   4   0 0  0 2  0 0  0 2
   276  -.1064800568991746E-01   4   1 0  0 0  0 3  0 0
   277  0.5432624068468760E-01   4   0 1  0 0  0 3  0 0
   278  0.7096413898856596E-07   4   0 0  1 0  0 3  0 0
   279  0.7929620500573896E-05   4   0 0  0 1  0 3  0 0
   280  -.6176513253594885E-02   4   1 0  0 0  0 2  1 0
   281  0.3050411870393545E-01   4   0 1  0 0  0 2  1 0
   282  0.7929520474483377E-07   4   0 0  1 0  0 2  1 0
   283  0.4782159824622182E-05   4   0 0  0 1  0 2  1 0
   284  -.6185510613156238E-02   4   1 0  0 0  0 1  2 0
   285  0.3055205915615974E-01   4   0 1  0 0  0 1  2 0
   286  0.7927819463184738E-07   4   0 0  1 0  0 1  2 0
   287  0.4788491839627985E-05   4   0 0  0 1  0 1  2 0
   288  -.1062236088930745E-01   4   1 0  0 0  0 0  3 0
   289  0.5419607832886358E-01   4   0 1  0 0  0 0  3 0
   290  0.7076760471339090E-07   4   0 0  1 0  0 0  3 0
   291  0.7910400073665947E-05   4   0 0  0 1  0 0  3 0
   292  0.2523526073097286E-01   4   1 0  0 0  0 2  0 1
   293  -.6099214516646852E-01   4   0 1  0 0  0 2  0 1
   294  -.2145034311249317E-06   4   0 0  1 0  0 2  0 1
   295  -.9539846070593275E-05   4   0 0  0 1  0 2  0 1
   296  0.1630531922320246E-01   4   1 0  0 0  0 1  1 1
   297  -.3723211275398081E-01   4   0 1  0 0  0 1  1 1
   298  -.2266456299748253E-06   4   0 0  1 0  0 1  1 1
   299  -.6397821534067953E-05   4   0 0  0 1  0 1  1 1
   300  0.2519032884129407E-01   4   1 0  0 0  0 0  2 1
   301  -.6088501220063604E-01   4   0 1  0 0  0 0  2 1
   302  -.2140622580128232E-06   4   0 0  1 0  0 0  2 1
   303  -.9522702852056342E-05   4   0 0  0 1  0 0  2 1
   304  -.1629329846284232E-01   4   1 0  0 0  0 1  0 2
   305  -.5207949153883953E-02   4   0 1  0 0  0 1  0 2
   306  0.2162841314323749E-06   4   0 0  1 0  0 1  0 2
   307  0.3567005664383320E-07   4   0 0  0 1  0 1  0 2
   308  -.1627137170964759E-01   4   1 0  0 0  0 0  1 2
   309  -.5200940541354845E-02   4   0 1  0 0  0 0  1 2
   310  0.2159930664413919E-06   4   0 0  1 0  0 0  1 2
   311  0.3562205356266807E-07   4   0 0  0 1  0 0  1 2
   312  -.5338550117815382E-03   4   1 0  0 0  0 0  0 3
   313  -.6033163449257984E-04   4   0 1  0 0  0 0  0 3
   314  -.7286045401335415E-07   4   0 0  1 0  0 0  0 3
   315  -.8155818317554849E-08   4   0 0  0 1  0 0  0 3
   316  -.6298992666604041E-05   4   0 0  0 0  0 4  0 0
   317  -.3419487753423729E-05   4   0 0  0 0  0 3  1 0
   318  -.3036905130028245E-05   4   0 0  0 0  0 2  2 0
   319  -.3427726907075093E-05   4   0 0  0 0  0 1  3 0
   320  -.6279748182979245E-05   4   0 0  0 0  0 0  4 0
   321  0.6969645109157070E-05   4   0 0  0 0  0 3  0 1
   322  0.3847227170969046E-05   4   0 0  0 0  0 2  1 1
   323  0.3853511241757264E-05   4   0 0  0 0  0 1  2 1
   324  0.6952990763025850E-05   4   0 0  0 0  0 0  3 1
   325  0.2623082949665665E-06   4   0 0  0 0  0 2  0 2
   326  0.3134967835872419E-06   4   0 0  0 0  0 1  1 2
   327  0.2617443482269868E-06   4   0 0  0 0  0 0  2 2
   328  0.9686469595338737E-09   4   0 0  0 0  0 1  0 3
   329  0.9673434001064817E-09   4   0 0  0 0  0 0  1 3
   330  -.2620624013346681E-15   4   0 0  0 0  0 0  0 4
   ----------------------------------------------------
     I  COEFFICIENT            ORDER EXPONENTS
     1  -.4465698729467643E-04   0   0 0  0 0  0 0  0 0
     2  -.4555323668936699E-04   1   1 0  0 0  0 0  0 0
     3  -.1003473509468028E-04   1   0 1  0 0  0 0  0 0
     4   1.355686460799870       1   0 0  1 0  0 0  0 0
     5  0.7612506204388549       1   0 0  0 1  0 0  0 0
     6  0.3684227435687000E-05   1   0 0  0 0  0 1  0 0
     7  0.3679269376035721E-05   1   0 0  0 0  0 0  1 0
     8  -.7363496811667214E-05   1   0 0  0 0  0 0  0 1
     9  -.5569706833568668E-04   2   2 0  0 0  0 0  0 0
    10  0.2604621856062292E-04   2   1 1  0 0  0 0  0 0
    11  0.4748026290127946E-06   2   0 2  0 0  0 0  0 0
    12  0.2283637025107437E-03   2   1 0  1 0  0 0  0 0
    13  -.8031644381110314E-05   2   0 1  1 0  0 0  0 0
    14  0.4467417730923514E-04   2   0 0  2 0  0 0  0 0
    15  -.6596147542703825E-04   2   1 0  0 1  0 0  0 0
    16  -.1109819756412709E-04   2   0 1  0 1  0 0  0 0
    17  -.5817402430866318E-04   2   0 0  1 1  0 0  0 0
    18  -.2306201933954450E-04   2   0 0  0 2  0 0  0 0
    19  0.2280151520823350E-04   2   1 0  0 0  0 1  0 0
    20  0.1003517675048411E-04   2   0 1  0 0  0 1  0 0
    21  -.1843659421801802       2   0 0  1 0  0 1  0 0
    22  -.4204869633108466       2   0 0  0 1  0 1  0 0
    23  0.2277083000366444E-04   2   1 0  0 0  0 0  1 0
    24  0.1002167188255481E-04   2   0 1  0 0  0 0  1 0
    25  -.1841178311840600       2   0 0  1 0  0 0  1 0
    26  -.4199210917724873       2   0 0  0 1  0 0  1 0
    27  -.4557234521189788E-04   2   1 0  0 0  0 0  0 1
    28  -.1002211353847279E-04   2   0 1  0 0  0 0  0 1
    29  0.3684837733642399       2   0 0  1 0  0 0  0 1
    30  0.7915743464447902E-01   2   0 0  0 1  0 0  0 1
    31  -.2798305918785707E-05   2   0 0  0 0  0 2  0 0
    32  -.1914764409880364E-05   2   0 0  0 0  0 1  1 0
    33  -.2793251690726927E-05   2   0 0  0 0  0 0  2 0
    34  0.3827157449479082E-05   2   0 0  0 0  0 1  0 1
    35  0.3822007041351257E-05   2   0 0  0 0  0 0  1 1
    36  -.1428343680806658E-06   2   0 0  0 0  0 0  0 2
    37  0.2106076327689726E-04   3   3 0  0 0  0 0  0 0
    38  -.2720301397218660E-05   3   2 1  0 0  0 0  0 0
    39  -.2811857789345968E-04   3   1 2  0 0  0 0  0 0
    40  -.1143694949843262E-04   3   0 3  0 0  0 0  0 0
    41  -.4586332636992526       3   2 0  1 0  0 0  0 0
    42  -.5520950918881032       3   1 1  1 0  0 0  0 0
    43  0.2688489180886100       3   0 2  1 0  0 0  0 0
    44  -.1024182871883060E-03   3   1 0  2 0  0 0  0 0
    45  -.1141420561934104E-03   3   0 1  2 0  0 0  0 0
    46  -.1772037243542215E-01   3   0 0  3 0  0 0  0 0
    47  0.4175429583466708       3   2 0  0 1  0 0  0 0
    48  -.2380142673601499       3   1 1  0 1  0 0  0 0
    49  0.3918588052107466       3   0 2  0 1  0 0  0 0
    50  -.1220102785871101E-03   3   1 0  1 1  0 0  0 0
    51  -.7242139193579068E-04   3   0 1  1 1  0 0  0 0
    52  0.7493060220544316       3   0 0  2 1  0 0  0 0
    53  -.9132859064602360E-04   3   1 0  0 2  0 0  0 0
    54  -.3135919690640238E-04   3   0 1  0 2  0 0  0 0
    55  0.7173791289286360       3   0 0  1 2  0 0  0 0
    56  0.5049808580726542       3   0 0  0 3  0 0  0 0
    57  0.3244966579187590E-04   3   2 0  0 0  0 1  0 0
    58  -.2896166794779392E-04   3   1 1  0 0  0 1  0 0
    59  -.1422166832227373E-05   3   0 2  0 0  0 1  0 0
    60  -.1433853572938199E-03   3   1 0  1 0  0 1  0 0
    61  -.3153097984881715E-05   3   0 1  1 0  0 1  0 0
    62  -.1712318766576396E-04   3   0 0  2 0  0 1  0 0
    63  0.6441839359605665E-04   3   1 0  0 1  0 1  0 0
    64  0.1459439559062558E-04   3   0 1  0 1  0 1  0 0
    65  0.7036906954650395E-04   3   0 0  1 1  0 1  0 0
    66  0.3704895154861494E-04   3   0 0  0 2  0 1  0 0
    67  0.3240599656095309E-04   3   2 0  0 0  0 0  1 0
    68  -.2892269269998608E-04   3   1 1  0 0  0 0  1 0
    69  -.1420252947128939E-05   3   0 2  0 0  0 0  1 0
    70  -.1431923960374913E-03   3   1 0  1 0  0 0  1 0
    71  -.3148854694214472E-05   3   0 1  1 0  0 0  1 0
    72  -.1710014408679102E-04   3   0 0  2 0  0 0  1 0
    73  0.6433170235788851E-04   3   1 0  0 1  0 0  1 0
    74  0.1457475514084985E-04   3   0 1  0 1  0 0  1 0
    75  0.7027437016908822E-04   3   0 0  1 1  0 0  1 0
    76  0.3699909281567704E-04   3   0 0  0 2  0 0  1 0
    77  -.6485566235281349E-04   3   2 0  0 0  0 0  0 1
    78  0.3183814208712377E-04   3   1 1  0 0  0 0  0 1
    79  0.1892814521204242E-05   3   0 2  0 0  0 0  0 1
    80  0.2865777533313111E-03   3   1 0  1 0  0 0  0 1
    81  0.1433359706020624E-04   3   0 1  1 0  0 0  0 1
    82  0.3422333175261067E-04   3   0 0  2 0  0 0  0 1
    83  -.6278862052690624E-04   3   1 0  0 1  0 0  0 1
    84  -.6972755603221886E-05   3   0 1  0 1  0 0  0 1
    85  -.8246941540676693E-04   3   0 0  1 1  0 0  0 1
    86  -.2792400568508368E-04   3   0 0  0 2  0 0  0 1
    87  -.1711246067523584E-04   3   1 0  0 0  0 2  0 0
    88  -.1005557229622858E-04   3   0 1  0 0  0 2  0 0
    89  0.1414903910594206       3   0 0  1 0  0 2  0 0
    90  0.3355761824740865       3   0 0  0 1  0 2  0 0
    91  -.1143965312059306E-04   3   1 0  0 0  0 1  1 0
    92  -.1006004702913453E-04   3   0 1  0 0  0 1  1 0
    93  0.9872992121066330E-01   3   0 0  1 0  0 1  1 0
    94  0.2508932055712711       3   0 0  0 1  0 1  1 0
    95  -.1708173405912268E-04   3   1 0  0 0  0 0  2 0
    96  -.1003527081237121E-04   3   0 1  0 0  0 0  2 0
    97  0.1412335469218514       3   0 0  1 0  0 0  2 0
    98  0.3349557597369356       3   0 0  0 1  0 0  2 0
    99  0.2286534106777781E-04   3   1 0  0 0  0 1  0 1
   100  0.1003970074706845E-04   3   0 1  0 0  0 1  0 1
   101  -.1973448077380267       3   0 0  1 0  0 1  0 1
   102  -.8107175166186315E-01   3   0 0  0 1  0 1  0 1
   103  0.2283456996937495E-04   3   1 0  0 0  0 0  1 1
   104  0.1002618979095776E-04   3   0 1  0 0  0 0  1 1
   105  -.1970792303963109       3   0 0  1 0  0 0  1 1
   106  -.8096264911925587E-01   3   0 0  0 1  0 0  1 1
   107  -.6567387102907940E-07   3   1 0  0 0  0 0  0 2
   108  -.7031595522123949E-08   3   0 1  0 0  0 0  0 2
   109  0.1297014812313704E-01   3   0 0  1 0  0 0  0 2
   110  0.1859772962406143E-02   3   0 0  0 1  0 0  0 2
   111  0.2355786223000434E-05   3   0 0  0 0  0 3  0 0
   112  0.1471341169176124E-05   3   0 0  0 0  0 2  1 0
   113  0.1473120136219782E-05   3   0 0  0 0  0 1  2 0
   114  0.2350042068312294E-05   3   0 0  0 0  0 0  3 0
   115  -.2942075446089263E-05   3   0 0  0 0  0 2  0 1
   116  -.2059368714877222E-05   3   0 0  0 0  0 1  1 1
   117  -.2936730438957701E-05   3   0 0  0 0  0 0  2 1
   118  0.1446016627576047E-06   3   0 0  0 0  0 1  0 2
   119  0.1444070646547033E-06   3   0 0  0 0  0 0  1 2
   120  -.1113330416996766E-08   3   0 0  0 0  0 0  0 3
   121  -.1717252168472921E-04   4   4 0  0 0  0 0  0 0
   122  0.2115640763952975E-04   4   3 1  0 0  0 0  0 0
   123  0.1289353034842560E-04   4   2 2  0 0  0 0  0 0
   124  0.5912457024846772E-05   4   1 3  0 0  0 0  0 0
   125  0.2125089430110626E-04   4   0 4  0 0  0 0  0 0
   126  -.2150332723938200E-03   4   3 0  1 0  0 0  0 0
   127  -.2800519706237150E-03   4   2 1  1 0  0 0  0 0
   128  0.5238367608363023E-04   4   1 2  1 0  0 0  0 0
   129  0.1265005620093749E-03   4   0 3  1 0  0 0  0 0
   130  -.2114073842806448E-03   4   2 0  2 0  0 0  0 0
   131  0.3929607707117024E-04   4   1 1  2 0  0 0  0 0
   132  0.1872777396558490E-03   4   0 2  2 0  0 0  0 0
   133  -.4307526988504446E-04   4   1 0  3 0  0 0  0 0
   134  -.1378225014569044E-03   4   0 1  3 0  0 0  0 0
   135  -.1688643212216721E-04   4   0 0  4 0  0 0  0 0
   136  0.1135500725550041E-03   4   3 0  0 1  0 0  0 0
   137  -.2708331380198578E-03   4   2 1  0 1  0 0  0 0
   138  -.2055207412919404E-03   4   1 2  0 1  0 0  0 0
   139  0.1025509407108739E-03   4   0 3  0 1  0 0  0 0
   140  0.1526421167373831E-04   4   2 0  1 1  0 0  0 0
   141  0.2757260639685250E-04   4   1 1  1 1  0 0  0 0
   142  0.7250575482374891E-04   4   0 2  1 1  0 0  0 0
   143  0.2485490800494075E-03   4   1 0  2 1  0 0  0 0
   144  -.1961132885969798E-03   4   0 1  2 1  0 0  0 0
   145  0.1984221139957277E-03   4   0 0  3 1  0 0  0 0
   146  0.2863624873839444E-04   4   2 0  0 2  0 0  0 0
   147  0.9895709131441140E-04   4   1 1  0 2  0 0  0 0
   148  0.1121450639654958E-03   4   0 2  0 2  0 0  0 0
   149  -.3212256970888357E-05   4   1 0  1 2  0 0  0 0
   150  -.9094829144243923E-05   4   0 1  1 2  0 0  0 0
   151  0.1721507035098632E-03   4   0 0  2 2  0 0  0 0
   152  -.1599560404735751E-03   4   1 0  0 3  0 0  0 0
   153  0.8928957699913951E-04   4   0 1  0 3  0 0  0 0
   154  0.5034039989912060E-04   4   0 0  1 3  0 0  0 0
   155  0.6996290024010327E-04   4   0 0  0 4  0 0  0 0
   156  -.1593547682098061E-04   4   3 0  0 0  0 1  0 0
   157  -.1771946900155869E-04   4   2 1  0 0  0 1  0 0
   158  0.3329904999945516E-04   4   1 2  0 0  0 1  0 0
   159  0.2184062875340127E-04   4   0 3  0 0  0 1  0 0
   160  0.4040375377195289       4   2 0  1 0  0 1  0 0
   161  0.8103390815899528       4   1 1  1 0  0 1  0 0
   162  -.3676357149900715       4   0 2  1 0  0 1  0 0
   163  0.1068760224020225E-03   4   1 0  2 0  0 1  0 0
   164  0.1480058615604552E-03   4   0 1  2 0  0 1  0 0
   165  -.2236648417266508E-01   4   0 0  3 0  0 1  0 0
   166  -.4445503864587453       4   2 0  0 1  0 1  0 0
   167  0.3947164170079232       4   1 1  0 1  0 1  0 0
   168  -.6059556136582034       4   0 2  0 1  0 1  0 0
   169  0.1870080738649718E-03   4   1 0  1 1  0 1  0 0
   170  0.1337432098229677E-03   4   0 1  1 1  0 1  0 0
   171  -.9723375041456189       4   0 0  2 1  0 1  0 0
   172  0.1491413431141169E-03   4   1 0  0 2  0 1  0 0
   173  0.6672315005103123E-04   4   0 1  0 2  0 1  0 0
   174  -1.180794939894722       4   0 0  1 2  0 1  0 0
   175  -.8516952695368682       4   0 0  0 3  0 1  0 0
   176  -.1591403160728790E-04   4   3 0  0 0  0 0  1 0
   177  -.1769562297526584E-04   4   2 1  0 0  0 0  1 0
   178  0.3325423770729563E-04   4   1 2  0 0  0 0  1 0
   179  0.2181123666453813E-04   4   0 3  0 0  0 0  1 0
   180  0.4034938030428952       4   2 0  1 0  0 0  1 0
   181  0.8092485654439052       4   1 1  1 0  0 0  1 0
   182  -.3671409681709078       4   0 2  1 0  0 0  1 0
   183  0.1067321936879662E-03   4   1 0  2 0  0 0  1 0
   184  0.1478066822472418E-03   4   0 1  2 0  0 0  1 0
   185  -.2233638441236110E-01   4   0 0  3 0  0 0  1 0
   186  -.4439521314995842       4   2 0  0 1  0 0  1 0
   187  0.3941852262562557       4   1 1  0 1  0 0  1 0
   188  -.6051401471510414       4   0 2  0 1  0 0  1 0
   189  0.1867564072125495E-03   4   1 0  1 1  0 0  1 0
   190  0.1335632245142877E-03   4   0 1  1 1  0 0  1 0
   191  -.9710289781572206       4   0 0  2 1  0 0  1 0
   192  0.1489406357233422E-03   4   1 0  0 2  0 0  1 0
   193  0.6663335718024550E-04   4   0 1  0 2  0 0  1 0
   194  -1.179205881713553       4   0 0  1 2  0 0  1 0
   195  -.8505490981821322       4   0 0  0 3  0 0  1 0
   196  0.3184950842826851E-04   4   3 0  0 0  0 0  0 1
   197  0.3813539337404316E-04   4   2 1  0 0  0 0  0 1
   198  -.1031613191983124E-04   4   1 2  0 0  0 0  0 1
   199  -.9341016922759827E-05   4   0 3  0 0  0 0  0 1
   200  -.8075313407624245       4   2 0  1 0  0 0  0 1
   201  -1.067492555145754       4   1 1  1 0  0 0  0 1
   202  0.1970788469837601       4   0 2  1 0  0 0  0 1
   203  -.2136082160899888E-03   4   1 0  2 0  0 0  0 1
   204  -.1816704876142867E-03   4   0 1  2 0  0 0  0 1
   205  0.4470286858502678E-01   4   0 0  3 0  0 0  0 1
   206  0.4709595596116583       4   2 0  0 1  0 0  0 1
   207  -.3128731085438824       4   1 1  0 1  0 0  0 1
   208  0.3551934517700645E-01   4   0 2  0 1  0 0  0 1
   209  -.2517542024904109E-03   4   1 0  1 1  0 0  0 1
   210  -.1224636504656744E-03   4   0 1  1 1  0 0  0 1
   211   1.194060460248406       4   0 0  2 1  0 0  0 1
   212  -.1154247975454123E-03   4   1 0  0 2  0 0  0 1
   213  -.3927891651206927E-04   4   0 1  0 2  0 0  0 1
   214  0.9252425637510062       4   0 0  1 2  0 0  0 1
   215  0.1873017935010373       4   0 0  0 3  0 0  0 1
   216  0.1947306656635961E-04   4   2 0  0 0  0 2  0 0
   217  0.2246052273931479E-04   4   1 1  0 0  0 2  0 0
   218  0.5077574377774754E-04   4   0 2  0 0  0 2  0 0
   219  0.3302998459273587E-04   4   1 0  1 0  0 2  0 0
   220  0.1291047210842606E-03   4   0 1  1 0  0 2  0 0
   221  0.8240975909444479E-04   4   0 0  2 0  0 2  0 0
   222  -.8239238304107971E-04   4   1 0  0 1  0 2  0 0
   223  0.1500070346440203E-03   4   0 1  0 1  0 2  0 0
   224  0.3593353335465270E-04   4   0 0  1 1  0 2  0 0
   225  0.9974129943377857E-04   4   0 0  0 2  0 2  0 0
   226  0.2551555408551550E-04   4   2 0  0 0  0 1  1 0
   227  0.2074719797688168E-04   4   1 1  0 0  0 1  1 0
   228  0.6184609899305722E-04   4   0 2  0 0  0 1  1 0
   229  0.6129660813763930E-05   4   1 0  1 0  0 1  1 0
   230  0.1535448521521331E-03   4   0 1  1 0  0 1  1 0
   231  0.8299660092953835E-04   4   0 0  2 0  0 1  1 0
   232  -.8791788167828430E-04   4   1 0  0 1  0 1  1 0
   233  0.1824025359141566E-03   4   0 1  0 1  0 1  1 0
   234  0.5715241467902485E-04   4   0 0  1 1  0 1  1 0
   235  0.1230224864826551E-03   4   0 0  0 2  0 1  1 0
   236  0.1942969181601977E-04   4   2 0  0 0  0 0  2 0
   237  0.2241633612570720E-04   4   1 1  0 0  0 0  2 0
   238  0.5066579739209245E-04   4   0 2  0 0  0 0  2 0
   239  0.3298140989178105E-04   4   1 0  1 0  0 0  2 0
   240  0.1288276613222856E-03   4   0 1  1 0  0 0  2 0
   241  0.8224300946748264E-04   4   0 0  2 0  0 0  2 0
   242  -.8222234538415991E-04   4   1 0  0 1  0 0  2 0
   243  0.1496824278781622E-03   4   0 1  0 1  0 0  2 0
   244  0.3584671918588913E-04   4   0 0  1 1  0 0  2 0
   245  0.9952429336143262E-04   4   0 0  0 2  0 0  2 0
   246  -.1708297743438142E-05   4   2 0  0 0  0 1  0 1
   247  -.1888108014067571E-04   4   1 1  0 0  0 1  0 1
   248  -.1195616963542028E-04   4   0 2  0 0  0 1  0 1
   249  -.2753279693622831E-04   4   1 0  1 0  0 1  0 1
   250  -.1178344518964521E-03   4   0 1  1 0  0 1  0 1
   251  -.8123668193008734E-04   4   0 0  2 0  0 1  0 1
   252  0.1002176107448761E-03   4   1 0  0 1  0 1  0 1
   253  -.2361433859794483E-04   4   0 1  0 1  0 1  0 1
   254  0.1314934798904571E-04   4   0 0  1 1  0 1  0 1
   255  0.1647743721063533E-04   4   0 0  0 2  0 1  0 1
   256  -.1705998796844292E-05   4   2 0  0 0  0 0  1 1
   257  -.1885567087285688E-04   4   1 1  0 0  0 0  1 1
   258  -.1194007958579969E-04   4   0 2  0 0  0 0  1 1
   259  -.2749574459568717E-04   4   1 0  1 0  0 0  1 1
   260  -.1176758758444352E-03   4   0 1  1 0  0 0  1 1
   261  -.8112735743209787E-04   4   0 0  2 0  0 0  1 1
   262  0.1000827426074280E-03   4   1 0  0 1  0 0  1 1
   263  -.2358255953396494E-04   4   0 1  0 1  0 0  1 1
   264  0.1313165221622937E-04   4   0 0  1 1  0 0  1 1
   265  0.1645526265219198E-04   4   0 0  0 2  0 0  1 1
   266  -.1255751980285048E-04   4   2 0  0 0  0 0  0 2
   267  -.3794754113661170E-05   4   1 1  0 0  0 0  0 2
   268  -.4019627184977665E-07   4   0 2  0 0  0 0  0 2
   269  -.3254336241409482E-04   4   1 0  1 0  0 0  0 2
   270  0.3893303526653741E-05   4   0 1  1 0  0 0  0 2
   271  -.1448305194149480E-04   4   0 0  2 0  0 0  0 2
   272  -.1767541801939077E-04   4   1 0  0 1  0 0  0 2
   273  -.1740806864331441E-05   4   0 1  0 1  0 0  0 2
   274  -.2551361445986541E-04   4   0 0  1 1  0 0  0 2
   275  -.5078576371850479E-05   4   0 0  0 2  0 0  0 2
   276  0.1427404019637124E-04   4   1 0  0 0  0 3  0 0
   277  0.1004185248178586E-04   4   0 1  0 0  0 3  0 0
   278  -.1200887973637737       4   0 0  1 0  0 3  0 0
   279  -.2933845183535140       4   0 0  0 1  0 3  0 0
   280  0.8600374282826077E-05   4   1 0  0 0  0 2  1 0
   281  0.1002912284430539E-04   4   0 1  0 0  0 2  1 0
   282  -.7731445316174647E-01   4   0 0  1 0  0 2  1 0
   283  -.2090575402606500       4   0 0  0 1  0 2  1 0
   284  0.8611788534602117E-05   4   1 0  0 0  0 1  2 0
   285  0.1002912126127245E-04   4   0 1  0 0  0 1  2 0
   286  -.7740047247619236E-01   4   0 0  1 0  0 1  2 0
   287  -.2092269681686404       4   0 0  0 1  0 1  2 0
   288  0.1423944701655288E-04   4   1 0  0 0  0 0  3 0
   289  0.1001484243749882E-04   4   0 1  0 0  0 0  3 0
   290  -.1197944296807809       4   0 0  1 0  0 0  3 0
   291  -.2926518035382770       4   0 0  0 1  0 0  3 0
   292  -.1719552182410805E-04   4   1 0  0 0  0 2  0 1
   293  -.1004536404671048E-04   4   0 1  0 0  0 2  0 1
   294  0.1546000176273565       4   0 0  1 0  0 2  0 1
   295  0.8248244498292484E-01   4   0 0  0 1  0 2  0 1
   296  -.1154092152110533E-04   4   1 0  0 0  0 1  1 1
   297  -.1005099392135414E-04   4   0 1  0 0  0 1  1 1
   298  0.1119699179632935       4   0 0  1 0  0 1  1 1
   299  0.8388919458975098E-01   4   0 0  0 1  0 1  1 1
   300  -.1716461528709488E-04   4   1 0  0 0  0 0  2 1
   301  -.1002508239228788E-04   4   0 1  0 0  0 0  2 1
   302  0.1543166222903623       4   0 0  1 0  0 0  2 1
   303  0.8231499693347086E-01   4   0 0  0 1  0 0  2 1
   304  0.9931941356135790E-07   4   1 0  0 0  0 1  0 2
   305  0.1413823648104668E-07   4   0 1  0 0  0 1  0 2
   306  -.1324015286058270E-01   4   0 0  1 0  0 1  0 2
   307  -.2819408814425588E-02   4   0 0  0 1  0 1  0 2
   308  0.9918575417533767E-07   4   1 0  0 0  0 0  1 2
   309  0.1411920990869942E-07   4   0 1  0 0  0 0  1 2
   310  -.1322233488684955E-01   4   0 0  1 0  0 0  1 2
   311  -.2815614586917238E-02   4   0 0  0 1  0 0  1 2
   312  -.2238580850051858E-07   4   1 0  0 0  0 0  0 3
   313  -.2387553237072128E-08   4   0 1  0 0  0 0  0 3
   314  0.1740638337195013E-03   4   0 0  1 0  0 0  0 3
   315  0.1856817137486474E-04   4   0 0  0 1  0 0  0 3
   316  0.1071012586726151E-04   4   0 0  0 0  0 4  0 0
   317  0.6581611050877987E-05   4   0 0  0 0  0 3  1 0
   318  0.6032854016531231E-05   4   0 0  0 0  0 2  2 0
   319  0.6593416710615399E-05   4   0 0  0 0  0 1  3 0
   320  0.1067688929561913E-04   4   0 0  0 0  0 0  4 0
   321  -.3480375021723050E-06   4   0 0  0 0  0 3  0 1
   322  -.6177945541543531E-06   4   0 0  0 0  0 2  1 1
   323  -.6172490691904049E-06   4   0 0  0 0  0 1  2 1
   324  -.3469198039229121E-06   4   0 0  0 0  0 0  3 1
   325  -.3311467218364883E-07   4   0 0  0 0  0 2  0 2
   326  -.3989920618897439E-07   4   0 0  0 0  0 1  1 2
   327  -.3304326078281269E-07   4   0 0  0 0  0 0  2 2
   328  0.4553899615733045E-09   4   0 0  0 0  0 1  0 3
   329  0.4547771192248047E-09   4   0 0  0 0  0 0  1 3
   ----------------------------------------------------
     I  COEFFICIENT            ORDER EXPONENTS
     1  -.1895342133148572E-04   0   0 0  0 0  0 0  0 0
     2  -.1036296205244726E-03   1   1 0  0 0  0 0  0 0
     3  -.2535546403619022E-04   1   0 1  0 0  0 0  0 0
     4  0.8170388220825509       1   0 0  1 0  0 0  0 0
     5   1.196420674729874       1   0 0  0 1  0 0  0 0
     6  0.2228964868283408E-06   1   0 0  0 0  0 1  0 0
     7  0.2225965232410990E-06   1   0 0  0 0  0 0  1 0
     8  -.1939891434136409E-04   1   0 0  0 0  0 0  0 1
     9  -.2108152088338517E-04   2   2 0  0 0  0 0  0 0
    10  0.1026055992007427E-03   2   1 1  0 0  0 0  0 0
    11  0.1603650246997827E-04   2   0 2  0 0  0 0  0 0
    12  0.2275589033561994E-03   2   1 0  1 0  0 0  0 0
    13  -.1147947836575017E-03   2   0 1  1 0  0 0  0 0
    14  0.2654740364042865E-04   2   0 0  2 0  0 0  0 0
    15  -.1135094396076123E-03   2   1 0  0 1  0 0  0 0
    16  -.6405982592640049E-04   2   0 1  0 1  0 0  0 0
    17  -.8409842209856867E-04   2   0 0  1 1  0 0  0 0
    18  -.1184153055518375E-04   2   0 0  0 2  0 0  0 0
    19  0.7396047026353410E-07   2   1 0  0 0  0 1  0 0
    20  0.1268174793853835E-04   2   0 1  0 0  0 1  0 0
    21  -.1846636161946923E-01   2   0 0  1 0  0 1  0 0
    22  -.1010797713082841       2   0 0  0 1  0 1  0 0
    23  0.7386093774827119E-07   2   1 0  0 0  0 0  1 0
    24  0.1266468143983275E-04   2   0 1  0 0  0 0  1 0
    25  -.1844151046029123E-01   2   0 0  1 0  0 0  1 0
    26  -.1009437429157821       2   0 0  0 1  0 0  1 0
    27  -.1037774419324844E-03   2   1 0  0 0  0 0  0 1
    28  -.2534642937837109E-04   2   0 1  0 0  0 0  0 1
    29  0.8539466941623113       2   0 0  1 0  0 0  0 1
    30  0.2020235142240661       2   0 0  0 1  0 0  0 1
    31  -.1681233099518942E-06   2   0 0  0 0  0 2  0 0
    32  -.1134978328507095E-06   2   0 0  0 0  0 1  1 0
    33  -.1678206874798578E-06   2   0 0  0 0  0 0  2 0
    34  0.4497466324949912E-06   2   0 0  0 0  0 1  0 1
    35  0.4491413846728098E-06   2   0 0  0 0  0 0  1 1
    36  -.4494445695076703E-06   2   0 0  0 0  0 0  0 2
    37  0.7207794504075683E-04   3   3 0  0 0  0 0  0 0
    38  0.5476938968097003E-04   3   2 1  0 0  0 0  0 0
    39  0.1487019632571733E-04   3   1 2  0 0  0 0  0 0
    40  -.1123844949837032E-04   3   0 3  0 0  0 0  0 0
    41  -1.515642488673506       3   2 0  1 0  0 0  0 0
    42  -1.093351913760012       3   1 1  1 0  0 0  0 0
    43  0.2767987056858743       3   0 2  1 0  0 0  0 0
    44  -.1805602384186407E-03   3   1 0  2 0  0 0  0 0
    45  -.4893721482619649E-04   3   0 1  2 0  0 0  0 0
    46  -.6876998261521315       3   0 0  3 0  0 0  0 0
    47  -.1946738449703773       3   2 0  0 1  0 0  0 0
    48  -.2701536907766319       3   1 1  0 1  0 0  0 0
    49  0.1543281853564671       3   0 2  0 1  0 0  0 0
    50  -.8476513232537911E-04   3   1 0  1 1  0 0  0 0
    51  0.7814853538232640E-04   3   0 1  1 1  0 0  0 0
    52  -.6599760570791900       3   0 0  2 1  0 0  0 0
    53  -.1117997413372490E-04   3   1 0  0 2  0 0  0 0
    54  0.9008018129060323E-05   3   0 1  0 2  0 0  0 0
    55  -.5995234180072936       3   0 0  1 2  0 0  0 0
    56  -.1890994456161532E-01   3   0 0  0 3  0 0  0 0
    57  0.1184682767348647E-04   3   2 0  0 0  0 1  0 0
    58  -.5320570082526140E-04   3   1 1  0 0  0 1  0 0
    59  -.1668467837549886E-04   3   0 2  0 0  0 1  0 0
    60  -.1119813900246147E-03   3   1 0  1 0  0 1  0 0
    61  0.3332574403175749E-04   3   0 1  1 0  0 1  0 0
    62  -.1696687601255637E-04   3   0 0  2 0  0 1  0 0
    63  0.3439177243431993E-04   3   1 0  0 1  0 1  0 0
    64  0.5673640143180073E-04   3   0 1  0 1  0 1  0 0
    65  0.3312830760055945E-04   3   0 0  1 1  0 1  0 0
    66  0.1015713731721734E-04   3   0 0  0 2  0 1  0 0
    67  0.1183088477112521E-04   3   2 0  0 0  0 0  1 0
    68  -.5313409910058885E-04   3   1 1  0 0  0 0  1 0
    69  -.1666222492166261E-04   3   0 2  0 0  0 0  1 0
    70  -.1118306907474190E-03   3   1 0  1 0  0 0  1 0
    71  0.3328089581602681E-04   3   0 1  1 0  0 0  1 0
    72  -.1694404279043964E-04   3   0 0  2 0  0 0  1 0
    73  0.3434548960780539E-04   3   1 0  0 1  0 0  1 0
    74  0.5666004825664834E-04   3   0 1  0 1  0 0  1 0
    75  0.3308372508547371E-04   3   0 0  1 1  0 0  1 0
    76  0.1014346832050487E-04   3   0 0  0 2  0 0  1 0
    77  -.4475923332799682E-04   3   2 0  0 0  0 0  0 1
    78  0.1063397999258509E-03   3   1 1  0 0  0 0  0 1
    79  0.1731040082718305E-04   3   0 2  0 0  0 0  0 1
    80  0.4513709841282332E-03   3   1 0  1 0  0 0  0 1
    81  -.6660663984778412E-04   3   0 1  1 0  0 0  0 1
    82  0.6045832244342485E-04   3   0 0  2 0  0 0  0 1
    83  -.6873726204212422E-04   3   1 0  0 1  0 0  0 1
    84  -.4933662376204903E-04   3   0 1  0 1  0 0  0 1
    85  -.6621203268603386E-04   3   0 0  1 1  0 0  0 1
    86  -.8459075082538026E-05   3   0 0  0 2  0 0  0 1
    87  -.6529739187291761E-07   3   1 0  0 0  0 2  0 0
    88  -.9524133650913288E-05   3   0 1  0 0  0 2  0 0
    89  0.1398782879840102E-01   3   0 0  1 0  0 2  0 0
    90  0.7721120133322533E-01   3   0 0  0 1  0 2  0 0
    91  -.6377142841017515E-07   3   1 0  0 0  0 1  1 0
    92  -.6367763284153305E-05   3   0 1  0 0  0 1  1 0
    93  0.9521318879599115E-02   3   0 0  1 0  0 1  1 0
    94  0.5340669513867844E-01   3   0 0  0 1  0 1  1 0
    95  -.6516660742882104E-07   3   1 0  0 0  0 0  2 0
    96  -.9507031802927075E-05   3   0 1  0 0  0 0  2 0
    97  0.1396259796651585E-01   3   0 0  1 0  0 0  2 0
    98  0.7707135803063546E-01   3   0 0  0 1  0 0  2 0
    99  0.2073696185480892E-06   3   1 0  0 0  0 1  0 1
   100  0.1271172361616906E-04   3   0 1  0 0  0 1  0 1
   101  -.3749698578671864E-01   3   0 0  1 0  0 1  0 1
   102  -.1067493417855892       3   0 0  0 1  0 1  0 1
   103  0.2070905502884001E-06   3   1 0  0 0  0 0  1 1
   104  0.1269461677760920E-04   3   0 1  0 0  0 0  1 1
   105  -.3744652411041810E-01   3   0 0  1 0  0 0  1 1
   106  -.1066056835523364       3   0 0  0 1  0 0  1 1
   107  -.2161493555809513E-06   3   1 0  0 0  0 0  0 2
   108  -.2371146098205341E-07   3   0 1  0 0  0 0  0 2
   109  0.3747175617339668E-01   3   0 0  1 0  0 0  0 2
   110  0.5665758707199714E-02   3   0 0  0 1  0 0  0 2
   111  0.1407590749364379E-06   3   0 0  0 0  0 3  0 0
   112  0.8606648160949290E-07   3   0 0  0 0  0 2  1 0
   113  0.8617650321264711E-07   3   0 0  0 0  0 1  2 0
   114  0.1404171004836138E-06   3   0 0  0 0  0 0  3 0
   115  -.3402170177073539E-06   3   0 0  0 0  0 2  0 1
   116  -.2309813880279924E-06   3   0 0  0 0  0 1  1 1
   117  -.3396037477631910E-06   3   0 0  0 0  0 0  2 1
   118  0.2308334673528823E-06   3   0 0  0 0  0 1  0 2
   119  0.2305228225513211E-06   3   0 0  0 0  0 0  1 2
   120  -.3970573465513873E-08   3   0 0  0 0  0 0  0 3
   121  -.4503372806999514E-04   4   4 0  0 0  0 0  0 0
   122  0.2175290880744613E-04   4   3 1  0 0  0 0  0 0
   123  0.3106227625891084E-04   4   2 2  0 0  0 0  0 0
   124  -.8815524439837356E-05   4   1 3  0 0  0 0  0 0
   125  0.1901903637532134E-04   4   0 4  0 0  0 0  0 0
   126  -.9269151805269235E-08   4   3 0  1 0  0 0  0 0
   127  0.6295118702232151E-03   4   2 1  1 0  0 0  0 0
   128  0.2037436632113639E-03   4   1 2  1 0  0 0  0 0
   129  0.1009232205813714E-03   4   0 3  1 0  0 0  0 0
   130  -.2023957758098637E-04   4   2 0  2 0  0 0  0 0
   131  0.6696263117610740E-03   4   1 1  2 0  0 0  0 0
   132  0.9709690687941527E-04   4   0 2  2 0  0 0  0 0
   133  -.1955711062015156E-07   4   1 0  3 0  0 0  0 0
   134  0.3320887411533519E-07   4   0 1  3 0  0 0  0 0
   135  0.6360772156171662E-04   4   0 0  4 0  0 0  0 0
   136  0.3147843215863158E-03   4   3 0  0 1  0 0  0 0
   137  0.3380111081158480E-03   4   2 1  0 1  0 0  0 0
   138  -.7013589323133141E-04   4   1 2  0 1  0 0  0 0
   139  0.7482745674894368E-05   4   0 3  0 1  0 0  0 0
   140  0.2999303140474020E-03   4   2 0  1 1  0 0  0 0
   141  0.5748729839792368E-03   4   1 1  1 1  0 0  0 0
   142  -.1668561659026563E-03   4   0 2  1 1  0 0  0 0
   143  0.4285469246377946E-03   4   1 0  2 1  0 0  0 0
   144  0.4098103865194015E-04   4   0 1  2 1  0 0  0 0
   145  0.3894104907739374E-03   4   0 0  3 1  0 0  0 0
   146  -.2729607047076874E-04   4   2 0  0 2  0 0  0 0
   147  0.1334145872784523E-03   4   1 1  0 2  0 0  0 0
   148  0.1986403302342562E-05   4   0 2  0 2  0 0  0 0
   149  0.1907039930940482E-03   4   1 0  1 2  0 0  0 0
   150  0.1054099797665933E-03   4   0 1  1 2  0 0  0 0
   151  0.2322791339191571E-03   4   0 0  2 2  0 0  0 0
   152  0.2635908983285171E-04   4   1 0  0 3  0 0  0 0
   153  0.1951327133377648E-04   4   0 1  0 3  0 0  0 0
   154  -.1684826343989216E-04   4   0 0  1 3  0 0  0 0
   155  -.1495256024463303E-04   4   0 0  0 4  0 0  0 0
   156  -.3525987157451849E-04   4   3 0  0 0  0 1  0 0
   157  -.5523692498942532E-04   4   2 1  0 0  0 1  0 0
   158  -.2253209555462337E-04   4   1 2  0 0  0 1  0 0
   159  0.1613149963390970E-04   4   0 3  0 0  0 1  0 0
   160  0.6920018095656933       4   2 0  1 0  0 1  0 0
   161   1.085163822800298       4   1 1  1 0  0 1  0 0
   162  -.2191449744996166       4   0 2  1 0  0 1  0 0
   163  0.6974777971157442E-04   4   1 0  2 0  0 1  0 0
   164  0.4641642878087224E-04   4   0 1  2 0  0 1  0 0
   165  0.4205384225411278       4   0 0  3 0  0 1  0 0
   166  0.1678269319021556       4   2 0  0 1  0 1  0 0
   167  0.3965492760974973       4   1 1  0 1  0 1  0 0
   168  -.2139616682251223       4   0 2  0 1  0 1  0 0
   169  0.7313159718016123E-04   4   1 0  1 1  0 1  0 0
   170  -.6719814631960428E-04   4   0 1  1 1  0 1  0 0
   171  0.7176186987468794       4   0 0  2 1  0 1  0 0
   172  0.1513763652376381E-04   4   1 0  0 2  0 1  0 0
   173  -.1195395731177332E-04   4   0 1  0 2  0 1  0 0
   174  0.7186978606955854       4   0 0  1 2  0 1  0 0
   175  0.3894757143559872E-01   4   0 0  0 3  0 1  0 0
   176  -.3521242050109366E-04   4   3 0  0 0  0 0  1 0
   177  -.5516258973900038E-04   4   2 1  0 0  0 0  1 0
   178  -.2250177292232708E-04   4   1 2  0 0  0 0  1 0
   179  0.1610979062195371E-04   4   0 3  0 0  0 0  1 0
   180  0.6910705461432952       4   2 0  1 0  0 0  1 0
   181   1.083703460469569       4   1 1  1 0  0 0  1 0
   182  -.2188500595208782       4   0 2  1 0  0 0  1 0
   183  0.6965391643673732E-04   4   1 0  2 0  0 0  1 0
   184  0.4635396373854942E-04   4   0 1  2 0  0 0  1 0
   185  0.4199724817513621       4   0 0  3 0  0 0  1 0
   186  0.1676010783266103       4   2 0  0 1  0 0  1 0
   187  0.3960156187704481       4   1 1  0 1  0 0  1 0
   188  -.2136737286956904       4   0 2  0 1  0 0  1 0
   189  0.7303318012324900E-04   4   1 0  1 1  0 0  1 0
   190  -.6710771422122561E-04   4   0 1  1 1  0 0  1 0
   191  0.7166529613223016       4   0 0  2 1  0 0  1 0
   192  0.1511726500594259E-04   4   1 0  0 2  0 0  1 0
   193  -.1193787023939393E-04   4   0 1  0 2  0 0  1 0
   194  0.7177306709857167       4   0 0  1 2  0 0  1 0
   195  0.3889515762949703E-01   4   0 0  0 3  0 0  1 0
   196  0.1425502371163692E-03   4   3 0  0 0  0 0  0 1
   197  0.1103995147284257E-03   4   2 1  0 0  0 0  0 1
   198  0.3016367215123358E-04   4   1 2  0 0  0 0  0 1
   199  -.9764391259122916E-05   4   0 3  0 0  0 0  0 1
   200  -2.898714844382497       4   2 0  1 0  0 0  0 1
   201  -2.168867283269869       4   1 1  1 0  0 0  0 1
   202  0.1611963283346206       4   0 2  1 0  0 0  0 1
   203  -.3199619345669525E-03   4   1 0  2 0  0 0  0 1
   204  -.9277039251942164E-04   4   0 1  2 0  0 0  0 1
   205  -1.528210730444622       4   0 0  3 0  0 0  0 1
   206  -.3354280102287664       4   2 0  0 1  0 0  0 1
   207  -.5224112040913196       4   1 1  0 1  0 0  0 1
   208  0.1189790262078799       4   0 2  0 1  0 0  0 1
   209  -.1461647773034100E-03   4   1 0  1 1  0 0  0 1
   210  0.5615732515850282E-04   4   0 1  1 1  0 0  0 1
   211  -1.434271660069181       4   0 0  2 1  0 0  0 1
   212  -.1907492739598236E-04   4   1 0  0 2  0 0  0 1
   213  0.5875791293047117E-05   4   0 1  0 2  0 0  0 1
   214  -.8369051136740047       4   0 0  1 2  0 0  0 1
   215  -.4002283994186672E-01   4   0 0  0 3  0 0  0 1
   216  -.1371326444639421E-04   4   2 0  0 0  0 2  0 0
   217  0.1444127072116501E-06   4   1 1  0 0  0 2  0 0
   218  0.3794436917268601E-04   4   0 2  0 0  0 2  0 0
   219  -.1048049496493328E-03   4   1 0  1 0  0 2  0 0
   220  0.9633513609167095E-04   4   0 1  1 0  0 2  0 0
   221  -.5674543364299987E-04   4   0 0  2 0  0 2  0 0
   222  -.9296085083418818E-04   4   1 0  0 1  0 2  0 0
   223  0.2344434835159314E-04   4   0 1  0 1  0 2  0 0
   224  -.1874718583142283E-03   4   0 0  1 1  0 2  0 0
   225  -.3425922374375547E-04   4   0 0  0 2  0 2  0 0
   226  -.8467246443498367E-05   4   2 0  0 0  0 1  1 0
   227  -.1853696507288966E-04   4   1 1  0 0  0 1  1 0
   228  0.4172762662652183E-04   4   0 2  0 0  0 1  1 0
   229  -.1260314599190353E-03   4   1 0  1 0  0 1  1 0
   230  0.1133416651164054E-03   4   0 1  1 0  0 1  1 0
   231  -.6149194147448579E-04   4   0 0  2 0  0 1  1 0
   232  -.8388390882920152E-04   4   1 0  0 1  0 1  1 0
   233  0.3958771351738251E-04   4   0 1  0 1  0 1  1 0
   234  -.1857402416796251E-03   4   0 0  1 1  0 1  1 0
   235  -.3665262573954458E-04   4   0 0  0 2  0 1  1 0
   236  -.1368911237077790E-04   4   2 0  0 0  0 0  2 0
   237  0.1566914503852740E-06   4   1 1  0 0  0 0  2 0
   238  0.3786522789223014E-04   4   0 2  0 0  0 0  2 0
   239  -.1045791044878295E-03   4   1 0  1 0  0 0  2 0
   240  0.9612922786998312E-04   4   0 1  1 0  0 0  2 0
   241  -.5662769183431184E-04   4   0 0  2 0  0 0  2 0
   242  -.9277930499663359E-04   4   1 0  0 1  0 0  2 0
   243  0.2338616041290211E-04   4   0 1  0 1  0 0  2 0
   244  -.1870945872907426E-03   4   0 0  1 1  0 0  2 0
   245  -.3418845660685173E-04   4   0 0  0 2  0 0  2 0
   246  0.3222600846514903E-04   4   2 0  0 0  0 1  0 1
   247  0.8857372602320173E-05   4   1 1  0 0  0 1  0 1
   248  -.2992605674910894E-04   4   0 2  0 0  0 1  0 1
   249  0.1678192775109791E-03   4   1 0  1 0  0 1  0 1
   250  -.7663547771304368E-04   4   0 1  1 0  0 1  0 1
   251  0.1123410560555034E-03   4   0 0  2 0  0 1  0 1
   252  0.1225687094121186E-03   4   1 0  0 1  0 1  0 1
   253  -.5748918541955991E-05   4   0 1  0 1  0 1  0 1
   254  0.2347664476547384E-03   4   0 0  1 1  0 1  0 1
   255  0.3794306340076913E-04   4   0 0  0 2  0 1  0 1
   256  0.3218264022171584E-04   4   2 0  0 0  0 0  1 1
   257  0.8845452767705446E-05   4   1 1  0 0  0 0  1 1
   258  -.2988578367230218E-04   4   0 2  0 0  0 0  1 1
   259  0.1675934342363534E-03   4   1 0  1 0  0 0  1 1
   260  -.7653234529884246E-04   4   0 1  1 0  0 0  1 1
   261  0.1121898727567145E-03   4   0 0  2 0  0 0  1 1
   262  0.1224037622194549E-03   4   1 0  0 1  0 0  1 1
   263  -.5741181918319354E-05   4   0 1  0 1  0 0  1 1
   264  0.2344505100336440E-03   4   0 0  1 1  0 0  1 1
   265  0.3789200141423905E-04   4   0 0  0 2  0 0  1 1
   266  -.2853902606639076E-04   4   2 0  0 0  0 0  0 2
   267  -.1908732527050641E-04   4   1 1  0 0  0 0  0 2
   268  -.2449150119246801E-05   4   0 2  0 0  0 0  0 2
   269  0.2802312770616676E-08   4   1 0  1 0  0 0  0 2
   270  0.6105917524605722E-09   4   0 1  1 0  0 0  0 2
   271  -.4966586103085070E-04   4   0 0  2 0  0 0  0 2
   272  -.7782082901832877E-05   4   1 0  0 1  0 0  0 2
   273  -.7435362869786982E-06   4   0 1  0 1  0 0  0 2
   274  -.3260347369381516E-04   4   0 0  1 1  0 0  0 2
   275  -.3735134783381951E-05   4   0 0  0 2  0 0  0 2
   276  0.7199335975825480E-07   4   1 0  0 0  0 3  0 0
   277  0.7934978773345627E-05   4   0 1  0 0  0 3  0 0
   278  -.1175061593436504E-01   4   0 0  1 0  0 3  0 0
   279  -.6529284355168195E-01   4   0 0  0 1  0 3  0 0
   280  0.7886762697316372E-07   4   1 0  0 0  0 2  1 0
   281  0.4766475545035365E-05   4   0 1  0 0  0 2  1 0
   282  -.7279206948888633E-02   4   0 0  1 0  0 2  1 0
   283  -.4147220509517881E-01   4   0 0  0 1  0 2  1 0
   284  0.7885355480042927E-07   4   1 0  0 0  0 1  2 0
   285  0.4772850022512413E-05   4   0 1  0 0  0 1  2 0
   286  -.7288201144668872E-02   4   0 0  1 0  0 1  2 0
   287  -.4152011276110516E-01   4   0 0  0 1  0 1  2 0
   288  0.7179503518893660E-07   4   1 0  0 0  0 0  3 0
   289  0.7915758069371830E-05   4   0 1  0 0  0 0  3 0
   290  -.1172200439565800E-01   4   0 0  1 0  0 0  3 0
   291  -.6513317346827353E-01   4   0 0  0 1  0 0  3 0
   292  -.2170315050213155E-06   4   1 0  0 0  0 2  0 1
   293  -.9546309456069825E-05   4   0 1  0 0  0 2  0 1
   294  0.2854321464417085E-01   4   0 0  1 0  0 2  0 1
   295  0.8292831636799297E-01   4   0 0  0 1  0 2  0 1
   296  -.2266670108768102E-06   4   1 0  0 0  0 1  1 1
   297  -.6389392004687044E-05   4   0 1  0 0  0 1  1 1
   298  0.1961347471913196E-01   4   0 0  1 0  0 1  1 1
   299  0.5917121204863881E-01   4   0 0  0 1  0 1  1 1
   300  -.2165869153597803E-06   4   1 0  0 0  0 0  2 1
   301  -.9529163211360044E-05   4   0 1  0 0  0 0  2 1
   302  0.2849160508613497E-01   4   0 0  1 0  0 0  2 1
   303  0.8277690043383489E-01   4   0 0  0 1  0 0  2 1
   304  0.2182479449726761E-06   4   1 0  0 0  0 1  0 2
   305  0.3611115452412156E-07   4   0 1  0 0  0 1  0 2
   306  -.1960145589324043E-01   4   0 0  1 0  0 1  0 2
   307  -.5764576286362506E-02   4   0 0  0 1  0 1  0 2
   308  0.2179542371739821E-06   4   1 0  0 0  0 0  1 2
   309  0.3606255783421741E-07   4   0 1  0 0  0 0  1 2
   310  -.1957507717768363E-01   4   0 0  1 0  0 0  1 2
   311  -.5756818591271354E-02   4   0 0  0 1  0 0  1 2
   312  -.7335094215378658E-07   4   1 0  0 0  0 0  0 3
   313  -.8250263430254628E-08   4   0 1  0 0  0 0  0 3
   314  0.5682589658425277E-03   4   0 0  1 0  0 0  0 3
   315  0.6329248774486409E-04   4   0 0  0 1  0 0  0 3
   316  0.4186029976421801E-05   4   0 0  0 0  0 4  0 0
   317  0.2504923682593809E-05   4   0 0  0 0  0 3  1 0
   318  0.2281565427472841E-05   4   0 0  0 0  0 2  2 0
   319  0.2509731544354098E-05   4   0 0  0 0  0 1  3 0
   320  0.4173084846279707E-05   4   0 0  0 0  0 0  4 0
   321  -.4927250457759845E-05   4   0 0  0 0  0 3  0 1
   322  -.3167855449873071E-05   4   0 0  0 0  0 2  1 1
   323  -.3171393630948113E-05   4   0 0  0 0  0 1  2 1
   324  -.4915175464874357E-05   4   0 0  0 0  0 0  3 1
   325  0.1647562374619296E-06   4   0 0  0 0  0 2  0 2
   326  0.1983133179044947E-06   4   0 0  0 0  0 1  1 2
   327  0.1644010759237190E-06   4   0 0  0 0  0 0  2 2
   328  -.5653799952060744E-09   4   0 0  0 0  0 1  0 3
   329  -.5646191334539617E-09   4   0 0  0 0  0 0  1 3
   330  -.2142715825694539E-15   4   0 0  0 0  0 0  0 4
   ----------------------------------------------------
     I  COEFFICIENT            ORDER EXPONENTS
     1  0.4233250925046435E-08   0   0 0  0 0  0 0  0 0
     2  0.5216670361390242E-05   1   1 0  0 0  0 0  0 0
     3  -.6450860052299926E-05   1   0 1  0 0  0 0  0 0
     4  0.2708781819641001E-05   1   0 0  1 0  0 0  0 0
     5  0.4238401164295056E-05   1   0 0  0 1  0 0  0 0
     6   1.000000000000000       1   0 0  0 0  1 0  0 0
     7  0.1707534439241202       1   0 0  0 0  0 1  0 0
     8  -.1707534436127454       1   0 0  0 0  0 0  1 0
     9  -.3113756054504329E-09   1   0 0  0 0  0 0  0 1
    10  -.5361426886148703E-01   2   2 0  0 0  0 0  0 0
    11  0.1404604393130960       2   1 1  0 0  0 0  0 0
    12  -.1371832290504111       2   0 2  0 0  0 0  0 0
    13  0.1217250889682273E-05   2   1 0  1 0  0 0  0 0
    14  0.2301580825914211E-04   2   0 1  1 0  0 0  0 0
    15  -.6279976875723313E-01   2   0 0  2 0  0 0  0 0
    16  0.2301480280182515E-04   2   1 0  0 1  0 0  0 0
    17  0.1006751110974999E-04   2   0 1  0 1  0 0  0 0
    18  -.2065216954213591       2   0 0  1 1  0 0  0 0
    19  -.2130661288426060       2   0 0  0 2  0 0  0 0
    20  -.7650022425696387E-05   2   1 0  0 0  0 1  0 0
    21  0.8995951786833929E-05   2   0 1  0 0  0 1  0 0
    22  -.4144942454245729E-05   2   0 0  1 0  0 1  0 0
    23  -.6718999770077800E-05   2   0 0  0 1  0 1  0 0
    24  -.2437087341444221E-05   2   1 0  0 0  0 0  1 0
    25  0.2550334262510338E-05   2   0 1  0 0  0 0  1 0
    26  -.1437869032718612E-05   2   0 0  1 0  0 0  1 0
    27  -.2482958366107167E-05   2   0 0  0 1  0 0  1 0
    28  0.1008710689292589E-04   2   1 0  0 0  0 0  0 1
    29  -.5095417680815722E-05   2   0 1  0 0  0 0  0 1
    30  0.5582813472516299E-05   2   0 0  1 0  0 0  0 1
    31  0.4963564349526071E-05   2   0 0  0 1  0 0  0 1
    32  -.1281513130564170       2   0 0  0 0  0 2  0 0
    33  0.8554918172966727E-01   2   0 0  0 0  0 1  1 0
    34  0.4260213086759374E-01   2   0 0  0 0  0 0  2 0
    35  0.4590442357499157E-09   2   0 0  0 0  0 1  0 1
    36  0.1478883755143621E-09   2   0 0  0 0  0 0  1 1
    37  -.1477785711548089E-09   2   0 0  0 0  0 0  0 2
    38  0.3981710143808178E-05   3   3 0  0 0  0 0  0 0
    39  0.6007442632437094E-04   3   2 1  0 0  0 0  0 0
    40  -.6276408155628104E-05   3   1 2  0 0  0 0  0 0
    41  -.1199011801152860E-04   3   0 3  0 0  0 0  0 0
    42  0.2235500969558808E-04   3   2 0  1 0  0 0  0 0
    43  0.3985628903902118E-04   3   1 1  1 0  0 0  0 0
    44  -.1590375723880429E-04   3   0 2  1 0  0 0  0 0
    45  0.1255875247627654E-04   3   1 0  2 0  0 0  0 0
    46  -.1710790264186212E-04   3   0 1  2 0  0 0  0 0
    47  -.2236641216382411E-05   3   0 0  3 0  0 0  0 0
    48  0.4823642847135111E-04   3   2 0  0 1  0 0  0 0
    49  -.2035596945982444E-04   3   1 1  0 1  0 0  0 0
    50  -.4668767658073649E-05   3   0 2  0 1  0 0  0 0
    51  -.8027558596320594E-04   3   1 0  1 1  0 0  0 0
    52  0.2308957463026969E-04   3   0 1  1 1  0 0  0 0
    53  0.4260160113477176E-05   3   0 0  2 1  0 0  0 0
    54  0.4752036215776995E-04   3   1 0  0 2  0 0  0 0
    55  0.5140066690838100E-05   3   0 1  0 2  0 0  0 0
    56  0.4361515964300839E-04   3   0 0  1 2  0 0  0 0
    57  0.1378128971530330E-04   3   0 0  0 3  0 0  0 0
    58  0.7826259880436816E-01   3   2 0  0 0  0 1  0 0
    59  -.1959128524179473       3   1 1  0 0  0 1  0 0
    60  0.1906081360449909       3   0 2  0 0  0 1  0 0
    61  -.2438833669074572E-05   3   1 0  1 0  0 1  0 0
    62  -.3476891532542744E-04   3   0 1  1 0  0 1  0 0
    63  0.9664004499094644E-01   3   0 0  2 0  0 1  0 0
    64  -.3475721466309078E-04   3   1 0  0 1  0 1  0 0
    65  -.2020991608988085E-04   3   0 1  0 1  0 1  0 0
    66  0.3281383889092309       3   0 0  1 1  0 1  0 0
    67  0.3427132133252883       3   0 0  0 2  0 1  0 0
    68  0.2468721527869674E-01   3   2 0  0 0  0 0  1 0
    69  -.5556657187397131E-01   3   1 1  0 0  0 0  1 0
    70  0.5353738736327047E-01   3   0 2  0 0  0 0  1 0
    71  -.1220064803106307E-05   3   1 0  1 0  0 0  1 0
    72  -.1176517762643918E-04   3   0 1  1 0  0 0  1 0
    73  0.3387913486619822E-01   3   0 0  2 0  0 0  1 0
    74  -.1175768078995974E-04   3   1 0  0 1  0 0  1 0
    75  -.1013037694412693E-04   3   0 1  0 1  0 0  1 0
    76  0.1217305915886646       3   0 0  1 1  0 0  1 0
    77  0.1297589727947605       3   0 0  0 2  0 0  1 0
    78  -.1029498154064670       3   2 0  0 0  0 0  0 1
    79  0.1110190245822172       3   1 1  0 0  0 0  0 1
    80  0.3022088880291038E-01   3   0 2  0 0  0 0  0 1
    81  0.3657292388169836E-05   3   1 0  1 0  0 0  0 1
    82  0.2350883433450653E-04   3   0 1  1 0  0 0  0 1
    83  -.1305191785587492       3   0 0  2 0  0 0  0 1
    84  0.2350317066962016E-04   3   1 0  0 1  0 0  0 1
    85  0.1015785816811091E-04   3   0 1  0 1  0 0  0 1
    86  -.2433473167079830       3   0 0  1 1  0 0  0 1
    87  -.4633997819900383E-01   3   0 0  0 2  0 0  0 1
    88  0.9391459681846335E-05   3   1 0  0 0  0 2  0 0
    89  -.1058259966120815E-04   3   0 1  0 0  0 2  0 0
    90  0.5264675377158140E-05   3   0 0  1 0  0 2  0 0
    91  0.8768638012514878E-05   3   0 0  0 1  0 2  0 0
    92  0.3484749975793864E-05   3   1 0  0 0  0 1  1 0
    93  -.3175895831318898E-05   3   0 1  0 0  0 1  1 0
    94  0.2240320528805108E-05   3   0 0  1 0  0 1  1 0
    95  0.4100437673684101E-05   3   0 0  0 1  0 1  1 0
    96  0.1745168442050270E-05   3   1 0  0 0  0 0  2 0
    97  -.1591853634043482E-05   3   0 1  0 0  0 0  2 0
    98  0.1121436585206156E-05   3   0 0  1 0  0 0  2 0
    99  0.2051972275706366E-05   3   0 0  0 1  0 0  2 0
   100  -.1461765628297183E-04   3   1 0  0 0  0 1  0 1
   101  0.6349217589117965E-05   3   0 1  0 0  0 1  0 1
   102  -.8624723935089868E-05   3   0 0  1 0  0 1  0 1
   103  -.8199693623297397E-05   3   0 0  0 1  0 1  0 1
   104  -.4538008874998895E-05   3   1 0  0 0  0 0  1 1
   105  0.1258960548391091E-05   3   0 1  0 0  0 0  1 1
   106  -.3045319779337040E-05   3   0 0  1 0  0 0  1 1
   107  -.3238444985217941E-05   3   0 0  0 1  0 0  1 1
   108  0.4534280662398442E-05   3   1 0  0 0  0 0  0 2
   109  0.1291329465859224E-05   3   0 1  0 0  0 0  0 2
   110  0.3043614530452260E-05   3   0 0  1 0  0 0  0 2
   111  0.7555050666047552E-06   3   0 0  0 1  0 0  0 2
   112  0.1068071722353154       3   0 0  0 0  0 3  0 0
   113  -.6411892005507866E-01   3   0 0  0 0  0 2  1 0
   114  -.2143026740457909E-01   3   0 0  0 0  0 1  2 0
   115  -.2125800002294321E-01   3   0 0  0 0  0 0  3 0
   116  -.1137619164721491E-08   3   0 0  0 0  0 2  0 1
   117  -.4871560428391618E-09   3   0 0  0 0  0 1  1 1
   118  -.2438507717659528E-09   3   0 0  0 0  0 0  2 1
   119  0.1567081085466234E-09   3   0 0  0 0  0 1  0 2
   120  0.3753604474265977E-10   3   0 0  0 0  0 0  1 2
   121  0.4668664346438866E-11   3   0 0  0 0  0 0  0 3
   122  -.1104870354219916       4   4 0  0 0  0 0  0 0
   123  -.4132314381578131E-01   4   3 1  0 0  0 0  0 0
   124  0.1232542193840921E-01   4   2 2  0 0  0 0  0 0
   125  0.1604394138616977       4   1 3  0 0  0 0  0 0
   126  -.7270301185513628E-01   4   0 4  0 0  0 0  0 0
   127  0.3167800113647463E-04   4   3 0  1 0  0 0  0 0
   128  -.1817022762634237E-04   4   2 1  1 0  0 0  0 0
   129  -.4394989299151525E-04   4   1 2  1 0  0 0  0 0
   130  0.2496931306703541E-04   4   0 3  1 0  0 0  0 0
   131  -.4598043987026088       4   2 0  2 0  0 0  0 0
   132  0.1687960936101997       4   1 1  2 0  0 0  0 0
   133  0.9493223885001177E-01   4   0 2  2 0  0 0  0 0
   134  -.4715614900198087E-04   4   1 0  3 0  0 0  0 0
   135  0.2522592913838688E-04   4   0 1  3 0  0 0  0 0
   136  -.5225260638222713E-01   4   0 0  4 0  0 0  0 0
   137  0.9750386884612962E-05   4   3 0  0 1  0 0  0 0
   138  0.1565747875031000E-04   4   2 1  0 1  0 0  0 0
   139  0.1041474556726575E-04   4   1 2  0 1  0 0  0 0
   140  0.1458059338450676E-04   4   0 3  0 1  0 0  0 0
   141  -.1881882955615749       4   2 0  1 1  0 0  0 0
   142  0.4970660732818973       4   1 1  1 1  0 0  0 0
   143  -.2159403870145373       4   0 2  1 1  0 0  0 0
   144  0.2828005950463375E-04   4   1 0  2 1  0 0  0 0
   145  0.1191581359000572E-03   4   0 1  2 1  0 0  0 0
   146  -.2113811269142429       4   0 0  3 1  0 0  0 0
   147  -.3545259457983759       4   2 0  0 2  0 0  0 0
   148  0.2700037180607351       4   1 1  0 2  0 0  0 0
   149  -.2551935901023650       4   0 2  0 2  0 0  0 0
   150  0.5949717851239928E-04   4   1 0  1 2  0 0  0 0
   151  0.7366842596148130E-04   4   0 1  1 2  0 0  0 0
   152  -.5544017236275789       4   0 0  2 2  0 0  0 0
   153  0.4603462357936027E-04   4   1 0  0 3  0 0  0 0
   154  0.2398540346365405E-04   4   0 1  0 3  0 0  0 0
   155  -.4240645357066583       4   0 0  1 3  0 0  0 0
   156  -.2179126229085223       4   0 0  0 4  0 0  0 0
   157  0.3071031728758769E-04   4   3 0  0 0  0 1  0 0
   158  -.1236032082623340E-03   4   2 1  0 0  0 1  0 0
   159  -.1422594328391071E-03   4   1 2  0 0  0 1  0 0
   160  0.9728439367679150E-04   4   0 3  0 0  0 1  0 0
   161  0.5341893941530492E-05   4   2 0  1 0  0 1  0 0
   162  -.3942792725152720E-04   4   1 1  1 0  0 1  0 0
   163  0.5051649717023692E-04   4   0 2  1 0  0 1  0 0
   164  0.7002588998193958E-04   4   1 0  2 0  0 1  0 0
   165  -.9141924189174391E-04   4   0 1  2 0  0 1  0 0
   166  0.6747794494817783E-04   4   0 0  3 0  0 1  0 0
   167  0.3842875056059511E-04   4   2 0  0 1  0 1  0 0
   168  0.3489773890999626E-04   4   1 1  0 1  0 1  0 0
   169  0.8383603668204701E-04   4   0 2  0 1  0 1  0 0
   170  0.1470752107749657E-03   4   1 0  1 1  0 1  0 0
   171  0.1111282612727097E-04   4   0 1  1 1  0 1  0 0
   172  0.2023529473905456E-03   4   0 0  2 1  0 1  0 0
   173  -.1062443481118336E-03   4   1 0  0 2  0 1  0 0
   174  0.1076846218173220E-03   4   0 1  0 2  0 1  0 0
   175  0.9512842521907251E-04   4   0 0  1 2  0 1  0 0
   176  0.7496352243113377E-04   4   0 0  0 3  0 1  0 0
   177  0.1067254136179541E-04   4   3 0  0 0  0 0  1 0
   178  -.4156341755276113E-04   4   2 1  0 0  0 0  1 0
   179  -.8439853322295508E-04   4   1 2  0 0  0 0  1 0
   180  0.5617431814413861E-04   4   0 3  0 0  0 0  1 0
   181  0.3808808436623943E-05   4   2 0  1 0  0 0  1 0
   182  -.6863027983077107E-05   4   1 1  1 0  0 0  1 0
   183  0.2726258722801077E-04   4   0 2  1 0  0 0  1 0
   184  0.3593848359891570E-04   4   1 0  2 0  0 0  1 0
   185  -.5034832754562497E-04   4   0 1  2 0  0 0  1 0
   186  0.3475001644930796E-04   4   0 0  3 0  0 0  1 0
   187  0.2605335669797096E-04   4   2 0  0 1  0 0  1 0
   188  0.1531851175991238E-04   4   1 1  0 1  0 0  1 0
   189  0.5039823955447562E-04   4   0 2  0 1  0 0  1 0
   190  0.4961908960282206E-04   4   1 0  1 1  0 0  1 0
   191  0.1635981471867019E-04   4   0 1  1 1  0 0  1 0
   192  0.1046939412982090E-03   4   0 0  2 1  0 0  1 0
   193  -.5862951128727133E-04   4   1 0  0 2  0 0  1 0
   194  0.6478441644339215E-04   4   0 1  0 2  0 0  1 0
   195  0.6021194255790884E-04   4   0 0  1 2  0 0  1 0
   196  0.4579921382457969E-04   4   0 0  0 3  0 0  1 0
   197  -.2112510817884281E-04   4   3 0  0 0  0 0  0 1
   198  0.4722947220044780E-04   4   2 1  0 0  0 0  0 1
   199  0.5323963447412811E-04   4   1 2  0 0  0 0  0 1
   200  0.7091830843058725E-05   4   0 3  0 0  0 0  0 1
   201  0.1064134901980282E-04   4   2 0  1 0  0 0  0 1
   202  0.1414420064204798E-04   4   1 1  1 0  0 0  0 1
   203  -.2322970787779170E-04   4   0 2  1 0  0 0  0 1
   204  -.7569844633361645E-04   4   1 0  2 0  0 0  0 1
   205  0.3360670103052035E-04   4   0 1  2 0  0 0  0 1
   206  -.7393310363317107E-04   4   0 0  3 0  0 0  0 1
   207  0.5007240409220595E-05   4   2 0  0 1  0 0  0 1
   208  -.2450223189607782E-04   4   1 1  0 1  0 0  0 1
   209  -.6085734863245518E-05   4   0 2  0 1  0 0  0 1
   210  -.1002729585854342E-03   4   1 0  1 1  0 0  0 1
   211  -.1239677828024049E-04   4   0 1  1 1  0 0  0 1
   212  -.1202347805680599E-03   4   0 0  2 1  0 0  0 1
   213  0.5803891104264604E-04   4   1 0  0 2  0 0  0 1
   214  0.2473580493946066E-05   4   0 1  0 2  0 0  0 1
   215  -.3083320740412115E-04   4   0 0  1 2  0 0  0 1
   216  0.9644717574068051E-06   4   0 0  0 3  0 0  0 1
   217  -.9572173939157823E-01   4   2 0  0 0  0 2  0 0
   218  0.2305803968414624       4   1 1  0 0  0 2  0 0
   219  -.2240209154459967       4   0 2  0 0  0 2  0 0
   220  0.3662235274584393E-05   4   1 0  1 0  0 2  0 0
   221  0.4375764765676437E-04   4   0 1  1 0  0 2  0 0
   222  -.1232975571660142       4   0 0  2 0  0 2  0 0
   223  0.4375869195380593E-04   4   1 0  0 1  0 2  0 0
   224  0.3034628239650831E-04   4   0 1  0 1  0 2  0 0
   225  -.4290731482967266       4   0 0  1 1  0 2  0 0
   226  -.4526874604040799       4   0 0  0 2  0 2  0 0
   227  -.3493773601092506E-01   4   2 0  0 0  0 1  1 0
   228  0.6939131240488894E-01   4   1 1  0 0  0 1  1 0
   229  -.6687970038616860E-01   4   0 2  0 0  0 1  1 0
   230  0.2444263238074684E-05   4   1 0  1 0  0 1  1 0
   231  0.1799119418787389E-04   4   0 1  1 0  0 1  1 0
   232  -.5333446606073936E-01   4   0 0  2 0  0 1  1 0
   233  0.1800399193533743E-04   4   1 0  0 1  0 1  1 0
   234  0.2029574062410054E-04   4   0 1  0 1  0 1  1 0
   235  -.2019254758984421       4   0 0  1 1  0 1  1 0
   236  -.2200017228112273       4   0 0  0 2  0 1  1 0
   237  -.1749792618514882E-01   4   2 0  0 0  0 0  2 0
   238  0.3478056192054074E-01   4   1 1  0 0  0 0  2 0
   239  -.3352288294773116E-01   4   0 2  0 0  0 0  2 0
   240  0.1224191030411558E-05   4   1 0  1 0  0 0  2 0
   241  0.9006906121068035E-05   4   0 1  1 0  0 0  2 0
   242  -.2669625245716322E-01   4   0 0  2 0  0 0  2 0
   243  0.9014952696727855E-05   4   1 0  0 1  0 0  2 0
   244  0.1014800656906970E-04   4   0 1  0 1  0 0  2 0
   245  -.1010472534784408       4   0 0  1 1  0 0  2 0
   246  -.1100830022170508       4   0 0  0 2  0 0  2 0
   247  0.1481186168593817       4   2 0  0 0  0 1  0 1
   248  -.1387263230352995       4   1 1  0 0  0 1  0 1
   249  -.5690297567111852E-01   4   0 2  0 0  0 1  0 1
   250  -.7324753268808603E-05   4   1 0  1 0  0 1  0 1
   251  -.3598771475129715E-04   4   0 1  1 0  0 1  0 1
   252  0.2032895455465367       4   0 0  2 0  0 1  0 1
   253  -.3598545652260679E-04   4   1 0  0 1  0 1  0 1
   254  -.2045074228936479E-04   4   0 1  0 1  0 1  0 1
   255  0.4037949498966701       4   0 0  1 1  0 1  0 1
   256  0.9723691527537293E-01   4   0 0  0 2  0 1  0 1
   257  0.4524637397102371E-01   4   2 0  0 0  0 0  1 1
   258  -.2781921438666899E-01   4   1 1  0 0  0 0  1 1
   259  -.2668679448950930E-01   4   0 2  0 0  0 0  1 1
   260  -.3667440572818586E-05   4   1 0  1 0  0 0  1 1
   261  -.1249368143325635E-04   4   0 1  1 0  0 0  1 1
   262  0.7284784623993089E-01   4   0 0  2 0  0 0  1 1
   263  -.1249707467494072E-04   4   1 0  0 1  0 0  1 1
   264  -.1029268401329261E-04   4   0 1  0 1  0 0  1 1
   265  0.1605587549614901       4   0 0  1 1  0 0  1 1
   266  0.5089072061181977E-01   4   0 0  0 2  0 0  1 1
   267  -.4520758760373862E-01   4   2 0  0 0  0 0  0 2
   268  -.2774626734806646E-01   4   1 1  0 0  0 0  0 2
   269  -.3536451976350113E-02   4   0 2  0 0  0 0  0 2
   270  0.3663129250646221E-05   4   1 0  1 0  0 0  0 2
   271  0.7349575254226504E-06   4   0 1  1 0  0 0  0 2
   272  -.7280910979678472E-01   4   0 0  2 0  0 0  0 2
   273  0.7331712481365933E-06   4   1 0  0 1  0 0  0 2
   274  0.1347306637514395E-06   4   0 1  0 1  0 0  0 2
   275  -.3882953027176622E-01   4   0 0  1 1  0 0  0 2
   276  -.4553850430578481E-02   4   0 0  0 2  0 0  0 2
   277  -.3326467820592433E-04   4   1 0  0 0  0 3  0 0
   278  0.6787683674555254E-04   4   0 1  0 0  0 3  0 0
   279  0.1187422874390508E-04   4   0 0  1 0  0 3  0 0
   280  0.3747761981464270E-04   4   0 0  0 1  0 3  0 0
   281  -.1295919365288583E-04   4   1 0  0 0  0 2  1 0
   282  0.2539732505651280E-04   4   0 1  0 0  0 2  1 0
   283  0.5464959934390368E-05   4   0 0  1 0  0 2  1 0
   284  0.1673000810426205E-04   4   0 0  0 1  0 2  1 0
   285  -.7580229532019148E-05   4   1 0  0 0  0 1  2 0
   286  0.1468912544761388E-04   4   0 1  0 0  0 1  2 0
   287  0.3338577152055529E-05   4   0 0  1 0  0 1  2 0
   288  0.1014468384636733E-04   4   0 0  0 1  0 1  2 0
   289  -.4331166376332091E-05   4   1 0  0 0  0 0  3 0
   290  0.8490101815339480E-05   4   0 1  0 0  0 0  3 0
   291  0.1824932835842531E-05   4   0 0  1 0  0 0  3 0
   292  0.5587517247738406E-05   4   0 0  0 1  0 0  3 0
   293  0.3433667667147678E-04   4   1 0  0 0  0 2  0 1
   294  0.1798101225511164E-05   4   0 1  0 0  0 2  0 1
   295  -.5937971509043127E-05   4   0 0  1 0  0 2  0 1
   296  0.5126666884248224E-05   4   0 0  0 1  0 2  0 1
   297  0.1189276870871931E-04   4   1 0  0 0  0 1  1 1
   298  0.3787148497825025E-05   4   0 1  0 0  0 1  1 1
   299  -.2714927480617854E-05   4   0 0  1 0  0 1  1 1
   300  0.2181077077569201E-05   4   0 0  0 1  0 1  1 1
   301  0.5957454034627550E-05   4   1 0  0 0  0 0  2 1
   302  0.1890960070226003E-05   4   0 1  0 0  0 0  2 1
   303  -.1358713739255688E-05   4   0 0  1 0  0 0  2 1
   304  0.1091782063136100E-05   4   0 0  0 1  0 0  2 1
   305  -.4238157287417827E-05   4   1 0  0 0  0 1  0 2
   306  -.2031626060333309E-05   4   0 1  0 0  0 1  0 2
   307  -.3665905070553549E-05   4   0 0  1 0  0 1  0 2
   308  -.1337941572578431E-05   4   0 0  0 1  0 1  0 2
   309  -.8886478609781575E-06   4   1 0  0 0  0 0  1 2
   310  -.9707071144018293E-06   4   0 1  0 0  0 0  1 2
   311  -.1233848684966825E-05   4   0 0  1 0  0 0  1 2
   312  -.6878594633918766E-06   4   0 0  0 1  0 0  1 2
   313  -.2951275353167421E-06   4   1 0  0 0  0 0  0 3
   314  -.5892929979449197E-07   4   0 1  0 0  0 0  0 3
   315  0.1628865813823522E-06   4   0 0  1 0  0 0  0 3
   316  0.3002015533627851E-07   4   0 0  0 1  0 0  0 3
   317  -.9346168629154972E-01   4   0 0  0 0  0 4  0 0
   318  0.5342518652305331E-01   4   0 0  0 0  0 3  1 0
   319  0.1604057586605387E-01   4   0 0  0 0  0 2  2 0
   320  0.1073654217544925E-01   4   0 0  0 0  0 1  3 0
   321  0.1325936045606767E-01   4   0 0  0 0  0 0  4 0
   322  0.6716504296408571E-09   4   0 0  0 0  0 3  0 1
   323  -.2403513866639814E-09   4   0 0  0 0  0 2  1 1
   324  -.1536732584566052E-09   4   0 0  0 0  0 1  2 1
   325  -.1343297591584577E-09   4   0 0  0 0  0 0  3 1
   326  -.2146622488558958E-09   4   0 0  0 0  0 2  0 2
   327  -.9191813763855901E-10   4   0 0  0 0  0 1  1 2
   328  -.4285392361628361E-10   4   0 0  0 0  0 0  2 2
   329  -.9066750632305845E-11   4   0 0  0 0  0 1  0 3
   330  -.4398441961880793E-11   4   0 0  0 0  0 0  1 3
   331  -.1833846136357454E-12   4   0 0  0 0  0 0  0 4
   ----------------------------------------------------
     I  COEFFICIENT            ORDER EXPONENTS
     1   1.000000000000000       1   0 0  0 0  0 1  0 0
     --------------------------------------------------
     I  COEFFICIENT            ORDER EXPONENTS
     1   1.000000000000000       1   0 0  0 0  0 0  1 0
     --------------------------------------------------
     I  COEFFICIENT            ORDER EXPONENTS
     1   1.000000000000000       1   0 0  0 0  0 0  0 1
     --------------------------------------------------
