 L    0.6839345000000000E+00
 P (  0.0000000000000000E+00,  0.0000000000000000E+00,  0.2904825000000000E+00)
 A (  0.0000000000000000E+00,  0.0000000000000000E+00,  0.0000000000000000E+00)
     I  COEFFICIENT            ORDER EXPONENTS
     1  -.4261594244925451E-04   0   0 0  0 0  0 0  0 0
     2  0.5867014345236718       1   1 0  0 0  0 0  0 0
     3  0.5915328125604635       1   0 1  0 0  0 0  0 0
     4  -.5742563914091517E-04   1   0 0  1 0  0 0  0 0
     5  -.1262083186035107E-04   1   0 0  0 1  0 0  0 0
     6  -.9342125502321319E-05   1   0 0  0 0  0 1  0 0
     7  -.9329553310099403E-05   1   0 0  0 0  0 0  1 0
     8  0.1867167881258580E-04   1   0 0  0 0  0 0  0 1
     9  -.7654989176767345E-04   2   2 0  0 0  0 0  0 0
    10  0.4772658962160025E-04   2   1 1  0 0  0 0  0 0
    11  0.3542251832819896E-04   2   0 2  0 0  0 0  0 0
    12  -.5898369016693958E-04   2   1 0  1 0  0 0  0 0
    13  0.5694048661013754E-04   2   0 1  1 0  0 0  0 0
    14  0.1143958514653302E-03   2   0 0  2 0  0 0  0 0
    15  0.4210320890656499E-04   2   1 0  0 1  0 0  0 0
    16  0.1738885734190875E-04   2   0 1  0 1  0 0  0 0
    17  -.2822465849017291E-05   2   0 0  1 1  0 0  0 0
    18  0.1344598102976459E-04   2   0 0  0 2  0 0  0 0
    19  0.1972058935534606       2   1 0  0 0  0 1  0 0
    20  -.2511345060798273       2   0 1  0 0  0 1  0 0
    21  0.2879123724155557E-04   2   0 0  1 0  0 1  0 0
    22  0.1264352665265869E-04   2   0 0  0 1  0 1  0 0
    23  0.1969405031559080       2   1 0  0 0  0 0  1 0
    24  -.2507965410971044       2   0 1  0 0  0 0  1 0
    25  0.2875249135135987E-04   2   0 0  1 0  0 0  1 0
    26  0.1262651159035831E-04   2   0 0  0 1  0 0  1 0
    27  -.3941463967093687       2   1 0  0 0  0 0  0 1
    28  -.8960176538353178E-01   2   0 1  0 0  0 0  0 1
    29  -.5754372859291545E-04   2   0 0  1 0  0 0  0 1
    30  -.1264920638266591E-04   2   0 0  0 1  0 0  0 1
    31  0.6860581546170539E-05   2   0 0  0 0  0 2  0 0
    32  0.4385698386976815E-05   2   0 0  0 0  0 1  1 0
    33  0.6848397865794093E-05   2   0 0  0 0  0 0  2 0
    34  -.8764729749755708E-05   2   0 0  0 0  0 1  0 1
    35  -.8752934589525880E-05   2   0 0  0 0  0 0  1 1
    36  -.5770058995985559E-06   2   0 0  0 0  0 0  0 2
    37  -.2424762231758418       3   3 0  0 0  0 0  0 0
    38  -.1759111146701055       3   2 1  0 0  0 0  0 0
    39  -.4576688184475888       3   1 2  0 0  0 0  0 0
    40  0.1932429228329953       3   0 3  0 0  0 0  0 0
    41  0.1468968428091524E-03   3   2 0  1 0  0 0  0 0
    42  0.1736616103509192E-03   3   1 1  1 0  0 0  0 0
    43  -.5224809089920171E-04   3   0 2  1 0  0 0  0 0
    44  -1.128854365411536       3   1 0  2 0  0 0  0 0
    45  -.5499683886480844       3   0 1  2 0  0 0  0 0
    46  -.7532149897519282E-04   3   0 0  3 0  0 0  0 0
    47  0.1890340051704527E-04   3   2 0  0 1  0 0  0 0
    48  0.3397283032590897E-04   3   1 1  0 1  0 0  0 0
    49  -.1881329340687328E-04   3   0 2  0 1  0 0  0 0
    50  -1.006615038991535       3   1 0  1 1  0 0  0 0
    51  0.1439116706434176E-01   3   0 1  1 1  0 0  0 0
    52  -.1762740623489667E-03   3   0 0  2 1  0 0  0 0
    53  -.5588478543984249       3   1 0  0 2  0 0  0 0
    54  0.2314583409075846       3   0 1  0 2  0 0  0 0
    55  -.1008389533263389E-03   3   0 0  1 2  0 0  0 0
    56  -.2150706705730464E-04   3   0 0  0 3  0 0  0 0
    57  0.1778128191061630E-04   3   2 0  0 0  0 1  0 0
    58  -.3244360440581657E-04   3   1 1  0 0  0 1  0 0
    59  -.4828458013386361E-04   3   0 2  0 0  0 1  0 0
    60  -.5949443412634579E-05   3   1 0  1 0  0 1  0 0
    61  -.6275048826995285E-04   3   0 1  1 0  0 1  0 0
    62  -.6953310986119516E-04   3   0 0  2 0  0 1  0 0
    63  -.5149338400423318E-04   3   1 0  0 1  0 1  0 0
    64  -.2832100181254084E-04   3   0 1  0 1  0 1  0 0
    65  -.1817126890783437E-04   3   0 0  1 1  0 1  0 0
    66  -.2347983403327471E-04   3   0 0  0 2  0 1  0 0
    67  0.1775735269942374E-04   3   2 0  0 0  0 0  1 0
    68  -.3239994333202129E-04   3   1 1  0 0  0 0  1 0
    69  -.4821960102149285E-04   3   0 2  0 0  0 0  1 0
    70  -.5941436932077443E-05   3   1 0  1 0  0 0  1 0
    71  -.6266604162016710E-04   3   0 1  1 0  0 0  1 0
    72  -.6943953547892589E-04   3   0 0  2 0  0 0  1 0
    73  -.5142408663483945E-04   3   1 0  0 1  0 0  1 0
    74  -.2828288874302426E-04   3   0 1  0 1  0 0  1 0
    75  -.1814681487052038E-04   3   0 0  1 1  0 0  1 0
    76  -.2344823597919912E-04   3   0 0  0 2  0 0  1 0
    77  -.3553863461003967E-04   3   2 0  0 0  0 0  0 1
    78  0.1711695811623745E-04   3   1 1  0 0  0 0  0 1
    79  0.2565914449895859E-04   3   0 2  0 0  0 0  0 1
    80  0.1189088034466026E-04   3   1 0  1 0  0 0  0 1
    81  0.6847604328002526E-04   3   0 1  1 0  0 0  0 1
    82  0.1389726453401213E-03   3   0 0  2 0  0 0  0 1
    83  0.6081426173244459E-04   3   1 0  0 1  0 0  0 1
    84  0.2182617587179933E-04   3   0 1  0 1  0 0  0 1
    85  0.3914054962737184E-04   3   0 0  1 1  0 0  0 1
    86  0.2003610795277283E-04   3   0 0  0 2  0 0  0 1
    87  -.1431595543858705       3   1 0  0 0  0 2  0 0
    88  0.1665700607016454       3   0 1  0 0  0 2  0 0
    89  -.2161436322816956E-04   3   0 0  1 0  0 2  0 0
    90  -.1265356346580761E-04   3   0 0  0 1  0 2  0 0
    91  -.8925834346647255E-01   3   1 0  0 0  0 1  1 0
    92  0.8223278427260504E-01   3   0 1  0 0  0 1  1 0
    93  -.1446381105110381E-04   3   0 0  1 0  0 1  1 0
    94  -.1266099910215801E-04   3   0 0  0 1  0 1  1 0
    95  -.1429068371684355       3   1 0  0 0  0 0  2 0
    96  0.1662905660613396       3   0 1  0 0  0 0  2 0
    97  -.2157554327915833E-04   3   0 0  1 0  0 0  2 0
    98  -.1262801560850110E-04   3   0 0  0 1  0 0  2 0
    99  0.1783716138604646       3   1 0  0 0  0 1  0 1
   100  0.8689602822381118E-01   3   0 1  0 0  0 1  0 1
   101  0.2891536858317238E-04   3   0 0  1 0  0 1  0 1
   102  0.1266247138760987E-04   3   0 0  0 1  0 1  0 1
   103  0.1781315697488940       3   1 0  0 0  0 0  1 1
   104  0.8677908764429547E-01   3   0 1  0 0  0 0  1 1
   105  0.2887645564286721E-04   3   0 0  1 0  0 0  1 1
   106  0.1264543083037798E-04   3   0 0  0 1  0 0  1 1
   107  0.1882158941641367E-01   3   1 0  0 0  0 0  0 2
   108  0.2764193738662525E-02   3   0 1  0 0  0 0  0 2
   109  -.1329001847162615E-06   3   0 0  1 0  0 0  0 2
   110  -.1447613209362968E-07   3   0 0  0 1  0 0  0 2
   111  -.5621566290782429E-05   3   0 0  0 0  0 3  0 0
   112  -.3145209843497400E-05   3   0 0  0 0  0 2  1 0
   113  -.3150193417848329E-05   3   0 0  0 0  0 1  2 0
   114  -.5608104949706369E-05   3   0 0  0 0  0 0  3 0
   115  0.6288755987640790E-05   3   0 0  0 0  0 2  0 1
   116  0.3819430449852863E-05   3   0 0  0 0  0 1  1 1
   117  0.6277722871511924E-05   3   0 0  0 0  0 0  2 1
   118  0.5662601745643421E-06   3   0 0  0 0  0 1  0 2
   119  0.5654981283083323E-06   3   0 0  0 0  0 0  1 2
   120  0.7417832108152873E-08   3   0 0  0 0  0 0  0 3
   121  -.1720195313598156E-03   4   4 0  0 0  0 0  0 0
   122  0.1162635801625181E-03   4   3 1  0 0  0 0  0 0
   123  0.4094462421880607E-04   4   2 2  0 0  0 0  0 0
   124  -.9875357438487921E-04   4   1 3  0 0  0 0  0 0
   125  0.9636952684087309E-04   4   0 4  0 0  0 0  0 0
   126  -.5819655267289708E-04   4   3 0  1 0  0 0  0 0
   127  -.1528452597890481E-04   4   2 1  1 0  0 0  0 0
   128  -.3287012716712198E-04   4   1 2  1 0  0 0  0 0
   129  0.6954822759608485E-04   4   0 3  1 0  0 0  0 0
   130  -.5766395968401960E-03   4   2 0  2 0  0 0  0 0
   131  0.2595858511236095E-03   4   1 1  2 0  0 0  0 0
   132  -.1549187582482221E-03   4   0 2  2 0  0 0  0 0
   133  -.4627510333595422E-03   4   1 0  3 0  0 0  0 0
   134  0.1661805209162732E-03   4   0 1  3 0  0 0  0 0
   135  0.5210018504765874E-04   4   0 0  4 0  0 0  0 0
   136  -.2618328942756951E-04   4   3 0  0 1  0 0  0 0
   137  -.8433190991430074E-04   4   2 1  0 1  0 0  0 0
   138  -.3142145826379607E-04   4   1 2  0 1  0 0  0 0
   139  0.5767280593307013E-04   4   0 3  0 1  0 0  0 0
   140  -.6565177654743634E-04   4   2 0  1 1  0 0  0 0
   141  0.7246640447612222E-03   4   1 1  1 1  0 0  0 0
   142  -.3046871124490978E-04   4   0 2  1 1  0 0  0 0
   143  -.2799638805569975E-03   4   1 0  2 1  0 0  0 0
   144  0.4582295699405809E-03   4   0 1  2 1  0 0  0 0
   145  0.7788887253837788E-04   4   0 0  3 1  0 0  0 0
   146  -.4869636884679776E-04   4   2 0  0 2  0 0  0 0
   147  -.4044892955044058E-05   4   1 1  0 2  0 0  0 0
   148  0.1113134089533926E-03   4   0 2  0 2  0 0  0 0
   149  -.1406994848923865E-03   4   1 0  1 2  0 0  0 0
   150  0.1853701624711301E-03   4   0 1  1 2  0 0  0 0
   151  -.4747728578090723E-04   4   0 0  2 2  0 0  0 0
   152  -.7041123043965945E-04   4   1 0  0 3  0 0  0 0
   153  0.5347903081222683E-04   4   0 1  0 3  0 0  0 0
   154  -.2288553766451952E-04   4   0 0  1 3  0 0  0 0
   155  0.1499558942346862E-04   4   0 0  0 4  0 0  0 0
   156  0.2842876561883120       4   3 0  0 0  0 1  0 0
   157  0.7518250363788448E-01   4   2 1  0 0  0 1  0 0
   158  0.5971039903344498       4   1 2  0 0  0 1  0 0
   159  -.2284709257456354       4   0 3  0 0  0 1  0 0
   160  -.1462426439924215E-03   4   2 0  1 0  0 1  0 0
   161  -.2568078743609888E-03   4   1 1  1 0  0 1  0 0
   162  0.6206236863172283E-04   4   0 2  1 0  0 1  0 0
   163   1.241326292108109       4   1 0  2 0  0 1  0 0
   164  0.6090267476201052       4   0 1  2 0  0 1  0 0
   165  0.8848993622582832E-04   4   0 0  3 0  0 1  0 0
   166  -.5776505827497020E-04   4   2 0  0 1  0 1  0 0
   167  -.8187726418173634E-04   4   1 1  0 1  0 1  0 0
   168  0.3234838379697819E-04   4   0 2  0 1  0 1  0 0
   169   1.545216965032260       4   1 0  1 1  0 1  0 0
   170  0.7907444927313398E-01   4   0 1  1 1  0 1  0 0
   171  0.2421157754529699E-03   4   0 0  2 1  0 1  0 0
   172  0.9038726716476602       4   1 0  0 2  0 1  0 0
   173  -.2770051766052228       4   0 1  0 2  0 1  0 0
   174  0.1740642753402551E-03   4   0 0  1 2  0 1  0 0
   175  0.4538798553825386E-04   4   0 0  0 3  0 1  0 0
   176  0.2839050752586266       4   3 0  0 0  0 0  1 0
   177  0.7508132656771727E-01   4   2 1  0 0  0 0  1 0
   178  0.5963004359247938       4   1 2  0 0  0 0  1 0
   179  -.2281634603412286       4   0 3  0 0  0 0  1 0
   180  -.1460458375343134E-03   4   2 0  1 0  0 0  1 0
   181  -.2564622744266094E-03   4   1 1  1 0  0 0  1 0
   182  0.6197884802091631E-04   4   0 2  1 0  0 0  1 0
   183   1.239655773685870       4   1 0  2 0  0 0  1 0
   184  0.6082071481255942       4   0 1  2 0  0 0  1 0
   185  0.8837085064004180E-04   4   0 0  3 0  0 0  1 0
   186  -.5768732078191659E-04   4   2 0  0 1  0 0  1 0
   187  -.8176707761834250E-04   4   1 1  0 1  0 0  1 0
   188  0.3230485086659071E-04   4   0 2  0 1  0 0  1 0
   189   1.543137484864271       4   1 0  1 1  0 0  1 0
   190  0.7896803460595170E-01   4   0 1  1 1  0 0  1 0
   191  0.2417899474528867E-03   4   0 0  2 1  0 0  1 0
   192  0.9026562824042006       4   1 0  0 2  0 0  1 0
   193  -.2766323960933486       4   0 1  0 2  0 0  1 0
   194  0.1738300278418677E-03   4   0 0  1 2  0 0  1 0
   195  0.4532690452637828E-04   4   0 0  0 3  0 0  1 0
   196  -.5681927314469386       4   3 0  0 0  0 0  0 1
   197  0.2564728446450232E-01   4   2 1  0 0  0 0  0 1
   198  -.2780667893640657       4   1 2  0 0  0 0  0 1
   199  -.1230943824121222       4   0 3  0 0  0 0  0 1
   200  0.2922884815267352E-03   4   2 0  1 0  0 0  0 1
   201  0.3396085384366789E-03   4   1 1  1 0  0 0  0 1
   202  -.1954503485423571E-04   4   0 2  1 0  0 0  0 1
   203  -2.480982065793980       4   1 0  2 0  0 0  0 1
   204  -.6672655070976163       4   0 1  2 0  0 0  0 1
   205  -.1768607868658701E-03   4   0 0  3 0  0 0  0 1
   206  0.9654897853984175E-04   4   2 0  0 1  0 0  0 1
   207  0.9569868114826045E-04   4   1 1  0 1  0 0  0 1
   208  -.8213354442948974E-05   4   0 2  0 1  0 0  0 1
   209  -2.081739410904999       4   1 0  1 1  0 0  0 1
   210  -.1868248180077686       4   0 1  1 1  0 0  0 1
   211  -.3076316605568897E-03   4   0 0  2 1  0 0  0 1
   212  -.6888332452550082       4   1 0  0 2  0 0  0 1
   213  -.1407374500241835       4   0 1  0 2  0 0  0 1
   214  -.1462163965294442E-03   4   0 0  1 2  0 0  0 1
   215  -.2619368889275631E-04   4   0 0  0 3  0 0  0 1
   216  -.5246974561289844E-04   4   2 0  0 0  0 2  0 0
   217  -.1275849203005911E-03   4   1 1  0 0  0 2  0 0
   218  0.1510832634045171E-03   4   0 2  0 0  0 2  0 0
   219  -.5013446889906498E-04   4   1 0  1 0  0 2  0 0
   220  0.2602286922895142E-04   4   0 1  1 0  0 2  0 0
   221  -.7777930816746793E-04   4   0 0  2 0  0 2  0 0
   222  -.5702445176188615E-04   4   1 0  0 1  0 2  0 0
   223  0.5039967023543381E-04   4   0 1  0 1  0 2  0 0
   224  -.4918584334972954E-04   4   0 0  1 1  0 2  0 0
   225  0.4080870763833017E-04   4   0 0  0 2  0 2  0 0
   226  -.1881312779722817E-04   4   2 0  0 0  0 1  1 0
   227  -.1598457813186536E-03   4   1 1  0 0  0 1  1 0
   228  0.1708379245228256E-03   4   0 2  0 0  0 1  1 0
   229  -.3564122209402508E-04   4   1 0  1 0  0 1  1 0
   230  0.2331972130863703E-04   4   0 1  1 0  0 1  1 0
   231  -.8794070741107498E-04   4   0 0  2 0  0 1  1 0
   232  -.6373455950827056E-04   4   1 0  0 1  0 1  1 0
   233  0.6005627479896036E-04   4   0 1  0 1  0 1  1 0
   234  -.4494914547266193E-04   4   0 0  1 1  0 1  1 0
   235  0.4993337760726814E-04   4   0 0  0 2  0 1  1 0
   236  -.5238647539167805E-04   4   2 0  0 0  0 0  2 0
   237  -.1273056660681209E-03   4   1 1  0 0  0 0  2 0
   238  0.1507649898551860E-03   4   0 2  0 0  0 0  2 0
   239  -.5004301815510103E-04   4   1 0  1 0  0 0  2 0
   240  0.2597215758701284E-04   4   0 1  1 0  0 0  2 0
   241  -.7761546321037813E-04   4   0 0  2 0  0 0  2 0
   242  -.5690482545895267E-04   4   1 0  0 1  0 0  2 0
   243  0.5029143428236526E-04   4   0 1  0 1  0 0  2 0
   244  -.4908940613898993E-04   4   0 0  1 1  0 0  2 0
   245  0.4072019020969115E-04   4   0 0  0 2  0 0  2 0
   246  0.2625050083952749E-05   4   2 0  0 0  0 1  0 1
   247  0.9733812966395303E-04   4   1 1  0 0  0 1  0 1
   248  0.2050041879375364E-04   4   0 2  0 0  0 1  0 1
   249  0.5537175802693530E-04   4   1 0  1 0  0 1  0 1
   250  -.1753679240053090E-04   4   0 1  1 0  0 1  0 1
   251  0.7674329533792463E-04   4   0 0  2 0  0 1  0 1
   252  0.3034746617305874E-04   4   1 0  0 1  0 1  0 1
   253  0.1386350115794774E-04   4   0 1  0 1  0 1  0 1
   254  0.4136494822052159E-04   4   0 0  1 1  0 1  0 1
   255  0.9038264487352388E-05   4   0 0  0 2  0 1  0 1
   256  0.2621517415263996E-05   4   2 0  0 0  0 0  1 1
   257  0.9720713659643839E-04   4   1 1  0 0  0 0  1 1
   258  0.2047283029629227E-04   4   0 2  0 0  0 0  1 1
   259  0.5529724132456308E-04   4   1 0  1 0  0 0  1 1
   260  -.1751319221179864E-04   4   0 1  1 0  0 0  1 1
   261  0.7664001782784498E-04   4   0 0  2 0  0 0  1 1
   262  0.3030662598330957E-04   4   1 0  0 1  0 0  1 1
   263  0.1384484431145357E-04   4   0 1  0 1  0 0  1 1
   264  0.4130928122266875E-04   4   0 0  1 1  0 0  1 1
   265  0.9026101216963911E-05   4   0 0  0 2  0 0  1 1
   266  0.6068143273380881E-04   4   2 0  0 0  0 0  0 2
   267  -.8780089586947497E-05   4   1 1  0 0  0 0  0 2
   268  -.6432342312992300E-05   4   0 2  0 0  0 0  0 2
   269  0.1141380407004426E-04   4   1 0  1 0  0 0  0 2
   270  -.8386898770959577E-05   4   0 1  1 0  0 0  0 2
   271  -.1573471488580928E-04   4   0 0  2 0  0 0  0 2
   272  0.1094043913618337E-04   4   1 0  0 1  0 0  0 2
   273  0.1807425991097832E-06   4   0 1  0 1  0 0  0 2
   274  0.4519069048181976E-05   4   0 0  1 1  0 0  0 2
   275  0.2006874452292867E-05   4   0 0  0 2  0 0  0 2
   276  0.1161955479172054       4   1 0  0 0  0 3  0 0
   277  -.1246579874423716       4   0 1  0 0  0 3  0 0
   278  0.1804151113859918E-04   4   0 0  1 0  0 3  0 0
   279  0.1265189468919524E-04   4   0 0  0 1  0 3  0 0
   280  0.6230384009514978E-01   4   1 0  0 0  0 2  1 0
   281  -.4088953270796276E-01   4   0 1  0 0  0 2  1 0
   282  0.1089711971519760E-04   4   0 0  1 0  0 2  1 0
   283  0.1265530279744609E-04   4   0 0  0 1  0 2  1 0
   284  0.6241231182192931E-01   4   1 0  0 0  0 1  2 0
   285  -.4105829152280913E-01   4   0 1  0 0  0 1  2 0
   286  0.1091149258196922E-04   4   0 0  1 0  0 1  2 0
   287  0.1265526154793708E-04   4   0 0  0 1  0 1  2 0
   288  0.1159191259522307       4   1 0  0 0  0 0  3 0
   289  -.1243788727509023       4   0 1  0 0  0 0  3 0
   290  0.1799776948999376E-04   4   0 0  1 0  0 0  3 0
   291  0.1261785122388993E-04   4   0 0  0 1  0 0  3 0
   292  -.1245713213742998       4   1 0  0 0  0 2  0 1
   293  -.8484677399720580E-01   4   0 1  0 0  0 2  0 1
   294  -.2178466025725259E-04   4   0 0  1 0  0 2  0 1
   295  -.1267963385948397E-04   4   0 0  0 1  0 2  0 1
   296  -.7091550964429807E-01   4   1 0  0 0  0 1  1 1
   297  -.8280287797699963E-01   4   0 1  0 0  0 1  1 1
   298  -.1467309190662674E-04   4   0 0  1 0  0 1  1 1
   299  -.1269672720590984E-04   4   0 0  0 1  0 1  1 1
   300  -.1243559617854636       4   1 0  0 0  0 0  2 1
   301  -.8467687510204185E-01   4   0 1  0 0  0 0  2 1
   302  -.2174547031046820E-04   4   0 0  1 0  0 0  2 1
   303  -.1265402687728361E-04   4   0 0  0 1  0 0  2 1
   304  -.1834255339377654E-01   4   1 0  0 0  0 1  0 2
   305  -.4095840199205250E-02   4   0 1  0 0  0 1  0 2
   306  0.2010639213711020E-06   4   0 0  1 0  0 1  0 2
   307  0.2909127487519489E-07   4   0 0  0 1  0 1  0 2
   308  -.1831786884987385E-01   4   1 0  0 0  0 0  1 2
   309  -.4090328210495426E-02   4   0 1  0 0  0 0  1 2
   310  0.2007933390214951E-06   4   0 0  1 0  0 0  1 2
   311  0.2905212520848108E-07   4   0 0  0 1  0 0  1 2
   312  -.3275855297258849E-03   4   1 0  0 0  0 0  0 3
   313  -.3547093542904016E-04   4   0 1  0 0  0 0  0 3
   314  -.4535229691578972E-07   4   0 0  1 0  0 0  0 3
   315  -.4905001269789792E-08   4   0 0  0 1  0 0  0 3
   316  0.1656486758829093E-04   4   0 0  0 0  0 4  0 0
   317  0.8339352964231516E-05   4   0 0  0 0  0 3  1 0
   318  0.7247378014130074E-05   4   0 0  0 0  0 2  2 0
   319  0.8362893961392275E-05   4   0 0  0 0  0 1  3 0
   320  0.1651469765342246E-04   4   0 0  0 0  0 0  4 0
   321  0.2403620310148589E-06   4   0 0  0 0  0 3  0 1
   322  0.1311241141330535E-05   4   0 0  0 0  0 2  1 1
   323  0.1309078780404637E-05   4   0 0  0 0  0 1  2 1
   324  0.2389957135567331E-06   4   0 0  0 0  0 0  3 1
   325  -.1847844623472560E-06   4   0 0  0 0  0 2  0 2
   326  -.2165340489226116E-06   4   0 0  0 0  0 1  1 2
   327  -.1843900874673473E-06   4   0 0  0 0  0 0  2 2
   328  -.3224094367813117E-08   4   0 0  0 0  0 1  0 3
   329  -.3219755533559217E-08   4   0 0  0 0  0 0  1 3
   330  -.1635237731293880E-14   4   0 0  0 0  0 0  0 4
   ----------------------------------------------------
     I  COEFFICIENT            ORDER EXPONENTS
     1  0.4837442929140084E-04   0   0 0  0 0  0 0  0 0
     2  -.9290020324454091       1   1 0  0 0  0 0  0 0
     3  0.7677922503335569       1   0 1  0 0  0 0  0 0
     4  -.1307881825473753E-03   1   0 0  1 0  0 0  0 0
     5  -.3193403094295201E-04   1   0 0  0 1  0 0  0 0
     6  0.8847077624101657E-06   1   0 0  0 0  0 1  0 0
     7  0.8835171643983368E-06   1   0 0  0 0  0 0  1 0
     8  0.4660620436459237E-04   1   0 0  0 0  0 0  0 1
     9  0.5631286683373115E-04   2   2 0  0 0  0 0  0 0
    10  0.2383353301460599E-03   2   1 1  0 0  0 0  0 0
    11  0.3283222830491474E-04   2   0 2  0 0  0 0  0 0
    12  0.1830863400771465E-03   2   1 0  1 0  0 0  0 0
    13  0.1716190937769140E-03   2   0 1  1 0  0 0  0 0
    14  -.7252808530645353E-05   2   0 0  2 0  0 0  0 0
    15  0.1540725024133520E-03   2   1 0  0 1  0 0  0 0
    16  0.7270208572219019E-04   2   0 1  0 1  0 0  0 0
    17  -.1679873722228552E-03   2   0 0  1 1  0 0  0 0
    18  -.1939751118474141E-04   2   0 0  0 2  0 0  0 0
    19  -.2741075475689235E-01   2   1 0  0 0  0 1  0 0
    20  0.1119427109610219       2   0 1  0 0  0 1  0 0
    21  0.1484934147226128E-06   2   0 0  1 0  0 1  0 0
    22  0.1600773492644682E-04   2   0 0  0 1  0 1  0 0
    23  -.2737386665496481E-01   2   1 0  0 0  0 0  1 0
    24  0.1117920637362879       2   0 1  0 0  0 0  1 0
    25  0.1482935792832747E-06   2   0 0  1 0  0 0  1 0
    26  0.1598619247120120E-04   2   0 0  0 1  0 0  1 0
    27  -.8742174110335521       2   1 0  0 0  0 0  0 1
    28  -.2237347746973103       2   0 1  0 0  0 0  0 1
    29  -.1310849695413812E-03   2   0 0  1 0  0 0  0 1
    30  -.3199392739764811E-04   2   0 0  0 1  0 0  0 1
    31  -.6570362672146646E-06   2   0 0  0 0  0 2  0 0
    32  -.4299749410923543E-06   2   0 0  0 0  0 1  1 0
    33  -.6558627387409667E-06   2   0 0  0 0  0 0  2 0
    34  0.1744044518550500E-05   2   0 0  0 0  0 1  0 1
    35  0.1741697465631379E-05   2   0 0  0 0  0 0  1 1
    36  -.1742869781773829E-05   2   0 0  0 0  0 0  0 2
    37  -.6386658071667345       3   3 0  0 0  0 0  0 0
    38  -.7012755506486191       3   2 1  0 0  0 0  0 0
    39  0.2478449977953979       3   1 2  0 0  0 0  0 0
    40  -.2304760023164351E-01   3   0 3  0 0  0 0  0 0
    41  0.4047161747323280E-03   3   2 0  1 0  0 0  0 0
    42  0.2065183062516780E-03   3   1 1  1 0  0 0  0 0
    43  0.2850946321353956E-04   3   0 2  1 0  0 0  0 0
    44  -2.831622967081554       3   1 0  2 0  0 0  0 0
    45  -.5068170818646941       3   0 1  2 0  0 0  0 0
    46  -.1110192169555708E-03   3   0 0  3 0  0 0  0 0
    47  0.9013134539353765E-04   3   2 0  0 1  0 0  0 0
    48  0.1813501779378737E-03   3   1 1  0 1  0 0  0 0
    49  0.2346530083047866E-04   3   0 2  0 1  0 0  0 0
    50  -1.773014077972501       3   1 0  1 1  0 0  0 0
    51  -.4930856237509714       3   0 1  1 1  0 0  0 0
    52  -.7842151638240572E-04   3   0 0  2 1  0 0  0 0
    53  -.6623915998908393       3   1 0  0 2  0 0  0 0
    54  -.3030034363309823       3   0 1  0 2  0 0  0 0
    55  -.2111774501573829E-04   3   0 0  1 2  0 0  0 0
    56  -.1802446634553075E-04   3   0 0  0 3  0 0  0 0
    57  -.1644135478652883E-04   3   2 0  0 0  0 1  0 0
    58  -.1296563413295569E-03   3   1 1  0 0  0 1  0 0
    59  -.3593271211379362E-04   3   0 2  0 0  0 1  0 0
    60  -.9018863899049876E-04   3   1 0  1 0  0 1  0 0
    61  -.1112408280058629E-03   3   0 1  1 0  0 1  0 0
    62  -.1494696425534398E-05   3   0 0  2 0  0 1  0 0
    63  -.9123778424452115E-04   3   1 0  0 1  0 1  0 0
    64  -.7898043457192613E-04   3   0 1  0 1  0 1  0 0
    65  0.6483115367280647E-04   3   0 0  1 1  0 1  0 0
    66  0.1668371897728119E-04   3   0 0  0 2  0 1  0 0
    67  -.1641922878611144E-04   3   2 0  0 0  0 0  1 0
    68  -.1294818559358870E-03   3   1 1  0 0  0 0  1 0
    69  -.3588435556328101E-04   3   0 2  0 0  0 0  1 0
    70  -.9006726737058818E-04   3   1 0  1 0  0 0  1 0
    71  -.1110911253421312E-03   3   0 1  1 0  0 0  1 0
    72  -.1492684933527335E-05   3   0 0  2 0  0 0  1 0
    73  -.9111500073437245E-04   3   1 0  0 1  0 0  1 0
    74  -.7887414642529827E-04   3   0 1  0 1  0 0  1 0
    75  0.6474390696157998E-04   3   0 0  1 1  0 0  1 0
    76  0.1666126681455783E-04   3   0 0  0 2  0 0  1 0
    77  0.8917345040637186E-04   3   2 0  0 0  0 0  0 1
    78  0.2591381972654435E-03   3   1 1  0 0  0 0  0 1
    79  0.3898483937215978E-04   3   0 2  0 0  0 0  0 1
    80  0.3633422464382335E-03   3   1 0  1 0  0 0  0 1
    81  0.2223319533479939E-03   3   0 1  1 0  0 0  0 1
    82  -.4265427171582633E-05   3   0 0  2 0  0 0  0 1
    83  0.1823527849788928E-03   3   1 0  0 1  0 0  0 1
    84  0.8515249527503445E-04   3   0 1  0 1  0 0  0 1
    85  -.1295750606343864E-03   3   0 0  1 1  0 0  0 1
    86  -.1394747460709750E-04   3   0 0  0 2  0 0  0 1
    87  0.2028468745334693E-01   3   1 0  0 0  0 2  0 0
    88  -.8184749895038973E-01   3   0 1  0 0  0 2  0 0
    89  -.1300678565232991E-06   3   0 0  1 0  0 2  0 0
    90  -.1199308525498189E-04   3   0 0  0 1  0 2  0 0
    91  0.1317775040034167E-01   3   1 0  0 0  0 1  1 0
    92  -.5183308969826766E-01   3   0 1  0 0  0 1  1 0
    93  -.1267192233509480E-06   3   0 0  1 0  0 1  1 0
    94  -.8007404071155702E-05   3   0 0  0 1  0 1  1 0
    95  0.2024852227923491E-01   3   1 0  0 0  0 0  2 0
    96  -.8170247517898797E-01   3   0 1  0 0  0 0  2 0
    97  -.1298075509525103E-06   3   0 0  1 0  0 0  2 0
    98  -.1197155753259602E-04   3   0 0  0 1  0 0  2 0
    99  -.5374713062266293E-01   3   1 0  0 0  0 1  0 1
   100  0.1035853902569156       3   0 1  0 0  0 1  0 1
   101  0.4127486771437663E-06   3   0 0  1 0  0 1  0 1
   102  0.1603537213609588E-04   3   0 0  0 1  0 1  0 1
   103  -.5367480026728579E-01   3   1 0  0 0  0 0  1 1
   104  0.1034459899205183       3   0 1  0 0  0 0  1 1
   105  0.4121932194261599E-06   3   0 0  1 0  0 0  1 1
   106  0.1601379248799599E-04   3   0 0  0 1  0 0  1 1
   107  0.5371096322838811E-01   3   1 0  0 0  0 0  0 2
   108  0.8351691147126219E-02   3   0 1  0 0  0 0  0 2
   109  -.4310783325758974E-06   3   0 0  1 0  0 0  0 2
   110  -.4744437965167316E-07   3   0 0  0 1  0 0  0 2
   111  0.5432983319779393E-06   3   0 0  0 0  0 3  0 0
   112  0.3159775582893373E-06   3   0 0  0 0  0 2  1 0
   113  0.3164349587166098E-06   3   0 0  0 0  0 1  2 0
   114  0.5419892869394768E-06   3   0 0  0 0  0 0  3 0
   115  -.1288840713852513E-05   3   0 0  0 0  0 2  0 1
   116  -.8348589341553439E-06   3   0 0  0 0  0 1  1 1
   117  -.1286544495806399E-05   3   0 0  0 0  0 0  2 1
   118  0.8342496695600480E-06   3   0 0  0 0  0 1  0 2
   119  0.8331269756715809E-06   3   0 0  0 0  0 0  1 2
   120  0.2516437884739845E-07   3   0 0  0 0  0 0  0 3
   121  -.1425670239932674E-03   4   4 0  0 0  0 0  0 0
   122  0.4284046146413670E-03   4   3 1  0 0  0 0  0 0
   123  0.3559152572327205E-03   4   2 2  0 0  0 0  0 0
   124  0.1518766736528947E-03   4   1 3  0 0  0 0  0 0
   125  0.2968888141100876E-04   4   0 4  0 0  0 0  0 0
   126  -.2660553117975123E-07   4   3 0  1 0  0 0  0 0
   127  0.2404876262126691E-03   4   2 1  1 0  0 0  0 0
   128  0.9875513374813457E-04   4   1 2  1 0  0 0  0 0
   129  0.1108468539811839E-04   4   0 3  1 0  0 0  0 0
   130  -.8471853777903570E-04   4   2 0  2 0  0 0  0 0
   131  0.1397556412198050E-02   4   1 1  2 0  0 0  0 0
   132  0.1180686964092748E-04   4   0 2  2 0  0 0  0 0
   133  -.6971150508962456E-07   4   1 0  3 0  0 0  0 0
   134  0.3558599728111971E-03   4   0 1  3 0  0 0  0 0
   135  0.2204378804563327E-03   4   0 0  4 0  0 0  0 0
   136  -.9628496593122351E-07   4   3 0  0 1  0 0  0 0
   137  0.2288367065616209E-04   4   2 1  0 1  0 0  0 0
   138  -.4705469386014499E-04   4   1 2  0 1  0 0  0 0
   139  -.1137334371709348E-04   4   0 3  0 1  0 0  0 0
   140  0.1391049992859167E-02   4   2 0  1 1  0 0  0 0
   141  0.1612868823775779E-02   4   1 1  1 1  0 0  0 0
   142  -.8975674419993530E-04   4   0 2  1 1  0 0  0 0
   143  0.7117379820886122E-03   4   1 0  2 1  0 0  0 0
   144  0.3842193684863934E-03   4   0 1  2 1  0 0  0 0
   145  0.3917710354562278E-03   4   0 0  3 1  0 0  0 0
   146  0.1912364964669807E-03   4   2 0  0 2  0 0  0 0
   147  0.7234767434033306E-03   4   1 1  0 2  0 0  0 0
   148  0.2272868135242140E-04   4   0 2  0 2  0 0  0 0
   149  0.2134672669495209E-03   4   1 0  1 2  0 0  0 0
   150  0.2208904079541046E-03   4   0 1  1 2  0 0  0 0
   151  0.1774446872974225E-03   4   0 0  2 2  0 0  0 0
   152  -.4250535206256722E-04   4   1 0  0 3  0 0  0 0
   153  0.5485121700472640E-05   4   0 1  0 3  0 0  0 0
   154  -.1083211278506369E-04   4   0 0  1 3  0 0  0 0
   155  -.4840027789207859E-04   4   0 0  0 4  0 0  0 0
   156  0.2156604941154035       4   3 0  0 0  0 1  0 0
   157  0.6200178522007843       4   2 1  0 0  0 1  0 0
   158  -.1469223153391964       4   1 2  0 0  0 1  0 0
   159  0.4438570492892966E-01   4   0 3  0 0  0 1  0 0
   160  -.2272472538923211E-03   4   2 0  1 0  0 1  0 0
   161  -.2235423055877908E-03   4   1 1  1 0  0 1  0 0
   162  -.4546597278954058E-04   4   0 2  1 0  0 1  0 0
   163   1.515502715516927       4   1 0  2 0  0 1  0 0
   164  0.5626527765760791       4   0 1  2 0  0 1  0 0
   165  0.5146903576828186E-04   4   0 0  3 0  0 1  0 0
   166  -.9202768853932544E-04   4   2 0  0 1  0 1  0 0
   167  -.2091196571981296E-03   4   1 1  0 1  0 1  0 0
   168  -.3936956034896217E-04   4   0 2  0 1  0 1  0 0
   169   1.773963794416244       4   1 0  1 1  0 1  0 0
   170  0.7572587012934855       4   0 1  1 1  0 1  0 0
   171  0.7423182865990265E-04   4   0 0  2 1  0 1  0 0
   172  0.7438799700612337       4   1 0  0 2  0 1  0 0
   173  0.4869584791941295       4   0 1  0 2  0 1  0 0
   174  0.3062945718404261E-04   4   0 0  1 2  0 1  0 0
   175  0.2800611631700118E-04   4   0 0  0 3  0 1  0 0
   176  0.2153702683861496       4   3 0  0 0  0 0  1 0
   177  0.6191834613957217       4   2 1  0 0  0 0  1 0
   178  -.1467245942114215       4   1 2  0 0  0 0  1 0
   179  0.4432597273906214E-01   4   0 3  0 0  0 0  1 0
   180  -.2269414352478246E-03   4   2 0  1 0  0 0  1 0
   181  -.2232414728881140E-03   4   1 1  1 0  0 0  1 0
   182  -.4540478682609755E-04   4   0 2  1 0  0 0  1 0
   183   1.513463223385550       4   1 0  2 0  0 0  1 0
   184  0.5618955849862686       4   0 1  2 0  0 0  1 0
   185  0.5139977116559639E-04   4   0 0  3 0  0 0  1 0
   186  -.9190384201320365E-04   4   2 0  0 1  0 0  1 0
   187  -.2088382338189406E-03   4   1 1  0 1  0 0  1 0
   188  -.3931657865006759E-04   4   0 2  0 1  0 0  1 0
   189   1.771576477545731       4   1 0  1 1  0 0  1 0
   190  0.7562396182216505       4   0 1  1 1  0 0  1 0
   191  0.7413193096331678E-04   4   0 0  2 1  0 0  1 0
   192  0.7428788914553736       4   1 0  0 2  0 0  1 0
   193  0.4863031534223886       4   0 1  0 2  0 0  1 0
   194  0.3058823750408094E-04   4   0 0  1 2  0 0  1 0
   195  0.2796842700554434E-04   4   0 0  0 3  0 0  1 0
   196  -1.069696569668287       4   3 0  0 0  0 0  0 1
   197  -1.239201313596507       4   2 1  0 0  0 0  0 1
   198  0.4580191175522118E-01   4   1 2  0 0  0 0  0 1
   199  -.4261647720470457E-01   4   0 3  0 0  0 0  0 1
   200  0.8589048638724736E-03   4   2 0  1 0  0 0  0 1
   201  0.4467837784759050E-03   4   1 1  1 0  0 0  0 1
   202  0.6236129640209857E-04   4   0 2  1 0  0 0  0 1
   203  -5.860588905984025       4   1 0  2 0  0 0  0 1
   204  -1.124548361562351       4   0 1  2 0  0 0  0 1
   205  -.2138880238894488E-03   4   0 0  3 0  0 0  0 1
   206  0.1839315305525292E-03   4   2 0  0 1  0 0  0 1
   207  0.2366077130791961E-03   4   1 1  0 1  0 0  0 1
   208  0.3175553733807248E-04   4   0 2  0 1  0 0  0 1
   209  -3.545540271961976       4   1 0  1 1  0 0  0 1
   210  -1.020412695764163       4   0 1  1 1  0 0  0 1
   211  -.1483637596232198E-03   4   0 0  2 1  0 0  0 1
   212  -.8243672616257655       4   1 0  0 2  0 0  0 1
   213  -.3672547599545546       4   0 1  0 2  0 0  0 1
   214  -.4009994967238440E-04   4   0 0  1 2  0 0  0 1
   215  -.1992561063148404E-04   4   0 0  0 3  0 0  0 1
   216  -.8906088122433105E-04   4   2 0  0 0  0 2  0 0
   217  0.1766442861642543E-03   4   1 1  0 0  0 2  0 0
   218  0.3685349080657571E-04   4   0 2  0 0  0 2  0 0
   219  -.9560690984525722E-04   4   1 0  1 0  0 2  0 0
   220  0.1010084274556721E-04   4   0 1  1 0  0 2  0 0
   221  -.8603621095143628E-04   4   0 0  2 0  0 2  0 0
   222  -.8105671307163786E-04   4   1 0  0 1  0 2  0 0
   223  -.2496832141220421E-04   4   0 1  0 1  0 2  0 0
   224  -.1921423196960226E-03   4   0 0  1 1  0 2  0 0
   225  -.1088838180627742E-03   4   0 0  0 2  0 2  0 0
   226  -.8473324365177998E-04   4   2 0  0 0  0 1  1 0
   227  0.1350013294362547E-03   4   1 1  0 0  0 1  1 0
   228  0.3209401875119945E-04   4   0 2  0 0  0 1  1 0
   229  -.1137279232184356E-03   4   1 0  1 0  0 1  1 0
   230  -.1854538226963593E-04   4   0 1  1 0  0 1  1 0
   231  -.8458795624267626E-04   4   0 0  2 0  0 1  1 0
   232  -.9822228753866394E-04   4   1 0  0 1  0 1  1 0
   233  -.4117361332996237E-04   4   0 1  0 1  0 1  1 0
   234  -.1896150751000493E-03   4   0 0  1 1  0 1  1 0
   235  -.1248322773271523E-03   4   0 0  0 2  0 1  1 0
   236  -.8888401228468973E-04   4   2 0  0 0  0 0  2 0
   237  0.1763157273955095E-03   4   1 1  0 0  0 0  2 0
   238  0.3678229980654469E-04   4   0 2  0 0  0 0  2 0
   239  -.9540172173215680E-04   4   1 0  1 0  0 0  2 0
   240  0.1009972825815897E-04   4   0 1  1 0  0 0  2 0
   241  -.8586351023097410E-04   4   0 0  2 0  0 0  2 0
   242  -.8088153930449969E-04   4   1 0  0 1  0 0  2 0
   243  -.2490701546777680E-04   4   0 1  0 1  0 0  2 0
   244  -.1917561561016188E-03   4   0 0  1 1  0 0  2 0
   245  -.1086532906540992E-03   4   0 0  0 2  0 0  2 0
   246  0.1659519012000052E-03   4   2 0  0 0  0 1  0 1
   247  -.1390212264381633E-03   4   1 1  0 0  0 1  0 1
   248  -.2961569953350951E-04   4   0 2  0 0  0 1  0 1
   249  0.1524662113468080E-03   4   1 0  1 0  0 1  0 1
   250  -.1496134795512277E-04   4   0 1  1 0  0 1  0 1
   251  0.1979877897576950E-03   4   0 0  2 0  0 1  0 1
   252  0.6494064888874672E-04   4   1 0  0 1  0 1  0 1
   253  0.1082715310503562E-04   4   0 1  0 1  0 1  0 1
   254  0.2964481685274816E-03   4   0 0  1 1  0 1  0 1
   255  0.1061963297822796E-03   4   0 0  0 2  0 1  0 1
   256  0.1657285709524122E-03   4   2 0  0 0  0 0  1 1
   257  -.1388341382234662E-03   4   1 1  0 0  0 0  1 1
   258  -.2957584412081685E-04   4   0 2  0 0  0 0  1 1
   259  0.1522610295050609E-03   4   1 0  1 0  0 0  1 1
   260  -.1494121367814865E-04   4   0 1  1 0  0 0  1 1
   261  0.1977213471210802E-03   4   0 0  2 0  0 0  1 1
   262  0.6485325482401898E-04   4   1 0  0 1  0 0  1 1
   263  0.1081258243265292E-04   4   0 1  0 1  0 0  1 1
   264  0.2960492225533949E-03   4   0 0  1 1  0 0  1 1
   265  0.1060534157665181E-03   4   0 0  0 2  0 0  1 1
   266  -.6900233644408032E-04   4   2 0  0 0  0 0  0 2
   267  -.5873257583202913E-04   4   1 1  0 0  0 0  0 2
   268  -.7261701397061136E-05   4   0 2  0 0  0 0  0 2
   269  0.9313960676576980E-08   4   1 0  1 0  0 0  0 2
   270  -.6747580290336130E-05   4   0 1  1 0  0 0  0 2
   271  -.1392214574563156E-03   4   0 0  2 0  0 0  0 2
   272  0.2026733796464349E-08   4   1 0  0 1  0 0  0 2
   273  -.6445545059116339E-06   4   0 1  0 1  0 0  0 2
   274  -.7683361671723025E-04   4   0 0  1 1  0 0  0 2
   275  -.8972033924973968E-05   4   0 0  0 2  0 0  0 2
   276  -.1672537359683905E-01   4   1 0  0 0  0 3  0 0
   277  0.6682505684103043E-01   4   0 1  0 0  0 3  0 0
   278  0.1432840135782964E-06   4   0 0  1 0  0 3  0 0
   279  0.1001644353092636E-04   4   0 0  0 1  0 3  0 0
   280  -.9611548920956373E-02   4   1 0  0 0  0 2  1 0
   281  0.3680042536259337E-01   4   0 1  0 0  0 2  1 0
   282  0.1567377227451923E-06   4   0 0  1 0  0 2  1 0
   283  0.6050162434162695E-05   4   0 0  0 1  0 2  1 0
   284  -.9625863660183469E-02   4   1 0  0 0  0 1  2 0
   285  0.3686085242828290E-01   4   0 1  0 0  0 1  2 0
   286  0.1567101754516259E-06   4   0 0  1 0  0 1  2 0
   287  0.6058141675086606E-05   4   0 0  0 1  0 1  2 0
   288  -.1668515260662132E-01   4   1 0  0 0  0 0  3 0
   289  0.6666543308891859E-01   4   0 1  0 0  0 0  3 0
   290  0.1428894532535513E-06   4   0 0  1 0  0 0  3 0
   291  0.9992158523597774E-05   4   0 0  0 1  0 0  3 0
   292  0.3950297461803894E-01   4   1 0  0 0  0 2  0 1
   293  -.7358058221680644E-01   4   0 1  0 0  0 2  0 1
   294  -.4324301260667911E-06   4   0 0  1 0  0 2  0 1
   295  -.1206839487702973E-04   4   0 0  0 1  0 2  0 1
   296  0.2529705950232586E-01   4   1 0  0 0  0 1  1 1
   297  -.4365634469145979E-01   4   0 1  0 0  0 1  1 1
   298  -.4520578544291311E-06   4   0 0  1 0  0 1  1 1
   299  -.8112065719106927E-05   4   0 0  0 1  0 1  1 1
   300  0.3943279158127422E-01   4   1 0  0 0  0 0  2 1
   301  -.7345218561137512E-01   4   0 1  0 0  0 0  2 1
   302  -.4315440029048874E-06   4   0 0  1 0  0 0  2 1
   303  -.1204669538218985E-04   4   0 0  0 1  0 0  2 1
   304  -.2527793895662965E-01   4   1 0  0 0  0 1  0 2
   305  -.8176642162817318E-02   4   0 1  0 0  0 1  0 2
   306  0.4352829717969237E-06   4   0 0  1 0  0 1  0 2
   307  0.7205477982798171E-07   4   0 0  0 1  0 1  0 2
   308  -.2524392109768993E-01   4   1 0  0 0  0 0  1 2
   309  -.8165638423146399E-02   4   0 1  0 0  0 0  1 2
   310  0.4346971884875874E-06   4   0 0  1 0  0 0  1 2
   311  0.7195781190109175E-07   4   0 0  0 1  0 0  1 2
   312  -.1063034391355980E-02   4   1 0  0 0  0 0  0 3
   313  -.1203672360961808E-03   4   0 1  0 0  0 0  0 3
   314  -.1463006090362289E-06   4   0 0  1 0  0 0  0 3
   315  -.1637461065230828E-07   4   0 0  0 1  0 0  0 3
   316  -.7845978217997795E-05   4   0 0  0 0  0 4  0 0
   317  -.4198030103673329E-05   4   0 0  0 0  0 3  1 0
   318  -.3713529619730012E-05   4   0 0  0 0  0 2  2 0
   319  -.4208468374538739E-05   4   0 0  0 0  0 1  3 0
   320  -.7822048565372212E-05   4   0 0  0 0  0 0  4 0
   321  0.8603545557728312E-05   4   0 0  0 0  0 3  0 1
   322  0.4631957330421972E-05   4   0 0  0 0  0 2  1 1
   323  0.4639951122627739E-05   4   0 0  0 0  0 1  2 1
   324  0.8583065658417560E-05   4   0 0  0 0  0 0  3 1
   325  0.4153253645470739E-06   4   0 0  0 0  0 2  0 2
   326  0.4958725408577410E-06   4   0 0  0 0  0 1  1 2
   327  0.4144327782971610E-06   4   0 0  0 0  0 0  2 2
   328  0.1952959024051799E-08   4   0 0  0 0  0 1  0 3
   329  0.1950330823837002E-08   4   0 0  0 0  0 0  1 3
   330  -.6540947630482541E-15   4   0 0  0 0  0 0  0 4
   ----------------------------------------------------
     I  COEFFICIENT            ORDER EXPONENTS
     1  -.4659261492609105E-04   0   0 0  0 0  0 0  0 0
     2  -.5747716609044690E-04   1   1 0  0 0  0 0  0 0
     3  -.1265646478260451E-04   1   0 1  0 0  0 0  0 0
     4   1.452949427695128       1   0 0  1 0  0 0  0 0
     5  0.7820808773540776       1   0 0  0 1  0 0  0 0
     6  0.4695097517380896E-05   1   0 0  0 0  0 1  0 0
     7  0.4688779076414302E-05   1   0 0  0 0  0 0  1 0
     8  -.9383876593741398E-05   1   0 0  0 0  0 0  0 1
     9  -.7349442293970793E-04   2   2 0  0 0  0 0  0 0
    10  0.3467493590360230E-04   2   1 1  0 0  0 0  0 0
    11  0.1057565619392636E-05   2   0 2  0 0  0 0  0 0
    12  0.3065939681918081E-03   2   1 0  1 0  0 0  0 0
    13  -.2862193576307741E-05   2   0 1  1 0  0 0  0 0
    14  0.5231915515735671E-04   2   0 0  2 0  0 0  0 0
    15  -.8235540032049384E-04   2   1 0  0 1  0 0  0 0
    16  -.1267667751175101E-04   2   0 1  0 1  0 0  0 0
    17  -.8175942906319078E-04   2   0 0  1 1  0 0  0 0
    18  -.3074307059160415E-04   2   0 0  0 2  0 0  0 0
    19  0.2879013369413368E-04   2   1 0  0 0  0 1  0 0
    20  0.1266120445930753E-04   2   0 1  0 0  0 1  0 0
    21  -.2368895790671997       2   0 0  1 0  0 1  0 0
    22  -.4418838676044912       2   0 0  0 1  0 1  0 0
    23  0.2875138928904010E-04   2   1 0  0 0  0 0  1 0
    24  0.1264416560704808E-04   2   0 1  0 0  0 0  1 0
    25  -.2365707842359100       2   0 0  1 0  0 0  1 0
    26  -.4412892011207344       2   0 0  0 1  0 0  1 0
    27  -.5754152298317377E-04   2   1 0  0 0  0 0  0 1
    28  -.1264890528375105E-04   2   0 1  0 0  0 0  0 1
    29  0.4734603633031095       2   0 0  1 0  0 0  0 1
    30  0.1010921913711476       2   0 0  0 1  0 0  0 1
    31  -.3577786639533455E-05   2   0 0  0 0  0 2  0 0
    32  -.2463476841353824E-05   2   0 0  0 0  0 1  1 0
    33  -.3571314207389437E-05   2   0 0  0 0  0 0  2 0
    34  0.4923961690177405E-05   2   0 0  0 0  0 1  0 1
    35  0.4917335254592980E-05   2   0 0  0 0  0 0  1 1
    36  -.2287107986361196E-06   2   0 0  0 0  0 0  0 2
    37  0.2929628792433016E-04   3   3 0  0 0  0 0  0 0
    38  0.9383571000767890E-05   3   2 1  0 0  0 0  0 0
    39  -.2977393814715425E-04   3   1 2  0 0  0 0  0 0
    40  -.1375265095227445E-04   3   0 3  0 0  0 0  0 0
    41  -.6842766744613229       3   2 0  1 0  0 0  0 0
    42  -.8633061912284511       3   1 1  1 0  0 0  0 0
    43  0.3157071781498880       3   0 2  1 0  0 0  0 0
    44  -.1668864469929191E-03   3   1 0  2 0  0 0  0 0
    45  -.1667805552961270E-03   3   0 1  2 0  0 0  0 0
    46  0.6314073242346147E-02   3   0 0  3 0  0 0  0 0
    47  0.5465573418130265       3   2 0  0 1  0 0  0 0
    48  -.3240314311464338       3   1 1  0 1  0 0  0 0
    49  0.4002525438475912       3   0 2  0 1  0 0  0 0
    50  -.1975085268433418E-03   3   1 0  1 1  0 0  0 0
    51  -.1081534956032087E-03   3   0 1  1 1  0 0  0 0
    52   1.100246770791076       3   0 0  2 1  0 0  0 0
    53  -.1232653308452323E-03   3   1 0  0 2  0 0  0 0
    54  -.4220869325246342E-04   3   0 1  0 2  0 0  0 0
    55  0.9758695349097848       3   0 0  1 2  0 0  0 0
    56  0.5558170277673173       3   0 0  0 3  0 0  0 0
    57  0.4506169000014472E-04   3   2 0  0 0  0 1  0 0
    58  -.3885832471328186E-04   3   1 1  0 0  0 1  0 0
    59  -.2672031911883198E-05   3   0 2  0 0  0 1  0 0
    60  -.1963831726269504E-03   3   1 0  1 0  0 1  0 0
    61  -.1442132843106601E-04   3   0 1  1 0  0 1  0 0
    62  -.1497371336731068E-04   3   0 0  2 0  0 1  0 0
    63  0.8079107735821972E-04   3   1 0  0 1  0 1  0 0
    64  0.1592047172757103E-04   3   0 1  0 1  0 1  0 0
    65  0.1028850488918553E-03   3   0 0  1 1  0 1  0 0
    66  0.5023700707967833E-04   3   0 0  0 2  0 1  0 0
    67  0.4500104810142638E-04   3   2 0  0 0  0 0  1 0
    68  -.3880603101121240E-04   3   1 1  0 0  0 0  1 0
    69  -.2668436017264524E-05   3   0 2  0 0  0 0  1 0
    70  -.1961188894084472E-03   3   1 0  1 0  0 0  1 0
    71  -.1440192088691730E-04   3   0 1  1 0  0 0  1 0
    72  -.1495356244954716E-04   3   0 0  2 0  0 0  1 0
    73  0.8068235253386222E-04   3   1 0  0 1  0 0  1 0
    74  0.1589904670702645E-04   3   0 1  0 1  0 0  1 0
    75  0.1027465910418624E-03   3   0 0  1 1  0 0  1 0
    76  0.5016940048313923E-04   3   0 0  0 2  0 0  1 0
    77  -.9006273810154757E-04   3   2 0  0 0  0 0  0 1
    78  0.4298941982085321E-04   3   1 1  0 0  0 0  0 1
    79  0.3225336690378301E-05   3   0 2  0 0  0 0  0 1
    80  0.3925020620353968E-03   3   1 0  1 0  0 0  0 1
    81  0.3168544289429106E-04   3   0 1  1 0  0 0  0 1
    82  0.2992727581694619E-04   3   0 0  2 0  0 0  0 1
    83  -.7911802957158873E-04   3   1 0  0 1  0 0  0 1
    84  -.6466163411095389E-05   3   0 1  0 1  0 0  0 1
    85  -.1238722108703145E-03   3   0 0  1 1  0 0  0 1
    86  -.3892026637948282E-04   3   0 0  0 2  0 0  0 1
    87  -.2161834150200698E-04   3   1 0  0 0  0 2  0 0
    88  -.1268508925801360E-04   3   0 1  0 0  0 2  0 0
    89  0.1828493864469474       3   0 0  1 0  0 2  0 0
    90  0.3573925380585264       3   0 0  0 1  0 2  0 0
    91  -.1446789061154273E-04   3   1 0  0 0  0 1  1 0
    92  -.1269225739041632E-04   3   0 1  0 0  0 1  1 0
    93  0.1289542332571587       3   0 0  1 0  0 1  1 0
    94  0.2731278464333690       3   0 0  0 1  0 1  1 0
    95  -.2157951345418220E-04   3   1 0  0 0  0 0  2 0
    96  -.1265947794179632E-04   3   0 1  0 0  0 0  2 0
    97  0.1825165460952022       3   0 0  1 0  0 0  2 0
    98  0.3567277947323038       3   0 0  0 1  0 0  2 0
    99  0.2891918384337739E-04   3   1 0  0 0  0 1  0 1
   100  0.1267595129961219E-04   3   0 1  0 0  0 1  0 1
   101  -.2577634859126445       3   0 0  1 0  0 1  0 1
   102  -.1041453016641388       3   0 0  0 1  0 1  0 1
   103  0.2888026576867486E-04   3   1 0  0 0  0 0  1 1
   104  0.1265889260175002E-04   3   0 1  0 0  0 0  1 1
   105  -.2574165999612750       3   0 0  1 0  0 0  1 1
   106  -.1040051478253568       3   0 0  0 1  0 0  1 1
   107  -.1324777700053380E-06   3   1 0  0 0  0 0  0 2
   108  -.1417271773839967E-07   3   0 1  0 0  0 0  0 2
   109  0.2085988080353792E-01   3   0 0  1 0  0 0  0 2
   110  0.2983042163087939E-02   3   0 0  0 1  0 0  0 2
   111  0.3019791598934260E-05   3   0 0  0 0  0 3  0 0
   112  0.1904551335883584E-05   3   0 0  0 0  0 2  1 0
   113  0.1906794389133363E-05   3   0 0  0 0  0 1  2 0
   114  0.3012415959741369E-05   3   0 0  0 0  0 0  3 0
   115  -.3808339677478472E-05   3   0 0  0 0  0 2  0 1
   116  -.2695711450356681E-05   3   0 0  0 0  0 1  1 1
   117  -.3801400712742329E-05   3   0 0  0 0  0 0  2 1
   118  0.2322328734291095E-06   3   0 0  0 0  0 1  0 2
   119  0.2319203453727885E-06   3   0 0  0 0  0 0  1 2
   120  -.2243873843229553E-08   3   0 0  0 0  0 0  0 3
   121  -.3548422667379611E-04   4   4 0  0 0  0 0  0 0
   122  0.3424498375144632E-04   4   3 1  0 0  0 0  0 0
   123  0.1348036982715078E-04   4   2 2  0 0  0 0  0 0
   124  0.4345974002904230E-05   4   1 3  0 0  0 0  0 0
   125  0.2302084773892347E-04   4   0 4  0 0  0 0  0 0
   126  -.2930860658228888E-03   4   3 0  1 0  0 0  0 0
   127  -.4186075434582037E-03   4   2 1  1 0  0 0  0 0
   128  0.2168521606063631E-04   4   1 2  1 0  0 0  0 0
   129  0.1586916105973865E-03   4   0 3  1 0  0 0  0 0
   130  -.3513985204474348E-03   4   2 0  2 0  0 0  0 0
   131  0.9136400585762171E-04   4   1 1  2 0  0 0  0 0
   132  0.2592100121577057E-03   4   0 2  2 0  0 0  0 0
   133  -.1567235682976557E-04   4   1 0  3 0  0 0  0 0
   134  -.2232118471361549E-03   4   0 1  3 0  0 0  0 0
   135  0.7886969523864998E-05   4   0 0  4 0  0 0  0 0
   136  0.1658120150781132E-03   4   3 0  0 1  0 0  0 0
   137  -.2986439556289249E-03   4   2 1  0 1  0 0  0 0
   138  -.2588910035660591E-03   4   1 2  0 1  0 0  0 0
   139  0.1044250555561846E-03   4   0 3  0 1  0 0  0 0
   140  -.1813265847641349E-04   4   2 0  1 1  0 0  0 0
   141  0.1265828546140190E-03   4   1 1  1 1  0 0  0 0
   142  0.1068439643628725E-03   4   0 2  1 1  0 0  0 0
   143  0.4511351807525402E-03   4   1 0  2 1  0 0  0 0
   144  -.2689247266775021E-03   4   0 1  2 1  0 0  0 0
   145  0.3539627058379607E-03   4   0 0  3 1  0 0  0 0
   146  0.9905719328781267E-05   4   2 0  0 2  0 0  0 0
   147  0.1385403414466438E-03   4   1 1  0 2  0 0  0 0
   148  0.1214599801157459E-03   4   0 2  0 2  0 0  0 0
   149  -.1087902876908771E-04   4   1 0  1 2  0 0  0 0
   150  -.8840928256709579E-05   4   0 1  1 2  0 0  0 0
   151  0.2509827731488084E-03   4   0 0  2 2  0 0  0 0
   152  -.2171200751673269E-03   4   1 0  0 3  0 0  0 0
   153  0.8799840675738559E-04   4   0 1  0 3  0 0  0 0
   154  0.5652070303980818E-04   4   0 0  1 3  0 0  0 0
   155  0.6697301784606987E-04   4   0 0  0 4  0 0  0 0
   156  -.1927348159592054E-04   4   3 0  0 0  0 1  0 0
   157  -.3874810166064671E-04   4   2 1  0 0  0 1  0 0
   158  0.3135252915808134E-04   4   1 2  0 0  0 1  0 0
   159  0.2593106163837559E-04   4   0 3  0 0  0 1  0 0
   160  0.5749264761294289       4   2 0  1 0  0 1  0 0
   161   1.258770753164665       4   1 1  1 0  0 1  0 0
   162  -.4178031235036830       4   0 2  1 0  0 1  0 0
   163  0.1769691148557638E-03   4   1 0  2 0  0 1  0 0
   164  0.2231349915250262E-03   4   0 1  2 0  0 1  0 0
   165  -.9238131335594192E-01   4   0 0  3 0  0 1  0 0
   166  -.5999211866530441       4   2 0  0 1  0 1  0 0
   167  0.5415189218179750       4   1 1  0 1  0 1  0 0
   168  -.6189192667601779       4   0 2  0 1  0 1  0 0
   169  0.3047769660285567E-03   4   1 0  1 1  0 1  0 0
   170  0.2035521449081105E-03   4   0 1  1 1  0 1  0 0
   171  -1.495213021937105       4   0 0  2 1  0 1  0 0
   172  0.2047010477594705E-03   4   1 0  0 2  0 1  0 0
   173  0.9094834675030784E-04   4   0 1  0 2  0 1  0 0
   174  -1.641418494286608       4   0 0  1 2  0 1  0 0
   175  -.9615375391390708       4   0 0  0 3  0 1  0 0
   176  -.1924754425271644E-04   4   3 0  0 0  0 0  1 0
   177  -.3869595629156655E-04   4   2 1  0 0  0 0  1 0
   178  0.3131033640193372E-04   4   1 2  0 0  0 0  1 0
   179  0.2589616483771135E-04   4   0 3  0 0  0 0  1 0
   180  0.5741527671731996       4   2 0  1 0  0 0  1 0
   181   1.257076758808866       4   1 1  1 0  0 0  1 0
   182  -.4172408637504503       4   0 2  1 0  0 0  1 0
   183  0.1767309581612565E-03   4   1 0  2 0  0 0  1 0
   184  0.2228347069694198E-03   4   0 1  2 0  0 0  1 0
   185  -.9225699093820948E-01   4   0 0  3 0  0 0  1 0
   186  -.5991138409933524       4   2 0  0 1  0 0  1 0
   187  0.5407901711738974       4   1 1  0 1  0 0  1 0
   188  -.6180863543796279       4   0 2  0 1  0 0  1 0
   189  0.3043668115513165E-03   4   1 0  1 1  0 0  1 0
   190  0.2032782140245743E-03   4   0 1  1 1  0 0  1 0
   191  -1.493200834719134       4   0 0  2 1  0 0  1 0
   192  0.2044255707366225E-03   4   1 0  0 2  0 0  1 0
   193  0.9082595275149857E-04   4   0 1  0 2  0 0  1 0
   194  -1.639209550634376       4   0 0  1 2  0 0  1 0
   195  -.9602435472345935       4   0 0  0 3  0 0  1 0
   196  0.3852102584863717E-04   4   3 0  0 0  0 0  0 1
   197  0.6806048695144519E-04   4   2 1  0 0  0 0  0 1
   198  -.3114989265706744E-05   4   1 2  0 0  0 0  0 1
   199  -.1056927361900039E-04   4   0 3  0 0  0 0  0 1
   200  -1.149079243302631       4   2 0  1 0  0 0  0 1
   201  -1.652541320745077       4   1 1  1 0  0 0  0 1
   202  0.2036296309543569       4   0 2  1 0  0 0  0 1
   203  -.3537000730170203E-03   4   1 0  2 0  0 0  0 1
   204  -.2791891431983184E-03   4   0 1  2 0  0 0  0 1
   205  0.1846383042941498       4   0 0  3 0  0 0  0 1
   206  0.6524776858333673       4   2 0  0 1  0 0  0 1
   207  -.4342462306990015       4   1 1  0 1  0 0  0 1
   208  0.3624798959703172E-01   4   0 2  0 1  0 0  0 1
   209  -.4116352507365306E-03   4   1 0  1 1  0 0  0 1
   210  -.1905233677262658E-03   4   0 1  1 1  0 0  0 1
   211   1.888167085865156       4   0 0  2 1  0 0  0 1
   212  -.1625959568056272E-03   4   1 0  0 2  0 0  0 1
   213  -.5514821974441579E-04   4   0 1  0 2  0 0  0 1
   214   1.328888975101404       4   0 0  1 2  0 0  0 1
   215  0.2543300030717097       4   0 0  0 3  0 0  0 1
   216  0.2065255708224439E-04   4   2 0  0 0  0 2  0 0
   217  0.2571865116932118E-04   4   1 1  0 0  0 2  0 0
   218  0.5507299181256037E-04   4   0 2  0 0  0 2  0 0
   219  0.2648112114376993E-04   4   1 0  1 0  0 2  0 0
   220  0.1683099233372647E-03   4   0 1  1 0  0 2  0 0
   221  0.1044042983008891E-03   4   0 0  2 0  0 2  0 0
   222  -.1141992579735881E-03   4   1 0  0 1  0 2  0 0
   223  0.1584894585977922E-03   4   0 1  0 1  0 2  0 0
   224  0.3367616589620536E-04   4   0 0  1 1  0 2  0 0
   225  0.9387123846578307E-04   4   0 0  0 2  0 2  0 0
   226  0.2826164137272358E-04   4   2 0  0 0  0 1  1 0
   227  0.2276759139932023E-04   4   1 1  0 0  0 1  1 0
   228  0.6729921934573581E-04   4   0 2  0 0  0 1  1 0
   229  -.1098400370198743E-04   4   1 0  1 0  0 1  1 0
   230  0.2004970092650378E-03   4   0 1  1 0  0 1  1 0
   231  0.1066796050031240E-03   4   0 0  2 0  0 1  1 0
   232  -.1235265775748982E-03   4   1 0  0 1  0 1  1 0
   233  0.1933231416999759E-03   4   0 1  0 1  0 1  1 0
   234  0.5870848351486479E-04   4   0 0  1 1  0 1  1 0
   235  0.1163027866827326E-03   4   0 0  0 2  0 1  1 0
   236  0.2060574725173414E-04   4   2 0  0 0  0 0  2 0
   237  0.2566872044489114E-04   4   1 1  0 0  0 0  2 0
   238  0.5495359311683741E-04   4   0 2  0 0  0 0  2 0
   239  0.2645287497620164E-04   4   1 0  1 0  0 0  2 0
   240  0.1679485100616289E-03   4   0 1  1 0  0 0  2 0
   241  0.1041920137242773E-03   4   0 0  2 0  0 0  2 0
   242  -.1139624558709930E-03   4   1 0  0 1  0 0  2 0
   243  0.1581460883672199E-03   4   0 1  0 1  0 0  2 0
   244  0.3359134254416827E-04   4   0 0  1 1  0 0  2 0
   245  0.9366665357251313E-04   4   0 0  0 2  0 0  2 0
   246  0.5955592177015218E-05   4   2 0  0 0  0 1  0 1
   247  -.1951593567621549E-04   4   1 1  0 0  0 1  0 1
   248  -.1517818083040417E-04   4   0 2  0 0  0 1  0 1
   249  -.3391241888363115E-05   4   1 0  1 0  0 1  0 1
   250  -.1543444989830533E-03   4   0 1  1 0  0 1  0 1
   251  -.9230172386548053E-04   4   0 0  2 0  0 1  0 1
   252  0.1438075043398931E-03   4   1 0  0 1  0 1  0 1
   253  -.2839155295048496E-04   4   0 1  0 1  0 1  0 1
   254  0.4290152152676538E-04   4   0 0  1 1  0 1  0 1
   255  0.2775450442563169E-04   4   0 0  0 2  0 1  0 1
   256  0.5947577421740697E-05   4   2 0  0 0  0 0  1 1
   257  -.1948967204973656E-04   4   1 1  0 0  0 0  1 1
   258  -.1515775474996548E-04   4   0 2  0 0  0 0  1 1
   259  -.3386678114853418E-05   4   1 0  1 0  0 0  1 1
   260  -.1541367894303261E-03   4   0 1  1 0  0 0  1 1
   261  -.9217750855553192E-04   4   0 0  2 0  0 0  1 1
   262  0.1436139749779653E-03   4   1 0  0 1  0 0  1 1
   263  -.2835334493657172E-04   4   0 1  0 1  0 0  1 1
   264  0.4284378668097325E-04   4   0 0  1 1  0 0  1 1
   265  0.2771715372160015E-04   4   0 0  0 2  0 0  1 1
   266  -.2037481340985763E-04   4   2 0  0 0  0 0  0 2
   267  -.6477263555948282E-05   4   1 1  0 0  0 0  0 2
   268  -.1308391440405195E-06   4   0 2  0 0  0 0  0 2
   269  -.5991267690973241E-04   4   1 0  1 0  0 0  0 2
   270  0.4260607482319750E-05   4   0 1  1 0  0 0  0 2
   271  -.3329695760302989E-04   4   0 0  2 0  0 0  0 2
   272  -.2921302100555160E-04   4   1 0  0 1  0 0  0 2
   273  -.3101738027638669E-05   4   0 1  0 1  0 0  0 2
   274  -.4661897873420670E-04   4   0 0  1 1  0 0  0 2
   275  -.8853908969019773E-05   4   0 0  0 2  0 0  0 2
   276  0.1804325315008813E-04   4   1 0  0 0  0 3  0 0
   277  0.1267311792217920E-04   4   0 1  0 0  0 3  0 0
   278  -.1558915116109689       4   0 0  1 0  0 3  0 0
   279  -.3155535195343180       4   0 0  0 1  0 3  0 0
   280  0.1089656605355798E-04   4   1 0  0 0  0 2  1 0
   281  0.1266456576741833E-04   4   0 1  0 0  0 2  1 0
   282  -.1020120484259713       4   0 0  1 0  0 2  1 0
   283  -.2319309702430903       4   0 0  0 1  0 2  1 0
   284  0.1091094354971036E-04   4   1 0  0 0  0 1  2 0
   285  0.1266454860354288E-04   4   0 1  0 0  0 1  2 0
   286  -.1021203875982579       4   0 0  1 0  0 1  2 0
   287  -.2320989159466760       4   0 0  0 1  0 1  2 0
   288  0.1799950835705391E-04   4   1 0  0 0  0 0  3 0
   289  0.1263902539056415E-04   4   0 1  0 0  0 0  3 0
   290  -.1555082754977650       4   0 0  1 0  0 0  3 0
   291  -.3147606834710260       4   0 0  0 1  0 0  3 0
   292  -.2178581438459488E-04   4   1 0  0 0  0 2  0 1
   293  -.1268849707759708E-04   4   0 1  0 0  0 2  0 1
   294  0.2039877520104831       4   0 0  1 0  0 2  0 1
   295  0.1064138059507744       4   0 0  0 1  0 2  0 1
   296  -.1467159205641796E-04   4   1 0  0 0  0 1  1 1
   297  -.1270098613210724E-04   4   0 1  0 0  0 1  1 1
   298  0.1503562889822000       4   0 0  1 0  0 1  1 1
   299  0.1086760159326620       4   0 0  0 1  0 1  1 1
   300  -.2174662389375523E-04   4   1 0  0 0  0 0  2 1
   301  -.1266287530200898E-04   4   0 1  0 0  0 0  2 1
   302  0.2036120637036033       4   0 0  1 0  0 0  2 1
   303  0.1061974737355748       4   0 0  0 1  0 0  2 1
   304  0.2000584614915184E-06   4   1 0  0 0  0 1  0 2
   305  0.2847215670407358E-07   4   0 1  0 0  0 1  0 2
   306  -.2140238999081538E-01   4   0 0  1 0  0 1  0 2
   307  -.4533853862105293E-02   4   0 0  0 1  0 1  0 2
   308  0.1997892322424318E-06   4   1 0  0 0  0 0  1 2
   309  0.2843384021741648E-07   4   0 1  0 0  0 0  1 2
   310  -.2137358766302489E-01   4   0 0  1 0  0 0  1 2
   311  -.4527752415250642E-02   4   0 0  0 1  0 0  1 2
   312  -.4496405115196115E-07   4   1 0  0 0  0 0  0 3
   313  -.4795947840957483E-08   4   0 1  0 0  0 0  0 3
   314  0.3520720155884407E-03   4   0 0  1 0  0 0  0 3
   315  0.3749326269750924E-04   4   0 0  0 1  0 0  0 3
   316  0.1082053260991157E-04   4   0 0  0 0  0 4  0 0
   317  0.6757724125199817E-05   4   0 0  0 0  0 3  1 0
   318  0.6217712007212585E-05   4   0 0  0 0  0 2  2 0
   319  0.6769340608058237E-05   4   0 0  0 0  0 1  3 0
   320  0.1078688071887662E-04   4   0 0  0 0  0 0  4 0
   321  -.4145710277843086E-06   4   0 0  0 0  0 3  0 1
   322  -.7500324949159507E-06   4   0 0  0 0  0 2  1 1
   323  -.7493541963509415E-06   4   0 0  0 0  0 1  2 1
   324  -.4132301630421771E-06   4   0 0  0 0  0 0  3 1
   325  -.5373706866126749E-07   4   0 0  0 0  0 2  0 2
   326  -.6499812020721599E-07   4   0 0  0 0  0 1  1 2
   327  -.5362101614334562E-07   4   0 0  0 0  0 0  2 2
   328  0.9215352833646857E-09   4   0 0  0 0  0 1  0 3
   329  0.9202951246107871E-09   4   0 0  0 0  0 0  1 3
   ----------------------------------------------------
     I  COEFFICIENT            ORDER EXPONENTS
     1  -.2405779755195757E-04   0   0 0  0 0  0 0  0 0
     2  -.1307878116379446E-03   1   1 0  0 0  0 0  0 0
     3  -.3198640313832885E-04   1   0 1  0 0  0 0  0 0
     4   1.042952033412881       1   0 0  1 0  0 0  0 0
     5   1.249646275729762       1   0 0  0 1  0 0  0 0
     6  0.3563839289733652E-06   1   0 0  0 0  0 1  0 0
     7  0.3559043242775213E-06   1   0 0  0 0  0 0  1 0
     8  -.2477008580502343E-04   1   0 0  0 0  0 0  0 1
     9  -.3463636173712150E-04   2   2 0  0 0  0 0  0 0
    10  0.1306040531941499E-03   2   1 1  0 0  0 0  0 0
    11  0.2064778239732594E-04   2   0 2  0 0  0 0  0 0
    12  0.3605038183160462E-03   2   1 0  1 0  0 0  0 0
    13  -.1288662285049249E-03   2   0 1  1 0  0 0  0 0
    14  0.4538275331531118E-04   2   0 0  2 0  0 0  0 0
    15  -.1287618589698519E-03   2   1 0  0 1  0 0  0 0
    16  -.7600175018148221E-04   2   0 1  0 1  0 0  0 0
    17  -.9982995106353323E-04   2   0 0  1 1  0 0  0 0
    18  -.1377733664270228E-04   2   0 0  0 2  0 0  0 0
    19  0.1480743561281627E-06   2   1 0  0 0  0 1  0 0
    20  0.1600790796563542E-04   2   0 1  0 0  0 1  0 0
    21  -.2962440786150639E-01   2   0 0  1 0  0 1  0 0
    22  -.1293948551344571       2   0 0  0 1  0 1  0 0
    23  0.1478750846381692E-06   2   1 0  0 0  0 0  1 0
    24  0.1598636527752183E-04   2   0 1  0 0  0 0  1 0
    25  -.2958454072955602E-01   2   0 0  1 0  0 0  1 0
    26  -.1292207216365853       2   0 0  0 1  0 0  1 0
    27  -.1310837610787109E-03   2   1 0  0 0  0 0  0 1
    28  -.3199427324315727E-04   2   0 1  0 0  0 0  0 1
    29   1.102160982003942       2   0 0  1 0  0 0  0 1
    30  0.2586155767710424       2   0 0  0 1  0 0  0 1
    31  -.2692204013903112E-06   2   0 0  0 0  0 2  0 0
    32  -.1822915884467958E-06   2   0 0  0 0  0 1  1 0
    33  -.2687354374927455E-06   2   0 0  0 0  0 0  2 0
    34  0.7207348951627969E-06   2   0 0  0 0  0 1  0 1
    35  0.7197649641078911E-06   2   0 0  0 0  0 0  1 1
    36  -.7202504979237271E-06   2   0 0  0 0  0 0  0 2
    37  0.1139224011202196E-03   3   3 0  0 0  0 0  0 0
    38  0.8744765971142034E-04   3   2 1  0 0  0 0  0 0
    39  0.2382475644854096E-04   3   1 2  0 0  0 0  0 0
    40  -.1368914088316081E-04   3   0 3  0 0  0 0  0 0
    41  -2.356174690939768       3   2 0  1 0  0 0  0 0
    42  -1.732181431897066       3   1 1  1 0  0 0  0 0
    43  0.3109229360729946       3   0 2  1 0  0 0  0 0
    44  -.2697917492910197E-03   3   1 0  2 0  0 0  0 0
    45  -.7567172794935528E-04   3   0 1  2 0  0 0  0 0
    46  -1.159456698148554       3   0 0  3 0  0 0  0 0
    47  -.2874030972336700       3   2 0  0 1  0 0  0 0
    48  -.4224701121472361       3   1 1  0 1  0 0  0 0
    49  0.1831369926865000       3   0 2  0 1  0 0  0 0
    50  -.1250031563197383E-03   3   1 0  1 1  0 0  0 0
    51  0.9166903123566001E-04   3   0 1  1 1  0 0  0 0
    52  -1.098822158593764       3   0 0  2 1  0 0  0 0
    53  -.1640675518129535E-04   3   1 0  0 2  0 0  0 0
    54  0.1037947345501082E-04   3   0 1  0 2  0 0  0 0
    55  -.8372637491128965       3   0 0  1 2  0 0  0 0
    56  -.3102382452800330E-01   3   0 0  0 3  0 0  0 0
    57  0.1994955674938717E-04   3   2 0  0 0  0 1  0 0
    58  -.6799005299333657E-04   3   1 1  0 0  0 1  0 0
    59  -.2166103893819897E-04   3   0 2  0 0  0 1  0 0
    60  -.1762238118319126E-03   3   1 0  1 0  0 1  0 0
    61  0.2584796353700805E-04   3   0 1  1 0  0 1  0 0
    62  -.3044889733584462E-04   3   0 0  2 0  0 1  0 0
    63  0.3039264887648429E-04   3   1 0  0 1  0 1  0 0
    64  0.6454722818463025E-04   3   0 1  0 1  0 1  0 0
    65  0.3393704173979012E-04   3   0 0  1 1  0 1  0 0
    66  0.1087269521965520E-04   3   0 0  0 2  0 1  0 0
    67  0.1992270957610378E-04   3   2 0  0 0  0 0  1 0
    68  -.6789855518427876E-04   3   1 1  0 0  0 0  1 0
    69  -.2163188853284508E-04   3   0 2  0 0  0 0  1 0
    70  -.1759866581310898E-03   3   1 0  1 0  0 0  1 0
    71  0.2581317856585203E-04   3   0 1  1 0  0 0  1 0
    72  -.3040792064481671E-04   3   0 0  2 0  0 0  1 0
    73  0.3035174788198147E-04   3   1 0  0 1  0 0  1 0
    74  0.6446036356694572E-04   3   0 1  0 1  0 0  1 0
    75  0.3389137086841483E-04   3   0 0  1 1  0 0  1 0
    76  0.1085806325884113E-04   3   0 0  0 2  0 0  1 0
    77  -.7450862806261213E-04   3   2 0  0 0  0 0  0 1
    78  0.1358886081776151E-03   3   1 1  0 0  0 0  0 1
    79  0.2264514507371810E-04   3   0 2  0 0  0 0  0 1
    80  0.7127142882790482E-03   3   1 0  1 0  0 0  0 1
    81  -.5166114210285994E-04   3   0 1  1 0  0 0  0 1
    82  0.1062395712959728E-03   3   0 0  2 0  0 0  0 1
    83  -.6074439675846601E-04   3   1 0  0 1  0 0  0 1
    84  -.5300584157009386E-04   3   0 1  0 1  0 0  0 1
    85  -.6782841260820168E-04   3   0 0  1 1  0 0  0 1
    86  -.7953421835793782E-05   3   0 0  0 2  0 0  0 1
    87  -.1347244272387916E-06   3   1 0  0 0  0 2  0 0
    88  -.1202565205521516E-04   3   0 1  0 0  0 2  0 0
    89  0.2249847350333469E-01   3   0 0  1 0  0 2  0 0
    90  0.9930153035755239E-01   3   0 0  0 1  0 2  0 0
    91  -.1324174540724533E-06   3   1 0  0 0  0 1  1 0
    92  -.8045786551604298E-05   3   0 1  0 0  0 1  1 0
    93  0.1539166492437241E-01   3   0 0  1 0  0 1  1 0
    94  0.6928897200891074E-01   3   0 0  0 1  0 1  1 0
    95  -.1344540208693845E-06   3   1 0  0 0  0 0  2 0
    96  -.1200405467922958E-04   3   0 1  0 0  0 0  2 0
    97  0.2245783942937422E-01   3   0 0  1 0  0 0  2 0
    98  0.9912127212138920E-01   3   0 0  0 1  0 0  2 0
    99  0.4220770164168943E-06   3   1 0  0 0  0 1  0 1
   100  0.1606272671936351E-04   3   0 1  0 0  0 1  0 1
   101  -.6038861916143741E-01   3   0 0  1 0  0 1  0 1
   102  -.1384971940712830       3   0 0  0 1  0 1  0 1
   103  0.4215090050599654E-06   3   1 0  0 0  0 0  1 1
   104  0.1604111025875464E-04   3   0 1  0 0  0 0  1 1
   105  -.6030735100378651E-01   3   0 0  1 0  0 0  1 1
   106  -.1383108110746482       3   0 0  0 1  0 0  1 1
   107  -.4355945442709385E-06   3   1 0  0 0  0 0  0 2
   108  -.4803816791934730E-07   3   0 1  0 0  0 0  0 2
   109  0.6034798308821676E-01   3   0 0  1 0  0 0  0 2
   110  0.9096216514221869E-02   3   0 0  0 1  0 0  0 2
   111  0.2256752272134547E-06   3   0 0  0 0  0 3  0 0
   112  0.1386424479496382E-06   3   0 0  0 0  0 2  1 0
   113  0.1388175218880316E-06   3   0 0  0 0  0 1  2 0
   114  0.2251265091917641E-06   3   0 0  0 0  0 0  3 0
   115  -.5464437855875328E-06   3   0 0  0 0  0 2  0 1
   116  -.3726204762768515E-06   3   0 0  0 0  0 1  1 1
   117  -.5454576797707359E-06   3   0 0  0 0  0 0  2 1
   118  0.3723855800562619E-06   3   0 0  0 0  0 1  0 2
   119  0.3718844410925136E-06   3   0 0  0 0  0 0  1 2
   120  -.8006507741696972E-08   3   0 0  0 0  0 0  0 3
   121  -.8625903825967917E-04   4   4 0  0 0  0 0  0 0
   122  0.1836046826865165E-04   4   3 1  0 0  0 0  0 0
   123  0.4469542855084030E-04   4   2 2  0 0  0 0  0 0
   124  -.1444870982203785E-04   4   1 3  0 0  0 0  0 0
   125  0.2329348207416683E-04   4   0 4  0 0  0 0  0 0
   126  -.1609746396932320E-07   4   3 0  1 0  0 0  0 0
   127  0.9786146671817825E-03   4   2 1  1 0  0 0  0 0
   128  0.3201055538137585E-03   4   1 2  1 0  0 0  0 0
   129  0.1333812426925776E-03   4   0 3  1 0  0 0  0 0
   130  -.5125827408679774E-04   4   2 0  2 0  0 0  0 0
   131  0.1082036980999182E-02   4   1 1  2 0  0 0  0 0
   132  0.1575192704869435E-03   4   0 2  2 0  0 0  0 0
   133  -.4217838891671530E-07   4   1 0  3 0  0 0  0 0
   134  0.5067892199940689E-07   4   0 1  3 0  0 0  0 0
   135  0.1333741775030901E-03   4   0 0  4 0  0 0  0 0
   136  0.4893563814196753E-03   4   3 0  0 1  0 0  0 0
   137  0.5258828244323325E-03   4   2 1  0 1  0 0  0 0
   138  -.6032200940845301E-04   4   1 2  0 1  0 0  0 0
   139  0.1143920080975145E-04   4   0 3  0 1  0 0  0 0
   140  0.4262076994176996E-03   4   2 0  1 1  0 0  0 0
   141  0.9042630354480157E-03   4   1 1  1 1  0 0  0 0
   142  -.1853785530367260E-03   4   0 2  1 1  0 0  0 0
   143  0.7225076557296438E-03   4   1 0  2 1  0 0  0 0
   144  0.6908747772630637E-04   4   0 1  2 1  0 0  0 0
   145  0.6741174995419499E-03   4   0 0  3 1  0 0  0 0
   146  -.5012612597618162E-04   4   2 0  0 2  0 0  0 0
   147  0.1782974111984798E-03   4   1 1  0 2  0 0  0 0
   148  0.4067499595056798E-05   4   0 2  0 2  0 0  0 0
   149  0.3233441339889687E-03   4   1 0  1 2  0 0  0 0
   150  0.1426102698565693E-03   4   0 1  1 2  0 0  0 0
   151  0.3919602262428491E-03   4   0 0  2 2  0 0  0 0
   152  0.4465262550009144E-04   4   1 0  0 3  0 0  0 0
   153  0.2584304067642258E-04   4   0 1  0 3  0 0  0 0
   154  -.7405824673432152E-05   4   0 0  1 3  0 0  0 0
   155  -.1873536752405236E-04   4   0 0  0 4  0 0  0 0
   156  -.5485094819972341E-04   4   3 0  0 0  0 1  0 0
   157  -.8804381663689167E-04   4   2 1  0 0  0 1  0 0
   158  -.3611292141889300E-04   4   1 2  0 0  0 1  0 0
   159  0.1936283185134815E-04   4   0 3  0 0  0 1  0 0
   160   1.042519280976815       4   2 0  1 0  0 1  0 0
   161   1.713578594863281       4   1 1  1 0  0 1  0 0
   162  -.2184573239361402       4   0 2  1 0  0 1  0 0
   163  0.9153032540650109E-04   4   1 0  2 0  0 1  0 0
   164  0.7017776096015729E-04   4   0 1  2 0  0 1  0 0
   165  0.7405589314196938       4   0 0  3 0  0 1  0 0
   166  0.2336832984170731       4   2 0  0 1  0 1  0 0
   167  0.6160937392507355       4   1 1  0 1  0 1  0 0
   168  -.2472647955982345       4   0 2  0 1  0 1  0 0
   169  0.1007749255318377E-03   4   1 0  1 1  0 1  0 0
   170  -.7586605687768914E-04   4   0 1  1 1  0 1  0 0
   171   1.218913827574413       4   0 0  2 1  0 1  0 0
   172  0.2123737788709073E-04   4   1 0  0 2  0 1  0 0
   173  -.1332371754557784E-04   4   0 1  0 2  0 1  0 0
   174   1.039626786294360       4   0 0  1 2  0 1  0 0
   175  0.6436401214327411E-01   4   0 0  0 3  0 1  0 0
   176  -.5477713237867188E-04   4   3 0  0 0  0 0  1 0
   177  -.8792533141782304E-04   4   2 1  0 0  0 0  1 0
   178  -.3606432235119076E-04   4   1 2  0 0  0 0  1 0
   179  0.1933677426478139E-04   4   0 3  0 0  0 0  1 0
   180   1.041116307660708       4   2 0  1 0  0 0  1 0
   181   1.711272541548474       4   1 1  1 0  0 0  1 0
   182  -.2181633343651234       4   0 2  1 0  0 0  1 0
   183  0.9140714820824394E-04   4   1 0  2 0  0 0  1 0
   184  0.7008331903682040E-04   4   0 1  2 0  0 0  1 0
   185  0.7395623221111214       4   0 0  3 0  0 0  1 0
   186  0.2333688184471762       4   2 0  0 1  0 0  1 0
   187  0.6152646293319483       4   1 1  0 1  0 0  1 0
   188  -.2469320382895064       4   0 2  0 1  0 0  1 0
   189  0.1006393073864145E-03   4   1 0  1 1  0 0  1 0
   190  -.7576395991378585E-04   4   0 1  1 1  0 0  1 0
   191   1.217273470790680       4   0 0  2 1  0 0  1 0
   192  0.2120879762481353E-04   4   1 0  0 2  0 0  1 0
   193  -.1330578711443022E-04   4   0 1  0 2  0 0  1 0
   194   1.038227705561274       4   0 0  1 2  0 0  1 0
   195  0.6427739408910181E-01   4   0 0  0 3  0 0  1 0
   196  0.2235504816986151E-03   4   3 0  0 0  0 0  0 1
   197  0.1759691480547146E-03   4   2 1  0 0  0 0  0 1
   198  0.4835248732154275E-04   4   1 2  0 0  0 0  0 1
   199  -.1132132434980796E-04   4   0 3  0 0  0 0  0 1
   200  -4.439810279577294       4   2 0  1 0  0 0  0 1
   201  -3.424851136411754       4   1 1  1 0  0 0  0 1
   202  0.1256977222282690       4   0 2  1 0  0 0  0 1
   203  -.4527292229057649E-03   4   1 0  2 0  0 0  0 1
   204  -.1402610799969775E-03   4   0 1  2 0  0 0  0 1
   205  -2.639577951679367       4   0 0  3 0  0 0  0 1
   206  -.4670521168642514       4   2 0  0 1  0 0  0 1
   207  -.8088882564354463       4   1 1  0 1  0 0  0 1
   208  0.1279228485147412       4   0 2  0 1  0 0  0 1
   209  -.2014142329182523E-03   4   1 0  1 1  0 0  0 1
   210  0.5996098555581669E-04   4   0 1  1 1  0 0  0 1
   211  -2.436187298365094       4   0 0  2 1  0 0  0 1
   212  -.2603942033060761E-04   4   1 0  0 2  0 0  0 1
   213  0.5870557749986660E-05   4   0 1  0 2  0 0  0 1
   214  -1.240590742742750       4   0 0  1 2  0 0  0 1
   215  -.6659375717637080E-01   4   0 0  0 3  0 0  0 1
   216  -.1873875554354209E-04   4   2 0  0 0  0 2  0 0
   217  -.1045142918012747E-04   4   1 1  0 0  0 2  0 0
   218  0.4598471721111224E-04   4   0 2  0 0  0 2  0 0
   219  -.1671939282888979E-03   4   1 0  1 0  0 2  0 0
   220  0.1191749733266067E-03   4   0 1  1 0  0 2  0 0
   221  -.9545230537274611E-04   4   0 0  2 0  0 2  0 0
   222  -.1273521018454778E-03   4   1 0  0 1  0 2  0 0
   223  0.2839628307216852E-04   4   0 1  0 1  0 2  0 0
   224  -.2562738840917684E-03   4   0 0  1 1  0 2  0 0
   225  -.4612318266243552E-04   4   0 0  0 2  0 2  0 0
   226  -.9661113007098638E-05   4   2 0  0 0  0 1  1 0
   227  -.3570262320736227E-04   4   1 1  0 0  0 1  1 0
   228  0.5024864145433408E-04   4   0 2  0 0  0 1  1 0
   229  -.2010814861199350E-03   4   1 0  1 0  0 1  1 0
   230  0.1392169966621108E-03   4   0 1  1 0  0 1  1 0
   231  -.1046059702412059E-03   4   0 0  2 0  0 1  1 0
   232  -.1192406840596906E-03   4   1 0  0 1  0 1  1 0
   233  0.4809006977711952E-04   4   0 1  0 1  0 1  1 0
   234  -.2584913392882155E-03   4   0 0  1 1  0 1  1 0
   235  -.5001059282782083E-04   4   0 0  0 2  0 1  1 0
   236  -.1870703707417229E-04   4   2 0  0 0  0 0  2 0
   237  -.1041334068544292E-04   4   1 1  0 0  0 0  2 0
   238  0.4588902201910794E-04   4   0 2  0 0  0 0  2 0
   239  -.1668336235860946E-03   4   1 0  1 0  0 0  2 0
   240  0.1189209174275065E-03   4   0 1  1 0  0 0  2 0
   241  -.9525346326626535E-04   4   0 0  2 0  0 0  2 0
   242  -.1271004831422166E-03   4   1 0  0 1  0 0  2 0
   243  0.2832571001793116E-04   4   0 1  0 1  0 0  2 0
   244  -.2557550700452573E-03   4   0 0  1 1  0 0  2 0
   245  -.4602746130746354E-04   4   0 0  0 2  0 0  2 0
   246  0.4445802317734030E-04   4   2 0  0 0  0 1  0 1
   247  0.2729981197265001E-04   4   1 1  0 0  0 1  0 1
   248  -.3518285981690560E-04   4   0 2  0 0  0 1  0 1
   249  0.2677318517879718E-03   4   1 0  1 0  0 1  0 1
   250  -.9422827685360133E-04   4   0 1  1 0  0 1  0 1
   251  0.1899010649807350E-03   4   0 0  2 0  0 1  0 1
   252  0.1677765252692790E-03   4   1 0  0 1  0 1  0 1
   253  -.6167197948992878E-05   4   0 1  0 1  0 1  0 1
   254  0.3297128386717511E-03   4   0 0  1 1  0 1  0 1
   255  0.5216062414520631E-04   4   0 0  0 2  0 1  0 1
   256  0.4439819366498219E-04   4   2 0  0 0  0 0  1 1
   257  0.2726307317229291E-04   4   1 1  0 0  0 0  1 1
   258  -.3513551238227473E-04   4   0 2  0 0  0 0  1 1
   259  0.2673715508796004E-03   4   1 0  1 0  0 0  1 1
   260  -.9410146887943661E-04   4   0 1  1 0  0 0  1 1
   261  0.1896455050772107E-03   4   0 0  2 0  0 0  1 1
   262  0.1675507395286052E-03   4   1 0  0 1  0 0  1 1
   263  -.6158898424643088E-05   4   0 1  0 1  0 0  1 1
   264  0.3292691266722941E-03   4   0 0  1 1  0 0  1 1
   265  0.5209042883547653E-04   4   0 0  0 2  0 0  1 1
   266  -.4174931209631100E-04   4   2 0  0 0  0 0  0 2
   267  -.2878606637666178E-04   4   1 1  0 0  0 0  0 2
   268  -.3741762981539943E-05   4   0 2  0 0  0 0  0 2
   269  0.5635337456346935E-08   4   1 0  1 0  0 0  0 2
   270  0.1227667166594439E-08   4   0 1  1 0  0 0  0 2
   271  -.8423482996923408E-04   4   0 0  2 0  0 0  0 2
   272  -.1253275301378681E-04   4   1 0  0 1  0 0  0 2
   273  -.1197414350410597E-05   4   0 1  0 1  0 0  0 2
   274  -.5407114981866577E-04   4   0 0  1 1  0 0  0 2
   275  -.6146151296520924E-05   4   0 0  0 2  0 0  0 2
   276  0.1451508110954014E-06   4   1 0  0 0  0 3  0 0
   277  0.1002335695275490E-04   4   0 1  0 0  0 3  0 0
   278  -.1893929175217674E-01   4   0 0  1 0  0 3  0 0
   279  -.8428096752550057E-01   4   0 0  0 1  0 3  0 0
   280  0.1558734205985138E-06   4   1 0  0 0  0 2  1 0
   281  0.6030543680479735E-05   4   0 1  0 0  0 2  1 0
   282  -.1182572997109309E-01   4   0 0  1 0  0 2  1 0
   283  -.5426008825498790E-01   4   0 0  0 1  0 2  1 0
   284  0.1558513813114600E-06   4   1 0  0 0  0 1  2 0
   285  0.6038576461115207E-05   4   0 1  0 0  0 1  2 0
   286  -.1184003816535554E-01   4   0 0  1 0  0 1  2 0
   287  -.5432046032604911E-01   4   0 0  0 1  0 1  2 0
   288  0.1447530631866449E-06   4   1 0  0 0  0 0  3 0
   289  0.9999071172895831E-05   4   0 1  0 0  0 0  3 0
   290  -.1889311381932800E-01   4   0 0  1 0  0 0  3 0
   291  -.8407437439619521E-01   4   0 0  0 1  0 0  3 0
   292  -.4371007296824582E-06   4   1 0  0 0  0 2  0 1
   293  -.1207695035937536E-04   4   0 1  0 0  0 2  0 1
   294  0.4614512128134827E-01   4   0 0  1 0  0 2  0 1
   295  0.1084999111908943       4   0 0  0 1  0 2  0 1
   296  -.4520832420582034E-06   4   1 0  0 0  0 1  1 1
   297  -.8101872648772316E-05   4   0 1  0 0  0 1  1 1
   298  0.3193985049074909E-01   4   0 0  1 0  0 1  1 1
   299  0.7858311534420696E-01   4   0 0  0 1  0 1  1 1
   300  -.4362083039596022E-06   4   1 0  0 0  0 0  2 1
   301  -.1205524620951367E-04   4   0 1  0 0  0 0  2 1
   302  0.4606152977911218E-01   4   0 0  1 0  0 0  2 1
   303  0.1083010203972688       4   0 0  0 1  0 0  2 1
   304  0.4390161482936587E-06   4   1 0  0 0  0 1  0 2
   305  0.7293259646343957E-07   4   0 1  0 0  0 1  0 2
   306  -.3192073573622368E-01   4   0 0  1 0  0 1  0 2
   307  -.9294270515285431E-02   4   0 0  0 1  0 1  0 2
   308  0.4384253410513317E-06   4   1 0  0 0  0 0  1 2
   309  0.7283444721229186E-07   4   0 1  0 0  0 0  1 2
   310  -.3187777831444115E-01   4   0 0  1 0  0 0  1 2
   311  -.9281762724049446E-02   4   0 0  0 1  0 0  1 2
   312  -.1472823149560422E-06   4   1 0  0 0  0 0  0 3
   313  -.1656356921847458E-07   4   0 1  0 0  0 0  0 3
   314  0.1150176987483023E-02   4   0 0  1 0  0 0  0 3
   315  0.1278667369638930E-03   4   0 0  0 1  0 0  0 3
   316  0.5344122128547979E-05   4   0 0  0 0  0 4  0 0
   317  0.3234033133386506E-05   4   0 0  0 0  0 3  1 0
   318  0.2953783297251887E-05   4   0 0  0 0  0 2  2 0
   319  0.3240067311605528E-05   4   0 0  0 0  0 1  3 0
   320  0.5327571401056122E-05   4   0 0  0 0  0 0  4 0
   321  -.6336350569263694E-05   4   0 0  0 0  0 3  0 1
   322  -.4139711311213191E-05   4   0 0  0 0  0 2  1 1
   323  -.4144128298418322E-05   4   0 0  0 0  0 1  2 1
   324  -.6320778068445169E-05   4   0 0  0 0  0 0  3 1
   325  0.2634309333293684E-06   4   0 0  0 0  0 2  0 2
   326  0.3173555634160880E-06   4   0 0  0 0  0 1  1 2
   327  0.2628628793139514E-06   4   0 0  0 0  0 0  2 2
   328  -.1129288122498947E-08   4   0 0  0 0  0 1  0 3
   329  -.1127768379765193E-08   4   0 0  0 0  0 0  1 3
   330  -.3666225537317325E-15   4   0 0  0 0  0 0  0 4
   ----------------------------------------------------
     I  COEFFICIENT            ORDER EXPONENTS
     1  0.4141794989670449E-08   0   0 0  0 0  0 0  0 0
     2  0.8159200682569945E-05   1   1 0  0 0  0 0  0 0
     3  -.7696290904484836E-05   1   0 1  0 0  0 0  0 0
     4  0.4380226317965489E-05   1   0 0  1 0  0 0  0 0
     5  0.5588799567028932E-05   1   0 0  0 1  0 0  0 0
     6   1.000000000000000       1   0 0  0 0  1 0  0 0
     7  0.1707534440586490       1   0 0  0 0  0 1  0 0
     8  -.1707534435696077       1   0 0  0 0  0 0  1 0
     9  -.4890420014911407E-09   1   0 0  0 0  0 0  0 1
    10  -.8356137584801028E-01   2   2 0  0 0  0 0  0 0
    11  0.1676275150850012       2   1 1  0 0  0 0  0 0
    12  -.1295184574469276       2   0 2  0 0  0 0  0 0
    13  0.2445228566787854E-05   2   1 0  1 0  0 0  0 0
    14  0.2921789773909278E-04   2   0 1  1 0  0 0  0 0
    15  -.1020108525515029       2   0 0  2 0  0 0  0 0
    16  0.2921609979743550E-04   2   1 0  0 1  0 0  0 0
    17  0.1273404857610439E-04   2   0 1  0 1  0 0  0 0
    18  -.2728594971020833       2   0 0  1 1  0 0  0 0
    19  -.2255006437931033       2   0 0  0 2  0 0  0 0
    20  -.1189352074906786E-04   2   1 0  0 0  0 1  0 0
    21  0.1048901073326972E-04   2   0 1  0 0  0 1  0 0
    22  -.6737156421535650E-05   2   0 0  1 0  0 1  0 0
    23  -.8971488965748871E-05   2   0 0  0 1  0 1  0 0
    24  -.3740259044364411E-05   2   1 0  0 0  0 0  1 0
    25  0.2799303032495159E-05   2   0 1  0 0  0 0  1 0
    26  -.2359645938611912E-05   2   0 0  1 0  0 0  1 0
    27  -.3385650104352629E-05   2   0 0  0 1  0 0  1 0
    28  0.1563377651221299E-04   2   1 0  0 0  0 0  0 1
    29  -.5592015049503464E-05   2   0 1  0 0  0 0  0 1
    30  0.9096805032011802E-05   2   0 0  1 0  0 0  0 1
    31  0.6768347151419277E-05   2   0 0  0 1  0 0  0 1
    32  -.1281513132220158       2   0 0  0 0  0 2  0 0
    33  0.8554918166749451E-01   2   0 0  0 0  0 1  1 0
    34  0.4260213083645885E-01   2   0 0  0 0  0 0  2 0
    35  0.7178860625902976E-09   2   0 0  0 0  0 1  0 1
    36  0.2291933375447246E-09   2   0 0  0 0  0 0  1 1
    37  -.2290187834267906E-09   2   0 0  0 0  0 0  0 2
    38  0.9893108360655396E-05   3   3 0  0 0  0 0  0 0
    39  0.7839733950952882E-04   3   2 1  0 0  0 0  0 0
    40  -.1168779641434284E-05   3   1 2  0 0  0 0  0 0
    41  -.1336838997879852E-04   3   0 3  0 0  0 0  0 0
    42  0.4168443920738641E-04   3   2 0  1 0  0 0  0 0
    43  0.4645496984653127E-04   3   1 1  1 0  0 0  0 0
    44  -.1943747818907847E-04   3   0 2  1 0  0 0  0 0
    45  0.1661181444575112E-04   3   1 0  2 0  0 0  0 0
    46  -.1683487793717125E-04   3   0 1  2 0  0 0  0 0
    47  -.2034585995084919E-05   3   0 0  3 0  0 0  0 0
    48  0.7069742100770043E-04   3   2 0  0 1  0 0  0 0
    49  -.2584987176544670E-04   3   1 1  0 1  0 0  0 0
    50  -.5885421287943336E-05   3   0 2  0 1  0 0  0 0
    51  -.9527722479022848E-04   3   1 0  1 1  0 0  0 0
    52  0.2649348516864574E-04   3   0 1  1 1  0 0  0 0
    53  0.2077534599906293E-04   3   0 0  2 1  0 0  0 0
    54  0.6494228445885849E-04   3   1 0  0 2  0 0  0 0
    55  0.6671724423424808E-05   3   0 1  0 2  0 0  0 0
    56  0.6585473451036039E-04   3   0 0  1 2  0 0  0 0
    57  0.1915483558406799E-04   3   0 0  0 3  0 0  0 0
    58  0.1210944781202524       3   2 0  0 0  0 1  0 0
    59  -.2286397280326197       3   1 1  0 0  0 1  0 0
    60  0.1763066800342644       3   0 2  0 0  0 1  0 0
    61  -.4898606137992904E-05   3   1 0  1 0  0 1  0 0
    62  -.4431997145148743E-04   3   0 1  1 0  0 1  0 0
    63  0.1580140169185007       3   0 0  2 0  0 1  0 0
    64  -.4430391490647698E-04   3   1 0  0 1  0 1  0 0
    65  -.2558884506623320E-04   3   0 1  0 1  0 1  0 0
    66  0.4393646244594099       3   0 0  1 1  0 1  0 0
    67  0.3689524340474238       3   0 0  0 2  0 1  0 0
    68  0.3759489704022773E-01   3   2 0  0 0  0 0  1 0
    69  -.6115540224399296E-01   3   1 1  0 0  0 0  1 0
    70  0.4689933227359057E-01   3   0 2  0 0  0 0  1 0
    71  -.2450969469214525E-05   3   1 0  1 0  0 0  1 0
    72  -.1511689023387801E-04   3   0 1  1 0  0 0  1 0
    73  0.5606489672170490E-01   3   0 0  2 0  0 0  1 0
    74  -.1510666852652165E-04   3   1 0  0 1  0 0  1 0
    75  -.1284252355952979E-04   3   0 1  0 1  0 0  1 0
    76  0.1666477750593569       3   0 0  1 1  0 0  1 0
    77  0.1435618130304793       3   0 0  0 2  0 0  1 0
    78  -.1586893797926254       3   2 0  0 0  0 0  0 1
    79  0.1221676605457443       3   1 1  0 0  0 0  0 1
    80  0.3583086044218356E-01   3   0 2  0 0  0 0  0 1
    81  0.7347041134113410E-05   3   1 0  1 0  0 0  0 1
    82  0.3020635285560826E-04   3   0 1  1 0  0 0  0 1
    83  -.2140789156254660       3   0 0  2 0  0 0  0 1
    84  0.3019773089743797E-04   3   1 0  0 1  0 0  0 1
    85  0.1291533329794112E-04   3   0 1  0 1  0 0  0 1
    86  -.3331529455731251       3   0 0  1 1  0 0  0 1
    87  -.6151301237725088E-01   3   0 0  0 2  0 0  0 1
    88  0.1453014079729056E-04   3   1 0  0 0  0 2  0 0
    89  -.1208992302806694E-04   3   0 1  0 0  0 2  0 0
    90  0.8592065019145104E-05   3   0 0  1 0  0 2  0 0
    91  0.1181927094448753E-04   3   0 0  0 1  0 2  0 0
    92  0.5276214225644980E-05   3   1 0  0 0  0 1  1 0
    93  -.3205055986029055E-05   3   0 1  0 0  0 1  1 0
    94  0.3711173672259966E-05   3   0 0  1 0  0 1  1 0
    95  0.5697006496717249E-05   3   0 0  0 1  0 1  1 0
    96  0.2642545382526262E-05   3   1 0  0 0  0 0  2 0
    97  -.1607417170186913E-05   3   0 1  0 0  0 0  2 0
    98  0.1857614392082146E-05   3   0 0  1 0  0 0  2 0
    99  0.2850695108916133E-05   3   0 0  0 1  0 0  2 0
   100  -.2244298620963186E-04   3   1 0  0 0  0 1  0 1
   101  0.6406905111018003E-05   3   0 1  0 0  0 1  0 1
   102  -.1415814101436941E-04   3   0 0  1 0  0 1  0 1
   103  -.1139254972295177E-04   3   0 0  0 1  0 1  0 1
   104  -.6821057069987420E-05   3   1 0  0 0  0 0  1 1
   105  0.8213087637620179E-06   3   0 1  0 0  0 0  1 1
   106  -.5066750251643645E-05   3   0 0  1 0  0 0  1 1
   107  -.4627075802437575E-05   3   0 0  0 1  0 0  1 1
   108  0.6815135196897278E-05   3   1 0  0 0  0 0  0 2
   109  0.1977909133917198E-05   3   0 1  0 0  0 0  0 2
   110  0.5064042421616547E-05   3   0 0  1 0  0 0  0 2
   111  0.1241465764676845E-05   3   0 0  0 1  0 0  0 2
   112  0.1068071725987293       3   0 0  0 0  0 3  0 0
   113  -.6411891989207771E-01   3   0 0  0 0  0 2  1 0
   114  -.2143026730624401E-01   3   0 0  0 0  0 1  2 0
   115  -.2125799996850471E-01   3   0 0  0 0  0 0  3 0
   116  -.1545635070816857E-08   3   0 0  0 0  0 2  0 1
   117  -.6332774757107592E-09   3   0 0  0 0  0 1  1 1
   118  -.3170381786487584E-09   3   0 0  0 0  0 0  2 1
   119  0.2385934055180386E-09   3   0 0  0 0  0 1  0 2
   120  0.5464340723589171E-10   3   0 0  0 0  0 0  1 2
   121  0.8991440706250080E-11   3   0 0  0 0  0 0  0 3
   122  -.1971048492315559       4   4 0  0 0  0 0  0 0
   123  -.5241427486944816E-01   4   3 1  0 0  0 0  0 0
   124  -.2028362167396434E-01   4   2 2  0 0  0 0  0 0
   125  0.1751990256186292       4   1 3  0 0  0 0  0 0
   126  -.6230151979596965E-01   4   0 4  0 0  0 0  0 0
   127  0.5090172920039410E-04   4   3 0  1 0  0 0  0 0
   128  -.2792777689527273E-04   4   2 1  1 0  0 0  0 0
   129  -.6768864673074556E-04   4   1 2  1 0  0 0  0 0
   130  0.2890887108195347E-04   4   0 3  1 0  0 0  0 0
   131  -.7779615380398813       4   2 0  2 0  0 0  0 0
   132  0.3263542143539570       4   1 1  2 0  0 0  0 0
   133  0.9751045699114616E-01   4   0 2  2 0  0 0  0 0
   134  -.8017147329465706E-04   4   1 0  3 0  0 0  0 0
   135  0.4830738838824147E-04   4   0 1  3 0  0 0  0 0
   136  -.8694890544312608E-01   4   0 0  4 0  0 0  0 0
   137  0.2239356764929014E-04   4   3 0  0 1  0 0  0 0
   138  0.1332582425477634E-04   4   2 1  0 1  0 0  0 0
   139  0.6316610485804282E-05   4   1 2  0 1  0 0  0 0
   140  0.1723572444488111E-04   4   0 3  0 1  0 0  0 0
   141  -.3898414989859614       4   2 0  1 1  0 0  0 0
   142  0.7844234340368088       4   1 1  1 1  0 0  0 0
   143  -.2605681761374123       4   0 2  1 1  0 0  0 0
   144  0.4985296464414326E-04   4   1 0  2 1  0 0  0 0
   145  0.1803995033236232E-03   4   0 1  2 1  0 0  0 0
   146  -.4017276978257581       4   0 0  3 1  0 0  0 0
   147  -.5133091611994335       4   2 0  0 2  0 0  0 0
   148  0.3453091093568792       4   1 1  0 2  0 0  0 0
   149  -.2544084016288890       4   0 2  0 2  0 0  0 0
   150  0.9931979322437495E-04   4   1 0  1 2  0 0  0 0
   151  0.1077817348961907E-03   4   0 1  1 2  0 0  0 0
   152  -.8696807841679932       4   0 0  2 2  0 0  0 0
   153  0.6270396279862495E-04   4   1 0  0 3  0 0  0 0
   154  0.3227528652568803E-04   4   0 1  0 3  0 0  0 0
   155  -.6001093995114786       4   0 0  1 3  0 0  0 0
   156  -.2487583238685562       4   0 0  0 4  0 0  0 0
   157  0.3134679444939279E-04   4   3 0  0 0  0 1  0 0
   158  -.1306700272819509E-03   4   2 1  0 0  0 1  0 0
   159  -.1725676029848575E-03   4   1 2  0 0  0 1  0 0
   160  0.9098826897455667E-04   4   0 3  0 0  0 1  0 0
   161  -.4044291372706464E-05   4   2 0  1 0  0 1  0 0
   162  -.3705529129955542E-04   4   1 1  1 0  0 1  0 0
   163  0.6432874852294709E-04   4   0 2  1 0  0 1  0 0
   164  0.1142440647949826E-03   4   1 0  2 0  0 1  0 0
   165  -.1042204229023689E-03   4   0 1  2 0  0 1  0 0
   166  0.1160690792853419E-03   4   0 0  3 0  0 1  0 0
   167  0.3519961343051226E-04   4   2 0  0 1  0 1  0 0
   168  0.4765763243115758E-04   4   1 1  0 1  0 1  0 0
   169  0.8817839049039827E-04   4   0 2  0 1  0 1  0 0
   170  0.1783477146717528E-03   4   1 0  1 1  0 1  0 0
   171  0.2857888028553298E-04   4   0 1  1 1  0 1  0 0
   172  0.2764024221177235E-03   4   0 0  2 1  0 1  0 0
   173  -.1443832921887284E-03   4   1 0  0 2  0 1  0 0
   174  0.1063280165573881E-03   4   0 1  0 2  0 1  0 0
   175  0.1166873799275325E-03   4   0 0  1 2  0 1  0 0
   176  0.7393362533397943E-04   4   0 0  0 3  0 1  0 0
   177  0.7324434500923034E-05   4   3 0  0 0  0 0  1 0
   178  -.3813722005576603E-04   4   2 1  0 0  0 0  1 0
   179  -.1012229099149464E-03   4   1 2  0 0  0 0  1 0
   180  0.5181698005180128E-04   4   0 3  0 0  0 0  1 0
   181  -.5820400982136989E-06   4   2 0  1 0  0 0  1 0
   182  -.2143058631488122E-05   4   1 1  1 0  0 0  1 0
   183  0.3492807153735025E-04   4   0 2  1 0  0 0  1 0
   184  0.5736062569182101E-04   4   1 0  2 0  0 0  1 0
   185  -.5546456817313641E-04   4   0 1  2 0  0 0  1 0
   186  0.6054667217924149E-04   4   0 0  3 0  0 0  1 0
   187  0.2579870795214385E-04   4   2 0  0 1  0 0  1 0
   188  0.2141864050240853E-04   4   1 1  0 1  0 0  1 0
   189  0.5309260514076317E-04   4   0 2  0 1  0 0  1 0
   190  0.5587958333121674E-04   4   1 0  1 1  0 0  1 0
   191  0.2940747643873478E-04   4   0 1  1 1  0 0  1 0
   192  0.1460290661693799E-03   4   0 0  2 1  0 0  1 0
   193  -.8060617071685676E-04   4   1 0  0 2  0 0  1 0
   194  0.6403007067406440E-04   4   0 1  0 2  0 0  1 0
   195  0.7425330413061678E-04   4   0 0  1 2  0 0  1 0
   196  0.4519914405923088E-04   4   0 0  0 3  0 0  1 0
   197  -.1035494626981660E-04   4   3 0  0 0  0 0  0 1
   198  0.4247227177344695E-04   4   2 1  0 0  0 0  0 1
   199  0.6279910708212863E-04   4   1 2  0 0  0 0  0 1
   200  0.9693758710127517E-05   4   0 3  0 0  0 0  0 1
   201  0.3634239854968321E-04   4   2 0  1 0  0 0  0 1
   202  0.4908411505683859E-05   4   1 1  1 0  0 0  0 1
   203  -.3003343045286707E-04   4   0 2  1 0  0 0  0 1
   204  -.1241285491273676E-03   4   1 0  2 0  0 0  0 1
   205  0.3127617725514271E-04   4   0 1  2 0  0 0  0 1
   206  -.1271008258562563E-03   4   0 0  3 0  0 0  0 1
   207  0.2292150452599290E-04   4   2 0  0 1  0 0  0 1
   208  -.3324343115550504E-04   4   1 1  0 1  0 0  0 1
   209  -.8207667733458981E-05   4   0 2  0 1  0 0  0 1
   210  -.1135026970507460E-03   4   1 0  1 1  0 0  0 1
   211  -.2679041968012395E-04   4   0 1  1 1  0 0  0 1
   212  -.1633313240026952E-03   4   0 0  2 1  0 0  0 1
   213  0.8289605596615639E-04   4   1 0  0 2  0 0  0 1
   214  0.2720790317920725E-05   4   0 1  0 2  0 0  0 1
   215  -.3320171157996327E-04   4   0 0  1 2  0 0  0 1
   216  0.2972936491980200E-05   4   0 0  0 3  0 0  0 1
   217  -.1472377274174483       4   2 0  0 0  0 2  0 0
   218  0.2638849674265105       4   1 1  0 0  0 2  0 0
   219  -.2038151898365319       4   0 2  0 0  0 2  0 0
   220  0.7356335692276440E-05   4   1 0  1 0  0 2  0 0
   221  0.5600340136904951E-04   4   0 1  1 0  0 2  0 0
   222  -.2026478842140151       4   0 0  2 0  0 2  0 0
   223  0.5600267063536107E-04   4   1 0  0 1  0 2  0 0
   224  0.3848303902362188E-04   4   0 1  0 1  0 2  0 0
   225  -.5803636410846928       4   0 0  1 1  0 2  0 0
   226  -.4938061295552360       4   0 0  0 2  0 2  0 0
   227  -.5231731919571760E-01   4   2 0  0 0  0 1  1 0
   228  0.7056018570869586E-01   4   1 1  0 0  0 1  1 0
   229  -.5506918788726525E-01   4   0 2  0 0  0 1  1 0
   230  0.4911314830853350E-05   4   1 0  1 0  0 1  1 0
   231  0.2338380941462506E-04   4   0 1  1 0  0 1  1 0
   232  -.8929850443099707E-01   4   0 0  2 0  0 1  1 0
   233  0.2339835744377465E-04   4   1 0  0 1  0 1  1 0
   234  0.2581106450799867E-04   4   0 1  0 1  0 1  1 0
   235  -.2820670463988838       4   0 0  1 1  0 1  1 0
   236  -.2497577212177452       4   0 0  0 2  0 1  1 0
   237  -.2620479290749139E-01   4   2 0  0 0  0 0  2 0
   238  0.3538619855069709E-01   4   1 1  0 0  0 0  2 0
   239  -.2761596957457629E-01   4   0 2  0 0  0 0  2 0
   240  0.2458969078339884E-05   4   1 0  1 0  0 0  2 0
   241  0.1170630923345637E-04   4   0 1  1 0  0 0  2 0
   242  -.4469529284146491E-01   4   0 0  2 0  0 0  2 0
   243  0.1171568230746269E-04   4   1 0  0 1  0 0  2 0
   244  0.1290575734153772E-04   4   0 1  0 1  0 0  2 0
   245  -.1411388126524589       4   0 0  1 1  0 0  2 0
   246  -.1249585985469216       4   0 0  0 2  0 0  2 0
   247  0.2256982923428327       4   2 0  0 0  0 1  0 1
   248  -.1410505729954033       4   1 1  0 0  0 1  0 1
   249  -.6622056490429520E-01   4   0 2  0 0  0 1  0 1
   250  -.1471705938294561E-04   4   1 0  1 0  0 1  0 1
   251  -.4677402847389945E-04   4   0 1  1 0  0 1  0 1
   252  0.3365802637037701       4   0 0  2 0  0 1  0 1
   253  -.4676783637041651E-04   4   1 0  0 1  0 1  0 1
   254  -.2610198988317326E-04   4   0 1  0 1  0 1  0 1
   255  0.5640650191440131       4   0 0  1 1  0 1  0 1
   256  0.1305125871079074       4   0 0  0 2  0 1  0 1
   257  0.6713200440774425E-01   4   2 0  0 0  0 0  1 1
   258  -.1902168694416684E-01   4   1 1  0 0  0 0  1 1
   259  -.3039696202188871E-01   4   0 2  0 0  0 0  1 1
   260  -.7369974021449450E-05   4   1 0  1 0  0 0  1 1
   261  -.1658597520210932E-04   4   0 1  1 0  0 0  1 1
   262  0.1226242011450182       4   0 0  2 0  0 0  1 1
   263  -.1658839019940261E-04   4   1 0  0 1  0 0  1 1
   264  -.1318626806081451E-04   4   0 1  0 1  0 0  1 1
   265  0.2310490611610773       4   0 0  1 1  0 0  1 1
   266  0.6898938826468083E-01   4   0 0  0 2  0 0  1 1
   267  -.6707045747165687E-01   4   2 0  0 0  0 0  0 2
   268  -.4213154332889647E-01   4   1 1  0 0  0 0  0 2
   269  -.5437531624892374E-02   4   0 2  0 0  0 0  0 2
   270  0.7363012943576187E-05   4   1 0  1 0  0 0  0 2
   271  0.1477178095959280E-05   4   0 1  1 0  0 0  0 2
   272  -.1225627772585670       4   0 0  2 0  0 0  0 2
   273  0.1473708490142670E-05   4   1 0  0 1  0 0  0 2
   274  0.2707384311462417E-06   4   0 1  0 1  0 0  0 2
   275  -.6440408654333840E-01   4   0 0  1 1  0 0  0 2
   276  -.7481468575844858E-02   4   0 0  0 2  0 0  0 2
   277  -.4373536883249428E-04   4   1 0  0 0  0 3  0 0
   278  0.6659199847007433E-04   4   0 1  0 0  0 3  0 0
   279  0.1336042706816679E-04   4   0 0  1 0  0 3  0 0
   280  0.3569563784548889E-04   4   0 0  0 1  0 3  0 0
   281  -.1654532738848219E-04   4   1 0  0 0  0 2  1 0
   282  0.2354040917396616E-04   4   0 1  0 0  0 2  1 0
   283  0.6236280984781718E-05   4   0 0  1 0  0 2  1 0
   284  0.1583491930018730E-04   4   0 0  0 1  0 2  1 0
   285  -.9597059954744165E-05   4   1 0  0 0  0 1  2 0
   286  0.1338684214379838E-04   4   0 1  0 0  0 1  2 0
   287  0.3822143797971145E-05   4   0 0  1 0  0 1  2 0
   288  0.9584606233153313E-05   4   0 0  0 1  0 1  2 0
   289  -.5530613453526254E-05   4   1 0  0 0  0 0  3 0
   290  0.7871976303355180E-05   4   0 1  0 0  0 0  3 0
   291  0.2082366908139050E-05   4   0 0  1 0  0 0  3 0
   292  0.5288735530906685E-05   4   0 0  0 1  0 0  3 0
   293  0.4609862897772078E-04   4   1 0  0 0  0 2  0 1
   294  0.4133162920840971E-05   4   0 1  0 0  0 2  0 1
   295  -.4321911724498454E-05   4   0 0  1 0  0 2  0 1
   296  0.7857561934876731E-05   4   0 0  0 1  0 2  0 1
   297  0.1526257615851988E-04   4   1 0  0 0  0 1  1 1
   298  0.5900594366531235E-05   4   0 1  0 0  0 1  1 1
   299  -.2098499910079228E-05   4   0 0  1 0  0 1  1 1
   300  0.3725690561656259E-05   4   0 0  0 1  0 1  1 1
   301  0.7646860231142361E-05   4   1 0  0 0  0 0  2 1
   302  0.2947118947126910E-05   4   0 1  0 0  0 0  2 1
   303  -.1050036218798140E-05   4   0 0  1 0  0 0  2 1
   304  0.1864364856028865E-05   4   0 0  0 1  0 0  2 1
   305  -.6054192331730037E-05   4   1 0  0 0  0 1  0 2
   306  -.3054599533483841E-05   4   0 1  0 0  0 1  0 2
   307  -.6256543879955261E-05   4   0 0  1 0  0 1  0 2
   308  -.2226583675881878E-05   4   0 0  0 1  0 1  0 2
   309  -.1085730824685143E-05   4   1 0  0 0  0 0  1 2
   310  -.1438814799757665E-05   4   0 1  0 0  0 0  1 2
   311  -.2179567698299021E-05   4   0 0  1 0  0 0  1 2
   312  -.1154036512436557E-05   4   0 0  0 1  0 0  1 2
   313  -.5724586842620798E-06   4   1 0  0 0  0 0  0 3
   314  -.1151582848652153E-06   4   0 1  0 0  0 0  0 3
   315  0.3367084471062957E-06   4   0 0  1 0  0 0  0 3
   316  0.6169066936294124E-07   4   0 0  0 1  0 0  0 3
   317  -.9346168649373313E-01   4   0 0  0 0  0 4  0 0
   318  0.5342518660270137E-01   4   0 0  0 0  0 3  1 0
   319  0.1604057592112199E-01   4   0 0  0 0  0 2  2 0
   320  0.1073654222087411E-01   4   0 0  0 0  0 1  3 0
   321  0.1325936050334275E-01   4   0 0  0 0  0 0  4 0
   322  0.9855737447269911E-09   4   0 0  0 0  0 3  0 1
   323  -.2374431614882467E-09   4   0 0  0 0  0 2  1 1
   324  -.1596515863060775E-09   4   0 0  0 0  0 1  2 1
   325  -.1638250544244152E-09   4   0 0  0 0  0 0  3 1
   326  -.3268478436678593E-09   4   0 0  0 0  0 2  0 2
   327  -.1373295476891247E-09   4   0 0  0 0  0 1  1 2
   328  -.6432311057567180E-10   4   0 0  0 0  0 0  2 2
   329  -.1730562057126823E-10   4   0 0  0 0  0 1  0 3
   330  -.8315075006784411E-11   4   0 0  0 0  0 0  1 3
   331  -.4577188847074066E-12   4   0 0  0 0  0 0  0 4
   ----------------------------------------------------
     I  COEFFICIENT            ORDER EXPONENTS
     1   1.000000000000000       1   0 0  0 0  0 1  0 0
     --------------------------------------------------
     I  COEFFICIENT            ORDER EXPONENTS
     1   1.000000000000000       1   0 0  0 0  0 0  1 0
     --------------------------------------------------
     I  COEFFICIENT            ORDER EXPONENTS
     1   1.000000000000000       1   0 0  0 0  0 0  0 1
     --------------------------------------------------
