 L    0.6000004999999999E+00
 P (  0.0000000000000000E+00,  0.0000000000000000E+00,  0.1467310000000000E+00)
 A (  0.0000000000000000E+00,  0.0000000000000000E+00,  0.0000000000000000E+00)
     I  COEFFICIENT            ORDER EXPONENTS
     1  0.1854351001568759E-03   0   0 0  0 0  0 0  0 0
     2  0.6357248066330830       1   1 0  0 0  0 0  0 0
     3  0.5108715017808146       1   0 1  0 0  0 0  0 0
     4  -.2995005856740251E-03   1   0 0  1 0  0 0  0 0
     5  -.7206952616666219E-04   1   0 0  0 1  0 0  0 0
     6  0.1777844683842508E-04   1   0 0  0 0  0 1  0 0
     7  0.1775452144253897E-04   1   0 0  0 0  0 0  1 0
     8  -.3553296828114679E-04   1   0 0  0 0  0 0  0 1
     9  0.3527250925253111E-03   2   2 0  0 0  0 0  0 0
    10  -.5507044461736829E-04   2   1 1  0 0  0 0  0 0
    11  -.7891830265897855E-04   2   0 2  0 0  0 0  0 0
    12  0.8215651400761504E-05   2   1 0  1 0  0 0  0 0
    13  -.1412456250883103E-04   2   0 1  1 0  0 0  0 0
    14  -.3910203409641664E-03   2   0 0  2 0  0 0  0 0
    15  -.7885934147110634E-05   2   1 0  0 1  0 0  0 0
    16  -.3663786381047074E-05   2   0 1  0 1  0 0  0 0
    17  -.5039824218930428E-04   2   0 0  1 1  0 0  0 0
    18  -.2990847018307341E-04   2   0 0  0 2  0 0  0 0
    19  0.1724219046051854       2   1 0  0 0  0 1  0 0
    20  -.2126915110863342       2   0 1  0 0  0 1  0 0
    21  0.1501848300402589E-03   2   0 0  1 0  0 1  0 0
    22  0.7216615959512387E-04   2   0 0  0 1  0 1  0 0
    23  0.1721898673319306       2   1 0  0 0  0 0  1 0
    24  -.2124052808745181       2   0 1  0 0  0 0  1 0
    25  0.1499827183739566E-03   2   0 0  1 0  0 0  1 0
    26  0.7206904177861402E-04   2   0 0  0 1  0 0  1 0
    27  -.3446117719371160       2   1 0  0 0  0 0  0 1
    28  -.8577470981996223E-01   2   0 1  0 0  0 0  0 1
    29  -.3001675484142155E-03   2   0 0  1 0  0 0  0 1
    30  -.7216567520707588E-04   2   0 0  0 1  0 0  0 1
    31  -.1307335998302793E-04   2   0 0  0 0  0 2  0 0
    32  -.8380864861001323E-05   2   0 0  0 0  0 1  1 0
    33  -.1305012718481850E-04   2   0 0  0 0  0 0  2 0
    34  0.1674897526987938E-04   2   0 0  0 0  0 1  0 1
    35  0.1672643528831307E-04   2   0 0  0 0  0 0  1 1
    36  0.1028752881516439E-05   2   0 0  0 0  0 0  0 2
    37  -.1623004587865317       3   3 0  0 0  0 0  0 0
    38  -.1983975792534162       3   2 1  0 0  0 0  0 0
    39  -.4458631415261285       3   1 2  0 0  0 0  0 0
    40  0.1468426892018593       3   0 3  0 0  0 0  0 0
    41  0.8001718160168950E-03   3   2 0  1 0  0 0  0 0
    42  0.1073111012982410E-02   3   1 1  1 0  0 0  0 0
    43  -.2128755934708101E-03   3   0 2  1 0  0 0  0 0
    44  -1.000945417274989       3   1 0  2 0  0 0  0 0
    45  -.6984769548755364       3   0 1  2 0  0 0  0 0
    46  -.4685136276126573E-03   3   0 0  3 0  0 0  0 0
    47  0.4602790943067679E-04   3   2 0  0 1  0 0  0 0
    48  0.1942676940628787E-03   3   1 1  0 1  0 0  0 0
    49  -.1003357290096079E-03   3   0 2  0 1  0 0  0 0
    50  -.9592371282501236       3   1 0  1 1  0 0  0 0
    51  -.1630020596903487       3   0 1  1 1  0 0  0 0
    52  -.1206905376639149E-02   3   0 0  2 1  0 0  0 0
    53  -.5156565198055179       3   1 0  0 2  0 0  0 0
    54  0.1634073690797368       3   0 1  0 2  0 0  0 0
    55  -.7073000431300660E-03   3   0 0  1 2  0 0  0 0
    56  -.1494840152401152E-03   3   0 0  0 3  0 0  0 0
    57  -.1356067884915013E-03   3   2 0  0 0  0 1  0 0
    58  0.1273100076035492E-04   3   1 1  0 0  0 1  0 0
    59  0.1044865905160055E-03   3   0 2  0 0  0 1  0 0
    60  0.6329007751069506E-05   3   1 0  1 0  0 1  0 0
    61  0.1579742617702421E-04   3   0 1  1 0  0 1  0 0
    62  0.2166340580922286E-03   3   0 0  2 0  0 1  0 0
    63  0.1158668030422525E-04   3   1 0  0 1  0 1  0 0
    64  0.6371151349199776E-05   3   0 1  0 1  0 1  0 0
    65  0.9941971912768995E-04   3   0 0  1 1  0 1  0 0
    66  0.5407680731758696E-04   3   0 0  0 2  0 1  0 0
    67  -.1354242952664757E-03   3   2 0  0 0  0 0  1 0
    68  0.1271386797952392E-04   3   1 1  0 0  0 0  1 0
    69  0.1043459773867712E-03   3   0 2  0 0  0 0  1 0
    70  0.6320490470713911E-05   3   1 0  1 0  0 0  1 0
    71  0.1577616674538208E-04   3   0 1  1 0  0 0  1 0
    72  0.2163425221864581E-03   3   0 0  2 0  0 0  1 0
    73  0.1157108749593322E-04   3   1 0  0 1  0 0  1 0
    74  0.6362577353976012E-05   3   0 1  0 1  0 0  1 0
    75  0.9928592475517704E-04   3   0 0  1 1  0 0  1 0
    76  0.5400403329885105E-04   3   0 0  0 2  0 0  1 0
    77  0.2710310837579774E-03   3   2 0  0 0  0 0  0 1
    78  0.2962557587748914E-04   3   1 1  0 0  0 0  0 1
    79  -.5099596258481913E-04   3   0 2  0 0  0 0  0 1
    80  -.1264949822178355E-04   3   1 0  1 0  0 0  0 1
    81  -.1744903041357527E-04   3   0 1  1 0  0 0  0 1
    82  -.4329765802786852E-03   3   0 0  2 0  0 0  0 1
    83  -.1527183365304788E-04   3   1 0  0 1  0 0  0 1
    84  -.5406155941081622E-05   3   0 1  0 1  0 0  0 1
    85  -.1483074016935627E-03   3   0 0  1 1  0 0  0 1
    86  -.4826390025029066E-04   3   0 0  0 2  0 0  0 1
    87  -.1244664047258467       3   1 0  0 0  0 2  0 0
    88  0.1388361759921801       3   0 1  0 0  0 2  0 0
    89  -.1128499388656429E-03   3   0 0  1 0  0 2  0 0
    90  -.7221253365502969E-04   3   0 0  0 1  0 2  0 0
    91  -.7663982149397100E-01   3   1 0  0 0  0 1  1 0
    92  0.6517941056976470E-01   3   0 1  0 0  0 1  1 0
    93  -.7562294370140791E-04   3   0 0  1 0  0 1  1 0
    94  -.7225710653073326E-04   3   0 0  0 1  0 1  1 0
    95  -.1242473345743367       3   1 0  0 0  0 0  2 0
    96  0.1386054791201795       3   0 1  0 0  0 0  2 0
    97  -.1126471858395613E-03   3   0 0  1 0  0 0  2 0
    98  -.7206673332619083E-04   3   0 0  0 1  0 0  2 0
    99  0.1531512098887293       3   1 0  0 0  0 1  0 1
   100  0.8253054031534265E-01   3   0 1  0 0  0 1  0 1
   101  0.1511540556284620E-03   3   0 0  1 0  0 1  0 1
   102  0.7233916614734692E-04   3   0 0  0 1  0 1  0 1
   103  0.1529451062082277       3   1 0  0 0  0 0  1 1
   104  0.8241947460371597E-01   3   0 1  0 0  0 0  1 1
   105  0.1509506396240412E-03   3   0 0  1 0  0 0  1 1
   106  0.7224181550677265E-04   3   0 0  0 1  0 0  1 1
   107  0.1925760680308266E-01   3   1 0  0 0  0 0  0 2
   108  0.3299570269303612E-02   3   0 1  0 0  0 0  0 2
   109  -.9775229791554163E-06   3   0 0  1 0  0 0  0 2
   110  -.1309349083103022E-06   3   0 0  0 1  0 0  0 2
   111  0.1072381545812077E-04   3   0 0  0 0  0 3  0 0
   112  0.6027958451331709E-05   3   0 0  0 0  0 2  1 0
   113  0.6037408513859858E-05   3   0 0  0 0  0 1  2 0
   114  0.1069811745030134E-04   3   0 0  0 0  0 0  3 0
   115  -.1205293367000087E-04   3   0 0  0 0  0 2  0 1
   116  -.7369501159706785E-05   3   0 0  0 0  0 1  1 1
   117  -.1203175463624092E-04   3   0 0  0 0  0 0  2 1
   118  -.1011328455609124E-05   3   0 0  0 0  0 1  0 2
   119  -.1009967457435832E-05   3   0 0  0 0  0 0  1 2
   120  -.1206994996552795E-07   3   0 0  0 0  0 0  0 3
   121  0.7363974849967340E-03   4   4 0  0 0  0 0  0 0
   122  -.1391530391932503E-03   4   3 1  0 0  0 0  0 0
   123  -.2242616459736076E-03   4   2 2  0 0  0 0  0 0
   124  0.4570407121558153E-03   4   1 3  0 0  0 0  0 0
   125  -.2431306239296128E-03   4   0 4  0 0  0 0  0 0
   126  0.1015741925305532E-04   4   3 0  1 0  0 0  0 0
   127  0.1256747485765021E-04   4   2 1  1 0  0 0  0 0
   128  0.7203648783665017E-05   4   1 2  1 0  0 0  0 0
   129  -.8669796575088583E-05   4   0 3  1 0  0 0  0 0
   130  0.2400480596468601E-02   4   2 0  2 0  0 0  0 0
   131  -.1579320710497882E-03   4   1 1  2 0  0 0  0 0
   132  0.5773569098095043E-03   4   0 2  2 0  0 0  0 0
   133  0.1195021468169847E-03   4   1 0  3 0  0 0  0 0
   134  -.2540226745782015E-04   4   0 1  3 0  0 0  0 0
   135  -.1272778988234860E-03   4   0 0  4 0  0 0  0 0
   136  0.1164761476616271E-04   4   3 0  0 1  0 0  0 0
   137  0.1313603531731030E-04   4   2 1  0 1  0 0  0 0
   138  0.8651646936370266E-05   4   1 2  0 1  0 0  0 0
   139  -.8966412369593827E-05   4   0 3  0 1  0 0  0 0
   140  0.1115877403755843E-02   4   2 0  1 1  0 0  0 0
   141  -.1488464818245983E-02   4   1 1  1 1  0 0  0 0
   142  0.2243866731282740E-04   4   0 2  1 1  0 0  0 0
   143  0.1164778626742611E-03   4   1 0  2 1  0 0  0 0
   144  -.8464040939279850E-04   4   0 1  2 1  0 0  0 0
   145  -.1571002502475757E-03   4   0 0  3 1  0 0  0 0
   146  0.3702054637113407E-03   4   2 0  0 2  0 0  0 0
   147  0.3212986460475783E-03   4   1 1  0 2  0 0  0 0
   148  -.3046026102159402E-03   4   0 2  0 2  0 0  0 0
   149  0.5688588096826759E-04   4   1 0  1 2  0 0  0 0
   150  -.3531063289151953E-04   4   0 1  1 2  0 0  0 0
   151  0.2205411090543613E-03   4   0 0  2 2  0 0  0 0
   152  0.1913308729109928E-04   4   1 0  0 3  0 0  0 0
   153  -.1019373421677754E-04   4   0 1  0 3  0 0  0 0
   154  0.8488783779104855E-04   4   0 0  1 3  0 0  0 0
   155  -.4670235052594293E-04   4   0 0  0 4  0 0  0 0
   156  0.2198378468358344       4   3 0  0 0  0 1  0 0
   157  0.7945664864958929E-01   4   2 1  0 0  0 1  0 0
   158  0.5605053339189000       4   1 2  0 0  0 1  0 0
   159  -.1610299693667409       4   0 3  0 0  0 1  0 0
   160  -.7772148329728601E-03   4   2 0  1 0  0 1  0 0
   161  -.1573955312970835E-02   4   1 1  1 0  0 1  0 0
   162  0.2076000321015271E-03   4   0 2  1 0  0 1  0 0
   163   1.115123138068354       4   1 0  2 0  0 1  0 0
   164  0.7857292456076046       4   0 1  2 0  0 1  0 0
   165  0.5643588273056834E-03   4   0 0  3 0  0 1  0 0
   166  -.2728817073152435E-03   4   2 0  0 1  0 1  0 0
   167  -.4996092975053797E-03   4   1 1  0 1  0 1  0 0
   168  0.1603948930498111E-03   4   0 2  0 1  0 1  0 0
   169   1.476985823929917       4   1 0  1 1  0 1  0 0
   170  0.3666079517480469       4   0 1  1 1  0 1  0 0
   171  0.1662428928853887E-02   4   0 0  2 1  0 1  0 0
   172  0.8418963379233215       4   1 0  0 2  0 1  0 0
   173  -.1574671371711900       4   0 1  0 2  0 1  0 0
   174  0.1234050726651528E-02   4   0 0  1 2  0 1  0 0
   175  0.3188647115569032E-03   4   0 0  0 3  0 1  0 0
   176  0.2195419994221615       4   3 0  0 0  0 0  1 0
   177  0.7934971963649873E-01   4   2 1  0 0  0 0  1 0
   178  0.5597510322562143       4   1 2  0 0  0 0  1 0
   179  -.1608132628230470       4   0 3  0 0  0 0  1 0
   180  -.7761688938795117E-03   4   2 0  1 0  0 0  1 0
   181  -.1571837158088584E-02   4   1 1  1 0  0 0  1 0
   182  0.2073206537621756E-03   4   0 2  1 0  0 0  1 0
   183   1.113622457903074       4   1 0  2 0  0 0  1 0
   184  0.7846718482190029       4   0 1  2 0  0 0  1 0
   185  0.5635993397932061E-03   4   0 0  3 0  0 0  1 0
   186  -.2725144759740081E-03   4   2 0  0 1  0 0  1 0
   187  -.4989369468585681E-03   4   1 1  0 1  0 0  1 0
   188  0.1601790411618936E-03   4   0 2  0 1  0 0  1 0
   189   1.474998166016003       4   1 0  1 1  0 0  1 0
   190  0.3661145880442186       4   0 1  1 1  0 0  1 0
   191  0.1660191710348999E-02   4   0 0  2 1  0 0  1 0
   192  0.8407633535089458       4   1 0  0 2  0 0  1 0
   193  -.1572552253191534       4   0 1  0 2  0 0  1 0
   194  0.1232389999342399E-02   4   0 0  1 2  0 0  1 0
   195  0.3184355984556639E-03   4   0 0  0 3  0 0  1 0
   196  -.4393798462579964       4   3 0  0 0  0 0  0 1
   197  0.3959121096732854E-01   4   2 1  0 0  0 0  0 1
   198  -.2285300831228576       4   1 2  0 0  0 0  0 1
   199  -.1186848354157894       4   0 3  0 0  0 0  0 1
   200  0.1553383726852375E-02   4   2 0  1 0  0 0  0 1
   201  0.2072681458077010E-02   4   1 1  1 0  0 0  0 1
   202  0.1083050107791817E-04   4   0 2  1 0  0 0  0 1
   203  -2.228745595971430       4   1 0  2 0  0 0  0 1
   204  -.8719241389510691       4   0 1  2 0  0 0  0 1
   205  -.1127958167098891E-02   4   0 0  3 0  0 0  0 1
   206  0.4993682738585769E-03   4   2 0  0 1  0 0  0 1
   207  0.6100108562381920E-03   4   1 1  0 1  0 0  0 1
   208  -.1956674718288122E-04   4   0 2  0 1  0 0  0 1
   209  -1.992746861695801       4   1 0  1 1  0 0  0 1
   210  -.4067184204115690       4   0 1  1 1  0 0  0 1
   211  -.2115715262563740E-02   4   0 0  2 1  0 0  0 1
   212  -.6513466518212325       4   1 0  0 2  0 0  0 1
   213  -.1754997447488664       4   0 1  0 2  0 0  0 1
   214  -.1051840639733797E-02   4   0 0  1 2  0 0  0 1
   215  -.1888482642922217E-03   4   0 0  0 3  0 0  0 1
   216  0.1450139506051860E-03   4   2 0  0 0  0 2  0 0
   217  0.5952308469911038E-03   4   1 1  0 0  0 2  0 0
   218  -.3928285378891947E-03   4   0 2  0 0  0 2  0 0
   219  0.7913072029815452E-05   4   1 0  1 0  0 2  0 0
   220  -.1624659847089788E-05   4   0 1  1 0  0 2  0 0
   221  0.3065609647207041E-03   4   0 0  2 0  0 2  0 0
   222  0.1111380318974729E-04   4   1 0  0 1  0 2  0 0
   223  -.8607981451807624E-05   4   0 1  0 1  0 2  0 0
   224  0.1539045432843385E-03   4   0 0  1 1  0 2  0 0
   225  -.1279038517548674E-03   4   0 0  0 2  0 2  0 0
   226  0.1868037524079699E-04   4   2 0  0 0  0 1  1 0
   227  0.6901102237166386E-03   4   1 1  0 0  0 1  1 0
   228  -.4330728698480799E-03   4   0 2  0 0  0 1  1 0
   229  0.4309538080549314E-05   4   1 0  1 0  0 1  1 0
   230  -.1171865091359974E-05   4   0 1  1 0  0 1  1 0
   231  0.3584535434076407E-03   4   0 0  2 0  0 1  1 0
   232  0.1188922515755634E-04   4   1 0  0 1  0 1  1 0
   233  -.1039096218237536E-04   4   0 1  0 1  0 1  1 0
   234  0.1679385041990918E-03   4   0 0  1 1  0 1  1 0
   235  -.1481983734030655E-03   4   0 0  0 2  0 1  1 0
   236  0.1448062280804137E-03   4   2 0  0 0  0 0  2 0
   237  0.5939654544618350E-03   4   1 1  0 0  0 0  2 0
   238  -.3920084832271620E-03   4   0 2  0 0  0 0  2 0
   239  0.7899523203793948E-05   4   1 0  1 0  0 0  2 0
   240  -.1621684936035122E-05   4   0 1  1 0  0 0  2 0
   241  0.3059072144794041E-03   4   0 0  2 0  0 0  2 0
   242  0.1109084677775146E-04   4   1 0  0 1  0 0  2 0
   243  -.8589405402458116E-05   4   0 1  0 1  0 0  2 0
   244  0.1535844239411080E-03   4   0 0  1 1  0 0  2 0
   245  -.1276320055857895E-03   4   0 0  0 2  0 0  2 0
   246  0.3753493224151010E-04   4   2 0  0 0  0 1  0 1
   247  -.3610160460069555E-03   4   1 1  0 0  0 1  0 1
   248  -.1496339000375753E-03   4   0 2  0 0  0 1  0 1
   249  -.5613325658109663E-05   4   1 0  1 0  0 1  0 1
   250  0.1495598626358317E-06   4   0 1  1 0  0 1  0 1
   251  -.3077685090685629E-03   4   0 0  2 0  0 1  0 1
   252  -.3408620756082212E-05   4   1 0  0 1  0 1  0 1
   253  -.3271974222017453E-05   4   0 1  0 1  0 1  0 1
   254  -.1530622996916319E-03   4   0 0  1 1  0 1  0 1
   255  -.5068848752746237E-04   4   0 0  0 2  0 1  0 1
   256  0.3748441949865976E-04   4   2 0  0 0  0 0  1 1
   257  -.3605302076263361E-03   4   1 1  0 0  0 0  1 1
   258  -.1494325297869062E-03   4   0 2  0 0  0 0  1 1
   259  -.5605771508985812E-05   4   1 0  1 0  0 0  1 1
   260  0.1493585920212033E-06   4   0 1  1 0  0 0  1 1
   261  -.3073543287136857E-03   4   0 0  2 0  0 0  1 1
   262  -.3404033594911400E-05   4   1 0  0 1  0 0  1 1
   263  -.3267570953312270E-05   4   0 1  0 1  0 0  1 1
   264  -.1528563156622832E-03   4   0 0  1 1  0 0  1 1
   265  -.5062027334981358E-04   4   0 0  0 2  0 0  1 1
   266  -.2200353709801652E-03   4   2 0  0 0  0 0  0 2
   267  -.5449405434019003E-04   4   1 1  0 0  0 0  0 2
   268  0.3073341584719593E-05   4   0 2  0 0  0 0  0 2
   269  -.4774759143347473E-05   4   1 0  1 0  0 0  0 2
   270  0.1780411610685939E-05   4   0 1  1 0  0 0  0 2
   271  0.4473501902647985E-04   4   0 0  2 0  0 0  0 2
   272  -.3588975407149614E-05   4   1 0  0 1  0 0  0 2
   273  -.1550079327764287E-06   4   0 1  0 1  0 0  0 2
   274  0.3149594861821707E-05   4   0 0  1 1  0 0  0 2
   275  -.2974564029863525E-05   4   0 0  0 2  0 0  0 2
   276  0.1005552536510950       4   1 0  0 0  0 3  0 0
   277  -.1023400537914042       4   0 1  0 0  0 3  0 0
   278  0.9424437056275390E-04   4   0 0  1 0  0 3  0 0
   279  0.7225250061797058E-04   4   0 0  0 1  0 3  0 0
   280  0.5276496121147697E-01   4   1 0  0 0  0 2  1 0
   281  -.2939584386893528E-01   4   0 1  0 0  0 2  1 0
   282  0.5705407825468509E-04   4   0 0  1 0  0 2  1 0
   283  0.7233611992417993E-04   4   0 0  0 1  0 2  1 0
   284  0.5286115893039955E-01   4   1 0  0 0  0 1  2 0
   285  -.2954281317434033E-01   4   0 1  0 0  0 1  2 0
   286  0.5712889564672936E-04   4   0 0  1 0  0 1  2 0
   287  0.7233575484837508E-04   4   0 0  0 1  0 1  2 0
   288  0.1003168134725715       4   1 0  0 0  0 0  3 0
   289  -.1021137141322408       4   0 1  0 0  0 0  3 0
   290  0.9401578754826469E-04   4   0 0  1 0  0 0  3 0
   291  0.7205804192237278E-04   4   0 0  0 1  0 0  3 0
   292  -.1054974142486428       4   1 0  0 0  0 2  0 1
   293  -.8009328366829480E-01   4   0 1  0 0  0 2  0 1
   294  -.1140775584545911E-03   4   0 0  1 0  0 2  0 1
   295  -.7247214712172175E-04   4   0 0  0 1  0 2  0 1
   296  -.5797160170857902E-01   4   1 0  0 0  0 1  1 1
   297  -.7766243744448650E-01   4   0 1  0 0  0 1  1 1
   298  -.7710057913806349E-04   4   0 0  1 0  0 1  1 1
   299  -.7260463916629611E-04   4   0 0  0 1  0 1  1 1
   300  -.1053164330757317       4   1 0  0 0  0 0  2 1
   301  -.7993324067769528E-01   4   0 1  0 0  0 0  2 1
   302  -.1138721590898570E-03   4   0 0  1 0  0 0  2 1
   303  -.7232576357079346E-04   4   0 0  0 1  0 0  2 1
   304  -.1866812096494441E-01   4   1 0  0 0  0 1  0 2
   305  -.4871428184226497E-02   4   0 1  0 0  0 1  0 2
   306  0.1468637244002527E-05   4   0 0  1 0  0 1  0 2
   307  0.2622308610017071E-06   4   0 0  0 1  0 1  0 2
   308  -.1864299828754786E-01   4   1 0  0 0  0 0  1 2
   309  -.4864872445758633E-02   4   0 1  0 0  0 0  1 2
   310  0.1466660821213971E-05   4   0 0  1 0  0 0  1 2
   311  0.2618779630674646E-06   4   0 0  0 1  0 0  1 2
   312  -.4013647845769351E-03   4   1 0  0 0  0 0  0 3
   313  -.5413672598571382E-04   4   0 1  0 0  0 0  0 3
   314  -.3267507023268811E-06   4   0 0  1 0  0 0  0 3
   315  -.4376803322523579E-07   4   0 0  0 1  0 0  0 3
   316  -.5165812236377340E-04   4   0 0  0 0  0 4  0 0
   317  -.2393352464174557E-04   4   0 0  0 0  0 3  1 0
   318  -.2026896613642093E-04   4   0 0  0 0  0 2  2 0
   319  -.2401286836244877E-04   4   0 0  0 0  0 1  3 0
   320  -.5150305762342225E-04   4   0 0  0 0  0 0  4 0
   321  -.8406624345399020E-05   4   0 0  0 0  0 3  0 1
   322  -.1017662930324863E-04   4   0 0  0 0  0 2  1 1
   323  -.1017303348212731E-04   4   0 0  0 0  0 1  2 1
   324  -.8382816098501640E-05   4   0 0  0 0  0 0  3 1
   325  -.5536967654567158E-07   4   0 0  0 0  0 2  0 2
   326  -.1022484264105495E-06   4   0 0  0 0  0 1  1 2
   327  -.5522636208773027E-07   4   0 0  0 0  0 0  2 2
   328  0.2021934589738762E-08   4   0 0  0 0  0 1  0 3
   329  0.2019213565458369E-08   4   0 0  0 0  0 0  1 3
   330  0.2097077380028217E-13   4   0 0  0 0  0 0  0 4
   ----------------------------------------------------
     I  COEFFICIENT            ORDER EXPONENTS
     1  -.1422450787413476E-03   0   0 0  0 0  0 0  0 0
     2  -1.110964169705017       1   1 0  0 0  0 0  0 0
     3  0.6802315259142393       1   0 1  0 0  0 0  0 0
     4  -.9366566501666510E-03   1   0 0  1 0  0 0  0 0
     5  -.2619701210024888E-03   1   0 0  0 1  0 0  0 0
     6  -.2697761202205103E-05   1   0 0  0 0  0 1  0 0
     7  -.2694130682320155E-05   1   0 0  0 0  0 0  1 0
     8  -.1368531868568220E-03   1   0 0  0 0  0 0  0 1
     9  -.1047320104010613E-03   2   2 0  0 0  0 0  0 0
    10  -.8269236008540871E-03   2   1 1  0 0  0 0  0 0
    11  -.1648856869894552E-03   2   0 2  0 0  0 0  0 0
    12  -.7814200939500963E-04   2   1 0  1 0  0 0  0 0
    13  -.4686270491615887E-04   2   0 1  1 0  0 0  0 0
    14  0.2077016931037303E-03   2   0 0  2 0  0 0  0 0
    15  -.4604240811673956E-04   2   1 0  0 1  0 0  0 0
    16  -.2205730680371486E-04   2   0 1  0 1  0 0  0 0
    17  0.7111304067017813E-03   2   0 0  1 1  0 0  0 0
    18  0.1221913060097627E-03   2   0 0  0 2  0 0  0 0
    19  -.4390782118824008E-01   2   1 0  0 0  0 1  0 0
    20  0.1519125698846878       2   0 1  0 0  0 1  0 0
    21  0.1800085856012712E-05   2   0 0  1 0  0 1  0 0
    22  0.1313347988441784E-03   2   0 0  0 1  0 1  0 0
    23  -.4384873211178899E-01   2   1 0  0 0  0 0  1 0
    24  0.1517081331075284       2   0 1  0 0  0 0  1 0
    25  0.1797663385302914E-05   2   0 0  1 0  0 0  1 0
    26  0.1311580546614886E-03   2   0 0  0 1  0 0  1 0
    27  -1.023207616404988       2   1 0  0 0  0 0  0 1
    28  -.3036207029922158       2   0 1  0 0  0 0  0 1
    29  -.9402543994079669E-03   2   0 0  1 0  0 0  0 1
    30  -.2624928535056670E-03   2   0 0  0 1  0 0  0 1
    31  0.2005533277261135E-05   2   0 0  0 0  0 2  0 0
    32  0.1315156665677736E-05   2   0 0  0 0  0 1  1 0
    33  0.2001949387139835E-05   2   0 0  0 0  0 0  2 0
    34  -.5326201085391637E-05   2   0 0  0 0  0 1  0 1
    35  -.5319033334986018E-05   2   0 0  0 0  0 0  1 1
    36  0.5322606161246505E-05   2   0 0  0 0  0 0  0 2
    37  -.7677518126463390       3   3 0  0 0  0 0  0 0
    38  -.9832063717758619       3   2 1  0 0  0 0  0 0
    39  0.2013493952446415       3   1 2  0 0  0 0  0 0
    40  -.4365468544934518E-01   3   0 3  0 0  0 0  0 0
    41  0.3348784064946708E-02   3   2 0  1 0  0 0  0 0
    42  0.1985541905174365E-02   3   1 1  1 0  0 0  0 0
    43  0.3174310144099463E-03   3   0 2  1 0  0 0  0 0
    44  -3.921718242910467       3   1 0  2 0  0 0  0 0
    45  -.8598600958148586       3   0 1  2 0  0 0  0 0
    46  -.8528194306076004E-03   3   0 0  3 0  0 0  0 0
    47  0.8375382612986224E-03   3   2 0  0 1  0 0  0 0
    48  0.1484748127539394E-02   3   1 1  0 1  0 0  0 0
    49  0.2247323546093907E-03   3   0 2  0 1  0 0  0 0
    50  -2.730857470010843       3   1 0  1 1  0 0  0 0
    51  -.8832795482773648       3   0 1  1 1  0 0  0 0
    52  -.6864351711057194E-03   3   0 0  2 1  0 0  0 0
    53  -.9097512374475826       3   1 0  0 2  0 0  0 0
    54  -.4648859638992563       3   0 1  0 2  0 0  0 0
    55  -.2132588026383190E-03   3   0 0  1 2  0 0  0 0
    56  -.1551075400799742E-03   3   0 0  0 3  0 0  0 0
    57  0.1045949752374508E-04   3   2 0  0 0  0 1  0 0
    58  0.4143480531319207E-03   3   1 1  0 0  0 1  0 0
    59  0.1721639029367371E-03   3   0 2  0 0  0 1  0 0
    60  0.3994623160791440E-04   3   1 0  1 0  0 1  0 0
    61  0.3552852548125683E-04   3   0 1  1 0  0 1  0 0
    62  -.7950360624772135E-04   3   0 0  2 0  0 1  0 0
    63  0.3279650713417500E-04   3   1 0  0 1  0 1  0 0
    64  0.2619290095671044E-04   3   0 1  0 1  0 1  0 0
    65  -.3188320234563804E-03   3   0 0  1 1  0 1  0 0
    66  -.1122558686037736E-03   3   0 0  0 2  0 1  0 0
    67  0.1044542162491615E-04   3   2 0  0 0  0 0  1 0
    68  0.4137904430495640E-03   3   1 1  0 0  0 0  1 0
    69  0.1719322128699678E-03   3   0 2  0 0  0 0  1 0
    70  0.3989247385201716E-04   3   1 0  1 0  0 0  1 0
    71  0.3548071286606553E-04   3   0 1  1 0  0 0  1 0
    72  -.7939661404130867E-04   3   0 0  2 0  0 0  1 0
    73  0.3275237114051981E-04   3   1 0  0 1  0 0  1 0
    74  0.2615765178503160E-04   3   0 1  0 1  0 0  1 0
    75  -.3184029543452463E-03   3   0 0  1 1  0 0  1 0
    76  -.1121047999462419E-03   3   0 0  0 2  0 0  1 0
    77  -.1256369295497235E-03   3   2 0  0 0  0 0  0 1
    78  -.8281384961814833E-03   3   1 1  0 0  0 0  0 1
    79  -.1792104288172496E-03   3   0 2  0 0  0 0  0 1
    80  -.1579807148549411E-03   3   1 0  1 0  0 0  0 1
    81  -.7100923834732244E-04   3   0 1  1 0  0 0  0 1
    82  0.3666019133927625E-03   3   0 0  2 0  0 0  0 1
    83  -.6554887827469482E-04   3   1 0  0 1  0 0  0 1
    84  -.3029324593802717E-04   3   0 1  0 1  0 0  0 1
    85  0.6372349778016249E-03   3   0 0  1 1  0 0  0 1
    86  0.1021693625402530E-03   3   0 0  0 2  0 0  0 1
    87  0.3236636663816755E-01   3   1 0  0 0  0 2  0 0
    88  -.1099457659141418       3   0 1  0 0  0 2  0 0
    89  -.1782845349322458E-05   3   0 0  1 0  0 2  0 0
    90  -.9865094805016294E-04   3   0 0  0 1  0 2  0 0
    91  0.2085600800167409E-01   3   1 0  0 0  0 1  1 0
    92  -.6809166284121708E-01   3   0 1  0 0  0 1  1 0
    93  -.1779992405086319E-05   3   0 0  1 0  0 1  1 0
    94  -.6606983022600121E-04   3   0 0  0 1  0 1  1 0
    95  0.3230877599099034E-01   3   1 0  0 0  0 0  2 0
    96  -.1097519888085377       3   0 1  0 0  0 0  2 0
    97  -.1779248365202917E-05   3   0 0  1 0  0 0  2 0
    98  -.9847373142165788E-04   3   0 0  0 1  0 0  2 0
    99  -.8558897517836891E-01   3   1 0  0 0  0 1  0 1
   100  0.1360707064694857       3   0 1  0 0  0 1  0 1
   101  0.5370022043391504E-05   3   0 0  1 0  0 1  0 1
   102  0.1320770268477575E-03   3   0 0  0 1  0 1  0 1
   103  -.8547379356924281E-01   3   1 0  0 0  0 0  1 1
   104  0.1358875889255095       3   0 1  0 0  0 0  1 1
   105  0.5362795320805802E-05   3   0 0  1 0  0 0  1 1
   106  0.1318992838096004E-03   3   0 0  0 1  0 0  1 1
   107  0.8553146047319198E-01   3   1 0  0 0  0 0  0 2
   108  0.1583115938827513E-01   3   0 1  0 0  0 0  0 2
   109  -.5384112220956487E-05   3   0 0  1 0  0 0  0 2
   110  -.7591498655384250E-06   3   0 0  0 1  0 0  0 2
   111  -.1658670829353041E-05   3   0 0  0 0  0 3  0 0
   112  -.9654282762422093E-06   3   0 0  0 0  0 2  1 0
   113  -.9668231700348393E-06   3   0 0  0 0  0 1  2 0
   114  -.1654673850072418E-05   3   0 0  0 0  0 0  3 0
   115  0.3935942054929720E-05   3   0 0  0 0  0 2  0 1
   116  0.2549415268515351E-05   3   0 0  0 0  0 1  1 1
   117  0.3928929808098758E-05   3   0 0  0 0  0 0  2 1
   118  -.2547566143516515E-05   3   0 0  0 0  0 1  0 2
   119  -.2544137749063221E-05   3   0 0  0 0  0 0  1 2
   120  -.7696742288825878E-07   3   0 0  0 0  0 0  0 3
   121  0.6683030271943288E-03   4   4 0  0 0  0 0  0 0
   122  -.1408901103625442E-02   4   3 1  0 0  0 0  0 0
   123  -.1478047282097454E-02   4   2 2  0 0  0 0  0 0
   124  -.6038862679326280E-03   4   1 3  0 0  0 0  0 0
   125  -.1164241802176949E-03   4   0 4  0 0  0 0  0 0
   126  0.5892093356810801E-06   4   3 0  1 0  0 0  0 0
   127  -.4087224718206619E-04   4   2 1  1 0  0 0  0 0
   128  -.1857537186078644E-04   4   1 2  1 0  0 0  0 0
   129  -.4360845696148694E-05   4   0 3  1 0  0 0  0 0
   130  0.5797486871803828E-03   4   2 0  2 0  0 0  0 0
   131  -.6187358095195821E-02   4   1 1  2 0  0 0  0 0
   132  -.1535108561933688E-03   4   0 2  2 0  0 0  0 0
   133  0.2336245554446981E-05   4   1 0  3 0  0 0  0 0
   134  -.8275957520165929E-04   4   0 1  3 0  0 0  0 0
   135  -.1210770201642463E-02   4   0 0  4 0  0 0  0 0
   136  0.2309102241455227E-05   4   3 0  0 1  0 0  0 0
   137  -.1655137606776765E-05   4   2 1  0 1  0 0  0 0
   138  0.8903816970607421E-05   4   1 2  0 1  0 0  0 0
   139  0.1695007660976772E-05   4   0 3  0 1  0 0  0 0
   140  -.5379139789892249E-02   4   2 0  1 1  0 0  0 0
   141  -.7654715461298719E-02   4   1 1  1 1  0 0  0 0
   142  0.1422910808751693E-03   4   0 2  1 1  0 0  0 0
   143  -.1651967081517868E-03   4   1 0  2 1  0 0  0 0
   144  -.1029435047736244E-03   4   0 1  2 1  0 0  0 0
   145  -.2074248402890493E-02   4   0 0  3 1  0 0  0 0
   146  -.8541160682565061E-03   4   2 0  0 2  0 0  0 0
   147  -.3064358569911291E-02   4   1 1  0 2  0 0  0 0
   148  -.1128121301072395E-03   4   0 2  0 2  0 0  0 0
   149  -.5642908352302581E-04   4   1 0  1 2  0 0  0 0
   150  -.5627903151944145E-04   4   0 1  1 2  0 0  0 0
   151  -.9989901157218856E-03   4   0 0  2 2  0 0  0 0
   152  0.4489388919980498E-05   4   1 0  0 3  0 0  0 0
   153  -.3029259920323770E-05   4   0 1  0 3  0 0  0 0
   154  0.4849373139528084E-04   4   0 0  1 3  0 0  0 0
   155  0.2239953214254243E-03   4   0 0  0 4  0 0  0 0
   156  0.2075006628927037       4   3 0  0 0  0 1  0 0
   157  0.8230128187511475       4   2 1  0 0  0 1  0 0
   158  -.5061737693630656E-01   4   1 2  0 0  0 1  0 0
   159  0.8269214511052150E-01   4   0 3  0 0  0 1  0 0
   160  -.1910976646205629E-02   4   2 0  1 0  0 1  0 0
   161  -.2180320012640669E-02   4   1 1  1 0  0 1  0 0
   162  -.5126147019916235E-03   4   0 2  1 0  0 1  0 0
   163   2.127361048717701       4   1 0  2 0  0 1  0 0
   164  0.9759670602645658       4   0 1  2 0  0 1  0 0
   165  0.3674531643367796E-03   4   0 0  3 0  0 1  0 0
   166  -.8569789369630349E-03   4   2 0  0 1  0 1  0 0
   167  -.1790736192562970E-02   4   1 1  0 1  0 1  0 0
   168  -.3906797141132378E-03   4   0 2  0 1  0 1  0 0
   169   2.731518229767158       4   1 0  1 1  0 1  0 0
   170   1.367691922624946       4   0 1  1 1  0 1  0 0
   171  0.6264459736611296E-03   4   0 0  2 1  0 1  0 0
   172   1.055885125696384       4   1 0  0 2  0 1  0 0
   173  0.7652518812764877       4   0 1  0 2  0 1  0 0
   174  0.3033215225508962E-03   4   0 0  1 2  0 1  0 0
   175  0.2435060450198240E-03   4   0 0  0 3  0 1  0 0
   176  0.2072214182797501       4   3 0  0 0  0 0  1 0
   177  0.8219052468869210       4   2 1  0 0  0 0  1 0
   178  -.5054925845593928E-01   4   1 2  0 0  0 0  1 0
   179  0.8258086191877725E-01   4   0 3  0 0  0 0  1 0
   180  -.1908404943896378E-02   4   2 0  1 0  0 0  1 0
   181  -.2177385840722585E-02   4   1 1  1 0  0 0  1 0
   182  -.5119248492843767E-03   4   0 2  1 0  0 0  1 0
   183   2.124498146477392       4   1 0  2 0  0 0  1 0
   184  0.9746536497905957       4   0 1  2 0  0 0  1 0
   185  0.3669586631856839E-03   4   0 0  3 0  0 0  1 0
   186  -.8558256550976919E-03   4   2 0  0 1  0 0  1 0
   187  -.1788326304189493E-02   4   1 1  0 1  0 0  1 0
   188  -.3901539557660816E-03   4   0 2  0 1  0 0  1 0
   189   2.727842281265534       4   1 0  1 1  0 0  1 0
   190   1.365851347292564       4   0 1  1 1  0 0  1 0
   191  0.6256029321931548E-03   4   0 0  2 1  0 0  1 0
   192   1.054464165256368       4   1 0  0 2  0 0  1 0
   193  0.7642220413597384       4   0 1  0 2  0 0  1 0
   194  0.3029133267408957E-03   4   0 0  1 2  0 0  1 0
   195  0.2431783460604787E-03   4   0 0  0 3  0 0  1 0
   196  -1.182473893818792       4   3 0  0 0  0 0  0 1
   197  -1.644918065638070       4   2 1  0 0  0 0  0 1
   198  -.1001827598523945       4   1 2  0 0  0 0  0 1
   199  -.7796363613060821E-01   4   0 3  0 0  0 0  0 1
   200  0.7168165655048716E-02   4   2 0  1 0  0 0  0 1
   201  0.4357705853363252E-02   4   1 1  1 0  0 0  0 1
   202  0.7071085368660567E-03   4   0 2  1 0  0 0  0 1
   203  -8.173577438105552       4   1 0  2 0  0 0  0 1
   204  -1.950620710055158       4   0 1  2 0  0 0  0 1
   205  -.1587231258130062E-02   4   0 0  3 0  0 0  0 1
   206  0.1712804592060728E-02   4   2 0  0 1  0 0  0 1
   207  0.2094314369213071E-02   4   1 1  0 1  0 0  0 1
   208  0.3313689606605382E-03   4   0 2  0 1  0 0  0 1
   209  -5.459360511032692       4   1 0  1 1  0 0  0 1
   210  -1.850263721640150       4   0 1  1 1  0 0  0 1
   211  -.1252048905854287E-02   4   0 0  2 1  0 0  0 1
   212  -1.200598053505169       4   1 0  0 2  0 0  0 1
   213  -.5997019948377136       4   0 1  0 2  0 0  0 1
   214  -.3929760466534787E-03   4   0 0  1 2  0 0  0 1
   215  -.1764693109203542E-03   4   0 0  0 3  0 0  0 1
   216  0.3723009155579669E-03   4   2 0  0 0  0 2  0 0
   217  -.5175274314339701E-03   4   1 1  0 0  0 2  0 0
   218  -.1187569760380258E-03   4   0 2  0 0  0 2  0 0
   219  0.2376687387815442E-04   4   1 0  1 0  0 2  0 0
   220  -.1388483714275419E-05   4   0 1  1 0  0 2  0 0
   221  0.4615803507905320E-03   4   0 0  2 0  0 2  0 0
   222  0.1416493155707750E-04   4   1 0  0 1  0 2  0 0
   223  0.4372158568941812E-05   4   0 1  0 1  0 2  0 0
   224  0.9559555400136281E-03   4   0 0  1 1  0 2  0 0
   225  0.5198790418439751E-03   4   0 0  0 2  0 2  0 0
   226  0.3417958976083836E-03   4   2 0  0 0  0 1  1 0
   227  -.3429775850993343E-03   4   1 1  0 0  0 1  1 0
   228  -.8733347500077360E-04   4   0 2  0 0  0 1  1 0
   229  0.2819090540843358E-04   4   1 0  1 0  0 1  1 0
   230  0.5233703097134777E-05   4   0 1  1 0  0 1  1 0
   231  0.4723680387985863E-03   4   0 0  2 0  0 1  1 0
   232  0.1753094793081277E-04   4   1 0  0 1  0 1  1 0
   233  0.7761495242429774E-05   4   0 1  0 1  0 1  1 0
   234  0.9993191281521025E-03   4   0 0  1 1  0 1  1 0
   235  0.6051203684633608E-03   4   0 0  0 2  0 1  1 0
   236  0.3715699041263835E-03   4   2 0  0 0  0 0  2 0
   237  -.5166001858719417E-03   4   1 1  0 0  0 0  2 0
   238  -.1185383938591109E-03   4   0 2  0 0  0 0  2 0
   239  0.2371592054342951E-04   4   1 0  1 0  0 0  2 0
   240  -.1390136793815888E-05   4   0 1  1 0  0 0  2 0
   241  0.4606413323856257E-03   4   0 0  2 0  0 0  2 0
   242  0.1413407289799796E-04   4   1 0  0 1  0 0  2 0
   243  0.4361052196737102E-05   4   0 1  0 1  0 0  2 0
   244  0.9539966418073067E-03   4   0 0  1 1  0 0  2 0
   245  0.5187722418937405E-03   4   0 0  0 2  0 0  2 0
   246  -.6805098689828396E-03   4   2 0  0 0  0 1  0 1
   247  0.3023130380843898E-03   4   1 1  0 0  0 1  0 1
   248  0.7776018469449127E-04   4   0 2  0 0  0 1  0 1
   249  -.3769517025699049E-04   4   1 0  1 0  0 1  0 1
   250  0.3039751985937573E-05   4   0 1  1 0  0 1  0 1
   251  -.1049799464326522E-02   4   0 0  2 0  0 1  0 1
   252  -.9366817431672535E-05   4   1 0  0 1  0 1  0 1
   253  -.6115833807417808E-06   4   0 1  0 1  0 1  0 1
   254  -.1512075157009856E-02   4   0 0  1 1  0 1  0 1
   255  -.5281581386744783E-03   4   0 0  0 2  0 1  0 1
   256  -.6795940708724821E-03   4   2 0  0 0  0 0  1 1
   257  0.3019061994452558E-03   4   1 1  0 0  0 0  1 1
   258  0.7765553870263984E-04   4   0 2  0 0  0 0  1 1
   259  -.3764444187337030E-04   4   1 0  1 0  0 0  1 1
   260  0.3035661230973424E-05   4   0 1  1 0  0 0  1 1
   261  -.1048386693682766E-02   4   0 0  2 0  0 0  1 1
   262  -.9354212010215790E-05   4   1 0  0 1  0 0  1 1
   263  -.6107603406509122E-06   4   0 1  0 1  0 0  1 1
   264  -.1510040277525184E-02   4   0 0  1 1  0 0  1 1
   265  -.5274473683426811E-03   4   0 0  0 2  0 0  1 1
   266  0.2744373347389816E-03   4   2 0  0 0  0 0  0 2
   267  0.2797781063760411E-03   4   1 1  0 0  0 0  0 2
   268  0.4011725255821144E-04   4   0 2  0 0  0 0  0 2
   269  -.3340876197886914E-06   4   1 0  1 0  0 0  0 2
   270  0.1710924932006691E-05   4   0 1  1 0  0 0  0 2
   271  0.7035962615506598E-03   4   0 0  2 0  0 0  0 2
   272  -.8390027931905734E-07   4   1 0  0 1  0 0  0 2
   273  0.1727878579486437E-06   4   0 1  0 1  0 0  0 2
   274  0.4316970547647519E-03   4   0 0  1 1  0 0  0 2
   275  0.5731118978081127E-04   4   0 0  0 2  0 0  0 2
   276  -.2660318388104470E-01   4   1 0  0 0  0 3  0 0
   277  0.8901571890632015E-01   4   0 1  0 0  0 3  0 0
   278  0.1795545283069469E-05   4   0 0  1 0  0 3  0 0
   279  0.8237397338516954E-04   4   0 0  0 1  0 3  0 0
   280  -.1508447901368908E-01   4   1 0  0 0  0 2  1 0
   281  0.4718376993395090E-01   4   0 1  0 0  0 2  1 0
   282  0.1808745126169092E-05   4   0 0  1 0  0 2  1 0
   283  0.4982938913462180E-04   4   0 0  0 1  0 2  1 0
   284  -.1510765873934236E-01   4   1 0  0 0  0 1  2 0
   285  0.4726797131415195E-01   4   0 1  0 0  0 1  2 0
   286  0.1808713602920711E-05   4   0 0  1 0  0 1  2 0
   287  0.4989486081101404E-04   4   0 0  0 1  0 1  2 0
   288  -.2653934561571381E-01   4   1 0  0 0  0 0  3 0
   289  0.8880432315494845E-01   4   0 1  0 0  0 0  3 0
   290  0.1790705320894138E-05   4   0 0  1 0  0 0  3 0
   291  0.8217420706872289E-04   4   0 0  0 1  0 0  3 0
   292  0.6252742499242503E-01   4   1 0  0 0  0 2  0 1
   293  -.9433929673400640E-01   4   0 1  0 0  0 2  0 1
   294  -.5390140016238598E-05   4   0 0  1 0  0 2  0 1
   295  -.9961370691243123E-04   4   0 0  0 1  0 2  0 1
   296  0.3952779009526845E-01   4   1 0  0 0  0 1  1 1
   297  -.5271996089654053E-01   4   0 1  0 0  0 1  1 1
   298  -.5410194111218331E-05   4   0 0  1 0  0 1  1 1
   299  -.6723752298817419E-04   4   0 0  0 1  0 1  1 1
   300  0.6241668121217062E-01   4   1 0  0 0  0 0  2 1
   301  -.9417686533513421E-01   4   0 1  0 0  0 0  2 1
   302  -.5379245827782501E-05   4   0 0  1 0  0 0  2 1
   303  -.9943440893547860E-04   4   0 0  0 1  0 0  2 1
   304  -.3949675133521805E-01   4   1 0  0 0  0 1  0 2
   305  -.1537147871934126E-01   4   0 1  0 0  0 1  0 2
   306  0.5394468985910907E-05   4   0 0  1 0  0 1  0 2
   307  0.1141111742074513E-05   4   0 0  0 1  0 1  0 2
   308  -.3944359846868849E-01   4   1 0  0 0  0 0  1 2
   309  -.1535079250771349E-01   4   0 1  0 0  0 0  1 2
   310  0.5387209363782104E-05   4   0 0  1 0  0 0  1 2
   311  0.1139576087670722E-05   4   0 0  0 1  0 0  1 2
   312  -.2197036889761484E-02   4   1 0  0 0  0 0  0 3
   313  -.3133491831611006E-03   4   0 1  0 0  0 0  0 3
   314  -.1799188706405714E-05   4   0 0  1 0  0 0  0 3
   315  -.2541293643929670E-06   4   0 0  0 1  0 0  0 3
   316  0.3330704732258018E-04   4   0 0  0 0  0 4  0 0
   317  0.1720192693398070E-04   4   0 0  0 0  0 3  1 0
   318  0.1506689612221195E-04   4   0 0  0 0  0 2  2 0
   319  0.1724801096355809E-04   4   0 0  0 0  0 1  3 0
   320  0.3320587904685226E-04   4   0 0  0 0  0 0  4 0
   321  -.3573756382449771E-04   4   0 0  0 0  0 3  0 1
   322  -.1805583377052847E-04   4   0 0  0 0  0 2  1 1
   323  -.1809142954520695E-04   4   0 0  0 0  0 1  2 1
   324  -.3565328997927785E-04   4   0 0  0 0  0 0  3 1
   325  -.2649430764715347E-05   4   0 0  0 0  0 2  0 2
   326  -.3147859674141167E-05   4   0 0  0 0  0 1  1 2
   327  -.2643747165057564E-05   4   0 0  0 0  0 0  2 2
   328  -.2531556541713068E-07   4   0 0  0 0  0 1  0 3
   329  -.2528149692227357E-07   4   0 0  0 0  0 0  1 3
   330  0.1605629293195875E-13   4   0 0  0 0  0 0  0 4
   ----------------------------------------------------
     I  COEFFICIENT            ORDER EXPONENTS
     1  0.1033264629814148E-04   0   0 0  0 0  0 0  0 0
     2  -.2995283731152499E-03   1   1 0  0 0  0 0  0 0
     3  -.7208551713918084E-04   1   0 1  0 0  0 0  0 0
     4   1.405260985727566       1   0 0  1 0  0 0  0 0
     5  0.6960602473403567       1   0 0  0 1  0 0  0 0
     6  -.1620813373573206E-05   1   0 0  0 0  0 1  0 0
     7  -.1618632159321344E-05   1   0 0  0 0  0 0  1 0
     8  0.3239445532894486E-05   1   0 0  0 0  0 0  0 1
     9  0.1230766788705385E-04   2   2 0  0 0  0 0  0 0
    10  -.6358248924571781E-05   2   1 1  0 0  0 0  0 0
    11  0.1175168021721800E-05   2   0 2  0 0  0 0  0 0
    12  -.9775840612927782E-03   2   1 0  1 0  0 0  0 0
    13  -.4070773935284136E-04   2   0 1  1 0  0 0  0 0
    14  -.7101475531352053E-05   2   0 0  2 0  0 0  0 0
    15  0.1507573010986951E-03   2   1 0  0 1  0 0  0 0
    16  0.4411277055402327E-04   2   0 1  0 1  0 0  0 0
    17  0.2557104566190519E-04   2   0 0  1 1  0 0  0 0
    18  0.1024296053477623E-04   2   0 0  0 2  0 0  0 0
    19  0.1501854962108256E-03   2   1 0  0 0  0 1  0 0
    20  0.7217404500948192E-04   2   0 1  0 0  0 1  0 0
    21  -.2134443749761492       2   0 0  1 0  0 1  0 0
    22  -.3981172756911551       2   0 0  0 1  0 1  0 0
    23  0.1499833836480223E-03   2   1 0  0 0  0 0  1 0
    24  0.7207691658115308E-04   2   0 1  0 0  0 0  1 0
    25  -.2131571315955912       2   0 0  1 0  0 0  1 0
    26  -.3975815082241474       2   0 0  0 1  0 0  1 0
    27  -.3001688798588480E-03   2   1 0  0 0  0 0  0 1
    28  -.7216544445145425E-04   2   0 1  0 0  0 0  0 1
    29  0.4266015065717405       2   0 0  1 0  0 0  0 1
    30  0.9963853657494622E-01   2   0 0  0 1  0 0  0 1
    31  0.1249493198573508E-05   2   0 0  0 0  0 2  0 0
    32  0.8791732896479982E-06   2   0 0  0 0  0 1  1 0
    33  0.1247220114511127E-05   2   0 0  0 0  0 0  2 0
    34  -.1757360408732133E-05   2   0 0  0 0  0 1  0 1
    35  -.1754995435915588E-05   2   0 0  0 0  0 0  1 1
    36  0.1364566040522001E-06   2   0 0  0 0  0 0  0 2
    37  0.1473113592469109E-03   3   3 0  0 0  0 0  0 0
    38  -.1685891444726798E-04   3   2 1  0 0  0 0  0 0
    39  -.1998256849092489E-03   3   1 2  0 0  0 0  0 0
    40  -.8744893244980115E-04   3   0 3  0 0  0 0  0 0
    41  -.5407931657424164       3   2 0  1 0  0 0  0 0
    42  -.7976759500243551       3   1 1  1 0  0 0  0 0
    43  0.2641058235860335       3   0 2  1 0  0 0  0 0
    44  -.1047271279945039E-02   3   1 0  2 0  0 0  0 0
    45  -.1144017124380219E-02   3   0 1  2 0  0 0  0 0
    46  0.2027626721304585       3   0 0  3 0  0 0  0 0
    47  0.6426813537937249       3   2 0  0 1  0 0  0 0
    48  -.1964973063462801       3   1 1  0 1  0 0  0 0
    49  0.3714921198330839       3   0 2  0 1  0 0  0 0
    50  -.1306880788241918E-02   3   1 0  1 1  0 0  0 0
    51  -.8206794639731780E-03   3   0 1  1 1  0 0  0 0
    52   1.443101934353858       3   0 0  2 1  0 0  0 0
    53  -.7203164520444185E-03   3   1 0  0 2  0 0  0 0
    54  -.2865157020410910E-03   3   0 1  0 2  0 0  0 0
    55   1.138603154144582       3   0 0  1 2  0 0  0 0
    56  0.5474814915845492       3   0 0  0 3  0 0  0 0
    57  -.6846919619340623E-05   3   2 0  0 0  0 1  0 0
    58  0.8550603905797082E-05   3   1 1  0 0  0 1  0 0
    59  -.1323286255267081E-05   3   0 2  0 0  0 1  0 0
    60  0.5764062968153971E-03   3   1 0  1 0  0 1  0 0
    61  0.7382281243209553E-04   3   0 1  1 0  0 1  0 0
    62  -.2819805171285434E-05   3   0 0  2 0  0 1  0 0
    63  -.1428916316230165E-03   3   1 0  0 1  0 1  0 0
    64  -.5850675853556636E-04   3   0 1  0 1  0 1  0 0
    65  -.3540572357692133E-04   3   0 0  1 1  0 1  0 0
    66  -.1753094277005138E-04   3   0 0  0 2  0 1  0 0
    67  -.6837705357601059E-05   3   2 0  0 0  0 0  1 0
    68  0.8539096906036659E-05   3   1 1  0 0  0 0  1 0
    69  -.1321505438989080E-05   3   0 2  0 0  0 0  1 0
    70  0.5756305963862302E-03   3   1 0  1 0  0 0  1 0
    71  0.7372346517027436E-04   3   0 1  1 0  0 0  1 0
    72  -.2816010410378873E-05   3   0 0  2 0  0 0  1 0
    73  -.1426993347994275E-03   3   1 0  0 1  0 0  1 0
    74  -.5842802289725807E-04   3   0 1  0 1  0 0  1 0
    75  -.3535807622274569E-04   3   0 0  1 1  0 0  1 0
    76  -.1750735045347626E-04   3   0 0  0 2  0 0  1 0
    77  0.1368462497694168E-04   3   2 0  0 0  0 0  0 1
    78  -.1073145188726197E-04   3   1 1  0 0  0 0  0 1
    79  0.2944556508125430E-06   3   0 2  0 0  0 0  0 1
    80  -.1152036893201627E-02   3   1 0  1 0  0 0  0 1
    81  -.1068385382495311E-03   3   0 1  1 0  0 0  0 1
    82  0.5635815581664382E-05   3   0 0  2 0  0 0  0 1
    83  0.1348336653237487E-03   3   1 0  0 1  0 0  0 1
    84  0.2870924032477757E-04   3   0 1  0 1  0 0  0 1
    85  0.4519275413760833E-04   3   0 0  1 1  0 0  0 1
    86  0.1455237215397520E-04   3   0 0  0 2  0 0  0 1
    87  -.1128540279737372E-03   3   1 0  0 0  0 2  0 0
    88  -.7223148252184664E-04   3   0 1  0 0  0 2  0 0
    89  0.1654979861588740       3   0 0  1 0  0 2  0 0
    90  0.3243744182284821       3   0 0  0 1  0 2  0 0
    91  -.7562689613830944E-04   3   1 0  0 0  0 1  1 0
    92  -.7227721170591248E-04   3   0 1  0 0  0 1  1 0
    93  0.1176804091510798       3   0 0  1 0  0 1  1 0
    94  0.2508294817948172       3   0 0  0 1  0 1  1 0
    95  -.1126512667852527E-03   3   1 0  0 0  0 0  2 0
    96  -.7208564316429637E-04   3   0 1  0 0  0 0  2 0
    97  0.1651960823944764       3   0 0  1 0  0 0  2 0
    98  0.3237691131759594       3   0 0  0 1  0 0  2 0
    99  0.1511579627808393E-03   3   1 0  0 0  0 1  0 1
   100  0.7234901485265779E-04   3   0 1  0 0  0 1  0 1
   101  -.2352324379065239       3   0 0  1 0  0 1  0 1
   102  -.1033443887164383       3   0 0  0 1  0 1  0 1
   103  0.1509545415183568E-03   3   1 0  0 0  0 0  1 1
   104  0.7225165095816008E-04   3   0 1  0 0  0 0  1 1
   105  -.2349158731777099       3   0 0  1 0  0 0  1 1
   106  -.1032053127085560       3   0 0  0 1  0 0  1 1
   107  -.9771678112246850E-06   3   1 0  0 0  0 0  0 2
   108  -.1308803409127942E-06   3   0 1  0 0  0 0  0 2
   109  0.2177354845022355E-01   3   0 0  1 0  0 0  0 2
   110  0.3636365256150382E-02   3   0 0  0 1  0 0  0 2
   111  -.1064268793452951E-05   3   0 0  0 0  0 3  0 0
   112  -.6940642861750671E-06   3   0 0  0 0  0 2  1 0
   113  -.6948087006554582E-06   3   0 0  0 0  0 1  2 0
   114  -.1061654039541697E-05   3   0 0  0 0  0 0  3 0
   115  0.1387864697787480E-05   3   0 0  0 0  0 2  0 1
   116  0.1019360303792147E-05   3   0 0  0 0  0 1  1 1
   117  0.1385311071336743E-05   3   0 0  0 0  0 0  2 1
   118  -.1401827705037989E-06   3   0 0  0 0  0 1  0 2
   119  -.1399941191378388E-06   3   0 0  0 0  0 0  1 2
   120  0.2421227179236604E-08   3   0 0  0 0  0 0  0 3
   121  0.4964841131520716E-05   4   4 0  0 0  0 0  0 0
   122  -.4599188528332398E-05   4   3 1  0 0  0 0  0 0
   123  -.3989703641876616E-05   4   2 2  0 0  0 0  0 0
   124  -.6996845098555010E-06   4   1 3  0 0  0 0  0 0
   125  -.3940403729653722E-05   4   0 4  0 0  0 0  0 0
   126  0.1023087368506051E-02   4   3 0  1 0  0 0  0 0
   127  0.2052157190901014E-02   4   2 1  1 0  0 0  0 0
   128  0.5409872071544544E-03   4   1 2  1 0  0 0  0 0
   129  -.5042071810994911E-03   4   0 3  1 0  0 0  0 0
   130  0.7540410250602380E-04   4   2 0  2 0  0 0  0 0
   131  0.1670465077693624E-04   4   1 1  2 0  0 0  0 0
   132  -.4765450896357876E-04   4   0 2  2 0  0 0  0 0
   133  0.1746145038690515E-03   4   1 0  3 0  0 0  0 0
   134  0.9240978358945592E-03   4   0 1  3 0  0 0  0 0
   135  -.1257636281461361E-04   4   0 0  4 0  0 0  0 0
   136  -.5545243086148386E-03   4   3 0  0 1  0 0  0 0
   137  0.1243680671140988E-02   4   2 1  0 1  0 0  0 0
   138  0.1094389840203511E-02   4   1 2  0 1  0 0  0 0
   139  -.3220220683218934E-03   4   0 3  0 1  0 0  0 0
   140  0.1080470974442010E-04   4   2 0  1 1  0 0  0 0
   141  -.1761986694301024E-06   4   1 1  1 1  0 0  0 0
   142  -.2719266235689593E-04   4   0 2  1 1  0 0  0 0
   143  -.9377651267831794E-03   4   1 0  2 1  0 0  0 0
   144  0.8828365714435111E-03   4   0 1  2 1  0 0  0 0
   145  -.9583753040966208E-04   4   0 0  3 1  0 0  0 0
   146  -.9755986716418134E-05   4   2 0  0 2  0 0  0 0
   147  -.1798379606709827E-04   4   1 1  0 2  0 0  0 0
   148  -.2257537222164792E-04   4   0 2  0 2  0 0  0 0
   149  0.5442185515405523E-03   4   1 0  1 2  0 0  0 0
   150  -.1343049137563851E-03   4   0 1  1 2  0 0  0 0
   151  -.8502065287847410E-04   4   0 0  2 2  0 0  0 0
   152  0.7316986444129677E-03   4   1 0  0 3  0 0  0 0
   153  -.3338434768927283E-03   4   0 1  0 3  0 0  0 0
   154  -.3585816735655981E-04   4   0 0  1 3  0 0  0 0
   155  -.1718789210429661E-04   4   0 0  0 4  0 0  0 0
   156  -.8026592438556338E-04   4   3 0  0 0  0 1  0 0
   157  -.1472990680509156E-03   4   2 1  0 0  0 1  0 0
   158  0.2124163087086744E-03   4   1 2  0 0  0 1  0 0
   159  0.1631863150848200E-03   4   0 3  0 0  0 1  0 0
   160  0.4260726936191962       4   2 0  1 0  0 1  0 0
   161   1.154347844069393       4   1 1  1 0  0 1  0 0
   162  -.3395396834754609       4   0 2  1 0  0 1  0 0
   163  0.1156633149183116E-02   4   1 0  2 0  0 1  0 0
   164  0.1536845831022214E-02   4   0 1  2 0  0 1  0 0
   165  -.3348401202561893       4   0 0  3 0  0 1  0 0
   166  -.6965145995864038       4   2 0  0 1  0 1  0 0
   167  0.3541881332279805       4   1 1  0 1  0 1  0 0
   168  -.5802540940291326       4   0 2  0 1  0 1  0 0
   169  0.2045403912689131E-02   4   1 0  1 1  0 1  0 0
   170  0.1543659833486045E-02   4   0 1  1 1  0 1  0 0
   171  -2.008475432373757       4   0 0  2 1  0 1  0 0
   172  0.1229182045181608E-02   4   1 0  0 2  0 1  0 0
   173  0.6275635842619395E-03   4   0 1  0 2  0 1  0 0
   174  -1.962144031315569       4   0 0  1 2  0 1  0 0
   175  -.9767411731146378       4   0 0  0 3  0 1  0 0
   176  -.8015790628732752E-04   4   3 0  0 0  0 0  1 0
   177  -.1471008399070968E-03   4   2 1  0 0  0 0  1 0
   178  0.2121304488512481E-03   4   1 2  0 0  0 0  1 0
   179  0.1629667066326837E-03   4   0 3  0 0  0 0  1 0
   180  0.4254993050682345       4   2 0  1 0  0 0  1 0
   181   1.152794377143372       4   1 1  1 0  0 0  1 0
   182  -.3390827469713898       4   0 2  1 0  0 0  1 0
   183  0.1155076606801180E-02   4   1 0  2 0  0 0  1 0
   184  0.1534777616331861E-02   4   0 1  2 0  0 0  1 0
   185  -.3343895082028186       4   0 0  3 0  0 0  1 0
   186  -.6955772630638769       4   2 0  0 1  0 0  1 0
   187  0.3537114835305907       4   1 1  0 1  0 0  1 0
   188  -.5794732154158173       4   0 2  0 1  0 0  1 0
   189  0.2042651304499985E-02   4   1 0  1 1  0 0  1 0
   190  0.1541582448832311E-02   4   0 1  1 1  0 0  1 0
   191  -2.005772520793042       4   0 0  2 1  0 0  1 0
   192  0.1227527869914548E-02   4   1 0  0 2  0 0  1 0
   193  0.6267190387662882E-03   4   0 1  0 2  0 0  1 0
   194  -1.959503470350873       4   0 0  1 2  0 0  1 0
   195  -.9754267208760781       4   0 0  0 3  0 0  1 0
   196  0.1604238306728913E-03   4   3 0  0 0  0 0  0 1
   197  0.3112588224052803E-03   4   2 1  0 0  0 0  0 1
   198  -.2489538774142381E-04   4   1 2  0 0  0 0  0 1
   199  -.6380622436810003E-04   4   0 3  0 0  0 0  0 1
   200  -.8515719986874318       4   2 0  1 0  0 0  0 1
   201  -1.509466271188410       4   1 1  1 0  0 0  0 1
   202  0.1504107832747821       4   0 2  1 0  0 0  0 1
   203  -.2311709755984299E-02   4   1 0  2 0  0 0  0 1
   204  -.1927606322973857E-02   4   0 1  2 0  0 0  0 1
   205  0.6692296284590081       4   0 0  3 0  0 0  0 1
   206  0.7494105088565561       4   2 0  0 1  0 0  0 1
   207  -.3149050040660117       4   1 1  0 1  0 0  0 1
   208  0.4525094994569837E-01   4   0 2  0 1  0 0  0 1
   209  -.2781174428947202E-02   4   1 0  1 1  0 0  0 1
   210  -.1443883354372006E-02   4   0 1  1 1  0 0  0 1
   211   2.571146018812945       4   0 0  2 1  0 0  0 1
   212  -.1016077011007322E-02   4   1 0  0 2  0 0  0 1
   213  -.3947355169049553E-03   4   0 1  0 2  0 0  0 1
   214   1.644441193377282       4   0 0  1 2  0 0  0 1
   215  0.3097234192370689       4   0 0  0 3  0 0  0 1
   216  -.5748904277532139E-05   4   2 0  0 0  0 2  0 0
   217  -.3751447316136706E-05   4   1 1  0 0  0 2  0 0
   218  -.9666415135060563E-05   4   0 2  0 0  0 2  0 0
   219  -.1526052876016789E-05   4   1 0  1 0  0 2  0 0
   220  -.6135690292695959E-03   4   0 1  1 0  0 2  0 0
   221  -.2675831459866534E-04   4   0 0  2 0  0 2  0 0
   222  0.3217736853455154E-03   4   1 0  0 1  0 2  0 0
   223  -.5635304606063817E-03   4   0 1  0 1  0 2  0 0
   224  -.2019075344998987E-04   4   0 0  1 1  0 2  0 0
   225  -.2015543514571909E-04   4   0 0  0 2  0 2  0 0
   226  -.7471072190235853E-05   4   2 0  0 0  0 1  1 0
   227  -.3652867299087488E-05   4   1 1  0 0  0 1  1 0
   228  -.1200112898149582E-04   4   0 2  0 0  0 1  1 0
   229  0.1609153233767718E-03   4   1 0  1 0  0 1  1 0
   230  -.7202606906933757E-03   4   0 1  1 0  0 1  1 0
   231  -.2848985968532194E-04   4   0 0  2 0  0 1  1 0
   232  0.3617632790854552E-03   4   1 0  0 1  0 1  1 0
   233  -.6903655614234352E-03   4   0 1  0 1  0 1  1 0
   234  -.2695890564779688E-04   4   0 0  1 1  0 1  1 0
   235  -.2487228170475766E-04   4   0 0  0 2  0 1  1 0
   236  -.5736140564668987E-05   4   2 0  0 0  0 0  2 0
   237  -.3743940866804429E-05   4   1 1  0 0  0 0  2 0
   238  -.9645331252240895E-05   4   0 2  0 0  0 0  2 0
   239  -.1632275315233624E-05   4   1 0  1 0  0 0  2 0
   240  -.6122586705401020E-03   4   0 1  1 0  0 0  2 0
   241  -.2670313436472917E-04   4   0 0  2 0  0 0  2 0
   242  0.3210972354986111E-03   4   1 0  0 1  0 0  2 0
   243  -.5623075571523918E-03   4   0 1  0 1  0 0  2 0
   244  -.2014544167324381E-04   4   0 0  1 1  0 0  2 0
   245  -.2011157493874718E-04   4   0 0  0 2  0 0  2 0
   246  0.1351406971564699E-05   4   2 0  0 0  0 1  0 1
   247  0.3486995077765848E-05   4   1 1  0 0  0 1  0 1
   248  0.2414875861956511E-05   4   0 2  0 0  0 1  0 1
   249  -.1084214301731309E-03   4   1 0  1 0  0 1  0 1
   250  0.5127789249457641E-03   4   0 1  1 0  0 1  0 1
   251  0.2512394158889055E-04   4   0 0  2 0  0 1  0 1
   252  -.4100360388306649E-03   4   1 0  0 1  0 1  0 1
   253  0.8721171709900873E-04   4   0 1  0 1  0 1  0 1
   254  0.1192279226432664E-06   4   0 0  1 1  0 1  0 1
   255  -.6046231561591715E-05   4   0 0  0 2  0 1  0 1
   256  0.1349588311751974E-05   4   2 0  0 0  0 0  1 1
   257  0.3482302444126575E-05   4   1 1  0 0  0 0  1 1
   258  0.2411626035830647E-05   4   0 2  0 0  0 0  1 1
   259  -.1082755217221290E-03   4   1 0  1 0  0 0  1 1
   260  0.5120888512350057E-03   4   0 1  1 0  0 0  1 1
   261  0.2509013097235054E-04   4   0 0  2 0  0 0  1 1
   262  -.4094842316539356E-03   4   1 0  0 1  0 0  1 1
   263  0.8709435168028283E-04   4   0 1  0 1  0 0  1 1
   264  0.1190674713239618E-06   4   0 0  1 1  0 0  1 1
   265  -.6038094828105143E-05   4   0 0  0 2  0 0  1 1
   266  0.3810499212534377E-05   4   2 0  0 0  0 0  0 2
   267  0.8926360287024798E-06   4   1 1  0 0  0 0  0 2
   268  -.8141725788562373E-07   4   0 2  0 0  0 0  0 2
   269  0.2033413071949278E-03   4   1 0  1 0  0 0  0 2
   270  0.6336920467302737E-05   4   0 1  1 0  0 0  0 2
   271  0.8851545401178570E-05   4   0 0  2 0  0 0  0 2
   272  0.8603442339914075E-04   4   1 0  0 1  0 0  0 2
   273  0.1130078683227368E-04   4   0 1  0 1  0 0  0 2
   274  0.1349893898915395E-04   4   0 0  1 1  0 0  0 2
   275  0.3008341623264888E-05   4   0 0  0 2  0 0  0 2
   276  0.9424630967170698E-04   4   1 0  0 0  0 3  0 0
   277  0.7226455052328677E-04   4   0 1  0 0  0 3  0 0
   278  -.1415958987564186       4   0 0  1 0  0 3  0 0
   279  -.2879906639088335       4   0 0  0 1  0 3  0 0
   280  0.5705372050711903E-04   4   1 0  0 0  0 2  1 0
   281  0.7234067632276387E-04   4   0 1  0 0  0 2  1 0
   282  -.9382373219084703E-01   4   0 0  1 0  0 2  1 0
   283  -.2152709251145076       4   0 0  0 1  0 2  1 0
   284  0.5712854253034590E-04   4   1 0  0 0  0 1  2 0
   285  0.7234032634083411E-04   4   0 1  0 0  0 1  2 0
   286  -.9391978183030976E-01   4   0 0  1 0  0 1  2 0
   287  -.2154169369618880       4   0 0  0 1  0 1  2 0
   288  0.9401772298322248E-04   4   1 0  0 0  0 0  3 0
   289  0.7207006444164162E-04   4   0 1  0 0  0 0  3 0
   290  -.1412470224791855       4   0 0  1 0  0 0  3 0
   291  -.2872646620658086       4   0 0  0 1  0 0  3 0
   292  -.1140789885726304E-03   4   1 0  0 0  0 2  0 1
   293  -.7247868056124914E-04   4   0 1  0 0  0 2  0 1
   294  0.1876150477976173       4   0 0  1 0  0 2  0 1
   295  0.1061190846942739       4   0 0  0 1  0 2  0 1
   296  -.7709953888034038E-04   4   1 0  0 0  0 1  1 1
   297  -.7260786624727219E-04   4   0 1  0 0  0 1  1 1
   298  0.1401253941497413       4   0 0  1 0  0 1  1 1
   299  0.1088861254000044       4   0 0  0 1  0 1  1 1
   300  -.1138735879833195E-03   4   1 0  0 0  0 0  2 1
   301  -.7233228604652185E-04   4   0 1  0 0  0 0  2 1
   302  0.1872682772324994       4   0 0  1 0  0 0  2 1
   303  0.1059030077233428       4   0 0  0 1  0 0  2 1
   304  0.1467725315456081E-05   4   1 0  0 0  0 1  0 2
   305  0.2619751528806199E-06   4   0 1  0 0  0 1  0 2
   306  -.2244516933418017E-01   4   0 0  1 0  0 1  0 2
   307  -.5545526626855682E-02   4   0 0  0 1  0 1  0 2
   308  0.1465750119897985E-05   4   1 0  0 0  0 0  1 2
   309  0.2616225990663156E-06   4   0 1  0 0  0 0  1 2
   310  -.2241496368309430E-01   4   0 0  1 0  0 0  1 2
   311  -.5538063718472840E-02   4   0 0  0 1  0 0  1 2
   312  -.3263799368738641E-06   4   1 0  0 0  0 0  0 3
   313  -.4365224234947374E-07   4   0 1  0 0  0 0  0 3
   314  0.4376787056252568E-03   4   0 0  1 0  0 0  0 3
   315  0.5816485896402080E-04   4   0 0  0 1  0 0  0 3
   316  -.2013247828313323E-05   4   0 0  0 0  0 4  0 0
   317  -.1310989413433304E-05   4   0 0  0 0  0 3  1 0
   318  -.1218080711895660E-05   4   0 0  0 0  0 2  2 0
   319  -.1312996098830460E-05   4   0 0  0 0  0 1  3 0
   320  -.2006950590879881E-05   4   0 0  0 0  0 0  4 0
   321  -.6631563257830212E-07   4   0 0  0 0  0 3  0 1
   322  0.8393064226532411E-07   4   0 0  0 0  0 2  1 1
   323  0.8362753088931313E-07   4   0 0  0 0  0 1  2 1
   324  -.6623816492319704E-07   4   0 0  0 0  0 0  3 1
   325  0.4224445686298385E-07   4   0 0  0 0  0 2  0 2
   326  0.5066378235998095E-07   4   0 0  0 0  0 1  1 2
   327  0.4215351579855067E-07   4   0 0  0 0  0 0  2 2
   328  -.8955021657121983E-09   4   0 0  0 0  0 1  0 3
   329  -.8942970411011384E-09   4   0 0  0 0  0 0  1 3
   330  -.2178981102651715E-15   4   0 0  0 0  0 0  0 4
   ----------------------------------------------------
     I  COEFFICIENT            ORDER EXPONENTS
     1  0.1062593188746728E-04   0   0 0  0 0  0 0  0 0
     2  -.9366666879870413E-03   1   1 0  0 0  0 0  0 0
     3  -.2619982390002736E-03   1   0 1  0 0  0 0  0 0
     4   1.295606364889394       1   0 0  1 0  0 0  0 0
     5   1.353357202110705       1   0 0  0 1  0 0  0 0
     6  -.4420469518029399E-06   1   0 0  0 0  0 1  0 0
     7  -.4414520658481562E-06   1   0 0  0 0  0 0  1 0
     8  0.1150943090511838E-04   1   0 0  0 0  0 0  0 1
     9  -.3520997133814887E-05   2   2 0  0 0  0 0  0 0
    10  -.3849944237325403E-04   2   1 1  0 0  0 0  0 0
    11  -.4014966483220716E-05   2   0 2  0 0  0 0  0 0
    12  -.1331616765463981E-02   2   1 0  1 0  0 0  0 0
    13  0.4920634989976116E-03   2   0 1  1 0  0 0  0 0
    14  -.3517469667237904E-04   2   0 0  2 0  0 0  0 0
    15  0.4208887262186009E-03   2   1 0  0 1  0 0  0 0
    16  0.3236033630181552E-03   2   0 1  0 1  0 0  0 0
    17  0.2426348829738621E-05   2   0 0  1 1  0 0  0 0
    18  -.2245636878298708E-05   2   0 0  0 2  0 0  0 0
    19  0.1804639436495163E-05   2   1 0  0 0  0 1  0 0
    20  0.1313362027945135E-03   2   0 1  0 0  0 1  0 0
    21  -.4853349190822519E-01   2   0 0  1 0  0 1  0 0
    22  -.1855306739063323       2   0 0  0 1  0 1  0 0
    23  0.1802210837791305E-05   2   1 0  0 0  0 0  1 0
    24  0.1311594567224536E-03   2   0 1  0 0  0 0  1 0
    25  -.4846817782211968E-01   2   0 0  1 0  0 0  1 0
    26  -.1852809954691471       2   0 0  0 1  0 0  1 0
    27  -.9402735382613280E-03   2   1 0  0 0  0 0  0 1
    28  -.2624956595169671E-03   2   0 1  0 0  0 0  0 1
    29   1.392608034619739       2   0 0  1 0  0 0  0 1
    30  0.3708116693754799       2   0 0  0 1  0 0  0 1
    31  0.2724628897667353E-06   2   0 0  0 0  0 2  0 0
    32  0.1033372201043066E-06   2   0 0  0 0  0 1  1 0
    33  0.2720266888240828E-06   2   0 0  0 0  0 0  2 0
    34  -.6482705901230753E-06   2   0 0  0 0  0 1  0 1
    35  -.6473981781148249E-06   2   0 0  0 0  0 0  1 1
    36  0.6478366933916386E-06   2   0 0  0 0  0 0  0 2
    37  0.8937231228991733E-03   3   3 0  0 0  0 0  0 0
    38  0.7935359829438693E-03   3   2 1  0 0  0 0  0 0
    39  0.2498258760903682E-03   3   1 2  0 0  0 0  0 0
    40  -.1031767557316079E-03   3   0 3  0 0  0 0  0 0
    41  -3.063990404406473       3   2 0  1 0  0 0  0 0
    42  -2.617741080631484       3   1 1  1 0  0 0  0 0
    43  0.2690280644664211       3   0 2  1 0  0 0  0 0
    44  -.1890569924831037E-02   3   1 0  2 0  0 0  0 0
    45  -.6423395671507310E-03   3   0 1  2 0  0 0  0 0
    46  -1.730835594595451       3   0 0  3 0  0 0  0 0
    47  -.4043185443320710       3   2 0  0 1  0 0  0 0
    48  -.7095813864246638       3   1 1  0 1  0 0  0 0
    49  0.2214092409841873       3   0 2  0 1  0 0  0 0
    50  -.9741900457644425E-03   3   1 0  1 1  0 0  0 0
    51  0.5587629546148817E-03   3   0 1  1 1  0 0  0 0
    52  -1.827301019486306       3   0 0  2 1  0 0  0 0
    53  -.1456378165361227E-03   3   1 0  0 2  0 0  0 0
    54  0.6887834315645976E-04   3   0 1  0 2  0 0  0 0
    55  -1.245150815620305       3   0 0  1 2  0 0  0 0
    56  -.6634000996787259E-01   3   0 0  0 3  0 0  0 0
    57  -.2451209276043009E-06   3   2 0  0 0  0 1  0 0
    58  0.2491703503588048E-04   3   1 1  0 0  0 1  0 0
    59  0.5082385860176846E-05   3   0 2  0 0  0 1  0 0
    60  0.6600537477099810E-03   3   1 0  1 0  0 1  0 0
    61  -.1016753691301260E-03   3   0 1  1 0  0 1  0 0
    62  0.2453072298293084E-04   3   0 0  2 0  0 1  0 0
    63  -.5300974031925962E-04   3   1 0  0 1  0 1  0 0
    64  -.2725461108035270E-03   3   0 1  0 1  0 1  0 0
    65  0.1460329581988987E-04   3   0 0  1 1  0 1  0 0
    66  0.5117167151794821E-05   3   0 0  0 2  0 1  0 0
    67  -.2447910554120905E-06   3   2 0  0 0  0 0  1 0
    68  0.2488350286442842E-04   3   1 1  0 0  0 0  1 0
    69  0.5075546224810743E-05   3   0 2  0 0  0 0  1 0
    70  0.6591654784835682E-03   3   1 0  1 0  0 0  1 0
    71  -.1015385392101429E-03   3   0 1  1 0  0 0  1 0
    72  0.2449771069203324E-04   3   0 0  2 0  0 0  1 0
    73  -.5293840230899854E-04   3   1 0  0 1  0 0  1 0
    74  -.2721793310922627E-03   3   0 1  0 1  0 0  1 0
    75  0.1458364339260476E-04   3   0 0  1 1  0 0  1 0
    76  0.5110280709405643E-05   3   0 0  0 2  0 0  1 0
    77  -.3031085150798518E-05   3   2 0  0 0  0 0  0 1
    78  -.4980053790030893E-04   3   1 1  0 0  0 0  0 1
    79  -.6142965601766884E-05   3   0 2  0 0  0 0  0 1
    80  -.2650835991657532E-02   3   1 0  1 0  0 0  0 1
    81  0.2032139083402633E-03   3   0 1  1 0  0 0  0 1
    82  -.8420313034734297E-04   3   0 0  2 0  0 0  0 1
    83  0.1059481426282571E-03   3   1 0  0 1  0 0  0 1
    84  0.2211220788776346E-03   3   0 1  0 1  0 0  0 1
    85  -.2918693921263602E-04   3   0 0  1 1  0 0  0 1
    86  -.7981810982901798E-05   3   0 0  0 2  0 0  0 1
    87  -.1787600188168847E-05   3   1 0  0 0  0 2  0 0
    88  -.9867956769381280E-04   3   0 1  0 0  0 2  0 0
    89  0.3699242115771306E-01   3   0 0  1 0  0 2  0 0
    90  0.1435705686369571       3   0 0  0 1  0 2  0 0
    91  -.1784992504981248E-05   3   1 0  0 0  0 1  1 0
    92  -.6610327830187502E-04   3   0 1  0 0  0 1  1 0
    93  0.2548249956607004E-01   3   0 0  1 0  0 1  1 0
    94  0.1017231726910399       3   0 0  0 1  0 1  1 0
    95  -.1783993440687701E-05   3   1 0  0 0  0 0  2 0
    96  -.9850229004391075E-04   3   0 1  0 0  0 0  2 0
    97  0.3692549192722764E-01   3   0 0  1 0  0 0  2 0
    98  0.1433089110060520       3   0 0  0 1  0 0  2 0
    99  0.5382452955057234E-05   3   1 0  0 0  0 1  0 1
   100  0.1321045711169091E-03   3   0 1  0 0  0 1  0 1
   101  -.9946770717018513E-01   3   0 0  1 0  0 1  0 1
   102  -.2033339533217063       3   0 0  0 1  0 1  0 1
   103  0.5375209503536496E-05   3   1 0  0 0  0 0  1 1
   104  0.1319267910109728E-03   3   0 1  0 0  0 0  1 1
   105  -.9933384821762604E-01   3   0 0  1 0  0 0  1 1
   106  -.2030603160701234       3   0 0  0 1  0 0  1 1
   107  -.5395570336926170E-05   3   1 0  0 0  0 0  0 2
   108  -.7621364310230982E-06   3   0 1  0 0  0 0  0 2
   109  0.9940093248754013E-01   3   0 0  1 0  0 0  0 2
   110  0.1779139051399289E-01   3   0 0  0 1  0 0  0 2
   111  -.2189787872243577E-06   3   0 0  0 0  0 3  0 0
   112  -.1119951225730357E-06   3   0 0  0 0  0 2  1 0
   113  -.1122104879953920E-06   3   0 0  0 0  0 1  2 0
   114  -.2184614929633414E-06   3   0 0  0 0  0 0  3 0
   115  0.4964579821143202E-06   3   0 0  0 0  0 2  0 1
   116  0.3450528047609143E-06   3   0 0  0 0  0 1  1 1
   117  0.4955576943715940E-06   3   0 0  0 0  0 0  2 1
   118  -.3448459103932523E-06   3   0 0  0 0  0 1  0 2
   119  -.3443818330190675E-06   3   0 0  0 0  0 0  1 2
   120  0.1379701667357965E-07   3   0 0  0 0  0 0  0 3
   121  0.2211225769358418E-04   4   4 0  0 0  0 0  0 0
   122  0.3914927590682485E-05   4   3 1  0 0  0 0  0 0
   123  -.7988741017933474E-05   4   2 2  0 0  0 0  0 0
   124  0.2823722459793514E-05   4   1 3  0 0  0 0  0 0
   125  -.5679304390145001E-05   4   0 4  0 0  0 0  0 0
   126  0.1949527106117578E-07   4   3 0  1 0  0 0  0 0
   127  -.3925033880524425E-02   4   2 1  1 0  0 0  0 0
   128  -.1466339032590673E-02   4   1 2  1 0  0 0  0 0
   129  -.5116473635307998E-03   4   0 3  1 0  0 0  0 0
   130  0.1918224494997263E-04   4   2 0  2 0  0 0  0 0
   131  -.2511669368021225E-03   4   1 1  2 0  0 0  0 0
   132  -.4237242203425885E-04   4   0 2  2 0  0 0  0 0
   133  0.7729976018898791E-07   4   1 0  3 0  0 0  0 0
   134  -.6021870188155514E-07   4   0 1  3 0  0 0  0 0
   135  -.4006096279232618E-04   4   0 0  4 0  0 0  0 0
   136  -.1962590492870210E-02   4   3 0  0 1  0 0  0 0
   137  -.2404030554464191E-02   4   2 1  0 1  0 0  0 0
   138  0.2728237492612674E-04   4   1 2  0 1  0 0  0 0
   139  -.5895123699317260E-04   4   0 3  0 1  0 0  0 0
   140  -.7834683262003520E-04   4   2 0  1 1  0 0  0 0
   141  -.2283783476725420E-03   4   1 1  1 1  0 0  0 0
   142  0.2413193257768425E-04   4   0 2  1 1  0 0  0 0
   143  -.3326042671824306E-02   4   1 0  2 1  0 0  0 0
   144  -.3548592062118417E-03   4   0 1  2 1  0 0  0 0
   145  -.1773808723272284E-03   4   0 0  3 1  0 0  0 0
   146  0.1498047348283963E-04   4   2 0  0 2  0 0  0 0
   147  -.4231569696193476E-04   4   1 1  0 2  0 0  0 0
   148  -.3203917611854929E-05   4   0 2  0 2  0 0  0 0
   149  -.1711906191528365E-02   4   1 0  1 2  0 0  0 0
   150  -.5824923764180475E-03   4   0 1  1 2  0 0  0 0
   151  -.1123975392008436E-03   4   0 0  2 2  0 0  0 0
   152  -.2540261214134938E-03   4   1 0  0 3  0 0  0 0
   153  -.1139298553014472E-03   4   0 1  0 3  0 0  0 0
   154  -.8044894226432659E-05   4   0 0  1 3  0 0  0 0
   155  0.3450000618988230E-05   4   0 0  0 4  0 0  0 0
   156  -.4165146804970693E-03   4   3 0  0 0  0 1  0 0
   157  -.7921512045064186E-03   4   2 1  0 0  0 1  0 0
   158  -.3775370602010772E-03   4   1 2  0 0  0 1  0 0
   159  0.1406566771868120E-03   4   0 3  0 0  0 1  0 0
   160   1.277642934006800       4   2 0  1 0  0 1  0 0
   161   2.564915588405334       4   1 1  1 0  0 1  0 0
   162  -.1012112724573616       4   0 2  1 0  0 1  0 0
   163  0.4407371397947804E-03   4   1 0  2 0  0 1  0 0
   164  0.5615126699075933E-03   4   0 1  2 0  0 1  0 0
   165   1.183469009660554       4   0 0  3 0  0 1  0 0
   166  0.2933844332163106       4   2 0  0 1  0 1  0 0
   167   1.020616659400416       4   1 1  0 1  0 1  0 0
   168  -.2786584893091391       4   0 2  0 1  0 1  0 0
   169  0.6566268908304210E-03   4   1 0  1 1  0 1  0 0
   170  -.4292550474704491E-03   4   0 1  1 1  0 1  0 0
   171   2.098253213568452       4   0 0  2 1  0 1  0 0
   172  0.1682187524679741E-03   4   1 0  0 2  0 1  0 0
   173  -.8204290549164558E-04   4   0 1  0 2  0 1  0 0
   174   1.644332960920627       4   0 0  1 2  0 1  0 0
   175  0.1395680288517790       4   0 0  0 3  0 1  0 0
   176  -.4159541546697134E-03   4   3 0  0 0  0 0  1 0
   177  -.7910851647481863E-03   4   2 1  0 0  0 0  1 0
   178  -.3770289886181651E-03   4   1 2  0 0  0 0  1 0
   179  0.1404673880595739E-03   4   0 3  0 0  0 0  1 0
   180   1.275923542359440       4   2 0  1 0  0 0  1 0
   181   2.561463845886740       4   1 1  1 0  0 0  1 0
   182  -.1010750670968087       4   0 2  1 0  0 0  1 0
   183  0.4401440165232695E-03   4   1 0  2 0  0 0  1 0
   184  0.5607570126196073E-03   4   0 1  2 0  0 0  1 0
   185   1.181876352842313       4   0 0  3 0  0 0  1 0
   186  0.2929896102728168       4   2 0  0 1  0 0  1 0
   187   1.019243161600194       4   1 1  0 1  0 0  1 0
   188  -.2782834838469476       4   0 2  0 1  0 0  1 0
   189  0.6557432333064988E-03   4   1 0  1 1  0 0  1 0
   190  -.4286773762576494E-03   4   0 1  1 1  0 0  1 0
   191   2.095429483280877       4   0 0  2 1  0 0  1 0
   192  0.1679923715987834E-03   4   1 0  0 2  0 0  1 0
   193  -.8193249601598469E-04   4   0 1  0 2  0 0  1 0
   194   1.642120095116547       4   0 0  1 2  0 0  1 0
   195  0.1393802047761645       4   0 0  0 3  0 0  1 0
   196  0.1726191958065958E-02   4   3 0  0 0  0 0  0 1
   197  0.1583236369254605E-02   4   2 1  0 0  0 0  0 1
   198  0.5047401727288769E-03   4   1 2  0 0  0 0  0 1
   199  -.7477055378317010E-04   4   0 3  0 0  0 0  0 1
   200  -5.617556880772715       4   2 0  1 0  0 0  0 1
   201  -5.126379434292078       4   1 1  1 0  0 0  0 1
   202  -.6674172491225530E-01   4   0 2  1 0  0 0  0 1
   203  -.2771451081149089E-02   4   1 0  2 0  0 0  0 1
   204  -.1122269682527202E-02   4   0 1  2 0  0 0  0 1
   205  -4.096180957098317       4   0 0  3 0  0 0  0 1
   206  -.5863740434891281       4   2 0  0 1  0 0  0 1
   207  -1.330278434575948       4   1 1  0 1  0 0  0 1
   208  0.1141234911877124       4   0 2  0 1  0 0  0 1
   209  -.1312370124136924E-02   4   1 0  1 1  0 0  0 1
   210  0.2991694691132058E-03   4   0 1  1 1  0 0  0 1
   211  -4.193682696849321       4   0 0  2 1  0 0  0 1
   212  -.1905733075306377E-03   4   1 0  0 2  0 0  0 1
   213  0.2621871519471140E-04   4   0 1  0 2  0 0  0 1
   214  -2.041302240416861       4   0 0  1 2  0 0  0 1
   215  -.1462682136921990       4   0 0  0 3  0 0  0 1
   216  0.3577196253150440E-05   4   2 0  0 0  0 2  0 0
   217  0.4126820674439308E-05   4   1 1  0 0  0 2  0 0
   218  -.1080254216344578E-04   4   0 2  0 0  0 2  0 0
   219  0.7868901842389428E-03   4   1 0  1 0  0 2  0 0
   220  -.3848184258838767E-03   4   0 1  1 0  0 2  0 0
   221  0.2699287243296546E-04   4   0 0  2 0  0 2  0 0
   222  0.5715179477357342E-03   4   1 0  0 1  0 2  0 0
   223  -.9861950483871185E-04   4   0 1  0 1  0 2  0 0
   224  0.5744462841343034E-04   4   0 0  1 1  0 2  0 0
   225  0.1077317269604144E-04   4   0 0  0 2  0 2  0 0
   226  0.1002040113152466E-05   4   2 0  0 0  0 1  1 0
   227  0.9711668061647425E-05   4   1 1  0 0  0 1  1 0
   228  -.1191816432258146E-04   4   0 2  0 0  0 1  1 0
   229  0.9439004423411403E-03   4   1 0  1 0  0 1  1 0
   230  -.4364714193359567E-03   4   0 1  1 0  0 1  1 0
   231  0.3025911644862189E-04   4   0 0  2 0  0 1  1 0
   232  0.5680491373947301E-03   4   1 0  0 1  0 1  1 0
   233  -.1714800831870110E-03   4   0 1  0 1  0 1  1 0
   234  0.5906717871869132E-04   4   0 0  1 1  0 1  1 0
   235  0.1146583957366003E-04   4   0 0  0 2  0 1  1 0
   236  0.3571707981840469E-05   4   2 0  0 0  0 0  2 0
   237  0.4114732241074813E-05   4   1 1  0 0  0 0  2 0
   238  -.1077998515937756E-04   4   0 2  0 0  0 0  2 0
   239  0.7851960961484352E-03   4   1 0  1 0  0 0  2 0
   240  -.3840068640492065E-03   4   0 1  1 0  0 0  2 0
   241  0.2693618605094825E-04   4   0 0  2 0  0 0  2 0
   242  0.5703665989374417E-03   4   1 0  0 1  0 0  2 0
   243  -.9837140244968894E-04   4   0 1  0 1  0 0  2 0
   244  0.5732757722709315E-04   4   0 0  1 1  0 0  2 0
   245  0.1075095957468318E-04   4   0 0  0 2  0 0  2 0
   246  -.8621449236688384E-05   4   2 0  0 0  0 1  0 1
   247  -.8440372623686956E-05   4   1 1  0 0  0 1  0 1
   248  0.8262454503888869E-05   4   0 2  0 0  0 1  0 1
   249  -.1258834874679304E-02   4   1 0  1 0  0 1  0 1
   250  0.2739762149795360E-03   4   0 1  1 0  0 1  0 1
   251  -.5377027662232586E-04   4   0 0  2 0  0 1  0 1
   252  -.7547742140736339E-03   4   1 0  0 1  0 1  0 1
   253  0.1270412903464490E-06   4   0 1  0 1  0 1  0 1
   254  -.7624495582407725E-04   4   0 0  1 1  0 1  0 1
   255  -.1242551011633271E-04   4   0 0  0 2  0 1  0 1
   256  -.8609846896620454E-05   4   2 0  0 0  0 0  1 1
   257  -.8429013967990993E-05   4   1 1  0 0  0 0  1 1
   258  0.8251335282013524E-05   4   0 2  0 0  0 0  1 1
   259  -.1257140794031792E-02   4   1 0  1 0  0 0  1 1
   260  0.2736075107014684E-03   4   0 1  1 0  0 0  1 1
   261  -.5369791511815287E-04   4   0 0  2 0  0 0  1 1
   262  -.7537584745076095E-03   4   1 0  0 1  0 0  1 1
   263  0.1268703241651866E-06   4   0 1  0 1  0 0  1 1
   264  -.7614234895582955E-04   4   0 0  1 1  0 0  1 1
   265  -.1240878845041213E-04   4   0 0  0 2  0 0  1 1
   266  0.9080355496765095E-05   4   2 0  0 0  0 0  0 2
   267  0.7440897522644395E-05   4   1 1  0 0  0 0  0 2
   268  0.1129498581993940E-05   4   0 2  0 0  0 0  0 2
   269  -.1105401478122041E-07   4   1 0  1 0  0 0  0 2
   270  -.2774608057588698E-08   4   0 1  1 0  0 0  0 2
   271  0.2328001103476477E-04   4   0 0  2 0  0 0  0 2
   272  0.6366720613148151E-04   4   1 0  0 1  0 0  0 2
   273  0.6791027732017397E-05   4   0 1  0 1  0 0  0 2
   274  0.1636548743617715E-04   4   0 0  1 1  0 0  0 2
   275  0.2114197349415844E-05   4   0 0  0 2  0 0  0 2
   276  0.1798750204898793E-05   4   1 0  0 0  0 3  0 0
   277  0.8238246190719390E-04   4   0 1  0 0  0 3  0 0
   278  -.3122975420397965E-01   4   0 0  1 0  0 3  0 0
   279  -.1226473655007674       4   0 0  0 1  0 3  0 0
   280  0.1809894139155520E-05   4   1 0  0 0  0 2  1 0
   281  0.4981734594272583E-04   4   0 1  0 0  0 2  1 0
   282  -.1971201388754628E-01   4   0 0  1 0  0 2  1 0
   283  -.8082901181499834E-01   4   0 0  0 1  0 2  1 0
   284  0.1809866757241252E-05   4   1 0  0 0  0 1  2 0
   285  0.4988285904196303E-04   4   0 1  0 0  0 1  2 0
   286  -.1973517909769825E-01   4   0 0  1 0  0 1  2 0
   287  -.8091309438842467E-01   4   0 0  0 1  0 1  2 0
   288  0.1793903000997964E-05   4   1 0  0 0  0 0  3 0
   289  0.8218268654823797E-04   4   0 1  0 0  0 0  3 0
   290  -.3115346704501782E-01   4   0 0  1 0  0 0  3 0
   291  -.1223454713390882       4   0 0  0 1  0 0  3 0
   292  -.5399416096205448E-05   4   1 0  0 0  0 2  0 1
   293  -.9962605674300397E-04   4   0 1  0 0  0 2  0 1
   294  0.7640848209757282E-01   4   0 0  1 0  0 2  0 1
   295  0.1616296673585638       4   0 0  0 1  0 2  0 1
   296  -.5416323833242852E-05   4   1 0  0 0  0 1  1 1
   297  -.6723471922883963E-04   4   0 1  0 0  0 1  1 1
   298  0.5341114092060885E-01   4   0 0  1 0  0 1  1 1
   299  0.1200372604724924       4   0 0  0 1  0 1  1 1
   300  -.5388505299812727E-05   4   1 0  0 0  0 0  2 1
   301  -.9944674403279956E-04   4   0 1  0 0  0 0  2 1
   302  0.7626971606523732E-01   4   0 0  1 0  0 0  2 1
   303  0.1613313835255832       4   0 0  0 1  0 0  2 1
   304  0.5402745631931104E-05   4   1 0  0 0  0 1  0 2
   305  0.1144672784403614E-05   4   0 1  0 0  0 1  0 2
   306  -.5338003637055907E-01   4   0 0  1 0  0 1  0 2
   307  -.1831425795372617E-01   4   0 0  0 1  0 1  0 2
   308  0.5395474871482155E-05   4   1 0  0 0  0 0  1 2
   309  0.1143132337716885E-05   4   0 1  0 0  0 0  1 2
   310  -.5330820003332533E-01   4   0 0  1 0  0 0  1 2
   311  -.1828961148849304E-01   4   0 0  0 1  0 0  1 2
   312  -.1800883388819098E-05   4   1 0  0 0  0 0  0 3
   313  -.2545107532238674E-06   4   0 1  0 0  0 0  0 3
   314  0.2429101305447999E-02   4   0 0  1 0  0 0  0 3
   315  0.3403628047444479E-03   4   0 0  0 1  0 0  0 3
   316  -.1262458952348154E-05   4   0 0  0 0  0 4  0 0
   317  -.7996400150874819E-06   4   0 0  0 0  0 3  1 0
   318  -.7321022308944044E-06   4   0 0  0 0  0 2  2 0
   319  -.8009712872332256E-06   4   0 0  0 0  0 1  3 0
   320  -.1258525178437463E-05   4   0 0  0 0  0 0  4 0
   321  0.1536389984675093E-05   4   0 0  0 0  0 3  0 1
   322  0.1043958043084052E-05   4   0 0  0 0  0 2  1 1
   323  0.1044947906912873E-05   4   0 0  0 0  0 1  2 1
   324  0.1532587075259815E-05   4   0 0  0 0  0 0  3 1
   325  -.9534422362058545E-07   4   0 0  0 0  0 2  0 2
   326  -.1153675096513856E-06   4   0 0  0 0  0 1  1 2
   327  -.9513828577915051E-07   4   0 0  0 0  0 0  2 2
   328  0.8314657892711411E-09   4   0 0  0 0  0 1  0 3
   329  0.8303468417975632E-09   4   0 0  0 0  0 0  1 3
   330  0.5250013319311058E-15   4   0 0  0 0  0 0  0 4
   ----------------------------------------------------
     I  COEFFICIENT            ORDER EXPONENTS
     1  0.3846777768422708E-07   0   0 0  0 0  0 0  0 0
     2  -.1803479791983259E-04   1   1 0  0 0  0 0  0 0
     3  0.1347206213736367E-04   1   0 1  0 0  0 0  0 0
     4  -.1496205065725480E-05   1   0 0  1 0  0 0  0 0
     5  -.1890699988969384E-05   1   0 0  0 1  0 0  0 0
     6   1.000000000000000       1   0 0  0 0  1 0  0 0
     7  0.1497981758035556       1   0 0  0 0  0 1  0 0
     8  -.1497981737808675       1   0 0  0 0  0 0  1 0
     9  -.2022715567274318E-08   1   0 0  0 0  0 0  0 1
    10  -.8182070425102445E-01   2   2 0  0 0  0 0  0 0
    11  0.1397180159198259       2   1 1  0 0  0 0  0 0
    12  -.1111436447684916       2   0 2  0 0  0 0  0 0
    13  0.1739511279185359E-04   2   1 0  1 0  0 0  0 0
    14  0.1536626452867770E-03   2   0 1  1 0  0 0  0 0
    15  -.1041689011794903       2   0 0  2 0  0 0  0 0
    16  0.1536632267392182E-03   2   1 0  0 1  0 0  0 0
    17  0.7292553455437675E-04   2   0 1  0 1  0 0  0 0
    18  -.2550842743116783       2   0 0  1 1  0 0  0 0
    19  -.2048271803885373       2   0 0  0 2  0 0  0 0
    20  0.2618055129308803E-04   2   1 0  0 0  0 1  0 0
    21  -.1770879884513019E-04   2   0 1  0 0  0 1  0 0
    22  0.2482382204421053E-05   2   0 0  1 0  0 1  0 0
    23  0.3137114595078363E-05   2   0 0  0 1  0 1  0 0
    24  0.8158994991232603E-05   2   1 0  0 0  0 0  1 0
    25  -.4249101786422289E-05   2   0 1  0 0  0 0  1 0
    26  0.9868611892683440E-06   2   0 0  1 0  0 0  1 0
    27  0.1247280822115936E-05   2   0 0  0 1  0 0  1 0
    28  -.3433944447273796E-04   2   1 0  0 0  0 0  0 1
    29  0.8485676562149889E-05   2   0 1  0 0  0 0  0 1
    30  -.3469245267804912E-05   2   0 0  1 0  0 0  0 1
    31  -.2493705597346794E-05   2   0 0  0 1  0 0  0 1
    32  -.1124242802347637       2   0 0  0 0  0 2  0 0
    33  0.7505038172810086E-01   2   0 0  0 0  0 1  1 0
    34  0.3737389556806223E-01   2   0 0  0 0  0 0  2 0
    35  0.2937762610468386E-08   2   0 0  0 0  0 1  0 1
    36  0.9165340280505188E-09   2   0 0  0 0  0 0  1 1
    37  -.9157984475198809E-09   2   0 0  0 0  0 0  0 2
    38  0.3220080420622964E-04   3   3 0  0 0  0 0  0 0
    39  -.2606057809493709E-03   3   2 1  0 0  0 0  0 0
    40  -.3890705520223596E-04   3   1 2  0 0  0 0  0 0
    41  0.2536622669487412E-04   3   0 3  0 0  0 0  0 0
    42  -.1691812275975455E-04   3   2 0  1 0  0 0  0 0
    43  -.1311857558234749E-04   3   1 1  1 0  0 0  0 0
    44  0.2936487219275207E-05   3   0 2  1 0  0 0  0 0
    45  -.2576651565741919E-04   3   1 0  2 0  0 0  0 0
    46  0.6380041662335378E-04   3   0 1  2 0  0 0  0 0
    47  -.5108777555611210E-05   3   0 0  3 0  0 0  0 0
    48  -.1632692488343022E-04   3   2 0  0 1  0 0  0 0
    49  0.2430607094793730E-05   3   1 1  0 1  0 0  0 0
    50  -.2689890101574998E-06   3   0 2  0 1  0 0  0 0
    51  0.3073886936634297E-03   3   1 0  1 1  0 0  0 0
    52  -.5600275653226524E-04   3   0 1  1 1  0 0  0 0
    53  -.1653932646203403E-04   3   0 0  2 1  0 0  0 0
    54  -.1458504459596050E-03   3   1 0  0 2  0 0  0 0
    55  -.3433282401935274E-04   3   0 1  0 2  0 0  0 0
    56  -.2363648005625838E-04   3   0 0  1 2  0 0  0 0
    57  -.6885432674918254E-05   3   0 0  0 3  0 0  0 0
    58  0.1177018547512383       3   2 0  0 0  0 1  0 0
    59  -.1855477019684860       3   1 1  0 0  0 1  0 0
    60  0.1506088798702176       3   0 2  0 0  0 1  0 0
    61  -.3482547148899203E-04   3   1 0  1 0  0 1  0 0
    62  -.2344224868660447E-03   3   0 1  1 0  0 1  0 0
    63  0.1624364692801825       3   0 0  2 0  0 1  0 0
    64  -.2344137535104103E-03   3   1 0  0 1  0 1  0 0
    65  -.1467156367153312E-03   3   0 1  0 1  0 1  0 0
    66  0.4167365312132207       3   0 0  1 1  0 1  0 0
    67  0.3390607381725387       3   0 0  0 2  0 1  0 0
    68  0.3594281454267492E-01   3   2 0  0 0  0 0  1 0
    69  -.4595594432436088E-01   3   1 1  0 0  0 0  1 0
    70  0.3956157934014212E-01   3   0 2  0 0  0 0  1 0
    71  -.1742775362354526E-04   3   1 0  1 0  0 0  1 0
    72  -.8085630149009041E-04   3   0 1  1 0  0 0  1 0
    73  0.5832907804858647E-01   3   0 0  2 0  0 0  1 0
    74  -.8084985939386938E-04   3   1 0  0 1  0 0  1 0
    75  -.7378089150723215E-04   3   0 1  0 1  0 0  1 0
    76  0.1617775712641666       3   0 0  1 1  0 0  1 0
    77  0.1343282483097378       3   0 0  0 2  0 0  1 0
    78  -.1536446432781582       3   2 0  0 0  0 0  0 1
    79  0.9178611162059987E-01   3   1 1  0 0  0 0  0 1
    80  0.3211647279715529E-01   3   0 2  0 0  0 0  0 1
    81  0.5225078680004232E-04   3   1 0  1 0  0 0  0 1
    82  0.1616102538255982E-03   3   0 1  1 0  0 0  0 1
    83  -.2207653974638902       3   0 0  2 0  0 0  0 1
    84  0.1616059253505584E-03   3   1 0  0 1  0 0  0 1
    85  0.7461435215026487E-04   3   0 1  0 1  0 0  0 1
    86  -.3234299627070275       3   0 0  1 1  0 0  0 1
    87  -.6373486197767123E-01   3   0 0  0 2  0 0  0 1
    88  -.3187919786236490E-04   3   1 0  0 0  0 2  0 0
    89  0.1972832578645424E-04   3   0 1  0 0  0 2  0 0
    90  -.3237834883427481E-05   3   0 0  1 0  0 2  0 0
    91  -.4214204335503381E-05   3   0 0  0 1  0 2  0 0
    92  -.1140402076546003E-04   3   1 0  0 0  0 1  1 0
    93  0.4045172732863025E-05   3   0 1  0 0  0 1  1 0
    94  -.1511528271945762E-05   3   0 0  1 0  0 1  1 0
    95  -.2154631533011791E-05   3   0 0  0 1  0 1  1 0
    96  -.5711920042970400E-05   3   1 0  0 0  0 0  2 0
    97  0.2031762700676568E-05   3   0 1  0 0  0 0  2 0
    98  -.7564132863805422E-06   3   0 0  1 0  0 0  2 0
    99  -.1077972119803367E-05   3   0 0  0 1  0 0  2 0
   100  0.4898218307780636E-04   3   1 0  0 0  0 1  0 1
   101  -.8084713007035781E-05   3   0 1  0 0  0 1  0 1
   102  0.5504813545523646E-05   3   0 0  1 0  0 1  0 1
   103  0.4308786162934670E-05   3   0 0  0 1  0 1  0 1
   104  0.1466918331307344E-04   3   1 0  0 0  0 0  1 1
   105  0.3890197016483123E-06   3   0 1  0 0  0 0  1 1
   106  0.2037491369665766E-05   3   0 0  1 0  0 0  1 1
   107  0.1815989310945643E-05   3   0 0  0 1  0 0  1 1
   108  -.1465600347709032E-04   3   1 0  0 0  0 0  0 2
   109  -.4637870036397056E-05   3   0 1  0 0  0 0  0 2
   110  -.2036531076026205E-05   3   0 0  1 0  0 0  0 2
   111  -.5686833624320001E-06   3   0 0  0 1  0 0  0 2
   112  0.9369949007341249E-01   3   0 0  0 0  0 3  0 0
   113  -.5625011127543628E-01   3   0 0  0 0  0 2  1 0
   114  -.1880030403029216E-01   3   0 0  0 0  0 1  2 0
   115  -.1864917358369889E-01   3   0 0  0 0  0 0  3 0
   116  -.1504589571864092E-07   3   0 0  0 0  0 2  0 1
   117  -.8110869930143334E-08   3   0 0  0 0  0 1  1 1
   118  -.4057358913475413E-08   3   0 0  0 0  0 0  2 1
   119  0.4486034145863052E-09   3   0 0  0 0  0 1  0 2
   120  -.1079289089657526E-09   3   0 0  0 0  0 0  1 2
   121  0.5186989878739112E-10   3   0 0  0 0  0 0  0 3
   122  -.1986640390617305       4   4 0  0 0  0 0  0 0
   123  -.1347031545969729       4   3 1  0 0  0 0  0 0
   124  -.4843300129756312E-01   4   2 2  0 0  0 0  0 0
   125  0.1512358607373240       4   1 3  0 0  0 0  0 0
   126  -.4771239188931254E-01   4   0 4  0 0  0 0  0 0
   127  0.4909003546619782E-03   4   3 0  1 0  0 0  0 0
   128  0.1082819171346403E-03   4   2 1  1 0  0 0  0 0
   129  -.3185802769503268E-03   4   1 2  1 0  0 0  0 0
   130  0.1389167655442487E-03   4   0 3  1 0  0 0  0 0
   131  -1.027953896968698       4   2 0  2 0  0 0  0 0
   132  0.1284391183126699E-01   4   1 1  2 0  0 0  0 0
   133  0.1178357141398351       4   0 2  2 0  0 0  0 0
   134  -.4269396982183188E-03   4   1 0  3 0  0 0  0 0
   135  0.3229347765631037E-03   4   0 1  3 0  0 0  0 0
   136  -.2397681909369689       4   0 0  4 0  0 0  0 0
   137  0.2232049944498286E-03   4   3 0  0 1  0 0  0 0
   138  0.2501708214258486E-03   4   2 1  0 1  0 0  0 0
   139  0.9600694247828785E-04   4   1 2  0 1  0 0  0 0
   140  0.1057185185090523E-03   4   0 3  0 1  0 0  0 0
   141  -.7081644702642953       4   2 0  1 1  0 0  0 0
   142  0.4859075071688546       4   1 1  1 1  0 0  0 0
   143  -.2056808231093859       4   0 2  1 1  0 0  0 0
   144  0.4075054582490697E-03   4   1 0  2 1  0 0  0 0
   145  0.1270031351906164E-02   4   0 1  2 1  0 0  0 0
   146  -.8168586107631298       4   0 0  3 1  0 0  0 0
   147  -.6128220344931843       4   2 0  0 2  0 0  0 0
   148  0.2063319683419985       4   1 1  0 2  0 0  0 0
   149  -.2312242001257829       4   0 2  0 2  0 0  0 0
   150  0.7012262316878233E-03   4   1 0  1 2  0 0  0 0
   151  0.8013697223659531E-03   4   0 1  1 2  0 0  0 0
   152  -1.270707225702035       4   0 0  2 2  0 0  0 0
   153  0.3740133413301040E-03   4   1 0  0 3  0 0  0 0
   154  0.2228885564637190E-03   4   0 1  0 3  0 0  0 0
   155  -.7546399182669492       4   0 0  1 3  0 0  0 0
   156  -.2587675800001983       4   0 0  0 4  0 0  0 0
   157  -.1869491714801709E-03   4   3 0  0 0  0 1  0 0
   158  0.3152205852300449E-03   4   2 1  0 0  0 1  0 0
   159  0.6590280240231772E-03   4   1 2  0 0  0 1  0 0
   160  -.2387107864684891E-03   4   0 3  0 0  0 1  0 0
   161  -.8894567152079122E-06   4   2 0  1 0  0 1  0 0
   162  0.5439329691075245E-05   4   1 1  1 0  0 1  0 0
   163  -.9561696956592820E-05   4   0 2  1 0  0 1  0 0
   164  -.4007370311471903E-03   4   1 0  2 0  0 1  0 0
   165  0.3044621734169463E-03   4   0 1  2 0  0 1  0 0
   166  -.3433773149890861E-04   4   0 0  3 0  0 1  0 0
   167  -.1115587898421265E-04   4   2 0  0 1  0 1  0 0
   168  -.6704374797911195E-05   4   1 1  0 1  0 1  0 0
   169  -.1505441523733083E-04   4   0 2  0 1  0 1  0 0
   170  -.5065114637788599E-03   4   1 0  1 1  0 1  0 0
   171  -.2490187553379019E-03   4   0 1  1 1  0 1  0 0
   172  -.7508460364436721E-04   4   0 0  2 1  0 1  0 0
   173  0.4219548932302872E-03   4   1 0  0 2  0 1  0 0
   174  -.3749706268272866E-03   4   0 1  0 2  0 1  0 0
   175  -.3856157279419034E-04   4   0 0  1 2  0 1  0 0
   176  -.1712581654073013E-04   4   0 0  0 3  0 1  0 0
   177  -.5080343099262675E-04   4   3 0  0 0  0 0  1 0
   178  0.4698907936526530E-04   4   2 1  0 0  0 0  1 0
   179  0.3675344458434853E-03   4   1 2  0 0  0 0  1 0
   180  -.1330114298083888E-03   4   0 3  0 0  0 0  1 0
   181  -.7027529631244385E-06   4   2 0  1 0  0 0  1 0
   182  -.6392844298520788E-06   4   1 1  1 0  0 0  1 0
   183  -.5334172252442585E-05   4   0 2  1 0  0 0  1 0
   184  -.2049819781991052E-03   4   1 0  2 0  0 0  1 0
   185  0.1564657018453488E-03   4   0 1  2 0  0 0  1 0
   186  -.1835364079311179E-04   4   0 0  3 0  0 0  1 0
   187  -.7053728360339696E-05   4   2 0  0 1  0 0  1 0
   188  -.3101597815970544E-05   4   1 1  0 1  0 0  1 0
   189  -.9126131640983237E-05   4   0 2  0 1  0 0  1 0
   190  -.1391834073023070E-03   4   1 0  1 1  0 0  1 0
   191  -.1775438183822624E-03   4   0 1  1 1  0 0  1 0
   192  -.4065940212311395E-04   4   0 0  2 1  0 0  1 0
   193  0.2377850005994972E-03   4   1 0  0 2  0 0  1 0
   194  -.2265073850288839E-03   4   0 1  0 2  0 0  1 0
   195  -.2353083261084959E-04   4   0 0  1 2  0 0  1 0
   196  -.1035877958773258E-04   4   0 0  0 3  0 0  1 0
   197  0.1382064210155883E-03   4   3 0  0 0  0 0  0 1
   198  -.4541897378417663E-04   4   2 1  0 0  0 0  0 1
   199  -.1925176219678674E-03   4   1 2  0 0  0 0  0 1
   200  -.5405615675961455E-04   4   0 3  0 0  0 0  0 1
   201  -.6668638124895230E-05   4   2 0  1 0  0 0  0 1
   202  0.2916548268544955E-05   4   1 1  1 0  0 0  0 1
   203  0.4471020746645763E-05   4   0 2  1 0  0 0  0 1
   204  0.4054604170689527E-03   4   1 0  2 0  0 0  0 1
   205  -.7151394602461140E-04   4   0 1  2 0  0 0  0 1
   206  0.3814653930129764E-04   4   0 0  3 0  0 0  0 1
   207  -.1541937315672772E-05   4   2 0  0 1  0 0  0 1
   208  0.7513904694831572E-05   4   1 1  0 1  0 0  0 1
   209  0.1016958822718422E-05   4   0 2  0 1  0 0  0 1
   210  0.2792238964871081E-03   4   1 0  1 1  0 0  0 1
   211  0.1201744161838220E-03   4   0 1  1 1  0 0  0 1
   212  0.4970565479705257E-04   4   0 0  2 1  0 0  0 1
   213  -.2359722753488800E-03   4   1 0  0 2  0 0  0 1
   214  -.1654259535407939E-04   4   0 1  0 2  0 0  0 1
   215  0.1490271337320433E-04   4   0 0  1 2  0 0  0 1
   216  0.3062580343063404E-06   4   0 0  0 3  0 0  0 1
   217  -.1422594082582996       4   2 0  0 0  0 2  0 0
   218  0.2090658234482559       4   1 1  0 0  0 2  0 0
   219  -.1737825904320602       4   0 2  0 0  0 2  0 0
   220  0.5228629250557748E-04   4   1 0  1 0  0 2  0 0
   221  0.2979843547460531E-03   4   0 1  1 0  0 2  0 0
   222  -.2094181652603348       4   0 0  2 0  0 2  0 0
   223  0.2979857752267274E-03   4   1 0  0 1  0 2  0 0
   224  0.2213197299120311E-03   4   0 1  0 1  0 2  0 0
   225  -.5565327065485856       4   0 0  1 1  0 2  0 0
   226  -.4580881660353508       4   0 0  0 2  0 2  0 0
   227  -.4914578267976540E-01   4   2 0  0 0  0 1  1 0
   228  0.4709629338858665E-01   4   1 1  0 0  0 1  1 0
   229  -.4639135367268941E-01   4   0 2  0 0  0 1  1 0
   230  0.3491809097375354E-04   4   1 0  1 0  0 1  1 0
   231  0.1271727416544823E-03   4   0 1  1 0  0 1  1 0
   232  -.9399416149570336E-01   4   0 0  2 0  0 1  1 0
   233  0.1271830748726865E-03   4   1 0  0 1  0 1  1 0
   234  0.1492192701751786E-03   4   0 1  0 1  0 1  1 0
   235  -.2796515484183886       4   0 0  1 1  0 1  1 0
   236  -.2380959616690698       4   0 0  0 2  0 1  1 0
   237  -.2461887886396380E-01   4   2 0  0 0  0 0  2 0
   238  0.2364110873691288E-01   4   1 1  0 0  0 0  2 0
   239  -.2326562371235542E-01   4   0 2  0 0  0 0  2 0
   240  0.1746188275494849E-04   4   1 0  1 0  0 0  2 0
   241  0.6365927347093078E-04   4   0 1  1 0  0 0  2 0
   242  -.4704289479036217E-01   4   0 0  2 0  0 0  2 0
   243  0.6366512300985477E-04   4   1 0  0 1  0 0  2 0
   244  0.7460869762961573E-04   4   0 1  0 1  0 0  2 0
   245  -.1399174271314877       4   0 0  1 1  0 0  2 0
   246  -.1191154692284148       4   0 0  0 2  0 0  2 0
   247  0.2159628056144021       4   2 0  0 0  0 1  0 1
   248  -.9413152051233731E-01   4   1 1  0 0  0 1  0 1
   249  -.5787083908238651E-01   4   0 2  0 0  0 1  0 1
   250  -.1046577288144806E-03   4   1 0  1 0  0 1  0 1
   251  -.2543076123621800E-03   4   0 1  1 0  0 1  0 1
   252  0.3503944775718773       4   0 0  2 0  0 1  0 1
   253  -.2543039267211645E-03   4   1 0  0 1  0 1  0 1
   254  -.1517660958023894E-03   4   0 1  0 1  0 1  0 1
   255  0.5592439415949009       4   0 0  1 1  0 1  0 1
   256  0.1370897531858400       4   0 0  0 2  0 1  0 1
   257  0.6244078695197482E-01   4   2 0  0 0  0 0  1 1
   258  -.2465607744965527E-02   4   1 1  0 0  0 0  1 1
   259  -.2576286994377588E-01   4   0 2  0 0  0 0  1 1
   260  -.5240663723928155E-04   4   1 0  1 0  0 0  1 1
   261  -.9278980557893160E-04   4   0 1  1 0  0 0  1 1
   262  0.1297513272514315       4   0 0  2 0  0 0  1 1
   263  -.9279044173064170E-04   4   1 0  0 1  0 0  1 1
   264  -.7714819381984314E-04   4   0 1  0 1  0 0  1 1
   265  0.2359313026016096       4   0 0  1 1  0 0  1 1
   266  0.7334182959913464E-01   4   0 0  0 2  0 0  1 1
   267  -.6237946854014033E-01   4   2 0  0 0  0 0  0 2
   268  -.4348768465049367E-01   4   1 1  0 0  0 0  0 2
   269  -.6357921649483650E-02   4   0 2  0 0  0 0  0 2
   270  0.5240082707816883E-04   4   1 0  1 0  0 0  0 2
   271  0.1193843821288446E-04   4   0 1  1 0  0 0  0 2
   272  -.1296903589150736       4   0 0  2 0  0 0  0 2
   273  0.1193540358547769E-04   4   1 0  0 1  0 0  0 2
   274  0.2534315370139783E-05   4   0 1  0 1  0 0  0 2
   275  -.7415775029509998E-01   4   0 0  1 1  0 0  0 2
   276  -.9613534091297900E-02   4   0 0  0 2  0 0  0 2
   277  0.1502466052018471E-03   4   1 0  0 0  0 3  0 0
   278  -.2010426076606652E-03   4   0 1  0 0  0 3  0 0
   279  -.2879426173839786E-05   4   0 0  1 0  0 3  0 0
   280  -.6773632339673572E-05   4   0 0  0 1  0 3  0 0
   281  0.5317614553799345E-04   4   1 0  0 0  0 2  1 0
   282  -.6717892125778578E-04   4   0 1  0 0  0 2  1 0
   283  -.1355309390655373E-05   4   0 0  1 0  0 2  1 0
   284  -.2944516603898680E-05   4   0 0  0 1  0 2  1 0
   285  0.3024056732689961E-04   4   1 0  0 0  0 1  2 0
   286  -.3756246735168531E-04   4   0 1  0 0  0 1  2 0
   287  -.8483798104068946E-06   4   0 0  1 0  0 1  2 0
   288  -.1777544899523501E-05   4   0 0  0 1  0 1  2 0
   289  0.1778212590620304E-04   4   1 0  0 0  0 0  3 0
   290  -.2247263762506258E-04   4   0 1  0 0  0 0  3 0
   291  -.4525253982185463E-06   4   0 0  1 0  0 0  3 0
   292  -.9835394103062393E-06   4   0 0  0 1  0 0  3 0
   293  -.1366440205375065E-03   4   1 0  0 0  0 2  0 1
   294  -.3708713862131369E-04   4   0 1  0 0  0 2  0 1
   295  0.3070619438637997E-06   4   0 0  1 0  0 2  0 1
   296  -.2248857217367633E-05   4   0 0  0 1  0 2  0 1
   297  -.3992338704776651E-04   4   1 0  0 0  0 1  1 1
   298  -.2791691905657304E-04   4   0 1  0 0  0 1  1 1
   299  0.2127552819853176E-06   4   0 0  1 0  0 1  1 1
   300  -.1218163704039785E-05   4   0 0  0 1  0 1  1 1
   301  -.2001321937697563E-04   4   1 0  0 0  0 0  2 1
   302  -.1395520385971543E-04   4   0 1  0 0  0 0  2 1
   303  0.1063695272941250E-06   4   0 0  1 0  0 0  2 1
   304  -.6093633490654985E-06   4   0 0  0 1  0 0  2 1
   305  0.4834958918798822E-05   4   1 0  0 0  0 1  0 2
   306  0.4886429342270387E-05   4   0 1  0 0  0 1  0 2
   307  0.1952874880171574E-05   4   0 0  1 0  0 1  0 2
   308  0.8287421126600328E-06   4   0 0  0 1  0 1  0 2
   309  -.1955688746464954E-05   4   1 0  0 0  0 0  1 2
   310  0.2049744958813878E-05   4   0 1  0 0  0 0  1 2
   311  0.7047671495346158E-06   4   0 0  1 0  0 0  1 2
   312  0.4454180061187548E-06   4   0 0  0 1  0 0  1 2
   313  0.1204678576269764E-05   4   1 0  0 0  0 0  0 3
   314  0.2756687523900848E-06   4   0 1  0 0  0 0  0 3
   315  -.1523003401865296E-06   4   0 0  1 0  0 0  0 3
   316  -.3412963895693507E-07   4   0 0  0 1  0 0  0 3
   317  -.8199185592810200E-01   4   0 0  0 0  0 4  0 0
   318  0.4686866139951783E-01   4   0 0  0 0  0 3  1 0
   319  0.1407201527888991E-01   4   0 0  0 0  0 2  2 0
   320  0.9418913020745979E-02   4   0 0  0 0  0 1  3 0
   321  0.1163212592033908E-01   4   0 0  0 0  0 0  4 0
   322  0.3122224889099565E-08   4   0 0  0 0  0 3  0 1
   323  -.1086598551683309E-07   4   0 0  0 0  0 2  1 1
   324  -.7260792066716049E-08   4   0 0  0 0  0 1  2 1
   325  -.4237969280090935E-08   4   0 0  0 0  0 0  3 1
   326  -.1034892409414117E-08   4   0 0  0 0  0 2  0 2
   327  -.7073584122342886E-09   4   0 0  0 0  0 1  1 2
   328  -.2767265033982555E-09   4   0 0  0 0  0 0  2 2
   329  -.1014765121483414E-09   4   0 0  0 0  0 1  0 3
   330  -.4960956524479113E-10   4   0 0  0 0  0 0  1 3
   331  -.1840292530708656E-11   4   0 0  0 0  0 0  0 4
   ----------------------------------------------------
     I  COEFFICIENT            ORDER EXPONENTS
     1   1.000000000000000       1   0 0  0 0  0 1  0 0
     --------------------------------------------------
     I  COEFFICIENT            ORDER EXPONENTS
     1   1.000000000000000       1   0 0  0 0  0 0  1 0
     --------------------------------------------------
     I  COEFFICIENT            ORDER EXPONENTS
     1   1.000000000000000       1   0 0  0 0  0 0  0 1
     --------------------------------------------------
