 L    0.7950300000000000E+00
 P (  0.0000000000000000E+00,  0.0000000000000000E+00,  0.1350570000000000E+00)
 A (  0.0000000000000000E+00,  0.0000000000000000E+00,  0.0000000000000000E+00)
     I  COEFFICIENT            ORDER EXPONENTS
     1  0.7487378763455919E-04   0   0 0  0 0  0 0  0 0
     2  0.9999985181750419       1   1 0  0 0  0 0  0 0
     3  0.7950290577999848       1   0 1  0 0  0 0  0 0
     4  -.2497268002757318E-05   1   0 0  1 0  0 0  0 0
     5  -.1304311786514122E-05   1   0 0  0 1  0 0  0 0
     6  0.1790661383179158E-11   1   0 0  0 0  0 1  0 0
     7  0.1788251536464548E-11   1   0 0  0 0  0 0  1 0
     8  -.3578897275822014E-11   1   0 0  0 0  0 0  0 1
     9  -.4402473175652591E-01   2   2 0  0 0  0 0  0 0
    10  -.4372435130361269E-01   2   1 1  0 0  0 0  0 0
    11  -.1119702159693908E-01   2   0 2  0 0  0 0  0 0
    12  0.2532340449483501E-04   2   1 0  1 0  0 0  0 0
    13  0.1260775479566799E-04   2   0 1  1 0  0 0  0 0
    14  0.4402472896185244E-01   2   0 0  2 0  0 0  0 0
    15  0.1257328750608998E-04   2   1 0  0 1  0 0  0 0
    16  0.6463919217705136E-05   2   0 1  0 1  0 0  0 0
    17  0.4372436133057764E-01   2   0 0  1 1  0 0  0 0
    18  0.1119702983396786E-01   2   0 0  0 2  0 0  0 0
    19  0.7414105174140128E-06   2   1 0  0 0  0 1  0 0
    20  -.3977817208477381       2   0 1  0 0  0 1  0 0
    21  0.1237405185681157E-05   2   0 0  1 0  0 1  0 0
    22  0.1295594633720707E-05   2   0 0  0 1  0 1  0 0
    23  0.7404127620811318E-06   2   1 0  0 0  0 0  1 0
    24  -.3972464049546244       2   0 1  0 0  0 0  1 0
    25  0.1235739944099144E-05   2   0 0  1 0  0 0  1 0
    26  0.1293851083521881E-05   2   0 0  0 1  0 0  1 0
    27  -.1481823813309548E-05   2   1 0  0 0  0 0  0 1
    28  -.9319980784789866E-06   2   0 1  0 0  0 0  0 1
    29  -.2473145507241588E-05   2   0 0  1 0  0 0  0 1
    30  -.1285134128338211E-05   2   0 0  0 1  0 0  0 1
    31  -.7661900596315107E-11   2   0 0  0 0  0 2  0 0
    32  -.8476169079710518E-11   2   0 0  0 0  0 1  1 0
    33  -.7645886037346007E-11   2   0 0  0 0  0 0  2 0
    34  0.1790687922685728E-11   2   0 0  0 0  0 1  0 1
    35  0.1788278099274324E-11   2   0 0  0 0  0 0  1 1
    36  0.5581862216838569E-03   3   3 0  0 0  0 0  0 0
    37  0.7853189757862138E-03   3   2 1  0 0  0 0  0 0
    38  0.3668932559785428E-03   3   1 2  0 0  0 0  0 0
    39  0.3975712428784591       3   0 3  0 0  0 0  0 0
    40  -.2103336690905320E-04   3   2 0  1 0  0 0  0 0
    41  -.6098942178445177E-05   3   1 1  1 0  0 0  0 0
    42  -.2085347229555096E-05   3   0 2  1 0  0 0  0 0
    43  0.4625328297586287E-03   3   1 0  2 0  0 0  0 0
    44  0.1326919960256066E-03   3   0 1  2 0  0 0  0 0
    45  0.7171918374399302E-05   3   0 0  3 0  0 0  0 0
    46  -.8188286172414596E-05   3   2 0  0 1  0 0  0 0
    47  -.2444985515052358E-05   3   1 1  0 1  0 0  0 0
    48  -.1915720064741037E-05   3   0 2  0 1  0 0  0 0
    49  0.5854060336732720E-03   3   1 0  1 1  0 0  0 0
    50  0.2040239332125122E-03   3   0 1  1 1  0 0  0 0
    51  -.1789674632760696E-05   3   0 0  2 1  0 0  0 0
    52  0.1662966191981178E-03   3   1 0  0 2  0 0  0 0
    53  0.3975784815392339       3   0 1  0 2  0 0  0 0
    54  -.8367098096476957E-05   3   0 0  1 2  0 0  0 0
    55  -.3617454619843437E-05   3   0 0  0 3  0 0  0 0
    56  0.2202717329728562E-01   3   2 0  0 0  0 1  0 0
    57  0.4375377898892113E-01   3   1 1  0 0  0 1  0 0
    58  0.1680683871358736E-01   3   0 2  0 0  0 1  0 0
    59  -.1265064795314863E-04   3   1 0  1 0  0 1  0 0
    60  -.1259717268754016E-04   3   0 1  1 0  0 1  0 0
    61  -.2202716963226618E-01   3   0 0  2 0  0 1  0 0
    62  -.1257089332856206E-04   3   1 0  0 1  0 1  0 0
    63  -.9688036030458401E-05   3   0 1  0 1  0 1  0 0
    64  -.4375378722721505E-01   3   0 0  1 1  0 1  0 0
    65  -.1680685020777459E-01   3   0 0  0 2  0 1  0 0
    66  0.2199753016556690E-01   3   2 0  0 0  0 0  1 0
    67  0.4369489721520203E-01   3   1 1  0 0  0 0  1 0
    68  0.1678422086212548E-01   3   0 2  0 0  0 0  1 0
    69  -.1263362330733769E-04   3   1 0  1 0  0 0  1 0
    70  -.1258022000622144E-04   3   0 1  1 0  0 0  1 0
    71  -.2199752650547962E-01   3   0 0  2 0  0 0  1 0
    72  -.1255397601276616E-04   3   1 0  0 1  0 0  1 0
    73  -.9674998328149806E-05   3   0 1  0 1  0 0  1 0
    74  -.4369490544240912E-01   3   0 0  1 1  0 0  1 0
    75  -.1678423234084433E-01   3   0 0  0 2  0 0  1 0
    76  -.4402470952509472E-01   3   2 0  0 0  0 0  0 1
    77  -.4372433547421884E-01   3   1 1  0 0  0 0  0 1
    78  -.1119702110930494E-01   3   0 2  0 0  0 0  0 1
    79  0.2528487134922209E-04   3   1 0  1 0  0 0  0 1
    80  0.1256758833540380E-04   3   0 1  1 0  0 0  0 1
    81  0.4402470225402026E-01   3   0 0  2 0  0 0  0 1
    82  0.1255271111984342E-04   3   1 0  0 1  0 0  0 1
    83  0.6434626993229311E-05   3   0 1  0 1  0 0  0 1
    84  0.4372433887665469E-01   3   0 0  1 1  0 0  0 1
    85  0.1119702519758648E-01   3   0 0  0 2  0 0  0 1
    86  -.5559350794791292E-06   3   1 0  0 0  0 2  0 0
    87  0.2982692155959415       3   0 1  0 0  0 2  0 0
    88  -.9278468614849654E-06   3   0 0  1 0  0 2  0 0
    89  -.1281424161287225E-05   3   0 0  0 1  0 2  0 0
    90  -.3709562057896595E-06   3   1 0  0 0  0 1  1 0
    91  0.1990238782046183       3   0 1  0 0  0 1  1 0
    92  -.6191186533755410E-06   3   0 0  1 0  0 1  1 0
    93  -.1276679264353115E-05   3   0 0  0 1  0 1  1 0
    94  -.5549373205403099E-06   3   1 0  0 0  0 0  2 0
    95  0.2977339004647253       3   0 1  0 0  0 0  2 0
    96  -.9261816186440552E-06   3   0 0  1 0  0 0  2 0
    97  -.1278840633677734E-05   3   0 0  0 1  0 0  2 0
    98  0.7414124286336763E-06   3   1 0  0 0  0 1  0 1
    99  0.9326266907829829E-06   3   0 1  0 0  0 1  0 1
   100  0.1237406096263944E-05   3   0 0  1 0  0 1  0 1
   101  0.1285999606889746E-05   3   0 0  0 1  0 1  0 1
   102  0.7404146707287659E-06   3   1 0  0 0  0 0  1 1
   103  0.9313716057357124E-06   3   0 1  0 0  0 0  1 1
   104  0.1235740853456512E-05   3   0 0  1 0  0 0  1 1
   105  0.1284268969225848E-05   3   0 0  0 1  0 0  1 1
   106  -.5010745270170530E-10   3   0 0  0 0  0 3  0 0
   107  -.7234871960738019E-10   3   0 0  0 0  0 2  1 0
   108  -.7230368658734014E-10   3   0 0  0 0  0 1  2 0
   109  -.4995768819474057E-10   3   0 0  0 0  0 0  3 0
   110  0.4149819961114430E-10   3   0 0  0 0  0 2  0 1
   111  0.5116587259710635E-10   3   0 0  0 0  0 1  1 1
   112  0.4140792496374418E-10   3   0 0  0 0  0 0  2 1
   113  0.8617701187664990E-03   4   4 0  0 0  0 0  0 0
   114  -.8108496734130881E-01   4   3 1  0 0  0 0  0 0
   115  -.1633509113374881       4   2 2  0 0  0 0  0 0
   116  -.1261674604978568       4   1 3  0 0  0 0  0 0
   117  -.3316582583711716E-01   4   0 4  0 0  0 0  0 0
   118  -.6821838680750911E-06   4   3 0  1 0  0 0  0 0
   119  0.2291139772938669E-04   4   2 1  1 0  0 0  0 0
   120  0.5652065556084825E-04   4   1 2  1 0  0 0  0 0
   121  0.2888853046209851E-04   4   0 3  1 0  0 0  0 0
   122  0.1760360153992156E-02   4   2 0  2 0  0 0  0 0
   123  -.8105159017944899E-01   4   1 1  2 0  0 0  0 0
   124  0.3360671168045392E-01   4   0 2  2 0  0 0  0 0
   125  -.1575219761096872E-06   4   1 0  3 0  0 0  0 0
   126  0.2298846741624007E-04   4   0 1  3 0  0 0  0 0
   127  -.1449630600668229E-02   4   0 0  4 0  0 0  0 0
   128  0.2385076274434077E-04   4   3 0  0 1  0 0  0 0
   129  0.4432596518887285E-04   4   2 1  0 1  0 0  0 0
   130  0.5036726456322314E-04   4   1 2  0 1  0 0  0 0
   131  0.5338127370798109E-04   4   0 3  0 1  0 0  0 0
   132  0.8523563287428779E-01   4   2 0  1 1  0 0  0 0
   133  0.4655994474888504E-01   4   1 1  1 1  0 0  0 0
   134  0.9692681913865818E-01   4   0 2  1 1  0 0  0 0
   135  0.2276435219800352E-04   4   1 0  2 1  0 0  0 0
   136  0.2966967919874251E-04   4   0 1  2 1  0 0  0 0
   137  0.7968952454054665E-01   4   0 0  3 1  0 0  0 0
   138  -.1032683429836217E-01   4   2 0  0 2  0 0  0 0
   139  -.2978062113441986E-01   4   1 1  0 2  0 0  0 0
   140  0.1686917152569724E-01   4   0 2  0 2  0 0  0 0
   141  0.4323541290394292E-04   4   1 0  1 2  0 0  0 0
   142  0.3012454511888490E-04   4   0 1  1 2  0 0  0 0
   143  0.1400715025156309       4   0 0  2 2  0 0  0 0
   144  0.2235688460297288E-04   4   1 0  0 3  0 0  0 0
   145  0.4662332687090087E-04   4   0 1  0 3  0 0  0 0
   146  0.1037859817862229       4   0 0  1 3  0 0  0 0
   147  0.2731828639970052E-01   4   0 0  0 4  0 0  0 0
   148  -.5703651437055963E-03   4   3 0  0 0  0 1  0 0
   149  -.1230493781521431E-02   4   2 1  0 0  0 1  0 0
   150  -.7866600838607812E-03   4   1 2  0 0  0 1  0 0
   151  -.5968311982262570       4   0 3  0 0  0 1  0 0
   152  0.3513685684773647E-05   4   2 0  1 0  0 1  0 0
   153  0.2955570814045237E-05   4   1 1  1 0  0 1  0 0
   154  0.8599652571457764E-07   4   0 2  1 0  0 1  0 0
   155  -.5225057966795671E-03   4   1 0  2 0  0 1  0 0
   156  -.1917586654568901E-03   4   0 1  2 0  0 1  0 0
   157  -.1046684645393956E-04   4   0 0  3 0  0 1  0 0
   158  0.1059277180376645E-04   4   2 0  0 1  0 1  0 0
   159  0.9328386670139939E-05   4   1 1  0 1  0 1  0 0
   160  0.4487228961183288E-05   4   0 2  0 1  0 1  0 0
   161  -.9133689177768426E-03   4   1 0  1 1  0 1  0 0
   162  -.3877714145279474E-03   4   0 1  1 1  0 1  0 0
   163  -.1990662891471519E-04   4   0 0  2 1  0 1  0 0
   164  -.3408343933607691E-03   4   1 0  0 2  0 1  0 0
   165  -.5968277438305351       4   0 1  0 2  0 1  0 0
   166  -.8288049152484060E-05   4   0 0  1 2  0 1  0 0
   167  0.6897260253789132E-06   4   0 0  0 3  0 1  0 0
   168  -.5695975731755511E-03   4   3 0  0 0  0 0  1 0
   169  -.1228837840981302E-02   4   2 1  0 0  0 0  1 0
   170  -.7856014337936756E-03   4   1 2  0 0  0 0  1 0
   171  -.5960280109273648       4   0 3  0 0  0 0  1 0
   172  0.3508957132173324E-05   4   2 0  1 0  0 0  1 0
   173  0.2951593346134857E-05   4   1 1  1 0  0 0  1 0
   174  0.8588079564311363E-07   4   0 2  1 0  0 0  1 0
   175  -.5218026330033180E-03   4   1 0  2 0  0 0  1 0
   176  -.1915006056822674E-03   4   0 1  2 0  0 0  1 0
   177  -.1045276066526722E-04   4   0 0  3 0  0 0  1 0
   178  0.1057851655069297E-04   4   2 0  0 1  0 0  1 0
   179  0.9315832966990840E-05   4   1 1  0 1  0 0  1 0
   180  0.4481190259923026E-05   4   0 2  0 1  0 0  1 0
   181  -.9121397489329902E-03   4   1 0  1 1  0 0  1 0
   182  -.3872495700334501E-03   4   0 1  1 1  0 0  1 0
   183  -.1987983951168865E-04   4   0 0  2 1  0 0  1 0
   184  -.3403757144971831E-03   4   1 0  0 2  0 0  1 0
   185  -.5960245611804061       4   0 1  0 2  0 0  1 0
   186  -.8276895486536848E-05   4   0 0  1 2  0 0  1 0
   187  0.6887978245996509E-06   4   0 0  0 3  0 0  1 0
   188  0.1116117389421225E-02   4   3 0  0 0  0 0  0 1
   189  0.1601992788124101E-02   4   2 1  0 0  0 0  0 1
   190  0.7713481857964215E-03   4   1 2  0 0  0 0  0 1
   191  0.1248596811513424E-03   4   0 3  0 0  0 0  0 1
   192  -.1394738480278074E-04   4   2 0  1 0  0 0  0 1
   193  -.3782995311533428E-05   4   1 1  1 0  0 0  0 1
   194  -.4262544073641308E-06   4   0 2  1 0  0 0  0 1
   195  0.1020463566457699E-02   4   1 0  2 0  0 0  0 1
   196  0.2763046767994475E-03   4   0 1  2 0  0 0  0 1
   197  0.1391949793840577E-04   4   0 0  3 0  0 0  0 1
   198  -.9192677008364548E-05   4   2 0  0 1  0 0  0 1
   199  -.6506038153441974E-05   4   1 1  0 1  0 0  0 1
   200  -.2618534794100963E-05   4   0 2  0 1  0 0  0 1
   201  0.1225283710956045E-02   4   1 0  1 1  0 0  0 1
   202  0.3997678557312871E-03   4   0 1  1 1  0 0  0 1
   203  0.1656272392166329E-04   4   0 0  2 1  0 0  0 1
   204  0.3406909787771069E-03   4   1 0  0 2  0 0  0 1
   205  0.1229087400218441E-03   4   0 1  0 2  0 0  0 1
   206  0.6818416834082483E-05   4   0 0  1 2  0 0  0 1
   207  0.5229502676148759E-06   4   0 0  0 3  0 0  0 1
   208  -.1651671057842870E-01   4   2 0  0 0  0 2  0 0
   209  -.4375383022929635E-01   4   1 1  0 0  0 2  0 0
   210  -.2122215062912891E-01   4   0 2  0 0  0 2  0 0
   211  0.9505685163565569E-05   4   1 0  1 0  0 2  0 0
   212  0.1259823373546827E-04   4   0 1  1 0  0 2  0 0
   213  0.1651669922871826E-01   4   0 0  2 0  0 2  0 0
   214  0.1258087574512302E-04   4   1 0  0 1  0 2  0 0
   215  0.5298295771418385E-04   4   0 1  0 1  0 2  0 0
   216  0.4375381858014819E-01   4   0 0  1 1  0 2  0 0
   217  0.2094114867042979E-01   4   0 0  0 2  0 2  0 0
   218  -.1102101116820345E-01   4   2 0  0 0  0 1  1 0
   219  -.4375377193537600E-01   4   1 1  0 0  0 1  1 0
   220  -.2545741181415241E-01   4   0 2  0 0  0 1  1 0
   221  0.6338800158486437E-05   4   1 0  1 0  0 1  1 0
   222  0.1258881578508308E-04   4   0 1  1 0  0 1  1 0
   223  0.1102099772153330E-01   4   0 0  2 0  0 1  1 0
   224  0.1257343262856073E-04   4   1 0  0 1  0 1  1 0
   225  0.6354797814609745E-04   4   0 1  0 1  0 1  1 0
   226  0.4375375349391257E-01   4   0 0  1 1  0 1  1 0
   227  0.2512032895361392E-01   4   0 0  0 2  0 1  1 0
   228  -.1648706738902392E-01   4   2 0  0 0  0 0  2 0
   229  -.4366550750450722E-01   4   1 1  0 0  0 0  2 0
   230  -.2117646116645093E-01   4   0 2  0 0  0 0  2 0
   231  0.9488627631245361E-05   4   1 0  1 0  0 0  2 0
   232  0.1257280890876325E-04   4   0 1  1 0  0 0  2 0
   233  0.1648705606363533E-01   4   0 0  2 0  0 0  2 0
   234  0.1255548462897760E-04   4   1 0  0 1  0 0  2 0
   235  0.5286889580971919E-04   4   0 1  0 1  0 0  2 0
   236  0.4366549588344459E-01   4   0 0  1 1  0 0  2 0
   237  0.2089606418205843E-01   4   0 0  0 2  0 0  2 0
   238  0.2202721264436601E-01   4   2 0  0 0  0 1  0 1
   239  0.4375381628842043E-01   4   1 1  0 0  0 1  0 1
   240  0.1680685235228684E-01   4   0 2  0 0  0 1  0 1
   241  -.1267440179298293E-04   4   1 0  1 0  0 1  0 1
   242  -.1258382105539320E-04   4   0 1  1 0  0 1  0 1
   243  -.2202719504118045E-01   4   0 0  2 0  0 1  0 1
   244  -.1257633463216462E-04   4   1 0  0 1  0 1  0 1
   245  -.9664532137131059E-05   4   0 1  0 1  0 1  0 1
   246  -.4375379558680189E-01   4   0 0  1 1  0 1  0 1
   247  -.1680684895722359E-01   4   0 0  0 2  0 1  0 1
   248  0.2199756945969586E-01   4   2 0  0 0  0 0  1 1
   249  0.4369493446450542E-01   4   1 1  0 0  0 0  1 1
   250  0.1678423448247067E-01   4   0 2  0 0  0 0  1 1
   251  -.1265734518037382E-04   4   1 0  1 0  0 0  1 1
   252  -.1256688634207179E-04   4   0 1  1 0  0 0  1 1
   253  -.2199755188019977E-01   4   0 0  2 0  0 0  1 1
   254  -.1255940999371877E-04   4   1 0  0 1  0 0  1 1
   255  -.9651526065254522E-05   4   0 1  0 1  0 0  1 1
   256  -.4369491379074602E-01   4   0 0  1 1  0 0  1 1
   257  -.1678423109197626E-01   4   0 0  0 2  0 0  1 1
   258  0.3994794216803699E-14   4   2 0  0 0  0 0  0 2
   259  0.5342412379958386E-14   4   1 1  0 0  0 0  0 2
   260  0.1763515024350768E-14   4   0 2  0 0  0 0  0 2
   261  -.7577680810992959E-14   4   1 0  1 0  0 0  0 2
   262  -.4295410511719012E-14   4   0 1  1 0  0 0  0 2
   263  -.3772245127178848E-15   4   0 0  2 0  0 0  0 2
   264  -.3624338931339197E-14   4   1 0  0 1  0 0  0 2
   265  -.2092499569486322E-14   4   0 1  0 1  0 0  0 2
   266  0.3836141190484507E-15   4   0 0  1 1  0 0  0 2
   267  0.3272777053299206E-15   4   0 0  0 2  0 0  0 2
   268  -.6841973820735906E-06   4   1 0  0 0  0 3  0 0
   269  -.2485473300961617       4   0 1  0 0  0 3  0 0
   270  0.1265426639904739E-06   4   0 0  1 0  0 3  0 0
   271  0.7809440231840068E-06   4   0 0  0 1  0 3  0 0
   272  -.7188108159992625E-06   4   1 0  0 0  0 2  1 0
   273  -.1491687806350989       4   0 1  0 0  0 2  1 0
   274  -.1361028627621404E-07   4   0 0  1 0  0 2  1 0
   275  0.8527273468121448E-06   4   0 0  0 1  0 2  1 0
   276  -.7187390855437511E-06   4   1 0  0 0  0 1  2 0
   277  -.1493687138898143       4   0 1  0 0  0 1  2 0
   278  -.1332771315585114E-07   4   0 0  1 0  0 1  2 0
   279  0.8525803214017230E-06   4   0 0  0 1  0 1  2 0
   280  -.6823332219724527E-06   4   1 0  0 0  0 0  3 0
   281  -.2479453683928950       4   0 1  0 0  0 0  3 0
   282  0.1262963671611466E-06   4   0 0  1 0  0 0  3 0
   283  0.7787945796758009E-06   4   0 0  0 1  0 0  3 0
   284  0.6668793340153458E-06   4   1 0  0 0  0 2  0 1
   285  0.2382260504440455E-07   4   0 1  0 0  0 2  0 1
   286  -.1966664759573463E-06   4   0 0  1 0  0 2  0 1
   287  -.7448928877690718E-06   4   0 0  0 1  0 2  0 1
   288  0.7014453588951783E-06   4   1 0  0 0  0 1  1 1
   289  0.9168074029382061E-08   4   0 1  0 0  0 1  1 1
   290  -.5670186919230475E-07   4   0 0  1 0  0 1  1 1
   291  -.8160582933352994E-06   4   0 0  0 1  0 1  1 1
   292  0.6655098930972796E-06   4   1 0  0 0  0 0  2 1
   293  0.2378437670768654E-07   4   0 1  0 0  0 0  2 1
   294  -.1963636581534264E-06   4   0 0  1 0  0 0  2 1
   295  -.7433413396259221E-06   4   0 0  0 1  0 0  2 1
   296  -.2048140219603422E-04   4   0 0  0 0  0 4  0 0
   297  -.1170549925820437E-04   4   0 0  0 0  0 3  1 0
   298  -.1053876337667550E-04   4   0 0  0 0  0 2  2 0
   299  -.1173060500418074E-04   4   0 0  0 0  0 1  3 0
   300  -.2041843397591388E-04   4   0 0  0 0  0 0  4 0
   301  -.7734791021484714E-11   4   0 0  0 0  0 3  0 1
   302  0.2443718012048562E-10   4   0 0  0 0  0 2  1 1
   303  0.2437225785200616E-10   4   0 0  0 0  0 1  2 1
   304  -.7735598406475538E-11   4   0 0  0 0  0 0  3 1
   ----------------------------------------------------
     I  COEFFICIENT            ORDER EXPONENTS
     1  0.7974969413439617E-08   0   0 0  0 0  0 0  0 0
     2  -.8784758308933849E-05   1   1 0  0 0  0 0  0 0
     3  0.9999944976778118       1   0 1  0 0  0 0  0 0
     4  -.1025888506477401E-04   1   0 0  1 0  0 0  0 0
     5  -.5707097428950370E-05   1   0 0  0 1  0 0  0 0
     6  0.4024826732298719E-08   1   0 0  0 0  0 1  0 0
     7  0.4019410310171505E-08   1   0 0  0 0  0 0  1 0
     8  -.6926754035378343E-10   1   0 0  0 0  0 0  0 1
     9  -.1660963090192821       2   2 0  0 0  0 0  0 0
    10  -.1760536818463398       2   1 1  0 0  0 0  0 0
    11  -.4812181398191326E-01   2   0 2  0 0  0 0  0 0
    12  0.9544634896957819E-04   2   1 0  1 0  0 0  0 0
    13  0.5061963360938814E-04   2   0 1  1 0  0 0  0 0
    14  0.1660963383098904       2   0 0  2 0  0 0  0 0
    15  0.5057659738803516E-04   2   1 0  0 1  0 0  0 0
    16  0.2766714861942385E-04   2   0 1  0 1  0 0  0 0
    17  0.1760537418308099       2   0 0  1 1  0 0  0 0
    18  0.4812183058860509E-01   2   0 0  0 2  0 0  0 0
    19  -.3644846111822595E-11   2   1 0  0 0  0 1  0 0
    20  0.2753011331681515E-05   2   0 1  0 0  0 1  0 0
    21  -.2946405345105682E-11   2   0 0  1 0  0 1  0 0
    22  0.2843400271151053E-05   2   0 0  0 1  0 1  0 0
    23  -.3639941034238186E-11   2   1 0  0 0  0 0  1 0
    24  0.2749306458698141E-05   2   0 1  0 0  0 0  1 0
    25  -.2942440217911469E-11   2   0 0  1 0  0 0  1 0
    26  0.2839573757070966E-05   2   0 0  0 1  0 0  1 0
    27  -.8784751095785827E-05   2   1 0  0 0  0 0  0 1
    28  -.5502318206795525E-05   2   0 1  0 0  0 0  0 1
    29  -.1025887951104763E-04   2   0 0  1 0  0 0  0 1
    30  -.5682974048146966E-05   2   0 0  0 1  0 0  0 1
    31  -.1004176264648413E-08   2   0 0  0 0  0 2  0 0
    32  0.2008351656909494E-08   2   0 0  0 0  0 1  1 0
    33  -.1004176263858455E-08   2   0 0  0 0  0 0  2 0
    34  0.2546791663516400E-15   2   0 0  0 0  0 1  0 1
    35  0.2543364325398826E-15   2   0 0  0 0  0 0  1 1
    36  0.2936935765014762E-02   3   3 0  0 0  0 0  0 0
    37  0.4353783901771797E-02   3   2 1  0 0  0 0  0 0
    38  0.2158542976860545E-02   3   1 2  0 0  0 0  0 0
    39  0.3577007849975137E-03   3   0 3  0 0  0 0  0 0
    40  -.6754566217357469E-06   3   2 0  1 0  0 0  0 0
    41  0.4098613593569289E-04   3   1 1  1 0  0 0  0 0
    42  0.1934150129329282E-04   3   0 2  1 0  0 0  0 0
    43  0.2936940798941890E-02   3   1 0  2 0  0 0  0 0
    44  0.8959115108333333E-03   3   0 1  2 0  0 0  0 0
    45  0.1010895953192583E-05   3   0 0  3 0  0 0  0 0
    46  0.2046151670134436E-04   3   2 0  0 1  0 0  0 0
    47  0.4890550908334335E-04   3   1 1  0 1  0 0  0 0
    48  0.1658408042693689E-04   3   0 2  0 1  0 0  0 0
    49  0.3744920203403463E-02   3   1 0  1 1  0 0  0 0
    50  0.1356868864110868E-02   3   0 1  1 1  0 0  0 0
    51  -.1905908931341812E-04   3   0 0  2 1  0 0  0 0
    52  0.1088367157383632E-02   3   1 0  0 2  0 0  0 0
    53  0.4298631697030573E-03   3   0 1  0 2  0 0  0 0
    54  -.1846544783145626E-04   3   0 0  1 2  0 0  0 0
    55  -.7247299720248060E-05   3   0 0  0 3  0 0  0 0
    56  -.7179612620593384E-07   3   2 0  0 0  0 1  0 0
    57  0.8808603787165345E-01   3   1 1  0 0  0 1  0 0
    58  0.4815419233094925E-01   3   0 2  0 0  0 1  0 0
    59  0.1151812073980152E-06   3   1 0  1 0  0 1  0 0
    60  -.2528766010219780E-04   3   0 1  1 0  0 1  0 0
    61  0.6984126644098267E-07   3   0 0  2 0  0 1  0 0
    62  -.2523673828844033E-04   3   1 0  0 1  0 1  0 0
    63  -.2765929474220037E-04   3   0 1  0 1  0 1  0 0
    64  -.8808608438366605E-01   3   0 0  1 1  0 1  0 0
    65  -.4815422356602005E-01   3   0 0  0 2  0 1  0 0
    66  -.7169950636861813E-07   3   2 0  0 0  0 0  1 0
    67  0.8796749583323701E-01   3   1 1  0 0  0 0  1 0
    68  0.4808938868833875E-01   3   0 2  0 0  0 0  1 0
    69  0.1150262019574200E-06   3   1 0  1 0  0 0  1 0
    70  -.2525362916099840E-04   3   0 1  1 0  0 0  1 0
    71  0.6974727737206386E-07   3   0 0  2 0  0 0  1 0
    72  -.2520277587541804E-04   3   1 0  0 1  0 0  1 0
    73  -.2762207216687377E-04   3   0 1  0 1  0 0  1 0
    74  -.8796754228265574E-01   3   0 0  1 1  0 0  1 0
    75  -.4808941988137489E-01   3   0 0  0 2  0 0  1 0
    76  -.1660961559891516       3   2 0  0 0  0 0  0 1
    77  -.1760535235630380       3   1 1  0 0  0 0  0 1
    78  -.4812176636662518E-01   3   0 2  0 0  0 0  0 1
    79  0.9522010075132035E-04   3   1 0  1 0  0 0  0 1
    80  0.5054070165120347E-04   3   0 1  1 0  0 0  0 1
    81  0.1660962019040002       3   0 0  2 0  0 0  0 1
    82  0.5044886109885699E-04   3   1 0  0 1  0 0  0 1
    83  0.2761837485850527E-04   3   0 1  0 1  0 0  0 1
    84  0.1760536317048352       3   0 0  1 1  0 0  0 1
    85  0.4812181372744377E-01   3   0 0  0 2  0 0  0 1
    86  -.1031818856592850E-10   3   1 0  0 0  0 2  0 0
    87  -.2064304364722894E-05   3   0 1  0 0  0 2  0 0
    88  -.1503435159547352E-11   3   0 0  1 0  0 2  0 0
    89  -.2132072768191608E-05   3   0 0  0 1  0 2  0 0
    90  -.1414943056748955E-10   3   1 0  0 0  0 1  1 0
    91  -.1377439785676557E-05   3   0 1  0 0  0 1  1 0
    92  -.1885239720359844E-11   3   0 0  1 0  0 1  1 0
    93  -.1422653630485017E-05   3   0 0  0 1  0 1  1 0
    94  -.1029482262552630E-10   3   1 0  0 0  0 0  2 0
    95  -.2060599474365281E-05   3   0 1  0 0  0 0  2 0
    96  -.1500258247915714E-11   3   0 0  1 0  0 0  2 0
    97  -.2128246255101322E-05   3   0 0  0 1  0 0  2 0
    98  0.1320621772373147E-10   3   1 0  0 0  0 1  0 1
    99  0.2753020351542893E-05   3   0 1  0 0  0 1  0 1
   100  0.2829412899739389E-11   3   0 0  1 0  0 1  0 1
   101  0.2843400428007112E-05   3   0 0  0 1  0 1  0 1
   102  0.1318844543257269E-10   3   1 0  0 0  0 0  1 1
   103  0.2749315466499160E-05   3   0 1  0 0  0 0  1 1
   104  0.2825605202220101E-11   3   0 0  1 0  0 0  1 1
   105  0.2839573913715921E-05   3   0 0  0 1  0 0  1 1
   106  0.2428477131283603E-09   3   0 0  0 0  0 3  0 0
   107  -.7888210626834573E-09   3   0 0  0 0  0 2  1 0
   108  -.7867391655283571E-09   3   0 0  0 0  0 1  2 0
   109  0.2428875588076124E-09   3   0 0  0 0  0 0  3 0
   110  0.2464994974569061E-09   3   0 0  0 0  0 2  0 1
   111  0.2726043713995484E-09   3   0 0  0 0  0 1  1 1
   112  0.2459843408731784E-09   3   0 0  0 0  0 0  2 1
   113  0.4118612422872430E-02   4   4 0  0 0  0 0  0 0
   114  0.9674245942573880E-02   4   3 1  0 0  0 0  0 0
   115  0.1331809619343548       4   2 2  0 0  0 0  0 0
   116  0.4744283788846535E-01   4   1 3  0 0  0 0  0 0
   117  -.1151587546426680E-01   4   0 4  0 0  0 0  0 0
   118  -.1557617125717761E-05   4   3 0  1 0  0 0  0 0
   119  -.3489499891580373E-05   4   2 1  1 0  0 0  0 0
   120  -.2623692445486047E-04   4   1 2  1 0  0 0  0 0
   121  0.1214289810332203E-04   4   0 3  1 0  0 0  0 0
   122  0.8469482842181237E-02   4   2 0  2 0  0 0  0 0
   123  0.9892662513843627E-02   4   1 1  2 0  0 0  0 0
   124  0.4444565896103539E-01   4   0 2  2 0  0 0  0 0
   125  -.4806940336224832E-05   4   1 0  3 0  0 0  0 0
   126  -.3060354742543963E-05   4   0 1  3 0  0 0  0 0
   127  -.6931179779855104E-02   4   0 0  4 0  0 0  0 0
   128  -.8307727080325407E-06   4   3 0  0 1  0 0  0 0
   129  -.7349674022181241E-04   4   2 1  0 1  0 0  0 0
   130  -.6455484562396054E-04   4   1 2  0 1  0 0  0 0
   131  -.2791594100344943E-06   4   0 3  0 1  0 0  0 0
   132  0.1079086855851563E-01   4   2 0  1 1  0 0  0 0
   133  -.1533635277599064       4   1 1  1 1  0 0  0 0
   134  0.4779511800695707E-01   4   0 2  1 1  0 0  0 0
   135  -.9192835491164840E-05   4   1 0  2 1  0 0  0 0
   136  -.2961381533844785E-04   4   0 1  2 1  0 0  0 0
   137  -.1654066135219414E-01   4   0 0  3 1  0 0  0 0
   138  -.1211281023710452       4   2 0  0 2  0 0  0 0
   139  -.3040106141259392       4   1 1  0 2  0 0  0 0
   140  -.7096939270100912E-01   4   0 2  0 2  0 0  0 0
   141  0.1815687237607156E-04   4   1 0  1 2  0 0  0 0
   142  0.9125241666121794E-05   4   0 1  1 2  0 0  0 0
   143  -.5647290101531294E-01   4   0 0  2 2  0 0  0 0
   144  0.3679023133866477E-04   4   1 0  0 3  0 0  0 0
   145  0.2695996746191128E-04   4   0 1  0 3  0 0  0 0
   146  0.3797262791843369E-01   4   0 0  1 3  0 0  0 0
   147  0.3517383096003700E-01   4   0 0  0 4  0 0  0 0
   148  -.1468659792505219E-02   4   3 0  0 0  0 1  0 0
   149  -.4319129341191139E-02   4   2 1  0 0  0 1  0 0
   150  -.3204890857588703E-02   4   1 2  0 0  0 1  0 0
   151  -.7119869028295900E-03   4   0 3  0 0  0 1  0 0
   152  -.1678709847048300E-06   4   2 0  1 0  0 1  0 0
   153  -.6927508717784330E-05   4   1 1  1 0  0 1  0 0
   154  -.1694446715596192E-04   4   0 2  1 0  0 1  0 0
   155  -.1468654622509735E-02   4   1 0  2 0  0 1  0 0
   156  -.8361217424204120E-03   4   0 1  2 0  0 1  0 0
   157  0.2288165441450869E-06   4   0 0  3 0  0 1  0 0
   158  0.1043980370414686E-04   4   2 0  0 1  0 1  0 0
   159  -.4672642404998739E-05   4   1 1  0 1  0 1  0 0
   160  -.9897658322314680E-05   4   0 2  0 1  0 1  0 0
   161  -.3722271448974329E-02   4   1 0  1 1  0 1  0 0
   162  -.1950763461711215E-02   4   0 1  1 1  0 1  0 0
   163  0.1722375494511417E-04   4   0 0  2 1  0 1  0 0
   164  -.1647511585506974E-02   4   1 0  0 2  0 1  0 0
   165  -.8511006790327449E-03   4   0 1  0 2  0 1  0 0
   166  0.2227149756974842E-04   4   0 0  1 2  0 1  0 0
   167  0.8721664146831089E-05   4   0 0  0 3  0 1  0 0
   168  -.1466683339372042E-02   4   3 0  0 0  0 0  1 0
   169  -.4313316860477388E-02   4   2 1  0 0  0 0  1 0
   170  -.3200577866513592E-02   4   1 2  0 0  0 0  1 0
   171  -.7110287444105835E-03   4   0 3  0 0  0 0  1 0
   172  -.1676450718451144E-06   4   2 0  1 0  0 0  1 0
   173  -.6918186003034179E-05   4   1 1  1 0  0 0  1 0
   174  -.1692166409062855E-04   4   0 2  1 0  0 0  1 0
   175  -.1466678176334178E-02   4   1 0  2 0  0 0  1 0
   176  -.8349965291847516E-03   4   0 1  2 0  0 0  1 0
   177  0.2285086136237372E-06   4   0 0  3 0  0 0  1 0
   178  0.1042575430833270E-04   4   2 0  0 1  0 0  1 0
   179  -.4666354183064204E-05   4   1 1  0 1  0 0  1 0
   180  -.9884338520205048E-05   4   0 2  0 1  0 0  1 0
   181  -.3717262191483234E-02   4   1 0  1 1  0 0  1 0
   182  -.1948138216180930E-02   4   0 1  1 1  0 0  1 0
   183  0.1720057602743654E-04   4   0 0  2 1  0 0  1 0
   184  -.1645294442059890E-02   4   1 0  0 2  0 0  1 0
   185  -.8499553078497099E-03   4   0 1  0 2  0 0  1 0
   186  0.2224152563793844E-04   4   0 0  1 2  0 0  1 0
   187  0.8709926942260075E-05   4   0 0  0 3  0 0  1 0
   188  0.5872459941506216E-02   4   3 0  0 0  0 0  0 1
   189  0.8704966621321985E-02   4   2 1  0 0  0 0  0 1
   190  0.4320974717285864E-02   4   1 2  0 0  0 0  0 1
   191  0.7217284228472314E-03   4   0 3  0 0  0 0  0 1
   192  -.1548318060773817E-08   4   2 0  1 0  0 0  0 1
   193  0.2788289579969460E-04   4   1 1  1 0  0 0  0 1
   194  0.1658128919816647E-04   4   0 2  1 0  0 0  0 1
   195  0.5872459495718648E-02   4   1 0  2 0  0 0  0 1
   196  0.1695294959488917E-02   4   0 1  2 0  0 0  0 1
   197  -.1264958118989850E-08   4   0 0  3 0  0 0  0 1
   198  0.4047359665362937E-07   4   2 0  0 1  0 0  0 1
   199  0.1119950341329466E-04   4   1 1  0 1  0 0  0 1
   200  0.4951701113145603E-05   4   0 2  0 1  0 0  0 1
   201  0.7392308356572861E-02   4   1 0  1 1  0 0  0 1
   202  0.2556854396473181E-02   4   0 1  1 1  0 0  0 1
   203  -.2784563780909572E-04   4   0 0  2 1  0 0  0 1
   204  0.2144825172937285E-02   4   1 0  0 2  0 0  0 1
   205  0.8177129668517260E-03   4   0 1  0 2  0 0  0 1
   206  -.2408883321279282E-04   4   0 0  1 2  0 0  0 1
   207  -.6874313351092643E-05   4   0 0  0 3  0 0  0 1
   208  -.1622889023357153E-06   4   2 0  0 0  0 2  0 0
   209  -.6604995977622410E-01   4   1 1  0 0  0 2  0 0
   210  -.4815428062910225E-01   4   0 2  0 0  0 2  0 0
   211  0.6559646208030277E-07   4   1 0  1 0  0 2  0 0
   212  0.1899470941898296E-04   4   0 1  1 0  0 2  0 0
   213  0.6317508270642218E-07   4   0 0  2 0  0 2  0 0
   214  0.1899582761020647E-04   4   1 0  0 1  0 2  0 0
   215  0.2768497001039228E-04   4   0 1  0 1  0 2  0 0
   216  0.6604982821382029E-01   4   0 0  1 1  0 2  0 0
   217  0.4815424707150605E-01   4   0 0  0 2  0 2  0 0
   218  -.1851588404023202E-06   4   2 0  0 0  0 1  1 0
   219  -.4407279985231285E-01   4   1 1  0 0  0 1  1 0
   220  -.4815421336912205E-01   4   0 2  0 0  0 1  1 0
   221  0.8263680461107553E-07   4   1 0  1 0  0 1  1 0
   222  0.1266120430887538E-04   4   0 1  1 0  0 1  1 0
   223  0.7893025738073648E-07   4   0 0  2 0  0 1  1 0
   224  0.1266929202173648E-04   4   1 0  0 1  0 1  1 0
   225  0.2766923409016867E-04   4   0 1  0 1  0 1  1 0
   226  0.4407263710071730E-01   4   0 0  1 1  0 1  1 0
   227  0.4815417022909137E-01   4   0 0  0 2  0 1  1 0
   228  -.1619459125712359E-06   4   2 0  0 0  0 0  2 0
   229  -.6593141730470319E-01   4   1 1  0 0  0 0  2 0
   230  -.4805707503220284E-01   4   0 2  0 0  0 0  2 0
   231  0.6545258105534951E-07   4   1 0  1 0  0 0  2 0
   232  0.1896062780825652E-04   4   0 1  1 0  0 0  2 0
   233  0.6303695434446575E-07   4   0 0  2 0  0 0  2 0
   234  0.1896173905266406E-04   4   1 0  0 1  0 0  2 0
   235  0.2762909490696900E-04   4   0 1  0 1  0 0  2 0
   236  0.6593128602886152E-01   4   0 0  1 1  0 0  2 0
   237  0.4805704154879489E-01   4   0 0  0 2  0 0  2 0
   238  0.2596419544989480E-06   4   2 0  0 0  0 1  0 1
   239  0.8808633277236654E-01   4   1 1  0 0  0 1  0 1
   240  0.4815426011042024E-01   4   0 2  0 0  0 1  0 1
   241  -.1049301966309052E-06   4   1 0  1 0  0 1  0 1
   242  -.2532351925367523E-04   4   0 1  1 0  0 1  0 1
   243  -.1010556407657054E-06   4   0 0  2 0  0 1  0 1
   244  -.2532460873703562E-04   4   1 0  0 1  0 1  0 1
   245  -.2767291467781754E-04   4   0 1  0 1  0 1  0 1
   246  -.8808615326857151E-01   4   0 0  1 1  0 1  0 1
   247  -.4815422179175105E-01   4   0 0  0 2  0 1  0 1
   248  0.2592925406098241E-06   4   2 0  0 0  0 0  1 1
   249  0.8796779033708656E-01   4   1 1  0 0  0 0  1 1
   250  0.4808945637659531E-01   4   0 2  0 0  0 0  1 1
   251  -.1047889865174608E-06   4   1 0  1 0  0 0  1 1
   252  -.2528944005491976E-04   4   0 1  1 0  0 0  1 1
   253  -.1009196448352395E-06   4   0 0  2 0  0 0  1 1
   254  -.2529052807210479E-04   4   1 0  0 1  0 0  1 1
   255  -.2763567377342344E-04   4   0 1  0 1  0 0  1 1
   256  -.8796761107485918E-01   4   0 0  1 1  0 0  1 1
   257  -.4808941810949354E-01   4   0 0  0 2  0 0  1 1
   258  0.2957467844820873E-13   4   2 0  0 0  0 0  0 2
   259  0.3421631880736954E-13   4   1 1  0 0  0 0  0 2
   260  0.9968249110255547E-14   4   0 2  0 0  0 0  0 2
   261  -.3273571955119783E-13   4   1 0  1 0  0 0  0 2
   262  -.1547028546674245E-13   4   0 1  1 0  0 0  0 2
   263  0.2295769846473785E-13   4   0 0  2 0  0 0  0 2
   264  -.1922791452405345E-13   4   1 0  0 1  0 0  0 2
   265  -.9484263946552905E-14   4   0 1  0 1  0 0  0 2
   266  0.2720266121831481E-13   4   0 0  1 1  0 0  0 2
   267  0.8051166131319809E-14   4   0 0  0 2  0 0  0 2
   268  -.3888325837057681E-05   4   1 0  0 0  0 3  0 0
   269  -.2151787092065107E-05   4   0 1  0 0  0 3  0 0
   270  -.1129933667790046E-05   4   0 0  1 0  0 3  0 0
   271  0.3382796642480830E-06   4   0 0  0 1  0 3  0 0
   272  -.2333637592619234E-05   4   1 0  0 0  0 2  1 0
   273  -.2277103097042623E-05   4   0 1  0 0  0 2  1 0
   274  -.6781432923431598E-06   4   0 0  1 0  0 2  1 0
   275  -.8341123816726293E-07   4   0 0  0 1  0 2  1 0
   276  -.2336765368939931E-05   4   1 0  0 0  0 1  2 0
   277  -.2276844285060120E-05   4   0 1  0 0  0 1  2 0
   278  -.6790522200842835E-06   4   0 0  1 0  0 1  2 0
   279  -.8256091951522070E-07   4   0 0  0 1  0 1  2 0
   280  -.3878908616726658E-05   4   1 0  0 0  0 0  3 0
   281  -.2145913287098021E-05   4   0 1  0 0  0 0  3 0
   282  -.1127197059383490E-05   4   0 0  1 0  0 0  3 0
   283  0.3376528533417990E-06   4   0 0  0 1  0 0  3 0
   284  0.4666201296825992E-05   4   1 0  0 0  0 2  0 1
   285  0.2089089238671248E-05   4   0 1  0 0  0 2  0 1
   286  0.1355981364585614E-05   4   0 0  1 0  0 2  0 1
   287  -.5492680256677169E-06   4   0 0  0 1  0 2  0 1
   288  0.3113601148494760E-05   4   1 0  0 0  0 1  1 1
   289  0.2214234233734167E-05   4   0 1  0 0  0 1  1 1
   290  0.9047982438794427E-06   4   0 0  1 0  0 1  1 1
   291  -.1281439133436840E-06   4   0 0  0 1  0 1  1 1
   292  0.4657826674187807E-05   4   1 0  0 0  0 0  2 1
   293  0.2084787934846786E-05   4   0 1  0 0  0 0  2 1
   294  0.1353547731351823E-05   4   0 0  1 0  0 0  2 1
   295  -.5484426216254729E-06   4   0 0  0 1  0 0  2 1
   296  -.3387705767337483E-09   4   0 0  0 0  0 4  0 0
   297  -.5396724916370912E-10   4   0 0  0 0  0 3  1 0
   298  -.1890971380574932E-09   4   0 0  0 0  0 2  2 0
   299  -.5455067167980845E-10   4   0 0  0 0  0 1  3 0
   300  -.3378229022867772E-09   4   0 0  0 0  0 0  4 0
   301  0.2634123766063765E-10   4   0 0  0 0  0 3  0 1
   302  0.2987969027651978E-09   4   0 0  0 0  0 2  1 1
   303  0.2982468441805956E-09   4   0 0  0 0  0 1  2 1
   304  0.2608728178054526E-10   4   0 0  0 0  0 0  3 1
   ----------------------------------------------------
     I  COEFFICIENT            ORDER EXPONENTS
     1  -.2177697551373564E-04   0   0 0  0 0  0 0  0 0
     2  -.2449027317106093E-05   1   1 0  0 0  0 0  0 0
     3  -.1265958193609941E-05   1   0 1  0 0  0 0  0 0
     4   1.000001481826978       1   0 0  1 0  0 0  0 0
     5  0.7950309217984641       1   0 0  0 1  0 0  0 0
     6  0.2903875896877803E-10   1   0 0  0 0  0 1  0 0
     7  0.2899967999427802E-10   1   0 0  0 0  0 0  1 0
     8  -.5803840779562275E-10   1   0 0  0 0  0 0  0 1
     9  0.1267476129847704E-04   2   2 0  0 0  0 0  0 0
    10  0.1258399835166107E-04   2   1 1  0 0  0 0  0 0
    11  0.3221703799601033E-05   2   0 2  0 0  0 0  0 0
    12  0.8804954753579705E-01   2   1 0  1 0  0 0  0 0
    13  0.4372439803978221E-01   2   0 1  1 0  0 0  0 0
    14  -.1272349444094963E-04   2   0 0  2 0  0 0  0 0
    15  0.4372440870691446E-01   2   1 0  0 1  0 0  0 0
    16  0.2239408220178696E-01   2   0 1  0 1  0 0  0 0
    17  -.1260747095486508E-04   2   0 0  1 1  0 0  0 0
    18  -.3213159135713198E-05   2   0 0  0 2  0 0  0 0
    19  0.1237407227681512E-05   2   1 0  0 0  0 1  0 0
    20  0.1276405609431754E-05   2   0 1  0 0  0 1  0 0
    21  -.7414124930829275E-06   2   0 0  1 0  0 1  0 0
    22  -.3977835861007329       2   0 0  0 1  0 1  0 0
    23  0.1235741983351482E-05   2   1 0  0 0  0 0  1 0
    24  0.1274687882917476E-05   2   0 1  0 0  0 0  1 0
    25  -.7404147350912925E-06   2   0 0  1 0  0 0  1 0
    26  -.3972482676974499       2   0 0  0 1  0 0  1 0
    27  -.2473149658254037E-05   2   1 0  0 0  0 0  0 1
    28  -.1285135758659443E-05   2   0 1  0 0  0 0  0 1
    29  0.1481827823024456E-05   2   0 0  1 0  0 0  0 1
    30  0.9320001909705022E-06   2   0 0  0 1  0 0  0 1
    31  -.1993585385910573E-10   2   0 0  0 0  0 2  0 0
    32  -.1232390217217403E-10   2   0 0  0 0  0 1  1 0
    33  -.1990073267784481E-10   2   0 0  0 0  0 0  2 0
    34  0.2903870477908477E-10   2   0 0  0 0  0 1  0 1
    35  0.2899962585873928E-10   2   0 0  0 0  0 0  1 1
    36  -.6845688296506647E-05   3   3 0  0 0  0 0  0 0
    37  -.7883919048607131E-05   3   2 1  0 0  0 0  0 0
    38  -.5116973706522146E-05   3   1 2  0 0  0 0  0 0
    39  -.2094545246054765E-05   3   0 3  0 0  0 0  0 0
    40  0.4619569931651959E-03   3   2 0  1 0  0 0  0 0
    41  0.5846658858115774E-03   3   1 1  1 0  0 0  0 0
    42  0.1690222586764560E-03   3   0 2  1 0  0 0  0 0
    43  0.2101963206121224E-04   3   1 0  2 0  0 0  0 0
    44  -.2093923934571027E-05   3   0 1  2 0  0 0  0 0
    45  0.5580322671665204E-03   3   0 0  3 0  0 0  0 0
    46  0.1411226620321122E-03   3   2 0  0 1  0 0  0 0
    47  0.2116086337495831E-03   3   1 1  0 1  0 0  0 0
    48  0.3975827099561540       3   0 2  0 1  0 0  0 0
    49  0.6089746621250125E-05   3   1 0  1 1  0 0  0 0
    50  -.8945096009723117E-05   3   0 1  1 1  0 0  0 0
    51  0.7938194969117614E-03   3   0 0  2 1  0 0  0 0
    52  -.5335420849967391E-05   3   1 0  0 2  0 0  0 0
    53  -.6407702592253662E-05   3   0 1  0 2  0 0  0 0
    54  0.3806858213412580E-03   3   0 0  1 2  0 0  0 0
    55  0.3975775043295370       3   0 0  0 3  0 0  0 0
    56  -.6339162066790735E-05   3   2 0  0 0  0 1  0 0
    57  -.1259033708845414E-04   3   1 1  0 0  0 1  0 0
    58  -.4835928829958608E-05   3   0 2  0 0  0 1  0 0
    59  -.4405443058490745E-01   3   1 0  1 0  0 1  0 0
    60  -.4375384080871074E-01   3   0 1  1 0  0 1  0 0
    61  0.6385868789870788E-05   3   0 0  2 0  0 1  0 0
    62  -.4375385024166890E-01   3   1 0  0 1  0 1  0 0
    63  -.3361373720011542E-01   3   0 1  0 1  0 1  0 0
    64  0.1264857131156891E-04   3   0 0  1 1  0 1  0 0
    65  0.4838211421864950E-05   3   0 0  0 2  0 1  0 0
    66  -.6330631121235626E-05   3   2 0  0 0  0 0  1 0
    67  -.1257339360616255E-04   3   1 1  0 0  0 0  1 0
    68  -.4829420864848638E-05   3   0 2  0 0  0 0  1 0
    69  -.4399514420843979E-01   3   1 0  1 0  0 0  1 0
    70  -.4369495895179747E-01   3   0 1  1 0  0 0  1 0
    71  0.6377274988608954E-05   3   0 0  2 0  0 0  1 0
    72  -.4369496837206124E-01   3   1 0  0 1  0 0  1 0
    73  -.3356850141675204E-01   3   0 1  0 1  0 0  1 0
    74  0.1263154946040428E-04   3   0 0  1 1  0 0  1 0
    75  0.4831700384950608E-05   3   0 0  0 2  0 0  1 0
    76  0.1266931234913022E-04   3   2 0  0 0  0 0  0 1
    77  0.1257645667434681E-04   3   1 1  0 0  0 0  0 1
    78  0.3219710274043800E-05   3   0 2  0 0  0 0  0 1
    79  0.8804958536753446E-01   3   1 0  1 0  0 0  0 1
    80  0.4372441185378732E-01   3   0 1  1 0  0 0  0 1
    81  -.1276525139032809E-04   3   0 0  2 0  0 0  0 1
    82  0.4372441781422180E-01   3   1 0  0 1  0 0  0 1
    83  0.2239408190923244E-01   3   0 1  0 1  0 0  0 1
    84  -.1267572614218972E-04   3   0 0  1 1  0 0  0 1
    85  -.3245022487253045E-05   3   0 0  0 2  0 0  0 1
    86  -.9278465963018320E-06   3   1 0  0 0  0 2  0 0
    87  -.1267035361428265E-05   3   0 1  0 0  0 2  0 0
    88  0.5559344342372685E-06   3   0 0  1 0  0 2  0 0
    89  0.2982711178883828       3   0 0  0 1  0 2  0 0
    90  -.6191183204306060E-06   3   1 0  0 0  0 1  1 0
    91  -.1267078714240646E-05   3   0 1  0 0  0 1  1 0
    92  0.3709552208841687E-06   3   0 0  1 0  0 1  1 0
    93  0.1990257878866738       3   0 0  0 1  0 1  1 0
    94  -.9261813540413609E-06   3   1 0  0 0  0 0  2 0
    95  -.1264477657580464E-05   3   0 1  0 0  0 0  2 0
    96  0.5549366767487940E-06   3   0 0  1 0  0 0  2 0
    97  0.2977357989121711       3   0 0  0 1  0 0  2 0
    98  0.1237405775293640E-05   3   1 0  0 0  0 1  0 1
    99  0.1286000261431383E-05   3   0 1  0 0  0 1  0 1
   100  -.7414118959751852E-06   3   0 0  1 0  0 1  0 1
   101  -.9326270706089394E-06   3   0 0  0 1  0 1  0 1
   102  0.1235740532918165E-05   3   1 0  0 0  0 0  1 1
   103  0.1284269622886640E-05   3   0 1  0 0  0 0  1 1
   104  -.7404141387871098E-06   3   0 0  1 0  0 0  1 1
   105  -.9313719850504977E-06   3   0 0  0 1  0 0  1 1
   106  -.4627913609283721E-10   3   0 0  0 0  0 3  0 0
   107  -.5373974052937409E-10   3   0 0  0 0  0 2  1 0
   108  -.5372455337972502E-10   3   0 0  0 0  0 1  2 0
   109  -.4614960414871376E-10   3   0 0  0 0  0 0  3 0
   110  0.4181149518424973E-10   3   0 0  0 0  0 2  0 1
   111  0.4985908204115263E-10   3   0 0  0 0  0 1  1 1
   112  0.4172167821147299E-10   3   0 0  0 0  0 0  2 1
   113  -.5732610652196670E-06   4   4 0  0 0  0 0  0 0
   114  0.2280333821211628E-04   4   3 1  0 0  0 0  0 0
   115  0.4037195622974775E-04   4   2 2  0 0  0 0  0 0
   116  0.2995540084582729E-04   4   1 3  0 0  0 0  0 0
   117  0.1605949737649508E-04   4   0 4  0 0  0 0  0 0
   118  -.3483070291045560E-02   4   3 0  1 0  0 0  0 0
   119  0.7691941963248741E-01   4   2 1  1 0  0 0  0 0
   120  0.1503988975084183       4   1 2  1 0  0 0  0 0
   121  0.7797427197683340E-01   4   0 3  1 0  0 0  0 0
   122  0.1640935756512720E-05   4   2 0  2 0  0 0  0 0
   123  0.2491056889299349E-04   4   1 1  2 0  0 0  0 0
   124  -.3118241919941667E-05   4   0 2  2 0  0 0  0 0
   125  -.1143113225396158E-02   4   1 0  3 0  0 0  0 0
   126  0.8246045509942646E-01   4   0 1  3 0  0 0  0 0
   127  0.3388522128448083E-06   4   0 0  4 0  0 0  0 0
   128  0.8106984721005507E-01   4   3 0  0 1  0 0  0 0
   129  0.1064668558797125       4   2 1  0 1  0 0  0 0
   130  0.1072161483713251       4   1 2  0 1  0 0  0 0
   131  0.4890122063198087E-01   4   0 3  0 1  0 0  0 0
   132  -.2344723739849251E-04   4   2 0  1 1  0 0  0 0
   133  0.1236670277088220E-04   4   1 1  1 1  0 0  0 0
   134  -.9118331955262015E-05   4   0 2  1 1  0 0  0 0
   135  0.8109523498236244E-01   4   1 0  2 1  0 0  0 0
   136  0.1530219454929608       4   0 1  2 1  0 0  0 0
   137  -.2354168835439109E-04   4   0 0  3 1  0 0  0 0
   138  0.9306467901589980E-05   4   2 0  0 2  0 0  0 0
   139  0.2724365447936532E-04   4   1 1  0 2  0 0  0 0
   140  0.5367451567824486E-04   4   0 2  0 2  0 0  0 0
   141  0.1969563071761108       4   1 0  1 2  0 0  0 0
   142  0.1743608192986010       4   0 1  1 2  0 0  0 0
   143  -.4751802289051879E-04   4   0 0  2 2  0 0  0 0
   144  0.1003562774732364       4   1 0  0 3  0 0  0 0
   145  0.7161800185239355E-01   4   0 1  0 3  0 0  0 0
   146  -.3662816030544948E-04   4   0 0  1 3  0 0  0 0
   147  0.3128771913335957E-04   4   0 0  0 4  0 0  0 0
   148  -.3486197713916486E-05   4   3 0  0 0  0 1  0 0
   149  -.2412308444838642E-05   4   2 1  0 0  0 1  0 0
   150  -.9243896601695476E-06   4   1 2  0 0  0 1  0 0
   151  0.1154711740582540E-05   4   0 3  0 0  0 1  0 0
   152  -.4747942519023002E-03   4   2 0  1 0  0 1  0 0
   153  -.8247784662243966E-03   4   1 1  1 0  0 1  0 0
   154  -.2990970074455598E-03   4   0 2  1 0  0 1  0 0
   155  -.1742845818870366E-04   4   1 0  2 0  0 1  0 0
   156  -.6901735465692664E-05   4   0 1  2 0  0 1  0 0
   157  -.5225423526303698E-03   4   0 0  3 0  0 1  0 0
   158  -.2101687440324258E-03   4   2 0  0 1  0 1  0 0
   159  -.3817376023736040E-03   4   1 1  0 1  0 1  0 0
   160  -.5968153882279269       4   0 2  0 1  0 1  0 0
   161  -.3203339780368483E-04   4   1 0  1 1  0 1  0 0
   162  -.5399221789008713E-05   4   0 1  1 1  0 1  0 0
   163  -.1148879984865170E-02   4   0 0  2 1  0 1  0 0
   164  -.7277775180900904E-05   4   1 0  0 2  0 1  0 0
   165  0.2977036964445650E-05   4   0 1  0 2  0 1  0 0
   166  -.7406627229507085E-03   4   0 0  1 2  0 1  0 0
   167  -.5968250138610058       4   0 0  0 3  0 1  0 0
   168  -.3481506153331905E-05   4   3 0  0 0  0 0  1 0
   169  -.2409062073821751E-05   4   2 1  0 0  0 0  1 0
   170  -.9231456601298869E-06   4   1 2  0 0  0 0  1 0
   171  0.1153157783941775E-05   4   0 3  0 0  0 0  1 0
   172  -.4741552961743693E-03   4   2 0  1 0  0 0  1 0
   173  -.8236685182350798E-03   4   1 1  1 0  0 0  1 0
   174  -.2986944967888906E-03   4   0 2  1 0  0 0  1 0
   175  -.1740500379104805E-04   4   1 0  2 0  0 0  1 0
   176  -.6892447435370424E-05   4   0 1  2 0  0 0  1 0
   177  -.5218391397587353E-03   4   0 0  3 0  0 0  1 0
   178  -.2098859088415837E-03   4   2 0  0 1  0 0  1 0
   179  -.3812238778989660E-03   4   1 1  0 1  0 0  1 0
   180  -.5960122222053852       4   0 2  0 1  0 0  1 0
   181  -.3199028876660234E-04   4   1 0  1 1  0 0  1 0
   182  -.5391955770781537E-05   4   0 1  1 1  0 0  1 0
   183  -.1147333876326258E-02   4   0 0  2 1  0 0  1 0
   184  -.7267981094052108E-05   4   1 0  0 2  0 0  1 0
   185  0.2973030608401751E-05   4   0 1  0 2  0 0  1 0
   186  -.7396659739642601E-03   4   0 0  1 2  0 0  1 0
   187  -.5960218348847408       4   0 0  0 3  0 0  1 0
   188  -.1391140444774576E-07   4   3 0  0 0  0 0  0 1
   189  0.1862744427528468E-05   4   2 1  0 0  0 0  0 1
   190  0.1648043564806468E-05   4   1 2  0 0  0 0  0 1
   191  -.1297944255742930E-06   4   0 3  0 0  0 0  0 1
   192  0.9726282727048139E-03   4   2 0  1 0  0 0  0 1
   193  0.1149222872226558E-02   4   1 1  1 0  0 0  0 1
   194  0.3105259895494762E-03   4   0 2  1 0  0 0  0 1
   195  0.2785322473302227E-04   4   1 0  2 0  0 0  0 1
   196  0.5507551639432844E-05   4   0 1  2 0  0 0  0 1
   197  0.1068282195433049E-02   4   0 0  3 0  0 0  0 1
   198  0.2885060138654548E-03   4   2 0  0 1  0 0  0 1
   199  0.3926557025118795E-03   4   1 1  0 1  0 0  0 1
   200  0.1143262482090708E-03   4   0 2  0 1  0 0  0 1
   201  0.2561739563425005E-04   4   1 0  1 1  0 0  0 1
   202  0.3835001115529032E-05   4   0 1  1 1  0 0  0 1
   203  0.1539102790567464E-02   4   0 0  2 1  0 0  0 1
   204  0.4744231509681637E-05   4   1 0  0 2  0 0  0 1
   205  -.6602239603671241E-06   4   0 1  0 2  0 0  0 1
   206  0.7432307586405092E-03   4   0 0  1 2  0 0  0 1
   207  0.1213252512790786E-03   4   0 0  0 3  0 0  0 1
   208  0.4751501247603542E-05   4   2 0  0 0  0 2  0 0
   209  0.1259144143004381E-04   4   1 1  0 0  0 2  0 0
   210  0.2648334556927918E-04   4   0 2  0 0  0 2  0 0
   211  0.3303338729699429E-01   4   1 0  1 0  0 2  0 0
   212  0.4375384577622775E-01   4   0 1  1 0  0 2  0 0
   213  -.4770870944767875E-05   4   0 0  2 0  0 2  0 0
   214  0.4375385114940303E-01   4   1 0  0 1  0 2  0 0
   215  0.4188233252844696E-01   4   0 1  0 1  0 2  0 0
   216  -.1263601562166469E-04   4   0 0  1 1  0 2  0 0
   217  0.5526040299973240E-04   4   0 0  0 2  0 2  0 0
   218  0.3166922083809695E-05   4   2 0  0 0  0 1  1 0
   219  0.1258658238504330E-04   4   1 1  0 0  0 1  1 0
   220  0.3176673945396148E-04   4   0 2  0 0  0 1  1 0
   221  0.2204197834072248E-01   4   1 0  1 0  0 1  1 0
   222  0.4375379369458634E-01   4   0 1  1 0  0 1  1 0
   223  -.3191752361855974E-05   4   0 0  2 0  0 1  1 0
   224  0.4375379788012641E-01   4   1 0  0 1  0 1  1 0
   225  0.5024070872763697E-01   4   0 1  0 1  0 1  1 0
   226  -.1265723765792084E-04   4   0 0  1 1  0 1  1 0
   227  0.6627815346620504E-04   4   0 0  0 2  0 1  1 0
   228  0.4742975953939844E-05   4   2 0  0 0  0 0  2 0
   229  0.1256602724698918E-04   4   1 1  0 0  0 0  2 0
   230  0.2642633044050985E-04   4   0 2  0 0  0 0  2 0
   231  0.3297410099335535E-01   4   1 0  1 0  0 0  2 0
   232  0.4366552301587502E-01   4   0 1  1 0  0 0  2 0
   233  -.4762302876569602E-05   4   0 0  2 0  0 0  2 0
   234  0.4366552837900292E-01   4   1 0  0 1  0 0  2 0
   235  0.4179216347015458E-01   4   0 1  0 1  0 0  2 0
   236  -.1261049391055342E-04   4   0 0  1 1  0 0  2 0
   237  0.5514143914601070E-04   4   0 0  0 2  0 0  2 0
   238  -.6335614084691808E-05   4   2 0  0 0  0 1  0 1
   239  -.1258784673894228E-04   4   1 1  0 0  0 1  0 1
   240  -.4834876024535449E-05   4   0 2  0 0  0 1  0 1
   241  -.4405437721291672E-01   4   1 0  1 0  0 1  0 1
   242  -.4375382650564844E-01   4   0 1  1 0  0 1  0 1
   243  0.6366777097206266E-05   4   0 0  2 0  0 1  0 1
   244  -.4375382928752692E-01   4   1 0  0 1  0 1  0 1
   245  -.3361372676686798E-01   4   0 1  0 1  0 1  0 1
   246  0.1265839710945314E-04   4   0 0  1 1  0 1  0 1
   247  0.4862659746041083E-05   4   0 0  0 2  0 1  0 1
   248  -.6327087913843796E-05   4   2 0  0 0  0 0  1 1
   249  -.1257090660804569E-04   4   1 1  0 0  0 0  1 1
   250  -.4828369476241445E-05   4   0 2  0 0  0 0  1 1
   251  -.4399509090827456E-01   4   1 0  1 0  0 0  1 1
   252  -.4369494466798358E-01   4   0 1  1 0  0 0  1 1
   253  0.6358208988644668E-05   4   0 0  2 0  0 0  1 1
   254  -.4369494744611835E-01   4   1 0  0 1  0 0  1 1
   255  -.3356849099754519E-01   4   0 1  0 1  0 0  1 1
   256  0.1264136203519282E-04   4   0 0  1 1  0 0  1 1
   257  0.4856115807724069E-05   4   0 0  0 2  0 0  1 1
   258  -.3226543803927490E-14   4   2 0  0 0  0 0  0 2
   259  -.2885557620740521E-14   4   1 1  0 0  0 0  0 2
   260  -.5255628767483347E-15   4   0 2  0 0  0 0  0 2
   261  -.4354968268973536E-14   4   1 0  1 0  0 0  0 2
   262  -.1863839805234614E-14   4   0 1  1 0  0 0  0 2
   263  0.4194846498489430E-14   4   0 0  2 0  0 0  0 2
   264  -.5048598037773781E-15   4   1 0  0 1  0 0  0 2
   265  0.3083261250400303E-14   4   0 0  1 1  0 0  0 2
   266  0.3443040250243876E-15   4   0 0  0 2  0 0  0 2
   267  0.1265426184724463E-06   4   1 0  0 0  0 3  0 0
   268  0.7689539117653945E-06   4   0 1  0 0  0 3  0 0
   269  0.6841974240353731E-06   4   0 0  1 0  0 3  0 0
   270  -.2485472782018184       4   0 0  0 1  0 3  0 0
   271  -.1361019554167243E-07   4   1 0  0 0  0 2  1 0
   272  0.8455315901823423E-06   4   0 1  0 0  0 2  1 0
   273  0.7188103474185111E-06   4   0 0  1 0  0 2  1 0
   274  -.1491686759483637       4   0 0  0 1  0 2  1 0
   275  -.1332762269656424E-07   4   1 0  0 0  0 1  2 0
   276  0.8453749193154595E-06   4   0 1  0 0  0 1  2 0
   277  0.7187386180918103E-06   4   0 0  1 0  0 1  2 0
   278  -.1493686093097884       4   0 0  0 1  0 1  2 0
   279  0.1262963216736969E-06   4   1 0  0 0  0 0  3 0
   280  0.7668335071681122E-06   4   0 1  0 0  0 0  3 0
   281  0.6823332642626024E-06   4   0 0  1 0  0 0  3 0
   282  -.2479453166736535       4   0 0  0 1  0 0  3 0
   283  -.1966664264523248E-06   4   1 0  0 0  0 2  0 1
   284  -.7448934279829625E-06   4   0 1  0 0  0 2  0 1
   285  -.6668791595632688E-06   4   0 0  1 0  0 2  0 1
   286  -.2382210355899584E-07   4   0 0  0 1  0 2  0 1
   287  -.5670205805251533E-07   4   1 0  0 0  0 1  1 1
   288  -.8160586378203735E-06   4   0 1  0 0  0 1  1 1
   289  -.7014444940374647E-06   4   0 0  1 0  0 1  1 1
   290  -.9167449241161748E-08   4   0 0  0 1  0 1  1 1
   291  -.1963636085876987E-06   4   1 0  0 0  0 0  2 1
   292  -.7433418788809897E-06   4   0 1  0 0  0 0  2 1
   293  -.6655097195543776E-06   4   0 0  1 0  0 0  2 1
   294  -.2378387634401692E-07   4   0 0  0 1  0 0  2 1
   295  0.5958240111924069E-05   4   0 0  0 0  0 4  0 0
   296  0.3405206998034899E-05   4   0 0  0 0  0 3  1 0
   297  0.3065788970513343E-05   4   0 0  0 0  0 2  2 0
   298  0.3412510609255912E-05   4   0 0  0 0  0 1  3 0
   299  0.5939922066107259E-05   4   0 0  0 0  0 0  4 0
   300  -.1072195681652797E-10   4   0 0  0 0  0 3  0 1
   301  0.1838843541823004E-10   4   0 0  0 0  0 2  1 1
   302  0.1832970147016062E-10   4   0 0  0 0  0 1  2 1
   303  -.1071266965120823E-10   4   0 0  0 0  0 0  3 1
   ----------------------------------------------------
     I  COEFFICIENT            ORDER EXPONENTS
     1  0.2730494809083749E-07   0   0 0  0 0  0 0  0 0
     2  -.1025889810827529E-04   1   1 0  0 0  0 0  0 0
     3  -.5658860198171352E-05   1   0 1  0 0  0 0  0 0
     4  0.8784772957227334E-05   1   0 0  1 0  0 0  0 0
     5   1.000005502330139       1   0 0  0 1  0 0  0 0
     6  0.1383286707479955E-07   1   0 0  0 0  0 1  0 0
     7  0.1381425145421094E-07   1   0 0  0 0  0 0  1 0
     8  -.3421701995342486E-09   1   0 0  0 0  0 0  0 1
     9  0.4780510153189267E-04   2   2 0  0 0  0 0  0 0
    10  0.5064616398990472E-04   2   1 1  0 0  0 0  0 0
    11  0.1382522205589986E-04   2   0 2  0 0  0 0  0 0
    12  0.3321932389788935       2   1 0  1 0  0 0  0 0
    13  0.1760539804098162       2   0 1  1 0  0 0  0 0
    14  -.4808598410074868E-04   2   0 0  2 0  0 0  0 0
    15  0.1760539882319056       2   1 0  0 1  0 0  0 0
    16  0.9624377382445851E-01   2   0 1  0 1  0 0  0 0
    17  -.5095228125300349E-04   2   0 0  1 1  0 0  0 0
    18  -.1393529789818329E-04   2   0 0  0 2  0 0  0 0
    19  0.3590083787387118E-11   2   1 0  0 0  0 1  0 0
    20  0.2843405191751203E-05   2   0 1  0 0  0 1  0 0
    21  -.3127096236364648E-11   2   0 0  1 0  0 1  0 0
    22  -.2753019036488166E-05   2   0 0  0 1  0 1  0 0
    23  0.3585252427573895E-11   2   1 0  0 0  0 0  1 0
    24  0.2839578671049203E-05   2   0 1  0 0  0 0  1 0
    25  -.3122887954200740E-11   2   0 0  1 0  0 0  1 0
    26  -.2749314153235867E-05   2   0 0  0 1  0 0  1 0
    27  -.1025890560730948E-04   2   1 0  0 0  0 0  0 1
    28  -.5682984799860550E-05   2   0 1  0 0  0 0  0 1
    29  0.8784780220302910E-05   2   0 0  1 0  0 0  0 1
    30  0.5502334048984879E-05   2   0 0  0 1  0 0  0 1
    31  -.3451237201831524E-08   2   0 0  0 0  0 2  0 0
    32  0.6902475386945482E-08   2   0 0  0 0  0 1  1 0
    33  -.3451237202482231E-08   2   0 0  0 0  0 0  2 0
    34  -.2858414345156331E-15   2   0 0  0 0  0 1  0 1
    35  -.2854567613079704E-15   2   0 0  0 0  0 0  1 1
    36  0.5927337925056627E-06   3   3 0  0 0  0 0  0 0
    37  0.2198599671884451E-04   3   2 1  0 0  0 0  0 0
    38  0.2025299642653957E-04   3   1 2  0 0  0 0  0 0
    39  0.1928318534207602E-05   3   0 3  0 0  0 0  0 0
    40  0.2933846482758646E-02   3   2 0  1 0  0 0  0 0
    41  0.3741008245699446E-02   3   1 1  1 0  0 0  0 0
    42  0.1095926469353749E-02   3   0 2  1 0  0 0  0 0
    43  0.5810711101828627E-06   3   1 0  2 0  0 0  0 0
    44  -.2058246624754499E-04   3   0 1  2 0  0 0  0 0
    45  0.2936080765779102E-02   3   0 0  3 0  0 0  0 0
    46  0.8940300141367037E-03   3   2 0  0 1  0 0  0 0
    47  0.1354501954988124E-02   3   1 1  0 1  0 0  0 0
    48  0.4401324377316442E-03   3   0 2  0 1  0 0  0 0
    49  -.4110187248835704E-04   3   1 0  1 1  0 0  0 0
    50  -.2853017381976039E-04   3   0 1  1 1  0 0  0 0
    51  0.4352207695903625E-02   3   0 0  2 1  0 0  0 0
    52  -.1937637220625478E-04   3   1 0  0 2  0 0  0 0
    53  -.1094245390865099E-04   3   0 1  0 2  0 0  0 0
    54  0.2148791441380539E-02   3   0 0  1 2  0 0  0 0
    55  0.3575037727206941E-03   3   0 0  0 3  0 0  0 0
    56  0.1676068153783163E-07   3   2 0  0 0  0 1  0 0
    57  -.2531398454079202E-04   3   1 1  0 0  0 1  0 0
    58  -.1383497259594081E-04   3   0 2  0 0  0 1  0 0
    59  -.1418760201982649E-06   3   1 0  1 0  0 1  0 0
    60  -.8808631501374688E-01   3   0 1  1 0  0 1  0 0
    61  0.1319359275846301E-06   3   0 0  2 0  0 1  0 0
    62  -.8808633107345264E-01   3   1 0  0 1  0 1  0 0
    63  -.9630860036935097E-01   3   0 1  0 1  0 1  0 0
    64  0.2563165799952867E-04   3   0 0  1 1  0 1  0 0
    65  0.1397422516902668E-04   3   0 0  0 2  0 1  0 0
    66  0.1673812580253659E-07   3   2 0  0 0  0 0  1 0
    67  -.2527991817340380E-04   3   1 1  0 0  0 0  1 0
    68  -.1381635414184088E-04   3   0 2  0 0  0 0  1 0
    69  -.1416850900898617E-06   3   1 0  1 0  0 0  1 0
    70  -.8796777260236559E-01   3   0 1  1 0  0 0  1 0
    71  0.1317583744312068E-06   3   0 0  2 0  0 0  1 0
    72  -.8796778864045915E-01   3   1 0  0 1  0 0  1 0
    73  -.9617899279384108E-01   3   0 1  0 1  0 0  1 0
    74  0.2559716412217108E-04   3   0 0  1 1  0 0  1 0
    75  0.1395541931537661E-04   3   0 0  0 2  0 0  1 0
    76  0.4777366644541539E-04   3   2 0  0 0  0 0  0 1
    77  0.5059346905020080E-04   3   1 1  0 0  0 0  0 1
    78  0.1382267440968383E-04   3   0 2  0 0  0 0  0 1
    79  0.3321935286681456       3   1 0  1 0  0 0  0 1
    80  0.1760541039998077       3   0 1  1 0  0 0  0 1
    81  -.4834365542634314E-04   3   0 0  2 0  0 0  0 1
    82  0.1760541245928563       3   1 0  0 1  0 0  0 1
    83  0.9624383262240969E-01   3   0 1  0 1  0 0  0 1
    84  -.5121606673302302E-04   3   0 0  1 1  0 0  0 1
    85  -.1398954309190573E-04   3   0 0  0 2  0 0  0 1
    86  0.6660016237174994E-11   3   1 0  0 0  0 2  0 0
    87  -.2132072471223784E-05   3   0 1  0 0  0 2  0 0
    88  -.6190305107321813E-11   3   0 0  1 0  0 2  0 0
    89  0.2064297323743278E-05   3   0 0  0 1  0 2  0 0
    90  0.7917022639362888E-11   3   1 0  0 0  0 1  1 0
    91  -.1422653813134659E-05   3   0 1  0 0  0 1  1 0
    92  -.7481321570909880E-11   3   0 0  1 0  0 1  1 0
    93  0.1377429347424415E-05   3   0 0  0 1  0 1  1 0
    94  0.6645614071929485E-11   3   1 0  0 0  0 0  2 0
    95  -.2128245958358157E-05   3   0 1  0 0  0 0  2 0
    96  -.6176985574545718E-11   3   0 0  1 0  0 0  2 0
    97  0.2060592449955725E-05   3   0 0  0 1  0 0  2 0
    98  -.1022753668302016E-10   3   1 0  0 0  0 1  0 1
    99  0.2843399950511614E-05   3   0 1  0 0  0 1  0 1
   100  0.8425258010260212E-11   3   0 0  1 0  0 1  0 1
   101  -.2753013555028252E-05   3   0 0  0 1  0 1  0 1
   102  -.1021377294211296E-10   3   1 0  0 0  0 0  1 1
   103  0.2839573436863017E-05   3   0 1  0 0  0 0  1 1
   104  0.8413919677592447E-11   3   0 0  1 0  0 0  1 1
   105  -.2749308679130946E-05   3   0 0  0 1  0 0  1 1
   106  0.1455037043622846E-08   3   0 0  0 0  0 3  0 0
   107  -.1974725963590607E-08   3   0 0  0 0  0 2  1 0
   108  -.1967806486973729E-08   3   0 0  0 0  0 1  2 0
   109  0.1453426823583476E-08   3   0 0  0 0  0 0  3 0
   110  0.2848133103925938E-09   3   0 0  0 0  0 2  0 1
   111  0.2587259358871709E-09   3   0 0  0 0  0 1  1 1
   112  0.2842559312423328E-09   3   0 0  0 0  0 0  2 1
   113  -.3153162739199986E-05   4   4 0  0 0  0 0  0 0
   114  -.7462290299406235E-05   4   3 1  0 0  0 0  0 0
   115  -.1861284220880302E-04   4   2 2  0 0  0 0  0 0
   116  0.1002326461860756E-04   4   1 3  0 0  0 0  0 0
   117  0.9987832862515046E-05   4   0 4  0 0  0 0  0 0
   118  -.1669081792093314E-01   4   3 0  1 0  0 0  0 0
   119  -.3021315819314409E-01   4   2 1  1 0  0 0  0 0
   120  0.6465199680777582E-01   4   1 2  1 0  0 0  0 0
   121  0.1282886583279815       4   0 3  1 0  0 0  0 0
   122  0.1259708189973877E-06   4   2 0  2 0  0 0  0 0
   123  -.8234087266644200E-07   4   1 1  2 0  0 0  0 0
   124  -.3587657005444903E-04   4   0 2  2 0  0 0  0 0
   125  -.5408766516764566E-02   4   1 0  3 0  0 0  0 0
   126  -.2885008598943215E-02   4   0 1  3 0  0 0  0 0
   127  0.2907487914270260E-07   4   0 0  4 0  0 0  0 0
   128  -.9771651052029290E-02   4   3 0  0 1  0 0  0 0
   129  -.1009219295486246       4   2 1  0 1  0 0  0 0
   130  0.3305997913370252E-01   4   1 2  0 1  0 0  0 0
   131  0.9400395474212639E-01   4   0 3  0 1  0 0  0 0
   132  -.9474207201141362E-07   4   2 0  1 1  0 0  0 0
   133  -.4812606914434272E-04   4   1 1  1 1  0 0  0 0
   134  -.8887430718514149E-04   4   0 2  1 1  0 0  0 0
   135  -.9549850027676079E-02   4   1 0  2 1  0 0  0 0
   136  -.2542998910980522       4   0 1  2 1  0 0  0 0
   137  -.6516806781568680E-06   4   0 0  3 1  0 0  0 0
   138  0.1197618168983976E-04   4   2 0  0 2  0 0  0 0
   139  0.1264556643895053E-04   4   1 1  0 2  0 0  0 0
   140  -.2084879777080739E-04   4   0 2  0 2  0 0  0 0
   141  -.8872433385748106E-01   4   1 0  1 2  0 0  0 0
   142  -.2231636707385674       4   0 1  1 2  0 0  0 0
   143  0.3502634812841666E-04   4   0 0  2 2  0 0  0 0
   144  0.4288108754212034E-01   4   1 0  0 3  0 0  0 0
   145  -.6234571334165028E-03   4   0 1  0 3  0 0  0 0
   146  0.1222826500459390E-04   4   0 0  1 3  0 0  0 0
   147  -.3562106385146157E-05   4   0 0  0 4  0 0  0 0
   148  0.1296330622872201E-06   4   3 0  0 0  0 1  0 0
   149  -.3613973762906708E-05   4   2 1  0 0  0 1  0 0
   150  -.1733410127179229E-04   4   1 2  0 0  0 1  0 0
   151  -.5289580417543886E-05   4   0 3  0 0  0 1  0 0
   152  -.1470571139737891E-02   4   2 0  1 0  0 1  0 0
   153  -.3627706431150612E-02   4   1 1  1 0  0 1  0 0
   154  -.1546960143392811E-02   4   0 2  1 0  0 1  0 0
   155  0.1286584501602816E-06   4   1 0  2 0  0 1  0 0
   156  0.3127641027191306E-04   4   0 1  2 0  0 1  0 0
   157  -.1469207165744133E-02   4   0 0  3 0  0 1  0 0
   158  -.8845294703091432E-03   4   2 0  0 1  0 1  0 0
   159  -.1950681548956894E-02   4   1 1  0 1  0 1  0 0
   160  -.8105265209270809E-03   4   0 2  0 1  0 1  0 0
   161  0.3474578405829249E-04   4   1 0  1 1  0 1  0 0
   162  0.7453671664652227E-04   4   0 1  1 1  0 1  0 0
   163  -.4463219776771366E-02   4   0 0  2 1  0 1  0 0
   164  0.2266027507710732E-04   4   1 0  0 2  0 1  0 0
   165  0.3213543323491201E-04   4   0 1  0 2  0 1  0 0
   166  -.3344635983852783E-02   4   0 0  1 2  0 1  0 0
   167  -.7458972151902047E-03   4   0 0  0 3  0 1  0 0
   168  0.1294586082213897E-06   4   3 0  0 0  0 0  1 0
   169  -.3609110247337266E-05   4   2 1  0 0  0 0  1 0
   170  -.1731077385522864E-04   4   1 2  0 0  0 0  1 0
   171  -.5282461949507253E-05   4   0 3  0 0  0 0  1 0
   172  -.1468592114403675E-02   4   2 0  1 0  0 0  1 0
   173  -.3622824434803454E-02   4   1 1  1 0  0 0  1 0
   174  -.1544878317337750E-02   4   0 2  1 0  0 0  1 0
   175  0.1284853076815326E-06   4   1 0  2 0  0 0  1 0
   176  0.3123431995297529E-04   4   0 1  2 0  0 0  1 0
   177  -.1467229975981819E-02   4   0 0  3 0  0 0  1 0
   178  -.8833391122345191E-03   4   2 0  0 1  0 0  1 0
   179  -.1948056413660687E-02   4   1 1  0 1  0 0  1 0
   180  -.8094357525336072E-03   4   0 2  0 1  0 0  1 0
   181  0.3469902481961896E-04   4   1 0  1 1  0 0  1 0
   182  0.7443640864605328E-04   4   0 1  1 1  0 0  1 0
   183  -.4457213385939987E-02   4   0 0  2 1  0 0  1 0
   184  0.2262977994685034E-04   4   1 0  0 2  0 0  1 0
   185  0.3209218688335497E-04   4   0 1  0 2  0 0  1 0
   186  -.3340134930372776E-02   4   0 0  1 2  0 0  1 0
   187  -.7448934218707562E-03   4   0 0  0 3  0 0  1 0
   188  -.2445008099867695E-09   4   3 0  0 0  0 0  0 1
   189  0.1394651699492358E-04   4   2 1  0 0  0 0  0 1
   190  0.1658639821835845E-04   4   1 2  0 0  0 0  0 1
   191  0.3067678594453622E-05   4   0 3  0 0  0 0  0 1
   192  0.5872458941291011E-02   4   2 0  1 0  0 0  0 1
   193  0.7296637546942745E-02   4   1 1  1 0  0 0  0 1
   194  0.2069246986924317E-02   4   0 2  1 0  0 0  0 1
   195  -.5278588242733614E-09   4   1 0  2 0  0 0  0 1
   196  -.4174945186983630E-04   4   0 1  2 0  0 0  0 1
   197  0.5872458495489273E-02   4   0 0  3 0  0 0  0 1
   198  0.1743132593160613E-02   4   2 0  0 1  0 0  0 1
   199  0.2556857040957108E-02   4   1 1  0 1  0 0  0 1
   200  0.7924919640944963E-03   4   0 2  0 1  0 0  0 1
   201  -.5569708735838420E-04   4   1 0  1 1  0 0  0 1
   202  -.7014851663991425E-04   4   0 1  1 1  0 0  0 1
   203  0.8848472056462229E-02   4   0 0  2 1  0 0  0 1
   204  -.2409280091116038E-04   4   1 0  0 2  0 0  0 1
   205  -.2487363120609604E-04   4   0 1  0 2  0 0  0 1
   206  0.4448209206972921E-02   4   0 0  1 2  0 0  0 1
   207  0.7519427856385762E-03   4   0 0  0 3  0 0  0 1
   208  -.1838110895675262E-07   4   2 0  0 0  0 2  0 0
   209  0.1899469467267904E-04   4   1 1  0 0  0 2  0 0
   210  0.1384436911651062E-04   4   0 2  0 0  0 2  0 0
   211  -.2254690858707627E-06   4   1 0  1 0  0 2  0 0
   212  0.6604981460378508E-01   4   0 1  1 0  0 2  0 0
   213  0.4721685298382020E-07   4   0 0  2 0  0 2  0 0
   214  0.6604982822413268E-01   4   1 0  0 1  0 2  0 0
   215  0.9630857933583928E-01   4   0 1  0 1  0 2  0 0
   216  -.1909915591301303E-04   4   0 0  1 1  0 2  0 0
   217  -.1393874605190128E-04   4   0 0  0 2  0 2  0 0
   218  -.1997970441141907E-07   4   2 0  0 0  0 1  1 0
   219  0.1266125159155054E-04   4   1 1  0 0  0 1  1 0
   220  0.1383881481871467E-04   4   0 2  0 0  0 1  1 0
   221  -.2643372793051712E-06   4   1 0  1 0  0 1  1 0
   222  0.4407262486674822E-01   4   0 1  1 0  0 1  1 0
   223  0.6265417304054686E-07   4   0 0  2 0  0 1  1 0
   224  0.4407263704153795E-01   4   1 0  0 1  0 1  1 0
   225  0.9630846512485257E-01   4   0 1  0 1  0 1  1 0
   226  -.1277512821562810E-04   4   0 0  1 1  0 1  1 0
   227  -.1395952957495278E-04   4   0 0  0 2  0 1  1 0
   228  -.1834292869229671E-07   4   2 0  0 0  0 0  2 0
   229  0.1896061304992381E-04   4   1 1  0 0  0 0  2 0
   230  0.1381642620462497E-04   4   0 2  0 0  0 0  2 0
   231  -.2249877938868620E-06   4   1 0  1 0  0 0  2 0
   232  0.6593127244537404E-01   4   0 1  1 0  0 0  2 0
   233  0.4711115228958431E-07   4   0 0  2 0  0 0  2 0
   234  0.6593128603919979E-01   4   1 0  0 1  0 0  2 0
   235  0.9611416809188299E-01   4   0 1  0 1  0 0  2 0
   236  -.1906485708642656E-04   4   0 0  1 1  0 0  2 0
   237  -.1391059490586896E-04   4   0 0  0 2  0 0  2 0
   238  0.2939800804598291E-07   4   2 0  0 0  0 1  0 1
   239  -.2532351934019037E-04   4   1 1  0 0  0 1  0 1
   240  -.1384403201602534E-04   4   0 2  0 0  0 1  0 1
   241  0.3606975762724832E-06   4   1 0  1 0  0 1  0 1
   242  -.8808613711798936E-01   4   0 1  1 0  0 1  0 1
   243  -.7553220500648170E-07   4   0 0  2 0  0 1  0 1
   244  -.8808615326870137E-01   4   1 0  0 1  0 1  0 1
   245  -.9630853826832199E-01   4   0 1  0 1  0 1  0 1
   246  0.2549617723203885E-04   4   0 0  1 1  0 1  0 1
   247  0.1395096871677889E-04   4   0 0  0 2  0 1  0 1
   248  0.2935844559222766E-07   4   2 0  0 0  0 0  1 1
   249  -.2528944014131849E-04   4   1 1  0 0  0 0  1 1
   250  -.1382540137018482E-04   4   0 2  0 0  0 0  1 1
   251  0.3602121664918301E-06   4   1 0  1 0  0 0  1 1
   252  -.8796759494601186E-01   4   0 1  1 0  0 0  1 1
   253  -.7543055732469433E-07   4   0 0  2 0  0 0  1 1
   254  -.8796761107498903E-01   4   1 0  0 1  0 0  1 1
   255  -.9617893077638479E-01   4   0 1  0 1  0 0  1 1
   256  0.2546186567831317E-04   4   0 0  1 1  0 0  1 1
   257  0.1393219416056623E-04   4   0 0  0 2  0 0  1 1
   258  -.8603542459458127E-14   4   2 0  0 0  0 0  0 2
   259  -.9953837515603657E-14   4   1 1  0 0  0 0  0 2
   260  -.2899854015338993E-14   4   0 2  0 0  0 0  0 2
   261  0.9523098693031825E-14   4   1 0  1 0  0 0  0 2
   262  0.4500436072306342E-14   4   0 1  1 0  0 0  0 2
   263  -.6678603111230329E-14   4   0 0  2 0  0 0  0 2
   264  0.5593564752102553E-14   4   1 0  0 1  0 0  0 2
   265  0.2759052826411639E-14   4   0 1  0 1  0 0  0 2
   266  -.7913501390380678E-14   4   0 0  1 1  0 0  0 2
   267  -.2342157439663992E-14   4   0 0  0 2  0 0  0 2
   268  -.1129936112861882E-05   4   1 0  0 0  0 3  0 0
   269  0.3382797893150575E-06   4   0 1  0 0  0 3  0 0
   270  0.3888324681103294E-05   4   0 0  1 0  0 3  0 0
   271  0.2151786931913788E-05   4   0 0  0 1  0 3  0 0
   272  -.6781408416724077E-06   4   1 0  0 0  0 2  1 0
   273  -.8341109013002608E-07   4   0 1  0 0  0 2  1 0
   274  0.2333619091606412E-05   4   0 0  1 0  0 2  1 0
   275  0.2277096262482173E-05   4   0 0  0 1  0 2  1 0
   276  -.6790497792906522E-06   4   1 0  0 0  0 1  2 0
   277  -.8256077152489254E-07   4   0 1  0 0  0 1  2 0
   278  0.2336746902943494E-05   4   0 0  1 0  0 1  2 0
   279  0.2276837464037447E-05   4   0 0  0 1  0 1  2 0
   280  -.1127199501167491E-05   4   1 0  0 0  0 0  3 0
   281  0.3376529780566377E-06   4   0 1  0 0  0 0  3 0
   282  0.3878907475537858E-05   4   0 0  1 0  0 0  3 0
   283  0.2145913131949610E-05   4   0 0  0 1  0 0  3 0
   284  0.1355984622290005E-05   4   1 0  0 0  0 2  0 1
   285  -.5492681183492795E-06   4   0 1  0 0  0 2  0 1
   286  -.4666199852124739E-05   4   0 0  1 0  0 2  0 1
   287  -.2089088475425941E-05   4   0 0  0 1  0 2  0 1
   288  0.9047917285487465E-06   4   1 0  0 0  0 1  1 1
   289  -.1281442729836922E-06   4   0 1  0 0  0 1  1 1
   290  -.3113577073996023E-05   4   0 0  1 0  0 1  1 1
   291  -.2214226121871515E-05   4   0 0  0 1  0 1  1 1
   292  0.1353550989057911E-05   4   1 0  0 0  0 0  2 1
   293  -.5484427139400879E-06   4   0 1  0 0  0 0  2 1
   294  -.4657825247629797E-05   4   0 0  1 0  0 0  2 1
   295  -.2084787178030073E-05   4   0 0  0 1  0 0  2 1
   296  -.1055046600804095E-08   4   0 0  0 0  0 4  0 0
   297  0.6379691991825969E-09   4   0 0  0 0  0 3  1 0
   298  0.2169105823708558E-09   4   0 0  0 0  0 2  2 0
   299  0.6339823220870523E-09   4   0 0  0 0  0 1  3 0
   300  -.1052636491815244E-08   4   0 0  0 0  0 0  4 0
   301  -.2596523215223592E-10   4   0 0  0 0  0 3  0 1
   302  0.2325517140416119E-09   4   0 0  0 0  0 2  1 1
   303  0.2320299346940887E-09   4   0 0  0 0  0 1  2 1
   304  -.2606908599229511E-10   4   0 0  0 0  0 0  3 1
   ----------------------------------------------------
     I  COEFFICIENT            ORDER EXPONENTS
     1  0.5104087202947921E-08   0   0 0  0 0  0 0  0 0
     2  -.4024787117167348E-08   1   1 0  0 0  0 0  0 0
     3  -.3198046165541801E-08   1   0 1  0 0  0 0  0 0
     4  -.1383287724683455E-07   1   0 0  1 0  0 0  0 0
     5  -.1096851288164185E-07   1   0 0  0 1  0 0  0 0
     6   1.000000000000000       1   0 0  0 0  1 0  0 0
     7  0.1984899289867810       1   0 0  0 0  0 1  0 0
     8  -.1984899289867827       1   0 0  0 0  0 0  1 0
     9  0.1684346593087621E-09   2   2 0  0 0  0 0  0 0
    10  0.7415774321150613E-06   2   1 1  0 0  0 0  0 0
    11  -.1988908603813709       2   0 2  0 0  0 0  0 0
    12  -.1209158758522299E-08   2   1 0  1 0  0 0  0 0
    13  0.1236804885616783E-05   2   0 1  1 0  0 0  0 0
    14  -.1838706410819502E-09   2   0 0  2 0  0 0  0 0
    15  0.1236807082345397E-05   2   1 0  0 1  0 0  0 0
    16  0.1285692741452350E-05   2   0 1  0 1  0 0  0 0
    17  -.7415958164671557E-06   2   0 0  1 1  0 0  0 0
    18  -.1988917930975224       2   0 0  0 2  0 0  0 0
    19  0.2008312335273154E-08   2   1 0  0 0  0 1  0 0
    20  0.3182350794345149E-08   2   0 1  0 0  0 1  0 0
    21  0.6902485089204913E-08   2   0 0  1 0  0 1  0 0
    22  0.1095028857738083E-07   2   0 0  0 1  0 1  0 0
    23  -.2008352025455512E-08   2   1 0  0 0  0 0  1 0
    24  -.6335194230440905E-11   2   0 1  0 0  0 0  1 0
    25  -.6902474912674788E-08   2   0 0  1 0  0 0  1 0
    26  -.4925224688228004E-11   2   0 0  0 1  0 0  1 0
    27  0.3962746650388355E-13   2   1 0  0 0  0 0  0 1
    28  0.1811863868570615E-11   2   0 1  0 0  0 0  0 1
    29  -.1017603737764327E-13   2   0 0  1 0  0 0  0 1
    30  0.2903124597840804E-10   2   0 0  0 1  0 0  0 1
    31  -.1489676835840682       2   0 0  0 0  0 2  0 0
    32  0.9944543818135133E-01   2   0 0  0 0  0 1  1 0
    33  0.4952224540271231E-01   2   0 0  0 0  0 0  2 0
    34  -.1645203335184539E-14   2   0 0  0 0  0 1  0 1
    35  -.3175627798180442E-15   2   0 0  0 0  0 0  1 1
    36  -.1225802662325765E-06   3   3 0  0 0  0 0  0 0
    37  0.2202698140547617E-01   3   2 1  0 0  0 0  0 0
    38  0.2187678165042578E-01   3   1 2  0 0  0 0  0 0
    39  0.5602258188323859E-02   3   0 3  0 0  0 0  0 0
    40  0.1684064213384039E-06   3   2 0  1 0  0 0  0 0
    41  -.1249289339984313E-04   3   1 1  1 0  0 0  0 0
    42  -.6256354970284421E-05   3   0 2  1 0  0 0  0 0
    43  -.1225812845656948E-06   3   1 0  2 0  0 0  0 0
    44  -.2202723379207464E-01   3   0 1  2 0  0 0  0 0
    45  0.1684155181335488E-06   3   0 0  3 0  0 0  0 0
    46  -.6259260821694662E-05   3   2 0  0 1  0 0  0 0
    47  -.1249847945731284E-04   3   1 1  0 1  0 0  0 0
    48  -.4823204231846291E-05   3   0 2  0 1  0 0  0 0
    49  -.4405456215761643E-01   3   1 0  1 1  0 0  0 0
    50  -.4375388110989015E-01   3   0 1  1 1  0 0  0 0
    51  0.6625668785108318E-05   3   0 0  2 1  0 0  0 0
    52  -.2187696395530057E-01   3   1 0  0 2  0 0  0 0
    53  -.1680688286171635E-01   3   0 1  0 2  0 0  0 0
    54  0.6449296853972423E-05   3   0 0  1 2  0 0  0 0
    55  0.1630977127389472E-05   3   0 0  0 3  0 0  0 0
    56  -.1676324087656913E-09   3   2 0  0 0  0 1  0 0
    57  -.1112115675509858E-05   3   1 1  0 0  0 1  0 0
    58  0.2982692155126725       3   0 2  0 0  0 1  0 0
    59  0.1209835464982573E-08   3   1 0  1 0  0 1  0 0
    60  -.1854792296250558E-05   3   0 1  1 0  0 1  0 0
    61  0.1856488211480176E-09   3   0 0  2 0  0 1  0 0
    62  -.1854795235676532E-05   3   1 0  0 1  0 1  0 0
    63  -.2547845562736073E-05   3   0 1  0 1  0 1  0 0
    64  0.1112147280945176E-05   3   0 0  1 1  0 1  0 0
    65  0.2982711179839123       3   0 0  0 2  0 1  0 0
    66  0.1606976110169908E-11   3   2 0  0 0  0 0  1 0
    67  -.3710353385146041E-06   3   1 1  0 0  0 0  1 0
    68  0.9951193906130471E-01   3   0 2  0 0  0 0  1 0
    69  -.2558358685444837E-12   3   1 0  1 0  0 0  1 0
    70  -.6188187510934830E-06   3   0 1  1 0  0 0  1 0
    71  0.3680110918232133E-11   3   0 0  2 0  0 0  1 0
    72  -.6188199703140672E-06   3   1 0  0 1  0 0  1 0
    73  -.1271572610170419E-05   3   0 1  0 1  0 0  1 0
    74  0.3710511007532900E-06   3   0 0  1 1  0 0  1 0
    75  0.9951289399179428E-01   3   0 0  0 2  0 0  1 0
    76  0.1628056864601038E-09   3   2 0  0 0  0 0  0 1
    77  0.7415701847219266E-06   3   1 1  0 0  0 0  0 1
    78  0.4663530350721647E-06   3   0 2  0 0  0 0  0 1
    79  -.1205136453218660E-08   3   1 0  1 0  0 0  0 1
    80  0.1236807185980149E-05   3   0 1  1 0  0 0  0 1
    81  -.1884974862411619E-09   3   0 0  2 0  0 0  0 1
    82  0.1236810391823148E-05   3   1 0  0 1  0 0  0 1
    83  0.1285694617139743E-05   3   0 1  0 1  0 0  0 1
    84  -.7416019229591198E-06   3   0 0  1 1  0 0  0 1
    85  -.4663627937604315E-06   3   0 0  0 2  0 0  0 1
    86  -.1615914213910660E-08   3   1 0  0 0  0 2  0 0
    87  -.3286281180448454E-08   3   0 1  0 0  0 2  0 0
    88  -.5569950248908684E-08   3   0 0  1 0  0 2  0 0
    89  -.1117472136890139E-07   3   0 0  0 1  0 2  0 0
    90  0.8814751732007145E-09   3   1 0  0 0  0 1  1 0
    91  -.1173960970933675E-09   3   0 1  0 0  0 1  1 0
    92  0.3250719046245894E-08   3   0 0  1 0  0 1  1 0
    93  -.1241391575091902E-09   3   0 0  0 1  0 1  1 0
    94  0.4387621421294286E-09   3   1 0  0 0  0 0  2 0
    95  -.6078779217499489E-10   3   0 1  0 0  0 0  2 0
    96  0.1618335607319479E-08   3   0 0  1 0  0 0  2 0
    97  -.6945326227140486E-10   3   0 0  0 1  0 0  2 0
    98  0.4625403556369018E-10   3   1 0  0 0  0 1  0 1
    99  0.3489789134369562E-10   3   0 1  0 0  0 1  0 1
   100  0.2858809393970911E-09   3   0 0  1 0  0 1  0 1
   101  0.1210427072392600E-09   3   0 0  0 1  0 1  0 1
   102  0.4925107210320933E-10   3   1 0  0 0  0 0  1 1
   103  0.3403729795651880E-10   3   0 1  0 0  0 0  1 1
   104  0.1168491790728508E-09   3   0 0  1 0  0 0  1 1
   105  0.6165654372293683E-10   3   0 0  0 1  0 0  1 1
   106  -.2783229793644259E-15   3   1 0  0 0  0 0  0 2
   107  -.1571554342369814E-15   3   0 1  0 0  0 0  0 2
   108  0.1551013585020732E-15   3   0 0  1 0  0 0  0 2
   109  0.1006236609332381E-15   3   0 0  0 1  0 0  0 2
   110  0.1241564859096466       3   0 0  0 0  0 3  0 0
   111  -.7453413442940660E-01   3   0 0  0 0  0 2  1 0
   112  -.2491131252805239E-01   3   0 0  0 0  0 1  2 0
   113  -.2471106235508063E-01   3   0 0  0 0  0 0  3 0
   114  0.2388969727103715E-14   3   0 0  0 0  0 2  0 1
   115  0.1731225097101839E-14   3   0 0  0 0  0 1  1 1
   116  0.1058436888565031E-14   3   0 0  0 0  0 0  2 1
   117  -.1461999982530049E-02   4   4 0  0 0  0 0  0 0
   118  -.3280342986581246E-02   4   3 1  0 0  0 0  0 0
   119  -.2740260929821415E-02   4   2 2  0 0  0 0  0 0
   120  -.1013500582499671E-02   4   1 3  0 0  0 0  0 0
   121  -.1493087890538246       4   0 4  0 0  0 0  0 0
   122  0.5356336080288903E-07   4   3 0  1 0  0 0  0 0
   123  0.3635414779409069E-05   4   2 1  1 0  0 0  0 0
   124  -.3983304637556280E-05   4   1 2  1 0  0 0  0 0
   125  -.1653159273677613E-05   4   0 3  1 0  0 0  0 0
   126  -.2924017068725472E-02   4   2 0  2 0  0 0  0 0
   127  -.3232502368155559E-02   4   1 1  2 0  0 0  0 0
   128  -.8042216754820214E-03   4   0 2  2 0  0 0  0 0
   129  0.2910016311328873E-07   4   1 0  3 0  0 0  0 0
   130  -.1049780680304258E-04   4   0 1  3 0  0 0  0 0
   131  -.1462121993049448E-02   4   0 0  4 0  0 0  0 0
   132  -.3483648053075677E-05   4   3 0  0 1  0 0  0 0
   133  -.4223106364740352E-05   4   2 1  0 1  0 0  0 0
   134  -.4802727021163516E-05   4   1 2  0 1  0 0  0 0
   135  -.5346659232531481E-06   4   0 3  0 1  0 0  0 0
   136  -.3184414559489019E-02   4   2 0  1 1  0 0  0 0
   137  -.3682812332856560E-02   4   1 1  1 1  0 0  0 0
   138  -.9662773876152927E-03   4   0 2  1 1  0 0  0 0
   139  -.1740725958665982E-04   4   1 0  2 1  0 0  0 0
   140  -.1996731645778107E-04   4   0 1  2 1  0 0  0 0
   141  -.3232683451241906E-02   4   0 0  3 1  0 0  0 0
   142  -.8036094702815374E-03   4   2 0  0 2  0 0  0 0
   143  -.9741029931768905E-03   4   1 1  0 2  0 0  0 0
   144  -.2986043972648955       4   0 2  0 2  0 0  0 0
   145  -.1972761911677252E-04   4   1 0  1 2  0 0  0 0
   146  -.1423372308267185E-04   4   0 1  1 2  0 0  0 0
   147  -.2658050512906243E-02   4   0 0  2 2  0 0  0 0
   148  -.4796838190937107E-05   4   1 0  0 3  0 0  0 0
   149  -.2446493351035841E-05   4   0 1  0 3  0 0  0 0
   150  -.9662003088098753E-03   4   0 0  1 3  0 0  0 0
   151  -.1493002202749386       4   0 0  0 4  0 0  0 0
   152  0.8606063109604201E-07   4   3 0  0 0  0 1  0 0
   153  -.3303311418033918E-01   4   2 1  0 0  0 1  0 0
   154  -.4375359343898825E-01   4   1 2  0 0  0 1  0 0
   155  -.1414804116567420E-01   4   0 3  0 0  0 1  0 0
   156  -.1547458582547975E-06   4   2 0  1 0  0 1  0 0
   157  0.1874181611229378E-04   4   1 1  1 0  0 1  0 0
   158  0.1250842679603014E-04   4   0 2  1 0  0 1  0 0
   159  0.8606259429077973E-07   4   1 0  2 0  0 1  0 0
   160  0.3303345010478689E-01   4   0 1  2 0  0 1  0 0
   161  -.1547490594874673E-06   4   0 0  3 0  0 1  0 0
   162  0.9390345476873722E-05   4   2 0  0 1  0 1  0 0
   163  0.2499471210214484E-04   4   1 1  0 1  0 1  0 0
   164  0.5292538471567290E-04   4   0 2  0 1  0 1  0 0
   165  0.6606702990664057E-01   4   1 0  1 1  0 1  0 0
   166  0.8750780496727964E-01   4   0 1  1 1  0 1  0 0
   167  -.9927153347872400E-05   4   0 0  2 1  0 1  0 0
   168  0.4375394599719953E-01   4   1 0  0 2  0 1  0 0
   169  0.4188237904618596E-01   4   0 1  0 2  0 1  0 0
   170  -.1290632885866223E-04   4   0 0  1 2  0 1  0 0
   171  0.3678732918450990E-04   4   0 0  0 3  0 1  0 0
   172  0.4270469582929118E-08   4   3 0  0 0  0 0  1 0
   173  -.1102086904220719E-01   4   2 1  0 0  0 0  1 0
   174  -.2187674763549796E-01   4   1 2  0 0  0 0  1 0
   175  -.8485765455636035E-02   4   0 3  0 0  0 0  1 0
   176  -.4743245842926701E-07   4   2 0  1 0  0 0  1 0
   177  0.6195099982860010E-05   4   1 1  1 0  0 0  1 0
   178  0.6237040829587852E-05   4   0 2  1 0  0 0  1 0
   179  0.4271414397205617E-08   4   1 0  2 0  0 0  1 0
   180  0.1102101956029794E-01   4   0 1  2 0  0 0  1 0
   181  -.4742657644920949E-07   4   0 0  3 0  0 0  1 0
   182  0.3107157169476617E-05   4   2 0  0 1  0 0  1 0
   183  0.1246712181423572E-04   4   1 1  0 1  0 0  1 0
   184  0.3173354526364075E-04   4   0 2  0 1  0 0  1 0
   185  0.2204209478108531E-01   4   1 0  1 1  0 0  1 0
   186  0.4375385789978786E-01   4   0 1  1 1  0 0  1 0
   187  -.3396274932337292E-05   4   0 0  2 1  0 0  1 0
   188  0.2187695354938379E-01   4   1 0  0 2  0 0  1 0
   189  0.2512038435849852E-01   4   0 1  0 2  0 0  1 0
   190  -.6501126559412597E-05   4   0 0  1 2  0 0  1 0
   191  0.2205402520761297E-04   4   0 0  0 3  0 0  1 0
   192  -.1574861703508317E-06   4   3 0  0 0  0 0  0 1
   193  0.2202689272126659E-01   4   2 1  0 0  0 0  0 1
   194  0.2187671941932981E-01   4   1 2  0 0  0 0  0 1
   195  0.5602246768386101E-02   4   0 3  0 0  0 0  0 1
   196  0.2187981824966955E-06   4   2 0  1 0  0 0  0 1
   197  -.1241532435346337E-04   4   1 1  1 0  0 0  0 1
   198  -.6225041560519492E-05   4   0 2  1 0  0 0  0 1
   199  -.1574891297346512E-06   4   1 0  2 0  0 0  0 1
   200  -.2202725100803433E-01   4   0 1  2 0  0 0  0 1
   201  0.2187954812352646E-06   4   0 0  3 0  0 0  0 1
   202  -.6228184010165080E-05   4   2 0  0 1  0 0  0 1
   203  -.1244935641367899E-04   4   1 1  0 1  0 0  0 1
   204  -.4796242459055069E-05   4   0 2  0 1  0 0  0 1
   205  -.4405464117311160E-01   4   1 0  1 1  0 0  0 1
   206  -.4375392167703177E-01   4   0 1  1 1  0 0  0 1
   207  0.6735406593126295E-05   4   0 0  2 1  0 0  0 1
   208  -.2187699273955119E-01   4   1 0  0 2  0 0  0 1
   209  -.1680689592397647E-01   4   0 1  0 2  0 0  0 1
   210  0.6530911119422869E-05   4   0 0  1 2  0 0  0 1
   211  0.1658320466862371E-05   4   0 0  0 3  0 0  0 1
   212  -.5832174901332991E-05   4   2 0  0 0  0 2  0 0
   213  -.5142407658528611E-05   4   1 1  0 0  0 2  0 0
   214  -.3728215170258252       4   0 2  0 0  0 2  0 0
   215  -.3390920395815636E-05   4   1 0  1 0  0 2  0 0
   216  -.5194747930718815E-06   4   0 1  1 0  0 2  0 0
   217  0.5832150932970792E-05   4   0 0  2 0  0 2  0 0
   218  -.5194709569767276E-06   4   1 0  0 1  0 2  0 0
   219  0.1771645170468583E-05   4   0 1  0 1  0 2  0 0
   220  0.5142361535085763E-05   4   0 0  1 1  0 2  0 0
   221  -.3728203954410952       4   0 0  0 2  0 2  0 0
   222  -.2333573481451253E-05   4   2 0  0 0  0 1  1 0
   223  -.2673888151616940E-05   4   1 1  0 0  0 1  1 0
   224  -.1491689795537998       4   0 2  0 0  0 1  1 0
   225  -.1356244785040216E-05   4   1 0  1 0  0 1  1 0
   226  -.3869561042694827E-06   4   0 1  1 0  0 1  1 0
   227  0.2333562732163603E-05   4   0 0  2 0  0 1  1 0
   228  -.3869534527990055E-06   4   1 0  0 1  0 1  1 0
   229  0.1482406066501854E-05   4   0 1  0 1  0 1  1 0
   230  0.2673857643992684E-05   4   0 0  1 1  0 1  1 0
   231  -.1491684770462563       4   0 0  0 2  0 1  1 0
   232  -.1168349946285555E-05   4   2 0  0 0  0 0  2 0
   233  -.1337700204685155E-05   4   1 1  0 0  0 0  2 0
   234  -.7468445655371951E-01   4   0 2  0 0  0 0  2 0
   235  -.6790325831167586E-06   4   1 0  1 0  0 0  2 0
   236  -.1934364188476825E-06   4   0 1  1 0  0 0  2 0
   237  0.1168345426834773E-05   4   0 0  2 0  0 0  2 0
   238  -.1934355328367463E-06   4   1 0  0 1  0 0  2 0
   239  0.7408979864879279E-06   4   0 1  0 1  0 0  2 0
   240  0.1337685781120453E-05   4   0 0  1 1  0 0  2 0
   241  -.7468420505408731E-01   4   0 0  0 2  0 0  2 0
   242  0.4665925198196345E-05   4   2 0  0 0  0 1  0 1
   243  0.3805735254932017E-05   4   1 1  0 0  0 1  0 1
   244  0.4463011878232955E-06   4   0 2  0 0  0 1  0 1
   245  0.2713090431186269E-05   4   1 0  1 0  0 1  0 1
   246  0.3259760514825405E-06   4   0 1  1 0  0 1  0 1
   247  -.4665887528982724E-05   4   0 0  2 0  0 1  0 1
   248  0.3259711529194787E-06   4   1 0  0 1  0 1  0 1
   249  -.1044464032339596E-05   4   0 1  0 1  0 1  0 1
   250  -.3805675129772361E-05   4   0 0  1 1  0 1  0 1
   251  -.4462786067986390E-06   4   0 0  0 2  0 1  0 1
   252  0.1556760193557701E-05   4   2 0  0 0  0 0  1 1
   253  0.1526179656701627E-05   4   1 1  0 0  0 0  1 1
   254  0.1414221530318575E-06   4   0 2  0 0  0 0  1 1
   255  0.9047661158118733E-06   4   1 0  1 0  0 0  1 1
   256  0.1832796861613984E-06   4   0 1  1 0  0 0  1 1
   257  -.1556748389788083E-05   4   0 0  2 0  0 0  1 1
   258  0.1832778677649507E-06   4   1 0  0 1  0 0  1 1
   259  -.6697685880076281E-06   4   0 1  0 1  0 0  1 1
   260  -.1526151403961995E-05   4   0 0  1 1  0 0  1 1
   261  -.1414093579590349E-06   4   0 0  0 2  0 0  1 1
   262  -.6939658990120462E-11   4   2 0  0 0  0 0  0 2
   263  -.8028813518177716E-11   4   1 1  0 0  0 0  0 2
   264  -.2339036284862343E-11   4   0 2  0 0  0 0  0 2
   265  0.7681393186948558E-11   4   1 0  1 0  0 0  0 2
   266  0.3630081832836491E-11   4   0 1  1 0  0 0  0 2
   267  -.5386993597556226E-11   4   0 0  2 0  0 0  0 2
   268  0.4511804607371540E-11   4   1 0  0 1  0 0  0 2
   269  0.2225469847671621E-11   4   0 1  0 1  0 0  0 2
   270  -.6383068453919575E-11   4   0 0  1 1  0 0  0 2
   271  -.1889195473552149E-11   4   0 0  0 2  0 0  0 2
   272  0.1157964988284770E-08   4   1 0  0 0  0 3  0 0
   273  -.8192246735861667E-04   4   0 1  0 0  0 3  0 0
   274  0.4415259145719583E-08   4   0 0  1 0  0 3  0 0
   275  0.2384400139234009E-04   4   0 0  0 1  0 3  0 0
   276  -.1000123932664885E-08   4   1 0  0 0  0 2  1 0
   277  -.3511651669281707E-04   4   0 1  0 0  0 2  1 0
   278  -.2844314661883569E-08   4   0 0  1 0  0 2  1 0
   279  0.1021564363608972E-04   4   0 0  0 1  0 2  1 0
   280  -.4355885320386951E-09   4   1 0  0 0  0 1  2 0
   281  -.2107753536390317E-04   4   0 1  0 0  0 1  2 0
   282  -.1015017800243321E-08   4   0 0  1 0  0 1  2 0
   283  0.6131589869905141E-05   4   0 0  0 1  0 1  2 0
   284  -.3318447550173870E-09   4   1 0  0 0  0 0  3 0
   285  -.1173060118650440E-04   4   0 1  0 0  0 0  3 0
   286  -.9431874228451665E-09   4   0 0  1 0  0 0  3 0
   287  0.3412519330842737E-05   4   0 0  0 1  0 0  3 0
   288  0.7859499953459736E-10   4   1 0  0 0  0 2  0 1
   289  0.2162695467718720E-10   4   0 1  0 0  0 2  0 1
   290  -.7817635353039670E-10   4   0 0  1 0  0 2  0 1
   291  -.7163528235667982E-10   4   0 0  0 1  0 2  0 1
   292  0.1508738381366975E-09   4   1 0  0 0  0 1  1 1
   293  0.6110300079244256E-10   4   0 1  0 0  0 1  1 1
   294  0.1813635116304303E-09   4   0 0  1 0  0 1  1 1
   295  0.2190992118371944E-10   4   0 0  0 1  0 1  1 1
   296  0.7532870163343248E-10   4   1 0  0 0  0 0  2 1
   297  0.2277730388485280E-10   4   0 1  0 0  0 0  2 1
   298  0.9045375018082784E-10   4   0 0  1 0  0 0  2 1
   299  0.1728122652035523E-10   4   0 0  0 1  0 0  2 1
   300  0.4173910197081270E-15   4   1 0  0 0  0 1  0 2
   301  0.3143109050184560E-15   4   0 1  0 0  0 1  0 2
   302  -.2325999611355505E-15   4   0 0  1 0  0 1  0 2
   303  -.2012470715934176E-15   4   0 0  0 1  0 1  0 2
   304  0.1392549390207249E-15   4   1 0  0 0  0 0  1 2
   305  0.1571551861158224E-15   4   0 1  0 0  0 0  1 2
   306  -.1006232287624247E-15   4   0 0  0 1  0 0  1 2
   307  -.1086432168734303       4   0 0  0 0  0 4  0 0
   308  0.6210335123394083E-01   4   0 0  0 0  0 3  1 0
   309  0.1864613970065314E-01   4   0 0  0 0  0 2  2 0
   310  0.1248054101830058E-01   4   0 0  0 0  0 1  3 0
   311  0.1541315566693045E-01   4   0 0  0 0  0 0  4 0
   312  -.7491903815839326E-15   4   0 0  0 0  0 3  0 1
   313  0.2636525215490354E-14   4   0 0  0 0  0 2  1 1
   314  0.3272407168836044E-14   4   0 0  0 0  0 1  2 1
   315  0.8948759817781838E-15   4   0 0  0 0  0 0  3 1
   ----------------------------------------------------
     I  COEFFICIENT            ORDER EXPONENTS
     1   1.000000000000000       1   0 0  0 0  0 1  0 0
     --------------------------------------------------
     I  COEFFICIENT            ORDER EXPONENTS
     1   1.000000000000000       1   0 0  0 0  0 0  1 0
     --------------------------------------------------
     I  COEFFICIENT            ORDER EXPONENTS
     1   1.000000000000000       1   0 0  0 0  0 0  0 1
     --------------------------------------------------
