 L    0.7950300000000000E+00
 P (  0.0000000000000000E+00,  0.0000000000000000E+00,  0.1350570000000000E+00)
 A (  0.0000000000000000E+00,  0.0000000000000000E+00,  0.0000000000000000E+00)
     I  COEFFICIENT            ORDER EXPONENTS
     1  0.7487378322552187E-04   0   0 0  0 0  0 0  0 0
     2  0.9999966905981884       1   1 0  0 0  0 0  0 0
     3  0.7950279083536778       1   0 1  0 0  0 0  0 0
     4  -.5547733062807001E-05   1   0 0  1 0  0 0  0 0
     5  -.2889416347589412E-05   1   0 0  0 1  0 0  0 0
     6  0.3996616010199340E-11   1   0 0  0 0  0 1  0 0
     7  0.3991237536904348E-11   1   0 0  0 0  0 0  1 0
     8  -.7987892250392681E-11   1   0 0  0 0  0 0  0 1
     9  -.9832733645257116E-01   2   2 0  0 0  0 0  0 0
    10  -.9765580084427550E-01   2   1 1  0 0  0 0  0 0
    11  -.2500769492735381E-01   2   0 2  0 0  0 0  0 0
    12  0.5645569320176544E-04   2   1 0  1 0  0 0  0 0
    13  0.2808828212912909E-04   2   0 1  1 0  0 0  0 0
    14  0.9832732253162095E-01   2   0 0  2 0  0 0  0 0
    15  0.2802755537922261E-04   2   1 0  0 1  0 0  0 0
    16  0.1438910607420317E-04   2   0 1  0 1  0 0  0 0
    17  0.9765581897624390E-01   2   0 0  1 1  0 0  0 0
    18  0.2500771078918478E-01   2   0 0  0 2  0 0  0 0
    19  0.1655811859142441E-05   2   1 0  0 0  0 1  0 0
    20  -.3977805706288352       2   0 1  0 0  0 1  0 0
    21  0.2763662505388339E-05   2   0 0  1 0  0 1  0 0
    22  0.2881765627482318E-05   2   0 0  0 1  0 1  0 0
    23  0.1653583545578315E-05   2   1 0  0 0  0 0  1 0
    24  -.3972452562836317       2   0 1  0 0  0 0  1 0
    25  0.2759943298635504E-05   2   0 0  1 0  0 0  1 0
    26  0.2877887483113798E-05   2   0 0  0 1  0 0  1 0
    27  -.3309396597810209E-05   2   1 0  0 0  0 0  0 1
    28  -.2081442230465448E-05   2   0 1  0 0  0 0  0 1
    29  -.5523606646858340E-05   2   0 0  1 0  0 0  0 1
    30  -.2870237204166361E-05   2   0 0  0 1  0 0  0 1
    31  -.9316138738176740E-11   2   0 0  0 0  0 2  0 0
    32  -.9580134412984659E-11   2   0 0  0 0  0 1  1 0
    33  -.9297155187853223E-11   2   0 0  0 0  0 0  2 0
    34  0.3996841794388726E-11   2   0 0  0 0  0 1  0 1
    35  0.3991463033053643E-11   2   0 0  0 0  0 0  1 1
    36  0.2718079810772028E-02   3   3 0  0 0  0 0  0 0
    37  0.3882483236949636E-02   3   2 1  0 0  0 0  0 0
    38  0.1850321770287564E-02   3   1 2  0 0  0 0  0 0
    39  0.3978087303637629       3   0 3  0 0  0 0  0 0
    40  -.4669299366641177E-04   3   2 0  1 0  0 0  0 0
    41  -.1335966275358860E-04   3   1 1  1 0  0 0  0 0
    42  -.4595955203340111E-05   3   0 2  1 0  0 0  0 0
    43  0.2504448689447555E-02   3   1 0  2 0  0 0  0 0
    44  0.7200676903327362E-03   3   0 1  2 0  0 0  0 0
    45  0.1555239720297886E-04   3   0 0  3 0  0 0  0 0
    46  -.1815492118260656E-04   3   2 0  0 1  0 0  0 0
    47  -.5336815692220123E-05   3   1 1  0 1  0 0  0 0
    48  -.4271540430905001E-05   3   0 2  0 1  0 0  0 0
    49  0.3012311445358666E-02   3   1 0  1 1  0 0  0 0
    50  0.1025847561149032E-02   3   0 1  1 1  0 0  0 0
    51  -.4655774683116057E-05   3   0 0  2 1  0 0  0 0
    52  0.8321488191096445E-03   3   1 0  0 2  0 0  0 0
    53  0.3978248639036975       3   0 1  0 2  0 0  0 0
    54  -.1900105467907305E-04   3   0 0  1 2  0 0  0 0
    55  -.8130398151220498E-05   3   0 0  0 3  0 0  0 0
    56  0.4919671195760805E-01   3   2 0  0 0  0 1  0 0
    57  0.9772149259281304E-01   3   1 1  0 0  0 1  0 0
    58  0.3753678271686017E-01   3   0 2  0 0  0 1  0 0
    59  -.2815154743988298E-04   3   1 0  1 0  0 1  0 0
    60  -.2806348657963038E-04   3   0 1  1 0  0 1  0 0
    61  -.4919669607271900E-01   3   0 0  2 0  0 1  0 0
    62  -.2799506695016557E-04   3   1 0  0 1  0 1  0 0
    63  -.2156943040216648E-04   3   0 1  0 1  0 1  0 0
    64  -.9772151451741252E-01   3   0 0  1 1  0 1  0 0
    65  -.3753681117292182E-01   3   0 0  0 2  0 1  0 0
    66  0.4913050534121637E-01   3   2 0  0 0  0 0  1 0
    67  0.9758998361353682E-01   3   1 1  0 0  0 0  1 0
    68  0.3748626748372735E-01   3   0 2  0 0  0 0  1 0
    69  -.2811366241407499E-04   3   1 0  1 0  0 0  1 0
    70  -.2802572006197798E-04   3   0 1  1 0  0 0  1 0
    71  -.4913048947770453E-01   3   0 0  2 0  0 0  1 0
    72  -.2795739250842598E-04   3   1 0  0 1  0 0  1 0
    73  -.2154040327926321E-04   3   0 1  0 1  0 0  1 0
    74  -.9759000550863067E-01   3   0 0  1 1  0 0  1 0
    75  -.3748629590149418E-01   3   0 0  0 2  0 0  1 0
    76  -.9832723083772631E-01   3   2 0  0 0  0 0  0 1
    77  -.9765569898442124E-01   3   1 1  0 0  0 0  0 1
    78  -.2500767090905031E-01   3   0 2  0 0  0 0  0 1
    79  0.5626655479853930E-04   3   1 0  1 0  0 0  0 1
    80  0.2799635038519377E-04   3   0 1  1 0  0 0  0 1
    81  0.9832719921042060E-01   3   0 0  2 0  0 0  0 1
    82  0.2792742925111876E-04   3   1 0  0 1  0 0  0 1
    83  0.1433035414949980E-04   3   0 1  0 1  0 0  0 1
    84  0.9765571788368774E-01   3   0 0  1 1  0 0  0 1
    85  0.2500769067010579E-01   3   0 0  0 2  0 0  0 1
    86  -.1241588419455769E-05   3   1 0  0 0  0 2  0 0
    87  0.2982680653727823       3   0 1  0 0  0 2  0 0
    88  -.2072286025923537E-05   3   0 0  1 0  0 2  0 0
    89  -.2867596174549250E-05   3   0 0  0 1  0 2  0 0
    90  -.8284703739510275E-06   3   1 0  0 0  0 1  1 0
    91  0.1990227279824238       3   0 1  0 0  0 1  1 0
    92  -.1382761288926025E-05   3   0 0  1 0  0 1  1 0
    93  -.2862848420355314E-05   3   0 0  0 1  0 1  1 0
    94  -.1239360090090870E-05   3   1 0  0 0  0 0  2 0
    95  0.2977327525634397       3   0 1  0 0  0 0  2 0
    96  -.2068566813635318E-05   3   0 0  1 0  0 0  2 0
    97  -.2861810755584619E-05   3   0 0  0 1  0 0  2 0
    98  0.1655820658680047E-05   3   1 0  0 0  0 1  0 1
    99  0.2082849066866418E-05   3   0 1  0 0  0 1  0 1
   100  0.2763666527376574E-05   3   0 0  1 0  0 1  0 1
   101  0.2872170617068493E-05   3   0 0  0 1  0 1  0 1
   102  0.1653592333273919E-05   3   1 0  0 0  0 0  1 1
   103  0.2080046066753514E-05   3   0 1  0 0  0 0  1 1
   104  0.2759947315211135E-05   3   0 0  1 0  0 0  1 1
   105  0.2868305385212793E-05   3   0 0  0 1  0 0  1 1
   106  -.1092971575471119E-09   3   0 0  0 0  0 3  0 0
   107  -.1475461528297319E-09   3   0 0  0 0  0 2  1 0
   108  -.1474686453079403E-09   3   0 0  0 0  0 1  2 0
   109  -.1089773804850269E-09   3   0 0  0 0  0 0  3 0
   110  0.9267595331415341E-10   3   0 0  0 0  0 2  0 1
   111  0.1142659652251255E-09   3   0 0  0 0  0 1  1 1
   112  0.9247434746512051E-10   3   0 0  0 0  0 0  2 1
   113  -.7420173298431228E-03   4   4 0  0 0  0 0  0 0
   114  -.1861833955566138       4   3 1  0 0  0 0  0 0
   115  -.3684448731327849       4   2 2  0 0  0 0  0 0
   116  -.2829330197104681       4   1 3  0 0  0 0  0 0
   117  -.7403958146932711E-01   4   0 4  0 0  0 0  0 0
   118  -.1449370458157885E-05   4   3 0  1 0  0 0  0 0
   119  0.5147230655678768E-04   4   2 1  1 0  0 0  0 0
   120  0.1263848221253171E-03   4   1 2  1 0  0 0  0 0
   121  0.6452632431814249E-04   4   0 3  1 0  0 0  0 0
   122  -.1104406325768064E-02   4   2 0  2 0  0 0  0 0
   123  -.1858359581605536       4   1 1  2 0  0 0  0 0
   124  0.7391986256473164E-01   4   0 2  2 0  0 0  0 0
   125  0.4965822137602484E-05   4   1 0  3 0  0 0  0 0
   126  0.5172943692483246E-04   4   0 1  3 0  0 0  0 0
   127  0.1104795839051893E-02   4   0 0  4 0  0 0  0 0
   128  0.5406804526367315E-04   4   3 0  0 1  0 0  0 0
   129  0.1004534928773787E-03   4   2 1  0 1  0 0  0 0
   130  0.1132650621540960E-03   4   1 2  0 1  0 0  0 0
   131  0.7902943743646131E-04   4   0 3  0 1  0 0  0 0
   132  0.1853568984488388       4   2 0  1 1  0 0  0 0
   133  0.9931520499198532E-01   4   1 1  1 1  0 0  0 0
   134  0.2153798708325685       4   0 2  1 1  0 0  0 0
   135  0.5682346875884467E-04   4   1 0  2 1  0 0  0 0
   136  0.6547229350676972E-04   4   0 1  2 1  0 0  0 0
   137  0.1863393149133216       4   0 0  3 1  0 0  0 0
   138  -.2426269752549608E-01   4   2 0  0 2  0 0  0 0
   139  -.6762823328319943E-01   4   1 1  0 2  0 0  0 0
   140  0.3761608638444354E-01   4   0 2  0 2  0 0  0 0
   141  0.9838829053093207E-04   4   1 0  1 2  0 0  0 0
   142  0.6605696154555877E-04   4   0 1  1 2  0 0  0 0
   143  0.3187901135367343       4   0 0  2 2  0 0  0 0
   144  0.4998882304673406E-04   4   1 0  0 3  0 0  0 0
   145  0.6343369927869300E-04   4   0 1  0 3  0 0  0 0
   146  0.2336853897935547       4   0 0  1 3  0 0  0 0
   147  0.6127692964274838E-01   4   0 0  0 4  0 0  0 0
   148  -.2746471453284640E-02   4   3 0  0 0  0 1  0 0
   149  -.5943425271969840E-02   4   2 1  0 0  0 1  0 0
   150  -.3820258788758227E-02   4   1 2  0 0  0 1  0 0
   151  -.5974456005526345       4   0 3  0 0  0 1  0 0
   152  0.7827217032318715E-05   4   2 0  1 0  0 1  0 0
   153  0.6460112509964979E-05   4   1 1  1 0  0 1  0 0
   154  0.1312569835088506E-06   4   0 2  1 0  0 1  0 0
   155  -.2639579147166410E-02   4   1 0  2 0  0 1  0 0
   156  -.1064352224040983E-02   4   0 1  2 0  0 1  0 0
   157  -.2332809250009992E-04   4   0 0  3 0  0 1  0 0
   158  0.2358695581933226E-04   4   2 0  0 1  0 1  0 0
   159  0.2071128272679125E-04   4   1 1  0 1  0 1  0 0
   160  0.1001429095434655E-04   4   0 2  0 1  0 1  0 0
   161  -.4599073764209405E-02   4   1 0  1 1  0 1  0 0
   162  -.2007250939794330E-02   4   0 1  1 1  0 1  0 0
   163  -.4409477521290921E-04   4   0 0  2 1  0 1  0 0
   164  -.1683355780594809E-02   4   1 0  0 2  0 1  0 0
   165  -.5974378340844841       4   0 1  0 2  0 1  0 0
   166  -.1819860056289186E-04   4   0 0  1 2  0 1  0 0
   167  0.1611964777681047E-05   4   0 0  0 3  0 1  0 0
   168  -.2742775381439548E-02   4   3 0  0 0  0 0  1 0
   169  -.5935426890343792E-02   4   2 1  0 0  0 0  1 0
   170  -.3815117664523925E-02   4   1 2  0 0  0 0  1 0
   171  -.5966415864200468       4   0 3  0 0  0 0  1 0
   172  0.7816683532520494E-05   4   2 0  1 0  0 0  1 0
   173  0.6451418795003645E-05   4   1 1  1 0  0 0  1 0
   174  0.1310803440463492E-06   4   0 2  1 0  0 0  1 0
   175  -.2636026925949643E-02   4   1 0  2 0  0 0  1 0
   176  -.1062919868979349E-02   4   0 1  2 0  0 0  1 0
   177  -.2329669865262815E-04   4   0 0  3 0  0 0  1 0
   178  0.2355521360580541E-04   4   2 0  0 1  0 0  1 0
   179  0.2068341045858649E-04   4   1 1  0 1  0 0  1 0
   180  0.1000081419353747E-04   4   0 2  0 1  0 0  1 0
   181  -.4592884547484104E-02   4   1 0  1 1  0 0  1 0
   182  -.2004549676078350E-02   4   0 1  1 1  0 0  1 0
   183  -.4403543454254240E-04   4   0 0  2 1  0 0  1 0
   184  -.1681090399719221E-02   4   1 0  0 2  0 0  1 0
   185  -.5966338304036438       4   0 1  0 2  0 0  1 0
   186  -.1817410974392471E-04   4   0 0  1 2  0 0  1 0
   187  0.1609795471452563E-05   4   0 0  0 3  0 0  1 0
   188  0.5435828482090239E-02   4   3 0  0 0  0 0  0 1
   189  0.7835309253950888E-02   4   2 1  0 0  0 0  0 1
   190  0.3784696001668839E-02   4   1 2  0 0  0 0  0 1
   191  0.6149137539212568E-03   4   0 3  0 0  0 0  0 1
   192  -.3115151814019173E-04   4   2 0  1 0  0 0  0 1
   193  -.8449501086552675E-05   4   1 1  1 0  0 0  0 1
   194  -.9520003012300818E-06   4   0 2  1 0  0 0  0 1
   195  0.5222193089241890E-02   4   1 0  2 0  0 0  0 1
   196  0.1464623199442977E-02   4   0 1  2 0  0 0  0 1
   197  0.3108830617872925E-04   4   0 0  3 0  0 0  0 1
   198  -.2053160579171609E-04   4   2 0  0 1  0 0  0 1
   199  -.1453086822159175E-04   4   1 1  0 1  0 0  0 1
   200  -.5848243656974839E-05   4   0 2  0 1  0 0  0 1
   201  0.6146443199704549E-02   4   1 0  1 1  0 0  0 1
   202  0.2033288732020608E-02   4   0 1  1 1  0 0  0 1
   203  0.3699119339636311E-04   4   0 0  2 1  0 0  0 1
   204  0.1682420157393748E-02   4   1 0  0 2  0 0  0 1
   205  0.6105567919056631E-03   4   0 1  0 2  0 0  0 1
   206  0.1522792261694219E-04   4   0 0  1 2  0 0  0 1
   207  0.1167829441229952E-05   4   0 0  0 3  0 0  0 1
   208  -.3688941006989638E-01   4   2 0  0 0  0 2  0 0
   209  -.9772168043038890E-01   4   1 1  0 0  0 2  0 0
   210  -.4713811194266574E-01   4   0 2  0 0  0 2  0 0
   211  0.2120776747634728E-04   4   1 0  1 0  0 2  0 0
   212  0.2808417324486241E-04   4   0 1  1 0  0 2  0 0
   213  0.3688935632179928E-01   4   0 0  2 0  0 2  0 0
   214  0.2804459142906152E-04   4   1 0  0 1  0 2  0 0
   215  0.6784928781883182E-04   4   0 1  0 1  0 2  0 0
   216  0.9772161219741228E-01   4   0 0  1 1  0 2  0 0
   217  0.4685710185312918E-01   4   0 0  0 2  0 2  0 0
   218  -.2461500336267776E-01   4   2 0  0 0  0 1  1 0
   219  -.9772154033528677E-01   4   1 1  0 0  0 1  1 0
   220  -.5654536042122595E-01   4   0 2  0 0  0 1  1 0
   221  0.1413115543470539E-04   4   1 0  1 0  0 1  1 0
   222  0.2805260701494041E-04   4   0 1  1 0  0 1  1 0
   223  0.2461493964636000E-01   4   0 0  2 0  0 1  1 0
   224  0.2800724925790639E-04   4   1 0  0 1  0 1  1 0
   225  0.8136429763496958E-04   4   0 1  0 1  0 1  1 0
   226  0.9772144726327082E-01   4   0 0  1 1  0 1  1 0
   227  0.5620826720219867E-01   4   0 0  0 2  0 1  1 0
   228  -.3682320318463185E-01   4   2 0  0 0  0 0  2 0
   229  -.9752441667656611E-01   4   1 1  0 0  0 0  2 0
   230  -.4703662765257363E-01   4   0 2  0 0  0 0  2 0
   231  0.2116971854095938E-04   4   1 0  1 0  0 0  2 0
   232  0.2802750294988862E-04   4   0 1  1 0  0 0  2 0
   233  0.3682314955173966E-01   4   0 0  2 0  0 0  2 0
   234  0.2798800492164692E-04   4   1 0  0 1  0 0  2 0
   235  0.6770323132632985E-04   4   0 1  0 1  0 0  2 0
   236  0.9752434859803989E-01   4   0 0  1 1  0 0  2 0
   237  0.4675622255525554E-01   4   0 0  0 2  0 0  2 0
   238  0.4919689990134306E-01   4   2 0  0 0  0 1  0 1
   239  0.9772165265358090E-01   4   1 1  0 0  0 1  0 1
   240  0.3753682264213700E-01   4   0 2  0 0  0 1  0 1
   241  -.2826921947723563E-04   4   1 0  1 0  0 1  0 1
   242  -.2805396511070825E-04   4   0 1  1 0  0 1  0 1
   243  -.4919681438602608E-01   4   0 0  2 0  0 1  0 1
   244  -.2802192104151732E-04   4   1 0  0 1  0 1  0 1
   245  -.2154039969078354E-04   4   0 1  0 1  0 1  0 1
   246  -.9772155128910678E-01   4   0 0  1 1  0 1  0 1
   247  -.3753680475310160E-01   4   0 0  0 2  0 1  0 1
   248  0.4913069303202554E-01   4   2 0  0 0  0 0  1 1
   249  0.9759014345890249E-01   4   1 1  0 0  0 0  1 1
   250  0.3748630735527458E-01   4   0 2  0 0  0 0  1 1
   251  -.2823117609394543E-04   4   1 0  1 0  0 0  1 1
   252  -.2801621140659999E-04   4   0 1  1 0  0 0  1 1
   253  -.4913060763179114E-01   4   0 0  2 0  0 0  1 1
   254  -.2798421046080720E-04   4   1 0  0 1  0 0  1 1
   255  -.2151141163604361E-04   4   0 1  0 1  0 0  1 1
   256  -.9759004223083932E-01   4   0 0  1 1  0 0  1 1
   257  -.3748628949031346E-01   4   0 0  0 2  0 0  1 1
   258  0.2024472653281070E-13   4   2 0  0 0  0 0  0 2
   259  0.2664745608277814E-13   4   1 1  0 0  0 0  0 2
   260  0.8664182413272770E-14   4   0 2  0 0  0 0  0 2
   261  -.3779756584110449E-13   4   1 0  1 0  0 0  0 2
   262  -.2142536526728515E-13   4   0 1  1 0  0 0  0 2
   263  -.1882637025777613E-14   4   0 0  2 0  0 0  0 2
   264  -.1807819227751177E-13   4   1 0  0 1  0 0  0 2
   265  -.1043727274848545E-13   4   0 1  0 1  0 0  0 2
   266  0.1912509587959611E-14   4   0 0  1 1  0 0  0 2
   267  0.1632236222744609E-14   4   0 0  0 2  0 0  0 2
   268  -.1528096583447077E-05   4   1 0  0 0  0 3  0 0
   269  -.2485473658951410       4   0 1  0 0  0 3  0 0
   270  0.2826261953070585E-06   4   0 0  1 0  0 3  0 0
   271  0.1739208125796298E-05   4   0 0  0 1  0 3  0 0
   272  -.1605402801513112E-05   4   1 0  0 0  0 2  1 0
   273  -.1491688292014504       4   0 1  0 0  0 2  1 0
   274  -.3039478124731300E-07   4   0 0  1 0  0 2  1 0
   275  0.1889920277885599E-05   4   0 0  0 1  0 2  1 0
   276  -.1605242597663237E-05   4   1 0  0 0  0 1  2 0
   277  -.1493687624302959       4   0 1  0 0  0 1  2 0
   278  -.2976367570183775E-07   4   0 0  1 0  0 1  2 0
   279  0.1889611321236880E-05   4   0 0  0 1  0 1  2 0
   280  -.1523933140717699E-05   4   1 0  0 0  0 0  3 0
   281  -.2479454040869744       4   0 1  0 0  0 0  3 0
   282  0.2820761025433357E-06   4   0 0  1 0  0 0  3 0
   283  0.1734427339981320E-05   4   0 0  0 1  0 0  3 0
   284  0.1489418964371920E-05   4   1 0  0 0  0 2  0 1
   285  0.5321331253667963E-07   4   0 1  0 0  0 2  0 1
   286  -.4392423293882651E-06   4   0 0  1 0  0 2  0 1
   287  -.1663671623684766E-05   4   0 0  0 1  0 2  0 1
   288  0.1566619853098716E-05   4   1 0  0 0  0 1  1 1
   289  0.2047989080926084E-07   4   0 1  0 0  0 1  1 1
   290  -.1266421203383923E-06   4   0 0  1 0  0 1  1 1
   291  -.1822617944948221E-05   4   0 0  0 1  0 1  1 1
   292  0.1486360432877128E-05   4   1 0  0 0  0 0  2 1
   293  0.5312792012920802E-07   4   0 1  0 0  0 0  2 1
   294  -.4385660032643195E-06   4   0 0  1 0  0 0  2 1
   295  -.1660206336130390E-05   4   0 0  0 1  0 0  2 1
   296  -.2048139147236749E-04   4   0 0  0 0  0 4  0 0
   297  -.1170553455886271E-04   4   0 0  0 0  0 3  1 0
   298  -.1053880429098988E-04   4   0 0  0 0  0 2  2 0
   299  -.1173064017341667E-04   4   0 0  0 0  0 1  3 0
   300  -.2041842325739786E-04   4   0 0  0 0  0 0  4 0
   301  -.1727450181570884E-10   4   0 0  0 0  0 3  0 1
   302  0.5457276833618761E-10   4   0 0  0 0  0 2  1 1
   303  0.5442778225585123E-10   4   0 0  0 0  0 1  2 1
   304  -.1727630223894202E-10   4   0 0  0 0  0 0  3 1
   ----------------------------------------------------
     I  COEFFICIENT            ORDER EXPONENTS
     1  0.7889544522535332E-08   0   0 0  0 0  0 0  0 0
     2  -.1961934190857467E-04   1   1 0  0 0  0 0  0 0
     3  0.9999877114324386       1   0 1  0 0  0 0  0 0
     4  -.2291224424759294E-04   1   0 0  1 0  0 0  0 0
     5  -.1271643789138193E-04   1   0 0  0 1  0 0  0 0
     6  0.4024826347249427E-08   1   0 0  0 0  0 1  0 0
     7  0.4019409925692595E-08   1   0 0  0 0  0 0  1 0
     8  -.1546921717919049E-09   1   0 0  0 0  0 0  0 1
     9  -.3709636927351985       2   2 0  0 0  0 0  0 0
    10  -.3932001063556447       2   1 1  0 0  0 0  0 0
    11  -.1074750936877225       2   0 2  0 0  0 0  0 0
    12  0.2125601278017077E-03   2   1 0  1 0  0 0  0 0
    13  0.1128369286060943E-03   2   0 1  1 0  0 0  0 0
    14  0.3709638388455706       2   0 0  2 0  0 0  0 0
    15  0.1126222448047982E-03   2   1 0  0 1  0 0  0 0
    16  0.6166277900766951E-04   2   0 1  0 1  0 0  0 0
    17  0.3932004055082056       2   0 0  1 1  0 0  0 0
    18  0.1074752085718134       2   0 0  0 2  0 0  0 0
    19  -.1783928642259596E-10   2   1 0  0 0  0 1  0 0
    20  0.6148410767081164E-05   2   0 1  0 0  0 1  0 0
    21  -.1388844048579889E-10   2   0 0  1 0  0 1  0 0
    22  0.6350426419581007E-05   2   0 0  0 1  0 1  0 0
    23  -.1781527932039787E-10   2   1 0  0 0  0 0  1 0
    24  0.6140136525557632E-05   2   0 1  0 0  0 0  1 0
    25  -.1386975012134061E-10   2   0 0  1 0  0 0  1 0
    26  0.6341880314990947E-05   2   0 0  0 1  0 0  1 0
    27  -.1961930642029431E-04   2   1 0  0 0  0 0  0 1
    28  -.1228854822756504E-04   2   0 1  0 0  0 0  0 1
    29  -.2291221723536716E-04   2   0 0  1 0  0 0  0 1
    30  -.1269230677772853E-04   2   0 0  0 1  0 0  0 1
    31  -.1004177446169066E-08   2   0 0  0 0  0 2  0 0
    32  0.2008349860446900E-08   2   0 0  0 0  0 1  1 0
    33  -.1004177442905014E-08   2   0 0  0 0  0 0  2 0
    34  0.1528447106259942E-14   2   0 0  0 0  0 1  0 1
    35  0.1526390275399628E-14   2   0 0  0 0  0 0  1 1
    36  0.1464818818960213E-01   3   3 0  0 0  0 0  0 0
    37  0.2191179201529574E-01   3   2 1  0 0  0 0  0 0
    38  0.1095641006423343E-01   3   1 2  0 0  0 0  0 0
    39  0.1837282315745551E-02   3   0 3  0 0  0 0  0 0
    40  -.5919073164985804E-06   3   2 0  1 0  0 0  0 0
    41  0.9245400918234981E-04   3   1 1  1 0  0 0  0 0
    42  0.4343606805348246E-04   3   0 2  1 0  0 0  0 0
    43  0.1464824059408984E-01   3   1 0  2 0  0 0  0 0
    44  0.4270119847897766E-02   3   0 1  2 0  0 0  0 0
    45  0.6577595348329434E-06   3   0 0  3 0  0 0  0 0
    46  0.4615974896203899E-04   3   2 0  0 1  0 0  0 0
    47  0.1097037436797739E-03   3   1 1  0 1  0 0  0 0
    48  0.3716965765164055E-04   3   0 2  0 1  0 0  0 0
    49  0.1828288212738581E-01   3   1 0  1 1  0 0  0 0
    50  0.6359849835137727E-02   3   0 1  1 1  0 0  0 0
    51  -.4499101028461782E-04   3   0 0  2 1  0 0  0 0
    52  0.5236930888101031E-02   3   1 0  0 2  0 0  0 0
    53  0.1998461513557082E-02   3   0 1  0 2  0 0  0 0
    54  -.4251004510773140E-04   3   0 0  1 2  0 0  0 0
    55  -.1641773988651110E-04   3   0 0  0 3  0 0  0 0
    56  -.3844865088542226E-06   3   2 0  0 0  0 1  0 0
    57  0.1967320350231683       3   1 1  0 0  0 1  0 0
    58  0.1075473483244103       3   0 2  0 0  0 1  0 0
    59  0.5637116749601362E-06   3   1 0  1 0  0 1  0 0
    60  -.5625998872041051E-04   3   0 1  1 0  0 1  0 0
    61  0.3397166751014573E-06   3   0 0  2 0  0 1  0 0
    62  -.5602761438426019E-04   3   1 0  0 1  0 1  0 0
    63  -.6158057534718877E-04   3   0 1  0 1  0 1  0 0
    64  -.1967323042731675       3   0 0  1 1  0 1  0 0
    65  -.1075475249604887       3   0 0  0 2  0 1  0 0
    66  -.3839690849770574E-06   3   2 0  0 0  0 0  1 0
    67  0.1964672823220932       3   1 1  0 0  0 0  1 0
    68  0.1074026161715670       3   0 2  0 0  0 0  1 0
    69  0.5629530583547380E-06   3   1 0  1 0  0 0  1 0
    70  -.5618427667903173E-04   3   0 1  1 0  0 0  1 0
    71  0.3392595003601883E-06   3   0 0  2 0  0 0  1 0
    72  -.5595221506131184E-04   3   1 0  0 1  0 0  1 0
    73  -.6149770311107889E-04   3   0 1  0 1  0 0  1 0
    74  -.1964675512097484       3   0 0  1 1  0 0  1 0
    75  -.1074027925699372       3   0 0  0 2  0 0  1 0
    76  -.3709629030305717       3   2 0  0 0  0 0  0 1
    77  -.3931992947912321       3   1 1  0 0  0 0  0 1
    78  -.1074748693534279       3   0 2  0 0  0 0  0 1
    79  0.2114423375853654E-03   3   1 0  1 0  0 0  0 1
    80  0.1124429826733977E-03   3   0 1  1 0  0 0  0 1
    81  0.3709631669351279       3   0 0  2 0  0 0  0 1
    82  0.1120007338961053E-03   3   1 0  0 1  0 0  0 1
    83  0.6142480861563002E-04   3   0 1  0 1  0 0  0 1
    84  0.3931998666989786       3   0 0  1 1  0 0  0 1
    85  0.1074751108915338       3   0 0  0 2  0 0  0 1
    86  -.5158440481909698E-10   3   1 0  0 0  0 2  0 0
    87  -.4610315456961588E-05   3   0 1  0 0  0 2  0 0
    88  -.7415450912657952E-11   3   0 0  1 0  0 2  0 0
    89  -.4761753364638622E-05   3   0 0  0 1  0 2  0 0
    90  -.7046550304370433E-10   3   1 0  0 0  0 1  1 0
    91  -.3076317454746951E-05   3   0 1  0 0  0 1  1 0
    92  -.8425489530863350E-11   3   0 0  1 0  0 1  1 0
    93  -.3177339606245838E-05   3   0 0  0 1  0 1  1 0
    94  -.5146754224781704E-10   3   1 0  0 0  0 0  2 0
    95  -.4602041129996557E-05   3   0 1  0 0  0 0  2 0
    96  -.7399852547745484E-11   3   0 0  1 0  0 0  2 0
    97  -.4753207264568083E-05   3   0 0  0 1  0 0  2 0
    98  0.6587660308967206E-10   3   1 0  0 0  0 1  0 1
    99  0.6148455186088245E-05   3   0 1  0 0  0 1  0 1
   100  0.1411515286883514E-10   3   0 0  1 0  0 1  0 1
   101  0.6350427175683436E-05   3   0 0  0 1  0 1  0 1
   102  0.6578794929559882E-10   3   1 0  0 0  0 0  1 1
   103  0.6140180884866006E-05   3   0 1  0 0  0 0  1 1
   104  0.1409615731652702E-10   3   0 0  1 0  0 0  1 1
   105  0.6341881070075845E-05   3   0 0  0 1  0 0  1 1
   106  -.7730325056968003E-10   3   0 0  0 0  0 3  0 0
   107  -.1141214343327139E-08   3   0 0  0 0  0 2  1 0
   108  -.1139066491112509E-08   3   0 0  0 0  0 1  2 0
   109  -.7638034080251870E-10   3   0 0  0 0  0 0  3 0
   110  0.5505194534800273E-09   3   0 0  0 0  0 2  0 1
   111  0.6088226110959789E-09   3   0 0  0 0  0 1  1 1
   112  0.5493689276355206E-09   3   0 0  0 0  0 0  2 1
   113  0.2120496738550168E-03   4   4 0  0 0  0 0  0 0
   114  0.3943974104840400E-02   4   3 1  0 0  0 0  0 0
   115  0.2841936509712725       4   2 2  0 0  0 0  0 0
   116  0.1013997016941048       4   1 3  0 0  0 0  0 0
   117  -.2633171852027463E-01   4   0 4  0 0  0 0  0 0
   118  0.1745498655629919E-06   4   3 0  1 0  0 0  0 0
   119  -.4447673280610276E-05   4   2 1  1 0  0 0  0 0
   120  -.5780826695582333E-04   4   1 2  1 0  0 0  0 0
   121  0.2700818288939828E-04   4   0 3  1 0  0 0  0 0
   122  0.3011852827716752E-02   4   2 0  2 0  0 0  0 0
   123  0.6387909912771906E-02   4   1 1  2 0  0 0  0 0
   124  0.9531682162955588E-01   4   0 2  2 0  0 0  0 0
   125  -.9673965251822112E-06   4   1 0  3 0  0 0  0 0
   126  -.2699496979021916E-05   4   0 1  3 0  0 0  0 0
   127  -.1163161744526305E-02   4   0 0  4 0  0 0  0 0
   128  -.9807794651116697E-07   4   3 0  0 1  0 0  0 0
   129  -.1623030197940742E-03   4   2 1  0 1  0 0  0 0
   130  -.1436701234527299E-03   4   1 2  0 1  0 0  0 0
   131  -.6619886958750477E-06   4   0 3  0 1  0 0  0 0
   132  0.8029076401107086E-02   4   2 0  1 1  0 0  0 0
   133  -.3585085327264002       4   1 1  1 1  0 0  0 0
   134  0.1026250535782487       4   0 2  1 1  0 0  0 0
   135  -.7342232739089328E-05   4   1 0  2 1  0 0  0 0
   136  -.6035091938003868E-04   4   0 1  2 1  0 0  0 0
   137  -.8609502250063624E-02   4   0 0  3 1  0 0  0 0
   138  -.2745743733365109       4   2 0  0 2  0 0  0 0
   139  -.6831199066727729       4   1 1  0 2  0 0  0 0
   140  -.1596157180451336       4   0 2  0 2  0 0  0 0
   141  0.4662197706059358E-04   4   1 0  1 2  0 0  0 0
   142  0.2308440747894459E-04   4   0 1  1 2  0 0  0 0
   143  -.1048082173891475       4   0 0  2 2  0 0  0 0
   144  0.8303730572248235E-04   4   1 0  0 3  0 0  0 0
   145  0.6060201027274763E-04   4   0 1  0 3  0 0  0 0
   146  0.9215000206448958E-01   4   0 0  1 3  0 0  0 0
   147  0.7954441406580107E-01   4   0 0  0 4  0 0  0 0
   148  -.7327998892348283E-02   4   3 0  0 0  0 1  0 0
   149  -.2184399249540039E-01   4   2 1  0 0  0 1  0 0
   150  -.1636823897251581E-01   4   1 2  0 0  0 1  0 0
   151  -.3668568396377094E-02   4   0 3  0 0  0 1  0 0
   152  -.2328043775196560E-06   4   2 0  1 0  0 1  0 0
   153  -.1569313470912902E-04   4   1 1  1 0  0 1  0 0
   154  -.3798574793195223E-04   4   0 2  1 0  0 1  0 0
   155  -.7327943101215323E-02   4   1 0  2 0  0 1  0 0
   156  -.4138536802131002E-02   4   0 1  2 0  0 1  0 0
   157  0.2849045445624984E-06   4   0 0  3 0  0 1  0 0
   158  0.2320371604011545E-04   4   2 0  0 1  0 1  0 0
   159  -.1072306863802208E-04   4   1 1  0 1  0 1  0 0
   160  -.2222418764714351E-04   4   0 2  0 1  0 1  0 0
   161  -.1823977436949656E-01   4   1 0  1 1  0 1  0 0
   162  -.9354903008984318E-02   4   0 1  1 1  0 1  0 0
   163  0.3906901169636196E-04   4   0 0  2 1  0 1  0 0
   164  -.7891922522250827E-02   4   1 0  0 2  0 1  0 0
   165  -.3979270621810462E-02   4   0 1  0 2  0 1  0 0
   166  0.5050533500350025E-04   4   0 0  1 2  0 1  0 0
   167  0.1969105018909911E-04   4   0 0  0 3  0 1  0 0
   168  -.7318137216796154E-02   4   3 0  0 0  0 0  1 0
   169  -.2181459587977219E-01   4   2 1  0 0  0 0  1 0
   170  -.1634621136791685E-01   4   1 2  0 0  0 0  1 0
   171  -.3663631409923496E-02   4   0 3  0 0  0 0  1 0
   172  -.2324910803601464E-06   4   2 0  1 0  0 0  1 0
   173  -.1567201562802925E-04   4   1 1  1 0  0 0  1 0
   174  -.3793462850259148E-04   4   0 2  1 0  0 0  1 0
   175  -.7318081500744615E-02   4   1 0  2 0  0 0  1 0
   176  -.4132967354345009E-02   4   0 1  2 0  0 0  1 0
   177  0.2845211334535715E-06   4   0 0  3 0  0 0  1 0
   178  0.2317248957262196E-04   4   2 0  0 1  0 0  1 0
   179  -.1070863803760944E-04   4   1 1  0 1  0 0  1 0
   180  -.2219427938279761E-04   4   0 2  0 1  0 0  1 0
   181  -.1821522814076069E-01   4   1 0  1 1  0 0  1 0
   182  -.9342313621396965E-02   4   0 1  1 1  0 0  1 0
   183  0.3901643446167969E-04   4   0 0  2 1  0 0  1 0
   184  -.7881301944852908E-02   4   1 0  0 2  0 0  1 0
   185  -.3973915506944496E-02   4   0 1  0 2  0 0  1 0
   186  0.5043736730388646E-04   4   0 0  1 2  0 0  1 0
   187  0.1966455090176153E-04   4   0 0  0 3  0 0  1 0
   188  0.2929433276206912E-01   4   3 0  0 0  0 0  0 1
   189  0.4381968413470813E-01   4   2 1  0 0  0 0  0 1
   190  0.2192269952506921E-01   4   1 2  0 0  0 0  0 1
   191  0.3688955666573977E-02   4   0 3  0 0  0 0  0 1
   192  -.7723440982694859E-08   4   2 0  1 0  0 0  0 1
   193  0.6226909904936304E-04   4   1 1  1 0  0 0  0 1
   194  0.3703126791470282E-04   4   0 2  1 0  0 0  0 1
   195  0.2929433053836852E-01   4   1 0  2 0  0 0  0 1
   196  0.8325239284306197E-02   4   0 1  2 0  0 0  0 1
   197  -.6309886298119511E-08   4   0 0  3 0  0 0  0 1
   198  0.8804949472958867E-07   4   2 0  0 1  0 0  0 1
   199  0.2501036735383144E-04   4   1 1  0 1  0 0  0 1
   200  0.1105832877240952E-04   4   0 2  0 1  0 0  0 1
   201  0.3634903428230528E-01   4   1 0  1 1  0 0  0 1
   202  0.1237003135966975E-01   4   0 1  1 1  0 0  0 1
   203  -.6219708925641640E-04   4   0 0  2 1  0 0  0 1
   204  0.1040293936093750E-01   4   1 0  0 2  0 0  0 1
   205  0.3903327846443125E-02   4   0 1  0 2  0 0  0 1
   206  -.5380386828738799E-04   4   0 0  1 2  0 0  0 1
   207  -.1535383806856913E-04   4   0 0  0 3  0 0  0 1
   208  -.8096192716512055E-06   4   2 0  0 0  0 2  0 0
   209  -.1475171010283586       4   1 1  0 0  0 2  0 0
   210  -.1075477299291676       4   0 2  0 0  0 2  0 0
   211  0.3272059105601267E-06   4   1 0  1 0  0 2  0 0
   212  0.4235198363227394E-04   4   0 1  1 0  0 2  0 0
   213  0.3151085383089788E-06   4   0 0  2 0  0 2  0 0
   214  0.4236408085271237E-04   4   1 0  0 1  0 2  0 0
   215  0.6170590591192308E-04   4   0 1  0 1  0 2  0 0
   216  0.1475164598526218       4   0 0  1 1  0 2  0 0
   217  0.1075475804288159       4   0 0  0 2  0 2  0 0
   218  -.9499843189532844E-06   4   2 0  0 0  0 1  1 0
   219  -.9843311303467664E-01   4   1 1  0 0  0 1  1 0
   220  -.1075475759737637       4   0 2  0 0  0 1  1 0
   221  0.4013556465695580E-06   4   1 0  1 0  0 1  1 0
   222  0.2819474423824454E-04   4   0 1  1 0  0 1  1 0
   223  0.3850282960740190E-06   4   0 0  2 0  0 1  1 0
   224  0.2822651159659331E-04   4   1 0  0 1  0 1  1 0
   225  0.6162480475404364E-04   4   0 1  0 1  0 1  1 0
   226  0.9843229423818342E-01   4   0 0  1 1  0 1  1 0
   227  0.1075473757433987       4   0 0  0 2  0 1  1 0
   228  -.8078905022122575E-06   4   2 0  0 0  0 0  2 0
   229  -.1472523461437707       4   1 1  0 0  0 0  2 0
   230  -.1073306310331758       4   0 2  0 0  0 0  2 0
   231  0.3264955094228465E-06   4   1 0  1 0  0 0  2 0
   232  0.4227601674977855E-04   4   0 1  1 0  0 0  2 0
   233  0.3144254036733085E-06   4   0 0  2 0  0 0  2 0
   234  0.4228807631476457E-04   4   1 0  0 1  0 0  2 0
   235  0.6158139913290336E-04   4   0 1  0 1  0 0  2 0
   236  0.1472517063818468       4   0 0  1 1  0 0  2 0
   237  0.1073304818687447       4   0 0  0 2  0 0  2 0
   238  0.1295243692333188E-05   4   2 0  0 0  0 1  0 1
   239  0.1967335201609239       4   1 1  0 0  0 1  0 1
   240  0.1075476939719388       4   0 2  0 0  0 1  0 1
   241  -.5234420975552564E-06   4   1 0  1 0  0 1  0 1
   242  -.5643969267942438E-04   4   0 1  1 0  0 1  0 1
   243  -.5040887391556094E-06   4   0 0  2 0  0 1  0 1
   244  -.5645309395710080E-04   4   1 0  0 1  0 1  0 1
   245  -.6164546948460309E-04   4   0 1  0 1  0 1  0 1
   246  -.1967326409440900       4   0 0  1 1  0 1  0 1
   247  -.1075475081305390       4   0 0  0 2  0 1  0 1
   248  0.1293500614419886E-05   4   2 0  0 0  0 0  1 1
   249  0.1964687654612204       4   1 1  0 0  0 0  1 1
   250  0.1074029613539395       4   0 2  0 0  0 0  1 1
   251  -.5227376738493742E-06   4   1 0  1 0  0 0  1 1
   252  -.5636373880092682E-04   4   0 1  1 0  0 0  1 1
   253  -.5034103603758458E-06   4   0 0  2 0  0 0  1 1
   254  -.5637712204379533E-04   4   1 0  0 1  0 0  1 1
   255  -.6156250991702155E-04   4   0 1  0 1  0 0  1 1
   256  -.1964678874275952       4   0 0  1 1  0 0  1 1
   257  -.1074027757626364       4   0 0  0 2  0 0  1 1
   258  0.1475174377068305E-12   4   2 0  0 0  0 0  0 2
   259  0.1706690349997644E-12   4   1 1  0 0  0 0  0 2
   260  0.4972085437549298E-13   4   0 2  0 0  0 0  0 2
   261  -.1632877110014941E-12   4   1 0  1 0  0 0  0 2
   262  -.7716578050377814E-13   4   0 1  1 0  0 0  0 2
   263  0.1145134727242526E-12   4   0 0  2 0  0 0  0 2
   264  -.9590970687615261E-13   4   1 0  0 1  0 0  0 2
   265  -.4730743710650593E-13   4   0 1  0 1  0 0  0 2
   266  0.1356868062901862E-12   4   0 0  1 1  0 0  0 2
   267  0.4015903351974602E-13   4   0 0  0 2  0 0  0 2
   268  -.8684058824234839E-05   4   1 0  0 0  0 3  0 0
   269  -.4805732790220773E-05   4   0 1  0 0  0 3  0 0
   270  -.2523553395489848E-05   4   0 0  1 0  0 3  0 0
   271  0.7555592749467900E-06   4   0 0  0 1  0 3  0 0
   272  -.5211901075877057E-05   4   1 0  0 0  0 2  1 0
   273  -.5085606203145094E-05   4   0 1  0 0  0 2  1 0
   274  -.1514540352430420E-05   4   0 0  1 0  0 2  1 0
   275  -.1862477010796604E-06   4   0 0  0 1  0 2  1 0
   276  -.5218886484360184E-05   4   1 0  0 0  0 1  2 0
   277  -.5085028187227085E-05   4   0 1  0 0  0 1  2 0
   278  -.1516570320301668E-05   4   0 0  1 0  0 1  2 0
   279  -.1843485944491265E-06   4   0 0  0 1  0 1  2 0
   280  -.8663026693255689E-05   4   1 0  0 0  0 0  3 0
   281  -.4792614423692587E-05   4   0 1  0 0  0 0  3 0
   282  -.2517441552658511E-05   4   0 0  1 0  0 0  3 0
   283  0.7541592348098577E-06   4   0 0  0 1  0 0  3 0
   284  0.1042134049931046E-04   4   1 0  0 0  0 2  0 1
   285  0.4665713901366599E-05   4   0 1  0 0  0 2  0 1
   286  0.3028399872617701E-05   4   0 0  1 0  0 2  0 1
   287  -.1226782844925664E-05   4   0 0  0 1  0 2  0 1
   288  0.6953854025843750E-05   4   1 0  0 0  0 1  1 1
   289  0.4945206718249094E-05   4   0 1  0 0  0 1  1 1
   290  0.2020746782623049E-05   4   0 0  1 0  0 1  1 1
   291  -.2862425548051794E-06   4   0 0  0 1  0 1  1 1
   292  0.1040263686589431E-04   4   1 0  0 0  0 0  2 1
   293  0.4656107490414970E-05   4   0 1  0 0  0 0  2 1
   294  0.3022964681894455E-05   4   0 0  1 0  0 0  2 1
   295  -.1224939292520040E-05   4   0 0  0 1  0 0  2 1
   296  -.3692493955841758E-09   4   0 0  0 0  0 4  0 0
   297  -.4305714483704516E-09   4   0 0  0 0  0 3  1 0
   298  -.5777584636365582E-09   4   0 0  0 0  0 2  2 0
   299  -.4302065950825240E-09   4   0 0  0 0  0 1  3 0
   300  -.3679668242798773E-09   4   0 0  0 0  0 0  4 0
   301  0.5882963650907305E-10   4   0 0  0 0  0 3  0 1
   302  0.6673188779909366E-09   4   0 0  0 0  0 2  1 1
   303  0.6660904037798352E-09   4   0 0  0 0  0 1  2 1
   304  0.5826246302163815E-10   4   0 0  0 0  0 0  3 1
   ----------------------------------------------------
     I  COEFFICIENT            ORDER EXPONENTS
     1  -.2177704709309894E-04   0   0 0  0 0  0 0  0 0
     2  -.5499500668879305E-05   1   1 0  0 0  0 0  0 0
     3  -.2851066151811580E-05   1   0 1  0 0  0 0  0 0
     4   1.000003309411894       1   0 0  1 0  0 0  0 0
     5  0.7950320712490196       1   0 0  0 1  0 0  0 0
     6  0.6485257382128807E-10   1   0 0  0 0  0 1  0 0
     7  0.6476529829061913E-10   1   0 0  0 0  0 0  1 0
     8  -.1296178466571938E-09   1   0 0  0 0  0 0  0 1
     9  0.2829291774701690E-04   2   2 0  0 0  0 0  0 0
    10  0.2808089614884489E-04   2   1 1  0 0  0 0  0 0
    11  0.7187572107980215E-05   2   0 2  0 0  0 0  0 0
    12  0.1966550920880890       2   1 0  1 0  0 0  0 0
    13  0.9765600211787431E-01   2   0 1  1 0  0 0  0 0
    14  -.2853608754082751E-04   2   0 0  2 0  0 0  0 0
    15  0.9765602304818083E-01   2   1 0  0 1  0 0  0 0
    16  0.5001550834413040E-01   2   0 1  0 1  0 0  0 0
    17  -.2830739934866263E-04   2   0 0  1 1  0 0  0 0
    18  -.7231767645444279E-05   2   0 0  0 2  0 0  0 0
    19  0.2763672798003576E-05   2   1 0  0 0  0 1  0 0
    20  0.2862581495176300E-05   2   0 1  0 0  0 1  0 0
    21  -.1655821843825500E-05   2   0 0  1 0  0 1  0 0
    22  -.3977847363259923       2   0 0  0 1  0 1  0 0
    23  0.2759953577399460E-05   2   1 0  0 0  0 0  1 0
    24  0.2858729167908863E-05   2   0 1  0 0  0 0  1 0
    25  -.1653593516824411E-05   2   0 0  1 0  0 0  1 0
    26  -.3972494163747901       2   0 0  0 1  0 0  1 0
    27  -.5523627374495005E-05   2   1 0  0 0  0 0  0 1
    28  -.2870245539331737E-05   2   0 1  0 0  0 0  0 1
    29  0.3309416690062197E-05   2   0 0  1 0  0 0  0 1
    30  0.2081452817888820E-05   2   0 0  0 1  0 0  0 1
    31  -.4679008378127366E-10   2   0 0  0 0  0 2  0 0
    32  -.3024276168846392E-10   2   0 0  0 0  0 1  1 0
    33  -.4670676637165437E-10   2   0 0  0 0  0 0  2 0
    34  0.6485240076489698E-10   2   0 0  0 0  0 1  0 1
    35  0.6476512546031987E-10   2   0 0  0 0  0 0  1 1
    36  -.1556415318345879E-04   3   3 0  0 0  0 0  0 0
    37  -.1799905779574757E-04   3   2 1  0 0  0 0  0 0
    38  -.1161499290839096E-04   3   1 2  0 0  0 0  0 0
    39  -.4731976975023657E-05   3   0 3  0 0  0 0  0 0
    40  0.2503686553512153E-02   3   2 0  1 0  0 0  0 0
    41  0.3011060271111150E-02   3   1 1  1 0  0 0  0 0
    42  0.8383306941929637E-03   3   0 2  1 0  0 0  0 0
    43  0.4665757793563038E-04   3   1 0  2 0  0 0  0 0
    44  -.4811033029872095E-05   3   0 1  2 0  0 0  0 0
    45  0.2717876583483343E-02   3   0 0  3 0  0 0  0 0
    46  0.7391154486483713E-03   3   2 0  0 1  0 0  0 0
    47  0.1042989756193616E-02   3   1 1  0 1  0 0  0 0
    48  0.3978343675279538       3   0 2  0 1  0 0  0 0
    49  0.1332794041128266E-04   3   1 0  1 1  0 0  0 0
    50  -.2010822868391154E-04   3   0 1  1 1  0 0  0 0
    51  0.3901662344608286E-02   3   0 0  2 1  0 0  0 0
    52  -.1198174983743848E-04   3   1 0  0 2  0 0  0 0
    53  -.1438990786310247E-04   3   0 1  0 2  0 0  0 0
    54  0.1881230225203048E-02   3   0 0  1 2  0 0  0 0
    55  0.3978226630037736       3   0 0  0 3  0 0  0 0
    56  -.1414262581883599E-04   3   2 0  0 0  0 1  0 0
    57  -.2808266971671929E-04   3   1 1  0 0  0 1  0 0
    58  -.1078496175938210E-04   3   0 2  0 0  0 1  0 0
    59  -.9839384319084708E-01   3   1 0  1 0  0 1  0 0
    60  -.9772178602986469E-01   3   0 1  1 0  0 1  0 0
    61  0.1438134225336225E-04   3   0 0  2 0  0 1  0 0
    62  -.9772181268270549E-01   3   1 0  0 1  0 1  0 0
    63  -.7507378531688817E-01   3   0 1  0 1  0 1  0 0
    64  0.2843988160963548E-04   3   0 0  1 1  0 1  0 0
    65  0.1088955628871819E-04   3   0 0  0 2  0 1  0 0
    66  -.1412359333952787E-04   3   2 0  0 0  0 0  1 0
    67  -.2804487738330509E-04   3   1 1  0 0  0 0  1 0
    68  -.1077044786612397E-04   3   0 2  0 0  0 0  1 0
    69  -.9826142939382229E-01   3   1 0  1 0  0 0  1 0
    70  -.9759027665569453E-01   3   0 1  1 0  0 0  1 0
    71  0.1436198852072694E-04   3   0 0  2 0  0 0  1 0
    72  -.9759030327266724E-01   3   1 0  0 1  0 0  1 0
    73  -.7497275455471358E-01   3   0 1  0 1  0 0  1 0
    74  0.2840160855729074E-04   3   0 0  1 1  0 0  1 0
    75  0.1087490163707190E-04   3   0 0  0 2  0 0  1 0
    76  0.2826513483915742E-04   3   2 0  0 0  0 0  0 1
    77  0.2803932281614825E-04   3   1 1  0 0  0 0  0 1
    78  0.7175275707989721E-05   3   0 2  0 0  0 0  0 1
    79  0.1966552961920311       3   1 0  1 0  0 0  0 1
    80  0.9765608320339873E-01   3   0 1  1 0  0 0  0 1
    81  -.2874804171893806E-04   3   0 0  2 0  0 0  0 1
    82  0.9765611057190848E-01   3   1 0  0 1  0 0  0 1
    83  0.5001554038117474E-01   3   0 1  0 1  0 0  0 1
    84  -.2854096657386152E-04   3   0 0  1 1  0 0  0 1
    85  -.7304115941771557E-05   3   0 0  0 2  0 0  0 1
    86  -.2072284668601384E-05   3   1 0  0 0  0 2  0 0
    87  -.2853209857640095E-05   3   0 1  0 0  0 2  0 0
    88  0.1241585284909340E-05   3   0 0  1 0  0 2  0 0
    89  0.2982722681124076       3   0 0  0 1  0 2  0 0
    90  -.1382759453523168E-05   3   1 0  0 0  0 1  1 0
    91  -.2853251589072187E-05   3   0 1  0 0  0 1  1 0
    92  0.8284655030867753E-06   3   0 0  1 0  0 1  1 0
    93  0.1990269381098271       3   0 0  0 1  0 1  1 0
    94  -.2068565459374749E-05   3   1 0  0 0  0 0  2 0
    95  -.2847450256604854E-05   3   0 1  0 0  0 0  2 0
    96  0.1239356962982125E-05   3   0 0  1 0  0 0  2 0
    97  0.2977369468143207       3   0 0  0 1  0 0  2 0
    98  0.2763664936476493E-05   3   1 0  0 0  0 1  0 1
    99  0.2872174084417290E-05   3   0 1  0 0  0 1  0 1
   100  -.1655818043503205E-05   3   0 0  1 0  0 1  0 1
   101  -.2082851010447191E-05   3   0 0  0 1  0 1  0 1
   102  0.2759945726452050E-05   3   1 0  0 0  0 0  1 1
   103  0.2868308847895325E-05   3   0 1  0 0  0 0  1 1
   104  -.1653589721616410E-05   3   0 0  1 0  0 0  1 1
   105  -.2080048007718537E-05   3   0 0  0 1  0 0  1 1
   106  -.1041132272552035E-09   3   0 0  0 0  0 3  0 0
   107  -.1240967317340777E-09   3   0 0  0 0  0 2  1 0
   108  -.1240561067996675E-09   3   0 0  0 0  0 1  2 0
   109  -.1038196718645258E-09   3   0 0  0 0  0 0  3 0
   110  0.9337809434629279E-10   3   0 0  0 0  0 2  0 1
   111  0.1113503549884974E-09   3   0 0  0 0  0 1  1 1
   112  0.9317750542253679E-10   3   0 0  0 0  0 0  2 1
   113  -.4583149212081130E-06   4   4 0  0 0  0 0  0 0
   114  0.5296990689567661E-04   4   3 1  0 0  0 0  0 0
   115  0.9202335694901356E-04   4   2 2  0 0  0 0  0 0
   116  0.6764853515303461E-04   4   1 3  0 0  0 0  0 0
   117  0.2590380184398192E-04   4   0 4  0 0  0 0  0 0
   118  0.2592580959065182E-02   4   3 0  1 0  0 0  0 0
   119  0.1868454177200434       4   2 1  1 0  0 0  0 0
   120  0.3430557777995756       4   1 2  1 0  0 0  0 0
   121  0.1752818116734349       4   0 3  1 0  0 0  0 0
   122  0.5338574067185859E-05   4   2 0  2 0  0 0  0 0
   123  0.5515265468883943E-04   4   1 1  2 0  0 0  0 0
   124  -.7721781577489250E-05   4   0 2  2 0  0 0  0 0
   125  0.1084174223597229E-02   4   1 0  3 0  0 0  0 0
   126  0.1858374527602824       4   0 1  3 0  0 0  0 0
   127  0.2386768503440163E-06   4   0 0  4 0  0 0  0 0
   128  0.1860175091247755       4   3 0  0 1  0 0  0 0
   129  0.2448806020668601       4   2 1  0 1  0 0  0 0
   130  0.2428410892150595       4   1 2  0 1  0 0  0 0
   131  0.1099029172907919       4   0 3  0 1  0 0  0 0
   132  -.5410137523852735E-04   4   2 0  1 1  0 0  0 0
   133  0.2331584004632326E-04   4   1 1  1 1  0 0  0 0
   134  -.2226096220119627E-04   4   0 2  1 1  0 0  0 0
   135  0.1863248485187655       4   1 0  2 1  0 0  0 0
   136  0.3441713665996075       4   0 1  2 1  0 0  0 0
   137  -.5454689077152613E-04   4   0 0  3 1  0 0  0 0
   138  0.1940537937238976E-04   4   2 0  0 2  0 0  0 0
   139  0.5864137896641639E-04   4   1 1  0 2  0 0  0 0
   140  0.5858502508402403E-04   4   0 2  0 2  0 0  0 0
   141  0.4423579190488040       4   1 0  1 2  0 0  0 0
   142  0.3905849470311543       4   0 1  1 2  0 0  0 0
   143  -.1084617518051434E-03   4   0 0  2 2  0 0  0 0
   144  0.2245319294994762       4   1 0  0 3  0 0  0 0
   145  0.1602819540243465       4   0 1  0 3  0 0  0 0
   146  -.8300293269722852E-04   4   0 0  1 3  0 0  0 0
   147  0.1925786034230719E-04   4   0 0  0 4  0 0  0 0
   148  -.7755964856361658E-05   4   3 0  0 0  0 1  0 0
   149  -.5170521696801259E-05   4   2 1  0 0  0 1  0 0
   150  -.1878929547283441E-05   4   1 2  0 0  0 1  0 0
   151  0.2656858114805543E-05   4   0 3  0 0  0 1  0 0
   152  -.2532679418504470E-02   4   2 0  1 0  0 1  0 0
   153  -.4401163000978914E-02   4   1 1  1 0  0 1  0 0
   154  -.1590169420990971E-02   4   0 2  1 0  0 1  0 0
   155  -.3889012853388077E-04   4   1 0  2 0  0 1  0 0
   156  -.1533822808594979E-04   4   0 1  2 0  0 1  0 0
   157  -.2639561408209605E-02   4   0 0  3 0  0 1  0 0
   158  -.1105444064759199E-02   4   2 0  0 1  0 1  0 0
   159  -.1993842926011125E-02   4   1 1  0 1  0 1  0 0
   160  -.5974102779668653       4   0 2  0 1  0 1  0 0
   161  -.7139001246667683E-04   4   1 0  1 1  0 1  0 0
   162  -.1192950971387591E-04   4   0 1  1 1  0 1  0 0
   163  -.5761107246221497E-02   4   0 0  2 1  0 1  0 0
   164  -.1618897233454749E-04   4   1 0  0 2  0 1  0 0
   165  0.6763996893384776E-05   4   0 1  0 2  0 1  0 0
   166  -.3717553728207404E-02   4   0 0  1 2  0 1  0 0
   167  -.5974316921196965       4   0 0  0 3  0 1  0 0
   168  -.7745527244383933E-05   4   3 0  0 0  0 0  1 0
   169  -.5163563452379922E-05   4   2 1  0 0  0 0  1 0
   170  -.1876400972449554E-05   4   1 2  0 0  0 0  1 0
   171  0.2653282640368051E-05   4   0 3  0 0  0 0  1 0
   172  -.2529271057904183E-02   4   2 0  1 0  0 0  1 0
   173  -.4395240123232233E-02   4   1 1  1 0  0 0  1 0
   174  -.1588029445926472E-02   4   0 2  1 0  0 0  1 0
   175  -.3883779203172804E-04   4   1 0  2 0  0 0  1 0
   176  -.1531758662145724E-04   4   0 1  2 0  0 0  1 0
   177  -.2636009210864601E-02   4   0 0  3 0  0 0  1 0
   178  -.1103956410234983E-02   4   2 0  0 1  0 0  1 0
   179  -.1991159706168188E-02   4   1 1  0 1  0 0  1 0
   180  -.5966063113697485       4   0 2  0 1  0 0  1 0
   181  -.7129393915239384E-04   4   1 0  1 1  0 0  1 0
   182  -.1191345554192146E-04   4   0 1  1 1  0 0  1 0
   183  -.5753354219601482E-02   4   0 0  2 1  0 0  1 0
   184  -.1616718597853960E-04   4   1 0  0 2  0 0  1 0
   185  0.6754894225141892E-05   4   0 1  0 2  0 0  1 0
   186  -.3712550819603316E-02   4   0 0  1 2  0 0  1 0
   187  -.5966276967044223       4   0 0  0 3  0 0  1 0
   188  -.3144769080543138E-07   4   3 0  0 0  0 0  0 1
   189  0.4159843927997047E-05   4   2 1  0 0  0 0  0 1
   190  0.3680593431896266E-05   4   1 2  0 0  0 0  0 1
   191  -.2899201623912699E-06   4   0 3  0 0  0 0  0 1
   192  0.5115355660431191E-02   4   2 0  1 0  0 0  0 1
   193  0.5976566009337908E-02   4   1 1  1 0  0 0  0 1
   194  0.1615048956843151E-02   4   0 2  1 0  0 0  0 1
   195  0.6220963725222569E-04   4   1 0  2 0  0 0  0 1
   196  0.1230098397664004E-04   4   0 1  2 0  0 0  0 1
   197  0.5328991562837662E-02   4   0 0  3 0  0 0  0 1
   198  0.1491875972059199E-02   4   2 0  0 1  0 0  0 1
   199  0.2017406076081803E-02   4   1 1  0 1  0 0  0 1
   200  0.5913890095029450E-03   4   0 2  0 1  0 0  0 1
   201  0.5721534335622868E-04   4   1 0  1 1  0 0  0 1
   202  0.8565247325810701E-05   4   0 1  1 1  0 0  0 1
   203  0.7694849033178570E-02   4   0 0  2 1  0 0  0 1
   204  0.1059588796574728E-04   4   1 0  0 2  0 0  0 1
   205  -.1474613013136021E-05   4   0 1  0 2  0 0  0 1
   206  0.3721897906988948E-02   4   0 0  1 2  0 0  0 1
   207  0.6070198506919925E-03   4   0 0  0 3  0 0  0 1
   208  0.1059609466531311E-04   4   2 0  0 0  0 2  0 0
   209  0.2809039695222438E-04   4   1 1  0 0  0 2  0 0
   210  0.3392451433139920E-04   4   0 2  0 0  0 2  0 0
   211  0.7377865474033529E-01   4   1 0  1 0  0 2  0 0
   212  0.9772174926320952E-01   4   0 1  1 0  0 2  0 0
   213  -.1069450626612481E-04   4   0 0  2 0  0 2  0 0
   214  0.9772176152137277E-01   4   1 0  0 1  0 2  0 0
   215  0.9371435775854403E-01   4   0 1  0 1  0 2  0 0
   216  -.2836103242189848E-04   4   0 0  1 1  0 2  0 0
   217  0.4771174364915492E-04   4   0 0  0 2  0 2  0 0
   218  0.7053195947137773E-05   4   2 0  0 0  0 1  1 0
   219  0.2806843248163555E-04   4   1 1  0 0  0 1  1 0
   220  0.4068625028983975E-04   4   0 2  0 0  0 1  1 0
   221  0.4922979401256445E-01   4   1 0  1 0  0 1  1 0
   222  0.9772164639640310E-01   4   0 1  1 0  0 1  1 0
   223  -.7174925146786647E-05   4   0 0  2 0  0 1  1 0
   224  0.9772165855969658E-01   4   1 0  0 1  0 1  1 0
   225  0.1124167655080214       4   0 1  0 1  0 1  1 0
   226  -.2845079304295274E-04   4   0 0  1 1  0 1  1 0
   227  0.5719956287001314E-04   4   0 0  0 2  0 1  1 0
   228  0.1057708901120420E-04   4   2 0  0 0  0 0  2 0
   229  0.2803370763308545E-04   4   1 1  0 0  0 0  2 0
   230  0.3385148349974225E-04   4   0 2  0 0  0 0  2 0
   231  0.7364624133552236E-01   4   1 0  1 0  0 0  2 0
   232  0.9752448534538855E-01   4   0 1  1 0  0 0  2 0
   233  -.1067528626561147E-04   4   0 0  2 0  0 0  2 0
   234  0.9752449757887081E-01   4   1 0  0 1  0 0  2 0
   235  0.9351259879997703E-01   4   0 1  0 1  0 0  2 0
   236  -.2830372161288044E-04   4   0 0  1 1  0 0  2 0
   237  0.4760904719508802E-04   4   0 0  0 2  0 0  2 0
   238  -.1412558560892685E-04   4   2 0  0 0  0 1  0 1
   239  -.2807277937671955E-04   4   1 1  0 0  0 1  0 1
   240  -.1078043085481564E-04   4   0 2  0 0  0 1  0 1
   241  -.9839356235399907E-01   4   1 0  1 0  0 1  0 1
   242  -.9772170678727904E-01   4   0 1  1 0  0 1  0 1
   243  0.1428319780757494E-04   4   0 0  2 0  0 1  0 1
   244  -.9772171831517504E-01   4   1 0  0 1  0 1  0 1
   245  -.7507375618155879E-01   4   0 1  0 1  0 1  0 1
   246  0.2843115573459910E-04   4   0 0  1 1  0 1  0 1
   247  0.1092288581450122E-04   4   0 0  0 2  0 1  0 1
   248  -.1410657606153018E-04   4   2 0  0 0  0 0  1 1
   249  -.2803500035325882E-04   4   1 1  0 0  0 0  1 1
   250  -.1076592305903533E-04   4   0 2  0 0  0 0  1 1
   251  -.9826114893491128E-01   4   1 0  1 0  0 0  1 1
   252  -.9759019751974984E-01   4   0 1  1 0  0 0  1 1
   253  0.1426397615310935E-04   4   0 0  2 0  0 0  1 1
   254  -.9759020903213217E-01   4   1 0  0 1  0 0  1 1
   255  -.7497272545859292E-01   4   0 1  0 1  0 0  1 1
   256  0.2839289442512558E-04   4   0 0  1 1  0 0  1 1
   257  0.1090818630954984E-04   4   0 0  0 2  0 0  1 1
   258  -.1609410762964504E-13   4   2 0  0 0  0 0  0 2
   259  -.1439316658185581E-13   4   1 1  0 0  0 0  0 2
   260  -.3040039628259887E-14   4   0 2  0 0  0 0  0 2
   261  -.2172438897933304E-13   4   1 0  1 0  0 0  0 2
   262  -.9297824961681993E-14   4   0 1  1 0  0 0  0 2
   263  0.2092435449236756E-13   4   0 0  2 0  0 0  0 2
   264  -.2519064606196130E-14   4   1 0  0 1  0 0  0 2
   265  0.1067180736509862E-15   4   0 1  0 1  0 0  0 2
   266  0.1537979388018326E-13   4   0 0  1 1  0 0  0 2
   267  0.1717514223189492E-14   4   0 0  0 2  0 0  0 2
   268  0.2826258754565149E-06   4   1 0  0 0  0 3  0 0
   269  0.1727219983433710E-05   4   0 1  0 0  0 3  0 0
   270  0.1528096711671329E-05   4   0 0  1 0  0 3  0 0
   271  -.2485472424042251       4   0 0  0 1  0 3  0 0
   272  -.3039436020136068E-07   4   1 0  0 0  0 2  1 0
   273  0.1882726765348104E-05   4   0 1  0 0  0 2  1 0
   274  0.1605400435397856E-05   4   0 0  1 0  0 2  1 0
   275  -.1491686273843232       4   0 0  0 1  0 2  1 0
   276  -.2976325615154190E-07   4   1 0  0 0  0 1  2 0
   277  0.1882408162677773E-05   4   0 1  0 0  0 1  2 0
   278  0.1605240236674610E-05   4   0 0  1 0  0 1  2 0
   279  -.1493685607716158       4   0 0  0 1  0 1  2 0
   280  0.2820757830545773E-06   4   1 0  0 0  0 0  3 0
   281  0.1722468231042840E-05   4   0 1  0 0  0 0  3 0
   282  0.1523933270364754E-05   4   0 0  1 0  0 0  3 0
   283  -.2479452809809560       4   0 0  0 1  0 0  3 0
   284  -.4392420007745014E-06   4   1 0  0 0  0 2  0 1
   285  -.1663674302799912E-05   4   0 1  0 0  0 2  0 1
   286  -.1489418039262049E-05   4   0 0  1 0  0 2  0 1
   287  -.5321071451817080E-07   4   0 0  0 1  0 2  0 1
   288  -.1266429782837200E-06   4   1 0  0 0  0 1  1 1
   289  -.1822619655426247E-05   4   0 1  0 0  0 1  1 1
   290  -.1566615430024971E-05   4   0 0  1 0  0 1  1 1
   291  -.2047663570647440E-07   4   0 0  0 1  0 1  1 1
   292  -.4385656745144010E-06   4   1 0  0 0  0 0  2 1
   293  -.1660209010489057E-05   4   0 1  0 0  0 0  2 1
   294  -.1486359512082747E-05   4   0 0  1 0  0 0  2 1
   295  -.5312532784972714E-07   4   0 0  0 1  0 0  2 1
   296  0.5958254824595387E-05   4   0 0  0 0  0 4  0 0
   297  0.3405181629629485E-05   4   0 0  0 0  0 3  1 0
   298  0.3065760329874810E-05   4   0 0  0 0  0 2  2 0
   299  0.3412485353101463E-05   4   0 0  0 0  0 1  3 0
   300  0.5939936756226511E-05   4   0 0  0 0  0 0  4 0
   301  -.2394626334004345E-10   4   0 0  0 0  0 3  0 1
   302  0.4106543361307315E-10   4   0 0  0 0  0 2  1 1
   303  0.4093426418275492E-10   4   0 0  0 0  0 1  2 1
   304  -.2392551951085336E-10   4   0 0  0 0  0 0  3 1
   ----------------------------------------------------
     I  COEFFICIENT            ORDER EXPONENTS
     1  0.2688293372209553E-07   0   0 0  0 0  0 0  0 0
     2  -.2291230932872856E-04   1   1 0  0 0  0 0  0 0
     3  -.1266822273952891E-04   1   0 1  0 0  0 0  0 0
     4  0.1961941498224497E-04   1   0 0  1 0  0 0  0 0
     5   1.000012288607223       1   0 0  0 1  0 0  0 0
     6  0.1383286731204738E-07   1   0 0  0 0  0 1  0 0
     7  0.1381425169113944E-07   1   0 0  0 0  0 0  1 0
     8  -.7641850534340992E-09   1   0 0  0 0  0 0  0 1
     9  0.1066883477863308E-03   2   2 0  0 0  0 0  0 0
    10  0.1129687746560020E-03   2   1 1  0 0  0 0  0 0
    11  0.3084517422473644E-04   2   0 2  0 0  0 0  0 0
    12  0.7419304831166597       2   1 0  1 0  0 0  0 0
    13  0.3932015957878158       2   0 1  1 0  0 0  0 0
    14  -.1080898955669546E-03   2   0 0  2 0  0 0  0 0
    15  0.3932016347765397       2   1 0  0 1  0 0  0 0
    16  0.2149509468953608       2   0 1  0 1  0 0  0 0
    17  -.1144962952159176E-03   2   0 0  1 1  0 0  0 0
    18  -.3128415786239633E-04   2   0 0  0 2  0 0  0 0
    19  0.1868984286769971E-10   2   1 0  0 0  0 1  0 0
    20  0.6350452667404202E-05   2   0 1  0 0  0 1  0 0
    21  -.1747758018316744E-10   2   0 0  1 0  0 1  0 0
    22  -.6148449894479065E-05   2   0 0  0 1  0 1  0 0
    23  0.1866469090972499E-10   2   1 0  0 0  0 0  1 0
    24  0.6341906527491035E-05   2   0 1  0 0  0 0  1 0
    25  -.1745405951481217E-10   2   0 0  1 0  0 0  1 0
    26  -.6140175600389868E-05   2   0 0  0 1  0 0  1 0
    27  -.2291234741336252E-04   2   1 0  0 0  0 0  0 1
    28  -.1269236129452305E-04   2   0 1  0 0  0 0  0 1
    29  0.1961945218253239E-04   2   0 0  1 0  0 0  0 1
    30  0.1228862741854617E-04   2   0 0  0 1  0 0  0 1
    31  -.3451236316544426E-08   2   0 0  0 0  0 2  0 0
    32  0.6902476133898389E-08   2   0 0  0 0  0 1  1 0
    33  -.3451236319572123E-08   2   0 0  0 0  0 0  2 0
    34  -.1187082901079487E-14   2   0 0  0 0  0 1  0 1
    35  -.1185485333048624E-14   2   0 0  0 0  0 0  1 1
    36  0.3817001508131146E-06   3   3 0  0 0  0 0  0 0
    37  0.4767055015574110E-04   3   2 1  0 0  0 0  0 0
    38  0.4448108741449448E-04   3   1 2  0 0  0 0  0 0
    39  0.4169247348078285E-05   3   0 3  0 0  0 0  0 0
    40  0.1464354722026430E-01   3   2 0  1 0  0 0  0 0
    41  0.1827654759891366E-01   3   1 1  1 0  0 0  0 0
    42  0.5254554635424016E-02   3   0 2  1 0  0 0  0 0
    43  0.2464518273595587E-06   3   1 0  2 0  0 0  0 0
    44  -.4649628190070361E-04   3   0 1  2 0  0 0  0 0
    45  0.1464698807976214E-01   3   0 0  3 0  0 0  0 0
    46  0.4267157023089510E-02   3   2 0  0 1  0 0  0 0
    47  0.6356073422889528E-02   3   1 1  0 1  0 0  0 0
    48  0.2021891799175223E-02   3   0 2  0 1  0 0  0 0
    49  -.9285832044718480E-04   3   1 0  1 1  0 0  0 0
    50  -.6427247353959328E-04   3   0 1  1 1  0 0  0 0
    51  0.2190952675831073E-01   3   0 0  2 1  0 0  0 0
    52  -.4355221774181848E-04   3   1 0  0 2  0 0  0 0
    53  -.2458970475270625E-04   3   0 1  0 2  0 0  0 0
    54  0.1093542733201826E-01   3   0 0  1 2  0 0  0 0
    55  0.1837017030746968E-02   3   0 0  0 3  0 0  0 0
    56  0.7782954740686979E-07   3   2 0  0 0  0 1  0 0
    57  -.5639157829370694E-04   3   1 1  0 0  0 1  0 0
    58  -.3083386803034487E-04   3   0 2  0 0  0 1  0 0
    59  -.7246026250140775E-06   3   1 0  1 0  0 1  0 0
    60  -.1967334771714587       3   0 1  1 0  0 1  0 0
    61  0.6415302398137382E-06   3   0 0  2 0  0 1  0 0
    62  -.1967335345729754       3   1 0  0 1  0 1  0 0
    63  -.2150958195529586       3   0 1  0 1  0 1  0 0
    64  0.5794531613870086E-04   3   0 0  1 1  0 1  0 0
    65  0.3146884366382098E-04   3   0 0  0 2  0 1  0 0
    66  0.7772480806992751E-07   3   2 0  0 0  0 0  1 0
    67  -.5631568916528207E-04   3   1 1  0 0  0 0  1 0
    68  -.3079237326389969E-04   3   0 2  0 0  0 0  1 0
    69  -.7236274889352645E-06   3   1 0  1 0  0 0  1 0
    70  -.1964687225296082       3   0 1  1 0  0 0  1 0
    71  0.6406668986513061E-06   3   0 0  2 0  0 0  1 0
    72  -.1964687798538768       3   1 0  0 1  0 0  1 0
    73  -.2148063537361205       3   0 1  0 1  0 0  1 0
    74  0.5786733606310960E-04   3   0 0  1 1  0 0  1 0
    75  0.3142649437709387E-04   3   0 0  0 2  0 0  1 0
    76  0.1065373494832118E-03   3   2 0  0 0  0 0  0 1
    77  0.1127062065730067E-03   3   1 1  0 0  0 0  0 1
    78  0.3077336617945338E-04   3   0 2  0 0  0 0  0 1
    79  0.7419319451108322       3   1 0  1 0  0 0  0 1
    80  0.3932022363845287       3   0 1  1 0  0 0  0 1
    81  -.1093586620154363E-03   3   0 0  2 0  0 0  0 1
    82  0.3932023254154486       3   1 0  0 1  0 0  0 1
    83  0.2149512561463571       3   0 1  0 1  0 0  0 1
    84  -.1157841993227065E-03   3   0 0  1 1  0 0  0 1
    85  -.3160046647726934E-04   3   0 0  0 2  0 0  0 1
    86  0.3330032763841870E-10   3   1 0  0 0  0 2  0 0
    87  -.4761751936223398E-05   3   0 1  0 0  0 2  0 0
    88  -.3156757985203197E-10   3   0 0  1 0  0 2  0 0
    89  0.4610280234187476E-05   3   0 0  0 1  0 2  0 0
    90  0.4043004895791746E-10   3   1 0  0 0  0 1  1 0
    91  -.3177338925557106E-05   3   0 1  0 0  0 1  1 0
    92  -.4056344407317667E-10   3   0 0  1 0  0 1  1 0
    93  0.3076264494063051E-05   3   0 0  0 1  0 1  1 0
    94  0.3322826107426773E-10   3   1 0  0 0  0 0  2 0
    95  -.4753205838417508E-05   3   0 1  0 0  0 0  2 0
    96  -.3149779319999067E-10   3   0 0  1 0  0 0  2 0
    97  0.4602005990364060E-05   3   0 0  0 1  0 0  2 0
    98  -.5101767348296146E-10   3   1 0  0 0  0 1  0 1
    99  0.6350425234664336E-05   3   0 1  0 0  0 1  0 1
   100  0.4203439483783463E-10   3   0 0  1 0  0 1  0 1
   101  -.6148421367628889E-05   3   0 0  0 1  0 1  0 1
   102  -.5094901635041325E-10   3   1 0  0 0  0 0  1 1
   103  0.6341879131668841E-05   3   0 1  0 0  0 0  1 1
   104  0.4197782709468321E-10   3   0 0  1 0  0 0  1 1
   105  -.6140147111917934E-05   3   0 0  0 1  0 0  1 1
   106  0.1119880651854133E-08   3   0 0  0 0  0 3  0 0
   107  -.2277663420178466E-08   3   0 0  0 0  0 2  1 0
   108  -.2270808059779465E-08   3   0 0  0 0  0 1  2 0
   109  0.1119150553268970E-08   3   0 0  0 0  0 0  3 0
   110  0.6360894580907140E-09   3   0 0  0 0  0 2  0 1
   111  0.5778261768372302E-09   3   0 0  0 0  0 1  1 1
   112  0.6348446328493295E-09   3   0 0  0 0  0 0  2 1
   113  -.6106915569666091E-05   4   4 0  0 0  0 0  0 0
   114  -.1594376833000492E-04   4   3 1  0 0  0 0  0 0
   115  -.4192276051866745E-04   4   2 2  0 0  0 0  0 0
   116  0.2196842025056372E-04   4   1 3  0 0  0 0  0 0
   117  0.2220815971127002E-04   4   0 4  0 0  0 0  0 0
   118  -.3356693830099915E-02   4   3 0  1 0  0 0  0 0
   119  -.1696236160349229E-01   4   2 1  1 0  0 0  0 0
   120  0.1697500462174357       4   1 2  1 0  0 0  0 0
   121  0.2908838707771433       4   0 3  1 0  0 0  0 0
   122  -.1067654001679466E-04   4   2 0  2 0  0 0  0 0
   123  -.1360786533682550E-04   4   1 1  2 0  0 0  0 0
   124  -.8394530484666310E-04   4   0 2  2 0  0 0  0 0
   125  0.6062706341646918E-03   4   1 0  3 0  0 0  0 0
   126  -.3406537003462806E-03   4   0 1  3 0  0 0  0 0
   127  -.5710950361531424E-05   4   0 0  4 0  0 0  0 0
   128  -.5107065457958471E-02   4   3 0  0 1  0 0  0 0
   129  -.2001420731155695       4   2 1  0 1  0 0  0 0
   130  0.8690511956947822E-01   4   1 2  0 1  0 0  0 0
   131  0.2122931211567586       4   0 3  0 1  0 0  0 0
   132  -.1285228561415133E-04   4   2 0  1 1  0 0  0 0
   133  -.1228996030714227E-03   4   1 1  1 1  0 0  0 0
   134  -.2031772216717999E-03   4   0 2  1 1  0 0  0 0
   135  -.2646256079816940E-02   4   1 0  2 1  0 0  0 0
   136  -.5587222469578883       4   0 1  2 1  0 0  0 0
   137  -.1601365758422183E-04   4   0 0  3 1  0 0  0 0
   138  0.2337332449607822E-04   4   2 0  0 2  0 0  0 0
   139  0.2403849794655610E-04   4   1 1  0 2  0 0  0 0
   140  -.4793559065419071E-04   4   0 2  0 2  0 0  0 0
   141  -.1888218840064044       4   1 0  1 2  0 0  0 0
   142  -.4936298998116378       4   0 1  1 2  0 0  0 0
   143  0.6520589256176774E-04   4   0 0  2 2  0 0  0 0
   144  0.9737375357687175E-01   4   1 0  0 3  0 0  0 0
   145  -.5354349222316515E-03   4   0 1  0 3  0 0  0 0
   146  0.2202117278215111E-04   4   0 0  1 3  0 0  0 0
   147  -.8800195423688745E-05   4   0 0  0 4  0 0  0 0
   148  0.1579935071555648E-06   4   3 0  0 0  0 1  0 0
   149  -.7716829879659553E-05   4   2 1  0 0  0 1  0 0
   150  -.3826239681330495E-04   4   1 2  0 0  0 1  0 0
   151  -.1168811880601197E-04   4   0 3  0 0  0 1  0 0
   152  -.7330378092978656E-02   4   2 0  1 0  0 1  0 0
   153  -.1802752143471597E-01   4   1 1  1 0  0 1  0 0
   154  -.7667277255673066E-02   4   0 2  1 0  0 1  0 0
   155  0.1428351476634356E-06   4   1 0  2 0  0 1  0 0
   156  0.6998398325146921E-04   4   0 1  2 0  0 1  0 0
   157  -.7328596637325486E-02   4   0 0  3 0  0 1  0 0
   158  -.4246113236976433E-02   4   2 0  0 1  0 1  0 0
   159  -.9354575155670085E-02   4   1 1  0 1  0 1  0 0
   160  -.3888760889415488E-02   4   0 2  0 1  0 1  0 0
   161  0.7786775054312390E-04   4   1 0  1 1  0 1  0 0
   162  0.1668032522597719E-03   4   0 1  1 1  0 1  0 0
   163  -.2216520766743307E-01   4   0 0  2 1  0 1  0 0
   164  0.5077771107108182E-04   4   1 0  0 2  0 1  0 0
   165  0.7191011670303501E-04   4   0 1  0 2  0 1  0 0
   166  -.1668025259010905E-01   4   0 0  1 2  0 1  0 0
   167  -.3744341374610446E-02   4   0 0  0 3  0 1  0 0
   168  0.1577808869396109E-06   4   3 0  0 0  0 0  1 0
   169  -.7706444933689058E-05   4   2 1  0 0  0 0  1 0
   170  -.3821090508291767E-04   4   1 2  0 0  0 0  1 0
   171  -.1167238948656492E-04   4   0 3  0 0  0 0  1 0
   172  -.7320513215610443E-02   4   2 0  1 0  0 0  1 0
   173  -.1800326084597716E-01   4   1 1  1 0  0 0  1 0
   174  -.7656958995288200E-02   4   0 2  1 0  0 0  1 0
   175  0.1426429268534100E-06   4   1 0  2 0  0 0  1 0
   176  0.6988980210504021E-04   4   0 1  2 0  0 0  1 0
   177  -.7318734157356060E-02   4   0 0  3 0  0 0  1 0
   178  -.4240399017894214E-02   4   2 0  0 1  0 0  1 0
   179  -.9341986209292387E-02   4   1 1  0 1  0 0  1 0
   180  -.3883527578281408E-02   4   0 2  0 1  0 0  1 0
   181  0.7776295979422271E-04   4   1 0  1 1  0 0  1 0
   182  0.1665787763040454E-03   4   0 1  1 1  0 0  1 0
   183  -.2213537877556477E-01   4   0 0  2 1  0 0  1 0
   184  0.5070937682059288E-04   4   1 0  0 2  0 0  1 0
   185  0.7181334345698232E-04   4   0 1  0 2  0 0  1 0
   186  -.1665780509228769E-01   4   0 0  1 2  0 0  1 0
   187  -.3739302416454087E-02   4   0 0  0 3  0 0  1 0
   188  -.1219567720803040E-08   4   3 0  0 0  0 0  0 1
   189  0.3114719048163876E-04   4   2 1  0 0  0 0  0 1
   190  0.3704334982929765E-04   4   1 2  0 0  0 0  0 1
   191  0.6851121587062046E-05   4   0 3  0 0  0 0  0 1
   192  0.2929432777286869E-01   4   2 0  1 0  0 0  0 1
   193  0.3613535832053560E-01   4   1 1  1 0  0 0  0 1
   194  0.1023414250299732E-01   4   0 2  1 0  0 0  0 1
   195  -.2633100875231508E-08   4   1 0  2 0  0 0  0 1
   196  -.9324511898482716E-04   4   0 1  2 0  0 0  0 1
   197  0.2929432554901017E-01   4   0 0  3 0  0 0  0 1
   198  0.8432081032897432E-02   4   2 0  0 1  0 0  0 1
   199  0.1237003675986582E-01   4   1 1  0 1  0 0  0 1
   200  0.3846999390936005E-02   4   0 2  0 1  0 0  0 1
   201  -.1243978789736260E-03   4   1 0  1 1  0 0  0 1
   202  -.1566719023935330E-03   4   0 1  1 1  0 0  0 1
   203  0.4414018680406228E-01   4   0 0  2 1  0 0  0 1
   204  -.5381025701363060E-04   4   1 0  0 2  0 0  0 1
   205  -.5555334562385527E-04   4   0 1  0 2  0 0  0 1
   206  0.2220686443752625E-01   4   0 0  1 2  0 0  0 1
   207  0.3756436152218165E-02   4   0 0  0 3  0 0  0 1
   208  -.9166981444801329E-07   4   2 0  0 0  0 2  0 0
   209  0.4235196546130524E-04   4   1 1  0 0  0 2  0 0
   210  0.3087629244039642E-04   4   0 2  0 0  0 2  0 0
   211  -.1124734125149609E-05   4   1 0  1 0  0 2  0 0
   212  0.1475163964469116       4   0 1  1 0  0 2  0 0
   213  0.2355388360303935E-06   4   0 0  2 0  0 2  0 0
   214  0.1475164598657691       4   1 0  0 1  0 2  0 0
   215  0.2150955852324690       4   0 1  0 1  0 2  0 0
   216  -.4285982259439305E-04   4   0 0  1 1  0 2  0 0
   217  -.3130017908132757E-04   4   0 0  0 2  0 2  0 0
   218  -.1053914533229982E-06   4   2 0  0 0  0 1  1 0
   219  0.2819481844704845E-04   4   1 1  0 0  0 1  1 0
   220  0.3084421734464931E-04   4   0 2  0 0  0 1  1 0
   221  -.1335423635584537E-05   4   1 0  1 0  0 1  1 0
   222  0.9843221985045081E-01   4   0 1  1 0  0 1  1 0
   223  0.2959588257123380E-06   4   0 0  2 0  0 1  1 0
   224  0.9843229415066178E-01   4   1 0  0 1  0 1  1 0
   225  0.2150953669829693       4   0 1  0 1  0 1  1 0
   226  -.2876732205312180E-04   4   0 0  1 1  0 1  1 0
   227  -.3141222378295116E-04   4   0 0  0 2  0 1  1 0
   228  -.9147553419083253E-07   4   2 0  0 0  0 0  2 0
   229  0.4227599855319953E-04   4   1 1  0 0  0 0  2 0
   230  0.3081398623414693E-04   4   0 2  0 0  0 0  2 0
   231  -.1122321935928059E-05   4   1 0  1 0  0 0  2 0
   232  0.1472516431115187       4   0 1  1 0  0 0  2 0
   233  0.2350227153300569E-06   4   0 0  2 0  0 0  2 0
   234  0.1472517063950351       4   1 0  0 1  0 0  2 0
   235  0.2146613871270708       4   0 1  0 1  0 0  2 0
   236  -.4278278701196073E-04   4   0 0  1 1  0 0  2 0
   237  -.3123692023026604E-04   4   0 0  0 2  0 0  2 0
   238  0.1466440141365085E-06   4   2 0  0 0  0 1  0 1
   239  -.5643969289068773E-04   4   1 1  0 0  0 1  0 1
   240  -.3085419809209655E-04   4   0 2  0 0  0 1  0 1
   241  0.1799332336796752E-05   4   1 0  1 0  0 1  0 1
   242  -.1967325671708786       4   0 1  1 0  0 1  0 1
   243  -.3767981653196524E-06   4   0 0  2 0  0 1  0 1
   244  -.1967326409442499       4   1 0  0 1  0 1  0 1
   245  -.2150954994748621       4   0 1  0 1  0 1  0 1
   246  0.5728706859970031E-04   4   0 0  1 1  0 1  0 1
   247  0.3138233095984212E-04   4   0 0  0 2  0 1  0 1
   248  0.1464466675333684E-06   4   2 0  0 0  0 0  1 1
   249  -.5636373901190587E-04   4   1 1  0 0  0 0  1 1
   250  -.3081267596641242E-04   4   0 2  0 0  0 0  1 1
   251  0.1796910880132034E-05   4   1 0  1 0  0 0  1 1
   252  -.1964678137536641       4   0 1  1 0  0 0  1 1
   253  -.3762910881066323E-06   4   0 0  2 0  0 0  1 1
   254  -.1964678874277548       4   1 0  0 1  0 0  1 1
   255  -.2148060340887703       4   0 1  0 1  0 0  1 1
   256  0.5720997436262472E-04   4   0 0  1 1  0 0  1 1
   257  0.3134009809783463E-04   4   0 0  0 2  0 0  1 1
   258  -.4291416119082405E-13   4   2 0  0 0  0 0  0 2
   259  -.4964916966893424E-13   4   1 1  0 0  0 0  0 2
   260  -.1446424698941317E-13   4   0 2  0 0  0 0  0 2
   261  0.4750166155062162E-13   4   1 0  1 0  0 0  0 2
   262  0.2244811073254137E-13   4   0 1  1 0  0 0  0 2
   263  -.3331301055598549E-13   4   0 0  2 0  0 0  0 2
   264  0.2790089044465257E-13   4   1 0  0 1  0 0  0 2
   265  0.1376210004833509E-13   4   0 1  0 1  0 0  0 2
   266  -.3947252593471014E-13   4   0 0  1 1  0 0  0 2
   267  -.1168262823396670E-13   4   0 0  0 2  0 0  0 2
   268  -.2523565591982441E-05   4   1 0  0 0  0 3  0 0
   269  0.7555593358489075E-06   4   0 1  0 0  0 3  0 0
   270  0.8684053852793793E-05   4   0 0  1 0  0 3  0 0
   271  0.4805732404049913E-05   4   0 0  0 1  0 3  0 0
   272  -.1514528136778560E-05   4   1 0  0 0  0 2  1 0
   273  -.1862471525018421E-06   4   0 1  0 0  0 2  1 0
   274  0.5211807986460182E-05   4   0 0  1 0  0 2  1 0
   275  0.5085572252216557E-05   4   0 0  0 1  0 2  1 0
   276  -.1516558153902069E-05   4   1 0  0 0  0 1  2 0
   277  -.1843480468570399E-06   4   0 1  0 0  0 1  2 0
   278  0.5218793572834335E-05   4   0 0  1 0  0 1  2 0
   279  0.5084994304257982E-05   4   0 0  0 1  0 1  2 0
   280  -.2517453732745804E-05   4   1 0  0 0  0 0  3 0
   281  0.7541592952193093E-06   4   0 1  0 0  0 0  3 0
   282  0.8663021794403504E-05   4   0 0  1 0  0 0  3 0
   283  0.4792614060940447E-05   4   0 0  0 1  0 0  3 0
   284  0.3028416122955370E-05   4   1 0  0 0  0 2  0 1
   285  -.1226782833715785E-05   4   0 1  0 0  0 2  0 1
   286  -.1042133408854219E-04   4   0 0  1 0  0 2  0 1
   287  -.4665710479932124E-05   4   0 0  0 1  0 2  0 1
   288  0.2020714281939426E-05   4   1 0  0 0  0 1  1 1
   289  -.2862437941555506E-06   4   0 1  0 0  0 1  1 1
   290  -.6953734458831409E-05   4   0 0  1 0  0 1  1 1
   291  -.4945166583483642E-05   4   0 0  0 1  0 1  1 1
   292  0.3022980932240563E-05   4   1 0  0 0  0 0  2 1
   293  -.1224939280490188E-05   4   0 1  0 0  0 0  2 1
   294  -.1040263054420707E-04   4   0 0  1 0  0 0  2 1
   295  -.4656104100590638E-05   4   0 0  0 1  0 0  2 1
   296  -.1025030128148741E-08   4   0 0  0 0  0 4  0 0
   297  0.3592265315101266E-09   4   0 0  0 0  0 3  1 0
   298  -.4978186099594913E-10   4   0 0  0 0  0 2  2 0
   299  0.3560546086283344E-09   4   0 0  0 0  0 1  3 0
   300  -.1022513595137717E-08   4   0 0  0 0  0 0  4 0
   301  -.5798988342166671E-10   4   0 0  0 0  0 3  0 1
   302  0.5193700780710981E-09   4   0 0  0 0  0 2  1 1
   303  0.5182047599181928E-09   4   0 0  0 0  0 1  2 1
   304  -.5822182515636960E-10   4   0 0  0 0  0 0  3 1
   ----------------------------------------------------
     I  COEFFICIENT            ORDER EXPONENTS
     1  0.5104087203121298E-08   0   0 0  0 0  0 0  0 0
     2  -.4024738826098085E-08   1   1 0  0 0  0 0  0 0
     3  -.3195814231814196E-08   1   0 1  0 0  0 0  0 0
     4  -.1383288958154935E-07   1   0 0  1 0  0 0  0 0
     5  -.1093270819799098E-07   1   0 0  0 1  0 0  0 0
     6   1.000000000000000       1   0 0  0 0  1 0  0 0
     7  0.1984899289867810       1   0 0  0 0  0 1  0 0
     8  -.1984899289867828       1   0 0  0 0  0 0  1 0
     9  0.3537705332541577E-09   2   2 0  0 0  0 0  0 0
    10  0.1656160890923886E-05   2   1 1  0 0  0 0  0 0
    11  -.1988902852262269       2   0 2  0 0  0 0  0 0
    12  -.2675718747099863E-08   2   1 0  1 0  0 0  0 0
    13  0.2762334512094228E-05   2   0 1  1 0  0 0  0 0
    14  -.4310550303526754E-09   2   0 0  2 0  0 0  0 0
    15  0.2762345150423278E-05   2   1 0  0 1  0 0  0 0
    16  0.2871493811053372E-05   2   0 1  0 1  0 0  0 0
    17  -.1656252681853262E-05   2   0 0  1 1  0 0  0 0
    18  -.1988923682743649       2   0 0  0 2  0 0  0 0
    19  0.2008264498355886E-08   2   1 0  0 0  0 1  0 0
    20  0.3179004018288686E-08   2   0 1  0 0  0 1  0 0
    21  0.6902496960144917E-08   2   0 0  1 0  0 1  0 0
    22  0.1089659327630396E-07   2   0 0  0 1  0 1  0 0
    23  -.2008351478114657E-08   2   1 0  0 0  0 0  1 0
    24  -.7451558108825232E-11   2   0 1  0 0  0 0  1 0
    25  -.6902475403981324E-08   2   0 0  1 0  0 0  1 0
    26  -.2283987870780776E-10   2   0 0  0 1  0 0  1 0
    27  0.8700861449970189E-13   2   1 0  0 0  0 0  0 1
    28  0.4043136832722521E-11   2   0 1  0 0  0 0  0 1
    29  -.2171211367915118E-13   2   0 0  1 0  0 0  0 1
    30  0.6483643904932483E-10   2   0 0  0 1  0 0  0 1
    31  -.1489676835840666       2   0 0  0 0  0 2  0 0
    32  0.9944543818135058E-01   2   0 0  0 0  0 1  1 0
    33  0.4952224540271159E-01   2   0 0  0 0  0 0  2 0
    34  -.3675451154140990E-14   2   0 0  0 0  0 1  0 1
    35  -.7098542642890370E-15   2   0 0  0 0  0 0  1 1
    36  -.6027335695577674E-06   3   3 0  0 0  0 0  0 0
    37  0.4919576840267293E-01   3   2 1  0 0  0 0  0 0
    38  0.4886021953796210E-01   3   1 2  0 0  0 0  0 0
    39  0.1251216128025813E-01   3   0 3  0 0  0 0  0 0
    40  0.8455753421693108E-06   3   2 0  1 0  0 0  0 0
    41  -.2735296516822834E-04   3   1 1  1 0  0 0  0 0
    42  -.1381753036358901E-04   3   0 2  1 0  0 0  0 0
    43  -.6027449583210289E-06   3   1 0  2 0  0 0  0 0
    44  -.4919701104080524E-01   3   0 1  2 0  0 0  0 0
    45  0.8455402135680045E-06   3   0 0  3 0  0 0  0 0
    46  -.1374102897768396E-04   3   2 0  0 1  0 0  0 0
    47  -.2762298947188314E-04   3   1 1  0 1  0 0  0 0
    48  -.1067734970647997E-04   3   0 2  0 1  0 0  0 0
    49  -.9839448037516665E-01   3   1 0  1 1  0 0  0 0
    50  -.9772198229207088E-01   3   0 1  1 1  0 0  0 0
    51  0.1558623043190711E-04   3   0 0  2 1  0 0  0 0
    52  -.4886109681614477E-01   3   1 0  0 2  0 0  0 0
    53  -.3753696291487463E-01   3   0 1  0 2  0 0  0 0
    54  0.1485143542126443E-04   3   0 0  1 2  0 0  0 0
    55  0.3737568400468439E-05   3   0 0  0 3  0 0  0 0
    56  -.3480712124607987E-09   3   2 0  0 0  0 1  0 0
    57  -.2483674919907677E-05   3   1 1  0 0  0 1  0 0
    58  0.2982680652055311       3   0 2  0 0  0 1  0 0
    59  0.2682059344372165E-08   3   1 0  1 0  0 1  0 0
    60  -.4142574354520862E-05   3   0 1  1 0  0 1  0 0
    61  0.4381998233926535E-09   3   0 0  2 0  0 1  0 0
    62  -.4142589105581757E-05   3   1 0  0 1  0 1  0 0
    63  -.5719450443043692E-05   3   0 1  0 1  0 1  0 0
    64  0.2483833313969817E-05   3   0 0  1 1  0 1  0 0
    65  0.2982722683410111       3   0 0  0 2  0 1  0 0
    66  0.1036456315840727E-10   3   2 0  0 0  0 0  1 0
    67  -.8286217496578149E-06   3   1 1  0 0  0 0  1 0
    68  0.9951136391098664E-01   3   0 2  0 0  0 0  1 0
    69  -.2824572721396884E-11   3   1 0  1 0  0 0  1 0
    70  -.1382098812072815E-05   3   0 1  1 0  0 0  1 0
    71  0.1598041108215480E-10   3   0 0  2 0  0 0  1 0
    72  -.1382105300902332E-05   3   1 0  0 1  0 0  1 0
    73  -.2857375163953152E-05   3   0 1  0 1  0 0  1 0
    74  0.8287010272708074E-06   3   0 0  1 1  0 0  1 0
    75  0.9951346917256643E-01   3   0 0  0 2  0 0  1 0
    76  0.3244778271546924E-09   3   2 0  0 0  0 0  0 1
    77  0.1656123190464886E-05   3   1 1  0 0  0 0  0 1
    78  0.1041498448680261E-05   3   0 2  0 0  0 0  0 1
    79  -.2655971637639064E-08   3   1 0  1 0  0 0  0 1
    80  0.2762345398779733E-05   3   0 1  1 0  0 0  0 1
    81  -.4526257556073155E-09   3   0 0  2 0  0 0  0 1
    82  0.2762361400807591E-05   3   1 0  0 1  0 0  0 1
    83  0.2871502858508368E-05   3   0 1  0 1  0 0  0 1
    84  -.1656281542098884E-05   3   0 0  1 1  0 0  0 1
    85  -.1041547148661869E-05   3   0 0  0 2  0 0  0 1
    86  -.1749893181046594E-08   3   1 0  0 0  0 2  0 0
    87  -.3387693604423774E-08   3   0 1  0 0  0 2  0 0
    88  -.6050512203011117E-08   3   0 0  1 0  0 2  0 0
    89  -.1140465155830710E-07   3   0 0  0 1  0 2  0 0
    90  0.7276381514249462E-09   3   1 0  0 0  0 1  1 0
    91  -.2341165205149980E-09   3   0 1  0 0  0 1  1 0
    92  0.2994792761063510E-08   3   0 0  1 0  0 1  1 0
    93  -.2853953971212546E-09   3   0 0  0 1  0 1  1 0
    94  0.3619087964413747E-09   3   1 0  0 0  0 0  2 0
    95  -.1190983112805104E-09   3   0 1  0 0  0 0  2 0
    96  0.1490307814792590E-08   3   0 0  1 0  0 0  2 0
    97  -.1500732055197225E-09   3   0 0  0 1  0 0  2 0
    98  0.1032943549909386E-09   3   1 0  0 0  0 1  0 1
    99  0.7792918322627578E-10   3   0 1  0 0  0 1  0 1
   100  0.6385007272877342E-09   3   0 0  1 0  0 1  0 1
   101  0.2703378138874410E-09   3   0 0  0 1  0 1  0 1
   102  0.1099945987270640E-09   3   1 0  0 0  0 0  1 1
   103  0.7601212008781408E-10   3   0 1  0 0  0 0  1 1
   104  0.2609761188235200E-09   3   0 0  1 0  0 0  1 1
   105  0.1377020871701661E-09   3   0 0  0 1  0 0  1 1
   106  -.1388254926715956E-14   3   1 0  0 0  0 0  0 2
   107  -.7838752714762441E-15   3   0 1  0 0  0 0  0 2
   108  0.7736240613260204E-15   3   0 0  1 0  0 0  0 2
   109  0.5018978764723957E-15   3   0 0  0 1  0 0  0 2
   110  0.1241564859096418       3   0 0  0 0  0 3  0 0
   111  -.7453413442941353E-01   3   0 0  0 0  0 2  1 0
   112  -.2491131252805874E-01   3   0 0  0 0  0 1  2 0
   113  -.2471106235508324E-01   3   0 0  0 0  0 0  3 0
   114  0.5119141812869452E-14   3   0 0  0 0  0 2  0 1
   115  0.4296650127447503E-14   3   0 0  0 0  0 1  1 1
   116  0.2147088768452594E-14   3   0 0  0 0  0 0  2 1
   117  -.7293079051302243E-02   4   4 0  0 0  0 0  0 0
   118  -.1626449771182089E-01   4   3 1  0 0  0 0  0 0
   119  -.1351870630163089E-01   4   2 2  0 0  0 0  0 0
   120  -.4976820489849179E-02   4   1 3  0 0  0 0  0 0
   121  -.1498549994512648       4   0 4  0 0  0 0  0 0
   122  -.1038282226100966E-06   4   3 0  1 0  0 0  0 0
   123  0.7753500517411548E-05   4   2 1  1 0  0 0  0 0
   124  -.9088416318084995E-05   4   1 2  1 0  0 0  0 0
   125  -.3725855885035967E-05   4   0 3  1 0  0 0  0 0
   126  -.1458634803291537E-01   4   2 0  2 0  0 0  0 0
   127  -.1615781320065440E-01   4   1 1  2 0  0 0  0 0
   128  -.4047902576574952E-02   4   0 2  2 0  0 0  0 0
   129  0.9232919798703953E-07   4   1 0  3 0  0 0  0 0
   130  -.2332406404524453E-04   4   0 1  3 0  0 0  0 0
   131  -.7292829580707724E-02   4   0 0  4 0  0 0  0 0
   132  -.7823901417248883E-05   4   3 0  0 1  0 0  0 0
   133  -.9505761440625414E-05   4   2 1  0 1  0 0  0 0
   134  -.1076543789452005E-04   4   1 2  0 1  0 0  0 0
   135  -.1183749731838385E-05   4   0 3  0 1  0 0  0 0
   136  -.1605057194962868E-01   4   2 0  1 1  0 0  0 0
   137  -.1851933275534163E-01   4   1 1  1 1  0 0  0 0
   138  -.4871450750434452E-02   4   0 2  1 1  0 0  0 0
   139  -.3874795094964326E-04   4   1 0  2 1  0 0  0 0
   140  -.4436518116634600E-04   4   0 1  2 1  0 0  0 0
   141  -.1615713565596370E-01   4   0 0  3 1  0 0  0 0
   142  -.4046620616653802E-02   4   2 0  0 2  0 0  0 0
   143  -.4888980501963615E-02   4   1 1  0 2  0 0  0 0
   144  -.2996805798555812       4   0 2  0 2  0 0  0 0
   145  -.4394834021681207E-04   4   1 0  1 2  0 0  0 0
   146  -.3164557111427955E-04   4   0 1  1 2  0 0  0 0
   147  -.1333453852536075E-01   4   0 0  2 2  0 0  0 0
   148  -.1068596284915230E-04   4   1 0  0 3  0 0  0 0
   149  -.5416181475274901E-05   4   0 1  0 3  0 0  0 0
   150  -.4871050599280151E-02   4   0 0  1 3  0 0  0 0
   151  -.1498358274404000       4   0 0  0 4  0 0  0 0
   152  0.4292668681992725E-06   4   3 0  0 0  0 1  0 0
   153  -.7377729591690690E-01   4   2 1  0 0  0 1  0 0
   154  -.9772050706568433E-01   4   1 2  0 0  0 1  0 0
   155  -.3142512355087872E-01   4   0 3  0 0  0 1  0 0
   156  -.7719124260322775E-06   4   2 0  1 0  0 1  0 0
   157  0.4106361109189722E-04   4   1 1  1 0  0 1  0 0
   158  0.2763225172459365E-04   4   0 2  1 0  0 1  0 0
   159  0.4292888359711143E-06   4   1 0  2 0  0 1  0 0
   160  0.7377896794047453E-01   4   0 1  2 0  0 1  0 0
   161  -.7718861390579703E-06   4   0 0  3 0  0 1  0 0
   162  0.2062652901507398E-04   4   2 0  0 1  0 1  0 0
   163  0.5524064720226218E-04   4   1 1  0 1  0 1  0 0
   164  0.6755584351080774E-04   4   0 2  0 1  0 1  0 0
   165  0.1475585784101451       4   1 0  1 1  0 1  0 0
   166  0.1954440607672129       4   0 1  1 1  0 1  0 0
   167  -.2331366223222982E-04   4   0 0  2 1  0 1  0 0
   168  0.9772223263276617E-01   4   1 0  0 2  0 1  0 0
   169  0.9371458857714536E-01   4   0 1  0 2  0 1  0 0
   170  -.2971372104042101E-04   4   0 0  1 2  0 1  0 0
   171  0.3151272018077849E-04   4   0 0  0 3  0 1  0 0
   172  0.2995922787021318E-07   4   3 0  0 0  0 0  1 0
   173  -.2461428788537871E-01   4   2 1  0 0  0 0  1 0
   174  -.4886007678638771E-01   4   1 2  0 0  0 0  1 0
   175  -.1884826564456720E-01   4   0 3  0 0  0 0  1 0
   176  -.2310923845571671E-06   4   2 0  1 0  0 0  1 0
   177  0.1341868179119129E-04   4   1 1  1 0  0 0  1 0
   178  0.1373975253485983E-04   4   0 2  1 0  0 0  1 0
   179  0.2996980722918823E-07   4   1 0  2 0  0 0  1 0
   180  0.2461505130651262E-01   4   0 1  2 0  0 0  1 0
   181  -.2311011342680059E-06   4   0 0  3 0  0 0  1 0
   182  0.6754406602357874E-05   4   2 0  0 1  0 0  1 0
   183  0.2747250651301463E-04   4   1 1  0 1  0 0  1 0
   184  0.4047768676603328E-04   4   0 2  0 1  0 0  1 0
   185  0.4923038925883372E-01   4   1 0  1 1  0 0  1 0
   186  0.9772196790305829E-01   4   0 1  1 1  0 0  1 0
   187  -.8188547709514509E-05   4   0 0  2 1  0 0  1 0
   188  0.4886110289888457E-01   4   1 0  0 2  0 0  1 0
   189  0.5620853202855342E-01   4   0 1  0 2  0 0  1 0
   190  -.1508230004744646E-04   4   0 0  1 2  0 0  1 0
   191  0.1885921101240467E-04   4   0 0  0 3  0 0  1 0
   192  -.7855312710226524E-06   4   3 0  0 0  0 0  0 1
   193  0.4919530412354342E-01   4   2 1  0 0  0 0  0 1
   194  0.4885988497627348E-01   4   1 2  0 0  0 0  0 1
   195  0.1251208792083295E-01   4   0 3  0 0  0 0  0 1
   196  0.1091403744289541E-05   4   2 0  1 0  0 0  0 1
   197  -.2697397091028745E-04   4   1 1  1 0  0 0  0 1
   198  -.1369197945434761E-04   4   0 2  1 0  0 0  0 1
   199  -.7855642758426816E-06   4   1 0  2 0  0 0  0 1
   200  -.4919709354343481E-01   4   0 1  2 0  0 0  0 1
   201  0.1091386118601438E-05   4   0 0  3 0  0 0  0 1
   202  -.1358824600352778E-04   4   2 0  0 1  0 0  0 1
   203  -.2738234707543448E-04   4   1 1  0 1  0 0  0 1
   204  -.1058846533004808E-04   4   0 2  0 1  0 0  0 1
   205  -.9839487902383540E-01   4   1 0  1 1  0 0  0 1
   206  -.9772218086844842E-01   4   0 1  1 1  0 0  0 1
   207  0.1612050863738574E-04   4   0 0  2 1  0 0  0 1
   208  -.4886124870260852E-01   4   1 0  0 2  0 0  0 1
   209  -.3753703994225560E-01   4   0 1  0 2  0 0  0 1
   210  0.1522028703612526E-04   4   0 0  1 2  0 0  0 1
   211  0.3827312163830157E-05   4   0 0  0 3  0 0  0 1
   212  -.1302613827545850E-04   4   2 0  0 0  0 2  0 0
   213  -.1148562382765791E-04   4   1 1  0 0  0 2  0 0
   214  -.3728222145580175       4   0 2  0 0  0 2  0 0
   215  -.7573547233053975E-05   4   1 0  1 0  0 2  0 0
   216  -.1160288086578218E-05   4   0 1  1 0  0 2  0 0
   217  0.1302601965015342E-04   4   0 0  2 0  0 2  0 0
   218  -.1160268030328270E-05   4   1 0  0 1  0 2  0 0
   219  0.3964041636804186E-05   4   0 1  0 1  0 2  0 0
   220  0.1148539411173698E-04   4   0 0  1 1  0 2  0 0
   221  -.3728196979905108       4   0 0  0 2  0 2  0 0
   222  -.5212031245111942E-05   4   2 0  0 0  0 1  1 0
   223  -.5972116116885694E-05   4   1 1  0 0  0 1  1 0
   224  -.1491692735455856       4   0 2  0 0  0 1  1 0
   225  -.3029134522752666E-05   4   1 0  1 0  0 1  1 0
   226  -.8642593546342103E-06   4   0 1  1 0  0 1  1 0
   227  0.5211978421415929E-05   4   0 0  2 0  0 1  1 0
   228  -.8642457104251270E-06   4   1 0  0 1  0 1  1 0
   229  0.3290534695806418E-05   4   0 1  0 1  0 1  1 0
   230  0.5971964917962483E-05   4   0 0  1 1  0 1  1 0
   231  -.1491681831227726       4   0 0  0 2  0 1  1 0
   232  -.2609505554790318E-05   4   2 0  0 0  0 0  2 0
   233  -.2987745202755016E-05   4   1 1  0 0  0 0  2 0
   234  -.7468460372068472E-01   4   0 2  0 0  0 0  2 0
   235  -.1516601450637998E-05   4   1 0  1 0  0 0  2 0
   236  -.4320363252059509E-06   4   0 1  1 0  0 0  2 0
   237  0.2609483406888726E-05   4   0 0  2 0  0 0  2 0
   238  -.4320316965469950E-06   4   1 0  0 1  0 0  2 0
   239  0.1644610414225052E-05   4   0 1  0 1  0 0  2 0
   240  0.2987673742873691E-05   4   0 0  1 1  0 0  2 0
   241  -.7468405792011086E-01   4   0 0  0 2  0 0  2 0
   242  0.1042135306634301E-04   4   2 0  0 0  0 1  0 1
   243  0.8500217870045486E-05   4   1 1  0 0  0 1  0 1
   244  0.9968980108129224E-06   4   0 2  0 0  0 1  0 1
   245  0.6059596914620448E-05   4   1 0  1 0  0 1  0 1
   246  0.7280928322675270E-06   4   0 1  1 0  0 1  0 1
   247  -.1042116596818464E-04   4   0 0  2 0  0 1  0 1
   248  0.7280677570516958E-06   4   1 0  0 1  0 1  0 1
   249  -.2332712462581949E-05   4   0 1  0 1  0 1  0 1
   250  -.8499918509087417E-05   4   0 0  1 1  0 1  0 1
   251  -.9967854221232134E-06   4   0 0  0 2  0 1  0 1
   252  0.3477027016139632E-05   4   2 0  0 0  0 0  1 1
   253  0.3408748754377919E-05   4   1 1  0 0  0 0  1 1
   254  0.3159054982601269E-06   4   0 2  0 0  0 0  1 1
   255  0.2020759487280022E-05   4   1 0  1 0  0 0  1 1
   256  0.4093491879736155E-06   4   0 1  1 0  0 0  1 1
   257  -.3476968401969110E-05   4   0 0  2 0  0 0  1 1
   258  0.4093398293345938E-06   4   1 0  0 1  0 0  1 1
   259  -.1495884025480878E-05   4   0 1  0 1  0 0  1 1
   260  -.3408608031641022E-05   4   0 0  1 1  0 0  1 1
   261  -.3158416817271776E-06   4   0 0  0 2  0 0  1 1
   262  -.3461477011768126E-10   4   2 0  0 0  0 0  0 2
   263  -.4004726055473960E-10   4   1 1  0 0  0 0  0 2
   264  -.1166693162992000E-10   4   0 2  0 0  0 0  0 2
   265  0.3831524487586584E-10   4   1 0  1 0  0 0  0 2
   266  0.1810684738325425E-10   4   0 1  1 0  0 0  0 2
   267  -.2687043557687636E-10   4   0 0  2 0  0 0  0 2
   268  0.2250508534516080E-10   4   1 0  0 1  0 0  0 2
   269  0.1110062683239339E-10   4   0 1  0 1  0 0  0 2
   270  -.3183873013230815E-10   4   0 0  1 1  0 0  0 2
   271  -.9423264214211929E-11   4   0 0  0 2  0 0  0 2
   272  0.1036750773275414E-08   4   1 0  0 0  0 3  0 0
   273  -.8192249459119427E-04   4   0 1  0 0  0 3  0 0
   274  0.4535800758231072E-08   4   0 0  1 0  0 3  0 0
   275  0.2384412047274312E-04   4   0 0  0 1  0 3  0 0
   276  -.1303509258968180E-08   4   1 0  0 0  0 2  1 0
   277  -.3511664623632619E-04   4   0 1  0 0  0 2  1 0
   278  -.3155626575544847E-08   4   0 0  1 0  0 2  1 0
   279  0.1021559441418155E-04   4   0 0  0 1  0 2  1 0
   280  -.6619580487666841E-09   4   1 0  0 0  0 1  2 0
   281  -.2107762800333607E-04   4   0 1  0 0  0 1  2 0
   282  -.1198463151353544E-08   4   0 0  1 0  0 1  2 0
   283  0.6131546656299249E-05   4   0 0  0 1  0 1  2 0
   284  -.4327548555195934E-09   4   1 0  0 0  0 0  3 0
   285  -.1173063440041364E-04   4   0 1  0 0  0 0  3 0
   286  -.1046625066781665E-08   4   0 0  1 0  0 0  3 0
   287  0.3412495373203525E-05   4   0 0  0 1  0 0  3 0
   288  0.1755393280609935E-09   4   1 0  0 0  0 2  0 1
   289  0.4830467280212487E-10   4   0 1  0 0  0 2  0 1
   290  -.1746047348532560E-09   4   0 0  1 0  0 2  0 1
   291  -.1599962891998302E-09   4   0 0  0 1  0 2  0 1
   292  0.3369591619502232E-09   4   1 0  0 0  0 1  1 1
   293  0.1364593090234313E-09   4   0 1  0 0  0 1  1 1
   294  0.4050640043535215E-09   4   0 0  1 0  0 1  1 1
   295  0.4892664995238033E-10   4   0 0  0 1  0 1  1 1
   296  0.1682384668365720E-09   4   1 0  0 0  0 0  2 1
   297  0.5086673383936338E-10   4   0 1  0 0  0 0  2 1
   298  0.2020225338285459E-09   4   0 0  1 0  0 0  2 1
   299  0.3859368752420062E-10   4   0 0  0 1  0 0  2 1
   300  0.2081916271520289E-14   4   1 0  0 0  0 1  0 2
   301  0.1567750492903443E-14   4   0 1  0 0  0 1  0 2
   302  -.1160176341044452E-14   4   0 0  1 0  0 1  0 2
   303  -.1003792380607587E-14   4   0 0  0 1  0 1  0 2
   304  0.6945935819116239E-15   4   1 0  0 0  0 0  1 2
   305  0.7838738018567426E-15   4   0 1  0 0  0 0  1 2
   306  -.3870717816075889E-15   4   0 0  1 0  0 0  1 2
   307  -.5018935997109726E-15   4   0 0  0 1  0 0  1 2
   308  -.1086432168734286       4   0 0  0 0  0 4  0 0
   309  0.6210335123393526E-01   4   0 0  0 0  0 3  1 0
   310  0.1864613970064473E-01   4   0 0  0 0  0 2  2 0
   311  0.1248054101829520E-01   4   0 0  0 0  0 1  3 0
   312  0.1541315566692916E-01   4   0 0  0 0  0 0  4 0
   313  -.1846744832158410E-14   4   0 0  0 0  0 3  0 1
   314  0.6154227923046912E-14   4   0 0  0 0  0 2  1 1
   315  0.7569290789740366E-14   4   0 0  0 0  0 1  2 1
   316  0.1825046988782999E-14   4   0 0  0 0  0 0  3 1
   ----------------------------------------------------
     I  COEFFICIENT            ORDER EXPONENTS
     1   1.000000000000000       1   0 0  0 0  0 1  0 0
     --------------------------------------------------
     I  COEFFICIENT            ORDER EXPONENTS
     1   1.000000000000000       1   0 0  0 0  0 0  1 0
     --------------------------------------------------
     I  COEFFICIENT            ORDER EXPONENTS
     1   1.000000000000000       1   0 0  0 0  0 0  0 1
     --------------------------------------------------
